0,1,2,3,4,5,6,7,8,9,10,11,12,13,14,15,16,17,18,19,20,21,22,23,24,25,26,27,28,29,30,31,32,33,34,35,36,37,38,39,40,41,42,43,44,45,46,47,48,49,50,51,52,53,54,55,56,57,58,59,60,61,62,63,64,65,66,67,68,69,70,71,72,73,74,75,76,77,78,79,80,81,82,83,84,85,86,87,88,89,90,91,92,93,94,95,96,97,98,99,100,101,102,103,104,105,106,107,108,109,110,111,112,113,114,115,116,117,118,119,120,121,122,123,124,125,126,127,128,129,130,131,132,133,134,135,136,137,138,139,140,141,142,143,144,145,146,147,148,149,150,151,152,153,154,155,156,157,158,159,160,161,162,163,164,165,166,167,168,169,170,171,172,173,174,175,176,177,178,179,180,181,182,183,184,185,186,187,188,189,190,191,192,193,194,195,196,197,198,199,200,201,202,203,204,205,206,207,208,209,210,211,212,213,214,215,216,217,218,219,220,221,222,223,224,225,226,227,228,229,230,231,232,233,234,235,236,237,238,239,240,241,242,243,244,245,246,247,248,249,250,251,252,253,254,255
12.55272505103306,26.60865478003869,17.16003343634799,13.979400086720377,19.912260756924947,11.139433523068368,54.626569997745904,56.63154180511586,57.84464656586667,58.95534144276564,59.6586181605217,60.05148325455191,60.16554098273762,59.81973005601275,59.27321592007761,59.0273426274039,57.24587957811962,55.71820592950666,54.65039146898996,51.5816942941952,47.338470163943455,45.036272813564125,48.39465477163864,52.03296757743472,53.17449042174265,55.20856747678442,56.325787561715046,57.03983118131511,57.58566740849673,57.54694562806591,57.0988025857601,56.07096716542081,13.010299956639813,53.47979507222684,51.69909441901069,50.62393937253195,52.41372130158435,52.918503927056406,55.18092601516532,56.931225603311326,58.073185033320215,59.18292512755356,59.70040344026864,59.62645832124801,59.561155816924526,59.06646372136138,58.1326399137173,55.91243855701013,53.46919925845621,51.91680118422937,41.61547673125728,34.66719371681599,46.79909169753503,50.282865094262775,52.458900438973416,54.42794792655853,55.7723896226884,57.00069980960542,57.0222799080225,21.13943352306837,16.989700043360187,18.573324964312683,11.139433523068368,13.010299956639813,16.020599913279625,12.30448921378274,6.989700043360188,10.0,15.05149978319906,14.14973347970818,53.66594773094043,54.113856625505846,54.7541692817638,54.16848452988365,53.50769246568348,52.37065952555404,51.4096660689554,49.94321552794073,48.45048403522757,48.06952872870882,47.29917670065806,48.08089380466097,51.45137335560573,52.09635635146629,52.74400339641551,51.14597641646821,51.69583334322446,51.66163593747834,53.25460244179848,52.897850987675625,53.214347884608834,53.52753481145274,53.32858411470549,53.99848442277308,54.02029123310338,53.40826680697754,16.989700043360187,52.331205395222426,52.69256027417774,51.67465028843088,48.15272173779829,48.4067056133341,46.54378716189588,45.37189226243645,47.31145381297382,48.82011961626659,50.5065811051804,51.73535895009906,52.904798133306734,53.21656415366263,53.25720858019413,52.06839363228693,50.79557471591077,51.61861918436017,47.88910422834653,46.021034186048254,45.21203484574863,47.61987944223947,49.33289836387289,50.433622780211294,51.52694922783396,51.78407101369325,51.68606485418417,24.84299839346786,13.010299956639813,61.12216442500576,59.694201061645664,41.1965172203987,71.74214328563745,54.037191944157605,42.39999792886872,81.25846599267591,12.30448921378274,16.989700043360187,43.9026372702938,47.29334909058129,51.83192945393173,54.84826369084443,57.29354347028909,58.94407454329805,60.09643353540224,60.93043614400345,61.35579442534359,61.691669710671874,61.359343217709146,60.74827041980407,59.9710885409423,58.37414811988821,56.084329605014574,52.47121017215997,45.76341350205793,39.105176855172665,49.57176130404847,54.323679136974405,57.16394032884709,59.03563652448584,60.13252346695138,61.07713527059197,61.30105301683909,61.06009251408943,17.24275869600789,59.62854508231973,58.50673798838229,56.35364098290004,52.897784134227805,50.69135074843169,52.059645259046086,55.12296078640809,58.13773743183074,59.98908550507569,61.54816395544434,62.64555751085918,63.40494283861882,63.71396692720936,63.70642599956905,63.45457248238815,62.75814475968299,61.90410424421073,60.36003348414088,58.21535799345621,55.04737202462507,50.08570366215898,43.217640810754965,49.90574144899216,54.88952394088463,57.316314673684666,59.371456233834365,19.030899869919438,18.63322860120456,20.253058652647702,15.314789170422552,15.314789170422552,17.24275869600789,14.62397997898956,20.170333392987803,16.127838567197355,17.634279935629372,18.63322860120456,53.00258437998421,56.42489251569933,58.843563178179295,60.697879367744335,62.17431299267857,63.22388429836029,63.8614728544743,64.11456899185713,64.07029890594254,63.80716358057321,63.11555947163605,62.033410831773175,60.646470159403485,58.565869211401264,55.22063243652365,50.4917148862561,48.34198094562075,52.40334543923451,55.83357494902508,58.460029108959965,60.14827040800189,61.31149154500263,62.03440323112436,62.18141468157678,61.906465175835336,61.68461241697946,28.88179493918325,59.57249457241162,56.91825611815092,53.216315656424186,50.4036891332774,49.314985521074135,52.92118670756878,56.55085586028471,58.881485921766526,60.652319158594594,61.81116679568933,62.39041078404519,62.72491864479949,62.69073056726835,62.39512193774311,61.619070912092624,60.485493927015725,59.33667953214098,56.71562514278588,53.49022899920468,47.4401901732498,37.67897616018091,44.07186882630821,50.99269627575791,54.5173272087096,56.90622188566167,57.87150052049096,6.989700043360188,18.325089127062363,16.989700043360187,13.010299956639813,15.05149978319906
16.020599913279625,26.60865478003869,0.0,11.139433523068368,16.532125137753436,12.30448921378274,53.86969567747578,56.16315840618526,58.148393515887726,59.01854835917446,59.77211292898241,60.04375119773913,60.31187018616886,60.140603797257725,59.791995243889005,58.7421037131415,58.358439739800346,56.81141700151075,53.53531559077762,50.616409340616855,46.13344899234744,45.78008509573256,46.43807863051229,50.11303949461117,53.44614277007898,55.2553198062993,56.359861118008325,57.082729938559886,57.5828345113316,57.347910316373,56.816192709086906,56.69150384603368,23.54108439147401,54.57671508036502,51.199977800035015,49.93771191449334,51.50228213092831,53.24504691337138,55.31265549406566,57.03058258524351,58.17565369559781,58.89997137340825,59.55395717763863,59.8272881066672,59.48579217876342,58.90926562934483,57.96303682043654,57.58762057655972,55.85231677480836,51.87591217465447,49.30235652766285,42.415464805965485,35.12817758564873,46.5748610775906,52.51377809003012,54.710231283966586,55.71416487014196,56.069238942029,56.67942075862757,16.127838567197355,12.041199826559248,16.989700043360187,13.010299956639813,15.68201724066995,24.082399653118497,3.0102999566398125,0.0,20.043213737826427,19.030899869919438,19.86771734266245,54.32536383264256,54.65564265357028,54.481898052004205,54.3565647069307,54.25066090975136,53.22072437010309,51.9079376575544,50.255884744184776,48.27013678162477,49.29071351080371,46.35845508170193,47.58139463082176,49.83869748486738,50.403530832406446,50.53097659628283,52.12262200730183,52.31841537884141,52.52348082504733,51.53781338564213,51.933389087700654,51.968529467604505,52.83692369936525,53.21776502324557,53.89283062224571,54.06434574426909,53.78179790380951,12.30448921378274,53.28919587028904,53.1667681035228,52.05648178838479,50.782102370072295,49.09711106722524,46.59773629247788,44.61858538808528,44.80711021908802,47.52424929361883,49.34750874663579,50.68668143285899,52.18601143315632,52.71388496323135,53.01066909126143,52.6492402334799,52.10652875437407,51.82329040616706,50.39671843067696,48.76523817986482,47.504312486602025,47.46579714133383,46.44487826413858,47.61273650111509,49.36056084782879,51.49037348564266,51.79488595571469,27.17670503002262,26.24282095835668,61.12216442500576,59.694201061645664,41.1965172203987,71.74214328563745,54.037191944157605,42.39999792886872,81.25846599267591,3.0102999566398125,12.55272505103306,47.57638922804895,51.17884179630715,54.3093247258941,56.619810721001,58.55832195188231,59.77607015858634,60.67331280208168,61.13951704043491,61.30360147062418,61.2137105083216,60.559823298132,59.58063846260927,58.280673312912285,56.18780024506215,52.70525117598772,45.94282028811806,37.81755374652469,49.37181760468306,53.8929723921831,56.94809576319802,58.899534954460925,60.16552008009177,60.96356890909867,61.41043510259341,61.3657662381938,60.86264773857358,26.63700925389648,58.74677756849877,57.1481995070668,54.5213158546847,51.35908279619304,51.24063838301461,54.18450450829583,57.20540487988746,59.513399477291806,61.297684962528464,62.40270861176442,63.15527433037187,63.61528770235154,63.703494813150805,63.4761587241746,63.01280511313223,62.09800161238497,61.01539841305387,58.76869947528259,55.927761364881874,51.3616863089015,43.60688062030678,46.69595781024313,53.13219512340804,56.7875139699344,59.12794182768249,60.48591721920203,18.69231719730976,10.0,22.671717284030137,19.138138523837167,13.979400086720377,21.64352855784437,16.989700043360187,21.33538908370217,11.139433523068368,18.69231719730976,10.0,54.46801142847092,57.52866303132648,60.08222767717631,61.55812285362905,62.88150145035088,63.46728809076421,63.968624913498616,64.13758632888462,64.02024821043452,63.501630899488966,62.88912906980525,61.64981235577227,59.47570949024913,56.97218877706358,52.98348652804057,49.31788296963379,49.40142791106066,53.76133312219842,57.09274202112172,59.49505640454141,60.76039004615726,61.818530166042,62.00560780661121,62.307515447180094,61.996816919198494,61.33151702786749,39.92686039162128,59.04569493936029,55.76392034137302,51.39416221796662,49.9202302776385,51.01533997492346,54.49942529914968,57.45422244363553,59.40142791106066,60.93753933413552,61.982720984693465,62.53455530061185,62.67786582598027,62.51508034244084,62.22033806491724,61.87601086080391,60.73135968783616,58.81380661927793,57.1412597920397,53.92151544978823,48.75969436284148,35.81608366032058,47.003315524955255,52.25838901331899,55.18162413933304,56.75727945930595,57.97239833759866,17.16003343634799,6.020599913279624,15.68201724066995,21.70261715394957,17.24275869600789
17.853298350107668,26.60865478003869,18.69231719730976,10.0,19.294189257142925,3.0102999566398125,53.67693160446649,56.03569794439754,57.95692361591331,59.06015939076479,59.803692980687785,60.06964232329209,60.198313522638784,60.12192894859204,59.78582201932075,58.84347815770889,58.14365478693772,56.87090878754799,54.3646956726308,51.78815854565608,47.99409479615127,42.12853189947111,43.7883379374007,48.46293804252976,53.08711643242391,54.85357943083763,56.36272200041859,57.28080943165814,57.576821740504016,57.9135444936416,57.618654698559,57.19704089747535,22.671717284030137,54.84659940846383,53.42114617317792,52.16134220073967,50.5307844348342,53.01977893904824,54.95828686511949,56.00377101028358,57.64340550120468,58.117284562831216,58.86789552309233,59.3297778134442,59.315738026869134,58.95820742977566,58.20027969855718,57.260463080080974,55.78103746697848,52.557017618823,50.15699177303404,44.21110129793434,39.38319543342156,47.92307624366159,51.87751907003503,54.2631114702281,55.69861777802327,56.205909406174726,56.74872158639874,13.010299956639813,16.020599913279625,17.24275869600789,18.129133566428557,6.989700043360188,13.010299956639813,18.325089127062363,6.989700043360188,22.50420002308894,18.325089127062363,22.92256071356476,53.52539457963533,54.083078185237525,53.4964656951508,53.56958492548144,53.351368253716245,53.02817775635442,52.18159864508579,50.72889284800773,49.67964287490389,48.29072087319047,49.30123443830713,49.43123376887444,47.76643080505562,48.97764504511617,50.23795502650217,52.91781633636036,52.89339183700867,53.31607455925639,52.02000347212285,52.53621464443451,52.44727266895793,52.48659743048336,52.83888937976056,53.07273485204605,53.300503563276,54.03369353828906,16.020599913279625,54.13676883149488,52.49389160370364,51.49175989076538,51.87692712511763,48.34051746416144,46.23176901951712,44.757873719746414,43.28787200354535,45.34546439654068,47.84374761667443,49.95920243872658,51.14110356531892,52.078927670684905,52.7932466544261,53.85422150904383,54.11121159584842,52.38953908602218,52.9130223575985,51.86956335465412,50.45655419363592,48.19550515711442,46.69958084060207,47.15309589010182,48.44607630887449,48.94714721525949,49.72337087776285,21.33538908370217,28.280150642239768,61.12216442500576,59.694201061645664,41.1965172203987,71.74214328563745,54.037191944157605,42.39999792886872,81.25846599267591,10.0,10.0,50.22906532929159,53.747061972430046,56.472313318323096,58.26837065603377,59.61100119670299,60.60893040172543,61.16678460497073,61.413751373220265,61.31536865588007,60.72958311699534,60.04639453229751,58.6912900280879,56.55788429050502,53.64832304539174,48.706438130432005,42.93539330731757,47.99788400067556,53.09843004716071,56.160194491037394,58.25948385163096,59.54633198689236,60.37608544714429,60.89549762647843,60.80097003150863,60.501263761406165,59.847513784884185,18.325089127062363,56.568644915489166,53.49506758901512,49.72151905336013,49.03719257879484,53.08269804377776,56.79047040568352,59.282749704613806,61.01520590800593,62.39297476611696,63.224959142472414,63.75144344601012,63.84396429207227,63.8096806385018,63.439481230116655,62.758282834406415,61.62351986372983,60.07360238355618,57.64285252921987,54.35031691929144,48.825074618204106,45.07586039763011,50.706177706190296,54.94769409143178,57.85678554471912,59.84887650737405,60.99632306760336,15.68201724066995,22.380461031287957,21.072099696478684,17.16003343634799,47.41467697685545,16.020599913279625,20.37426497940624,25.514499979728757,6.020599913279624,20.253058652647702,21.13943352306837,56.07777675278693,58.777979429291314,60.864000544483936,62.20983381433692,63.1597391211193,63.80712200886524,64.03146784040104,64.13975496661993,63.9077583659197,63.21677122383375,62.55747315364052,61.07773169255885,58.946820674101616,56.056928283323714,52.31112629056352,48.55034316675884,50.79271714641203,54.69150180378983,58.21380534016469,59.87759637137871,61.00440164525477,61.90234181106868,62.09399723545175,62.254152573291165,61.78887490674061,61.173816786210224,33.51216345339342,58.29677426998455,55.81938286281986,51.77276711258586,48.20188318757885,51.84160301805829,55.33986738397811,57.74922604353684,59.878556689484896,61.14694366104735,61.97472983774367,62.69371191650841,62.700153610308845,62.68320501218538,62.24652172962404,61.72678809369417,60.53780817341511,58.68914686447695,56.823120805988864,53.312349090388736,47.77919564871666,30.66325925362037,47.73859552376688,52.77629839937456,55.43732887887258,56.585884815626684,57.80652806449368,17.24275869600789,10.0,18.69231719730976,20.681858617461614,16.020599913279625
14.62397997898956,26.60865478003869,12.041199826559248,11.139433523068368,11.139433523068368,13.979400086720377,53.68697735817045,56.16675022956646,57.88437776485131,59.02460890310743,59.6987233401152,60.027123672826825,60.1979815826745,60.12847765705449,59.77798571760383,58.921525047613486,58.09968903272764,56.72786638438446,54.773441353525705,52.22271546573021,48.97462138013063,41.9228861256812,44.42730552661372,48.75072844423471,52.92205105238081,54.66867620354109,56.129575397782006,57.1218654396046,57.29609389783559,57.69823946963705,57.45494042635989,56.634342375836496,15.05149978319906,54.340272950225305,53.10100398452119,52.09721389421045,50.38481070082327,53.17131107558855,54.76010938034237,56.004904412031976,57.695139448560326,58.44517558905756,59.0613886451183,59.46336798077312,59.52519289058259,59.17875578692687,58.50416469999026,57.43509764728429,55.955072443882806,53.26192438127772,50.07380733692565,44.63190984099011,39.28242183157309,47.16479136478039,50.8466562974658,53.38173512364787,55.15016325332784,55.932860670204576,56.56435535996352,0.0,19.54242509439325,18.129133566428557,12.30448921378274,6.020599913279624,15.314789170422552,15.563025007672874,13.979400086720377,19.912260756924947,17.16003343634799,12.041199826559248,53.876407191080375,54.32677526486072,53.98747046096026,54.27390346018256,53.70300238702363,53.42114617317792,52.44549242897895,51.41136090120739,50.12347840729423,48.2588029893618,49.02959679100212,49.27421695050419,47.054018151292624,48.46609234225858,49.67702385381606,52.00754767724519,52.36522146568529,52.608771868696,51.90051417759207,52.48978095892653,52.57011024154878,52.52855457199272,53.10672074930124,52.99925484356009,53.44392273685111,54.26358336760916,20.170333392987803,54.38265387871762,52.61436551850959,51.88748544568015,52.2346998116192,49.10309507284359,47.09948016510761,46.21612435137533,44.500334475925285,45.394775728051,47.1575271682286,49.48960379441304,50.734837313138286,51.73690223859615,52.41172786770047,53.530309757652816,53.538797017384766,51.88886317201094,52.48566641969275,51.20814042826397,49.83468415164064,47.15944876980737,46.26381433469527,47.15418322595056,48.29696069129696,48.96272621303674,49.7500879735575,27.17670503002262,17.24275869600789,61.12216442500576,59.694201061645664,41.1965172203987,71.74214328563745,54.037191944157605,42.39999792886872,81.25846599267591,12.55272505103306,16.020599913279625,50.39909606374096,53.69269676895651,56.36768642669032,58.2799441377252,59.53273434912742,60.43014703387208,61.04229257787886,61.21325071327773,61.12288883661045,60.53570493158652,59.77871697312629,58.486238098754185,56.252074666214575,53.05802629184904,47.55912950008896,38.237349883987314,47.93860201342669,53.23790250507372,56.46066355258976,58.42450093942176,59.68910961272546,60.53018483646117,61.07872103018351,61.0158555783471,60.73633682156407,60.11707856818454,20.37426497940624,57.20549579413796,54.210327173554525,51.08348498996003,50.43173584228276,53.53943145193708,56.68282456540305,59.19237653201911,60.93116871606861,62.30424906784159,63.05424032444237,63.54517559325221,63.75933615465862,63.64647223599148,63.33431151896537,62.56802624699251,61.43651714821732,59.84151362178356,57.42311058397805,53.76536810332888,47.61627184561583,43.7454672793896,50.98082760446179,55.22731060048578,57.99707132258446,59.96638614688433,61.08071257440108,18.63322860120456,21.70261715394957,15.05149978319906,20.96910013008056,21.95899652409233,13.979400086720377,13.010299956639813,22.04119982655925,16.989700043360187,16.020599913279625,22.30448921378274,56.17570633663249,58.80999270617685,60.77219965567356,62.26132626256701,63.09525413182921,63.75724319515035,64.07071227696167,64.07448863193466,63.90826696495522,63.21894279513744,62.3401715205793,61.01764252976921,58.87154631611988,56.123737315094544,52.01795727470006,47.30984038495525,50.50476427265063,54.9423532074584,58.11738505728392,59.763155826188765,61.16757795361462,61.70181011287064,62.12421207983493,62.00920504657052,61.461137657679686,60.72219374574803,36.92406234833631,57.81548586899432,55.05589479023129,52.66958049911004,49.13813852383717,52.03468051862646,55.29847251446424,57.63335883414233,59.79313865217924,61.09379407436667,61.97556213153536,62.49917100780094,62.77539538254729,62.75422160376361,62.2580533487163,61.57139015524735,60.50880665541715,58.614537572148194,56.5788252093272,53.37013756225038,47.2106830179716,31.82414652434554,47.56940236046725,52.61348529392539,55.24881429728978,56.72823539530043,57.786041280829565,20.96910013008056,0.0,15.314789170422552,17.853298350107668,6.989700043360188
18.69231719730976,26.60865478003869,15.68201724066995,10.0,13.010299956639813,13.010299956639813,53.74713527757218,56.19635859719037,58.02120082105942,59.05800735806984,59.74769521713888,60.11398298623617,60.31383415847544,60.17611734887959,59.76856436911292,58.54593856318445,58.31048379713499,56.76902934826016,53.533256196528896,50.50476427265063,46.60685274789785,43.32054495108195,45.3504081325116,49.300520230467406,53.68487711284387,55.27753599188921,56.47768186667385,57.30967094023554,57.5624803616373,57.56481681879769,57.249971824087496,57.069992572693344,22.55272505103306,54.53036874968677,52.301269131797845,51.68806741911509,51.033144366937066,53.627877307547706,55.40829814111079,56.81025846291523,58.21343183440086,58.5967377710496,59.22842188132897,59.58602581006123,59.26141719146016,58.677090227674825,57.74111678464407,57.17241820891182,55.70358442289202,51.03875527492745,49.255183581774304,42.47801477510172,38.32828129539354,48.78136734234723,53.11136936772981,55.116186947880095,56.20802087090344,56.28041355416392,56.83350577865265,17.16003343634799,20.043213737826427,17.853298350107668,6.989700043360188,6.989700043360188,12.041199826559248,9.030899869919436,16.020599913279625,12.55272505103306,14.62397997898956,12.30448921378274,54.20275984498936,54.44625549699153,53.78125245619373,53.97502019050406,53.184410903441005,52.93028693762344,51.698653876162346,49.660713008959874,48.48145993412557,48.23298128141233,48.53801602916266,49.36292517657562,48.56003453997221,49.2854434738547,50.61622092243773,52.92862773342301,53.18985231568206,53.47915186501691,51.977545764921175,52.48233274474952,52.26097018175195,52.6253888902878,53.23262415832592,53.42588470702879,53.73347918837997,54.10676026754955,16.127838567197355,53.726193076543694,52.11659735833456,51.23959384878377,50.68779363009561,47.56461138274332,44.945163553737245,43.8246732201583,44.56123003194384,47.47668113597953,49.47595449308788,51.004394752791086,51.840807185263095,52.40454392003018,52.89499765873857,53.65467392854011,53.36461735200977,51.44642693095504,51.57713581756067,50.20734085411515,49.10592391831071,47.41506141058163,46.75640884960831,47.94529870759028,49.48119424380536,50.95413464448447,51.297704289602,19.138138523837167,24.345689040341988,61.12216442500576,59.694201061645664,41.1965172203987,71.74214328563745,54.037191944157605,42.39999792886872,81.25846599267591,11.139433523068368,18.69231719730976,46.82695495898712,51.3433651094868,54.34033689628816,56.86766716735893,58.54670331895336,60.01867354590188,60.8356890559584,61.38447965113293,61.518994461660135,61.22486203895331,60.91429525275041,59.93910829108988,58.46337730782473,56.43347051120848,53.25517715789688,48.14474009285428,41.66755638665237,48.97544622483299,53.67834685712244,56.65597874708497,58.48610886193575,59.850139904280326,60.6431195187621,61.03971251077133,60.99821815651752,60.62988639347932,16.532125137753436,58.42025420160384,56.32519040623217,53.46878895592599,50.02567760370547,50.2639024655699,54.05452231099864,57.35542214182381,59.64712550291128,61.42800099488011,62.58849829106124,63.3478979720439,63.62598572687061,63.78781872804328,63.66809820639095,63.19093144845398,62.38125674654265,61.02654570242146,59.181824181245474,56.47695862406182,51.99999125196797,46.11340875583322,46.43107077494116,52.65489986969784,56.28541161902531,58.98502493749661,60.474076671842845,13.979400086720377,6.989700043360188,15.314789170422552,21.84691430817599,18.129133566428557,18.06179973983887,15.314789170422552,21.70261715394957,16.020599913279625,21.613680022349747,21.072099696478684,54.06185787829722,57.46560253618075,60.163814085055016,61.71617939590617,62.79313708071725,63.6040424413002,63.967438794570455,64.17910084380559,64.0756254860073,63.50788417387659,62.96652907011571,61.76864772098792,59.61508893364798,57.04044075900345,53.4806525336823,49.97425705055229,49.0809880766431,53.36763833629006,57.17287622663004,59.410590140248615,60.81291486932735,61.66758301044065,62.18554672566937,62.57448409796231,61.80381958811496,61.43735630463051,32.67875419318897,58.487634841805935,54.86892158334624,52.43100086323984,48.52723910791206,51.54149979881548,54.67951262377008,57.38710812164428,59.6331409366514,60.80963980035378,61.85447523307736,62.59808345419063,62.687513274793496,62.62232938431095,62.22271546573021,61.76953201513435,60.8673736034264,58.7656017455319,57.3075402138884,54.04012226182245,48.95560658453326,34.03635189790548,47.28970285928124,52.4011973336732,55.222511708305895,56.54312297868315,57.61987944223947,17.24275869600789,17.853298350107668,15.563025007672874,15.314789170422552,18.69231719730976
18.325089127062363,26.60865478003869,10.0,18.06179973983887,47.41467697685545,22.09515014542631,53.65602159378946,56.03053388685173,58.23005120450431,58.97398339278964,59.81887889502024,60.03109680399048,60.26714625285929,60.14725877056176,59.8362673810507,58.82880138140066,58.37136233633208,56.9986979832732,53.90138169803944,50.889330407719065,47.003315524955255,43.490831687795904,44.23999090057728,48.96619900356518,53.37181623447573,55.0194885967128,56.45001527060308,57.22806618952898,57.77671089643447,57.74295747669058,57.46984295274074,57.21339805744698,16.127838567197355,55.27088306091094,53.27616369153069,51.65045389726366,51.14637668173192,52.76967038147092,54.71573324263599,56.16438752219388,57.5689158990821,58.12804435292069,58.99607131572353,59.32078356457207,59.18202866380661,58.7557053686842,57.80670078110583,57.589459385402336,56.07465746402825,52.19982490753239,50.25715383901341,44.73121863290729,36.50695979760612,46.86752423033876,52.36159230579664,54.58361323130022,55.93837448110121,56.117753352811086,56.63007951029556,19.912260756924947,19.54242509439325,18.325089127062363,6.989700043360188,9.030899869919436,13.979400086720377,15.05149978319906,6.989700043360188,6.989700043360188,11.139433523068368,21.613680022349747,53.521690065173,53.91374475533654,53.38631769764124,53.40840549812332,53.43087431996766,52.97055441224384,51.91252546290044,50.3727108036615,48.94985821897357,49.26882406087767,48.282086144679454,49.09475795016992,48.82239848018824,49.717442258094906,50.1378489154674,52.86779712429548,52.89843034111897,53.36779832983642,51.519976980237416,52.32208078396316,52.22104907801443,52.40733908970529,53.1488850803193,53.04372028490833,53.43861363288639,53.80507908258043,16.020599913279625,53.90613680887525,52.85111534672925,51.70965406310841,51.45289659054146,48.82530229850502,46.60353125640189,44.08409578468429,42.49540764501639,45.82631439489636,48.14946433790836,49.72670217315838,51.18915844853855,52.37729680922208,52.80145681354221,53.88612671184348,53.63495400359654,52.595938788859485,52.46621662695988,51.69656803343084,50.24690862355431,48.7368091091634,45.96860890622566,46.423853705276855,47.04399349492888,49.52060740415013,49.82112867639261,10.0,27.664128471123995,61.12216442500576,59.694201061645664,41.1965172203987,71.74214328563745,54.037191944157605,42.39999792886872,81.25846599267591,11.139433523068368,3.0102999566398125,50.46233650481332,53.792148413786265,56.49071865398702,58.11390659679362,59.69249059035121,60.62253977460048,61.15448744294898,61.37045057252194,61.21607439991918,60.82466890590442,59.90225159551413,58.56783249294247,56.74049638798692,53.55800041893026,48.84574480084643,43.32922983374456,47.92405698771716,53.32286935410293,56.162622528786734,58.15048835545048,59.4795152737413,60.35408122990412,60.91951705142395,60.86760122611237,60.48839789156379,59.73844771468667,18.129133566428557,56.48652695131223,53.66290313710706,49.4984358304026,49.43820856087519,52.84042515441173,56.57595993439023,59.23623730695959,60.91515719421342,62.38554156320872,63.30054215423992,63.70334301856828,63.85237950117024,63.80190431269094,63.32649495951043,62.77052640027191,61.519976980237416,60.20915400387068,57.49801223060935,54.36285123084714,48.71806364458729,45.44018407858776,50.24571861263604,55.23147924422204,57.839785743113424,59.87588067007699,60.846924317059134,20.96910013008056,20.644579892269185,19.084850188786497,15.68201724066995,16.020599913279625,13.010299956639813,16.989700043360187,0.0,13.979400086720377,15.68201724066995,21.70261715394957,55.88377045501896,58.48663193962516,61.01471085583999,62.12836163673491,63.280885490179855,63.71877666632828,64.10076737835892,64.13165598345893,63.90078738517072,63.24734215835696,62.52048720547904,61.13662974844284,58.812202671721714,55.75313725880712,51.65092905209146,48.65186915189304,51.04367595601016,54.95023704738559,57.98850830461413,59.91251334943094,61.17144635590623,61.83898474735283,62.34651145037379,61.95542388191521,61.65351179700588,61.45165317350654,33.23252100171687,58.15814088952312,55.13575811855576,52.15174739097536,49.300520230467406,51.94214533604159,55.84146836270542,57.92563271966961,59.81351455480662,61.18003343075503,62.12362885450282,62.60845031243462,62.68991945441342,62.59320985521392,62.06599228475917,61.8033952761452,60.56126996606867,58.59720570196596,56.74920817697361,53.78150700693951,48.46101960297892,33.098430047160704,47.744439689249646,52.86779712429548,55.42433264963165,56.63001345955325,57.71738098362458,20.37426497940624,19.030899869919438,19.86771734266245,11.139433523068368,20.644579892269185
18.69231719730976,26.60865478003869,16.127838567197355,20.863598306747484,10.0,17.853298350107668,54.39681568503029,56.41883423543278,57.76911018079858,58.86538664125201,59.61109619360389,59.999882738906855,60.20100130171684,60.05043593749416,59.56036296457806,59.07184479403917,57.84272001827147,56.44527211951954,54.62688428798376,52.07219529832916,47.78563634290096,44.96597576323709,46.84315630142585,50.74033420211756,52.44259798169347,54.96334505996816,55.9717393920894,57.067527633910935,57.76486162261848,57.68268756935967,57.55475425891507,57.371202542585486,13.979400086720377,55.463871779642346,52.777856464039886,50.91357390494648,52.30147365244535,51.52548231614438,53.7216422584311,56.00464288403466,57.00379172741896,58.4426587954094,59.15388225727085,59.37061291823324,59.28488027623757,59.00218514427834,58.25195601383139,57.11250300529064,55.34137839969369,53.1567861980384,48.37796698146687,39.71739590887778,37.3893903120348,45.93308224336954,51.08903127667314,53.879483541962685,55.28878151719388,56.65206567245696,57.049222912234015,6.020599913279624,13.010299956639813,12.041199826559248,47.41467697685545,16.127838567197355,10.0,3.0102999566398125,19.138138523837167,9.542425094393248,13.010299956639813,11.139433523068368,52.29387435743077,53.12103274552175,54.13319885367183,54.04867911689591,53.80762807215962,52.85289448994014,51.95526053832314,50.60040236302814,49.19668958642109,49.105176855172665,46.724765454206704,47.39366618927826,51.26628109320823,52.053397214315225,52.52340795297383,51.25705674523169,51.83204338591583,51.68241073924385,52.824431022600365,52.243258363194855,52.83174541003473,52.83563535722431,52.84908758617678,53.412069302581614,53.800392994467,53.25172771994175,18.63322860120456,52.87553170735162,53.75109191894228,53.08301836797739,50.29063011929346,50.44528001357354,48.67926878042632,45.00840004617788,44.25403782148611,45.61005923821899,47.86502980070112,49.71243368235365,51.64415318306897,52.983814253764265,53.84885425996748,52.935857225163474,52.59510260787872,53.63784911225572,51.13943352306837,50.20601569978437,48.58645456937789,48.37285336339828,47.71359618595075,47.21192108843725,47.94355577097677,49.36176832545681,49.68940351246718,11.139433523068368,26.28388930050312,61.12216442500576,59.694201061645664,41.1965172203987,71.74214328563745,54.037191944157605,42.39999792886872,81.25846599267591,12.041199826559248,0.0,50.57278031827711,53.85634868178379,56.43010260472767,58.30668848595259,59.76360985270952,60.54160907906572,61.07872103018351,61.26069685635017,61.11985958999394,60.92639952429871,59.79872836244411,58.43283868561207,56.92336565765464,54.052524208130265,49.65690771440101,42.69045709657623,48.24704941028245,53.18839360201031,56.10371602038536,58.19027739689336,59.60986582292431,60.51108125631133,60.77333378408986,60.97419055132444,60.67602327472753,59.56383602746695,17.634279935629372,56.171870266377056,54.06489083959762,50.29257935819956,48.856551740825,53.199654656030944,56.92357732233933,59.18854608687361,61.14384104513651,62.28754682610876,63.12829789359306,63.6601555675006,64.02264994393767,63.92551343495768,63.48044792757763,62.73390225694306,61.51326020152318,60.1866472197672,57.57877130576973,54.29954042831544,49.06383533518843,44.43575879750257,51.16375261179705,55.55177912199068,57.9762826406784,59.60932891103898,60.76649908493047,19.49390006644913,18.63322860120456,16.989700043360187,18.63322860120456,23.117538610557546,19.49390006644913,10.0,9.542425094393248,13.979400086720377,3.0102999566398125,17.16003343634799,56.33041020735067,58.743524958175314,60.8790203841354,62.142189679875806,63.120260042633134,63.62891883239344,64.07270203127047,64.09520770340863,63.838320554890096,63.332658607261735,62.319408398230905,60.97769759397728,59.0631779900198,56.23257562594964,52.20884414612197,49.13416450054413,51.73594138754633,55.63369530955662,57.75966328979767,59.8744325197055,61.00453604611047,61.73776100127994,62.10914563117584,62.17220655644518,61.52572072301216,61.18390729284572,28.836614351536177,58.037847614443415,54.78100208429368,51.06901103609402,48.63394245127093,50.40206627574711,54.850581243785896,57.995955364223605,59.68494622979868,61.252241913971694,62.15819648750961,62.53561396251289,62.709118721512986,62.72139008016397,62.3090469134689,61.64808625753054,60.3248740517989,58.76477646530936,56.39276263772575,53.00814966671371,46.81286474028085,37.89933080931751,46.27713972045861,51.90345707443753,54.927394418424846,57.08701273759679,57.9485387103731,24.424797690644485,12.55272505103306,13.010299956639813,15.314789170422552,13.979400086720377
16.127838567197355,26.60865478003869,11.139433523068368,13.010299956639813,15.68201724066995,13.010299956639813,9.542425094393248,9.542425094393248,0.0,18.69231719730976,18.06179973983887,12.041199826559248,0.0,0.0,15.05149978319906,11.139433523068368,13.010299956639813,12.55272505103306,9.542425094393248,12.55272505103306,10.0,13.010299956639813,15.68201724066995,6.989700043360188,14.14973347970818,9.542425094393248,12.30448921378274,9.542425094393248,9.542425094393248,3.0102999566398125,3.0102999566398125,16.901960800285135,18.129133566428557,12.55272505103306,9.542425094393248,11.139433523068368,12.30448921378274,13.979400086720377,12.55272505103306,11.139433523068368,9.030899869919436,3.0102999566398125,3.0102999566398125,12.55272505103306,6.989700043360188,11.139433523068368,12.041199826559248,15.563025007672874,13.010299956639813,14.14973347970818,12.041199826559248,10.0,0.0,10.0,13.979400086720377,10.0,16.127838567197355,10.0,6.989700043360188,0.0,12.30448921378274,9.542425094393248,11.139433523068368,0.0,13.010299956639813,10.0,11.139433523068368,12.041199826559248,9.030899869919436,9.030899869919436,34.72610197596045,33.53531559077762,31.18264726089479,29.12753303671323,28.432327780980096,16.127838567197355,13.979400086720377,21.5836249209525,28.432327780980096,29.566485792052035,33.760291817281804,32.27886704613673,37.1307032585564,37.36396502276642,36.33165353683903,35.996647787884164,34.959603948817055,37.4671202251666,33.611609951950264,34.95544337546448,31.900514177592058,29.54242509439325,26.28388930050312,21.367205671564065,18.69231719730976,28.432327780980096,19.030899869919438,31.78401341533755,32.304489213782745,32.85557309007774,32.86231854028553,35.565437084835146,33.59835482339888,33.27358934386331,31.64352855784437,27.267272090265724,29.84077033902831,24.653828514484186,12.30448921378274,25.563025007672877,28.60338006570993,29.93436230497612,31.414497734004676,31.70261715394957,34.307198878632825,33.98113691730502,35.11749711344983,34.166405073382805,31.222158782728265,32.10853365314893,32.555137128195334,29.041743682841638,26.28388930050312,16.989700043360187,24.62397997898956,61.12216442500576,59.694201061645664,41.1965172203987,71.74214328563745,54.037191944157605,42.39999792886872,81.25846599267591,48.438305339740864,52.24338790859655,55.19955245719304,57.55216820318383,59.45107014990809,60.81470088471804,61.88885754952639,62.47052174856616,62.90710471011161,62.90751162594048,62.57704727727312,61.88567405470143,60.6850126027733,58.82230734858672,55.98476432225496,51.24598768146196,42.66819454909125,48.91347865430109,54.86063334245172,58.288434985618736,60.44207248909096,61.78175783912547,62.73271955824336,63.19441908792564,63.243682765800656,62.88894820025168,62.15394840516873,60.87142634721972,26.90196080028514,56.42785917704474,52.76748941031243,50.56161343119748,53.8036502710939,57.54443900566042,60.372308221308685,62.22130688917119,63.73652064977677,64.68040261359185,65.35623324669855,65.62216707514186,65.57626646536957,65.26241679420067,64.64327364651118,63.74920197331231,62.356549293802885,60.44944077459278,57.523511954150536,52.8588346992057,44.58819081946029,50.01339900866724,55.82601917815609,59.24064670887708,61.35912408357258,62.73829232013895,63.49874247956465,63.66911707032478,63.501357464550864,23.010299956639813,16.989700043360187,0.0,14.62397997898956,15.314789170422552,9.542425094393248,9.542425094393248,18.129133566428557,20.0,3.0102999566398125,15.314789170422552,18.69231719730976,17.24275869600789,14.62397997898956,0.0,15.314789170422552,47.41467697685545,0.0,13.979400086720377,6.020599913279624,19.86771734266245,14.62397997898956,19.912260756924947,12.30448921378274,11.139433523068368,20.863598306747484,19.54242509439325,22.27886704613673,20.0,12.041199826559248,23.443922736851107,26.45422269349092,25.118833609788744,33.248994970523135,30.480531731156088,35.304558435846765,33.27358934386331,20.37426497940624,22.27886704613673,29.03089986991944,21.64352855784437,25.4282542695918,24.60897842756548,18.06179973983887,18.129133566428557,3.0102999566398125,10.0,19.49390006644913,20.863598306747484,0.0,11.139433523068368,12.55272505103306,6.020599913279624,20.96910013008056,10.0,3.0102999566398125,11.139433523068368,47.41467697685545,11.139433523068368,20.043213737826427,15.68201724066995,18.129133566428557,12.041199826559248,19.294189257142925,6.020599913279624,10.0,11.139433523068368
18.69231719730976,26.60865478003869,17.634279935629372,9.030899869919436,9.030899869919436,23.673559210260187,54.2094046324041,56.3386923550223,57.81498311109601,58.91979889255511,59.63712763442974,59.97708708748089,60.179118963855,60.010592543010574,59.62732910990259,58.94194731335028,57.9667699772552,56.59927603713967,54.413698820215295,51.641386303361685,47.13608131095253,45.182506513085,46.40411864776314,50.43047742804119,52.59292778356547,54.97080380188191,56.13989731546087,57.086120836021614,57.76911018079858,57.67687087809419,57.49291747664839,57.36168537462616,14.62397997898956,55.41745192599485,52.59032133987698,50.806048438003664,52.13081915773124,51.54156070498428,53.64672918373458,56.015483082629615,57.030384677045646,58.36914380219282,59.0603588986756,59.36033440839398,59.15167586522959,58.80339037812436,58.041789738318414,57.21012164307166,55.47859587515056,52.70189542704181,48.52168800449342,40.58805486675907,36.45422269349092,45.85889172397744,51.41944931653694,53.82573519908979,55.36578641845128,56.53694795315082,57.01088528771522,17.16003343634799,16.020599913279625,13.979400086720377,14.62397997898956,10.0,13.010299956639813,20.0,16.532125137753436,14.14973347970818,22.576785748691847,6.020599913279624,52.377447538751845,53.138081860390926,53.98419205312158,53.88181158414673,53.70551946761464,52.802618665280704,51.74748663614962,50.50000598285762,48.87448500249953,49.36403144154413,46.58907694893854,47.385030920054085,51.025743312033775,51.85930098584522,52.18750761097749,51.39841320021639,51.83725258045578,52.03125396035934,52.73207368268184,52.09927666277578,52.36841966823921,52.66008139833758,52.84372071926849,53.45963499854182,53.67901707902276,53.18741390497692,17.24275869600789,52.86907596223202,53.566089889521,52.9399419806371,50.21193435188165,50.48818443088574,48.32617472757271,44.59226579708768,43.591712057167,45.39903732681851,48.11601813344563,49.83175072037813,51.71492427252901,52.734642726213465,53.5951106269911,52.853704997065314,52.63931808798313,53.54517559325221,51.34948076776094,50.23766721957749,48.65370512911088,48.34223541380128,47.29885314961069,46.86859614333764,47.73471942871205,49.674590490637655,50.32235865062192,29.185545305502732,24.955443375464483,61.12216442500576,59.694201061645664,41.1965172203987,71.74214328563745,54.037191944157605,42.39999792886872,81.25846599267591,6.020599913279624,47.41467697685545,50.54214577042625,53.9126158793045,56.33134021092328,58.21396259613989,59.63731176544522,60.54774257419126,61.02867097756289,61.22372196150781,61.06821984992352,60.832538684314095,59.742007131578816,58.49859627875314,56.77764766366114,53.98559738810114,49.43266921586124,42.74919506403754,48.04391618062917,53.02731264944306,56.00879278265352,58.15421002154711,59.53048973814936,60.39772908378295,60.71429074412152,60.98937769924606,60.56654869597872,59.5646858563411,9.030899869919436,56.047065360613296,53.78601372029654,50.10032681518818,48.86005397920503,53.16092014788824,56.74223462727536,59.15467902767461,61.05275772810352,62.2742646845585,63.105798925205015,63.61473982804699,63.91384175442997,63.86367854819723,63.40541274882497,62.65855349013844,61.475928574948455,60.09785623964823,57.59369400742183,54.26358336760916,48.6232223604294,44.41302286693167,50.923732104838216,55.32169407003045,58.04211695106561,59.61060218702649,60.73344733078316,15.05149978319906,19.138138523837167,14.62397997898956,9.030899869919436,16.127838567197355,14.14973347970818,16.989700043360187,16.532125137753436,19.294189257142925,19.54242509439325,17.634279935629372,56.148181503748944,58.77152415493926,60.75528348373024,62.179869080374175,63.10962724946251,63.65642394053644,64.03446034188326,64.09394737760361,63.784206145007126,63.237686136502006,62.31111098590311,60.923696996291206,58.85700945174126,56.07232993733771,51.80426965753027,49.39718882354104,51.93263773001352,55.335852385453904,57.50320905791555,59.83211637913215,60.88788635305242,61.83922361271608,62.10351966973378,62.18601143315632,61.657940448320986,61.012055863521496,23.97940008672037,58.16218092796369,55.6441156650062,50.27989363879307,47.49504423876142,50.84504783246228,54.8116160783746,57.93883238374971,59.60113872036686,61.14521914710011,62.19268250982091,62.605793585143616,62.73627131434634,62.60666583804918,62.21440581633525,61.67545648624999,60.44768606204976,58.75173586371207,56.45387878152892,53.06562264367947,47.42017747140138,37.60422483423212,46.29297442854202,52.02303007613804,55.08698017551925,57.00938968355779,57.8848654856084,22.14843848047698,20.827853703164504,18.63322860120456,15.563025007672874,10.0
20.0,26.60865478003869,18.06179973983887,6.020599913279624,16.989700043360187,6.989700043360188,53.78079786417792,56.19977722131368,58.154535515642266,59.04832350999278,59.76281183510049,60.06539630744261,60.19159925499511,60.10376290757853,59.783216054735966,58.72629366812706,58.13247300897605,56.63097581391381,53.99206300671308,51.10919514182052,47.12279215017367,42.21414237842339,45.2945602113109,49.51842444691433,53.73735644878671,55.2084627584354,56.658369898368605,57.46322765089953,57.62639557980936,57.76214327081368,57.33438027091061,56.78022800379344,14.14973347970818,54.32419263727322,52.77895593794787,51.86396870534744,50.77400612423545,53.75087220007504,55.4652415621667,56.70020295452915,58.125564203838216,58.59308858034255,59.287900209113005,59.53756793206436,59.37448178647608,58.82356024051455,57.94343025254192,56.98124914169156,55.18062302070003,51.61359016738948,48.82302495818776,41.69233451301097,41.07379582804448,49.23622177298423,52.89600099588501,54.85085130753018,56.1368540543122,56.26960052402694,56.837789551955176,19.49390006644913,18.325089127062363,16.127838567197355,17.16003343634799,13.010299956639813,12.30448921378274,20.253058652647702,0.0,13.010299956639813,17.853298350107668,24.14973347970818,54.12403421768289,54.49030760400415,54.00299623239772,53.94171400415131,53.28045088280069,52.81208414034418,51.59867847092567,50.1142241148846,48.973466334294,47.80180448202641,49.12482448829104,49.90716145160225,48.018700002817695,49.779886725918,50.4488846701264,52.965884142489735,52.823796377440495,53.10057864555096,52.20134249570252,52.58895771406774,52.43464688491275,52.65037275091898,53.41111899075706,53.164316693669306,53.47529061998068,54.21592411333173,14.14973347970818,53.979625913979504,51.89012804600242,50.78485818385974,50.89283236912295,47.12893713296539,44.81112840841518,44.42871554821198,44.56274912840168,46.772418459466536,49.52506692709738,51.18000033421281,51.67465028843088,52.28567165561444,52.55913822092302,53.92239560398111,53.52354271739615,51.22717076170689,51.696274172262505,50.39211797914312,48.84347815770889,46.90240393531119,47.123129086813655,48.634001933480405,50.02550490655285,50.54559434644244,51.258227113713886,19.030899869919438,27.611758131557316,61.12216442500576,59.694201061645664,41.1965172203987,71.74214328563745,54.037191944157605,42.39999792886872,81.25846599267591,3.0102999566398125,0.0,46.834523107382815,51.16544653816021,54.43810401121398,56.952872511720464,58.6704418334207,60.00511297804367,60.82372055565179,61.36781427519959,61.55244917176186,61.33319470361121,60.91337683300216,60.06312407472807,58.4396553777863,56.315218944042215,53.21285592654864,48.212842023048246,41.85740417574962,48.54670331895336,53.52114955936983,56.5780995184447,58.58414470986524,59.755719550127424,60.646470159403485,61.016938146327774,60.9524643622122,60.697128557910204,13.010299956639813,58.484483842347416,56.25161141931581,53.173047454386655,50.07320952922744,50.20448298587432,54.16881715054508,57.41814751007424,59.60601093893109,61.43520661687525,62.59033569155592,63.32859420480385,63.6714878959252,63.80448772015902,63.64959396521324,63.20471365786206,62.345623303708905,61.137361778391664,59.177874206188704,56.54540387902046,52.340817583826826,46.19302075875608,45.90228621240158,52.45199171742574,56.397105513181614,58.91443787144237,60.44763121585733,16.532125137753436,21.367205671564065,12.55272505103306,22.671717284030137,15.68201724066995,16.989700043360187,22.04119982655925,19.912260756924947,0.0,15.05149978319906,17.24275869600789,54.144870000051625,57.45590015265257,60.12204296030743,61.71145836580793,62.80516681603076,63.556914939492216,63.969314490115785,64.18152246381285,64.09078056990681,63.45239009751839,62.846132119892566,61.68444740352836,59.63875621485832,57.36065675000744,53.68030138196474,49.63811429665167,48.49916694094291,53.289216234318,57.19477960921482,59.22159001184277,60.90715038775063,61.74216858374127,61.82297359966256,62.08980932999039,62.01993800873473,61.04149650875945,32.49687427805301,58.12304918361946,56.4511265049714,52.58795266310975,48.46887364662887,50.95559866423009,54.84222941057154,57.5115357165723,59.48777170442725,60.84792120475912,61.82278236292954,62.49646611493149,62.75872464402426,62.70157136678505,62.304696137400384,61.74090349799479,60.78611222529992,58.95731856870341,56.99339865696025,53.94257255508065,48.405075684690814,31.613680022349747,47.13221650905551,52.52768104761324,55.29585615122288,56.51030744751032,57.70944013439311,19.030899869919438,14.62397997898956,12.041199826559248,18.69231719730976,15.05149978319906
19.49390006644913,26.60865478003869,9.542425094393248,10.0,17.24275869600789,12.041199826559248,54.21909799335111,56.29982163993442,57.63138117594426,58.72730094922102,59.52659277722252,60.10106941109,60.207030307345136,59.974353162301526,59.70045927731298,59.20672632709692,58.01750046944544,56.665451231118034,55.32953013733988,52.85107029566812,49.266562190722055,46.04009932412231,46.56692194249391,49.87509855006475,51.41841559157217,54.26805570987092,55.40480888255796,56.55939027407324,57.35193954897105,57.43191374474329,57.35653981350707,57.02300400944556,0.0,55.00894829396237,52.78136006715478,50.58251360438568,51.66373862108046,50.72176344478966,52.94882684578086,55.5119251678571,56.77124946923196,58.3538741057821,59.14112988829973,59.57099914885661,59.59854336577004,59.4210433164038,58.9448498367704,57.856180823903294,56.42998403843919,54.88912947479791,50.816532947696615,45.552033109871424,27.90285164033241,39.882467233753786,47.85272874622214,51.52707144811241,53.78028866462232,55.74526659846374,56.44025764323877,6.989700043360188,20.37426497940624,6.989700043360188,14.14973347970818,12.30448921378274,18.69231719730976,13.979400086720377,10.0,14.14973347970818,11.139433523068368,15.05149978319906,52.32449724062003,53.37628952415064,54.65460184676003,54.76346071482924,54.49931741808709,53.828829656474895,53.21989678389532,52.17978495023874,50.98574510025707,49.87496445820455,48.11742525441389,47.44777870134888,50.054422119342654,50.690017170456,51.32851796623165,49.45911516819273,50.20100130171684,50.50905386839104,52.34643807761769,51.51602719212843,52.30717079282736,52.33384515930963,52.27747913787788,53.24088935025526,53.6123283596723,53.25720858019413,10.0,53.40785070696376,54.43151856454968,54.0017520633539,51.947973042316136,52.61262868792493,51.09031538178076,48.50376631669742,47.25887141314174,44.48551739201578,45.55058155043869,48.04118978424412,49.634336385409,51.25887718216834,52.526637440954616,52.24916170760447,52.29692078955593,53.43404654607018,51.439542341046746,50.3612165625228,49.16585533002349,48.28305357252508,47.52893154884593,46.31037696536741,47.27191403365907,47.592522337743645,48.165859466090666,6.989700043360188,19.138138523837167,61.12216442500576,59.694201061645664,41.1965172203987,71.74214328563745,54.037191944157605,42.39999792886872,81.25846599267591,6.020599913279624,3.0102999566398125,53.01231895659954,55.665199826337656,57.6259604743806,59.07174799363358,60.10629369580915,60.64494678073038,60.82350499261943,60.64457989226918,60.2494721941494,59.64358172270096,57.969966283724766,55.95416851114585,53.08592156302953,47.81647684984131,36.428600525844914,47.63547782415415,53.25811112963501,56.22207803907707,58.30168283775373,59.64906581664535,60.61770920330444,61.14026528438296,61.09454348595981,61.12264737950122,60.42358901798373,59.07948521612273,18.69231719730976,55.13927078394198,52.83131549278885,51.10000151133113,52.705064813500144,56.11154849220748,58.63066372174849,60.42494000749821,61.90135520877031,62.68050695478416,63.28775996553123,63.61233592122684,63.73274193354851,63.40802904042276,62.807952358363465,61.69087534435244,60.15390356162365,58.22999898030513,54.94535826284027,49.933877278979146,40.47508505594013,48.663168819216544,54.2234028683147,57.550824982662846,59.48074886602356,60.626331189229234,61.46514075932176,16.127838567197355,21.367205671564065,19.294189257142925,12.55272505103306,18.129133566428557,16.532125137753436,13.979400086720377,19.294189257142925,0.0,16.901960800285135,23.673559210260187,57.655508397880986,59.8584125846914,61.40690584333009,62.64133979178651,63.37811545847653,63.90280700995472,64.10174368579153,63.91399518493584,63.4875742298577,62.898425884848976,61.67441696516869,60.0611033137977,57.90063384948998,54.47734639634569,48.929400965951245,48.36912483547713,52.88807947483478,56.25059210217155,58.63209809857713,60.26370220282807,61.07474876331324,61.92565780825693,62.21467706243775,62.14455192482863,61.54242852509281,60.75655339012462,25.68201724066995,57.29334909058129,55.1474559712362,49.615207567735695,49.675479762188615,51.734077312696655,55.68276838778456,58.351576791926654,60.02038563568384,61.31865250503616,62.17984016082394,62.58812736723897,62.78673591968267,62.62078100847492,62.23134960540402,61.40036725567332,60.155546411491166,58.80659276038634,55.86772909019543,52.29692078955593,45.647370602714126,36.8304703823885,46.89566339836786,52.0115942645425,55.00414877756268,57.19485417595053,58.13976410078303,14.14973347970818,18.129133566428557,20.253058652647702,47.41467697685545,10.0
20.253058652647702,26.60865478003869,17.16003343634799,16.532125137753436,0.0,20.170333392987803,53.51651389099593,56.1506268022135,57.84928817474503,59.09252130739992,59.62222493738536,60.04504083022066,60.18804483937159,60.0924389793111,59.71882787122897,58.75591936426194,58.15080748039829,56.77877846076888,54.3918895805502,51.871398411728784,48.42858762445293,41.92344395046124,44.18847959250061,48.59690575205121,53.22047611079924,54.92927930139403,56.40684126676524,57.344229576419664,57.45427707692816,57.86099491352282,57.69591466130553,57.06059442651856,14.14973347970818,54.73716100311681,53.55677516669195,52.64336055489533,50.55473896230024,53.248994970523135,54.79350691477787,55.96986137136656,57.511782189029205,58.14913181275074,58.77563107324072,59.26694782006641,59.32819641906334,58.92041147772338,58.28415617746282,57.13491383121141,55.59581081293529,52.61465095844434,49.88010168594616,43.83958910679112,39.80684974363314,48.13267329389584,51.7586247037557,54.09535824136663,55.60418384108623,56.23424007076168,56.9419527720664,13.979400086720377,13.979400086720377,10.0,14.14973347970818,6.989700043360188,16.127838567197355,15.314789170422552,18.63322860120456,15.563025007672874,13.979400086720377,3.0102999566398125,53.39352049045587,53.98474730152903,53.44692835067181,53.68333380751638,53.141454170322206,52.95580293518484,52.06450764187064,50.68085628376812,49.91226075692495,47.886773431816,49.36940789752355,49.68445588281909,48.14387453334589,49.308930224060255,50.4488846701264,52.72240880967236,52.9921302062186,53.15594633653461,52.11326154785788,52.60281325775673,52.4411129011256,52.51866864347252,52.9903853947173,52.97633595428181,53.23988023235213,54.16447444662551,9.030899869919436,54.20531673575192,52.22958256446049,51.75607475176137,51.81102941814848,48.82575762330136,45.89815608066486,45.1232411318569,43.317308928154574,45.50203885071093,47.22650372770814,49.85201858364572,51.12085279843528,52.02828753294429,52.78177206999448,53.87976794990437,54.04905523156727,52.28220648868423,53.20470327580362,52.04163409932788,50.46982642758213,48.13087039701321,46.7137651517521,46.662277299444376,47.94355577097677,48.31588255115634,49.591654587358505,23.117538610557546,22.85557309007774,61.12216442500576,59.694201061645664,41.1965172203987,71.74214328563745,54.037191944157605,42.39999792886872,81.25846599267591,6.020599913279624,0.0,50.1581644665648,53.84335489934284,56.36680427667187,58.43686774116073,59.562131067025845,60.6027504720892,61.19409317290226,61.38962955331475,61.3140114189344,60.62190755023912,59.99890543998525,58.75619696443478,56.61590277392524,53.79125960162184,49.11104317804036,43.12388949370592,48.49542252005016,53.08643369016761,56.18131808061986,58.212842023048246,59.49492468536064,60.34955558062624,60.79529989221659,60.83330946418285,60.52338744624086,59.90404571270653,20.644579892269185,56.63604823570716,53.27158601792079,49.59770966595004,49.45670421145881,53.22533527507436,56.74265758555621,59.3236923730563,60.93646129383786,62.41675205925269,63.09531588422456,63.72285320479166,63.8809853608884,63.74991995651062,63.521875365963794,62.69660719292587,61.71221384134548,59.98735231781048,57.804649327679,54.37726786924223,48.82513153939836,45.37579852517648,50.81566920289869,54.94446809281385,57.79311437063947,59.76922393378824,60.968922934317135,18.325089127062363,6.989700043360188,15.563025007672874,0.0,17.24275869600789,21.64352855784437,9.542425094393248,19.86771734266245,13.010299956639813,14.14973347970818,14.62397997898956,55.85218133677101,58.876173003357366,60.70147627596951,62.3000034460791,63.11839652223087,63.79766586137532,64.10084001778381,64.08339875478813,63.87619016382699,63.15920199382644,62.38303340136309,61.12643871831995,58.99886133913291,56.24415149058164,52.52544790897423,47.80993794642232,50.90769309154486,54.52513231926123,58.12057287410332,59.82886048164304,61.14915750664193,61.777306626245085,61.80461076187535,62.19708667447278,61.70432171867673,60.92848669015765,37.017406324372125,57.95108024611572,55.77335517621969,52.03100910271472,48.232459363423565,51.71305115291876,55.57330320214448,58.077007318860495,59.82696723609201,61.12880034621362,61.90382129439979,62.56184771078346,62.7642871380926,62.780254333009566,62.283708400488905,61.477610111352725,60.67139697614758,58.71232488050771,56.79341574276915,53.2332017900604,47.868436644447605,31.832698436828046,47.4510603466555,52.68767466382116,55.34008327555559,56.60125219316559,57.76253586522604,13.979400086720377,19.138138523837167,14.62397997898956,11.139433523068368,10.0
16.020599913279625,26.60865478003869,13.979400086720377,12.55272505103306,9.030899869919436,22.671717284030137,54.10495483058091,56.26914939632981,58.0272242763868,59.1431406211746,59.77424524866018,60.06539630744261,60.257911025397775,60.0196939634952,59.70988079724188,58.61100497061515,57.86030548217687,56.37333595599258,53.35451882710296,49.76959489490355,44.833447660034615,45.56929362394441,47.36396502276642,50.99432007131712,53.94509466166804,55.63568884692761,56.61451096070466,57.19530154948082,57.83409717186082,57.45868449919739,56.94517453811156,56.77746524945341,6.989700043360188,54.45873413528393,50.97718784381358,50.36253515521233,52.145153548470766,53.49559193156192,55.69440628978968,57.26136884541067,58.34166920177844,59.124611981663534,59.63306059825552,59.7456004733121,59.17938537790885,58.63114586806197,57.545570221725306,56.85767705949588,54.62824594958313,50.24321442141565,46.29949582692885,32.003031829815846,42.98525595321999,49.31508721866617,53.50838954582554,55.38342450633792,56.32413759320635,56.53212513775344,56.86752423033876,16.020599913279625,21.367205671564065,13.010299956639813,12.041199826559248,16.127838567197355,16.127838567197355,16.020599913279625,14.62397997898956,16.989700043360187,0.0,15.68201724066995,54.19402207085504,54.68000051453099,54.547503716326375,54.0994157255809,53.56387299948529,52.3000418056118,50.84969288474987,48.52461694326535,46.83551319853662,48.81093507707397,47.00444101027752,48.540022331269896,50.72235187983142,51.19308687829081,51.77628831798057,52.4821365665101,52.631079674181976,52.76721384129057,52.181808879554666,52.39211860451129,52.863329454781976,53.35227151799523,53.29741517458709,54.05687786672778,54.13239394629422,53.38795031631805,9.030899869919436,52.57392950339522,52.655064831774894,51.07379582804448,48.6678929421315,47.342636289128535,45.00922239190301,44.33945755538029,46.47079640585476,48.63376399975425,50.18804483937159,51.56676331928558,52.88036722634327,53.328039214579015,53.32230352706241,52.260737939403406,51.44792078497715,51.03122678567555,49.00350739876231,48.06349587140468,47.29197198519464,48.06790271584067,48.16108670739904,49.64778022022376,51.033418238013,52.202362644824944,52.03468051862646,24.60897842756548,30.038911662369102,61.12216442500576,59.694201061645664,41.1965172203987,71.74214328563745,54.037191944157605,42.39999792886872,81.25846599267591,16.989700043360187,12.041199826559248,44.82544881186436,48.08359539712097,51.746905745096434,54.808402185427774,57.16839390453645,58.95778234500342,60.20276736179838,60.980151879522346,61.44806080745072,61.65834363763687,61.3805310453746,60.810465105489584,59.95580794710055,58.48184804826198,56.32605068891648,52.447865920155,45.98659214028129,40.81491328525699,49.27334427020689,54.21908155435344,57.02290057377645,58.92309469618836,60.16854991391418,61.0407720615511,61.28990850358497,61.11426519612807,23.97940008672037,59.623437603237136,58.57767779077307,56.415712705464784,52.9807545181653,50.66940585379413,51.70414278547993,54.906845073252335,57.9605370040254,60.22264190864746,61.70647127402379,62.68926951981287,63.36025021738424,63.72874460638038,63.76937563686931,63.43912516242719,62.81037232678794,61.96612748028152,60.293533354162925,58.25341068219159,54.919580888221205,50.0,43.56885941165974,49.44413574349667,54.49936365315634,57.5175318095446,59.51689572372205,47.41467697685545,15.563025007672874,10.0,19.86771734266245,14.62397997898956,22.671717284030137,11.139433523068368,12.30448921378274,9.030899869919436,14.62397997898956,23.443922736851107,52.65030197723058,56.0596191794896,59.13352831921964,60.92857085731811,62.36730937819071,63.14053758271761,63.89163425410585,64.13766505514099,64.1642696832802,63.7618281111898,63.21408061314231,62.23983955922555,60.38556980023164,58.20164664445909,54.8760778218896,51.41340010022802,48.58873915908855,52.27724777670623,55.7336483846236,58.7207057128775,60.0347604234975,61.230436899171615,61.996608505321625,62.09038906315079,61.81612950630766,61.701493124810014,31.414497734004676,59.900634478715,56.58744782479309,53.75087220007504,50.60429627912421,49.33223999279318,53.99677181981051,56.94312060920416,59.27743921463435,60.78744198345805,61.746682081324295,62.45949210403639,62.60765942093518,62.60027479070592,62.26575161315381,61.84766929047149,60.85379783217932,59.15375032753567,57.266848367662426,54.2749260074356,49.21650066036798,38.28015064223977,45.77778936695224,52.06245529977784,54.77678241981007,56.60289513824215,57.72615049849171,12.30448921378274,12.30448921378274,12.30448921378274,17.853298350107668,16.020599913279625
16.127838567197355,26.60865478003869,10.0,18.129133566428557,17.634279935629372,17.24275869600789,53.85695625410561,56.24473927034352,57.65287728351432,59.04140793098725,59.539939253563375,59.98829738254866,60.1163894423765,59.97778557823251,59.61456215915814,58.92535911119956,57.904850202009264,56.56343561801511,55.07232306078542,52.70131256748744,49.44453060153255,41.67553621196824,44.94502447046173,49.28825836692016,52.85505550622712,54.55517875668005,56.18095186331824,57.10362803346826,57.32376065983644,57.817912652753485,57.593731797955535,56.55138434811383,3.0102999566398125,53.995283555759045,53.59281356102549,52.22854279266259,50.31303412881834,52.99228284387836,54.59962125523667,56.02799832883757,57.55502879387687,58.523750671271216,59.09994915493861,59.46251775135586,59.65567145075031,59.3051808691048,58.76593065967374,57.11342327365868,55.564243274081605,53.41576957723398,49.69359991009366,43.38556091009445,40.04321373782642,47.469220765483854,50.32026136949024,53.08831097316566,55.00922239190301,56.22318697087636,56.662342861316034,11.139433523068368,15.05149978319906,15.68201724066995,19.294189257142925,15.05149978319906,11.139433523068368,9.030899869919436,18.573324964312683,16.532125137753436,15.563025007672874,20.681858617461614,53.36709831455156,54.17810360640078,54.18357646489088,54.39365856869944,53.7455956096888,53.3604725848005,52.59546099087022,51.30288728213272,50.48694226970416,47.42890021953482,49.474386236029765,49.17747008853616,47.65765384928689,49.143431571194405,50.58110818822266,51.72021731988625,51.96422151077108,52.06029389138134,52.195059374728565,52.59835086602176,52.34785471173517,52.74993293070072,52.81237960427838,53.06195487841947,53.33586307085534,54.25359750361849,15.05149978319906,54.27940290264142,52.66706667015385,52.28528677357182,52.288980233911495,49.73741899787402,48.00854491503561,46.54609657359271,44.79791180189491,44.85863329597335,46.601157206237794,49.44650435338738,50.85750679436948,51.76372012053624,52.64520323828514,53.24012738494809,53.47885946660894,51.98472885046272,52.60762844936168,51.24520526873732,49.395841423484114,46.68926118778788,46.6136775529117,47.747577681660246,47.90489241522437,48.62953850547925,49.34144811792477,23.820170425748685,27.61927838420529,61.12216442500576,59.694201061645664,41.1965172203987,71.74214328563745,54.037191944157605,42.39999792886872,81.25846599267591,3.0102999566398125,15.68201724066995,50.20382002310025,53.80350555510823,56.31950826259217,58.36355768669989,59.53927773196426,60.49658685484003,61.06570271563936,61.26299310662816,61.11469527316736,60.57016077433314,59.76336220776418,58.53077347507599,56.38283542348777,53.2006315959498,47.73332904238969,38.68820706197517,47.924617313469504,52.97830517665109,56.36626286861598,58.45039096048996,59.68081624516111,60.558559455019925,60.95991813101509,61.011987059763314,60.74423277408499,60.08445586511115,16.901960800285135,57.185390548538194,54.286336219975375,51.300022914218445,50.32655017689158,53.54886013719554,56.78017331283984,59.32453977445087,60.91412284392764,62.24025701008421,62.95931314770946,63.57383247630332,63.75350626318095,63.64980200073276,63.3748422002644,62.48503174794444,61.459418695761215,59.78864072442276,57.66273017476631,53.90958057018386,47.75625009186624,43.49180358996378,50.89343343205044,55.25969452644997,58.061725094833314,59.84118929586128,61.04498719657556,16.901960800285135,22.55272505103306,11.139433523068368,15.68201724066995,15.05149978319906,22.87801729930226,19.86771734266245,14.14973347970818,11.139433523068368,13.979400086720377,18.69231719730976,56.146104026593726,58.84662280713876,60.59896489053404,62.235151502157855,63.00572877382624,63.75526263757252,64.05997569592104,64.01347112380368,63.85078723386084,63.15446778569498,62.31356669381046,61.0116705484353,59.00714971187181,56.33543188199664,52.55303869683292,47.49496692020208,50.81250066810652,54.3934532766779,58.08859566121188,59.741361857979015,61.195913808528566,61.99678401240917,62.11554351910336,62.37243297494808,61.80076820639188,61.06514881822386,20.644579892269185,57.840956835153605,55.01301687046444,52.43479563712577,48.82695262381597,52.50420002308893,55.49623589998183,57.988639428111874,59.60759893814036,61.24082767795316,62.05664407371687,62.62157188903256,62.786040864869335,62.71643922726369,62.38975201691829,61.38181710561357,60.50446268221391,58.7607459219365,56.58127829238919,53.01029995663981,46.68916810640077,33.12388949370592,47.62123151874593,52.381590552118816,55.124882791885206,56.840882759986286,57.91539777399363,13.979400086720377,10.0,20.37426497940624,19.030899869919438,10.0
13.979400086720377,26.60865478003869,16.127838567197355,0.0,3.0102999566398125,10.0,54.286562823883024,56.45107734132082,57.67969498404686,58.76659418256299,59.55352882640936,60.09208184008246,60.18038152352901,59.95501815004384,59.53598310966585,59.09558703460047,57.66325086963619,56.31603048758413,55.110272917463504,52.33283005530542,48.81601464540709,44.90267575830813,47.03892953632544,50.67223409143936,51.98549874451106,54.60491910855311,55.7967843890685,56.94627132444439,57.5485038955204,57.66444079496591,57.44422078509473,56.88712516145678,6.020599913279624,54.60335450624166,52.70168560661361,50.90360352335801,51.73562105661666,51.59501021443384,53.598828918134245,55.96021686723447,57.24705854036091,58.70321955192567,59.21928260782068,59.58656561043816,59.56038699253349,59.28449623598297,58.71225477751242,57.18771482117283,55.50723533365554,53.951585849181534,48.47622007983925,39.07250082881328,36.582976503081895,45.96520125227025,49.87295258331997,52.74601157721944,54.66220885141213,56.36136708051051,56.85921687277046,18.06179973983887,15.314789170422552,11.139433523068368,18.129133566428557,16.020599913279625,11.139433523068368,18.63322860120456,6.989700043360188,12.041199826559248,12.55272505103306,6.989700043360188,52.5962493293664,53.43625194624512,54.601458174917504,54.540822707310895,54.2673567018715,53.29316505090259,52.40102244110203,51.08903127667314,50.10274508951967,48.69261062961412,47.651989947905015,47.590934409891645,50.5498438222813,51.26628109320823,52.10738429105913,50.38941889531367,50.81152804039486,50.94083130052592,52.81596902160267,52.31451749328465,52.90090286573402,52.77989485154336,52.59163671340217,53.42896198385274,53.83465276880248,53.48773959255433,18.63322860120456,53.30657234711394,54.05687786672778,53.48382756417916,50.83624434530198,51.09946208627703,49.16564482168909,46.387387797893695,45.31325609581028,45.053263746251055,47.1032895804263,49.29725378378005,51.16743854719394,52.53749808139813,53.09570554288172,52.68315818520567,52.42782360109781,53.48937342660842,50.94348824158173,49.356332030394285,47.73523156411806,46.85024785105714,47.47955306906729,47.31830420288162,48.17757024981028,49.38299520082883,49.87420452611655,31.598678470925663,19.86771734266245,61.12216442500576,59.694201061645664,41.1965172203987,71.74214328563745,54.037191944157605,42.39999792886872,81.25846599267591,6.989700043360188,10.0,50.543065658484,53.85436454492493,56.40621541421488,58.243972645186005,59.58763545892083,60.4847676323753,60.95240855881382,61.15017736296608,60.97160094613042,60.67011680786448,59.63063084119576,58.25470908162456,56.5695252822319,53.574412232846925,48.08616035426992,37.48808004958602,47.74385562646842,53.15722706031898,56.31867709443782,58.42921744297915,59.83958983467596,60.662412949300574,60.958333664316825,61.20543661141628,60.8391987235563,59.86192886338981,17.634279935629372,56.77304848776146,54.66542889794504,51.68630049799126,49.91093108048887,53.69225137107623,56.88360191412633,59.1896191614581,61.04093951527595,62.17423401975508,62.99084347559449,63.54262336602142,63.87795630832693,63.75986974365812,63.34391417377155,62.53954353171711,61.43610842968712,59.83012519777192,57.43567771308692,53.84708161113352,47.8265891517156,42.74919506403754,51.22939645264992,55.46509349839633,58.16642257076816,59.65259101270175,60.86109861433833,18.129133566428557,14.62397997898956,17.24275869600789,21.13943352306837,18.69231719730976,22.04119982655925,11.139433523068368,16.901960800285135,13.979400086720377,13.979400086720377,6.989700043360188,56.236234496582505,58.89548759790895,60.65962307844329,62.10977622573755,63.02752677945165,63.76418720957636,64.03998864123743,64.08736744682531,63.73934885909626,63.22831425164012,62.22802281339686,60.74055393302785,59.11285480312763,56.197713861616734,52.25477279831442,48.391636829146506,51.464412351639474,55.0290758260016,57.57877130576973,59.73460839020494,61.083302247818864,61.35387108382386,62.29223249412957,62.17500789248939,61.88727453062744,60.7861665830697,33.60404054729939,58.35325230098776,55.41884889667436,51.08328194266184,48.35690571492425,51.6408208099412,54.68996809059601,57.77540637580557,59.773806058118346,61.26939475718749,62.088249571004525,62.58874954403957,62.72291460479126,62.69716501230978,62.31058549317873,61.52627084276326,60.38465171032073,58.93262841180415,56.27242925663411,52.5310771003719,46.25826713285712,37.43901550485179,45.80194838726251,51.57807205415172,54.73815303931871,57.08250888591378,58.05072469287856,17.16003343634799,6.989700043360188,20.96910013008056,9.030899869919436,6.989700043360188
20.0,26.60865478003869,16.020599913279625,20.96910013008056,17.634279935629372,15.563025007672874,53.84885425996748,56.34065956773743,57.94159587489248,59.05146380947983,59.72625814805088,60.08445586511115,60.18435015354693,60.01263260778452,59.60661482740923,58.71874618705927,57.8328383908017,56.270430886586624,54.302621555106406,51.36092446672215,47.92622784742922,40.0264114900004,45.454803047994105,49.80571448161675,53.75352639232759,55.179674379599454,56.66040368487703,57.580735157738815,57.72651703812302,58.096654137618,57.72141202253096,56.95153204661679,13.010299956639813,54.2844096092322,53.56140633518128,52.60407716632543,50.8914885158235,53.81629428515453,55.223359724401966,56.32332756332521,57.81272716644256,58.43702334838846,58.9635919143107,59.28137657102816,59.251521674151554,58.754230247469806,57.82787839072469,56.304787262026366,54.41086854648512,51.42996053325084,47.24808168565719,40.27145665774341,44.76019646071315,50.57456892436256,53.12553920321048,55.00078595735828,56.29863026742044,56.91860930215956,57.25925509904509,3.0102999566398125,21.5836249209525,10.0,18.69231719730976,19.54242509439325,16.989700043360187,13.979400086720377,20.253058652647702,16.532125137753436,11.139433523068368,6.989700043360188,53.50685969551752,53.80256478364103,53.6293839535829,53.60080059695376,52.75196141785624,52.50334598929823,51.41139228075312,50.101727032867785,49.63003501229706,47.1032895804263,49.92084951671872,50.65967904266447,49.50218766641864,50.84965717253316,51.50504690954172,53.21235849327542,53.09464081899738,53.23122101846217,52.83954440889855,53.02114376956201,52.905020614535175,52.63079531201968,53.25139905910629,53.13270182317603,53.19258087839568,54.206586373655945,20.170333392987803,53.77721401329459,51.455227038386944,50.51846838313736,50.55611472688576,46.19093330626743,44.60612226534828,44.05397591264997,45.10357311542046,47.39516966395436,49.73986353168618,51.38974939253114,52.169255828251,52.79678348690777,53.15947266392971,54.103536952116286,53.84890796530554,51.99077434450214,52.27357005007625,50.70366697056955,48.82530229850502,46.8080672560157,47.27622577969137,48.36077143385893,50.054422119342654,49.639058261187046,50.91012385416424,22.04119982655925,21.33538908370217,61.12216442500576,59.694201061645664,41.1965172203987,71.74214328563745,54.037191944157605,42.39999792886872,81.25846599267591,15.314789170422552,0.0,45.51998619049009,50.85436864795816,54.459558549640334,56.87222082177293,58.64760194956592,60.01547670349635,60.89318594562536,61.44935813433374,61.6124638275252,61.31519220697911,61.05413777726461,60.14250385745292,58.751336397741525,56.75400689492295,53.8327665040765,49.13161921590438,45.01018159848659,49.09823369650912,53.85570527725466,56.607232185228014,58.50039391749301,59.6876771499446,60.52263280702624,60.85086765294723,60.84384645668056,60.56766159727148,22.944662261615928,58.25753824759978,55.71789163036327,52.526831619321975,48.48607809069783,49.53624406532067,54.10027745283311,57.559883669384256,59.73903807885564,61.48986502618526,62.58951517776063,63.45186443576615,63.79971046644271,63.96228124692278,63.81097202939096,63.303539015251445,62.49785420174752,61.26988754934046,59.5747942190298,56.98695443453075,53.29448730538655,47.78592558813119,46.82190218984122,52.29940243582863,56.19974596560095,58.73097874315357,60.26681953264224,17.16003343634799,20.644579892269185,20.0,26.989700043360187,20.170333392987803,16.532125137753436,9.542425094393248,16.532125137753436,20.170333392987803,19.294189257142925,3.0102999566398125,54.38778022089318,57.46955520221383,59.8715481894704,61.58122357379958,62.68329398205583,63.59580520272224,64.01583181796569,64.19916940975233,64.08058914995738,63.513091912498496,62.92438835419069,61.72256349708853,59.9289357464422,57.563690605491374,54.55189111438818,49.71758130277843,49.50997333988805,53.70300238702363,57.24450371754394,59.17716041449776,60.68371418032643,61.505292582482,61.80060754795007,62.073262401993205,62.04684469902861,61.05052827801265,35.17591730711908,58.37540461195125,56.46114427016451,53.17513855537176,49.87617113592546,51.6408208099412,54.4048244574898,57.31151027209932,59.36835825289216,60.8911807856379,61.86806367852549,62.55601479181817,62.75917331091775,62.74243082741744,62.50327277858672,61.63836452363307,60.5642648308562,59.037940587649366,56.93463127219531,53.71466860241561,48.35487641995408,32.61262868792493,46.766661796334745,52.33219549479468,55.148995613127376,56.71547711297607,57.78707514747968,9.030899869919436,6.989700043360188,6.989700043360188,19.138138523837167,10.0
15.05149978319906,26.60865478003869,12.041199826559248,20.96910013008056,20.043213737826427,20.96910013008056,54.45269402881928,56.50148155427276,57.61345884795367,58.738464366398695,59.520413407932736,60.008625203685625,60.17731407462854,59.95588253162221,59.53195080209938,59.29893835214881,57.77024242805755,56.39375909394882,55.41479394657279,53.0225514786152,49.36035956891423,44.28150998744446,46.069185259482914,50.15749439475023,51.76857835696882,54.45498340821128,55.72087073769068,56.94563960934058,57.89823877187485,58.04734900494005,57.95986319622378,57.36812269655693,23.97940008672037,55.40986052009625,54.30623224031915,52.38359786408524,52.05737428267601,51.18152251416694,52.727973953400834,54.951348254547945,56.29967909975208,58.06951518111674,58.83916260016085,59.16480268630046,59.164328913372906,59.099970527093774,58.58995310983331,57.16724341802757,55.24183142250905,54.43302111325386,48.7930809839176,41.12135602681912,34.96514518697745,45.16112110677156,49.28257552514296,52.44890391479025,54.37631670321064,56.72424841718115,57.16358150881982,17.16003343634799,13.010299956639813,11.139433523068368,16.127838567197355,13.010299956639813,6.989700043360188,6.020599913279624,15.314789170422552,9.542425094393248,17.634279935629372,0.0,51.257967059084336,52.28053708838728,54.03467131777914,53.93669948093852,53.82380904568291,52.81989580691781,52.06871730792308,51.30504235831688,50.24900061074732,49.0088033073888,48.721562727482926,48.43612697431523,50.704368645775794,51.88039308395617,52.347652363722005,51.033418238013,51.30375587431644,51.42952307343432,53.53571965634509,52.67465071529265,52.79849382396823,52.693494692947205,52.34256527324321,52.975351008156586,53.22028990700777,53.125179704541175,11.139433523068368,53.33946778463772,53.7573858043242,53.2888903983956,51.4897879816802,51.28657700431415,49.77160943894934,47.07519079623744,45.55493477406603,42.04798038190855,45.0948478922394,48.34153559042405,50.65523697210229,52.0843329396617,53.18301296541443,53.15972443492825,53.38568041163269,54.01347112380368,52.67896512440424,51.90155142594566,50.48224213353439,49.28037206406884,49.02552214755345,48.43762082833734,47.6242346269934,46.94508678323792,47.711463488149846,20.170333392987803,22.671717284030137,61.12216442500576,59.694201061645664,41.1965172203987,71.74214328563745,54.037191944157605,42.39999792886872,81.25846599267591,11.139433523068368,12.30448921378274,53.11588585857071,55.73007443131235,57.882086865100575,59.28395852256714,60.39755075032395,60.84257678480186,61.10826655972092,60.96459850700445,60.57148597368914,60.01952535169991,58.56304052586485,56.77016239130245,54.40822529250775,50.317476874233584,45.27629900871339,47.97087413265331,52.772928318685175,55.91122509097367,57.95563735820801,59.3864879352596,60.29417870493248,60.75334506587609,60.7860324993402,60.608858680375015,59.82409190101696,58.5169853686838,21.072099696478684,53.53404542562232,50.08672548144371,48.0558920329206,51.96366889943943,56.28381776905819,58.90403132430767,60.75614472513989,62.22645990096663,62.96240778139628,63.61020682367671,63.94379175614723,64.04865347152759,63.72574005092534,63.06913093218149,62.17434458144587,60.716655422202095,58.84748364741028,55.879858189775874,51.5885079876636,45.86418504585972,48.52461694326535,53.90286712449381,57.29606152084108,59.22402081402418,60.33258048575525,61.182832485360606,19.86771734266245,18.129133566428557,18.325089127062363,26.020599913279625,18.129133566428557,6.020599913279624,9.542425094393248,19.294189257142925,20.863598306747484,15.314789170422552,21.5836249209525,57.749758345357606,59.88182464634869,61.37714185908856,62.54834129052442,63.46798973161789,63.94031542925342,64.1707042904464,64.03052711012495,63.65482368977669,63.02724992249169,61.828530057859375,60.20852072936429,58.208894779282446,55.15472465522109,50.93172945328992,49.882467233753786,53.132638488937936,56.44282964018211,58.4395060854619,60.32383420680992,61.271349386523525,61.99242714610523,62.11582901473152,61.85305537314139,61.740307180380256,60.09580909712908,32.48708735600918,57.7364896975232,54.7247706571439,49.80535113508645,49.060547613940045,52.45850595081223,55.65806511527449,58.278988926598615,60.17545004150556,61.47590074993683,62.36587640756995,62.72506705542662,62.798220215298045,62.692385048274005,62.22885475034132,61.45224384098703,60.2245971514519,58.81245957149018,55.90799495133632,52.07025443784766,45.51449997972875,38.26657791875869,46.48652695131223,52.01779353725061,55.00654919877338,57.24932550566414,58.13087039701321,23.69215857410143,9.030899869919436,21.5836249209525,17.853298350107668,14.14973347970818
20.0,26.60865478003869,9.542425094393248,17.634279935629372,9.030899869919436,17.24275869600789,54.01760580177574,56.27425260737236,57.76117617394049,58.77530865073262,59.650586378955886,60.02648487180954,60.08677230906602,60.03064833709176,59.576001046222814,59.228478941353664,57.71920238986528,56.41014784710067,55.28980940272136,52.88170947112764,49.48276004482968,41.84691430817598,45.62649672211917,49.92721371355033,52.49540764501639,54.4612069090098,56.07283416186099,57.17731233424811,57.48647670519605,57.83049150663578,57.6044133260105,56.55343043075931,19.294189257142925,54.03643762435546,53.58429812930044,52.03582210419327,50.63622291989071,52.61010547754731,54.250775147740114,55.89120413067849,57.380397243347225,58.58222490755502,59.13960004955768,59.5004778158748,59.61916808571403,59.40964991023138,58.79627951426418,57.10496466518311,55.30615857765,54.00719267340931,48.96311221581429,41.57547425577808,40.26328938722349,47.40717876059285,49.993480692067216,52.804190087762,54.77436727435303,56.25909966496094,56.84072994969725,6.989700043360188,9.030899869919436,11.139433523068368,6.989700043360188,6.989700043360188,19.54242509439325,6.989700043360188,6.989700043360188,6.989700043360188,13.979400086720377,22.55272505103306,53.21142565229448,53.820170425748685,54.39256883086109,54.36679356776786,54.09436019573036,53.33108574137177,52.62033206624278,51.42652216133908,50.65000518319213,47.56917433847751,49.40262408118719,48.94520974741268,48.69231719730976,50.28184770141743,51.019978203531366,51.44698718643125,51.69559821610666,51.63164357758546,52.447050178864544,52.60433944088477,52.449002758484575,52.73441134312813,52.78097091746972,53.14459228093555,53.45673613707217,54.08458753895782,6.989700043360188,54.056536560993074,53.20904081462547,52.539773433356565,51.851737123573365,50.02377755722005,48.504317914603504,46.67686381802804,45.59882696306285,44.30526538680641,46.982919759444925,49.4824175740912,51.17437025282619,52.089597278625526,52.85557309007774,53.35618349377605,53.33044029823487,52.51153778919965,51.969302238499424,50.75375399437733,48.974346397079344,46.56759206877475,47.20341255353961,47.69155690714399,48.83229764737698,48.04582364022804,49.51847296899779,29.661417327390325,25.118833609788744,61.12216442500576,59.694201061645664,41.1965172203987,71.74214328563745,54.037191944157605,42.39999792886872,81.25846599267591,11.139433523068368,18.69231719730976,50.1646922544315,53.7710946234572,56.52011236043563,58.31389802433634,59.58349788734621,60.4463538872035,60.95472379748448,61.2404751911003,61.132977783832985,60.60318516781452,59.71710853269044,58.37431862002762,56.276218509897134,53.0645934082085,47.42473748919036,38.0413943233535,47.66182252874969,53.15275338075708,56.27452911619258,58.41757912386586,59.711505534114,60.639440196736174,60.951194657467695,61.02431647408772,60.71337325598453,60.08202312080606,26.074550232146688,57.01226804713399,54.41847465395449,51.38473223970844,50.55477718386862,53.64185020790246,56.79155241283354,59.23834423469013,60.94139778481716,62.22927065905881,62.9980050646066,63.54818870847722,63.742527477345575,63.718250918131496,63.26644059656654,62.57206352902127,61.49992146057243,59.83594717323196,57.57311743189014,54.012523038768094,48.33555067776192,42.92986666584101,50.86431020656369,55.34678327648838,58.05447162720085,59.77178795573096,60.89767033278313,12.55272505103306,21.95899652409233,25.10545010206612,18.06179973983887,18.129133566428557,22.30448921378274,9.030899869919436,18.63322860120456,19.294189257142925,13.979400086720377,6.989700043360188,56.29674580607889,58.9663477754059,60.6798574323178,62.02275749554463,63.04770488523259,63.74892170786553,64.05356606877052,64.033326385283,63.83500298492461,63.22325166958941,62.30077057236545,60.81457127928608,59.07343631354061,56.48478083990408,52.04407607484978,47.67341422368662,50.74205513011377,55.156884345439,57.61702367541413,59.52247902248619,61.07625743246512,61.931273822845256,62.05605440799752,62.25057421313214,61.81532899141268,60.69292828689246,19.86771734266245,57.93417373659406,55.56105817346568,53.41650134367508,49.5881225347552,49.98695158311656,54.70241386068747,57.63808957270179,59.51974890521366,61.16238702550216,62.04053204745649,62.56400205380341,62.797695750493965,62.72254106454245,62.35617316684922,61.53853872903949,60.20998995036796,59.05775379026451,56.16518573600896,52.53737701864096,46.50705686725932,35.09471352102548,46.81286474028085,52.06426465197976,55.047820293551545,57.055053570207896,57.984248088426185,13.979400086720377,6.020599913279624,19.49390006644913,3.0102999566398125,16.127838567197355
19.030899869919438,26.60865478003869,0.0,15.314789170422552,10.0,13.979400086720377,54.11501858139224,56.29297442854202,57.628173057761344,58.74825522282646,59.59801458044684,60.04485170808616,60.18705906514054,59.90376154552337,59.57835626656177,59.31328173229831,57.76946585436478,56.60597042794538,55.77018183675303,53.48663056928713,50.06252051369365,43.31548760507523,45.30263748713028,49.57305522351727,51.66690553217655,54.241790135787824,55.69986873899824,56.82837949906912,57.65751978962045,57.899485785929485,57.70891022784112,56.84508742729301,16.127838567197355,54.80768447380031,54.09895944780431,52.46943971953478,50.95448326538122,51.48170613077387,53.30269661085249,55.0290758260016,56.582976503081895,58.2221124504778,59.02486984968843,59.26730256882347,59.48166893686965,59.37622691781299,58.92148607748882,57.27427382123953,55.636258260996016,54.77452639711661,49.52719812475832,43.11711488795424,34.84299839346786,44.73121863290729,48.14387453334589,51.594258139867925,54.02338774575134,56.30682071392775,56.823445712553365,20.863598306747484,9.542425094393248,10.0,6.989700043360188,16.532125137753436,21.5836249209525,21.072099696478684,9.030899869919436,16.020599913279625,20.043213737826427,13.979400086720377,52.09756222258858,52.90740045053763,54.260881468360544,54.146424900226926,54.02579461901788,53.19491233678072,52.70550741135105,51.7767499037197,50.80889725210444,48.49622078212741,49.09325984793958,48.63096730159437,49.25234716231713,50.449863679616215,51.36063874144658,50.93088832030589,51.24504224834283,51.20695648207146,52.80733122797318,52.58857486493744,52.61429415559447,52.705786923597415,52.11440935578669,52.904019359241055,53.08581486227406,53.47027367664761,13.010299956639813,53.96160974000507,53.768560566653264,53.182303391878165,52.298890872221136,51.48383601643764,49.90702834607929,48.22880418022891,46.02678420438509,42.71795155444749,44.25697213362591,47.38225448142505,50.15280099502744,51.64129701982198,52.53534265957118,53.10023834437932,53.16192680878704,53.46043771936955,52.65131628990561,51.78407101369325,50.4573751255501,48.30113700166691,48.79371170501992,47.92741785834749,47.55630972761743,45.93119851103941,48.42671633760788,30.52693941924968,27.958800173440757,61.12216442500576,59.694201061645664,41.1965172203987,71.74214328563745,54.037191944157605,42.39999792886872,81.25846599267591,6.020599913279624,14.14973347970818,53.16484061545091,55.731327970586406,57.91427466819212,59.22746731156536,60.25361992151008,60.76471862468167,61.04903793088226,60.90659351726245,60.5432994323138,59.79896490157223,58.35240193398982,56.52864939141423,53.75262963984234,49.16653941165008,41.9725298299739,47.20861878255128,52.52049206692366,55.79660148010005,57.92067248429576,59.43872751241684,60.25339460330937,60.83572130050711,60.78639487827352,60.69404999026268,59.98054351895468,58.74145964899815,0.0,54.34033689628816,51.19262489447873,49.91549460336416,52.42504158866157,56.34930473325185,58.815997533242175,60.70058933999289,62.02854615540056,62.971080325134416,63.48663056928713,63.78357377020124,63.84661773811982,63.60476967656318,62.92891094913739,61.96936570999766,60.50871780981727,58.51518235950456,55.64069239038791,51.08406023909055,44.083078185237525,48.108035824848656,53.81990010956745,57.21438792310522,59.23104068266998,60.4389057744993,61.34758647145816,20.0,19.030899869919438,13.979400086720377,20.863598306747484,9.542425094393248,11.139433523068368,15.68201724066995,18.63322860120456,14.62397997898956,23.180633349627616,12.30448921378274,57.71829178223085,59.96897200015731,61.44503531717629,62.53262627365457,63.39591744455127,63.895759003885935,64.07270203127047,64.01380721335097,63.60922133729861,63.00820180754841,61.74448840406057,60.11701092877323,58.3728154622716,55.3202272187471,50.75875295259833,48.276277047674334,52.84787047523528,56.26810342003725,58.63470970924904,60.27571795522774,61.393617161564464,61.74207844039952,61.99325331108808,62.328449699338925,61.80419799354803,60.31283207781786,29.074113607745858,57.69225148629771,54.4029339533471,51.14297325053565,49.35552607429162,51.87568659789182,55.45328150162141,58.15262205771767,60.19759152079453,61.57403875884748,62.32148282140257,62.64029004201527,62.84647263079445,62.82103685950964,62.36838694266066,61.29311169240612,60.04733972482256,58.74959336993448,55.88546206262792,52.2162285774879,45.07099919404175,36.81693392004564,47.110391561194014,51.886135412308434,54.91921712586151,57.21970458904392,58.09728013215906,0.0,11.139433523068368,16.532125137753436,24.099331233312945,19.138138523837167
14.62397997898956,26.60865478003869,14.62397997898956,12.30448921378274,12.041199826559248,13.979400086720377,14.14973347970818,15.68201724066995,0.0,21.84691430817599,17.24275869600789,15.563025007672874,19.030899869919438,12.55272505103306,15.68201724066995,10.0,21.613680022349747,11.139433523068368,6.989700043360188,9.030899869919436,11.139433523068368,18.573324964312683,9.542425094393248,14.14973347970818,0.0,20.96910013008056,14.62397997898956,6.020599913279624,18.573324964312683,12.30448921378274,15.68201724066995,12.55272505103306,16.020599913279625,18.129133566428557,9.030899869919436,16.989700043360187,22.55272505103306,20.170333392987803,14.14973347970818,9.542425094393248,9.030899869919436,10.0,11.139433523068368,10.0,11.139433523068368,13.010299956639813,6.989700043360188,16.989700043360187,9.030899869919436,12.55272505103306,13.979400086720377,17.24275869600789,14.62397997898956,15.314789170422552,18.129133566428557,6.989700043360188,16.127838567197355,3.0102999566398125,15.314789170422552,0.0,14.14973347970818,6.020599913279624,9.030899869919436,6.989700043360188,10.0,13.979400086720377,6.989700043360188,10.0,21.13943352306837,19.294189257142925,37.35359333001711,35.683190850951114,30.766404436703414,29.566485792052035,25.58708570533166,21.95899652409233,24.29752280002408,28.813846567705728,34.015728456764464,35.269850685599955,36.81602998730868,35.57867961568022,40.03632837004409,38.28015064223977,39.72434276957365,37.92461731346951,36.26545659027129,38.6457040685343,36.27365856592733,35.49738731264899,32.889196056617266,31.089031276673133,26.28388930050312,23.384564936046047,28.2020145948564,30.51152522447381,14.14973347970818,35.12817758564873,35.17591730711908,35.79326203755255,34.93039588317652,37.52278985460119,35.87598729721245,34.58335625991948,32.78296208091274,30.0,28.29946695941636,23.97940008672037,25.95496221825574,30.799044676667204,32.14843848047698,34.90239485246288,35.48512256341036,34.402792132355884,37.26727209026572,35.630061870617936,37.148325124333326,36.48945182165673,35.118833609788744,37.2468538823736,35.549734583332395,33.38456493604605,29.91226075692495,24.14973347970818,10.0,61.12216442500576,59.694201061645664,41.1965172203987,71.74214328563745,54.037191944157605,42.39999792886872,81.25846599267591,43.35257256434532,50.29627239047413,55.028257231339865,58.292838269968,60.791931889816624,62.63636541933335,64.06420945974621,64.9847445179206,65.70905751073502,66.00724874295013,66.00740447847383,65.69570760768482,64.94919642190801,63.74786642864432,61.89003811157339,59.05494737076452,54.39738372231319,47.77781943096184,52.80924211462492,58.08996450011426,61.23559618549439,63.22312141104923,64.68675290918961,65.51331038670864,65.90650382141835,65.87153093950563,65.4775009877109,64.56870038456115,29.547247909790627,61.2756348216735,58.34255983910857,54.21421287382357,53.10457518821522,57.380611580587306,61.02196597138325,63.52133488322338,65.47420235525523,66.78385521058158,67.69209632399524,68.1931521269862,68.38286346418562,68.30378847999728,67.92314700475298,67.32305766064188,66.22007710002896,64.76563407247973,62.56753574996633,59.35657378806223,53.92943042340061,48.79101616509497,55.20585707657603,59.85680150117926,62.70283716276737,64.57076419214295,65.66378089375876,66.00634253457218,66.05695950727923,24.23245873936808,19.030899869919438,12.30448921378274,14.62397997898956,6.020599913279624,21.613680022349747,14.14973347970818,17.24275869600789,19.86771734266245,19.084850188786497,12.30448921378274,9.030899869919436,15.68201724066995,19.49390006644913,12.30448921378274,13.979400086720377,14.14973347970818,12.30448921378274,20.253058652647702,13.979400086720377,16.127838567197355,23.384564936046047,22.27886704613673,13.010299956639813,17.24275869600789,22.576785748691847,21.13943352306837,27.752462597402364,29.29418925714293,25.31478917042255,27.81755374652469,25.05149978319906,29.86771734266245,25.865873046717542,22.14843848047698,30.74084689028244,28.597385661971472,35.436956323092446,40.70887144018541,21.13943352306837,25.118833609788744,20.5307844348342,30.141003215196207,22.671717284030137,13.979400086720377,11.139433523068368,13.979400086720377,19.138138523837167,6.989700043360188,25.05149978319906,6.989700043360188,24.84299839346786,17.634279935629372,16.532125137753436,20.863598306747484,19.030899869919438,20.644579892269185,17.16003343634799,16.989700043360187,13.010299956639813,13.979400086720377,6.989700043360188,17.634279935629372,16.901960800285135,17.24275869600789,16.532125137753436,18.325089127062363
18.63322860120456,26.60865478003869,15.68201724066995,12.55272505103306,18.129133566428557,22.671717284030137,54.07074629751542,56.29740800729937,58.05776028031883,59.072764290298224,59.797304306622856,60.07396958481724,60.27209305957868,59.913665339469134,59.55416893118005,58.78044728783066,57.782475083256045,56.18334741102647,54.27424433601861,51.38369021713484,47.88232025276355,42.3152056097025,46.898414091375045,50.54681984718432,53.7408265085623,55.212597214477896,56.63395587249276,57.42456461033154,57.61208929669856,57.740327677740126,57.29635290510266,56.02841018681458,20.170333392987803,53.00617219806582,52.745388448061135,51.79152355331653,51.43392690709155,54.12031921698219,55.7312467336352,57.07758329609777,58.43051420732777,59.08967300418388,59.47534196007355,59.65363531436175,59.51291366482658,58.912279334869154,58.034024839756704,56.20546201831448,54.07373906311004,51.13706095910036,45.97618409912955,40.05609445360281,46.118507106822605,51.192459888349546,53.042362532073774,54.92710114086918,56.04598608655636,56.72181012747471,56.83671000738276,12.30448921378274,18.129133566428557,13.979400086720377,0.0,3.0102999566398125,18.63322860120456,3.0102999566398125,15.314789170422552,14.14973347970818,17.16003343634799,13.979400086720377,54.3841259480544,54.435086269281655,54.57332249769191,54.14560572113419,53.24747374853966,52.53788545954456,51.37233809066348,50.03516538699088,49.04742586434438,46.24158288789103,49.70430565175468,50.22642784659061,49.47286644677799,50.698049483955046,51.61254172213063,52.33587465579515,52.335950743467066,52.62510415525468,52.61062928328802,52.82950484792055,52.91444334752139,53.08713776639004,53.622750797831166,53.35072581813599,53.275979860152496,54.29945974117818,16.901960800285135,53.621241848476046,51.5580045378824,50.28774526500088,50.08468160240141,46.60353125640189,45.845573605256746,45.76341350205793,47.251026998082594,48.63209809857713,50.67279207867153,52.13172309046819,52.05932090654662,52.44734682978952,52.36098715086087,53.30432037686332,52.48622995006578,50.28782655473741,49.89026886639384,48.23761055712559,46.76236216763312,46.52072201403426,49.16564482168909,50.4369622227588,51.42595925939955,51.7812766131521,51.710269250519936,27.85329835010767,21.072099696478684,61.12216442500576,59.694201061645664,41.1965172203987,71.74214328563745,54.037191944157605,42.39999792886872,81.25846599267591,9.030899869919436,14.14973347970818,44.19443540515492,47.42473748919036,51.94747383094124,54.92092374690164,57.41090115426197,58.98607818486533,60.22135443281168,61.0014782592728,61.46490830205793,61.59634858501129,61.54531696436549,60.93357937261503,59.7913892521175,58.32517215315498,55.94910521550787,52.76167579166841,46.40799339432712,39.18292512755356,49.50773638795716,54.35183187687896,57.01388358943325,58.87532345826615,60.17294255186414,60.95033286064627,61.21285656449167,61.19568627081065,24.424797690644485,59.83821968687812,58.2245903767141,56.10507920450427,53.44559277910165,50.59461174384676,51.71635783388066,55.394775728051,58.098188673385216,60.12136729163856,61.63080832131048,62.732988066051405,63.33029909476089,63.66548464203834,63.66260229756736,63.51907957228419,62.82035634732573,61.969572675830456,60.45324935063701,58.508079169920194,55.154300540810056,50.44669088768679,42.30755374041985,49.064050836537874,54.29243421553872,57.49622704110617,59.48297529832909,9.030899869919436,6.989700043360188,19.294189257142925,18.63322860120456,11.139433523068368,19.54242509439325,17.16003343634799,17.16003343634799,24.16640507338281,9.542425094393248,0.0,52.72018075388169,56.08552775024936,58.78806636017473,60.80345042178293,62.23150288830045,63.31598348535884,63.93139110659198,64.14754140981533,64.0925411328744,63.83500298492461,63.22088573104076,62.10683623227119,60.63333358951749,58.481305910966135,55.536318396100256,50.49070647754163,47.21159097082168,51.77897059918944,56.15716542463119,58.45104244176825,60.36943724554359,61.14379098477647,61.695277834919295,62.2789518483733,62.51313290447561,61.343776275256985,37.24275869600789,59.01408731616651,56.94332253415698,54.49697419675048,51.26848683576757,49.928626713890274,54.01043652286416,56.576389846160815,59.02460890310743,60.55813936529876,61.6093768782616,62.42160881271447,62.66873488729562,62.74577618337872,62.37729680922208,61.69667969546147,60.71265092012848,59.309581955499326,57.30984038495525,53.93329472238232,48.92634351310466,32.28656958108935,45.88977212260553,51.81592081485826,54.82566325886026,56.59939957323865,57.711463488149846,11.139433523068368,12.30448921378274,18.573324964312683,17.24275869600789,15.563025007672874
16.989700043360187,26.60865478003869,11.139433523068368,18.06179973983887,19.294189257142925,15.68201724066995,54.379090355394986,56.49853559950911,57.8383500104559,58.9597749152744,59.71758130277843,60.04625703260993,60.12168824736339,59.9139311399349,59.43037227289138,59.03377611820997,57.513176035606826,56.02738046862893,54.740777924201005,52.08833549313488,48.13314058945835,41.798389280231866,46.85508858514816,51.04968256025519,53.10863174272544,55.06312872090796,56.52981793876136,57.37505921674212,57.84349787553951,58.0453809117686,57.8062329910568,56.75210822750753,18.06179973983887,54.10306422307454,53.722213675498686,52.34820879807401,51.4629241604778,52.98689366733117,54.64931962580267,55.9785417878813,57.60486567290337,58.504219857873714,59.059107778692365,59.20854017232636,59.30032125165055,58.93150102258815,58.051153271952735,56.06426512190228,53.82407911867881,52.13307863690349,44.46319654718128,36.867256210745424,45.98100776672218,50.65542370519139,52.36841966823921,54.405328452972455,55.955072443882806,57.30777432206497,57.4395872164925,14.62397997898956,18.06179973983887,6.989700043360188,18.129133566428557,17.634279935629372,13.979400086720377,3.0102999566398125,6.989700043360188,11.139433523068368,21.5836249209525,18.129133566428557,52.8706907983975,53.52747698121518,53.91675953237296,53.67896123114807,53.13538212577771,52.27950944608155,51.45472998110259,50.39338755604167,49.60546879428199,47.213983755215054,49.417548475829626,49.71670061125605,50.795430074029056,51.9413121678329,52.63126923861341,52.44675350767503,52.40312068726076,52.31923018070007,53.33330372082493,53.05080388365915,53.123826030824034,52.98468806814098,52.98983999733384,53.23973605350882,53.23973605350882,53.78210696038592,16.020599913279625,53.14189659166316,52.21221175166608,51.31313845616745,49.80934627595919,47.77644277696485,45.78008509573256,44.18914175294696,45.72185944268298,46.7359221394948,49.664421136661694,51.40712257979267,52.42404758074511,53.30628837917417,53.58104341153481,53.706425999569056,53.30367094330957,52.85388508921991,51.61179267766518,49.85682394377277,47.85742574558299,46.47578554212455,48.06451323247262,49.02530472581751,49.512403503243405,49.85538738393282,50.142600519709255,29.64730921053629,13.010299956639813,61.12216442500576,59.694201061645664,41.1965172203987,71.74214328563745,54.037191944157605,42.39999792886872,81.25846599267591,13.979400086720377,9.030899869919436,45.36873948928961,50.716795347219445,54.56110848126948,56.91679893043648,58.81244244531172,59.970388972165416,60.831584878931615,61.41026247424245,61.599742286965935,61.52768249791664,61.00396050552459,60.094185987263565,58.78340227053991,56.84648807892768,53.81115080709851,49.32296154685877,44.43810401121398,48.96129218798853,53.82067497094137,56.58005669659151,58.45783064337201,59.74972914412522,60.55866256174069,60.92866554342389,60.84921074504458,60.40143280095198,19.294189257142925,58.085215546293504,55.910200617183,52.424718561042766,48.11481166678546,49.66634436074877,54.23122943007486,57.47437445265476,59.88240030200173,61.39063862235101,62.56443760669665,63.37814139518264,63.872007602972815,63.983402437043424,63.81319087990292,63.373138731034935,62.50273830300111,61.37366772832867,59.45305571011599,57.17578975363936,53.38017993470888,47.84189205380961,46.78918801456555,52.77125376889807,56.4450259640922,58.62804967617347,60.13006692977811,9.030899869919436,15.68201724066995,18.06179973983887,22.671717284030137,20.863598306747484,11.139433523068368,14.62397997898956,14.62397997898956,21.613680022349747,13.010299956639813,19.54242509439325,54.62389012402929,57.72574726916351,59.80345669894206,61.37427542713303,62.6980891076715,63.56385388344368,64.02354251344391,64.19702859342524,64.05312544345891,63.662914348115706,62.82568870593585,61.6069207370822,60.23240109852001,57.90094370420562,54.493765633205065,49.13416450054413,49.547874482598864,53.66034253210989,56.87964820458763,59.04114797623976,60.50582740521281,61.26734193571093,62.04207104247264,62.1095437714484,62.06307650565613,60.92485542851228,30.0,58.38194008143393,55.89087973271738,51.87467135744093,47.95108024611572,50.61550485879633,53.68950374098592,57.190825739014855,59.69263509762926,60.76311230732632,61.92431401407423,62.48042208205503,62.71939137660365,62.81885884507062,62.46081812708741,61.60139759534492,60.51440412502824,59.31258985410945,56.62875830454723,53.29871581646755,47.52278985460119,35.37189226243645,44.87986331129393,51.89237580166832,54.79431337197737,56.92967588807739,57.91859001967789,3.0102999566398125,14.62397997898956,23.97940008672037,18.129133566428557,6.989700043360188
16.020599913279625,26.60865478003869,9.542425094393248,13.979400086720377,18.69231719730976,13.979400086720377,53.58924215388512,56.08390161588222,57.93318828494192,59.010985307996926,59.60272850177794,59.98493863875101,60.18245166028621,60.07416598205013,59.76210542131006,58.71708339596615,58.26502404600207,56.87553930200119,54.04595986475304,51.10633474204708,47.34199560686231,41.94264516025517,43.6655369287421,48.91520732274182,53.530329021914646,55.1394702819286,56.648120879090726,57.45540861202198,57.86105176895488,58.12194505785975,57.76643080505562,57.57126409206479,21.613680022349747,55.40205551770154,53.84885425996748,52.62972878805368,50.94977452041181,52.92455446520636,54.715176028091285,55.95056193148355,57.31576678901254,57.789611777193095,58.51449151698326,59.09170769708037,58.96209750649929,58.53359889930764,57.721456056938514,57.012743269021314,55.46001926463773,51.60063160546631,49.464178738168734,43.20000804264728,38.85926339801431,48.37234798784421,52.622279521912965,54.91279029921063,56.30972689691294,56.47348733839824,57.18096268895892,17.634279935629372,12.55272505103306,17.853298350107668,6.989700043360188,12.041199826559248,16.989700043360187,9.030899869919436,47.41467697685545,13.979400086720377,3.0102999566398125,20.253058652647702,52.88807947483478,53.572962696348455,52.87983021225316,53.16106696713632,52.63778049022622,52.514751773525646,51.52710200264459,50.294568304255655,49.31508721866617,48.49001503811217,49.51517223175433,50.10113305625943,48.98203934872921,49.98895488692028,51.201525928444944,53.40731566264532,53.58429812930044,53.53756633462646,51.93939527414894,52.62083088808056,52.27693927597013,52.43119936496559,52.64841425329148,52.76142284901832,53.10149307284427,53.6040026671096,14.14973347970818,53.64175632770619,52.11667738630975,51.37205311533668,51.138130444151045,48.12358441629391,45.169582250038985,43.36399688986084,42.10853365314893,46.01679817305896,48.288467189573424,50.337814989266896,51.5580045378824,52.64978293493824,53.317693332066895,54.32868317689393,54.39032532120413,52.954021466851,53.44191783807624,52.53071336457255,50.8666230753694,49.01158516602071,46.10702738893248,46.12370550730972,46.92899771373342,48.76240940747596,48.93789493898054,29.49390006644913,26.39486489268586,61.12216442500576,59.694201061645664,41.1965172203987,71.74214328563745,54.037191944157605,42.39999792886872,81.25846599267591,6.989700043360188,16.532125137753436,49.69997998598342,53.53543104191879,56.227692331755264,58.22984230393951,59.4853081574466,60.571980915700514,61.173816786210224,61.36063874144658,61.3400265324633,60.68907601065764,60.13176516463212,58.830370785499966,56.75119987566816,54.06753017724128,50.18608971027917,46.526813847635744,49.50077501772212,53.40796959675008,56.39235402457976,58.26981336911993,59.49316804776846,60.31171254495086,60.7256934140984,60.79720160522447,60.41258822867144,59.69849058800926,12.041199826559248,56.20694966487496,52.76326209598216,48.212514315459416,47.81647684984131,52.58735430804552,56.52938339175898,59.21546022223331,60.97788830144786,62.4304996060015,63.19925342342713,63.79803537411558,63.92509128639322,63.865205459722986,63.53624103778508,62.840045778243066,61.83174430808261,60.20898431191605,58.11232394714864,54.81587369207495,50.131617701582094,46.98865761150679,50.731499139906575,54.893734042551536,57.74779652677459,59.68522640321771,60.85467899755213,20.5307844348342,18.129133566428557,18.129133566428557,13.979400086720377,18.325089127062363,3.0102999566398125,10.0,13.979400086720377,21.367205671564065,19.912260756924947,21.95899652409233,55.68279185903862,58.59566373893922,60.76419417821599,62.26288699703139,63.11019388592251,63.74940529182625,64.0539229766574,64.1393514643036,63.92534633939087,63.19088145594794,62.53190630410088,61.211936744855976,58.9931097422255,56.30706466418704,52.897784134227805,48.91699103324152,51.053364322243866,54.86675541658448,57.91489943163943,59.78896443910816,61.009908672562936,61.555400775627774,62.19978826953831,62.21479442328896,61.41936788046837,60.83237734098128,30.40602340114073,58.01642403462611,55.08095881195523,51.26550232828615,47.83510536397503,51.49012696727941,55.850555750785496,57.78015150122493,59.87882911316544,61.13273688700906,61.934054069951976,62.599458539661086,62.77377452358293,62.70622246099161,62.18138577231686,61.71668251368278,60.73737774053141,58.64397746263327,56.94901646289083,53.7824523505348,48.243406491151134,33.05351369446624,47.65109497206719,52.72985058100417,55.35305515375303,56.5476258828258,57.78513011738925,6.020599913279624,17.24275869600789,17.16003343634799,6.989700043360188,14.62397997898956
21.072099696478684,26.60865478003869,19.084850188786497,19.86771734266245,16.532125137753436,12.041199826559248,54.077256326368605,56.42029018195423,57.92529661148975,59.15697881620284,59.61170412456879,60.04715070277367,60.25182934335449,59.95993449410423,59.65356946491841,58.60842094534834,58.012225446797416,56.56376138223207,53.84885425996748,50.78036095467728,45.8849580100721,45.23291129186791,46.98152762261559,50.59374059065958,53.420612764436825,55.34234314311455,56.36958043887564,57.14317183468108,57.68706162510986,57.567532226640765,57.25745883038571,57.235098528440254,16.020599913279625,55.07284979347911,51.69806641617444,50.621305346221234,52.26437497679073,52.68627108026163,54.68774029246801,56.658632375958014,57.76625647944755,58.79167586671358,59.25446691612915,59.50561994899929,59.245113647825264,58.701533235163474,57.876729646874935,56.911681654679256,55.21536875904269,51.48507025464842,47.71683000465185,37.45855195173729,39.97779430865605,47.674304612335554,52.77895593794787,54.77400561002462,55.907125745010255,56.60862633270872,57.00177400257274,18.129133566428557,0.0,15.314789170422552,12.30448921378274,20.170333392987803,9.542425094393248,6.989700043360188,11.139433523068368,12.55272505103306,10.0,10.0,53.46268846200469,54.078733746655566,54.05907864450175,54.02426468975914,53.52045452447798,52.62413116968151,51.18016581440179,49.5580797024006,47.357665177908856,49.38849823608949,46.2574447222465,47.98084105211312,51.09031538178076,51.649146953371066,52.01509097769514,51.95932845623413,52.39834820621737,52.41112965906733,52.38209246709658,52.115743634828505,52.61619676547936,52.89557739291868,52.9208985543996,53.6972409276646,53.99971223746431,53.29719158753071,16.127838567197355,52.822708198495015,53.16349924946216,52.31380377589456,49.54613913640245,48.95096426495351,46.335997340679015,42.965774451391184,43.735372311927854,47.33879077703767,48.95654549812875,50.70348230035572,52.42601052738252,53.30255450243748,53.61276312767363,52.70189542704181,52.31533302670493,52.52768104761324,50.16138774198267,49.22424408872787,47.58866493389423,47.757196449600194,47.1568585857204,47.73735262480932,49.38504714739147,50.87060543881668,51.339634152892025,25.68201724066995,22.50420002308894,61.12216442500576,59.694201061645664,41.1965172203987,71.74214328563745,54.037191944157605,42.39999792886872,81.25846599267591,12.041199826559248,10.0,46.90807207381624,51.29857391890302,54.394037543861415,56.89192498798322,58.54959724650172,60.05291217736945,60.77833568120361,61.32621450886326,61.489507528139015,61.37916241071788,60.75690729212003,59.8762024157043,58.70823364566866,56.74567226856767,53.63207578188511,47.73859552376688,41.3026942380537,48.49001503811217,53.52491239988165,56.47402532488529,58.55490686337694,59.824272795810685,60.45907904119082,61.10173733096087,61.0995666051145,60.43373282628757,16.901960800285135,58.159773278703,56.60685274789785,53.7278316770235,49.78020652535045,50.69183221763715,54.297684244786055,57.28945966831425,59.730617803706906,61.42470810492652,62.42511861477679,63.22825229651497,63.76088557436336,63.88971937931562,63.7921157667616,63.14654560989719,62.38339717463359,61.099472201113166,59.202094458639024,56.48614657344243,52.47374164888537,45.93740066214235,46.69363376415619,52.624629555377794,56.32200081304981,58.65982930849559,60.20102618078944,17.24275869600789,20.37426497940624,6.989700043360188,19.49390006644913,13.979400086720377,19.294189257142925,12.30448921378274,21.33538908370217,14.14973347970818,14.62397997898956,22.85557309007774,54.40954712059246,57.52033074291343,59.93594928415987,61.582400279139655,62.69761775026278,63.486290022858384,64.01769362098376,64.16687095818229,64.04033638880239,63.466512049507166,62.91544886101239,61.73158577612873,59.72003702510512,57.12976141428744,53.604911700486575,50.0512901208094,48.96200925970138,53.76994627731844,56.882355637448576,59.16835433678733,60.58301868341555,61.70497872160801,61.88875072093686,61.882648697706585,61.847419536420006,61.67799813028218,34.452927694259714,58.412299137292905,55.70099078991958,52.82361503321636,48.67090189051021,50.792536224300775,54.94427334379645,57.33470920864281,59.41561120236071,60.92984719264769,61.8273326545208,62.51677147060549,62.68054678205486,62.63579263415124,62.32581682134856,61.77729220428218,60.70283958679268,58.7537673610734,57.05083333293985,53.70100248914768,48.50094594386701,36.7833624673218,46.36387585813157,51.654283353802256,54.78464041954433,56.76497904443488,57.9700771762111,0.0,9.030899869919436,17.16003343634799,19.084850188786497,19.294189257142925
13.979400086720377,26.60865478003869,0.0,6.989700043360188,17.24275869600789,3.0102999566398125,53.7455956096888,56.03620643970535,58.05436286886112,59.06188995161138,59.73625159353922,60.00460108336458,60.16171412219505,60.03896761669908,59.65184761799199,58.867219113395215,58.0330003106248,56.52184432700529,54.17180959067888,51.40155939547348,47.82250403478937,40.93491727010932,45.17420247475372,49.729892268553485,53.71677294808662,55.28089725992227,56.64092649984019,57.59707873466665,57.801797277520144,58.012623526336704,57.6618969331016,56.8448719023264,15.563025007672874,54.485362781046575,53.63062654320038,52.35136900430184,50.96889166372602,53.72514331092105,55.027984332161125,56.26735467446676,57.76518131687993,58.38607329137857,59.02190065674168,59.16585533002349,59.21312873591008,58.67050081782243,57.76253586522604,56.54777974576079,54.59430185296853,51.084364751903486,47.5613383129068,41.43701629424769,44.44747222225778,50.60403175459535,53.11145422774845,55.16053879711486,56.34954630881513,56.83606215180924,57.20088156006213,10.0,13.010299956639813,10.0,13.979400086720377,14.62397997898956,6.020599913279624,3.0102999566398125,18.325089127062363,15.68201724066995,6.989700043360188,12.041199826559248,53.62371247946647,53.96017917131346,53.54680715718749,53.42122519112357,52.814083811499245,52.22409495922814,51.33551681549492,50.06389017678632,49.03594561100246,47.2129112907525,49.87313145438823,50.80456920262958,49.2048334912942,50.56847703565892,51.2361973764742,53.32068647204658,53.179505707955165,53.28175661438323,52.463927024556725,52.90651094484441,52.71195490502451,52.72094677699539,53.14989453439758,53.014835964324256,53.16808752053022,54.02373166646733,6.020599913279624,53.82623909824184,51.56443139043377,50.39184020971685,50.43550889865245,46.294197936892125,43.829890619644594,44.034122416045264,45.00922239190301,47.16545872727093,49.84230181299428,51.46555915104454,52.2446572490816,52.71946103331162,53.149305714700034,54.27130543208961,53.78428791088845,51.90802162435431,52.53737701864096,50.83423780342954,49.17846719388776,47.06017568899007,47.28426834761584,48.65944495223916,49.73645002826976,50.26851820942929,50.86932579162186,25.58708570533166,24.14973347970818,61.12216442500576,59.694201061645664,41.1965172203987,71.74214328563745,54.037191944157605,42.39999792886872,81.25846599267591,11.139433523068368,14.14973347970818,45.476885761290205,50.85076411472095,54.39207914946364,56.90175694298878,58.7449631326803,59.92132715511665,60.89871567074228,61.44048377519576,61.64572029944901,61.407273346604896,61.061623287932754,60.13700738180802,58.66432079789385,56.71628196420115,53.68565785360333,49.55288381339524,45.26041890680879,49.10031780987505,53.67884953324413,56.63063618378324,58.38956077647993,59.68137710699725,60.576406235386486,60.866395401409406,60.80662917073779,60.54292002252369,19.49390006644913,58.16066884135354,55.74494268285328,52.41807875084884,48.3905045598111,49.18056561505272,54.010039798994825,57.47369075557867,59.72288485028422,61.55667553961048,62.68376221449347,63.44047255762462,63.818701505148525,63.950578688955,63.71490862317323,63.40127103011192,62.50698300764815,61.34692725359053,59.51879805297377,57.07948954095178,53.15519032228976,47.96366154977521,46.95569227036185,52.33630580164463,56.09501564854705,58.67104933439287,60.21610153929035,19.294189257142925,6.020599913279624,9.542425094393248,23.97940008672037,17.853298350107668,17.24275869600789,18.06179973983887,16.020599913279625,18.129133566428557,22.27886704613673,21.367205671564065,54.04210895470507,57.46304071955295,59.90958769392797,61.57716602189155,62.85680154216042,63.53573312454991,64.04165175332037,64.23042937259002,64.03054599540116,63.596552791258034,62.94309234504988,61.83307718205739,59.95595272764899,57.68845950564335,54.21230338779985,49.703561757982335,49.3438228718508,53.35096674261542,57.11885647954681,59.001862715401934,60.58901058874845,61.76123685166437,61.94014824198612,62.092157308010805,62.09273136320483,61.44458691708587,38.78808932359205,58.25016298430877,56.74226221276672,52.98634783124435,49.42826237142525,50.8109515656134,54.194617259785154,57.45270023988988,59.54273874019311,60.8459700919256,61.94789539098216,62.58383670730164,62.75886039941084,62.784984351432136,62.28426025467109,61.803466953374375,60.684726983140095,59.00337082086917,57.204412964416136,53.97253280732584,48.757844850107965,29.29418925714293,46.63220203497093,52.48350962812665,54.98758404403574,56.63121165254557,57.89933785382893,17.16003343634799,14.62397997898956,16.989700043360187,12.041199826559248,17.16003343634799
16.532125137753436,26.60865478003869,9.542425094393248,18.69231719730976,15.563025007672874,16.020599913279625,54.110014906753314,56.53706363493493,57.84671486920699,59.05638858576215,59.60546879428199,60.11777603817252,60.28363408508383,60.02667911179007,59.71396469342103,58.70011575423008,58.06952872870882,56.477447314699006,53.828613835632815,50.604863063151726,46.01244924810521,45.05828033854837,47.175040747642015,50.49070647754163,53.30352886677328,55.41190950922344,56.387387797893695,57.25392944866386,57.693610766588826,57.57474984248546,57.26727209026572,57.11791206230757,16.989700043360187,55.08634744936374,51.77931657935193,50.33524274983268,52.20406236102959,52.59254528426925,54.64194353422528,56.70640065461623,57.67667067490207,58.80695288066586,59.28900528674014,59.52162574214462,59.22197965503364,58.72236128955056,57.91541882945373,56.84953921695447,55.20700953071454,51.700327701298335,47.46649764769085,37.52893154884594,39.8027614107784,47.74808830310705,52.90025702666389,54.694597074605625,55.97179429275773,56.656260127342144,57.04274092943231,18.573324964312683,6.989700043360188,18.573324964312683,12.30448921378274,21.33538908370217,19.86771734266245,14.14973347970818,12.30448921378274,9.542425094393248,10.0,14.14973347970818,53.50310055971852,54.12433665701657,54.06357908819143,53.97872253447816,53.55277154303717,52.61436551850959,51.198264333821164,49.545222979610415,48.04582364022804,48.94415761707619,46.10074322140055,47.711463488149846,50.94754044138029,51.542687315065606,52.077205176993246,52.09753542908981,52.58469661550693,52.33668618891134,52.371011757532926,52.25477279831442,52.705064813500144,52.9091789155549,52.85451535295688,53.932820652564345,54.04710592071158,53.38139621967077,22.27886704613673,52.82694602516138,53.283490182433376,52.38911319290792,49.72651716821393,49.28979299448852,46.151606643165564,43.33205372625344,44.010039798994825,47.464551517643216,48.84370487526471,50.699824212198585,52.36368448345456,53.09843004716071,53.7756849740024,52.69711366791274,52.38610570005447,52.513583327132416,50.465614935567054,49.07223197408704,47.52048447819439,47.66450028267501,47.16879400232708,47.69081787118218,49.157690659836845,51.10596443494836,51.080302824448935,25.05149978319906,26.48360010980932,61.12216442500576,59.694201061645664,41.1965172203987,71.74214328563745,54.037191944157605,42.39999792886872,81.25846599267591,14.14973347970818,11.139433523068368,47.08429398965095,51.439542341046746,54.348386576210494,56.89546812167289,58.60793626939946,60.06782982937752,60.83126928817472,61.32914160907583,61.51169360369973,61.43856640083905,60.84099185656412,59.93096157237816,58.78283327648564,56.731803957710326,53.72692960268908,47.6769746835235,41.72281761455,48.63382348440788,53.38432586828344,56.51192697773938,58.521773459846656,59.91219428277103,60.47492933623129,61.11062463553641,61.07582014186427,60.51486318339485,9.030899869919436,58.224172039823294,56.58526517459542,53.84396429207227,49.83878762953697,50.764110406595215,54.31191620752156,57.33967234102349,59.80621403346539,61.45199203993742,62.488255605340086,63.25635714005265,63.80013049638232,63.928843451807175,63.75460590987647,63.14428909940973,62.39772314759287,61.17314391443144,59.21803485178727,56.54255497333483,52.44845909032436,45.977500176258445,46.84279692743619,52.7214341759105,56.37809828647623,58.63180054896863,60.22910652725224,17.634279935629372,18.129133566428557,16.989700043360187,9.030899869919436,19.294189257142925,23.654879848909,16.127838567197355,15.314789170422552,19.49390006644913,18.69231719730976,16.532125137753436,54.4495772876919,57.58449357105192,59.91857116640374,61.5613495069866,62.74492681325758,63.55540592127202,64.01003979899482,64.22068406396721,64.1053176655581,63.54364520511525,62.85944625933956,61.82759782229056,59.8293122082553,57.40903246980737,53.75057922429269,49.96660497582575,49.95679060511623,53.863098680641,56.755162199251295,59.15761157186131,60.48073779258387,61.43078846156431,62.01513193811735,62.121343134680174,61.748180699072805,61.76438845039164,35.37189226243645,58.61188390651096,55.19782068970387,52.33407352501595,49.385847644105965,50.75612648027064,54.151820932196834,57.551466117007415,59.43420313471449,60.99709984339686,61.82706747055964,62.51128202920193,62.65801659353829,62.712208419430354,62.32705975898835,61.75245588701237,60.836133293113065,58.95920097215221,57.16715169946482,53.747061972430046,48.587416648371445,37.60799311630718,45.984074586221965,51.88658547006361,54.93693607543222,56.91828260794789,57.86969933669211,19.030899869919438,23.117538610557546,6.989700043360188,9.542425094393248,18.325089127062363
16.989700043360187,26.60865478003869,3.0102999566398125,18.325089127062363,12.55272505103306,17.24275869600789,54.1644910936276,56.356174326400094,57.61032781023392,58.6717334085168,59.558339333743255,59.99784971007391,60.06394581021986,60.02895754549215,59.66406923521198,59.22603506340647,57.968441224834,56.71162656584326,55.26930859030534,52.62994211380095,49.024380561986646,46.15371307939895,46.70987603010034,49.91093108048887,51.39365812193715,54.32849082039786,55.52203260049053,56.6079814765779,57.4020473550745,57.55912950008896,57.33506218727664,57.08945815640777,18.63322860120456,55.14878328117689,52.76528436838991,50.87511674084482,51.64129701982198,50.71753172038369,52.8296859463811,55.47859587515056,56.80873741184128,58.47962978587346,59.15204015552412,59.55892104392103,59.52376347501698,59.39443868528468,58.9524127591163,57.79055089381888,56.3351794213125,54.80272902825942,51.09571797908949,45.72790309529182,23.117538610557546,40.52347599224664,48.2463340780055,51.6154168529344,53.87925244679507,55.66613060170296,56.38706848866171,19.294189257142925,17.24275869600789,14.62397997898956,14.14973347970818,6.989700043360188,12.041199826559248,3.0102999566398125,15.05149978319906,12.30448921378274,12.55272505103306,15.314789170422552,52.1969190783383,53.27761364408446,54.62105874074001,54.69470021231624,54.49940988773338,53.85751014303502,53.00838864039903,51.97349488287165,50.73941853697419,49.63457260116708,47.8193479811377,47.2007657276814,49.76336220776418,50.73237978639148,51.43367716364853,49.58945932493936,50.42536136722143,50.25715383901341,52.2737758792837,51.430429191303794,52.22867277775195,52.18482987593645,52.08787901234352,53.16685188794964,53.45287451302157,53.38568041163269,12.30448921378274,53.35618349377605,54.503799929599424,54.22264735933416,51.89403277642206,52.43836416259868,50.85290578230065,48.30466766864205,46.92079840216632,44.19559253195721,45.380204603171286,47.51155882395935,49.76060964670421,51.35736743509474,52.43742275313181,52.340817583826826,52.531562034054005,53.4463784591778,51.56918477699124,50.44575035587365,49.01049445343407,48.27453280229952,47.26963440076019,47.05761110917477,47.221483600111625,47.94083539235628,49.06690522035343,15.314789170422552,13.979400086720377,61.12216442500576,59.694201061645664,41.1965172203987,71.74214328563745,54.037191944157605,42.39999792886872,81.25846599267591,12.30448921378274,12.30448921378274,53.07583743705577,55.68938226062598,57.61875239017848,59.13495959617124,60.09157159023262,60.66240176355773,60.78278423417916,60.702248501859614,60.23812359027267,59.551718696364446,57.94850388448615,56.01994842269376,53.2788181660691,47.75136943680951,36.63700925389649,47.46649764769085,52.89020073483047,56.14433158550452,58.2282817599809,59.70871525443389,60.676525028520736,61.16899831633445,60.955696248001125,61.04520228418202,60.38280301847991,59.01781333775623,6.989700043360188,55.092589903881816,52.71062894639925,51.32906165986956,52.77916205832143,56.175894908435744,58.65067238765676,60.46027450947534,61.88227706668932,62.76613665795041,63.27090917553917,63.61178011188781,63.750562743817774,63.44961788789682,62.8038758487499,61.64957175327832,60.28133891560411,58.29860599448692,55.01029120860778,50.04922949296525,40.42732979621721,48.48564727047296,54.33833813665981,57.40383219293597,59.42826237142525,60.518395152176005,61.42883867290245,0.0,18.129133566428557,20.170333392987803,19.49390006644913,14.14973347970818,21.33538908370217,13.979400086720377,20.0,3.0102999566398125,17.16003343634799,0.0,57.739209530797865,59.90376154552337,61.307546692666754,62.63736879474976,63.29184849921894,63.87073779932752,64.04977317822937,63.981777632390674,63.555605111073575,62.79479180587931,61.7266655302602,60.17486189187718,57.9305523261035,54.58312950783824,49.25234716231713,49.00154026258598,52.97771450368965,56.26301350988199,58.58629219752856,60.2669665597816,61.46602398346761,61.98310612679097,62.32560327478232,61.699781576633306,61.54804232732587,60.559074964146674,17.634279935629372,57.65109497206719,55.24756910514376,50.9143128451026,50.0,51.36673014062368,56.02411627464886,58.532192506233535,60.08608687256509,61.63665174459272,62.23901231756091,62.69087080196946,62.730128530955085,62.58118165459527,62.24779791935758,61.31102593056367,60.23402687189111,58.62015034851413,56.0919407628991,52.34365405741633,45.60635818678364,36.95569227036186,46.535694536275145,51.94486590549705,55.02777964652292,57.25985096952107,58.08790096216285,3.0102999566398125,15.68201724066995,22.14843848047698,16.532125137753436,13.010299956639813
13.979400086720377,26.60865478003869,6.989700043360188,18.129133566428557,16.989700043360187,16.989700043360187,54.36916042942655,56.46225266095101,57.757196449600194,58.90202419209886,59.64725268594087,60.04835772483624,60.16182709424636,59.94196131774329,59.46199180359444,59.23907391481321,57.674356546038965,56.25003601014864,55.288575910891645,52.63768585104255,49.0829195620292,42.24895470849482,46.00853148871242,50.57837202002923,52.34499567175968,54.58335625991947,56.061932017447226,57.10362803346826,57.75497582302813,57.94818347322232,57.91192222432986,56.84719721101585,11.139433523068368,54.71188994136752,54.083112109060814,52.37304911053133,51.40435759359677,52.21979886749181,54.01555618262893,55.53427870813319,57.10913265210942,58.3119958686386,59.03841751154012,59.39556191038111,59.38585764938125,59.20647608208579,58.51582419433653,56.598857888882186,54.70987892117449,53.59860135912019,47.31749883527264,39.31508721866618,41.94514341882467,48.1241195830134,50.38242523191958,53.27518316758359,55.08536452166873,56.90934638612735,57.21134336614164,11.139433523068368,9.542425094393248,14.14973347970818,12.30448921378274,10.0,17.24275869600789,16.532125137753436,16.901960800285135,20.37426497940624,12.30448921378274,19.084850188786497,52.47762201944017,52.99579203023188,54.14185893345503,53.87733210366661,53.63816858392262,52.7219679310154,52.06461563301388,50.98093155281372,49.95011819985268,47.69406868913598,48.85926339801431,48.887690149758456,50.26079530994727,51.51682356254935,52.21153321954705,51.62220777728795,51.671548132099055,51.64031477972192,53.19607759678525,52.75055540820078,52.812356876997086,53.11510164083533,52.495334300361606,53.12314903570763,53.34907914305646,53.601274424787576,0.0,53.73445342297978,53.281450618764254,52.37697021062678,51.161326821837854,49.82886048164304,47.86297020344334,45.57952095720065,44.58139068178272,44.57291339128507,47.07612751901304,49.63584794429581,51.48556385173586,52.51905770472128,53.24171294617649,53.460085323617854,53.23973605350882,53.19074813978499,51.97556213153536,50.92762739039679,49.0298682980209,47.19704089747535,48.2865989653532,48.38351570159206,48.83621693971008,48.414095303340986,49.66845423654917,23.180633349627616,28.12913356642856,61.12216442500576,59.694201061645664,41.1965172203987,71.74214328563745,54.037191944157605,42.39999792886872,81.25846599267591,11.139433523068368,16.127838567197355,50.24424090392274,53.75674585472368,56.48813587376279,58.30809929293774,59.80865646869809,60.57617804026904,61.15011737804672,61.304752932641016,61.226748406295386,60.934304410111054,59.91963307060757,58.65947451931274,56.81286474028085,54.11897363657785,49.68487618361968,42.98634783124435,47.82451123907271,52.97351184418165,56.21892588317354,58.20275697128829,59.56015631867345,60.3808580609934,60.77984565208753,60.891124189206906,60.50228906514935,59.75943468947292,13.010299956639813,56.44951364690996,53.77746880084664,49.90680649447501,48.96834743546406,53.46079008652942,56.95048041185479,59.29615591032312,61.11001926034237,62.315027219618585,63.17629868209629,63.66438274008567,63.944579850551975,63.926336506652405,63.46837861462849,62.78225269057955,61.691863867008,60.197545872965605,57.87523524115887,54.7401218516985,49.38639790002001,44.61033069118142,50.8036669825053,55.34526145637935,58.09185858515246,59.58145631642097,60.80434907820575,16.989700043360187,16.989700043360187,12.30448921378274,18.129133566428557,19.030899869919438,19.138138523837167,13.010299956639813,20.0,20.253058652647702,19.49390006644913,19.54242509439325,56.46133065654123,58.918345049187614,60.6926617009109,62.06424305222038,63.101801382829656,63.8149720004631,64.17140739367791,64.12652871253758,63.838918094379984,63.39373917294736,62.381590552118816,60.96398982152265,59.27475587133298,56.60960291776084,52.83563535722431,48.38628740544196,51.16694063058728,55.38122365885619,57.62232038544815,59.62366494039251,60.69416843707251,61.81075465002935,62.25382175039093,62.19627743961003,62.03634658933005,61.07015172035598,28.35690571492425,57.72381858211708,55.81209852354842,51.015718090086,48.5079934446789,50.46612209068446,54.98324340697171,57.61811359748911,59.474793057100825,61.25444828979652,62.17969030188827,62.6305630691079,62.84593591936903,62.89391379420166,62.38854944661752,61.44818215660952,60.33311548251733,59.11863096996533,56.11210133946947,52.82984440133955,46.38379421473682,36.20864475265121,46.15002614524588,51.80561672034769,54.768272826484704,57.09847222749437,57.99724351284303,11.139433523068368,6.020599913279624,13.979400086720377,12.55272505103306,21.33538908370217
20.253058652647702,26.60865478003869,6.989700043360188,6.020599913279624,16.989700043360187,9.030899869919436,53.25517715789688,55.848240498323165,57.83510536397503,58.97805720001129,59.670872299931965,60.01443798032974,60.26749744968129,60.097792546439095,59.87167791367126,58.96846309010903,58.47985166310562,57.27239423228104,54.78723736555345,52.38660709351697,49.10352218647786,44.250938339654425,43.57267654644208,47.324661362054215,52.61048643344225,54.30684446956542,56.06712334758066,56.96421047484532,57.30137620875581,57.6281055718854,57.47626959541957,56.912804613207335,26.522463410033232,54.86499903744316,53.307870249867534,52.10853365314893,50.21722533370807,52.51942241799027,54.35246959569129,55.74841195063384,57.49108375846162,57.96963358927563,58.95706457497936,59.56685528655561,59.64757769231832,59.28066421505251,58.708835883535606,58.10352167792972,56.8770460538948,54.24031808970005,52.431298612426254,48.27498508133459,40.98332167847684,43.03476853603883,49.23824072403459,52.654428514948336,54.59877781875104,55.15831471451349,55.95077157007697,11.139433523068368,16.989700043360187,13.979400086720377,17.16003343634799,14.62397997898956,16.532125137753436,14.62397997898956,11.139433523068368,13.010299956639813,15.314789170422552,12.30448921378274,53.81270351600467,54.44550657351506,53.89708170852222,54.17327181132359,54.00368728344007,53.868234504428834,53.08368029646368,51.94095107863117,50.70326068573329,49.59637541326031,48.83803338269372,48.67314249748576,46.88864568054792,47.78917827024845,48.81093507707397,51.86801000820015,52.1912851342833,52.37435653729489,50.81581317229508,51.70862855706599,51.26391191616615,51.75448027113329,52.47150517744046,52.565469764817536,53.05372868641297,53.92070555036004,10.0,54.56403994274289,53.28601791186755,52.74273337758417,53.461905727295154,50.85151381851523,48.95560658453326,47.73354860666744,44.057389775042495,44.92830205678689,45.56784782307026,47.539276003484254,49.394194033293175,50.83592192787562,51.86266790599878,53.18357636770522,53.59996653438638,52.32795425060274,52.93506190708449,52.247013611867246,50.81901525751957,48.920500573822814,45.57519232057095,45.02563669107364,46.37029173272112,47.82737706547561,48.7060286256163,21.70261715394957,18.69231719730976,61.12216442500576,59.694201061645664,41.1965172203987,71.74214328563745,54.037191944157605,42.39999792886872,81.25846599267591,14.62397997898956,12.30448921378274,52.98473175424503,55.62701979374439,57.69380280450321,59.09604162661629,60.08534171016935,60.66732071001867,60.9726182272214,60.83305494270303,60.4473413030476,59.516021925949694,58.217970700798425,56.29039373510176,52.853952621852585,47.4074943414471,35.182506513085,47.25298943058368,53.02023393021193,56.26866745815752,58.25909480054767,59.65758915416083,60.47244095653625,60.97529743146133,61.246241935250616,60.89156279225672,60.26448276666983,59.27931092939463,17.16003343634799,55.43582604168391,52.25322206964533,50.685272240686,53.167019451954346,56.03526513553171,58.52714766369797,60.54806414251474,61.86529738065256,62.93883837147614,63.48583851442235,63.78168336549254,63.68080383192304,63.32508143439405,62.69189905143893,61.76256259610685,60.23190707213023,58.31230974969841,55.15700356085687,50.05630880886649,41.89237580166832,48.5166187155871,53.94845519367704,57.09631157313985,59.27831107255543,60.84856780883087,61.55465091823185,9.542425094393248,15.05149978319906,16.989700043360187,23.521825181113627,12.30448921378274,18.69231719730976,20.827853703164504,19.138138523837167,14.14973347970818,17.16003343634799,22.92256071356476,57.33686674334263,59.6434827192384,61.460116912166136,62.67806507981653,63.45465677534804,63.87849863554752,64.14546193090368,63.97592781751734,63.63455906647878,62.817714950083655,61.945357092003405,60.4475646159782,57.686092459708206,54.47661830824472,49.832924330659296,46.55186473579409,51.76583180765493,55.741516953655065,58.76786324830032,60.28106618186973,61.41763543619457,62.14837492472191,62.19062430484769,61.829872467586576,61.5588963771599,60.83978935811047,38.06247827195791,56.99832524704581,54.18996931155748,51.69053990160983,49.3438228718508,53.2333668135886,55.96734508847636,58.42450718156751,60.22538065148928,61.3149291243962,62.18204800889133,62.663702441708125,62.80130643354084,62.6028347234254,62.13682412371742,61.545755084488334,60.28637936987537,58.46476286776695,56.52134125705621,53.10151433630458,47.06145741121137,30.87781417809542,48.36286129105397,52.99507298700488,55.54997659078943,56.67061444457141,57.85532695702479,18.06179973983887,20.96910013008056,24.37750562820388,14.62397997898956,13.979400086720377
13.979400086720377,26.60865478003869,16.989700043360187,6.989700043360188,0.0,6.020599913279624,54.08872285400405,56.19323988307231,57.81015367167437,59.07521532899122,59.54445615246482,59.98261518611408,60.18885575168015,60.14124705230007,59.78418377576774,58.80340181940654,58.2707188634486,56.75457541641209,53.95384062149368,50.8109515656134,45.91086877967346,44.56608927140913,45.44688022302678,49.90374378445705,53.31170085641,55.30953614090548,56.364126656203936,57.454448777087975,58.00964390784695,57.8896690815973,57.651989947905015,57.80628337086773,10.0,56.11184618793965,52.96076959140754,51.46565212150938,52.30494903065605,51.87588397819988,53.79704269024448,55.83194238232332,56.904176023398215,58.15102021733664,58.66613380686627,59.09308860334682,58.81124915527092,58.41534654793147,57.69336701392974,56.95849270237379,55.43414870849784,51.703233338891536,48.7692184317458,40.62544381346464,36.23352681537992,46.94227769062064,52.71946103331162,54.704766445414975,56.07180419411315,56.63909073072986,57.21739737843944,13.979400086720377,20.681858617461614,17.24275869600789,11.139433523068368,12.041199826559248,9.030899869919436,15.563025007672874,15.05149978319906,13.979400086720377,16.989700043360187,13.979400086720377,52.281256293345976,53.10015326491983,53.20953862802317,53.30255450243748,52.99568309194047,52.400122882325455,51.105257397342,49.9153174686426,48.29753918924976,49.62312499521634,47.44026847318074,48.832127163102605,51.28790087105784,51.75192788386603,52.34340087615185,52.577865352154745,53.18624631777532,52.84205067701794,52.57678574869185,52.189134447431,52.36098715086087,52.39974801116937,52.62911245480504,53.21824113821805,53.46261019488173,53.117538610557546,23.97940008672037,52.8540651739068,53.10008945423141,52.47924190766308,50.08744912467108,49.51167459700895,46.90780654501487,42.63138771218142,42.36058366738554,46.03144372620182,48.38219221907626,50.31303412881834,51.92860043589025,53.01277472994325,53.87877244061288,53.71662530796799,53.64678544763483,53.74904077709513,52.49337798583266,51.55900556938466,50.04776928979449,49.63003501229706,46.90240393531119,46.394067948960526,47.23233952857966,48.635250871723954,50.1497391715127,26.45422269349092,28.87617300335736,61.12216442500576,59.694201061645664,41.1965172203987,71.74214328563745,54.037191944157605,42.39999792886872,81.25846599267591,15.314789170422552,6.989700043360188,50.24900061074732,53.838045982151634,56.18892840749256,58.22832747426149,59.612473415208605,60.58585818462517,61.09684155020809,61.339873412945984,61.19470343473498,60.90320493709075,59.96861768490674,58.69631790586978,57.1073070081848,54.334001664185166,50.43291527456002,46.47480773173676,49.51653166268216,53.47915186501691,56.39059954104088,58.26875240702171,59.612164765579934,60.503058851119135,60.73100736792203,60.979760257462125,60.58152986082818,59.56301004571283,18.129133566428557,55.94653269805235,53.13631034885857,48.30492433249088,47.70586937520651,52.66748965908202,56.51290616110536,59.13288674201031,61.07004988572694,62.40642337064963,63.20411561083573,63.75605460322199,63.98097368480404,63.96017917131347,63.66329737352571,62.84142085920806,61.80135341188964,60.35251180433363,57.92907632958968,54.77574132418975,49.71818377830399,46.59973215296316,51.19638533425346,55.04685577884161,57.83649928666747,59.64663086683135,60.86994788943628,14.14973347970818,16.989700043360187,14.14973347970818,20.0,15.314789170422552,16.989700043360187,21.64352855784437,18.129133566428557,21.64352855784437,23.117538610557546,16.989700043360187,55.80085212234098,58.73675101850418,60.8537086354363,62.22916668561346,63.155809843698165,63.744902581019176,64.12468947628837,64.1753230751459,63.97851924819104,63.25930056738713,62.59804047575338,61.30073757386601,58.99393655836008,56.31817020650735,52.22916668561346,50.143735089703696,51.63581745105009,55.21203484574863,57.61525666888856,59.94092687188989,60.78599263581148,61.970138332121614,62.14645722207965,62.05650883636126,61.96473813876502,61.24211988503694,19.138138523837167,57.57326930992523,54.89628065082261,51.14187156915632,49.68282099292496,51.03954159127256,55.4486393479194,58.0259928854385,59.76757941594576,61.06769004814181,62.13511647611998,62.55673077608926,62.78542574003555,62.66444792180815,62.28255056220941,61.72360324000759,60.76634983101873,58.83349084994615,56.78333514166021,53.48158775313901,48.23213313282668,36.93375151025185,46.96574791796473,52.06394064430874,55.15377033954657,56.85741738602264,57.99551441275209,13.010299956639813,11.139433523068368,21.13943352306837,47.41467697685545,16.127838567197355
18.69231719730976,26.60865478003869,11.139433523068368,12.55272505103306,0.0,3.0102999566398125,19.49390006644913,12.55272505103306,9.030899869919436,12.041199826559248,13.979400086720377,10.0,16.020599913279625,9.030899869919436,10.0,0.0,16.020599913279625,11.139433523068368,12.041199826559248,12.30448921378274,9.030899869919436,11.139433523068368,6.989700043360188,12.55272505103306,3.0102999566398125,14.62397997898956,6.989700043360188,17.16003343634799,18.129133566428557,6.989700043360188,13.010299956639813,6.989700043360188,6.989700043360188,11.139433523068368,14.62397997898956,12.041199826559248,9.542425094393248,0.0,0.0,13.979400086720377,6.020599913279624,9.030899869919436,13.010299956639813,12.30448921378274,3.0102999566398125,11.139433523068368,12.30448921378274,15.563025007672874,16.901960800285135,17.634279935629372,3.0102999566398125,10.0,14.14973347970818,9.030899869919436,6.989700043360188,6.989700043360188,11.139433523068368,13.979400086720377,12.30448921378274,16.989700043360187,10.0,9.030899869919436,6.020599913279624,13.010299956639813,9.030899869919436,16.127838567197355,10.0,18.325089127062363,19.030899869919438,13.010299956639813,35.88159616383092,34.0226138245468,32.27886704613673,29.03632516084237,28.35690571492425,19.49390006644913,13.979400086720377,18.325089127062363,29.661417327390325,29.93436230497612,33.02114376956201,34.099331233312945,37.60422483423212,35.826314394896364,37.50431248660202,36.41870545476313,35.487578285737044,36.983615660551095,35.55336327995266,34.553017716570764,31.550322287909704,32.11921084308509,26.82145076373832,26.19093330626743,24.8572142648158,27.671558660821805,14.14973347970818,31.94514341882467,33.117538610557546,32.55272505103306,32.21153321954705,34.49169732165201,33.868555291847244,34.099331233312945,32.619761913978124,27.30782275666389,29.98695158311656,22.04119982655925,20.37426497940624,23.443922736851107,27.551122663950714,30.170333392987803,31.53509989300837,32.22456336679247,34.466924663715275,33.54108439147401,35.68201724066995,34.153072922255674,33.45569756056392,34.34888120867316,30.366288953621613,30.93771781498729,25.514499979728757,6.020599913279624,19.294189257142925,61.12216442500576,59.694201061645664,41.1965172203987,71.74214328563745,54.037191944157605,42.39999792886872,81.25846599267591,47.819850234022994,52.337598982440525,55.30892223384302,57.6172416817127,59.42984736972307,60.86682228029397,61.90983770879776,62.475854179283175,62.95213363268904,62.96578542062571,62.634213533420734,61.89923830272544,60.75373573946176,58.94746819789167,56.20549323291659,51.56282556870387,43.18063334962762,48.8595457649608,54.86608977582232,58.26178502434343,60.42374658943038,61.72053002193152,62.73041109517028,63.19167085373608,63.21658486112403,62.846946144623374,62.09133364770204,60.936741330032206,23.69215857410143,56.55430428493754,52.72623561192013,50.76662285257662,53.9578403980201,57.64460087566783,60.39120524145078,62.19605742736433,63.73166800185199,64.7075437953082,65.29495673299621,65.59245947288672,65.58877696498197,65.31658984183703,64.76029514968931,63.82100109217984,62.46332364879285,60.51787093660725,57.64041562478696,52.97097076520063,45.19946063837529,49.6267706894345,55.72090563699319,59.08463571708004,61.28002276594237,62.67660914410633,63.473762725353,63.70564898376542,63.48079088091906,21.13943352306837,17.853298350107668,16.127838567197355,15.314789170422552,19.084850188786497,9.030899869919436,17.16003343634799,47.41467697685545,13.979400086720377,13.979400086720377,20.170333392987803,19.138138523837167,10.0,6.989700043360188,14.62397997898956,6.989700043360188,6.989700043360188,47.41467697685545,0.0,14.62397997898956,9.030899869919436,23.89166084364533,16.532125137753436,13.010299956639813,13.010299956639813,18.573324964312683,18.06179973983887,9.542425094393248,10.0,16.901960800285135,10.0,19.86771734266245,23.89166084364533,28.63322860120456,33.820170425748685,25.4282542695918,27.067177823367587,34.62397997898956,24.37750562820388,25.477747053878225,30.51152522447381,15.68201724066995,23.521825181113627,17.634279935629372,14.14973347970818,17.16003343634799,15.68201724066995,16.989700043360187,17.853298350107668,3.0102999566398125,22.30448921378274,12.041199826559248,12.55272505103306,12.30448921378274,17.16003343634799,12.30448921378274,16.532125137753436,6.020599913279624,12.55272505103306,15.314789170422552,13.979400086720377,6.989700043360188,11.139433523068368,12.041199826559248,20.5307844348342,18.129133566428557,11.139433523068368
21.33538908370217,26.60865478003869,6.989700043360188,13.010299956639813,22.671717284030137,0.0,53.8913063030664,56.333522915210985,57.88960553927403,59.020926797996296,59.63395368861293,60.04174290747564,60.24387960974943,60.092847102470586,59.65808254379985,58.66671239307387,58.04006464691743,56.53803716786001,53.67588849152763,50.51152522447381,45.680256230379264,45.49616239519086,46.666864241923705,50.41807041252444,53.30125500984553,55.386252529551086,56.40132469887875,57.19072622414963,57.654986773848165,57.52644520907055,57.155905677774,57.21078207659824,15.563025007672874,54.96697224511813,51.855336558576745,50.6080356874801,51.80082845177537,52.76742051969621,54.90267575830813,56.7381408375378,57.756868887567016,58.70549036055709,59.27342641229899,59.58633154594723,59.14106637630629,58.61545163546658,57.804505329641245,57.03191607926991,55.31214427821176,51.25474759367484,47.84652947530634,38.78291949249796,39.42603248842157,47.77528315082557,52.91284470116253,54.8876640012804,56.05563606070498,56.49763099462267,56.91903308506012,6.989700043360188,15.563025007672874,12.55272505103306,18.129133566428557,16.127838567197355,20.96910013008056,13.010299956639813,9.542425094393248,17.853298350107668,3.0102999566398125,19.49390006644913,53.554974950531886,53.981779368617495,54.01733027900966,54.12927352040221,53.36447725540158,52.65709099751234,51.17417141066332,49.54556053354576,47.64063993693171,48.87982808936261,46.32831697087637,47.75595886337869,50.67312683660242,51.23724272782159,51.702617153949575,52.14284731369968,52.70389986673348,52.58105461228946,52.32411578420846,52.08624065677991,52.58879022172603,52.75748884479195,53.11128450605299,53.84622188451544,53.910427846617786,53.436547227318975,9.030899869919436,52.80698990972074,53.13405273360893,52.31877187346478,49.662356240985815,48.99273187317604,46.17943434828973,43.33830010445646,43.69215857410143,47.2366086669145,49.02677211134544,50.76877002378336,52.35013047748127,53.192914020518586,53.58507813783405,52.77226316387722,52.567225554135575,52.41954684882812,50.287989129645965,49.18585962065328,47.886773431816,47.92111409087169,46.61291977065603,47.43086238752207,49.05957699092427,50.94715634328188,51.44493256291127,24.62397997898956,30.751818546186914,61.12216442500576,59.694201061645664,41.1965172203987,71.74214328563745,54.037191944157605,42.39999792886872,81.25846599267591,16.127838567197355,18.129133566428557,47.09439574132411,51.459418695761215,54.2749260074356,56.861793942987696,58.62002503588645,59.98270675280276,60.85069627799289,61.311520443563865,61.53402927395441,61.43775242994352,60.80435990425795,59.92374107880579,58.69720319514454,56.68073597009197,53.64712301573003,47.9276278264298,41.389339402569234,48.50872817755948,53.52664799651101,56.52990484294446,58.57072445086327,59.81070287979303,60.54046647228623,61.12688769397097,61.07823316582277,60.51350129728365,14.14973347970818,58.243478077921225,56.50731894448626,53.62033622714343,49.58286687187968,50.44669088768679,54.32278036532973,57.33169167512152,59.666808621378976,61.45549728941049,62.48240630930471,63.27053287916692,63.7320119095698,63.89418610784563,63.73217006119674,63.17158099207883,62.38036061521796,61.13117407895322,59.249622455704056,56.64154766135218,52.26715873412207,45.70005576761788,46.53955004827485,52.61999948651827,56.39105816765933,58.69935410646861,60.25389848058008,17.16003343634799,16.127838567197355,25.158738437116792,6.020599913279624,18.69231719730976,9.030899869919436,21.13943352306837,11.139433523068368,13.010299956639813,19.030899869919438,19.294189257142925,54.23183593281438,57.50641825409458,59.96656121091956,61.68988659664232,62.72003449774478,63.49307450978528,64.0220289926014,64.20120187812329,64.03382220606302,63.51688492661117,62.92518562912841,61.708860049591095,59.74887335427795,57.20421455413291,53.5301749054273,50.0928088425536,49.53624406532067,53.791168896274485,56.79000660579853,59.18624200674705,60.68471585472224,61.70697258617145,61.67493380362575,62.3464886796511,61.89663491639568,61.241310669032,32.3578087032756,58.74825522282646,54.79450056384046,52.38196699379014,50.8666230753694,50.41838595038754,54.41627590921112,57.41313148418003,59.45333154740471,60.92270330672272,61.91689335930953,62.57814120776671,62.71687602099605,62.64594953882286,62.34196505921666,61.728159401009215,60.81203959767959,58.817691310571504,57.07532705938016,53.91614264306006,48.2290000716214,36.898414091375045,46.47353624901466,52.11294117521709,54.95023704738559,56.78587569294757,57.852735866731805,11.139433523068368,22.14843848047698,14.62397997898956,20.96910013008056,21.84691430817599
16.989700043360187,26.60865478003869,6.020599913279624,16.989700043360187,22.380461031287957,15.68201724066995,54.56689355839005,56.67009092000014,57.65985034880714,58.81960670704853,59.51463805315876,60.01912325099953,60.04025436735657,59.80779859498267,59.38778323570609,58.98704343728085,57.428986573574086,56.03777482675583,54.665072881168285,51.670217957902565,47.514715677498,43.90175310228671,47.4977495214948,51.54804232732587,52.82694602516138,55.10813010512496,56.25734190996901,57.22391209132822,57.8869217925061,57.864568251753454,57.71788782255001,57.03474517171546,18.573324964312683,54.81112840841518,53.09059248597297,51.5424741950321,52.271794368134266,52.21414237842339,54.077731872806005,56.094844878669285,57.209097772584656,58.57362654723139,59.14106637630629,59.25454425984114,59.24664293198845,58.866666633982526,58.04223964949014,55.95880743868694,53.6699230350831,52.04187835867828,43.41632335778054,29.89894563718773,45.493098589194986,49.57094641619186,52.181624924950974,54.148547359741535,55.76061330085891,57.16590913898576,57.489829885197565,11.139433523068368,13.979400086720377,18.129133566428557,16.989700043360187,11.139433523068368,13.010299956639813,17.24275869600789,6.989700043360188,11.139433523068368,10.0,18.69231719730976,52.3246752421467,52.86231854028553,53.972480609201774,53.54417715774715,53.02231328300232,51.94486590549705,51.00990523069965,49.94075077145827,48.47381379397898,48.61444794774137,47.719474066452165,48.69525062857228,51.93886728525912,52.76601950676724,53.26126857640182,51.82870963988909,52.081967281620535,51.88832900347505,53.3310454039859,52.79018668255782,53.159136946558846,53.0981108577132,52.67246843114474,53.26673741673879,53.51119609737672,53.23066376363904,15.68201724066995,52.33706654286382,52.926193086713965,51.81620669101569,48.721562727482926,48.50719734376298,46.28603469618311,43.164316693669306,45.19512983257626,47.13364520609554,49.343418750108185,51.27678077463752,52.870870187579264,53.74766670285203,54.040687534196366,53.11474127709442,52.62925469331832,53.276653870500425,50.44727861665215,49.007930200091806,47.08293397717032,47.37200596743288,48.22096127032932,48.564872128686304,49.70402670652186,50.19407108018883,50.31699243189516,26.28388930050312,25.289167002776548,61.12216442500576,59.694201061645664,41.1965172203987,71.74214328563745,54.037191944157605,42.39999792886872,81.25846599267591,6.020599913279624,9.542425094393248,45.78524605274993,50.82013003641762,54.368429858091474,56.86296564621513,58.748481172697865,59.97548013229129,60.79043697682047,61.30789699144686,61.49050598348114,61.54364318198901,60.822024504078094,59.94363791720555,58.95332473085528,56.98074434949801,54.06582756237323,48.926399122372814,44.94850021680094,49.05045332403983,53.74574226824472,56.562065224468384,58.44523150124278,59.832924330659296,60.40206627574711,61.02930835735232,60.83611896359152,60.35132234649769,16.901960800285135,57.87903045107925,56.041785157634656,52.754726010694185,47.62716065949462,49.68935686304245,54.17654340805952,57.35714642913006,59.806127751342295,61.37596197878874,62.43526169440315,63.27479293918376,63.87032454331692,64.06918958431197,63.85758696721112,63.26526949426567,62.40775072609882,61.3049137270644,59.45080895408621,56.894029904657486,53.26649177390563,47.48815749085026,47.59169063842253,52.99450638423874,56.46035939766168,58.5290249322055,59.96113094171059,23.010299956639813,22.944662261615928,14.14973347970818,14.62397997898956,17.24275869600789,21.33538908370217,14.14973347970818,22.04119982655925,12.30448921378274,9.030899869919436,18.325089127062363,54.5755643225521,57.71241965460977,59.871029253914685,61.462434185975205,62.6577339897182,63.54640796053553,64.0175283127645,64.20684685086924,64.12135334855525,63.597664448916085,62.75336236483686,61.58160075766561,60.02964774402062,57.69431240241704,54.37587275442786,49.928626713890274,50.00872055785865,54.0030998970643,56.764969897262496,59.08498422822476,60.5065811051804,61.44310437613865,62.1720221946562,61.85092045861854,62.09193464001187,60.98992405599259,23.69215857410143,58.95560658453326,56.219703765835405,52.92887112304355,49.18921090091335,49.078948354162826,54.5454760944989,57.35479132868748,59.28642633473267,60.872907854036455,61.89806023929912,62.472043510426126,62.77498277429629,62.8830848416422,62.36587640756995,61.62662962862666,60.49357594895029,59.15801226943377,56.680148371639504,53.06197633634584,47.50940160456192,37.83403281122563,44.994808812303866,51.133583312670936,54.351847820990585,56.97774049317896,57.95202684908856,0.0,19.49390006644913,15.68201724066995,17.24275869600789,17.853298350107668
17.634279935629372,26.60865478003869,14.14973347970818,12.30448921378274,17.634279935629372,21.613680022349747,54.37726786924223,56.48652695131223,57.62232038544815,58.65296490909935,59.52135905765323,59.98707354976391,60.09142275606659,59.87856115558465,59.42453534688229,59.1750393411626,57.61111078131262,56.18041817710338,55.423585272741065,52.904909375345625,49.69066285756349,44.25534220498263,46.69363376415619,50.44214309581098,52.132440785403,54.32765717711647,55.7300279969826,56.63621784260563,57.451403994615866,57.53675729132695,57.45815428508303,56.63531319592994,21.64352855784437,54.28071589859739,53.42329889816226,51.97390841133298,51.67624482070216,52.09635635146629,54.030192312050566,55.70324570292157,57.12478811847606,58.49537953254425,59.22048843131893,59.39763287493,59.49714386406285,59.2544050401678,58.6484853675032,56.87462072930203,55.14915485527786,54.058618108869695,48.243211248507706,39.85201858364572,39.58945932493936,46.38549155510957,49.61601419360097,52.392944728215895,54.4398386543978,56.46993495518164,56.77637060327916,12.30448921378274,9.030899869919436,3.0102999566398125,11.139433523068368,6.989700043360188,0.0,19.138138523837167,12.041199826559248,6.020599913279624,16.127838567197355,16.127838567197355,52.66205817049372,53.32842266994352,54.57536745185692,54.377901864217016,54.17479997033695,53.21152931118769,52.52680734750085,51.26910294600161,50.2840856511547,48.08460806117993,48.51875708907372,48.152389461965214,49.76753359873356,50.84965717253316,51.65873196842708,50.773279265461866,51.00432582755252,51.08328194266184,52.82984440133955,52.58627706113928,52.51085572906525,52.773730956083085,52.61170050738736,53.557674995018,53.73347918837997,53.66947529534973,9.542425094393248,53.53918153423774,53.59131316790568,52.9160192144068,51.41427822944146,50.79557471591077,48.8516325425637,46.54773166417917,45.64819874294555,44.43810401121398,47.01438454464351,49.30449789353194,50.96677168757921,52.105566074107045,52.74758054352009,53.01492273168108,52.68561591932932,52.70131256748744,51.24598768146196,49.99882724657002,48.19280646972481,46.69391271536131,47.74808830310705,48.557976931920585,48.83025139425055,48.15869835969464,50.51850692525262,25.514499979728757,30.402066275747117,61.12216442500576,59.694201061645664,41.1965172203987,71.74214328563745,54.037191944157605,42.39999792886872,81.25846599267591,13.010299956639813,14.62397997898956,50.44131927930992,53.67767653177464,56.36233062252905,58.1701107568707,59.626723362365546,60.389065508697335,60.89583685223544,61.116915540276565,60.94614006538805,60.60493862876692,59.69052294836273,58.30925324877413,56.33574491286451,53.40955448297922,48.04943189663601,38.84568814918333,47.67155866082181,53.00927924466898,56.25626223408224,58.30492433249088,59.59242266712393,60.452263277291095,60.89142131224165,61.04886055575072,60.6903431940008,59.8487505971527,16.127838567197355,56.87679645065543,54.61019548376571,51.89504350139694,50.7138117584321,54.12166438061267,56.92688324386456,59.18915855704219,60.97482209743737,62.075226157464,62.95822983439631,63.46597440813358,63.75873487479844,63.67558668712779,63.2287107435133,62.545802190281066,61.35700521667634,59.8878050647524,57.454846783170495,54.140704137518014,48.55034316675884,43.7263588058172,50.95329784013646,55.568004474747326,58.07375351525682,59.54416192497789,60.775165212279816,6.020599913279624,19.294189257142925,12.30448921378274,18.63322860120456,19.86771734266245,20.644579892269185,11.139433523068368,16.989700043360187,18.129133566428557,12.30448921378274,16.127838567197355,56.52704574860998,58.79845637731951,60.60802436080186,61.98055530001063,63.02379637945984,63.69971132518201,64.05827864578771,64.0250898870988,63.72916603522878,63.26055527617498,62.115287357519136,60.79859662929867,59.04964800955169,56.40605645317301,52.64480169442849,48.03955312448294,50.81696475568455,55.127177406436005,57.61165275553461,59.57762877385014,61.04762896324993,61.32321178201954,61.82564432518645,62.060553317192806,61.590453655696265,60.88754296547524,32.55754786643044,57.709403337416056,55.99664778788416,52.264039774540095,50.75181854618692,52.05648178838479,55.391175179676246,57.71041881955441,59.807349164921646,61.02865041536701,62.06165570403804,62.47886153365112,62.70040548243723,62.69952853118048,62.20512107869943,61.33619692403349,60.19669922625951,58.8879706745668,55.98791600702498,52.5520735604472,46.57533887557986,38.391636829146506,46.10415271187789,51.60390489162539,54.77483016074943,56.982919759444925,57.86439071986558,22.30448921378274,10.0,13.010299956639813,17.24275869600789,13.979400086720377
19.294189257142925,26.60865478003869,14.62397997898956,21.613680022349747,21.73186268412274,11.139433523068368,53.56723611289468,55.98580419331012,57.911746617712296,58.92239343395672,59.61398785470923,59.86616345455125,60.141171380181184,59.97443179760522,59.68759314723372,58.75307293896051,58.029002336033166,56.637178823268776,54.389535077043966,51.67320289122358,48.399303328047,42.79027805622721,44.11030146797094,48.9035953131713,53.12357217002233,54.55017019833309,56.25297013679663,57.10193550443456,57.52682132096206,57.80246004207236,57.56803404891328,56.85168270522698,19.294189257142925,54.89453617420657,53.810807691875226,52.70103276711352,51.08104779560947,53.310667533479645,54.76150245679268,55.96113054915637,57.49504423876142,58.07148591163457,58.67658959493738,59.11775306187111,59.17569572453456,58.71764356512722,57.9569444710078,57.05495089506072,55.42682297744851,52.35914595278238,49.62823757282117,43.52664799651101,39.46697837245742,47.82142836505499,51.37053293103254,53.99564701613989,55.67385187579789,56.18764353265504,56.75251187846068,15.05149978319906,13.010299956639813,11.139433523068368,13.979400086720377,13.010299956639813,12.30448921378274,9.030899869919436,19.084850188786497,19.294189257142925,6.989700043360188,21.613680022349747,53.39501128908108,53.76828701887551,53.3281199448378,53.49832913680587,53.161821959163085,52.77311179174031,51.88301185184196,50.60641189552578,49.73958686106704,47.81647684984131,49.36674562507357,49.68492288119787,47.87162813509685,49.617294997421375,50.51461244324184,52.7795284703881,52.81744481979409,53.23905628876878,52.13934585851521,52.65084454603621,52.50390723042263,52.45850595081223,52.89448475244684,52.95956141472675,53.20781678073719,53.97274159354855,12.30448921378274,54.10152749822068,52.27809604075215,51.40272291029186,51.89380813892449,48.26450596484443,46.48603928135281,44.82530584131741,43.15760490665735,44.87095934203289,47.46673112470323,49.48769840474958,50.98093155281372,51.89782178281524,52.67453341607674,53.97168015939534,53.75138486014137,52.410606158912,53.01648424774528,51.87588397819988,50.262635341580186,48.26003494767911,47.61875239017848,47.54539444397008,48.43220316097639,48.29130020285437,49.72091704037544,12.041199826559248,26.665179805548807,61.12216442500576,59.694201061645664,41.1965172203987,71.74214328563745,54.037191944157605,42.39999792886872,81.25846599267591,17.16003343634799,20.170333392987803,50.25059968599579,53.76401744110925,56.400061363298654,58.154535515642266,59.55356733161884,60.534664448243234,61.09054512896552,61.329397436646,61.20948184388372,60.69041728684783,59.96877516192015,58.62410478921852,56.57179236183795,53.72149478375664,49.21816484310169,44.25697213362591,48.1308036086791,53.02681513492573,55.98810197250423,58.02391925514578,59.39124714104811,60.190506218192326,60.77077794184763,60.638679214746965,60.36507531418523,59.712094931232976,13.979400086720377,56.49149805947965,53.47544669645012,49.83414274420969,49.78750981332984,53.17449042174265,56.73478933791077,59.30529298915904,60.91448172805784,62.261184349799294,63.09209294001219,63.67499419526957,63.77390952092418,63.73672639984194,63.29323422496231,62.71812807444884,61.60010885246321,60.081763149849166,57.81337389459626,54.50964642426055,49.599805520907495,46.00013995397365,50.55810117330907,54.85262762413147,57.748569691203365,59.58358392780661,60.77966782221484,10.0,13.010299956639813,12.55272505103306,15.68201724066995,16.127838567197355,19.912260756924947,16.127838567197355,23.26335860928751,12.30448921378274,20.0,19.294189257142925,56.00223390655569,58.71552504545325,60.8263208397568,62.17146906232667,63.152013624539606,63.71308782671236,63.99788768325293,64.06167037859446,63.82308876890786,63.16615433330743,62.38089530405658,61.01498589178782,58.90252186846202,56.32005553037352,52.98634783124435,48.60679317734779,51.13986779583699,54.395489975700606,58.038918752979846,59.577221899133725,60.83623718073032,61.83322525391783,61.78558269738183,62.18548371065622,61.50336982052479,60.85945273225769,15.314789170422552,57.39639579738864,55.28168246872426,52.22539596663091,47.85870586426097,51.9529343019068,55.94941425669894,57.78223626766096,59.98902890435734,60.93518339951864,62.03180891991583,62.560807466594966,62.73512627705899,62.60937442483769,62.17693670960994,61.60964370127763,60.51190352674556,58.61902240467464,56.65758237040566,53.614596235764026,47.9945772421948,33.16808752053022,47.37923805127832,52.54492487724582,55.24915147539866,56.60394895496093,57.61413593901575,10.0,0.0,26.63700925389648,22.14843848047698,14.14973347970818
19.030899869919438,26.60865478003869,21.613680022349747,17.24275869600789,3.0102999566398125,6.020599913279624,54.53660747157564,56.70917191200423,57.84316248627971,58.91814448086819,59.50598492585955,59.93321579258412,60.069501283691054,59.78728177138492,59.44121267771644,58.71225477751242,57.4129029871363,55.95924793424544,54.11336817443171,50.88490470182396,45.95903870442599,46.01940543920668,48.33867150173209,51.66504118185611,53.32248540807942,55.44332263173687,56.46133065654123,57.20927118698481,57.736409246411576,57.48176393962492,57.19670964679776,56.85104604719562,12.30448921378274,54.64467191274393,52.0118402192258,50.85493938872156,53.04994327255741,53.0659013529815,54.93174935363776,56.88722298864902,57.87072057196567,58.97503932102559,59.24912687078989,59.36305090269646,59.12860005954602,58.51043595119764,57.6044133260105,55.69286105359215,53.37726744238046,50.48663167388821,41.70085614365889,33.43408593803857,46.49412752081896,50.14755682931462,53.514194199941805,55.04260120777677,56.16147700046373,57.08781953836333,57.239094327261306,14.14973347970818,15.05149978319906,17.853298350107668,18.129133566428557,16.532125137753436,6.020599913279624,13.010299956639813,16.532125137753436,11.139433523068368,17.16003343634799,17.24275869600789,53.064271722095,53.49396043570056,54.137187650610784,53.69531255941311,52.94042747983738,51.47382573846099,50.43413368484327,48.55252561206406,47.08063798992019,48.95345183898216,46.602012013806814,48.341662839426206,52.1795220330608,52.648272640913056,53.125919816427455,52.07908911944802,52.52865161941247,52.2205282007005,53.08506788357461,52.794707373101744,53.28053250252685,53.43087431996766,53.00617219806582,53.93245189581453,54.071324606158186,52.89162921029737,11.139433523068368,51.69233451301097,52.55718634099335,51.34448058507344,47.39770065592548,47.67638147621918,45.60456622251033,44.01831174908949,46.40451621680509,48.83008082962908,50.39255443806486,51.70804244487251,53.283490182433376,54.00242603249666,53.95466183681937,52.09785694016574,51.60444519702992,51.97826185437516,48.85643871835764,47.84795537856762,47.2161278899508,48.43867866412847,48.72610732463068,49.92575607528836,51.0770505449186,51.60339454145891,51.42564650457128,29.014583213961124,29.86771734266245,61.12216442500576,59.694201061645664,41.1965172203987,71.74214328563745,54.037191944157605,42.39999792886872,81.25846599267591,9.542425094393248,6.020599913279624,42.53943462669259,47.49372963600887,51.62041385148267,54.85110714190291,57.283026377905095,58.96727335236686,60.18242667457909,60.97529743146133,61.4506581834954,61.75285039691171,61.34312604172419,60.85519263091062,60.26837531750681,58.7783476836785,56.81467373533732,53.13709074655722,48.2290000716214,43.91076318121337,49.70314326173349,53.90562442642384,56.83375788231776,58.71113297566435,59.75627082225934,60.7059193151204,61.02126228886989,60.69206552582129,20.96910013008056,59.26573940032607,57.995955364223605,55.72630002251388,51.91062379026182,49.9607803684946,51.610204276010535,55.14044104132811,58.07430162380204,60.199305042191895,61.56590640524289,62.66121815226485,63.496855919430686,63.80960657507415,63.90384298531569,63.455174259061735,62.877269532059856,62.05041879261369,60.51413792610195,58.52211526444575,55.56017703246427,51.18281264025998,46.01940543920668,49.80984541025544,54.44801807794602,57.15820400317036,59.20478133537906,21.64352855784437,20.37426497940624,18.129133566428557,18.69231719730976,18.325089127062363,19.912260756924947,22.04119982655925,24.099331233312945,16.901960800285135,15.314789170422552,10.0,53.01492273168108,56.386190267202295,58.91828376540608,60.87526230324761,62.19119335843003,63.09858537753908,63.7907371128487,64.09682951744539,64.12182577225339,63.80353811662545,63.10131658210555,62.12209185372677,60.73001264391238,58.55323467071237,55.6370055036805,51.7586247037557,49.50135961774127,52.88933002714171,55.547422732505495,58.50553731020754,59.93705101194931,60.79991173383291,62.11923483718908,61.739347082441824,61.650557841824494,61.229520795851535,32.55754786643044,58.81110639526988,56.519492942152965,52.64066599508357,50.71034675054151,48.212842023048246,52.70655548952985,56.75604222488453,58.67738469056448,60.78590928361451,61.59428220827127,62.37565100482614,62.60647757970624,62.68172035119038,62.36559680984767,61.68457705748204,60.67285531270184,59.166776184033125,56.9890919885207,53.889479960591146,48.56324004484793,40.20568434801363,44.78306706922567,50.8530842069353,54.33444991363331,56.77567718463621,57.864568251753454,18.06179973983887,12.30448921378274,23.05351369446624,13.979400086720377,16.532125137753436
18.573324964312683,26.60865478003869,0.0,6.020599913279624,18.06179973983887,24.712917110589387,54.54274569468501,56.4590346035838,57.729799853585774,58.90700956276628,59.675348723083566,59.98951651711827,60.08335256502343,59.76746945382441,59.36301067073379,59.046506396345166,57.45964339855343,55.77975229027479,54.90566627894896,52.04130839882257,47.77376067146905,44.360035356698965,46.92406234833631,51.50553824152578,52.553907136235054,54.99638977717397,56.31156512027837,56.562065224468384,57.893077823235934,57.45452682037117,57.395098458474976,56.847053598677554,18.63322860120456,53.83788446066671,52.05228731408772,51.23649140697354,52.19367062598506,52.1375409762435,54.39098901519336,56.12319655106718,57.28727033658791,58.809101549231606,59.50036087842503,59.562376046180496,59.411400863007614,58.86157262068895,58.107008462780776,56.47891305675717,54.360035356698965,52.46865261997038,45.82744965691277,30.253058652647702,43.86409778881913,48.72738827472669,51.37917189465903,54.142795933462,55.47697189823594,57.10162231424885,57.22457043122,16.532125137753436,20.253058652647702,9.030899869919436,15.68201724066995,6.020599913279624,20.043213737826427,17.634279935629372,12.30448921378274,11.139433523068368,12.041199826559248,15.68201724066995,52.88999981778041,53.52091789343142,54.4337721927095,54.062607796168734,53.67931492222588,52.625768507961865,51.49123618973498,50.31267043024904,48.54214921512205,48.36887193801922,47.3178210002384,47.817912652753485,51.503879773252805,52.09970516709343,52.71843928960674,51.10404506501023,51.48584147544633,51.60867526536872,53.08899342038647,52.60495929961442,52.7624575212781,53.17248268445319,52.88571137161188,53.706425999569056,53.99128348269652,53.27567345722923,9.542425094393248,52.542337826501466,53.451795781213,52.507126864591854,49.4101424370557,49.51580344903392,47.31508183596026,44.06369835469268,45.503873613585824,47.09651497467463,49.10843097652502,50.95549410775645,52.42285447085778,53.2605921738876,53.6293839535829,52.64555751085918,52.11667738630975,52.77565668083235,49.85269255278848,47.98650645445269,46.58755264064613,47.00019727329085,48.34706747845493,48.72068822102247,49.61288174870197,50.20796188104522,51.20310642636462,30.253058652647702,25.71708831808688,61.12216442500576,59.694201061645664,41.1965172203987,71.74214328563745,54.037191944157605,42.39999792886872,81.25846599267591,13.010299956639813,11.139433523068368,46.6086547800387,51.1067386774199,54.49030760400415,56.86199968475492,58.75591936426194,59.96905510695666,60.80306419502549,61.25578198519436,61.441908007789,61.565618710675736,60.73623418223784,59.86465381471817,58.67926878042632,56.70090852813934,53.56599435724971,47.53276570184418,41.08632665580476,48.598885038758,53.513091912498496,56.58379674904055,58.564872128686304,59.86341704213547,60.65141091136752,61.17033197241148,61.12834486973049,60.49426589037505,17.853298350107668,58.16247930391275,56.67060509647175,53.589432196323344,49.66047821076454,50.96472023386425,54.62069906788484,57.45527596454196,59.847941087127474,61.28853037341413,62.49460812143952,63.27444354264573,63.78475848903535,63.874969628269874,63.65249244513589,63.20717973170426,62.26425121281864,61.27740218199614,59.24561485770147,56.71796519371959,52.59885221882959,46.0372881465577,46.9027584107797,53.113999257577575,56.51142275762345,58.54870561274485,60.044645383637125,12.30448921378274,12.55272505103306,13.979400086720377,15.314789170422552,19.294189257142925,13.979400086720377,9.542425094393248,24.84299839346786,16.989700043360187,14.14973347970818,17.24275869600789,54.722882703397566,57.82335720996347,59.91504732428154,61.50978901248303,62.74974386431423,63.592595181602334,64.05296489444297,64.19402207085503,64.00377020217631,63.67785157115197,62.84218836695268,61.58160075766561,60.0775801664976,57.63908446770418,54.34568904034198,49.83342076262868,49.49282639682136,54.38486970731454,56.93834190594334,58.948408872406986,60.32133836919593,61.33596704010537,62.11723754084864,62.08061182416501,61.67289562648448,60.879949643829534,29.64730921053629,58.317296773247165,56.45235541539194,52.723058444020864,49.74442605405437,49.81732554900802,53.916354157838754,57.16958575388787,59.455414538293134,61.09603517275612,62.05429846116616,62.622110935279935,62.77916205832143,62.67870263066701,62.27786471244323,61.76759269014965,60.398521588348366,59.186786717832966,56.6689688690788,53.40096937139528,46.913379243444325,37.8597012513201,45.4267607366537,51.33043658121069,54.64854535228494,56.99471758798863,57.90724866897473,20.96910013008056,12.30448921378274,11.139433523068368,16.989700043360187,16.989700043360187
17.16003343634799,26.60865478003869,12.30448921378274,12.041199826559248,6.020599913279624,19.86771734266245,54.26592582305156,56.46290971484702,57.82734125431473,58.946051268198765,59.69490928848544,60.07481915243447,60.1249049403586,59.94678254551968,59.52596797008244,59.07959794870308,57.65979079737078,56.11490701737912,55.0863205228016,52.43970160405589,49.16401303603876,42.88271588254821,46.79436982175699,50.62732363205394,52.80855975162122,54.752090507386335,56.16809377413949,57.1789840619773,57.30140046182649,57.74687000697461,57.303332188053126,56.22223351387201,18.129133566428557,53.36093330987865,52.89883138669491,51.65449105721418,51.22202767298112,53.29049897567965,54.967304354942456,56.48368794376015,57.91315829400457,58.86750660038907,59.37097435925703,59.69479747087296,59.70155725998492,59.40606123624698,58.64146049132966,56.576389846160815,54.83929463212242,53.09385275523808,47.60316912906369,38.34611420722687,43.51989455435632,49.01420175914501,51.24246571362895,53.44392273685111,55.07106674803381,56.56276485002788,56.70551051119739,16.532125137753436,16.989700043360187,18.129133566428557,12.30448921378274,6.989700043360188,12.041199826559248,6.989700043360188,13.010299956639813,6.989700043360188,12.55272505103306,20.0,53.813858660133775,54.3419352419327,54.68421183738056,54.54150958626517,53.95970802725863,53.32513192535683,52.24356926566732,51.20922542881114,49.94695400523202,46.751365044679936,49.05391069574008,49.10208050958165,49.05822854342717,50.4651077212188,51.42470810492652,51.24921364481579,51.28221507666712,51.49963858585298,52.608843322409854,52.73392539851887,52.8681785715099,52.77593171467555,53.199342820429145,53.47837209217722,53.66581702536497,54.25508135962269,17.853298350107668,53.95689755113025,52.85107029566812,51.90424151025033,50.85825533520743,49.19668958642109,47.499294641076695,46.05283492530251,46.14749615159074,46.656372674340616,48.83468372477887,50.65064080813718,51.63840919578611,52.33387053387,52.6708720882058,53.05791890352717,52.789044349453135,51.46775891839531,50.66404203149402,48.935731385685926,46.79436982175699,45.28736777724652,48.01952234854282,49.1075776723691,50.44257455638176,50.40705166342136,51.03406861260928,18.63322860120456,27.965743332104296,61.12216442500576,59.694201061645664,41.1965172203987,71.74214328563745,54.037191944157605,42.39999792886872,81.25846599267591,6.989700043360188,6.989700043360188,46.839920864455536,51.062929121756575,54.48911827025889,56.85652184115525,58.56517429913826,59.7834169202308,60.65603986742627,61.1624767487295,61.360511746401016,61.14534258767868,60.707801526704266,59.78655195668438,58.27669039574317,55.86952813272279,52.57412157879428,46.210307999287096,37.87956123283932,48.57139433755538,54.06076685745455,57.00008462786308,58.88339024294695,60.19176547223495,60.86533513733214,61.29722108695877,61.299659100849496,61.00969182984827,20.0,58.94666569682528,56.99615754206248,54.43683775310245,51.603634713713774,51.62400096238821,54.59828071696428,57.46018122502053,59.68610883136585,61.255463236711904,62.304042122921295,63.13427221686936,63.60739163626465,63.77025800129494,63.616419127404384,63.02050473565607,62.21774305162086,60.91695440753157,59.03199089775058,56.37939801558909,52.12520524682356,44.6472794155655,46.53144951600965,53.19435040326187,56.70559396989376,58.975006327154034,60.386078441822136,24.29752280002408,21.072099696478684,22.50420002308894,17.853298350107668,15.314789170422552,18.129133566428557,23.010299956639813,19.294189257142925,19.138138523837167,21.072099696478684,13.010299956639813,54.61180267730691,57.75451699470402,59.89831437517648,61.6263847519376,62.62662252642458,63.54625441359072,64.07006073193455,64.10512021958591,63.97769210500631,63.55425657091303,62.760261423204255,61.527150889448976,59.95595272764899,57.53445931933878,54.07732426476209,47.8265175161032,48.625368496553854,53.65656428528389,56.83983994764051,59.06132934697478,60.51082257567397,61.56632125753614,62.06336007010505,62.34226137777435,61.97414272665056,61.13657626196581,33.90581878550435,58.881800557478215,56.13940081773646,54.35667619292367,47.67905027123489,50.94827362525071,54.11707229364498,57.28993793093877,59.255286689401686,60.8249275109457,61.882344638330586,62.500775554458855,62.844131361011925,62.77278153466011,62.445927666145344,61.58989353722404,60.51166805675464,59.11684304254473,56.665600975895096,53.10278995344332,47.333016116877,34.31524584187451,46.01244924810521,51.74051081023513,54.89222788643311,56.89353263242253,57.95925876420047,24.345689040341988,17.24275869600789,12.55272505103306,14.62397997898956,3.0102999566398125
19.49390006644913,26.60865478003869,0.0,3.0102999566398125,19.030899869919438,21.13943352306837,54.43472650212932,56.46679116880218,57.84841156875324,58.9108006481101,59.55422668035404,60.03333413435816,60.17401498335168,59.96085924993557,59.60254289862554,58.864839568940496,57.94198652974019,56.38554146684431,54.255749744495816,51.41966855990111,46.5475393325293,45.04076488182426,47.4915635401138,51.09976552111412,52.93892667053009,55.133694433696974,56.23673037739571,57.11730482847195,57.72222658680599,57.64619917485898,57.250004546512734,56.9627948471264,20.96910013008056,54.855879952629934,52.11027048373359,50.56942945672877,52.46872641661472,52.25825991461893,54.522235791455856,56.58912457495299,57.59085121671358,58.67661315541906,59.33730687747992,59.49616854056883,59.39601611003862,58.81692719652417,58.04968368186952,56.75595973005622,54.83641491256718,52.284234588589584,46.92291583594431,32.22456336679247,41.75772659601535,47.89079856774831,52.34580550244812,54.34581677213473,55.60227142879204,56.691401509258206,57.02971344295157,11.139433523068368,10.0,16.020599913279625,15.68201724066995,9.030899869919436,12.55272505103306,10.0,10.0,13.010299956639813,13.010299956639813,13.979400086720377,52.975963889776736,53.69319778697778,54.37866253603793,54.10049708145517,53.60434357692388,52.63657368612565,51.26731922925818,49.94405146689167,47.95031446040102,49.065720609521975,46.04938489199935,47.52302032494888,51.45833235818536,52.04130839882257,52.3555117102429,51.50375689855322,52.00221026191876,52.0047018720664,52.79926895493743,52.22825681177077,52.87698740677577,52.99587917889758,52.94457407909998,53.78327027028166,54.01982656572385,53.06523670896152,16.901960800285135,52.49389160370364,53.49879487231628,52.40274607478889,49.38569756221061,49.31971194166093,46.71959231191367,43.60688062030678,44.01072973025948,47.15083670694927,49.12184844884729,50.49113314057374,52.39074138235893,53.24473832020218,53.81115080709851,52.47337307901166,52.06987694756408,52.78838165855095,49.819272804088406,48.61492592320653,47.2146436017342,47.63884511529102,47.36340717751443,48.20497020791397,49.47987265993788,50.97396150641502,50.9144535813547,23.443922736851107,24.668676203541096,61.12216442500576,59.694201061645664,41.1965172203987,71.74214328563745,54.037191944157605,42.39999792886872,81.25846599267591,6.989700043360188,10.0,46.92291583594431,51.31907242774386,54.39664210326249,56.935053494634325,58.72217477724688,60.02131921843458,60.79503228401335,61.28059520160049,61.44158705084,61.46209923488503,60.739121820054194,59.89998568571059,58.79082684090783,56.736888931512325,53.66594773094043,47.79957051246906,41.16508123737346,48.67591217642212,53.558823441174425,56.50629966641987,58.581737299108944,59.92168977141249,60.5348756366124,61.16394196577711,61.14099670184792,60.44160959438461,20.37426497940624,58.22793562195563,56.59171464344037,53.71751107340287,49.426230746613335,50.68668143285899,54.37750562820388,57.39842013747855,59.80450623688381,61.40193678578632,62.49602613567277,63.18237018021226,63.776334881480594,63.89973121788521,63.72681729052341,63.17639691283035,62.329232139142334,61.122432739689216,59.14220415878934,56.49352385938443,52.44437940830306,45.85968050007118,46.954291376895725,52.85073239781256,56.49495498482433,58.634210114798144,60.18877258815501,19.030899869919438,20.37426497940624,14.62397997898956,13.979400086720377,6.020599913279624,19.54242509439325,12.30448921378274,20.827853703164504,20.253058652647702,21.613680022349747,6.989700043360188,54.73778834646724,57.723664543557184,59.89822101173828,61.63636571914698,62.789805176718765,63.489519274763424,63.99866256389643,64.16123872282512,64.07827529069516,63.54967146824709,62.80731530038476,61.71768857441548,59.90735222907126,57.30666825171987,53.70418707726407,49.79047326947965,49.81265764028029,54.220002042409575,56.6671449178134,59.16998974996717,60.56102570767227,61.60098908422242,62.30424906784159,62.08674834450738,61.40031692067191,61.16123042685138,28.773713458697745,59.25828089801758,55.91185969807432,52.62235075373483,48.96311221581429,50.812788812268046,54.398566894746494,57.29674138704272,59.41936574677197,60.95027702985288,61.98124887694657,62.532442050384354,62.65935164791977,62.68512448376133,62.42355049145863,61.699731658588,60.67688551212646,59.08822136433419,56.77706391122471,53.412841277852806,48.28176362083548,37.71219901949534,45.394775728051,51.52594077927469,54.74596469613818,56.944753298545535,57.9479257339637,15.563025007672874,19.912260756924947,22.30448921378274,13.979400086720377,9.542425094393248
16.127838567197355,26.60865478003869,14.14973347970818,19.49390006644913,14.62397997898956,15.314789170422552,54.51433331837844,56.5885530283061,57.67453459973603,58.86209188552422,59.58193452214381,60.07061238069075,60.14211718691169,59.85174896670031,59.415556548781474,58.98637436467081,57.40928482859054,56.013515137562486,54.88981976693864,52.24297334970839,48.2256687156825,44.04782418966643,47.35511073919522,50.96218065256196,52.3944213457364,54.91026737661425,56.08804064181068,57.11136295297608,57.64128290087708,57.78511565293612,57.546082229424,56.52536418593026,6.989700043360188,54.2966993383709,52.84755487226674,51.305685457437576,52.08777159812527,52.44019684824001,54.33924968514792,56.24399679847428,57.45505747750726,58.81928183320999,59.26064491559185,59.472003361938725,59.416053374208985,59.07940469105941,58.36012527448773,56.34005436642017,54.18176952582846,52.88519736736166,45.1587384371168,32.97760511099134,44.81342284852482,49.29648785482493,51.552418795039415,53.65399993905954,55.25718413121269,56.93101431106648,57.27297202803587,15.314789170422552,16.020599913279625,18.325089127062363,6.020599913279624,15.314789170422552,12.30448921378274,16.901960800285135,12.30448921378274,3.0102999566398125,6.989700043360188,11.139433523068368,52.82542813479793,53.4264569299196,54.5588743818377,54.14973347970818,53.5813290107102,52.5554264874496,51.77285373385124,50.351254253194426,49.36398116288569,47.75661410001496,48.03033540320621,48.5033985458348,50.97899077321453,52.021230727980445,52.56217273600079,51.132613087609975,51.45792879215221,51.72439456286664,53.28155261969947,52.66071688751793,53.16024891096777,53.067337494274895,53.00512877484139,53.71800923708147,53.82956696343989,53.56180798066699,14.14973347970818,52.914865114416926,53.13099147447364,52.35619336241256,49.81587586209935,48.92166979072933,47.36778831828357,44.42307271299053,45.2975107994238,46.68916810640077,49.12806392661293,50.80067026687818,52.34519814358936,53.03647402640945,53.615918616783375,52.8411928381271,52.32449724062003,52.69431214448118,50.47508505594013,48.4067056133341,46.568644915489166,46.65327656863418,48.14254256639151,49.08892314012338,50.3422726077055,50.02274081774949,50.90628333058494,24.14973347970818,13.979400086720377,61.12216442500576,59.694201061645664,41.1965172203987,71.74214328563745,54.037191944157605,42.39999792886872,81.25846599267591,19.294189257142925,13.010299956639813,46.41731834395658,50.96562438374136,54.44508524729773,56.9831807354274,58.73916112811803,59.91553888591571,60.78930006415126,61.33084577606422,61.4670371457333,61.43657330500975,60.79275332992986,59.89338114865196,58.72359090455901,56.64284616658668,53.56226695860006,47.78643172093456,41.012313867907,48.28466547352679,53.537123972811,56.60427169451586,58.60951575486752,59.8651421532696,60.56188436785581,61.0899369481562,61.05649136773049,60.542931520277065,21.613680022349747,58.31483918720464,56.531517082913936,53.46904295730114,49.6115521498054,51.00405011565889,54.37409650533984,57.45628242357312,59.82510933623524,61.31095206989292,62.391154594864354,63.251493551643954,63.78514545139047,63.92159467097044,63.70985246059515,63.115478930827024,62.32007537608402,61.17499985962087,59.25067022511214,56.757499375196375,52.4968009581631,46.26761110871711,46.73223714939716,53.05802629184904,56.57759337276279,58.602277716375966,60.17371456232196,3.0102999566398125,22.50420002308894,17.853298350107668,22.671717284030137,11.139433523068368,24.60897842756548,13.010299956639813,24.969296480732147,10.0,13.979400086720377,19.54242509439325,54.79500450183359,57.9134953428678,59.76860559483988,61.47309259875684,62.62925469331832,63.51897720590502,64.09095835144699,64.1326974809719,63.99975546405013,63.58174024053028,62.74484140544003,61.59155862384744,60.01409168405877,57.49876163692991,54.1874033664036,49.474386236029765,49.80426091306664,53.81196334030196,56.74657259114951,59.06706673316167,60.52618924441898,61.38234469092082,61.99854417556907,62.29067458352201,61.84873058498391,60.80453311742305,33.92345155361204,58.52168800449342,57.00541042533533,53.222689255530014,49.31055936931362,49.46550510569856,54.02022239662863,57.30165915282005,59.25033475995544,60.88089643296995,61.82705036136095,62.58678699131412,62.82582464988873,62.72807823176648,62.38289541042719,61.57212503253474,60.540263225495885,59.27806491863953,56.514272770731765,53.18849781209405,47.25470583190458,36.65111737075051,44.91375703107735,51.35746275071025,54.38556587716028,57.12706930462544,58.02358382256985,13.010299956639813,17.16003343634799,0.0,18.129133566428557,9.030899869919436
14.62397997898956,26.60865478003869,3.0102999566398125,10.0,19.86771734266245,10.0,54.40279213235589,56.6003402328877,57.66595004364733,58.850546175468224,59.69848593283991,59.99528099904496,60.08560998336094,59.95821594140721,59.32261131571793,59.08675852051169,57.33416363977324,55.9849832631694,54.95273686379673,52.259111895129095,48.560881507078506,43.74693368545393,47.54783940865895,51.09959694882198,52.62254069954818,54.885760966051706,56.06150181526324,56.96965895534642,57.67762711798593,57.800529098223954,57.456001574747575,56.51022985006325,17.634279935629372,54.11232371541069,52.99228284387836,51.60390489162539,51.89740094531352,52.6167673859467,54.57314067737995,56.3211295962501,57.514831128639166,58.83800500661397,59.25819331709376,59.38854323217644,59.40695743819156,59.079195318906976,58.37339026049504,56.15462906037963,54.13450651007325,52.90497611920127,45.31325609581028,33.57172257723033,44.70851324526117,49.35587869849054,51.46031859823097,53.66820644870597,55.30673448440382,56.90242165977178,57.19490388639641,6.989700043360188,6.989700043360188,10.0,14.62397997898956,15.314789170422552,13.979400086720377,16.901960800285135,9.030899869919436,6.989700043360188,12.30448921378274,6.989700043360188,52.89214245392255,53.51952763822776,54.50213685693654,54.07990513650552,53.67240342309379,52.54792102821427,51.822691023010925,50.433622780211294,49.394194033293175,47.620179940064816,48.19260893893713,48.57248042070903,50.91969276035029,51.791408553354415,52.51847409977714,51.27509734974008,51.47540296127373,51.57988355181533,53.32367755058698,52.76893586087653,53.22372304879718,53.12215450776184,53.09615264908583,53.593971737876046,53.70731384743586,53.75776972882588,11.139433523068368,53.09061380287047,53.042168532727054,52.13443376036938,49.65187585049533,48.96966901933155,47.01127423330272,44.67474911384599,45.4267607366537,46.41007836530388,48.94188636172189,50.6863477181394,52.32744603933208,52.89921011795891,53.50608488220645,52.88090417403868,52.35225345011866,52.48409795024159,50.30992150063325,48.51417357022564,46.6171805769466,46.32356046239074,48.31588255115634,49.19418069406337,49.96730515435153,50.77400612423545,50.880226255257696,25.95496221825574,23.010299956639813,61.12216442500576,59.694201061645664,41.1965172203987,71.74214328563745,54.037191944157605,42.39999792886872,81.25846599267591,0.0,18.129133566428557,46.348499384311125,51.0736262446938,54.5376463878035,56.89153408945635,58.75184585513648,59.935477659243055,60.77240687432376,61.30280363075201,61.43132262587385,61.43461050630606,60.81926700680008,59.88952051749614,58.70935619657972,56.697825441796965,53.551621495192194,47.92118418302425,40.17784353096679,48.43064510913432,53.59860135912019,56.66806166599458,58.6061646477716,59.84040991371427,60.62384156583053,61.1352689814002,61.07889380233671,60.54536452654951,16.989700043360187,58.33338388939397,56.38037755430855,53.45422745228956,49.58224532762944,50.641733582115336,54.47469680891608,57.485484968926826,59.79510588529937,61.315278828244494,62.41755608772016,63.26273580273381,63.80798047426569,63.90783430636391,63.745610275767255,63.22478139815071,62.35076242305246,61.150277335990566,59.33870290153759,56.79436982175699,52.61224791990689,46.046687645201786,46.83812235741294,53.059465039228,56.64477438906344,58.58658085439716,60.17901477587141,18.129133566428557,25.118833609788744,19.49390006644913,15.68201724066995,6.989700043360188,18.129133566428557,22.30448921378274,17.24275869600789,19.294189257142925,9.030899869919436,16.127838567197355,54.97550217938243,57.943332624584485,59.80893785068032,61.46952721905795,62.68978620236802,63.51528074284267,64.04050768278532,64.1660939010548,63.98333474898466,63.58374442847352,62.68001962683808,61.51545432771897,60.0518437478931,57.73307287003517,54.39294790112383,48.9749513368111,49.28605778796934,53.9420644536023,56.766140578763775,59.08822136433419,60.75404606259161,61.697643395773405,62.04624556764227,62.16525069708563,61.587977747412886,61.10142729368857,28.280150642239768,58.66020180594632,55.82104289259054,51.64272533624205,49.48119424380536,50.24571861263604,54.55400705852956,57.06506129530095,59.1921411512699,61.03242537318155,61.84323686044782,62.478476217622,62.72087714411345,62.69120500975137,62.44200401040416,61.55634777889365,60.42782176409374,59.24791864558458,56.54322886976955,52.98328988073496,46.93665404859221,36.8304703823885,44.77019907516252,51.29757544082043,54.60178934005874,56.94059136249069,57.93503320333444,22.30448921378274,18.63322860120456,15.314789170422552,15.314789170422552,13.979400086720377
19.294189257142925,26.60865478003869,18.129133566428557,16.989700043360187,19.49390006644913,17.24275869600789,15.563025007672874,13.010299956639813,9.542425094393248,13.010299956639813,15.68201724066995,18.69231719730976,16.020599913279625,12.041199826559248,3.0102999566398125,19.294189257142925,10.0,11.139433523068368,17.634279935629372,18.129133566428557,17.24275869600789,10.0,15.05149978319906,18.129133566428557,19.294189257142925,13.010299956639813,0.0,18.129133566428557,21.613680022349747,6.020599913279624,13.979400086720377,0.0,18.325089127062363,16.127838567197355,20.96910013008056,15.68201724066995,3.0102999566398125,13.979400086720377,9.542425094393248,6.989700043360188,0.0,19.138138523837167,11.139433523068368,3.0102999566398125,15.314789170422552,22.50420002308894,13.979400086720377,17.634279935629372,9.030899869919436,14.62397997898956,0.0,11.139433523068368,11.139433523068368,9.542425094393248,9.030899869919436,17.853298350107668,18.129133566428557,11.139433523068368,16.989700043360187,12.30448921378274,13.979400086720377,6.989700043360188,18.129133566428557,6.989700043360188,20.96910013008056,13.979400086720377,12.30448921378274,11.139433523068368,18.325089127062363,17.634279935629372,38.46213363879387,35.97804842404293,34.30075055551939,29.89894563718773,28.325089127062363,20.170333392987803,26.45422269349092,29.93436230497612,34.26348573787508,34.86430478854434,38.22298871262366,37.0104963072914,40.16029963076024,39.92686039162128,39.52162574214463,39.253120914996494,37.4795530690673,38.2588029893618,36.80607428991787,36.25929492716295,34.385423487861104,31.448854182871425,28.29946695941636,31.13943352306837,30.37426497940624,33.91816923613249,15.563025007672874,36.91346764134822,37.69451179402038,37.49736315569061,36.12465963953142,37.86893325261316,37.31508183596026,34.21110129793434,33.44392273685111,30.622058088197125,21.64352855784437,9.030899869919436,25.563025007672877,30.30599721965951,33.820170425748685,35.35800290824898,36.8304703823885,36.60960291776084,37.25666660314178,37.1474876072506,37.50431248660202,36.70431409360606,35.238764756381315,36.12465963953142,31.658376246901284,30.253058652647702,27.958800173440757,16.989700043360187,22.380461031287957,61.12216442500576,59.694201061645664,41.1965172203987,71.74214328563745,54.037191944157605,42.39999792886872,81.25846599267591,37.808211758534725,50.50136049851575,55.25688641079464,58.36785387679691,60.74852995881248,62.55496591489147,64.00367000850409,64.9025212623417,65.63339857397504,65.94844291032295,65.93124062692634,65.58291831854929,64.78779117978034,63.54047326155171,61.56361340450087,58.496625997495286,53.10055737750892,42.75196141785624,52.623181705341786,58.36023297439273,61.508070790206375,63.55186303050271,64.94774413115523,65.78006329201774,66.16912739075616,66.12972469042943,65.7192045513794,64.92083983039761,29.429995933660408,61.80374218294173,59.22456599949002,55.82001966158373,54.48452778668651,57.66755536798313,61.11990992696679,63.490773366748726,65.44520095683393,66.70945820537031,67.62737365769566,68.12528468045203,68.30905325172851,68.20641772435933,67.83168371055764,67.20123317515163,66.13886834007911,64.6245939381334,62.3331549144021,58.8778041141103,52.957979293454194,47.03428954577213,55.29373882145889,60.24824186911394,63.020212265046894,64.76760350853863,65.77990722012616,66.11115720392293,66.07110131548977,12.30448921378274,26.074550232146688,20.170333392987803,19.138138523837167,19.54242509439325,22.671717284030137,3.0102999566398125,15.314789170422552,19.030899869919438,12.041199826559248,13.979400086720377,20.253058652647702,6.020599913279624,6.989700043360188,17.853298350107668,12.30448921378274,23.59835482339888,6.020599913279624,17.24275869600789,22.944662261615928,20.5307844348342,15.05149978319906,13.010299956639813,20.644579892269185,21.84691430817599,10.0,18.69231719730976,3.0102999566398125,21.70261715394957,23.59835482339888,26.9284691927723,30.51152522447381,32.05204363948145,28.63322860120456,37.36396502276642,33.346547668832415,31.513698502474604,36.40382044709568,29.37016107464814,30.98989639401177,26.28388930050312,30.644579892269185,25.58708570533166,25.118833609788744,17.24275869600789,23.873898263387293,47.41467697685545,24.8572142648158,18.573324964312683,22.27886704613673,15.05149978319906,22.85557309007774,23.521825181113627,20.0,20.253058652647702,17.634279935629372,16.127838567197355,17.24275869600789,3.0102999566398125,15.05149978319906,16.532125137753436,20.37426497940624,16.532125137753436,20.863598306747484,18.69231719730976,9.542425094393248,3.0102999566398125
17.634279935629372,26.60865478003869,6.989700043360188,15.05149978319906,18.06179973983887,10.0,53.9244544680072,56.14739070319703,58.02308404843316,58.98982282382202,59.70860379172317,59.90859429604716,60.17661359225865,59.98346537396365,59.61083969720243,58.792863077156845,57.87625517565701,56.3246944011222,54.2318851050002,51.57145366807009,48.2256687156825,41.44044637110949,45.39640565669429,49.91199485420423,53.45281568001318,55.01367406054805,56.40429755833591,57.25887141314174,57.511135168993846,57.79585669831928,57.3949006593509,56.573236171121465,15.314789170422552,53.91668903517196,53.208937096318245,51.95899652409234,51.024131225167125,53.57204695027421,55.24942379245421,56.51018135095474,57.87891720924093,58.53350758890751,59.20501603206474,59.37893349267306,59.33066962810234,58.84421494649598,57.94529870759028,56.78272482374923,54.82903583178255,52.01211348587152,48.25821930816132,41.1277252110537,42.91124546612215,49.64712079235717,52.253196219475726,54.53575170685462,55.88950356851711,56.55716468723979,56.866648638423605,16.020599913279625,16.020599913279625,17.853298350107668,22.14843848047698,16.020599913279625,10.0,19.86771734266245,12.041199826559248,12.041199826559248,18.325089127062363,22.944662261615928,53.934172492827926,54.16447444662551,53.927707946265286,53.75606923402309,53.40335031751464,52.686738991852174,51.54703876535535,50.3362477121926,49.351897419780784,47.0442508266649,49.309490311675226,49.89521007648312,48.38099443488127,49.91527318383332,50.67182485523405,52.60881950463586,52.49279091959134,52.91113438626233,52.332043186474735,52.80122896302308,52.73892109119874,52.8338491280628,53.29448730538655,53.201836878529846,53.41808312000624,54.21817731364133,17.16003343634799,53.91460885276008,52.08016529118204,51.13796335447167,50.60916820614972,47.14371678038968,45.50888468081352,44.74463945321284,45.05068540469512,46.925649327520055,48.99273187317604,51.06136479510389,51.656893760176175,52.29282425119716,52.488581287603424,53.89918799666621,53.37652903469032,51.59930957967804,51.78703629679069,50.28233607972786,48.53381803643551,46.58440706411126,47.60007594399437,49.16985305091,50.15145909153383,50.48150363332397,50.8244426138607,22.576785748691847,20.253058652647702,61.12216442500576,59.694201061645664,41.1965172203987,71.74214328563745,54.037191944157605,42.39999792886872,81.25846599267591,16.989700043360187,3.0102999566398125,46.49071865398702,50.91568482905878,54.51130662426892,56.86404762567656,58.77999869057245,59.87212520878606,60.86927957508544,61.33317233886372,61.51674086933876,61.33936297556193,60.91193019196744,60.00240098467384,58.40739501442233,56.30993005375781,53.07692816441323,48.255689116087154,41.089031276673126,48.36944093659153,53.550145154120656,56.57171585524053,58.516557603728046,59.750718153493445,60.70163886125236,61.0204726556706,60.949896663471925,60.61043627654356,20.96910013008056,58.42499404129608,56.28717847401285,53.14524489156948,50.2209829746114,50.53097659628283,54.186740940835534,57.45581433210677,59.68476410738332,61.40522184089926,62.54166300568259,63.30853932944163,63.69158875720902,63.77827856202791,63.54742123424168,63.28654365782077,62.33330210818055,61.13786309757823,59.159366986088784,56.76438443815251,52.64593536975382,46.009837801238334,46.1020220940222,52.66318735073827,56.39168620814617,58.77256133113586,60.28780216797622,12.041199826559248,16.127838567197355,24.082399653118497,24.23245873936808,12.30448921378274,10.0,19.138138523837167,17.16003343634799,19.138138523837167,22.04119982655925,12.30448921378274,54.25438026007743,57.468520698256775,59.923767597988025,61.50969084666349,62.81375438357961,63.49140902390993,64.01487563297778,64.07629658301603,64.03760333610717,63.521834832091386,62.80338167329717,61.6814760887683,59.75275526294006,57.39630879287834,53.99329263791917,49.093099306331695,47.91676616661536,53.528035974590566,57.094277033673926,59.1190352800657,60.77536865663525,61.43512547574467,61.99065077093903,62.31196796383891,61.52484650050668,61.70085614365889,32.00850498091078,58.30446232664102,56.400061363298654,53.162325214273935,47.82142836505499,50.629615909409424,54.10205105896567,57.39959793239333,59.37159175142639,60.85813415163421,61.89273814337386,62.497404588400926,62.754726010694185,62.66138522765771,62.28060387672138,61.76003522708668,60.5118224647471,59.00777738826653,56.896728389439474,53.684616834730825,48.36887193801922,32.046625117482186,46.75741690804245,52.19283192112123,55.14677888693556,56.6207847945704,57.79080369821743,16.989700043360187,11.139433523068368,20.0,18.129133566428557,16.127838567197355
13.979400086720377,26.60865478003869,20.644579892269185,15.05149978319906,20.863598306747484,17.853298350107668,54.44881334486196,56.4916441824387,57.823013092246086,58.88628725385226,59.5900559734475,60.07615080339238,60.19501789427113,59.98106698080033,59.51330717710511,58.824021441520486,57.83901436367045,56.40315439166813,54.295148869212895,51.49206792069785,47.25666660314179,46.016363476482354,47.54141843829458,50.86163998032888,52.83059132542552,55.00894829396237,55.988605133290896,56.91315824081242,57.52682132096206,57.37212527527977,56.96120389995245,56.75507968770493,16.989700043360187,54.377901864217016,51.50341897520264,50.01409168405877,52.04589309880152,52.430504569228034,54.737277725020434,56.6940242908267,57.78799313043511,58.98449273101199,59.48876845723957,59.76179346176397,59.560459075602175,59.07018275427261,58.391070731378704,57.00919945420287,55.04608129508669,52.63351968393565,47.98402011467731,37.570922201189326,39.26856708949692,46.809244488059925,51.68417924329727,53.81672714219073,55.23258586795564,56.3478852053769,56.71547711297607,47.41467697685545,16.532125137753436,6.989700043360188,9.030899869919436,9.542425094393248,17.853298350107668,13.979400086720377,17.634279935629372,16.989700043360187,6.020599913279624,9.542425094393248,53.5903252844065,54.280975208880015,54.78250398888445,54.52206715096823,54.11439554225447,53.02237824673783,51.85476991628807,50.53128403691646,48.68791333198155,48.88437858787209,46.24539913879395,46.99820388416121,50.90614232931648,51.57725663362385,51.63665174459272,50.88809166461293,51.46106320411256,51.60108220410951,52.30768138211391,51.96366889943943,52.55397949834712,52.99945076932008,52.87848738644336,53.91818685453415,54.09530749881772,53.296663063271154,9.542425094393248,52.866921912895805,53.71800923708147,52.919235758838845,49.69723351104237,50.120944945333285,47.85984343084963,44.83016420144132,44.76657760031162,47.31048582809215,49.00503677779401,50.64914507193082,52.0779588520471,52.98460069461452,53.40436182448372,52.00686375969617,51.58932129859686,52.39569733949939,49.11871077099282,47.77289044357314,46.37779829374158,46.76483268736462,46.63700925389648,47.98125584444266,49.92646287008924,51.29319230615536,51.60288413131288,20.863598306747484,20.0,61.12216442500576,59.694201061645664,41.1965172203987,71.74214328563745,54.037191944157605,42.39999792886872,81.25846599267591,13.010299956639813,15.314789170422552,47.12355022085704,51.29834847617477,54.18435537183703,56.705668154055225,58.532387358425794,59.812988637889895,60.60041749178731,61.105469520710365,61.17762334305465,61.19765457218882,60.56017832986989,59.62944856118054,58.47977154207939,56.31022461430349,52.86449732965437,45.845573605256746,37.773543130842086,49.150831016512,54.02373166646733,56.89230696846216,58.82675347989653,60.2130550899627,60.81037501430156,61.45243656772925,61.40872734948068,60.836781654493706,20.253058652647702,58.69699214918366,57.23994716336109,54.705986346907416,51.249897632121694,51.37319290446399,54.51003078627362,57.24742690043606,59.54985000491466,61.12624437118157,62.29114611544401,63.05950368556887,63.63053053758552,63.75021114545394,63.58888485158647,62.97541886716533,62.06002904488007,60.92740640011729,58.91000250606324,56.23563523171417,51.78781326919915,43.53531559077762,46.74171966593871,53.15645027292665,56.85508858514816,58.81957821031576,60.30650312504992,19.49390006644913,17.634279935629372,14.14973347970818,20.37426497940624,13.010299956639813,22.671717284030137,6.989700043360188,21.5836249209525,19.54242509439325,15.314789170422552,18.325089127062363,54.85063810070663,57.58961069302337,59.882708179520506,61.49637804733764,62.73795940448457,63.5277198630383,63.97349314085193,64.13187738547643,63.97036431698052,63.48853713596455,62.77721955809044,61.50637644840959,59.85782476552966,57.14401018437415,53.679110157217984,49.1184447618652,49.54242509439325,53.869089884895416,56.78281592142024,59.2684077596046,60.59289199520799,61.37988313122701,62.08804818435021,61.89430232608254,61.672833580004834,61.34635075402349,26.989700043360187,58.521504880216966,56.15664985227048,52.64026403147981,50.39755075032395,49.34725638922736,53.841059947728354,57.29062686078032,59.22272767197925,60.93797677416152,62.00202949612235,62.52331078830706,62.67622690940431,62.725797440080754,62.35312508475364,61.48272181524129,60.58394514186297,59.006036045285256,56.87839188127665,53.368438245087006,47.97772884621907,37.23291446477584,45.52485701092947,51.5601883092165,54.86142743166919,56.95451029628921,57.9196068359082,18.06179973983887,16.020599913279625,21.73186268412274,3.0102999566398125,14.14973347970818
20.0,26.60865478003869,16.127838567197355,16.532125137753436,6.989700043360188,17.16003343634799,54.30607111301399,56.51182032067365,57.79913799850263,58.94294458212392,59.563629546755415,60.06308555206169,60.220727062701,59.99306747285236,59.71064682035558,59.0546612299884,57.915166157195,56.47134451278346,54.79588265402164,52.34036154915847,48.29953120368703,45.82438376813906,46.9284691927723,50.55515938105266,52.09970516709343,54.70923284846152,55.8884627645422,56.87439774545894,57.53609100462011,57.5125754272917,57.29444236328743,56.93143688527692,18.325089127062363,54.94373078262301,52.52719568036186,50.821963405115376,52.03796855957368,51.49840848152134,53.803993952234464,56.092795116203774,57.31699943234132,58.76075169903046,59.24896166325048,59.609699529878455,59.48579217876342,59.18396290708052,58.56770566156819,57.27661606612571,55.609796686905206,53.72567743391127,48.96774157509428,40.76640443670342,35.61697532653994,45.03422942737234,50.48752457699489,53.062534205221176,54.69764596979893,56.24935624540859,56.86465556196019,3.0102999566398125,16.532125137753436,13.010299956639813,13.010299956639813,14.62397997898956,12.041199826559248,11.139433523068368,13.979400086720377,12.30448921378274,6.020599913279624,13.979400086720377,52.5643870751755,53.48999567793911,54.66311426704681,54.5273225889791,54.19006860799459,53.371016947671805,52.35619336241256,51.09028159440493,49.642832068903154,49.226268614358055,46.975083178660846,46.97752274167755,50.79141433895366,51.45755623637207,52.16664592497991,50.39671843067696,51.19113961357432,51.07820267248048,52.56014996155447,52.035604682457326,52.62892279620709,52.92913662343757,52.64612428687347,53.72337471084134,53.79205772700067,53.30190480474565,15.314789170422552,53.23394434656152,54.229655406255546,53.52770829754522,50.87657214537259,51.09929350220636,49.18371134693579,45.94005601788341,44.78306706922567,45.29545842861724,47.31379221943498,49.37442661284376,51.34448058507344,52.67380609021646,53.33689041703905,52.6253888902878,52.473446795488776,53.292310456929656,50.73017783526189,49.48593884124023,47.66539250054514,47.54264221240148,47.28597243383432,47.17936655596407,48.23121955676413,49.48359164706383,50.3362477121926,21.33538908370217,9.030899869919436,61.12216442500576,59.694201061645664,41.1965172203987,71.74214328563745,54.037191944157605,42.39999792886872,81.25846599267591,0.0,11.139433523068368,50.54632202921429,53.89963036435888,56.39303170343821,58.2704860400809,59.57811218719684,60.515063765094695,60.96600337519895,61.1989563919422,61.05339839805286,60.75018917969344,59.59520760580518,58.32621942295372,56.63333362411702,53.66760921610552,48.202934334486,37.75828814464612,47.82336437879265,53.303264998016864,56.38834558475307,58.42330852504404,59.80970928840914,60.76052492389928,60.9665318218368,61.321296379370594,60.90189251849063,59.93330840674496,12.30448921378274,56.815921502735954,54.72582404200301,51.689598169485706,49.94299551726073,53.81890880626258,56.85369966718425,59.22248873612583,61.037462671770726,62.25807658787084,62.97808641825449,63.57777291434796,63.89167679729087,63.83424863818084,63.40872447095126,62.57004535714841,61.49284405924352,59.91442282791488,57.37257861520875,53.87482371039476,47.55058834964717,43.22570724231276,51.14724379660332,55.63919904493979,58.21020655394673,59.70408714617608,60.88678175188241,18.129133566428557,22.30448921378274,15.05149978319906,21.13943352306837,16.127838567197355,17.634279935629372,20.5307844348342,16.020599913279625,22.380461031287957,6.020599913279624,16.127838567197355,56.474230720328215,58.94236841032101,60.757064167284405,62.16858373038978,63.038407544495634,63.7905974090194,64.11564826526549,64.15749373209087,63.8653267334192,63.281911643934734,62.35285224402525,61.02306417477622,58.96706952199743,56.18435126515527,51.80842414646683,48.24177920086185,51.31583380498573,55.42871467200157,57.67782727709334,59.79680372881229,60.91042672345014,61.76166530242563,62.17220655644518,62.23332368307153,61.38141584513705,61.410610862591824,25.289167002776548,58.06790271584067,55.65003192025522,51.54073839962717,49.62397750955152,51.0377636296156,54.948722569883486,58.00646980794692,59.693194435313984,61.30876458236267,62.146584388799184,62.57606586392311,62.7981746121771,62.72614751742896,62.308840197049136,61.48170613077387,60.44352361878137,58.91314399382143,56.41525667519176,52.92437727989707,47.11047603867034,38.03525395576533,46.01712416694041,51.74876432303851,54.80768447380031,57.10452480648836,58.09433784645905,11.139433523068368,15.68201724066995,23.673559210260187,0.0,0.0
18.325089127062363,26.60865478003869,14.14973347970818,14.62397997898956,6.989700043360188,9.030899869919436,54.403201824806445,56.35937909969627,57.94976440370089,58.776828433030985,59.77303736778231,59.93704219923592,60.05421624907449,59.795310754179305,59.35028371074573,58.98607269986363,57.50049173076413,55.98927227835204,54.67009891485922,52.21531598870455,48.45048403522757,42.01533673443382,46.19927710291468,50.51206564620352,52.91220063565423,54.94856970336215,56.4472999092827,57.33582420241032,57.76945859601173,57.96988311250179,57.65409986918204,56.61350706343194,22.27886704613673,54.11661786723101,53.97946957328159,52.456236948237205,51.83500456889532,53.48781740811529,54.98878212247938,56.11021924445161,57.5581389778315,58.40811563493236,58.9959345037748,59.037588280688205,59.1949857882809,58.78881260909302,57.89304960447559,56.03539498272048,53.53071428920748,51.87125728101728,45.17420247475372,38.76737297140664,45.5213262107812,50.56546601148994,52.23885151875885,54.52191383575126,55.88210060669905,57.13279644864102,57.253013955379295,17.24275869600789,12.30448921378274,18.325089127062363,20.253058652647702,14.14973347970818,15.05149978319906,18.06179973983887,16.532125137753436,12.55272505103306,13.010299956639813,0.0,53.04708051377888,53.26878390021045,53.92037098260247,53.45891046455616,52.92862773342301,52.11979732764515,51.30311248938025,50.283638153456224,49.39983250489399,47.47722462035508,49.79266037059511,50.39064956805266,50.46218032731534,51.58992365295798,52.36038191158982,52.58776119845842,52.41755608772016,52.77494609611012,52.95874845217379,53.138524625389294,52.92656943947477,52.894105608859896,53.26542716104767,53.10582866452046,53.06317781104432,53.820170425748685,15.314789170422552,53.31629717629932,51.78046964753848,50.86918358532287,50.12537753436561,47.05247740178905,45.454803047994105,44.71995401974822,45.54779803803794,47.174791050267416,49.77819596617776,51.455227038386944,52.19631672633821,53.05488945905176,53.10635968944024,53.820170425748685,53.46339280264588,52.49858472417371,51.65095874754218,50.18471643392513,48.79629097429492,46.69400569511487,48.17710771070808,49.316815713472224,49.65906915495192,49.742813588778304,50.55642039317324,19.030899869919438,25.622928644564745,61.12216442500576,59.694201061645664,41.1965172203987,71.74214328563745,54.037191944157605,42.39999792886872,81.25846599267591,6.989700043360188,18.325089127062363,45.62173863364649,50.56599976292781,54.5354613197939,56.71821484803261,58.82574624076323,59.81587586209935,60.803414327279285,61.27297271321528,61.56721139075454,61.49503928742413,60.93332365419055,60.01228183684351,58.69496910513142,56.6838591669,53.7135606423731,49.7892881296663,45.34964792394666,49.164328913372906,53.58228087234033,56.58211794022155,58.35762842224717,59.63649019754814,60.58214140329925,60.79737510411948,60.74698346208499,60.3339842090324,21.33538908370217,58.062071165408106,55.89013016889297,52.38359786408524,48.70316101023196,50.01266291999271,54.14547196293471,57.43951673556296,59.69669797885709,61.38306804203791,62.58145010913077,63.29348242869543,63.769842364353934,63.9038695002128,63.604981763911326,63.34212811741037,62.25874788754297,61.36416137341801,59.34412088754448,57.07941296688806,53.414938773990286,48.374369137302,47.21159097082168,53.00925752478641,56.40836081900708,58.631229196567645,60.03426493807324,17.24275869600789,6.989700043360188,16.127838567197355,21.613680022349747,17.634279935629372,16.532125137753436,19.138138523837167,18.129133566428557,19.138138523837167,9.542425094393248,19.49390006644913,54.64383718108959,57.629222703043,59.88469770209876,61.28657700431415,62.74500067812372,63.48400085792797,63.94086755209659,64.13702850410459,63.970157157316045,63.62473615354973,62.75043322521066,61.51978110642294,60.07932463196372,57.72019356016811,54.565178578052624,50.36952100921284,50.23668030815461,53.909103904539286,56.71717915123601,59.02051325001898,60.60991173280069,61.386342146622674,62.001840505653725,61.96154621825103,61.847530224646825,60.87570251106995,33.81115080709851,58.716505645834005,56.65518140400601,52.69692695589724,48.64065879090237,50.695349027125616,53.85191440478543,57.12249730916884,59.26303852391712,61.00770187849129,62.04459956418457,62.43600777772671,62.6949076194402,62.785672715120775,62.28333104586707,61.650103437267575,60.220727062701,59.27924427943309,56.59773629247788,53.412069302581614,47.88910422834653,36.63700925389649,46.05563606070498,51.670956993864365,54.64485076294121,56.74152653969405,57.62547280442118,21.95899652409233,17.634279935629372,20.863598306747484,21.73186268412274,15.68201724066995
18.129133566428557,26.60865478003869,13.979400086720377,3.0102999566398125,18.129133566428557,20.253058652647702,53.76799521558685,56.21170047838209,57.87800408902925,58.96683262603467,59.572973765884825,60.02722725332767,60.122807183790215,59.998909784022594,59.7114405563081,58.42337720700872,58.11658773733116,56.59927603713967,53.19682652743672,50.21127252569096,45.74841195063384,43.99967765588588,45.30826986248976,49.66620366591048,53.58639051893465,55.29785704137245,56.50623170604235,57.47232303844447,57.68819327737163,57.65407005411389,57.38156406258114,57.19670964679776,9.030899869919436,55.203276041686905,52.8934141441548,51.91897934475422,51.80461362818491,53.41143578447078,55.21247951542065,56.6185999172781,57.73833966188117,58.2904376172262,58.87275130545228,59.26048014563175,58.78895036410356,58.24834321209427,57.216169112938566,56.670277900306026,54.90987479022918,49.97495599658018,47.99512854348484,39.20175522010023,39.20801381825654,48.90023991711799,53.5276311934708,55.46266206289391,56.45171642537152,56.55293100655906,57.045794496963,10.0,17.16003343634799,6.989700043360188,16.532125137753436,0.0,11.139433523068368,18.69231719730976,3.0102999566398125,13.010299956639813,16.532125137753436,13.979400086720377,53.45446270305736,53.76215502870188,53.25763936582484,53.30657234711394,52.68652843787503,52.1619758218694,50.83162074006658,49.15595039159146,48.1125989403922,48.501865831924746,48.797207678789086,49.965817140028754,49.78143981690324,50.57095289612668,51.40561462373471,53.22973484667581,53.44757634770257,53.50317810053498,52.26705566381196,52.45742092356849,52.69909698749761,52.60357641636152,53.056307759969656,53.33785710914351,53.47246076137299,53.58104341153481,20.96910013008056,53.08865221018098,51.9916529884506,50.79007493502037,50.12014237418042,46.724765454206704,43.99067708949072,42.99834040645859,44.20978355694903,47.73823000217266,49.630555184914144,51.33519747896885,52.29796990584995,52.94959762701305,53.23443931370371,53.90286712449381,53.57067296901225,52.18309634365668,51.92414113069472,50.88692338311862,49.58587771150353,48.2675488069819,46.72707290472643,47.49179567349928,48.9768206179642,50.43020210131246,50.44010288355575,20.0,24.84299839346786,61.12216442500576,59.694201061645664,41.1965172203987,71.74214328563745,54.037191944157605,42.39999792886872,81.25846599267591,14.62397997898956,9.030899869919436,46.17943434828973,51.18595365223762,54.21317592954531,56.657929275320605,58.4670134603002,59.92752284666042,60.82693835800792,61.29398868958332,61.51024300053769,61.30494588523469,60.84691359659296,59.94919554787319,58.67187492764229,56.77637060327916,53.943553548360256,49.75950813361342,46.046255930216574,49.55423149275055,53.50606551010246,56.39570152623476,58.278988926598615,59.63003974141967,60.43234918704066,60.73674735461333,60.78895241360162,60.33678627630431,18.129133566428557,57.97758355546228,55.80063512043416,52.58840735782962,48.92500867700967,49.39823651243017,53.70300238702363,57.34681442214288,59.58829920562545,61.457984672762834,62.50353633137256,63.27717666709438,63.63604835595151,63.81834276071231,63.67499419526957,63.184640372657405,62.39065372616688,61.21521763787957,59.32892129630115,56.83692593776608,53.02491107475077,48.24132345029388,47.36651426038839,52.549273451415374,56.15955309427019,58.69167157644473,60.188805853756165,6.989700043360188,18.06179973983887,23.010299956639813,6.989700043360188,16.020599913279625,14.62397997898956,19.49390006644913,19.138138523837167,6.020599913279624,18.69231719730976,3.0102999566398125,54.23183593281438,57.49113019126064,59.97164811483999,61.62971926384772,62.7147195058798,63.44202990095635,63.85220777907441,64.11239953137493,64.0030325153125,63.427167170702745,62.88077665497197,61.70191283551912,59.62134838601549,57.27061153281322,53.92248360959058,51.23384441556113,50.25182934335449,53.67583260340628,57.20795801994464,59.22613886537998,60.71210171706946,61.421397062771305,61.80877924250501,62.09431632721545,61.63048014096093,61.02780042608525,35.86587304671755,58.60582340790455,54.874918915584914,52.00678168235225,48.04888744622392,49.77147211335466,54.88631081744372,57.51843166343502,59.6014433942161,60.73076513140031,61.715734731678566,62.40002291984767,62.61135774442256,62.55868767960767,62.10017915074403,61.80534447538254,60.67732028244068,58.69894393310969,57.18974753983151,54.21225399340183,48.90543967658421,37.30862992046494,47.02439153314047,52.29510342754323,54.93158193685464,56.39088868085536,57.61997710631336,19.030899869919438,10.0,10.0,14.14973347970818,13.979400086720377
20.681858617461614,26.60865478003869,17.853298350107668,18.63322860120456,16.020599913279625,20.5307844348342,54.21941032248464,56.34557874185073,57.661070973332656,58.80066077110861,59.60006743167493,59.92255196906272,60.11760273790657,59.88953388200016,59.40335159020841,59.03385749375113,57.687934428682304,56.36738571385955,55.25355831983467,52.94433156794832,49.827233876685455,43.2668397638188,46.01244924810521,49.5724801957905,52.260660522527296,54.30906710285305,55.8206449980677,56.86423537978791,57.30305743422815,57.70454339764142,57.489667319562194,56.50160790367473,47.41467697685545,54.139197420336544,53.58486888100237,52.1619758218694,51.19747327519271,52.80698990972074,54.37466752177761,55.82976467163456,57.40034080651097,58.4737088742647,59.066043717249805,59.347917534520384,59.525042702931366,59.29174119016005,58.71951610621888,56.92566695736501,55.138831856110926,53.934172492827926,48.94105511777515,41.27784876362171,39.608036249117696,47.1281800020785,49.86449251652762,52.69643679866153,54.60506952138215,56.21020406503192,56.65398042286366,6.989700043360188,17.16003343634799,13.010299956639813,10.0,10.0,12.30448921378274,14.62397997898956,12.30448921378274,15.05149978319906,15.05149978319906,15.68201724066995,53.25977215078921,53.67857027591513,54.37500058003148,54.24254232226176,53.869357156744464,53.2212829016547,52.53417974067507,51.434676051262336,50.457179679645165,47.94550781298625,49.10837764992684,49.12126362995724,48.65299452032231,50.17575868391074,50.96910013008056,51.394571752911176,51.41578318084381,51.63414838299946,52.73811199399403,52.65572461743118,52.67725394235677,52.75055540820078,52.80109224697342,53.15386698060163,53.40305277062427,54.08912939368356,17.24275869600789,53.97983435948901,53.10219471207133,52.64033496893688,51.9729434503319,49.954465206631546,48.4308944349941,46.41315435134449,45.694324359249386,44.468632314825165,46.84961995325813,49.24305136154559,50.85493938872156,51.83910133804047,52.56910081889356,53.13449590954807,53.056887840507926,52.45354713827355,51.91171455728559,50.60535421614983,49.10224071953891,46.49188770977882,47.39864939776589,47.99519745122566,49.00394441915931,48.93117885762238,49.40765435631217,0.0,15.563025007672874,61.12216442500576,59.694201061645664,41.1965172203987,71.74214328563745,54.037191944157605,42.39999792886872,81.25846599267591,3.0102999566398125,15.563025007672874,50.2993948129681,53.65377525265342,56.43682594284422,58.16970699690162,59.5572718611713,60.31365234649405,60.90457338137255,61.10557726194563,61.03267874646824,60.49472708222488,59.703626853774495,58.43128709420019,56.30104322105709,53.09289410655256,47.89933080931751,39.43296614566655,47.55203847841705,52.972723392562,56.33052141391288,58.27543085314901,59.60680501111728,60.49064441397219,60.882332179918365,61.04176985366244,60.63627918646376,60.00111165158834,6.020599913279624,57.03828538956348,54.32006687269598,51.85272939167179,50.57970231710705,53.81095216474694,56.87951457044502,59.19602069016264,60.92368295279293,62.09693253166197,62.91965706059662,63.49573757103518,63.745672606048174,63.59048868064867,63.15834371117663,62.46086002084595,61.35049920738958,59.77051986979024,57.483965933735234,54.10630476079238,48.29567486433636,44.114345021650045,50.966667399753824,55.286545025819024,57.96880174163312,59.59933880439074,60.85435081110066,19.030899869919438,14.62397997898956,22.14843848047698,21.33538908370217,0.0,19.86771734266245,19.294189257142925,18.129133566428557,19.294189257142925,12.55272505103306,16.901960800285135,56.439666164182896,58.939658269676976,60.62785359384893,62.0281514096758,63.02898863760508,63.647102387321375,63.994885445199415,64.00377883945362,63.73383765859816,63.21598637568052,62.15781599494088,60.778651511802735,59.06432019818795,56.4379306940925,52.80680786235053,48.152389461965214,50.88224711184667,54.88068212486564,57.595832434378096,59.617294997421375,60.92575036909227,61.61787717194169,62.14635389637817,62.00406404648145,61.85229565665101,60.73356470796757,34.42479769064449,57.08429398965095,55.63420564733509,52.77125376889807,49.64829827188608,51.50477051087126,55.30539058316195,57.65036393829487,59.713241009999074,61.06933697645606,61.92036944529633,62.500404387847446,62.77062736723634,62.63342495185614,62.2408662607461,61.34119070221977,60.2794701426481,58.89030954600281,56.28777066916437,52.70753346768218,46.53906829641698,36.45422269349092,46.8524896024201,51.78982699499869,54.83525963696585,56.93378670415154,57.79280394552426,20.96910013008056,23.010299956639813,24.099331233312945,0.0,10.0
12.55272505103306,26.60865478003869,11.139433523068368,19.084850188786497,12.041199826559248,13.010299956639813,54.33541029240211,56.42417032144476,57.6120591918201,58.83661435153617,59.50830546108759,59.997680248037724,60.01632048317675,59.81440302835544,59.35576787682743,58.8860459100733,57.43999441724611,56.023074686583065,54.95323665445681,52.611795714521286,49.48359164706383,43.30920830595236,47.04253499367706,50.46136030329532,52.69335454294792,54.63482379191176,55.93979055535638,56.87936311344564,57.30620797887283,57.507998837126735,57.20847011972972,56.05865064892988,20.96910013008056,53.33023857758089,52.86701168628528,51.83284082612722,51.538910496761694,53.17881644943567,55.069337034876575,56.471090043169234,57.82934622471221,58.78895036410356,59.29195078643947,59.609699529878455,59.589330438096,59.22454003982921,58.50911386256829,56.56218023915069,54.65174578134159,53.07968584088669,47.01438454464351,36.72559627763276,42.24507164727078,48.70380492546501,50.785148167822655,53.189164697423614,54.957219040966045,56.34527649429032,56.54222761447542,6.989700043360188,15.563025007672874,15.563025007672874,12.55272505103306,16.901960800285135,13.010299956639813,16.532125137753436,16.127838567197355,11.139433523068368,6.989700043360188,17.634279935629372,53.64903540614563,54.20183569479221,54.65330792482951,54.65103147141484,53.83163435187153,53.17154123799028,52.36700972747639,50.96802294618912,49.96275197482623,47.05761110917477,49.14924648205148,49.09695066792133,49.632682515262346,50.53097659628283,51.55691224030103,50.87852375163169,51.4207959224067,51.57795126077084,52.82232273639265,52.58278015243032,52.73003588294798,53.05802629184904,53.14793850397915,53.41563112106319,53.61586195156881,54.11303127961117,12.041199826559248,53.67258986118464,52.99206478843644,52.21458577958301,50.68812723373316,49.38219417812743,47.62985986393013,46.17430226689926,46.02070848554296,46.83020006620726,48.9416647122255,50.67279207867153,51.52584909052037,52.30717079282736,52.58680374856665,52.738088874716,52.55668015481661,51.27791348178668,50.38178888552519,48.5474315326016,47.10633470867923,45.66189926827274,48.20444491258136,49.36840345812756,50.14528938956798,50.70887144018541,50.8333417264038,22.85557309007774,30.66325925362037,61.12216442500576,59.694201061645664,41.1965172203987,71.74214328563745,54.037191944157605,42.39999792886872,81.25846599267591,14.14973347970818,16.989700043360187,47.077830133881086,50.99532168493472,54.359971700024026,56.83660203816497,58.478501734642485,59.70218986970821,60.52106535661552,60.99886347163026,61.14345389666116,61.00883812156778,60.500598151675845,59.61142391696206,58.14466020228009,55.91346250308287,52.74076989040465,46.69502834104343,38.07399712759485,48.67379087855645,53.895948492323214,56.90675312082146,58.75527156151199,60.01100409820205,60.71721877704468,61.19129146559976,61.162373733014526,60.84728165078917,17.24275869600789,58.81072377532455,56.934033053464105,54.57162521201728,51.60486538809906,51.89380813892449,54.64936429121733,57.419013113496014,59.63033766576268,61.06933697645606,62.14078922446214,63.05275898848296,63.490831687795904,63.58056165836736,63.41276606578296,62.895838248054034,62.08297553210037,60.68668143285899,58.909377285369445,56.3518003663177,51.91143489954898,45.0194885967128,46.96260256579463,53.06639441024262,56.67611698200479,58.72303732951329,60.241427763301935,19.294189257142925,21.613680022349747,3.0102999566398125,21.33538908370217,9.030899869919436,14.14973347970818,16.989700043360187,25.10545010206612,15.68201724066995,16.901960800285135,15.05149978319906,54.730035028303405,57.69838703450779,59.73111682759424,61.45154435757631,62.512090666482266,63.43709836494695,63.87718804369569,64.04239147082575,63.83920158285931,63.44018147698211,62.5916964936429,61.4264502390457,59.98421514512447,57.435607168681614,54.31294593233297,48.3648868592908,49.34902258322314,53.63423932917176,56.64935166347763,58.7918594180392,60.33984758820944,61.31457297502248,61.820224118774185,62.4096886350041,62.08227381453028,61.42447347333,10.0,58.10953949840163,56.53453721491572,53.707165885395455,49.62127730652832,51.203534378919215,54.51394933697902,57.02444323353096,59.12257138880156,60.85751748871846,61.71162821284531,62.42442036037531,62.667933753121964,62.65123609706286,62.3891407519615,61.30335376990109,60.32338675502814,59.07008053689199,56.56431704127096,53.13092811528801,47.08607835994887,37.16754357432697,45.67661454473898,51.63030112304436,54.67640657953413,56.762957050836434,57.86414216302987,13.010299956639813,13.010299956639813,12.30448921378274,14.62397997898956,11.139433523068368
19.030899869919438,26.60865478003869,17.16003343634799,16.989700043360187,10.0,6.989700043360188,53.810446488668056,56.172572751227214,58.07840685444798,59.099970527093774,59.67063336524404,60.00313013493643,60.2111029164948,60.06805215706747,59.83173717687005,58.540125661128,58.18047651099519,56.73412609741456,53.60171030074152,50.49357594895029,46.67359546183087,43.538200948974136,45.06369717095504,49.5341656502781,53.60171030074152,55.22920001296488,56.53608024153698,57.34575826240601,57.57415769002655,57.593905630175264,57.23376851517677,56.876805365303866,25.71708831808688,54.65949147139243,52.65016042639367,51.59594260605748,51.35628704522542,53.625823660728855,55.49125926758112,56.80235768364048,58.065082850588425,58.53162616742101,59.22025456931057,59.49945937988856,59.20278329228894,58.66107675365464,57.69136476989182,57.08625675666271,55.57893203525072,51.04869340717005,49.03100844218276,41.605585621075576,38.88179493918325,48.57814777971007,53.12388949370592,54.959603948817055,56.12267693004008,56.2883934079882,56.76499733872188,10.0,11.139433523068368,16.532125137753436,6.020599913279624,13.010299956639813,21.13943352306837,6.989700043360188,16.532125137753436,20.170333392987803,18.69231719730976,12.55272505103306,54.06132944930335,54.4612069090098,53.659538527177055,53.75943300958664,53.41491899102345,52.73392539851887,51.42652216133908,49.69956114442769,48.38427179627136,48.03593664771345,48.42072279560508,49.5058389387961,48.888868232206526,50.00043427276863,50.47590249282056,52.874658053432285,53.13753361260644,53.24177470957476,51.96068358257647,52.50912573910113,52.390140275795865,52.80965148097093,53.41752956382052,53.16628631169816,53.70883016777606,53.99024389964257,14.14973347970818,53.79205772700067,52.15082115013175,51.19272389514709,50.60403175459535,47.58586427919191,44.81299273332856,44.08409578468429,43.84281712885585,47.464551517643216,49.25234716231713,50.96889166372602,51.93936748686024,52.71472183028717,52.86719122749727,53.44392273685111,53.346145711793945,51.54709959389484,51.67603815509777,50.52347599224664,49.058282489366505,47.67638147621918,46.70477786047275,48.09431764081064,49.52467932422607,51.015718090086,51.03067874976507,3.0102999566398125,25.670263661590603,61.12216442500576,59.694201061645664,41.1965172203987,71.74214328563745,54.037191944157605,42.39999792886872,81.25846599267591,6.989700043360188,13.010299956639813,46.70987603010034,51.17897421628228,54.33945755538029,56.91973929801271,58.58639443236375,59.95327131093136,60.864032579516106,61.35815849133618,61.61465333194236,61.34992636448587,60.90187487575421,59.97002165344229,58.47054775099711,56.46800586072485,53.475739324713,48.021235068847005,41.8480495701924,48.83462692864442,53.42077081830135,56.60523976930214,58.42340842572451,59.846987470656885,60.67303013140612,60.98548205132322,60.998587412729705,60.68067435396087,17.634279935629372,58.50453240598161,56.4408391857683,53.40787052215417,49.94092687188989,49.8552526820821,54.09933123331294,57.40619242259514,59.56323096319888,61.48610365932272,62.545918185350686,63.32831167318819,63.69709262204051,63.84812380142763,63.727960529491405,63.179357422176,62.40034778948832,61.10069929309636,59.152779201367295,56.43294722499392,52.16010109151619,46.4950036542682,46.0086403630984,52.54717218423228,56.235521568703206,58.925314613187226,60.36670805950699,20.0,15.05149978319906,16.532125137753436,15.05149978319906,0.0,15.68201724066995,12.30448921378274,22.27886704613673,15.05149978319906,3.0102999566398125,22.14843848047698,54.15947746276668,57.40745489509437,60.021734079691946,61.72463981448306,62.84314304757398,63.48843015693937,63.9791672986393,64.19657749983772,64.1431422376535,63.52291560590946,62.90782290192865,61.79214450049695,59.59760961121594,57.19904442543409,53.55315482465272,49.87474096257006,49.255183581774304,53.16762681728122,57.24631353894332,59.32508770648604,60.76502452254249,61.72451719040605,61.92490789970663,62.1940113035756,61.80285622548136,61.11836599434107,38.07399712759485,58.21577718018669,55.871292719083854,52.29950474131957,49.44309907031343,50.83624434530198,54.48138738949031,57.494827743326326,59.60767974892029,60.83147012130979,61.794460769975046,62.507916773731736,62.68489044727747,62.69594425162112,62.353718706748,61.734499712261496,60.68055553854429,58.81144901138885,57.20597512871536,53.9534911210594,49.36116462860748,33.87389826338729,47.21324130802647,52.36582603093143,54.98150593668466,56.48524913978729,57.64101376476229,16.989700043360187,13.010299956639813,24.14973347970818,3.0102999566398125,6.989700043360188
16.532125137753436,26.60865478003869,18.129133566428557,11.139433523068368,18.63322860120456,16.020599913279625,54.36278761543278,56.38414372139916,57.40963968332125,58.72772009563541,59.59698540821019,59.92218500329348,60.20356309781658,59.9572511495338,59.55551621186533,59.23766619504949,57.77259307573744,56.52356593312501,55.56024946175577,53.36447725540158,50.103041977761535,45.09431038243717,46.05832775740528,49.884608505355736,51.24119318965924,53.986239179964144,55.4834764522617,56.5566848854797,57.41430529670521,57.57958273451052,57.48219822402558,56.8263687783336,14.62397997898956,54.60672371877432,53.246980264794416,51.53744762033778,51.20590381442852,51.19104057678409,53.08615629546428,55.373782828302055,56.79711276687161,58.54423862362495,59.05283056271976,59.49597832696455,59.69893280634589,59.51664331131223,59.06685138141586,57.62286096266756,56.11261159756242,55.17788193640602,50.53884790394692,44.30091188033949,30.090257420869104,42.29553863981137,47.03746933315468,50.953855727616585,53.50077369122268,55.94653269805235,56.55262364004109,11.139433523068368,12.30448921378274,14.14973347970818,12.041199826559248,18.63322860120456,14.62397997898956,10.0,3.0102999566398125,12.041199826559248,6.989700043360188,3.0102999566398125,52.25293770931672,53.19601518006749,54.723468203205535,54.88867861253645,54.63979540772959,53.75482543993329,53.16745927670932,52.174470934217496,51.43130388437864,49.158059718013945,48.99453877566286,48.42490666023544,49.180985177643485,50.50534419540124,51.32368569778079,49.55018719942147,49.98782269831736,50.47683651803772,52.80179856690861,51.95534359515463,52.659798928850776,52.53359816443226,52.06615421510249,53.11486846771152,53.568000093778245,53.541718491990046,6.989700043360188,53.80234765358949,54.29445420870021,53.95258228827775,52.20076692123425,52.23449212204231,50.75141674128388,48.56976470339088,47.25495097672721,43.68119458615028,45.023315100466846,47.57190981251573,49.90027898770295,51.47422783004671,52.36257550275643,52.56164305279615,52.498071661067065,53.27089077049671,51.94528216883887,50.80788775961753,49.26141719146016,47.54233630120203,48.17380242657893,46.99152369724367,47.279964582940565,46.56797495165782,48.49357981661299,19.294189257142925,13.010299956639813,61.12216442500576,59.694201061645664,41.1965172203987,71.74214328563745,54.037191944157605,42.39999792886872,81.25846599267591,6.989700043360188,15.68201724066995,52.92311462528275,55.57132897760154,57.622342910842406,59.055417032678406,60.13447759147613,60.53527494655248,60.83009638063186,60.718544029660265,60.21354713081423,59.52395247558994,58.02424097225504,55.910122658195945,53.11406286421834,47.61175813155732,37.30862992046494,47.46735366871248,53.1194448508462,56.18600293669541,58.32309602451631,59.73091814902766,60.65074922898708,61.14614319814463,61.08404332108599,61.043894523598965,60.40675111962749,59.19364736766628,18.325089127062363,55.03422942737234,52.75601555200244,51.08294350940088,52.549877075824455,56.12455363519114,58.75668272204446,60.47694158330518,61.93334178382884,62.76565195313336,63.29043993717302,63.62996575571029,63.73439460746696,63.43947532868016,62.7940592398242,61.71211721808281,60.20351336858666,58.21577718018669,55.11514388048168,50.050302858636186,41.029137027892205,48.42434488286195,54.387005329007366,57.52426465352666,59.40787834195942,60.51958596563204,61.39457490303031,18.69231719730976,26.45422269349092,21.73186268412274,22.55272505103306,18.573324964312683,16.989700043360187,18.573324964312683,15.05149978319906,19.030899869919438,9.542425094393248,15.314789170422552,57.67638147621919,59.91447598003803,61.312451516515736,62.5776998303767,63.34090883281601,63.83114905342069,64.07474015892085,63.88408865906359,63.53836631808797,62.87740163204376,61.60055650114694,59.97239992874783,57.913200426543,54.62604613013405,50.05425056146357,48.14254256639151,52.7720796549665,56.35781217060451,58.34910042467787,60.24720812666253,61.16427414579612,61.93616520064274,62.25873756064157,62.2094552080143,61.76438845039164,60.50361579709542,34.056877866727774,57.44259333778186,54.26097915665571,51.58229770725648,49.53397225876687,51.8056453767197,55.48665755258232,58.23587026751083,59.932020451659525,61.43454808161847,62.20025668917632,62.671083402582994,62.80055445541755,62.69117229124407,62.372445550017446,61.2829876186268,60.02843551000269,58.736472172523406,55.73514439422385,52.00962612546434,45.15198043225131,37.57775491011926,46.576389846160815,51.90928093158139,54.977656205604845,57.231772731258815,58.091285728420594,21.13943352306837,47.41467697685545,13.979400086720377,19.912260756924947,10.0
18.129133566428557,26.60865478003869,15.68201724066995,20.0,13.979400086720377,3.0102999566398125,54.10893591843476,56.23043468772262,57.93439036619514,58.94919445615208,59.819204891280734,60.00618429110546,60.16045030857568,60.02510335912678,59.50412565722999,58.876173003357366,57.86473867553851,56.36609241136952,54.345082263017865,51.88647295999718,48.06790271584067,40.47235915459681,45.13670309198815,49.906274004382,53.26280546316608,54.853352152672414,56.360714560874186,57.3766724373604,57.5182778554683,57.74611113486288,57.455127706681424,56.47329169042402,21.33538908370217,53.96661302274428,53.28389798025231,52.3092127899,51.09311881804,53.447085449739696,55.379109795472274,56.46952374802322,57.97182335947868,58.65124118802024,59.18534622747423,59.40938621129703,59.36572549208368,58.93786720793728,58.05943762133434,56.73936477906432,54.799494166994464,52.02079441007388,47.73859552376688,40.58919260718884,43.71677294808662,49.79170364938068,52.38239358824252,54.45157225966959,55.70790370540511,56.535212356521455,56.91677243158824,17.24275869600789,14.62397997898956,16.127838567197355,13.979400086720377,12.30448921378274,47.41467697685545,6.020599913279624,10.0,11.139433523068368,15.68201724066995,24.593924877592308,53.82568120642708,54.07822434815645,54.14552212274229,53.99469503159565,53.44757634770257,52.68489044727747,51.7414124848429,50.25903632881112,49.57942335445405,47.00530656978592,49.51167459700895,49.943743508103154,48.471591423054655,50.10070873751096,50.9296263152966,52.52768104761324,52.52962197435443,52.78296208091274,52.55668015481661,52.9091789155549,52.950522383955374,52.94069227470891,53.40285439470468,53.317693332066895,53.48213320483249,54.33701045189253,16.989700043360187,53.98051173830872,51.85043265490485,50.89438789045926,50.77734810861976,47.419784142159706,45.53057325316768,44.91081413423188,45.05149978319906,47.00496036668326,49.078035536495065,50.93789278909418,51.66160631494488,52.41708314782554,52.56799499148165,53.869357156744464,53.3256973840392,51.47728869149067,51.58989353722404,50.227169800510296,48.19260893893713,46.72291861068456,47.687934428682304,49.088976706135966,50.17734325894223,50.205477240318174,50.82774602551182,25.865873046717542,26.45422269349092,61.12216442500576,59.694201061645664,41.1965172203987,71.74214328563745,54.037191944157605,42.39999792886872,81.25846599267591,9.542425094393248,11.139433523068368,46.50899780484342,51.01925702657053,54.52050308174952,56.86210702441655,58.72226803439996,59.951422758809926,60.85735707071861,61.372303261348826,61.5319788051028,61.31979357429161,60.99379844999898,59.98033411654891,58.47962978587346,56.33260348370222,53.29904091608408,48.23539433656859,40.65691728093271,48.44731837458173,53.58673281400898,56.63003233129642,58.58725431248853,59.83689419843416,60.69805688016088,61.002274801194616,61.012313867907,60.71422442617688,20.043213737826427,58.55098588958396,56.33986270175322,53.25295997660551,49.94796504024089,50.45549848167839,54.29703842972572,57.50669586153777,59.69055093056346,61.47882140321957,62.54840408484857,63.32163656482382,63.734949647158615,63.81266741279941,63.62977747876237,63.28338210959287,62.34253994943299,61.13558329961612,59.36865961224069,56.77863256800816,52.6444473601914,46.28388930050312,46.36257147463504,52.81605985443549,56.38470287356089,58.8026294652022,60.33173561981955,22.380461031287957,19.294189257142925,16.127838567197355,17.634279935629372,3.0102999566398125,21.84691430817599,19.084850188786497,6.020599913279624,16.127838567197355,3.0102999566398125,19.030899869919438,54.47511527230824,57.64930446690282,59.86336326142413,61.540857186688655,62.77673608869897,63.56601728518647,64.03643762435546,64.18688502699496,64.02022755940207,63.574806956995936,62.80207650648306,61.6000277299781,59.85660849008752,57.503116449749896,54.101966617953245,48.96553773371796,48.45048403522757,53.65474880980394,57.31212320965082,59.08552034461208,60.831947062787386,61.74732980322215,61.94816161834719,62.12203057552309,61.84528468853141,61.405800004893045,38.99820502427096,58.00805714787615,56.0182214998411,52.81024271980093,50.38941889531367,51.39252369189212,54.37409650533984,57.42607313928589,59.34100839334942,60.928388493075445,61.90995241282388,62.46959712233099,62.73180280305113,62.76901161405807,62.2946604902796,61.680190247138434,60.60375209685874,59.00066569375486,56.88281858196448,53.6523706991893,48.07589142389763,32.50420002308894,46.61178284929811,52.15293798186514,55.04423284593025,56.644210119875794,57.69963375751711,12.041199826559248,17.16003343634799,18.129133566428557,16.532125137753436,12.30448921378274
16.989700043360187,26.60865478003869,13.010299956639813,6.020599913279624,3.0102999566398125,12.041199826559248,17.853298350107668,10.0,6.020599913279624,6.020599913279624,10.0,16.989700043360187,15.68201724066995,13.979400086720377,10.0,9.542425094393248,9.030899869919436,6.989700043360188,3.0102999566398125,10.0,16.532125137753436,9.030899869919436,9.542425094393248,11.139433523068368,10.0,14.62397997898956,10.0,0.0,13.979400086720377,10.0,6.020599913279624,12.55272505103306,11.139433523068368,14.62397997898956,3.0102999566398125,13.979400086720377,0.0,10.0,9.542425094393248,0.0,12.30448921378274,6.020599913279624,9.030899869919436,14.62397997898956,13.979400086720377,19.030899869919438,17.634279935629372,9.030899869919436,11.139433523068368,11.139433523068368,14.14973347970818,11.139433523068368,6.989700043360188,0.0,11.139433523068368,12.041199826559248,0.0,6.020599913279624,3.0102999566398125,47.41467697685545,13.010299956639813,9.030899869919436,11.139433523068368,11.139433523068368,9.542425094393248,3.0102999566398125,12.30448921378274,13.010299956639813,0.0,15.68201724066995,33.38456493604605,32.38547887681328,29.86771734266245,26.82145076373832,24.29752280002408,9.542425094393248,22.944662261615928,26.989700043360187,30.809870469108876,29.712758487381056,35.118833609788744,33.93399695293102,36.48360010980932,35.87149498254344,35.436956323092446,36.54850090561394,33.891660843645326,34.985862088175175,34.158077276355435,30.170333392987803,29.4101424370557,25.4282542695918,17.16003343634799,22.380461031287957,26.127838567197355,28.72156272748293,15.68201724066995,32.87801729930226,33.45961541813141,34.061994236633126,33.408405498123315,34.21110129793434,34.497868469857735,30.93771781498729,30.15778756389041,27.611758131557316,25.05149978319906,15.68201724066995,19.49390006644913,25.31478917042255,31.18264726089479,32.415464805965485,31.089031276673133,34.16973172603036,33.08350948586726,35.09471352102548,33.80392160057027,33.51216345339342,32.46498580795801,32.70678836144707,29.0848501887865,29.54242509439325,20.96910013008056,19.49390006644913,24.712917110589387,61.12216442500576,59.694201061645664,41.1965172203987,71.74214328563745,54.037191944157605,42.39999792886872,81.25846599267591,37.094395741324114,47.84189205380961,52.376693838784256,55.58970028270793,58.02763466246036,59.95839571983783,61.35712913690344,62.1787989287401,63.003713231413904,63.32704207215278,63.325436878292365,62.95342088135403,62.19255668579153,61.00613130778719,59.20826397467994,56.4070101321612,51.81446255367079,44.92997719864907,50.16653165276714,55.50690538904468,58.62900258572467,60.44555438610564,62.0582125193625,62.86056123557732,63.18773076734641,63.17071887443504,62.744035719320905,61.910377630585415,17.853298350107668,58.56949303823556,55.49254687449999,51.26975138867829,50.17734325894223,54.61740067796623,58.37075567034936,60.76005830199742,62.8112089946037,64.0887533458001,64.94887404140178,65.44659398812985,65.67826190467565,65.62438715314897,65.28962054699902,64.59240458083819,63.549602424696445,62.00794703528436,59.80480605828674,56.51011345129292,51.1067386774199,46.05563606070498,52.592401838347484,57.16891902532797,60.10497125678633,61.93713280686837,63.01297655714339,63.32556814283112,63.33755504097474,16.989700043360187,19.294189257142925,18.06179973983887,19.294189257142925,12.30448921378274,16.127838567197355,17.634279935629372,13.010299956639813,11.139433523068368,15.05149978319906,6.989700043360188,12.041199826559248,6.989700043360188,15.563025007672874,13.979400086720377,15.68201724066995,20.170333392987803,14.14973347970818,18.573324964312683,19.49390006644913,15.68201724066995,23.180633349627616,13.979400086720377,11.139433523068368,47.41467697685545,20.681858617461614,22.380461031287957,23.010299956639813,23.117538610557546,26.989700043360187,24.099331233312945,28.041394323353504,31.809855807867304,24.37750562820388,25.477747053878225,23.654879848909,25.2244423350632,28.12913356642856,29.73589623427257,32.87129620719111,30.4688519083771,30.090257420869104,25.670263661590603,15.68201724066995,18.325089127062363,9.030899869919436,20.0,15.05149978319906,15.314789170422552,15.68201724066995,10.0,10.0,14.62397997898956,6.989700043360188,15.314789170422552,14.62397997898956,13.010299956639813,17.16003343634799,6.020599913279624,15.314789170422552,6.989700043360188,12.041199826559248,13.979400086720377,12.041199826559248,9.542425094393248,16.020599913279625,12.30448921378274
20.253058652647702,26.60865478003869,23.97940008672037,19.294189257142925,19.294189257142925,14.62397997898956,54.42945171090688,56.49889544368922,57.587560026403466,58.84207224463317,59.47367543306662,59.9944461668655,60.11931007797581,59.85094001542005,59.51450692655092,58.90564642002054,57.59759980875168,56.29817196018516,54.73237270206454,52.1321484054871,48.106357002755374,44.501258867319535,46.44881521155292,50.56237658980227,52.3666319870341,54.78393320414342,55.897988560019165,56.95245201818642,57.734763328399055,57.67329549140645,57.51289114201779,57.2701474225002,19.138138523837167,55.20134909195328,52.87347049837915,51.17277926055256,52.326556526481525,51.432022250495976,53.413989089917216,55.83081963661478,56.83325366035233,58.39508214394649,59.042837404028965,59.22613886537998,59.0972714606053,58.94149846767922,58.24553406690165,56.62970206395096,55.08745129469549,53.23746975715011,47.84909576419616,38.50094594386701,39.661417327390325,46.0424765923765,51.015546223638594,53.478079641262816,55.02461261290367,56.64477438906344,57.09867552786257,18.06179973983887,10.0,19.86771734266245,6.020599913279624,11.139433523068368,15.05149978319906,16.020599913279625,13.979400086720377,16.020599913279625,12.30448921378274,9.542425094393248,52.07715133805567,52.98525595321999,54.05397591264997,53.94215206154661,53.62859302958681,52.70969820733082,51.85102822181722,50.65165013893965,49.35245199380724,49.24878612335357,47.39113284431217,47.57099817926543,51.273283700565216,52.24877357618012,52.583355180157085,51.12393834832027,51.36393930984819,51.53744762033778,53.02698818991789,52.31655603976275,52.7189966341539,52.83540929287505,52.64480169442849,53.364297124550205,53.61444508086328,53.22593453994269,6.989700043360188,52.806352710536345,53.66820644870597,53.096982867079625,50.35449751294016,50.49373100151531,48.47554151880652,44.653977242924434,44.1904657710416,45.41342064390057,47.34479789425578,49.72133382748365,51.60444519702992,52.88343141102804,53.63965287927406,52.94069227470891,52.69797710658441,53.54709501661782,51.21405532266153,49.95077711699173,48.708835883535606,48.06349587140468,48.060510236675626,47.22650372770814,47.97302172183703,48.94149846767922,49.8789854141196,16.532125137753436,23.673559210260187,61.12216442500576,59.694201061645664,41.1965172203987,71.74214328563745,54.037191944157605,42.39999792886872,81.25846599267591,9.030899869919436,9.542425094393248,50.35581814691713,53.80185907127896,56.36178865644822,58.18851803250038,59.655991126796415,60.53610800389572,60.98040139020486,61.17295827628273,61.01776277893998,60.82257435606511,59.77051986979024,58.444647494024736,56.853269460561165,54.00299623239772,49.52506692709738,42.716557723522754,48.3475758042328,53.004237318943616,56.01065404707971,58.17047477056672,59.5181575657645,60.436628394032,60.66894050670023,60.88816245945231,60.5877590054188,59.54476482872948,13.010299956639813,56.23328903755248,53.7075727688773,49.71201604019247,48.77739821430666,53.39352049045587,56.68241438487476,59.1669235025569,60.98987564741053,62.238739993512496,63.003193430691326,63.529533336780055,63.92981173668613,63.85148861904089,63.5053409313562,62.58418164914943,61.40281723567082,60.03678055713907,57.667131798358085,54.2800513453181,49.04223101838281,44.35748836164376,51.40536324681241,55.25355831983467,58.00684779865183,59.45548346181277,60.67902549964206,23.97940008672037,24.37750562820388,22.14843848047698,12.30448921378274,11.139433523068368,23.117538610557546,20.37426497940624,21.70261715394957,13.979400086720377,13.979400086720377,16.901960800285135,56.13361825102048,58.84864437890823,60.75679054413392,61.98610081653517,63.06555403556946,63.67757038743952,64.0639113224416,63.99124017170389,63.83733883256489,63.23995231997888,62.298714368795,60.95373718252328,58.9968920969211,56.37717824308233,52.45821006117413,48.694312146124815,51.36726907175559,55.367856302506986,57.67103896111721,59.65055813806871,60.76205203095694,61.57227622642882,62.187350142846086,62.19702906403104,61.55302325186358,60.993905542930136,33.049211619008915,58.12353089599471,54.7717915679053,50.69612604292925,48.93484346218486,50.93873256669097,54.77497480263115,57.76398960954709,59.49195262428447,61.24990414576868,62.00890151633293,62.516932032717314,62.62759495406119,62.66629108343623,62.29014404890709,61.46505397673207,60.28129006903016,58.7520600409689,56.1954618051568,52.82223203445517,46.64199935938319,37.99616204481499,46.15823846061895,51.5556071913748,54.65717367305355,56.90932868990555,58.04582364022804,22.87801729930226,22.576785748691847,27.3559889969818,20.96910013008056,13.979400086720377
18.69231719730976,26.60865478003869,16.989700043360187,6.989700043360188,17.853298350107668,16.020599913279625,3.0102999566398125,16.020599913279625,3.0102999566398125,13.010299956639813,6.989700043360188,13.010299956639813,16.127838567197355,15.563025007672874,12.30448921378274,12.041199826559248,16.901960800285135,12.30448921378274,14.62397997898956,15.68201724066995,13.010299956639813,15.563025007672874,19.138138523837167,18.69231719730976,3.0102999566398125,21.13943352306837,20.96910013008056,47.41467697685545,10.0,21.613680022349747,6.989700043360188,16.989700043360187,14.62397997898956,15.68201724066995,15.314789170422552,16.127838567197355,13.979400086720377,6.989700043360188,10.0,6.020599913279624,6.020599913279624,13.010299956639813,14.62397997898956,12.55272505103306,11.139433523068368,13.979400086720377,6.989700043360188,13.979400086720377,6.989700043360188,13.010299956639813,13.979400086720377,16.020599913279625,13.010299956639813,18.63322860120456,13.010299956639813,13.010299956639813,12.30448921378274,10.0,11.139433523068368,17.853298350107668,6.989700043360188,47.41467697685545,16.127838567197355,17.24275869600789,17.634279935629372,11.139433523068368,0.0,16.020599913279625,10.0,16.532125137753436,36.20864475265121,33.84711742938282,32.55754786643044,25.622928644564745,26.702458530741243,12.30448921378274,24.345689040341988,29.86771734266245,34.66125870418199,35.129510799724905,37.3917663191073,35.861370252307935,40.0,39.42603248842157,38.30716949436898,37.69081787118219,35.59308010907012,38.04343918479866,34.51018452155458,35.118833609788744,30.6333335895175,28.041394323353504,17.634279935629372,21.73186268412274,27.49736315569061,33.52182518111362,21.613680022349747,36.16265405281708,36.83497317679812,36.72559627763276,35.09068045017162,36.45422269349092,35.33772058384718,32.94466226161593,30.480531731156088,29.12753303671323,23.873898263387293,0.0,26.55138434811382,31.007150865730814,32.3578087032756,34.51018452155458,34.95544337546448,34.605971888976015,37.09948016510761,36.67359546183087,35.2270499273475,36.08312042697328,33.611609951950264,33.891660843645326,28.790958795000726,26.82145076373832,6.020599913279624,22.576785748691847,14.14973347970818,61.12216442500576,59.694201061645664,41.1965172203987,71.74214328563745,54.037191944157605,42.39999792886872,81.25846599267591,42.63043983313166,51.0791851280483,55.12591018200944,58.34210181986562,60.73193214674392,62.61224791990689,64.03827519249622,65.06937758291367,65.73717304122945,66.02199811641273,66.03486691327663,65.67228754361916,64.95538232405389,63.72784088089799,61.916303963694986,58.99168571633818,54.41525468491827,47.48699572686774,52.754219300401246,58.13682378823015,61.34358504020605,63.32531570750432,64.71579482511937,65.52394901722667,65.88516411863152,65.90089022082596,65.45760352609814,64.64847238477861,31.613680022349747,61.24284087388374,58.31158586737204,54.13588080137043,53.06735892562298,57.39879959621991,61.14596640936394,63.68043165235062,65.49974430655062,66.781394580097,67.68806459452308,68.21291542615836,68.3968238795646,68.31295537655345,67.96165723858162,67.31208288747018,66.27903577555179,64.74534727062812,62.50214029572888,59.17080985396466,53.66895287397952,48.74673120258109,55.2884088486034,60.016800715325225,62.81955093680274,64.60981537814712,65.75585573520007,66.03970370684932,66.02008958728115,21.13943352306837,13.010299956639813,9.542425094393248,16.020599913279625,6.989700043360188,22.671717284030137,12.30448921378274,6.989700043360188,17.853298350107668,21.64352855784437,16.020599913279625,23.97940008672037,21.13943352306837,14.14973347970818,16.532125137753436,16.127838567197355,10.0,19.030899869919438,0.0,18.573324964312683,18.325089127062363,12.55272505103306,16.532125137753436,13.010299956639813,23.521825181113627,12.30448921378274,12.30448921378274,13.979400086720377,25.95496221825574,20.5307844348342,26.665179805548807,19.86771734266245,21.70261715394957,32.84205067701794,27.63427993562937,36.67359546183087,30.0774777800074,36.848453616444125,18.63322860120456,25.68201724066995,18.573324964312683,28.06179973983887,9.030899869919436,18.129133566428557,21.367205671564065,16.989700043360187,10.0,24.14973347970818,29.268567089496923,6.020599913279624,22.50420002308894,16.127838567197355,17.24275869600789,19.030899869919438,17.16003343634799,12.041199826559248,21.13943352306837,16.989700043360187,12.55272505103306,17.24275869600789,10.0,15.314789170422552,6.020599913279624,13.979400086720377,6.989700043360188,10.0,15.563025007672874
15.314789170422552,26.60865478003869,12.041199826559248,11.139433523068368,19.54242509439325,14.14973347970818,53.75158624575428,56.10750631683459,57.865526798563856,58.991729539482535,59.66315415797497,60.07136861874442,60.17250849652967,60.02097779246458,59.69796917802215,58.87154631611988,57.98032250598416,56.68255422349812,54.514195088985616,52.02433822489233,48.22756332951391,42.20343485097047,44.30075055551939,48.94764528160309,52.93503981283645,54.693536087395735,56.178397947130456,57.26370174909764,57.59348993285733,57.77247702422923,57.57937799576454,56.92067485332289,19.49390006644913,54.585124519953006,53.93605032573208,52.60128653811398,50.494544936673705,53.08350948586725,54.741958605005074,55.89120413067849,57.51101191615256,58.17404710381095,58.866858318475614,59.21724442084103,59.30625608312294,58.87798406122223,58.21726365694944,57.08781953836333,55.35154819591039,52.80343860881905,49.52434014333419,43.301295624875245,40.75838825974687,48.38194008143393,51.32762232242432,53.97331570391128,55.584805660749325,56.430547199482426,56.91203537373019,11.139433523068368,13.010299956639813,13.979400086720377,13.979400086720377,17.634279935629372,6.989700043360188,9.542425094393248,14.62397997898956,0.0,10.0,0.0,53.34769304233068,53.909915970204594,53.59930296112103,53.71394846054134,53.199654656030944,52.90179352067709,52.01615582313943,50.946807133711545,49.90662900503155,47.77977497838056,49.40142791106066,49.98695158311656,48.2593217512484,49.60361357693502,50.50959459771651,52.7284605643536,52.824068379579565,52.94986186337589,52.29958146885625,52.89490846199555,52.73059174134606,52.59254528426925,53.09510932966564,52.990559907415424,53.43577945476397,54.04601118715969,20.043213737826427,54.10259144257069,52.34036154915847,51.62949545108978,51.81789297741326,48.310054426635176,46.33922712153877,45.10545010206612,43.371996053735806,45.05760275920085,47.54080642190165,49.99847970324589,51.10522372601323,52.08231683496172,52.69711366791274,54.0196028192528,53.88479533968614,52.33029125676762,53.12046117031862,52.0811067227439,50.718120729031526,48.05806591702813,47.419784142159706,48.07602669916495,48.33943544341934,49.360510528974686,49.49375367258341,28.35690571492425,21.95899652409233,61.12216442500576,59.694201061645664,41.1965172203987,71.74214328563745,54.037191944157605,42.39999792886872,81.25846599267591,14.62397997898956,6.020599913279624,50.07427698525323,53.746640443849245,56.456678415817606,58.30411578999705,59.669878994966375,60.57956930573465,61.15838414869768,61.344608049756616,61.33491005601791,60.73244949661064,60.05139741839336,58.72012844446011,56.68618844816744,53.70168774305932,48.88095211261547,43.56885941165974,48.07115413302023,52.9006133635449,56.09198348455624,58.22576673322235,59.51891449504599,60.35643030462074,60.88224711184667,60.81364952909698,60.44367262627016,59.85161415195051,16.127838567197355,56.58448334746491,53.467792345511086,49.40217555599735,49.23295840655504,53.15266932389615,56.70436047252137,59.25747714797908,61.003626174475215,62.3811287391024,63.195184952404816,63.70426110967508,63.86133897777911,63.78612451199868,63.38881018084444,62.7974905078939,61.6881233598765,60.00748512574635,57.657355933297055,54.49300942456012,49.14089171353498,45.08664363052943,50.8036669825053,55.1412520574561,57.83642066703689,59.766919601450624,60.92288942136609,11.139433523068368,16.127838567197355,13.979400086720377,11.139433523068368,6.989700043360188,12.30448921378274,21.33538908370217,15.314789170422552,17.634279935629372,19.49390006644913,19.138138523837167,56.13199944483633,58.77984339610953,60.8407342063519,62.16554877018359,63.19308058199742,63.843236595549,64.10179941990481,64.20953643599573,63.948080763117694,63.29475374178504,62.374482230666864,61.06866809326313,58.96557631055789,56.42924292578974,52.25609048246355,47.96803214068263,50.78493068166573,54.68561470466572,57.96552826082152,59.889908071416414,60.93325359172045,61.923114842507054,62.1457497892313,61.856044757486245,61.96678194642621,60.561853840626576,22.04119982655925,57.58864223314413,56.06914231296828,51.57227017877411,47.71418433211914,50.67480023931482,54.883772460770174,58.03039691950598,59.67572311003734,60.99715507549584,62.126043803482304,62.62925469331832,62.74629310995973,62.700424139050845,62.25295063519013,61.59520573248989,60.44976187291121,58.80567231731557,56.699079370482586,53.279655010072695,47.43086238752207,31.60768561861128,47.5576817375055,52.62014202380456,55.31133899119607,56.760686904833776,57.7808248164634,18.69231719730976,17.853298350107668,16.020599913279625,11.139433523068368,12.30448921378274
14.62397997898956,26.60865478003869,14.62397997898956,12.30448921378274,17.16003343634799,19.49390006644913,53.97455065381518,56.34215203716743,57.82071827705519,58.94385300545391,59.657570357256674,60.04564252768144,60.203268858256806,60.07954637199512,59.71708072108247,58.91587630003322,58.14335511482484,56.7800183513977,54.23168841291638,50.94128589254172,46.9284691927723,45.5497345833324,46.36096554156757,49.882244123902,52.75341304852634,55.12577676845229,56.09801370050487,57.09826044615711,57.74665841173727,57.63569490608343,57.422442354562136,57.3959212061557,20.043213737826427,55.65740411920632,52.518838862057535,50.94156561782523,52.0990356105161,51.76623667143241,53.92107530579225,56.128527028267705,57.31246996495101,58.38534900380131,59.029879157948606,59.35523891629329,59.1222896691595,58.80052338704908,58.05799799961821,57.24892457627982,55.63227079382334,52.70804565407423,49.61425840428292,42.07930437512971,33.10055737750891,45.53749563700167,51.81686413477252,54.35111433126493,55.60873438548218,56.43675688655941,56.98997798293463,14.62397997898956,15.68201724066995,20.96910013008056,6.989700043360188,0.0,12.30448921378274,12.30448921378274,18.69231719730976,9.542425094393248,0.0,0.0,52.55142197211573,53.429159170840855,53.945935038484514,53.84684878531216,53.49258095512789,52.85856486588439,51.74609236706864,50.45905559734645,48.62900258572467,49.646272809377024,46.477447314699006,47.539276003484254,50.82056148692197,51.36863195205533,52.21487266209454,51.56975967484768,52.38472656948356,52.66861742818725,52.58457686133784,52.16854419198218,52.35864137869874,52.66760714869555,53.04994327255741,53.46059433052574,53.70109509734625,53.19782490077896,12.041199826559248,52.9034184952441,53.792565548611336,53.01492273168108,50.42752659005548,50.45655419363592,48.28840278142525,44.2769703799481,42.95830894958585,45.09954826744245,47.89756932285287,49.74461029768583,51.74309898633041,52.837579025023736,53.7520622109933,53.114147671623584,52.98468806814098,53.53756633462646,51.64831505697767,50.63952265968281,49.22855156211905,48.8665425983315,47.25331641647192,46.19354246514376,47.76882707285475,49.78020652535045,50.64626432864408,28.14913181275074,12.30448921378274,61.12216442500576,59.694201061645664,41.1965172203987,71.74214328563745,54.037191944157605,42.39999792886872,81.25846599267591,9.542425094393248,6.020599913279624,50.44951126162324,53.9298697214881,56.35934897177536,58.29169925167161,59.62511393507597,60.574911339383135,61.11376114539229,61.29998106113447,61.18000695354142,60.89000979674788,59.79972446896603,58.642125493456525,56.93834190594334,54.00235691226971,49.51148020134991,43.18063334962762,48.03593664771345,53.06598710609152,56.11179302948408,58.23522481432104,59.63688211426465,60.53564350775947,60.79847015595037,60.96141152747816,60.668475109739,59.60075308687963,17.16003343634799,56.27365856592733,53.86921461380521,50.202286533958286,48.81755446420702,53.149305714700034,56.69827132458718,59.16631841244556,61.084364751903486,62.37307425706586,63.19385084575408,63.66812993286622,63.96064154078272,63.86996113053775,63.50012388444157,62.68775652552812,61.50784982658607,60.17734325894223,57.6194587103502,54.18833059248584,48.36077143385893,44.69070552031253,50.827315288201845,55.19782068970387,57.9975740990031,59.60905330216667,60.92042363319487,10.0,12.55272505103306,17.16003343634799,20.644579892269185,16.532125137753436,13.979400086720377,10.0,18.129133566428557,0.0,16.127838567197355,16.127838567197355,56.04775595527834,58.8081873521131,60.84332075025485,62.23522937508905,63.223226858740105,63.70806467709223,64.10521641233473,64.08497920683465,63.87364373088387,63.25646383567626,62.45609386269145,61.160030296344026,58.92286652011237,56.15984751766228,52.16814878810712,49.773257007476246,51.72258394387112,55.30390540861096,57.748102891409125,59.982527977949005,60.94614006538805,61.95604120983532,62.2861103795407,62.23074421498851,61.8105886358662,61.23098646842119,35.477747053878225,58.33876063518691,55.01190763664162,50.85493938872156,49.09325984793958,51.72346014409717,54.91140287315751,58.02927581907064,59.68924490237863,61.21579867885671,62.11083413636038,62.61518372946624,62.69080302242932,62.71215027523227,62.278006081207295,61.648953848767306,60.6265266883286,58.78928899326485,56.77842283857796,53.3614340425769,47.65646206268984,36.81602998730868,46.44340098826323,52.24980851623829,55.05026458262775,56.885666385556426,57.91202758489219,21.072099696478684,21.84691430817599,17.16003343634799,24.37750562820388,20.170333392987803
16.532125137753436,26.60865478003869,9.542425094393248,14.62397997898956,16.532125137753436,13.979400086720377,54.21883496192106,56.53152673524303,57.787769073755925,58.92817824309576,59.66232338243768,60.06300422531055,60.06201106002528,59.969011366734186,59.49488077807926,59.13401076526317,57.7053979628975,56.28464541801152,55.12268042286128,52.82549611138464,49.41958416530814,41.3751235312213,45.66708473392467,50.27321061659397,52.56777860100623,54.57254970879002,56.13767848146416,57.19810072989087,57.66294589878668,57.8659527514684,57.74151858954711,56.82535855832458,12.30448921378274,54.39553732943139,54.02455696508263,52.55660783768924,51.37126141907791,52.7111640310562,54.20107642427482,55.66316084910396,57.25323467230788,58.33473507254919,58.98894041056354,59.26468497227094,59.433426346748135,59.12880706346242,58.4461384205972,56.72191175021523,54.975557424171846,53.41932836351094,47.41718727536139,40.03805073565025,42.05041879261369,48.339626407846055,50.64985561086079,53.38864697890868,55.11455537295068,56.83551319853662,57.23318547972919,18.325089127062363,15.314789170422552,12.55272505103306,16.020599913279625,6.989700043360188,13.010299956639813,12.30448921378274,9.542425094393248,13.010299956639813,15.68201724066995,20.96910013008056,52.62994211380095,53.217640810754965,53.99050381873649,53.92661786290789,53.44928424020391,52.85982394464029,52.1177442850884,51.13719465913559,50.17917730803405,47.77354313084209,49.133104146557535,49.251521674151554,49.519443296839405,50.69390562884532,51.75723400645626,51.84106300456601,52.10813274743124,52.06623517801007,53.09044326476074,52.94873874778618,52.91266703745888,53.073847758147046,52.7751982523844,53.23825279324144,53.40493689006247,54.0040845880037,20.37426497940624,53.73077592174897,52.824068379579565,52.06623517801007,51.311982794393536,49.34619632795366,47.2424309142183,45.72092890303906,44.55834228396568,44.08596076462783,47.25421550074259,49.686136842021725,51.29354698887638,52.5104415688596,53.08679641035532,53.52182518111363,53.53140768421906,52.93470838562688,52.38359786408524,51.24520526873732,49.69117581940806,47.469220765483854,48.195570957813175,48.25257300857636,48.79239282004893,48.39829865628981,49.69495121934791,28.524799936368566,26.90196080028514,61.12216442500576,59.694201061645664,41.1965172203987,71.74214328563745,54.037191944157605,42.39999792886872,81.25846599267591,9.542425094393248,9.542425094393248,50.2669665597816,53.72160539023197,56.5118881936549,58.3873892961575,59.76771686468226,60.53210633365073,61.102384293982325,61.39565840844793,61.27650240708991,60.88180047713077,59.99132717105979,58.697584224377806,56.69433110857695,53.658790481957936,49.33740299496935,42.96160413537258,48.03689223618551,53.00421557383072,56.20028769944879,58.20129180562099,59.57312709663006,60.51943183341951,60.88568749489816,60.89269800250396,60.52420354106266,59.81889700656558,21.5836249209525,56.55423707162751,53.56937492078649,49.608749161732206,48.89038244021797,53.30072697989191,56.8750844990259,59.35114106832803,61.16459633614075,62.32528547771395,63.15114551124854,63.64732741921097,63.96587248198748,63.87763087948439,63.47167978611605,62.80421058082085,61.6746384748961,60.05032861615276,57.82785690654376,54.47520825869774,49.43400524014174,44.66867620354109,50.84207954453043,55.288164669083045,58.12428012017047,59.63833614676097,60.921382717181714,18.129133566428557,16.989700043360187,19.294189257142925,13.979400086720377,20.043213737826427,22.671717284030137,23.384564936046047,11.139433523068368,9.030899869919436,14.14973347970818,9.542425094393248,56.31976163587885,58.98536507655098,60.66754044199672,62.11964271667596,63.10315131019148,63.758349207724976,64.10850087544247,64.15543069143942,63.94011033717575,63.34775733504641,62.31865983545066,60.88385957712275,59.14915139159709,56.40541061410289,52.78149740577757,48.36703799089732,51.20902817614528,55.17788193640602,57.70891022784112,59.62686060944466,61.01927419884235,61.93880336645886,62.30474467361159,61.98574618147282,61.71418097486998,60.94345678731471,31.245042248342823,57.60335766666618,55.18461294931839,51.81048558940052,47.54241278102204,50.9247501292598,54.749996190163,57.89041739901173,59.805669064962856,61.10865685754448,62.12751022291363,62.64921899595704,62.76155852008967,62.86157480628315,62.383876305339584,61.48414152306007,60.35972167333907,58.93509320901886,56.21721405071852,52.84647263079445,46.50433809651895,35.38699379542407,46.664618181544014,51.970847367897775,54.86144161051432,56.9136179136556,58.008407521378025,19.294189257142925,10.0,13.010299956639813,20.863598306747484,16.989700043360187
16.127838567197355,26.60865478003869,6.020599913279624,12.30448921378274,11.139433523068368,14.62397997898956,54.22630871027469,56.35212227905222,57.55841329892175,58.741860024428256,59.52839888455958,60.06634592814312,60.17602977063216,60.05072354561185,59.54625484772403,59.23796123294086,57.752608331360506,56.427829520460335,55.60138665321473,53.35229158840114,50.10507723629342,42.83527364861694,45.16403148447403,49.327831400109005,51.696274172262505,54.009677541200176,55.5804101981886,56.69636671368055,57.570808231582845,57.77502944132759,57.69449702458592,56.9653461387737,14.14973347970818,54.865792328885576,54.14291304424979,52.49467414272289,51.09004507541385,51.96590654117307,53.33878332054052,55.12349476214644,56.62271338304154,58.17649972724556,58.933311367345794,59.22613886537998,59.42980279955084,59.31118540945872,58.84154490987018,57.298618560027485,55.875998522178094,54.8697000068144,49.80207964763856,43.764674572495935,36.68944734457734,44.78176754287997,48.13827752487243,51.48753767927944,53.955447961324914,56.25085982478932,56.837861512053,16.989700043360187,47.41467697685545,9.542425094393248,6.989700043360188,12.30448921378274,6.989700043360188,0.0,20.043213737826427,6.989700043360188,11.139433523068368,13.979400086720377,52.06871730792308,52.94906910605192,54.21348868484776,54.29716760042085,54.06684921139146,53.34544219744509,52.72440380612566,51.82990666368834,50.81959066300478,48.44502027365493,49.28360000996638,48.9614025144202,49.05650191946564,50.35045307533338,51.2661513087518,50.65803712575022,51.17579502197047,51.43239700304412,52.93645361815737,52.67922291531118,52.71118729411107,52.81237960427838,52.37247070004695,53.23120038066968,53.363576526423095,53.49629095649596,22.50420002308894,53.98873606206059,53.70346519511229,53.34262699987151,52.21122001511751,51.21691130307576,49.9918275792554,48.06356370289087,45.56784782307026,42.82418170877648,44.25794979726693,47.69923543522596,50.0807188474043,51.51581275975446,52.56217273600079,53.19033150039683,53.22384708745404,53.30505087354763,52.63043983313166,51.72687563688651,50.56359736469993,48.32508912706237,48.288467189573424,48.02807920361629,47.61333846515703,47.12961002740541,48.09990428840933,25.932860670204573,24.84299839346786,61.12216442500576,59.694201061645664,41.1965172203987,71.74214328563745,54.037191944157605,42.39999792886872,81.25846599267591,10.0,14.14973347970818,52.91280028591798,55.67324032428545,57.83215162913983,59.22179782589492,60.268608024802816,60.72710424723237,61.03701119589515,60.94768010499411,60.519042625237056,59.77623020182735,58.41645985250299,56.52062524933568,53.68824073328447,49.00263322601716,41.74844493655456,46.65393350279712,52.48446561109603,55.77992443421293,58.02807920361629,59.39209645068591,60.330717539192136,60.829210212895575,60.79424744594888,60.63237255503986,59.941345081798914,58.74897358681895,22.30448921378274,54.317817724291245,51.00894140165353,49.63220986522988,52.41539009870333,56.23787688496343,58.88266007099333,60.72424903984952,62.07779197813045,62.93891784070547,63.508550245654334,63.79724921616534,63.91437961917849,63.56775372462514,62.96703134535893,61.98679350847684,60.52828171643573,58.54731017213943,55.62141727478512,50.98782124314692,44.01745082237063,48.17677729547203,53.93139813253852,57.235082111006406,59.20156732273733,60.44656549521299,61.332133848761,14.14973347970818,20.170333392987803,17.634279935629372,13.010299956639813,13.979400086720377,6.989700043360188,13.979400086720377,6.989700043360188,13.010299956639813,18.63322860120456,11.139433523068368,57.79758780297772,59.94118220483288,61.39565840844793,62.65257559503567,63.43497216287973,63.94255503532955,64.09641862497998,64.02120321340483,63.54020226132903,62.953218467529325,61.69538659081613,60.06535352684771,58.120258214772505,55.24268866214246,50.68605106130421,48.75229158133811,52.89020073483047,56.20802087090344,58.48062198216161,60.22815887526792,61.354564220755066,61.925576969324354,62.14891511899573,62.01430173146164,61.6794675314102,60.38928786767542,33.098430047160704,57.3453181200321,54.20961881120924,51.469245454042046,49.51361807517263,51.69136374973824,55.6783652844605,58.13055648291182,59.96909447278023,61.43294970403352,62.27085218989832,62.747029162609024,62.864369327925935,62.78677021227082,62.33088800784259,61.28237024256638,60.15695826285128,58.80260657853785,55.83980480456036,51.83705343653634,45.388877800147,36.92846919277231,47.00080377537631,51.87546100941189,54.9680376741812,57.10565819800644,57.93997707321307,12.30448921378274,22.30448921378274,15.05149978319906,14.14973347970818,15.68201724066995
16.989700043360187,26.60865478003869,16.020599913279625,3.0102999566398125,15.68201724066995,19.138138523837167,54.251754207256354,56.447791948504,58.18693597286413,59.00481286666192,59.78191933571841,60.02374300322472,60.183550889114265,59.95552714682444,59.541122015475935,58.81022117850559,57.62463988755809,56.11021924445161,54.236586671659865,51.60975462287602,47.81970673912552,41.83013463081929,46.65393350279712,50.50982631824794,53.65691980501404,55.23960960509889,56.5826044800147,57.3334254080806,57.498800262617245,57.65765384928689,57.16759359836007,56.021685513789976,16.532125137753436,52.98809426529586,52.78959270684218,51.96076653576044,51.40272291029186,54.01072973025948,55.81282750752635,57.036455491626725,58.427390093761545,58.98120477311164,59.50791635931693,59.67250701012338,59.53964954847615,58.96995530950285,57.8700184985123,56.3706623608103,54.04123560684874,51.222158782728265,46.12465963953142,39.83175072037813,45.71126277084311,50.97500252231686,53.18397279217511,54.995400023057314,56.11707380044777,56.71703117438621,56.91832675725046,9.030899869919436,10.0,14.14973347970818,11.139433523068368,15.314789170422552,11.139433523068368,6.989700043360188,6.989700043360188,17.24275869600789,6.989700043360188,15.68201724066995,54.36342372764756,54.43696283206461,54.51396469688685,54.071341614070185,53.38777115644458,52.52493800979857,51.3026942380537,49.87496445820455,49.127586128623655,45.932860670204576,49.61487538412329,50.15883443501011,49.17699769556032,50.72459455729878,51.2393326759676,52.3584395326498,52.33706654286382,52.730128530955085,52.81871587467308,53.12881561332789,53.09906835568681,53.22868183387101,53.718968502452775,53.39898425202851,53.33562130701906,54.23417918800358,19.49390006644913,53.392088842165,51.4744443254818,50.245595489445535,49.78933371794756,46.42840284520495,45.43732887887258,45.75303333422399,47.19604706963622,48.62191031051597,50.71742127236835,52.06450764187064,52.12605711260012,52.27477915699829,52.25993789846122,53.15115602213243,52.43248940507922,50.3074540676715,50.15401673702949,48.10561811539061,47.09981891514242,46.84064005878024,49.39928394863652,50.68338023751453,51.55761012877924,51.63447628628096,52.03100910271472,22.30448921378274,23.117538610557546,61.12216442500576,59.694201061645664,41.1965172203987,71.74214328563745,54.037191944157605,42.39999792886872,81.25846599267591,47.41467697685545,16.532125137753436,44.60897842756548,47.5106344325651,51.86834896754256,54.88440718904094,57.35479132868748,58.909823880763625,60.23651168835525,60.9807756293528,61.48457660145485,61.63888567016264,61.47557611162807,60.89742661986244,59.85554004097981,58.3208526902651,56.0781196306684,52.86961430767263,46.815397122429125,39.39119717648487,49.68221359132153,54.38910828540073,57.052691427465554,58.976193948643385,60.261392383427776,60.85310561739887,61.25104062760315,61.24557041221691,23.521825181113627,59.92313993390344,58.2473095019008,56.09407633111179,53.54158399355627,50.22914772482209,51.59380683260622,55.16892181651242,57.95301499382721,60.101727032867785,61.71979060600532,62.74531920596871,63.36152416833162,63.69486001051797,63.69661986406172,63.55321997916349,62.86740442304655,61.959286966103775,60.373069508970914,58.37129914591277,55.29857508483333,50.41724201654211,42.243258363194855,49.21644864438069,54.47471230827929,57.68105079179188,59.61389292103972,13.979400086720377,6.020599913279624,18.06179973983887,20.0,18.63322860120456,12.30448921378274,13.979400086720377,12.55272505103306,0.0,24.099331233312945,20.644579892269185,52.85003399225732,56.17802101265247,58.96145216040008,60.75461188886776,62.35212458493838,63.20810726067628,63.889790315662296,64.11434502165005,64.13544174581665,63.8144379214334,63.2352043394262,62.14081044685329,60.733095180194525,58.51598922224844,55.2563168018154,50.60622304309956,47.34199560686231,51.41750696343641,56.23957027031575,58.483892775347016,60.368192566397525,61.37725255526877,61.7812766131521,62.03066899974896,61.87411569481809,61.4042570154662,28.63322860120456,58.8917279598267,57.12084582953199,53.44301868139557,50.25162442463791,49.858843302421846,53.44238966223884,56.594217543130014,58.96457871355892,60.74243217857301,61.71264422794668,62.38373332422261,62.74374249558586,62.76761570693736,62.29003895948165,61.779751898564086,60.65323095238729,59.30503307006512,57.099480165107614,53.90716139246046,48.77371345869774,32.41795431295199,45.96509128341999,52.0919587852865,54.91711790170768,56.6810344023541,57.71070576060842,3.0102999566398125,19.030899869919438,0.0,11.139433523068368,12.55272505103306
12.30448921378274,26.60865478003869,20.96910013008056,22.27886704613673,15.314789170422552,16.989700043360187,53.639765589842014,56.06821886016697,58.0619083121022,59.06163661040104,59.69602730629588,60.03881266448079,60.28904978154041,60.16684510887485,59.80741272351142,58.64597100817476,58.310054426635176,57.02197816346055,53.6808782640103,50.83964618135202,46.58821959135624,44.94502447046173,44.23245873936808,48.95300970772332,53.34196315173089,55.08342494332428,56.50370670982201,57.247549680185095,57.6448100323756,57.825944388662165,57.34076202734687,57.39860196559593,16.020599913279625,55.449332891451455,52.91823777582974,51.93872833014511,51.317277054035145,52.87517330649158,54.63667574941233,56.21364296815923,57.57171990470201,58.08476331545885,58.91239091344002,59.29991816405678,59.12496792438658,58.77088443945932,57.87230868300435,57.56369821602081,56.03167115625969,51.90583795977179,50.565580392320506,44.80265716862462,32.619761913978124,46.53482657416997,52.2481783739504,54.59128513334108,55.96932307534664,55.99817595608216,56.78607595995555,12.041199826559248,21.70261715394957,17.634279935629372,14.62397997898956,47.41467697685545,6.020599913279624,17.16003343634799,10.0,12.55272505103306,13.979400086720377,15.68201724066995,53.45469794108267,53.903768742742585,53.23485174323437,53.53933533144699,53.25720858019413,52.89718240688286,51.93486359709743,50.59949454102005,48.9558275236417,48.8775229318205,47.6850490704858,48.89962447987167,49.02264042580428,50.04080510061908,50.66407930311186,52.79958808630612,53.0810533408533,53.27612284078576,51.83133126197407,52.34884102331191,52.22646250195368,52.445764457319406,53.05488945905176,53.25517715789688,53.557138949529616,53.78748465843728,20.253058652647702,53.807989509841136,52.814083811499245,52.09391678844959,51.41299233701602,48.96966901933155,46.43502025328,43.7602918172818,42.52488944484988,45.88943642740014,47.73910720232088,49.70500293646201,51.28722284338427,52.57851298543532,53.11052067633304,53.622430189957946,53.79747747023106,52.66852345861318,52.61170050738736,51.91680118422937,50.33335279080696,49.22424408872787,46.15086914904705,46.08237120972169,47.75136943680951,49.44739224915439,49.96520428003049,19.084850188786497,21.73186268412274,61.12216442500576,59.694201061645664,41.1965172203987,71.74214328563745,54.037191944157605,42.39999792886872,81.25846599267591,12.30448921378274,6.020599913279624,50.63577276106099,53.94551487040331,56.31102693653172,58.34639385514119,59.572556870553214,60.670924399819775,61.19174368909312,61.45757176016767,61.228725592384514,60.74851899268933,60.03295486082835,58.6092764758091,56.64875980307248,53.734012287217055,49.04353031253813,43.40305277062427,48.28305357252508,53.359891600897775,56.178565463064565,58.21237011628613,59.602371565598126,60.430937578037145,60.844332767865446,60.95363258122429,60.584396908515465,59.8259005099807,16.532125137753436,56.427829520460335,53.709088998834666,49.82171695815056,49.24795995797912,53.03638768856199,56.71080232738849,59.26161796069353,61.05704296563657,62.44404297258221,63.19982095919706,63.76070106162544,63.892378699682,63.853769127060296,63.48728823480354,62.73781143377944,61.63930254236448,60.067064422026064,57.59535647990272,54.239827296771765,48.49542252005016,45.24227305193655,50.74834718647825,55.03012612980368,57.87174156715413,59.82159025804352,61.0158555783471,6.020599913279624,0.0,16.989700043360187,19.030899869919438,6.020599913279624,19.030899869919438,12.55272505103306,12.30448921378274,15.563025007672874,21.70261715394957,19.294189257142925,55.79130521224912,58.65313665138211,60.94232428195298,62.33088800784259,63.16279486643537,63.78427155783535,64.09869748890162,64.15579767412433,63.90597603330395,63.22765954780772,62.53369994589693,61.228385213892274,58.68551575249236,55.82405434021942,51.97649896020499,49.078035536495065,50.68427069462388,55.02351999662505,58.23602020755124,59.951651126132745,61.04935173067722,61.82887211246998,61.95624327569696,62.202966774014456,62.04099624624941,61.18575864501001,35.49738731264899,58.28474927601741,55.46153845268457,52.04871204888445,48.47751522020542,52.0113756264631,55.17591730711908,57.913776196940205,60.01651517828592,61.049300569214175,62.002818237113416,62.752710335537614,62.74834866884444,62.57533625894546,62.25223448382532,61.75202362546487,60.65816029105342,58.42337720700872,56.89933651436704,53.72948806027787,48.31204071017892,32.50420002308894,48.0033896758527,52.76369880269439,55.45954981451844,56.64265800147675,57.87956123283932,18.325089127062363,10.0,9.030899869919436,15.05149978319906,22.27886704613673
16.989700043360187,26.60865478003869,14.14973347970818,16.127838567197355,12.55272505103306,3.0102999566398125,54.20087833187218,56.47089428716555,57.71784375194801,58.82367981584871,59.49390006644912,60.0279997133163,60.17280900099708,60.06854807782706,59.74043526178521,59.04543524110043,58.20733325096435,56.808972847448594,55.02865290469194,52.59012997962583,48.726980740676765,46.43294722499394,46.458641994383456,49.80285230444463,51.710386419195046,54.32528362385662,55.53403582431567,56.59746060155677,57.49798905103258,57.43738610540995,57.3039866786124,57.16967742106081,21.613680022349747,55.30953614090548,52.5672015070218,50.81966258333034,51.862328502951854,50.89286772806859,53.15039917346304,55.623785250565206,56.949253182695145,58.44135321686673,59.16758111359318,59.5146671918673,59.50597032737405,59.34315099874328,58.84947085711194,58.03839345053024,56.54350802480388,54.66657092145439,51.67677620138803,46.35252463641849,33.23252100171687,39.0449915539782,48.64059939979789,51.85318292444752,53.97872253447816,55.49436113908402,56.33392699935256,15.563025007672874,13.010299956639813,9.542425094393248,10.0,13.979400086720377,17.16003343634799,13.010299956639813,15.563025007672874,11.139433523068368,12.30448921378274,16.127838567197355,52.41675952769425,53.6167118521656,54.55179975545529,54.72162361145337,54.51602243332979,53.95733407976607,53.07968584088669,52.05867212886589,50.76407398364738,50.1040597262518,47.601585089980894,46.9877887271194,50.03805073565025,50.39406186784391,51.11994684037608,49.729892268553485,50.66228990454483,50.71163723611753,52.069796052520005,51.49419273198683,52.13145724742836,52.35412282849061,52.39934811293413,53.056307759969656,53.60366173053269,53.47885946660894,12.041199826559248,53.45479595316608,54.388902778168415,54.18044285347904,51.97349488287165,52.59032133987698,50.823257081904245,48.09916430230177,46.4353163194171,44.56016634817745,45.85641178033753,48.165859466090666,49.70834834555414,51.43604914670616,52.61334253799131,52.28318214862793,52.49804722797863,53.35227151799523,51.57894770570113,50.59658066366697,49.18921090091335,48.61606090414985,47.619278384205295,46.55138434811383,46.67415592617928,47.974406699866485,49.25853332726936,11.139433523068368,23.384564936046047,61.12216442500576,59.694201061645664,41.1965172203987,71.74214328563745,54.037191944157605,42.39999792886872,81.25846599267591,12.30448921378274,3.0102999566398125,53.03068559232365,55.62999059632161,57.57836932696999,59.06038585850117,59.99425047985766,60.64572163714965,60.8052728042352,60.66230854791372,60.257272541820726,59.55408711853569,57.96827482237084,55.858362036774174,53.41895285148385,47.92083371094847,36.64735968518705,47.40370585685768,53.19990410839211,56.197713861616734,58.425343547958406,59.691595470402,60.690239461891295,61.174469670493735,61.05678079512085,61.12558084473062,60.396793742351406,59.12138060003553,10.0,54.94449591338916,52.59698975944044,50.94827362525071,52.8290520687277,56.145302297605454,58.64179300512143,60.50887618548839,61.92513093436563,62.83660503977974,63.27155534758703,63.65934778788461,63.716979635821,63.43011540074323,62.86087139984655,61.61703926358807,60.15920287360544,58.28696623150712,54.89421252487659,49.38144308514097,40.75181854618692,48.92656594590508,54.24679136361336,57.45759281133864,59.45782129047071,60.64272625736169,61.56046423550313,20.644579892269185,9.030899869919436,17.24275869600789,20.253058652647702,6.989700043360188,20.043213737826427,9.030899869919436,14.62397997898956,18.63322860120456,6.020599913279624,12.30448921378274,57.72574726916351,59.87843610305548,61.48968011707687,62.70085088720326,63.37078912399373,63.92021425515664,64.0588023289829,63.96542809691433,63.570968793363846,62.78503466742435,61.72977523723933,60.10338125375948,57.8087584589357,54.38069034310861,49.306281558899634,48.58837851428586,52.76877516793533,56.51095727170558,58.48068360178392,60.41031280779701,61.4752792782225,62.01267089651785,62.127882736999055,61.97488418241392,61.69646812286455,60.98707394603738,38.11642021453152,57.48687953337482,54.31365372654089,50.0225680037738,50.06007973081033,51.44262773761991,55.79090458372633,58.4169226030151,59.9511943794781,61.588357357811965,62.214781383351,62.663749478935145,62.76870859340348,62.602643913761575,62.26648357912478,61.41177509295587,60.16951901448387,58.49967617829056,56.186473234570265,52.49858472417371,46.0591887481288,36.08205007704326,46.92741195785353,52.16706783380132,55.156884345439,56.96335416260017,58.02917326494975,15.68201724066995,21.64352855784437,19.294189257142925,21.613680022349747,18.06179973983887
14.62397997898956,26.60865478003869,14.14973347970818,0.0,6.989700043360188,18.325089127062363,53.92297640805006,56.24201625270259,57.719459381665736,58.81983467417948,59.741467873795074,59.984197710055895,60.12517078081545,59.95303863863113,59.56036296457806,59.09299227529601,57.825485832246514,56.43330267155526,55.146486778762345,52.705041517626896,49.51458948821007,42.18325396609671,45.46555001214298,49.60013885914301,52.36428926268126,54.23621007860224,55.88993996047817,56.98839696444287,57.37288876789651,57.68697285559767,57.44763018732408,56.38994142693719,21.70261715394957,54.16022737697581,53.51989455435632,52.1750500040561,50.55263625784185,52.72985058100417,54.40154706042775,55.77613569047848,57.53182281408839,58.42352081124326,59.181567253610325,59.43238216441733,59.61759379730289,59.35622122029868,58.73497306855765,57.16958575388787,55.6827331806656,53.963336262347966,49.590461647617055,42.98525595321999,40.54957596012407,47.2956972630197,50.28091148945303,52.86564244041995,54.73815303931871,56.17775923334912,56.63651934962676,12.30448921378274,16.532125137753436,21.84691430817599,19.294189257142925,10.0,14.14973347970818,15.05149978319906,11.139433523068368,12.55272505103306,12.30448921378274,21.95899652409233,53.26821098203759,53.867129388585965,54.2595136014556,54.40940551539664,53.99827687050068,53.361974769052665,52.44296917250105,51.459418695761215,50.42799885888748,47.73054693364263,49.18790211483256,49.13946239058085,47.88733858827708,49.36840345812756,50.71281677317003,51.499884564914765,51.68214540151125,51.73165864836526,52.52799650724046,52.71302468179329,52.812015953504655,52.71339671630066,52.99579203023188,53.338904116161245,53.51156371804598,54.29820082769765,20.863598306747484,54.285899164761,52.80689888698952,52.23851434064997,52.0423396999724,49.68912360840227,47.94027715528888,46.9369178195477,45.54222565542425,45.09605704611556,46.94929701828003,49.37141607966165,50.78155825276656,51.93970092259106,52.56621546069706,53.52439158561069,53.36779832983642,52.23643882201979,52.27230913327773,50.7853293979674,49.19940591856307,46.85786508921555,47.1962955479179,47.78223626766096,48.90650122758956,49.28037206406884,50.24358398306815,20.681858617461614,31.70261715394957,61.12216442500576,59.694201061645664,41.1965172203987,71.74214328563745,54.037191944157605,42.39999792886872,81.25846599267591,9.030899869919436,15.314789170422552,50.002518177794045,53.67588849152763,56.38724810299343,58.28985173376879,59.573088764451256,60.4441509841818,60.93932031440496,61.215050204865534,61.08228348867663,60.6117039767892,59.782800598893466,58.39770830323265,56.24282095835668,53.16745927670932,47.46735366871248,37.74151858954711,47.80065160897359,53.03120427418349,56.40724851918981,58.435398534128346,59.741232791753305,60.53250974007169,61.09110255323209,61.126308037581325,60.77487819421484,60.05888881604855,18.69231719730976,57.02775077901044,54.34060865655168,51.16514765798384,50.29359424040789,53.54079613335788,56.72689758152679,59.26746193926641,60.970607738816,62.21322935111285,63.04533610406517,63.55465696247889,63.78017044904371,63.67135362724143,63.30748091976748,62.552061494885,61.40790776625302,59.82497369197713,57.55388478369379,53.902000687473766,48.01225290173022,43.63630780112138,50.81959066300478,55.54349824222356,58.17836305939381,59.844971592085976,60.97235785372767,20.863598306747484,11.139433523068368,15.68201724066995,13.979400086720377,0.0,18.325089127062363,20.0,6.020599913279624,9.542425094393248,22.380461031287957,0.0,56.25827741200428,58.93202865495935,60.72883776862817,62.17810463530388,63.05275898848296,63.75333058666825,64.10103765844096,64.09738407608418,63.80202736694724,63.24418279723442,62.26973984759261,60.97578312051901,59.07229112355486,56.29205657102304,52.35005463783298,47.30475416534002,50.77531416354595,54.88068212486564,57.80288502263733,59.54162398846681,61.05475099171096,61.94310050557367,62.35739735317039,61.79496926425944,61.665819571450406,60.75020014160011,34.11788004543869,58.018487538194194,55.36401866338781,52.50480994441836,49.05526048435048,51.36127366097711,55.44873843234801,57.58658353855682,59.92961554066172,61.10145762439845,62.134988973157306,62.63858010899796,62.84262172317359,62.75551359750801,62.384638791805685,61.49490384964277,60.27385899412253,58.92479729033374,56.38229601037562,53.02662043981656,46.58440706411126,34.58335625991948,46.92000409826597,52.162187008371376,55.03202148987423,56.87861466014465,57.8353913333115,11.139433523068368,18.129133566428557,13.979400086720377,19.54242509439325,17.24275869600789
17.16003343634799,26.60865478003869,18.63322860120456,11.139433523068368,20.96910013008056,0.0,54.34001715655792,56.48368794376015,57.95997434697871,58.87453565207249,59.65824699455751,60.06374467059067,60.17909395896689,59.94433740907179,59.45896267792996,59.02910260466567,57.48647670519605,56.03345769241618,54.86246236573056,52.1849874354735,48.17433144111384,41.30494588523469,46.41870545476313,50.80788775961753,52.99084347559449,54.97352671638069,56.38885432312024,57.31467887193129,57.724603360426926,57.97273082032775,57.77520341515185,56.6821906337114,16.989700043360187,54.25393997692901,53.7043536484142,52.51990865471023,51.34661512520359,53.07123625872183,54.7430515418478,56.02221735899414,57.50530764683701,58.43597756064767,59.06038585850117,59.18108481780262,59.37923912938237,58.92297782701293,58.031510897274245,56.07563315249611,53.85223639989525,52.14504754154302,45.00798881491561,38.66228247379647,45.841615449428666,50.50553748577752,52.39894817787287,54.51953675752276,55.96351842416914,57.13706376652036,57.41813177023316,16.989700043360187,19.030899869919438,10.0,15.314789170422552,15.563025007672874,16.020599913279625,6.020599913279624,6.020599913279624,9.030899869919436,6.020599913279624,18.325089127062363,52.90657766409132,53.27567345722923,53.95689755113025,53.6167118521656,53.142465352884216,52.28526111355617,51.62280558792506,50.34331607351681,49.44975908412048,47.31298601459889,49.438356839072,49.90112323134878,50.65512492839481,51.687125150642494,52.39074138235893,52.38249395731836,52.43464688491275,52.60131039723635,53.43156413147134,53.23726367155352,53.39606447826778,53.13820836928237,53.18908134235743,53.20862592653373,53.247206451804914,53.91647753670259,21.13943352306837,53.35457900689384,51.927903971206526,50.751745493515,49.760058925081296,47.41096421819172,45.578078557646045,44.94850021680094,46.18435126515527,47.23069643421466,49.69760601622704,51.56652109924234,52.416460780013885,53.15947266392971,53.4804186973472,53.80502483250201,53.51867781868464,52.63768585104255,51.56600633679069,50.20775488193558,48.55331344786106,46.70255132771605,48.658912710490455,49.33917319988705,50.07547222459802,50.33009369598958,50.79806903039572,20.863598306747484,21.33538908370217,61.12216442500576,59.694201061645664,41.1965172203987,71.74214328563745,54.037191944157605,42.39999792886872,81.25846599267591,9.030899869919436,9.030899869919436,45.40442101405838,50.40072003134252,54.470106564262,56.919871700157536,58.82886394096711,59.94233101734311,60.87750192900784,61.347943108012224,61.55239449350849,61.459474557204686,60.97926808054849,60.10186702980937,58.74333355227308,56.69823416943642,53.84077299348795,49.43717047172159,44.79229694812041,49.09111880505803,53.63169940274338,56.61522112522281,58.50735657562119,59.77716747953417,60.63469218945762,60.96970115205376,60.91450635627346,60.461274387056285,14.62397997898956,58.14078374426852,55.83790281465077,52.47278330214529,48.18608537761367,49.4984358304026,54.08409578468429,57.45562708139279,59.79946068217348,61.447117902310126,62.58607833974136,63.36099340085085,63.84870925223729,63.95006452754174,63.7580439398349,63.355295082406286,62.42375430494775,61.34054965008509,59.4331640875922,57.07394719751872,53.312349090388736,47.51356099725393,47.514715677498,52.9566824031706,56.609157318812464,58.70746757198165,60.14688931723722,13.010299956639813,20.827853703164504,9.030899869919436,11.139433523068368,19.138138523837167,20.37426497940624,14.62397997898956,16.020599913279625,10.0,15.68201724066995,11.139433523068368,54.59128513334108,57.64072218181536,59.85419737301456,61.515895470638725,62.77633277447784,63.55747972896542,64.12248472588074,64.18403719694057,64.05675670626279,63.65208786081618,62.760261423204255,61.54804232732587,60.04804418908012,57.83288846292508,54.46692466371527,50.01127700277035,49.88099449687348,53.99024389964257,56.98288496146233,59.193778090979606,60.54034375838076,61.581178309534224,62.010566569850326,62.48958022068997,61.80258093975987,60.91041968021826,21.367205671564065,58.02769621702681,56.05215591663476,53.09906835568681,47.026459068848034,49.975829520959664,54.028543698970594,57.23857762392835,59.301958729153846,60.85502142654066,61.84311185770228,62.47393083593838,62.84161049138461,62.879559442468974,62.448157572279214,61.65959743578341,60.54668965414871,59.16997397721863,56.607232185228014,53.40208064202531,47.644824971755,35.35800290824898,46.06220087217348,51.72346014409717,54.976496478087725,56.85244477873106,57.892174731948586,15.314789170422552,17.24275869600789,13.010299956639813,20.863598306747484,9.030899869919436
14.14973347970818,26.60865478003869,3.0102999566398125,9.542425094393248,12.30448921378274,11.139433523068368,53.8775455170624,56.27119959927541,57.60676501552585,58.91297665391045,59.5977477814329,59.99876642849596,60.09926574358738,60.05061193875304,59.691404301089015,59.13036193129756,58.071479140895775,56.69117822065012,55.47481796190073,53.2695203982525,50.24337867492143,42.49271753073101,44.28539730637989,48.40419777736486,52.146584388799184,54.025588367854,55.819655788009285,56.86454828527019,57.30169148811082,57.81250438222179,57.77517441999844,56.9036621922898,12.30448921378274,54.82234529342084,54.27799220543406,52.95322946852309,50.4688519083771,52.50151535116612,53.86272395580855,55.22063243652365,57.01880426521782,58.04864922770405,58.78136734234723,59.20153078619494,59.49329493984656,59.31210649144813,58.85318806390002,57.45993180653493,56.11564002088125,54.47041686880595,50.64487939537741,45.622928644564745,39.63457260116708,45.373782828302055,48.73029812061044,52.12829246559159,54.31813910252937,55.9739019535829,56.75738941864317,18.63322860120456,16.127838567197355,17.24275869600789,6.020599913279624,3.0102999566398125,12.55272505103306,6.989700043360188,9.030899869919436,12.30448921378274,12.55272505103306,18.573324964312683,52.72985058100417,53.4264569299196,53.64986009896256,54.17320535742809,53.78028866462232,53.31520421948992,52.9132666233323,51.92358339546178,51.13943352306837,48.39534608818716,49.35572757733971,49.18868743380985,47.55912950008896,48.95312024475787,50.37426497940624,51.68862679430652,51.76857835696882,52.097294280162046,52.43982542039653,52.86018361439264,52.61262868792493,52.70000667815451,52.520880964863245,52.96919550910133,53.36141401437742,53.94215206154661,16.532125137753436,54.39498483710935,53.18585010078826,52.70003000105059,52.69804710760233,50.57970231710705,48.91314399382143,47.69525020171051,45.01059262217751,42.91057894434275,44.94057145221748,47.764178560571466,49.91248233008992,51.46555915104454,52.289877475652496,53.40543257514194,53.82278261510145,53.06982282551364,53.19507882163884,52.453004038736005,51.34970357183832,48.6853864336278,48.04582364022804,47.386616659850446,47.819850234022994,47.08633321015398,48.580316300566864,19.54242509439325,22.30448921378274,61.12216442500576,59.694201061645664,41.1965172203987,71.74214328563745,54.037191944157605,42.39999792886872,81.25846599267591,20.0,19.54242509439325,52.92258287138996,55.752398185508056,57.810462859183296,59.255039226983335,60.23290741725396,60.76831156449408,61.09138292748513,61.04968938121844,60.58351990678623,59.693003336373415,58.48182340712575,56.58389211642416,53.40285439470468,48.51747419133264,41.46252102092995,46.74989665539449,52.5538106515434,55.951455583528826,58.10352167792972,59.48902249490166,60.320935029802165,60.83576071018597,60.90554654842261,60.64038842610104,59.9582685602548,58.89835976234594,16.127838567197355,54.53960132086706,50.87511674084482,49.458229666136646,52.30494903065605,56.291209930448346,58.843466821520416,60.76008382167864,62.00901363357612,63.0203292556541,63.54030028463826,63.86581892718674,63.83355703854405,63.58857693985479,62.95506624368499,61.944158166237,60.59709167962484,58.42893684204614,55.55569613977799,50.987302300463845,44.47220068979909,48.61486617915014,53.98845870159626,57.085067306794734,59.301157921656326,60.59912000915068,61.498005546602606,12.041199826559248,25.68201724066995,3.0102999566398125,22.380461031287957,18.325089127062363,18.325089127062363,19.138138523837167,20.170333392987803,0.0,20.0,20.863598306747484,57.60788011540554,59.914817024016656,61.46060094298729,62.716557723522754,63.3543884346952,63.93252213760948,64.18812363954001,64.06070036451128,63.68107736357366,62.8906092375031,61.80649065464041,60.38351873448352,58.293455917676624,55.08617242372554,51.03971251077131,48.21939098729766,52.76153782477645,56.09269900984694,58.85990716786527,60.2161635208239,61.48970785394503,61.98695841884654,62.06843679043223,62.52858853883631,61.26208059807232,60.674729597569545,29.73589623427257,57.57657893179719,55.581287244039935,51.41399599298583,47.78621481409864,52.65603091241682,55.85488929533309,58.25687005583256,60.13579528679549,61.45458085282325,62.20636245583698,62.648768264036775,62.83131549278885,62.75005743333856,62.42597326450571,61.45418315237495,60.24571861263604,58.70313173908918,56.23382660365145,52.52755971088574,45.57759765131784,35.85799009013001,47.6093488978396,52.41539009870333,55.17844874474693,56.86371680106296,58.0292142868887,6.989700043360188,17.853298350107668,19.138138523837167,17.24275869600789,0.0
15.314789170422552,26.60865478003869,14.14973347970818,15.68201724066995,12.041199826559248,10.0,21.13943352306837,11.139433523068368,17.634279935629372,14.14973347970818,13.010299956639813,9.030899869919436,0.0,6.989700043360188,15.68201724066995,20.644579892269185,17.634279935629372,17.24275869600789,13.979400086720377,16.901960800285135,12.041199826559248,14.62397997898956,3.0102999566398125,16.127838567197355,19.86771734266245,18.69231719730976,15.05149978319906,9.030899869919436,0.0,13.010299956639813,3.0102999566398125,9.030899869919436,6.020599913279624,12.041199826559248,13.010299956639813,15.563025007672874,15.314789170422552,16.127838567197355,0.0,11.139433523068368,12.30448921378274,14.14973347970818,9.542425094393248,11.139433523068368,11.139433523068368,15.68201724066995,11.139433523068368,15.68201724066995,6.020599913279624,11.139433523068368,15.68201724066995,6.989700043360188,13.010299956639813,13.979400086720377,10.0,0.0,10.0,15.05149978319906,6.989700043360188,14.14973347970818,10.0,11.139433523068368,13.010299956639813,6.989700043360188,14.14973347970818,13.979400086720377,11.139433523068368,6.989700043360188,6.020599913279624,10.0,35.29558673021163,33.97592434038116,32.50420002308894,29.89894563718773,28.60338006570993,25.68201724066995,18.63322860120456,15.68201724066995,29.938769149412117,30.090257420869104,34.761067168401915,34.51018452155458,36.78062904974345,35.98243191653623,36.428600525844914,36.28388930050312,35.683190850951114,36.41573253178176,36.3164666295842,33.36259552014193,33.98113691730502,31.501421618485587,25.58708570533166,25.622928644564745,25.01059262217752,28.020892578817328,19.138138523837167,32.85107029566812,33.67169488534681,34.189638307036226,34.056877866727774,35.42202782434028,34.30075055551939,33.19938439980309,33.0297993674825,29.253120914996494,27.867514221455608,18.63322860120456,21.613680022349747,22.576785748691847,29.86771734266245,30.38620161949703,32.97760511099134,32.87801729930226,34.74216264076255,34.70263446965078,34.48551739201578,34.02948829344405,34.000196350651585,33.75114684692225,29.041743682841638,30.090257420869104,29.661417327390325,21.613680022349747,21.13943352306837,61.12216442500576,59.694201061645664,41.1965172203987,71.74214328563745,54.037191944157605,42.39999792886872,81.25846599267591,48.00524626699878,52.53573023001415,55.24686852763768,57.57374769102235,59.39330018743832,60.80988848958941,61.888840682029056,62.38748940544208,62.9106078290736,62.90762057507416,62.59101016697439,61.89475153834246,60.68729317658602,58.89256869794192,56.06228690217083,51.30320900319717,42.964896822850456,49.01572737742424,54.95090380580069,58.32874715574356,60.472316305346936,61.774594455021294,62.76530274836602,63.2255439939476,63.25778500273006,62.88719940610859,62.13349850467593,60.85426162571429,16.989700043360187,56.53653340145222,52.82835016767649,50.581222157829146,53.92042381080405,57.69859361690372,60.37914307126989,62.175944778328905,63.738394085265824,64.72235568607255,65.30986735888249,65.59815329851533,65.58651220679776,65.28359340835631,64.70154602335616,63.774455891490256,62.37306671312079,60.46389406800725,57.49684537161768,52.75645298796561,44.91753782772148,50.141171380181184,55.89147257963332,59.223101632143965,61.39791589279152,62.7721507655896,63.54594154489068,63.6491853619428,63.399528264991,15.563025007672874,17.853298350107668,11.139433523068368,13.979400086720377,15.05149978319906,14.62397997898956,12.55272505103306,11.139433523068368,16.901960800285135,11.139433523068368,15.68201724066995,17.24275869600789,12.30448921378274,3.0102999566398125,10.0,12.041199826559248,21.613680022349747,16.532125137753436,12.30448921378274,3.0102999566398125,14.14973347970818,18.69231719730976,19.294189257142925,16.127838567197355,17.634279935629372,19.294189257142925,20.0,22.50420002308894,25.05149978319906,26.90196080028514,29.12753303671323,23.69215857410143,23.384564936046047,29.49390006644913,22.50420002308894,31.48910993109357,32.09783014848515,28.524799936368566,28.23474229170301,25.71708831808688,24.424797690644485,19.49390006644913,29.074113607745858,24.14973347970818,13.010299956639813,26.702458530741243,23.673559210260187,18.69231719730976,19.138138523837167,10.0,23.59835482339888,16.532125137753436,9.542425094393248,16.020599913279625,15.563025007672874,18.573324964312683,13.979400086720377,6.989700043360188,16.901960800285135,9.030899869919436,10.0,9.030899869919436,6.020599913279624,15.68201724066995,12.30448921378274,10.0,17.16003343634799
19.294189257142925,26.60865478003869,3.0102999566398125,19.138138523837167,17.853298350107668,9.542425094393248,54.54067005278905,56.477447314699006,57.765886014295134,58.67048902100617,59.57758569480213,60.00365088161218,60.0821211386024,59.88721675350513,59.48667207934095,59.24867253493342,57.64422735649093,56.26423522186796,55.29956220078762,52.65084454603621,49.28298534807345,44.48474428212161,46.81033088063252,50.78837293416897,51.72383977597002,54.433255839537445,55.72467311191784,56.7190284365651,57.64460087566783,57.62232038544815,57.456001574747575,56.64778258716004,20.96910013008056,54.3768715753786,53.202127758699625,51.23832048292876,51.770629907614925,51.43851338822215,53.67169488534681,55.73818121605805,57.14303768371085,58.606739306948256,59.37961488274341,59.53107035221487,59.522275413997725,59.343418750108185,58.67882727019517,57.213497054166105,55.29042601728405,54.23786357022907,48.14493981286041,40.0774777800074,38.02978855335262,45.96652066132439,49.71113421927069,52.522436208468434,54.46475031801786,56.39215468714213,56.817205063182925,21.84691430817599,13.010299956639813,19.030899869919438,12.041199826559248,18.129133566428557,13.979400086720377,10.0,6.989700043360188,13.010299956639813,15.05149978319906,6.989700043360188,52.38650681945524,53.24303037486835,54.74580452342379,54.41388743956548,54.27128918952586,53.321656777305726,52.38179132507074,51.5174973004028,50.19182780205981,48.573807486930704,47.95365508027845,47.62243301125117,50.06277735842886,51.32643850973081,51.93672688337968,50.38290243053402,50.66091007311002,51.01613054181223,52.825088235903706,52.47742562828897,52.74585003380028,53.11842829348289,52.77311179174031,53.5871321241676,53.69336478014141,53.439774324706434,21.072099696478684,53.30488855156933,53.921849929394405,53.21577719695799,50.93789278909418,50.818152006322805,49.21093141367645,46.49568496921974,45.76018677434666,44.42370005686783,47.16545872727093,49.671031582421215,51.24151951340394,52.12874471850501,52.97780201586442,52.7493795424565,52.66894630568552,53.141454170322206,51.07820267248048,49.63107529523544,47.83346067476675,47.29488769179561,48.1949129059582,47.996850909091,49.29648785482493,48.91314399382143,49.48887105116113,18.325089127062363,26.989700043360187,61.12216442500576,59.694201061645664,41.1965172203987,71.74214328563745,54.037191944157605,42.39999792886872,81.25846599267591,14.62397997898956,6.989700043360188,50.41349253538417,53.56073684348273,56.456590033904455,58.18548524507822,59.61887887671782,60.41324771984068,60.87760483175548,61.13818056980131,60.99576370299189,60.79636292950721,59.625573156024,58.28998050614062,56.48052480186288,53.27410024849527,47.764178560571466,37.84545974054523,47.7015953305839,53.26968404752386,56.44443513413643,58.432327780980096,59.84713142618422,60.69521951097482,61.00938547803696,61.22610660937109,60.83162074006658,59.86078548817706,23.26335860928751,56.79553260605431,54.76119775950019,51.65926549609097,50.0819549332082,53.622430189957946,56.86444994597646,59.19551372358998,61.05456362981621,62.12946290575986,63.07402964837476,63.51991772696583,63.81687141828279,63.75652093575515,63.27297822298537,62.63787985914955,61.35970524118981,59.85662195625599,57.254223673382285,53.98363673371616,47.47955306906729,43.29438560779451,51.32419798097615,55.812007391946906,58.33178359583937,59.75002357045788,60.92140028084756,13.979400086720377,16.989700043360187,19.138138523837167,19.86771734266245,23.69215857410143,17.24275869600789,14.62397997898956,16.020599913279625,10.0,6.989700043360188,11.139433523068368,56.52056718948163,58.99951755482617,60.72100571724823,62.065560440990296,63.155230226331376,63.73483019096394,64.0880994192398,64.14809287301553,63.79638319085099,63.37763659915054,62.25026122497168,60.87787094824489,59.09323309141705,56.19494032929722,51.9296031488587,48.22880418022891,51.65944332408137,55.71355896943028,57.84578068864116,59.69448063866898,60.80777958578949,61.6769916872478,62.23987845385781,62.17838078803272,61.42962931772681,60.83606164503253,30.178677189635053,58.31714321485592,55.41324582876823,51.91897934475422,49.17405720638555,50.09115058897152,55.25627796211889,57.87114601579805,60.02738261944707,61.11483302321356,62.22246294494855,62.61262868792493,62.82583371266762,62.682963847844206,62.34741206321053,61.47493603930463,60.22225818173858,59.05016688700436,56.09895216682078,52.55204942928927,46.17262517091375,37.744439689249646,45.72418491987116,51.79083350786191,54.72665779052047,57.02917121659059,57.85142549636116,20.37426497940624,18.63322860120456,15.68201724066995,14.14973347970818,0.0
14.62397997898956,26.60865478003869,15.314789170422552,15.563025007672874,21.33538908370217,21.64352855784437,53.78793855109684,56.27252146690218,58.09259307910692,59.03203431607282,59.70946290949684,60.07582646449191,60.28457377787935,60.09544798640778,59.78954797645956,58.66131910664063,58.28005384447116,56.85846493914518,53.724738070346056,50.706325351328175,46.56596443982914,45.69993887567448,46.32710303832954,50.099477978647904,53.1626397191069,55.166477338832216,56.235314901061656,57.19169639683038,57.46029813500488,57.29988034096821,56.85652184115525,56.93828917032921,13.979400086720377,54.749283310187344,51.28260298102112,50.538962987966286,51.35488849454486,53.19016483344926,55.37035399506991,56.964472577496174,58.14903205023848,58.82993868732723,59.49655869625101,59.804442635743335,59.39160686893544,58.89158782098263,58.060985361334936,57.46766490725558,56.02694683002505,51.88965024801316,49.58415748731823,42.64487255780689,32.90479813330673,46.58526517459542,52.28567165561444,54.46246608281111,55.74404021909943,56.02308553774638,56.54540387902046,15.314789170422552,16.901960800285135,13.979400086720377,12.30448921378274,10.0,16.901960800285135,16.532125137753436,14.62397997898956,47.41467697685545,11.139433523068368,11.139433523068368,54.27137040173719,54.7430515418478,54.26382743234288,54.39687880395304,54.07350107769621,53.285854876938494,51.805530750097134,50.12014237418042,48.1308036086791,49.19752556189443,46.49743643131735,47.33245428182445,49.33917319988705,49.82651074554795,50.63277050917628,52.09584710533407,52.48292122630316,52.53476123904776,51.82953619157675,52.13368982336274,52.222611335228095,52.99117064664173,53.32135358019922,53.77284390057503,54.166405073382805,53.82881167181435,17.16003343634799,53.44160326015449,52.83366820312512,52.08626752005148,50.888587204255565,49.12588686548272,46.71330234366344,44.70116353151003,44.99302094133328,47.73091310242317,49.40142791106066,50.48635988432649,51.90849740555827,52.72491400688568,53.17011822046357,52.77895593794787,52.50556612792565,51.72748838982743,50.388465876852536,49.28073084322642,47.921464540322674,47.59826427630507,46.19615005742807,47.96990390545687,49.39244611814908,51.150277335990566,51.53232366891999,47.41467697685545,27.67897616018091,61.12216442500576,59.694201061645664,41.1965172203987,71.74214328563745,54.037191944157605,42.39999792886872,81.25846599267591,3.0102999566398125,13.010299956639813,47.48327599231048,51.249799926244506,54.18355989088481,56.652056284346,58.404197777364864,59.85486202308707,60.660742225867786,61.13609819732224,61.24795287167259,61.16345361501841,60.54291618993246,59.60931940757592,58.25797284143288,56.08485383422816,52.68676238610841,45.66472847158815,38.14913181275074,49.37843741353889,53.96861620602315,56.9227747058061,58.84113660671896,60.18771211359258,60.93812724334559,61.428898054390416,61.38954124861818,60.92750111161402,13.979400086720377,58.787262564064605,57.09339510382211,54.603038508517216,51.15444083436239,51.31570549296703,54.17743976072011,57.23980776891,59.49245543107349,61.27302130645666,62.35974631956363,63.13848035092071,63.56381565110803,63.67886814976095,63.5949493025235,62.97213415053638,62.10719715681002,60.93640528443209,58.79568928179616,56.06987234596556,51.37205311533668,43.88846893599511,46.82587271751483,53.04121996670952,56.7075964976078,59.09975680080912,60.663259253620375,21.84691430817599,24.14973347970818,14.14973347970818,19.084850188786497,17.634279935629372,22.04119982655925,21.613680022349747,18.06179973983887,14.14973347970818,20.96910013008056,10.0,54.48850030597743,57.59336143654498,60.076837809750224,61.66082124417702,62.77778086498177,63.53510392238065,64.04298897468627,64.21003560583597,64.03484455048604,63.45446270305736,62.86778141692728,61.68020204558115,59.47661593172202,56.976276993213055,53.29741517458709,49.355173421459135,49.11950870062994,53.54127655292264,57.19119889945188,59.391981553802886,60.77603341727468,61.68490706826279,62.26550931555045,62.38669232464914,61.841543335657015,61.924740616195294,25.289167002776548,58.74887510846112,56.96216553110486,52.14761748038374,50.21685352215705,51.08754394363631,54.61246340678517,57.36107141869896,59.39004783284851,60.81515087355085,61.89162574255023,62.55890934213852,62.69277988066091,62.685070656486815,62.2434138172132,61.83759963803321,60.81037501430156,58.75598876596868,57.18589701392276,53.94034698102112,48.94338220000935,37.049222912234015,46.90780654501487,52.43447333422448,55.21751157138123,56.54340214052379,57.794998102969615,6.989700043360188,16.127838567197355,9.030899869919436,17.634279935629372,9.030899869919436
20.681858617461614,26.60865478003869,13.010299956639813,10.0,12.30448921378274,11.139433523068368,54.355003602453806,56.52671721857502,57.72762380006191,58.82436304032134,59.65232754559012,60.03559185027189,60.12166290961589,59.88759559942929,59.495636897033776,59.231901171636274,57.79100593114141,56.3028139035785,55.44907282560586,52.94706454624959,49.44961119471876,42.28836487527934,45.70414500479949,49.81297503574545,52.10377385082539,54.398566894746494,55.98988464917706,56.95096244273125,57.61823384799765,57.97010489889026,57.74727857550177,56.80781365657175,20.043213737826427,54.49586380837568,54.12050420168896,52.39261930430363,51.409760243656486,52.4576922057942,53.90109870205454,55.44130081987965,57.112680319867394,58.346317589313976,58.95703696607079,59.31734937433709,59.38061673279578,59.094132020304045,58.49970071834139,56.7901430226711,54.91386910201141,53.84778001371604,47.78223626766096,39.77266212427293,41.740307180380256,48.14913181275074,50.04639453229751,53.04162960017891,55.02760224449951,56.85507066645452,57.18821271780022,20.043213737826427,13.979400086720377,12.30448921378274,11.139433523068368,10.0,6.989700043360188,17.853298350107668,10.0,16.532125137753436,16.532125137753436,20.644579892269185,52.27747913787788,52.89600099588501,54.10940800880972,53.88642843279966,53.69336478014141,52.86132986297687,52.197023826680265,51.26043694957068,50.05943719146886,47.74195687977529,49.24206897615693,49.08039772917383,50.0116668366936,51.298992567209886,51.91688497983763,51.41465451618621,51.83235668346165,51.86617351853637,53.34457772377517,53.00006025960969,53.25065948127544,53.153993030517775,52.972131959896416,53.40009603066101,53.44543562602855,53.9042813441622,15.68201724066995,53.55313566137529,53.04914705542466,52.227008674727166,51.133817472456656,49.57176130404847,48.10857291088488,45.791545571624525,45.0948478922394,44.3240803142708,47.5285479473071,50.06517384374711,51.520986814404,52.46478884454298,53.23031286280438,53.49693163052802,53.397077683393846,53.25864436615346,52.199510857553165,51.202875972905495,49.287900209113005,47.44957609996987,48.30646399712519,48.884266287275565,49.154473253293474,49.035728710485806,49.92473985619664,26.989700043360187,23.443922736851107,61.12216442500576,59.694201061645664,41.1965172203987,71.74214328563745,54.037191944157605,42.39999792886872,81.25846599267591,15.05149978319906,6.989700043360188,49.99361117417773,53.61833564411992,56.53333134379341,58.35556141301916,59.730100236881256,60.57121563538849,61.12439093484112,61.3433651094868,61.200155698170434,60.80955690077722,59.96046482840263,58.58873915908856,56.71703117438621,53.69490452561518,49.151042244099855,42.81169773409736,47.94529870759028,52.99326395790352,56.31266159021895,58.32234198445926,59.64750233068667,60.41554528396205,60.83095726113104,61.029137027892205,60.55087685015685,59.79663533967113,12.041199826559248,56.41097161796935,53.59808930773908,49.79935152433112,48.76200514668308,53.47837209217722,56.930882248193065,59.29797363385229,61.17451937847407,62.29804666050739,63.14350157072858,63.7440535618527,64.00942049234263,63.80307499653567,63.41164168799354,62.76517868201773,61.60805151429401,60.08927897832895,57.85697761488764,54.58743577420048,49.2667678639669,44.86090278185373,51.2661513087518,55.60801808055602,58.18332804019246,59.680390876639954,60.866630189988335,23.443922736851107,17.634279935629372,21.73186268412274,12.041199826559248,10.0,13.010299956639813,19.294189257142925,19.54242509439325,18.129133566428557,17.853298350107668,13.979400086720377,56.46875997427461,58.91154284439666,60.74395468206245,62.19511439147679,63.10100185792996,63.79209762941962,64.18268469351489,64.14589663099457,63.865255396360965,63.387337160782266,62.27944521036292,60.96963514792584,59.29088225096624,56.73503802698587,52.91124546612215,48.602960726655546,51.628182183868994,55.21113228790541,57.66523637564909,59.6955102588328,60.96827315465646,62.00473198168843,62.21695851046999,62.26156363355848,61.80547056990915,60.592592674220704,32.75311354541812,57.53245909414037,55.6694279468183,51.08987612539072,48.29946695941636,52.03989674764193,54.97355435143062,57.59531870350376,59.742813588778304,61.29678615860871,62.19412922420774,62.60133425622763,62.84423965566088,62.7864409922462,62.341820691569225,61.42932620213983,60.28981767813554,59.070376422712094,56.382985248574144,52.887543413592695,46.51045293898673,37.64997599284881,45.96201102454085,51.89012804600242,54.987101965211664,57.05904746044425,57.95330026139886,20.0,20.827853703164504,23.384564936046047,13.979400086720377,12.55272505103306
15.68201724066995,26.60865478003869,11.139433523068368,11.139433523068368,21.5836249209525,16.532125137753436,53.63991586604924,56.10448286410119,57.98050918972319,59.066043717249805,59.69323638273644,60.0357469174464,60.28546040108758,60.0903637600378,59.815223345081606,58.60956959083889,58.140463881886376,56.97837626508506,53.84507531755244,50.749991860641984,46.85150337437864,44.91711790170768,45.395026526123374,49.16116910568686,53.512589021789154,55.14171732620861,56.29863026742044,56.99911402313955,57.39791414091062,57.34372523211594,56.95766151257366,56.77771150682378,19.294189257142925,54.359971700024026,51.9878076080984,51.1915357381524,50.72797476713711,53.64867924037449,55.4900939608532,56.93879013281076,58.273098120008406,58.84611868329007,59.37374440820493,59.8418604435398,59.47100765898096,58.96484880387641,58.14157663483925,57.49583280944979,55.959556254554826,51.69850701861499,50.1940295485298,43.60404054729939,35.90284403718162,47.58919458438024,52.43447333422448,54.61223816939242,55.77114788120476,55.76135097756679,56.48337563719742,9.030899869919436,18.573324964312683,14.14973347970818,17.853298350107668,13.979400086720377,10.0,9.542425094393248,6.020599913279624,9.542425094393248,11.139433523068368,9.030899869919436,54.4542515610034,54.8006733732797,54.29548808164317,54.359971700024026,53.88307282618574,53.3976934376873,52.09453351072072,50.20112569565467,48.67991624758494,48.54548935812951,47.419705472036455,48.51429586019479,47.89362099863874,49.08238312447135,49.84027474650943,52.486254449727696,52.58821591322353,52.99579203023188,51.75332028105734,52.30502566206867,52.42971038082422,52.846314781378005,53.5112347957547,53.52539457963533,53.87512621760897,54.3816405518384,17.16003343634799,54.02261382454681,52.42705375814849,51.50946689758272,51.2771691646561,48.249909561738704,45.77687073553896,45.12537650318858,45.12591018200944,47.673933639249455,49.035457569605605,50.78746734273607,51.66586988080664,52.25694288862826,52.63931808798313,53.10310879919341,52.80926485821204,51.0153055991853,51.08632665580476,50.06761176616413,48.33306515284698,47.25298943058368,46.599162000698506,48.03634621137648,49.70909141996384,51.2038964596844,51.41267864695261,21.95899652409233,24.955443375464483,61.12216442500576,59.694201061645664,41.1965172203987,71.74214328563745,54.037191944157605,42.39999792886872,81.25846599267591,0.0,15.563025007672874,47.3917663191073,51.237863286153726,54.17893327083084,56.63355047836906,58.4418195399745,59.78418377576774,60.74355946802736,61.12725622138573,61.37213544346295,61.056743340898045,60.62039058912476,59.66836986119447,58.19610390673344,56.01509173917826,52.26264711895694,45.84613876171783,38.105013477665295,49.30449789353194,54.06298270655057,56.9685942449841,58.82695262381597,60.15058243692523,60.9865237701539,61.36894250214872,61.330916102547086,61.04553001624308,16.020599913279625,58.87689864206106,56.95176862934824,54.447004291341415,51.50145235400896,51.05169427999331,54.19562558819325,57.31266349075492,59.50875774808146,61.33071471003456,62.35907279317402,63.20636408953695,63.53651805633312,63.69155905786184,63.51250778013423,62.95537632906839,62.09119411973497,60.8280977626271,58.81618576334797,56.01253626929611,51.29025700118484,44.48474428212161,46.5022979009398,52.9857800889311,56.689075023018624,59.17545943794884,60.64680321033244,12.30448921378274,6.989700043360188,18.69231719730976,17.16003343634799,13.979400086720377,21.072099696478684,18.129133566428557,22.944662261615928,19.138138523837167,25.158738437116792,9.030899869919436,54.194551131709765,57.39402232242686,60.06712856748561,61.68103965309725,62.7797689115075,63.535286727512776,63.998941002860256,64.11910821338046,64.03980190814833,63.34881401017925,62.83029709793859,61.627632881615455,59.51769655060065,56.97209284519245,53.00756303918427,49.33608751835486,48.782057255345,53.49279470615652,57.34918984287161,59.36773537729781,60.817806657793376,61.64616029876019,62.16277035771878,62.38332191369822,61.61987253834643,61.43432022389391,30.6333335895175,58.385676522710206,56.1758006235576,52.26571552713344,49.45375019552896,51.17817963586081,54.959603948817055,57.43078391782139,59.36425768830412,60.771792460400334,61.746368351688695,62.478917978351454,62.5897735486799,62.67477974077104,62.177494407005184,61.7012817865818,60.8023674561596,58.71043170233379,57.311961918682016,54.161893389532366,48.71864702088195,34.34888120867316,47.13943921487289,52.52755971088574,55.32276519620717,56.520770395575056,57.70305487390287,17.16003343634799,12.30448921378274,19.138138523837167,14.14973347970818,3.0102999566398125
20.5307844348342,26.60865478003869,14.62397997898956,15.314789170422552,17.16003343634799,16.989700043360187,54.26356709613923,56.67090422568136,57.39038047296087,58.87631364048498,59.475366463052936,60.06128744747598,60.15127035309743,59.95538673987773,59.57291147372322,59.18672910739123,57.847349426884136,56.50331811853282,55.64069239038791,53.37163640776994,50.02118524435503,44.86586315143263,46.13344899234744,49.67440325236953,51.27415823311429,53.99253065397104,55.551670265494494,56.633663615419614,57.41562840961227,57.74522804942833,57.69106176695276,57.21201186638258,21.73186268412274,55.25144618477184,53.726119417058726,52.11966404265412,51.44293927198531,51.36270189062963,52.97668610352416,55.06132813807079,56.547866291266274,58.30728492846206,58.85643871835764,59.22821438401016,59.46732206280036,59.265507962438384,58.91520732274182,57.30680551663448,55.98577135908372,54.76611383344493,50.26962036054797,42.89945516176668,32.09783014848515,43.47076196069735,48.00421492546055,51.43495694701392,53.90802680061065,56.226884817763846,56.94012575031873,6.989700043360188,18.129133566428557,0.0,13.979400086720377,9.542425094393248,47.41467697685545,10.0,14.14973347970818,11.139433523068368,15.05149978319906,15.68201724066995,51.437297038681216,52.6259583043562,54.1562263373561,54.44447659281357,53.91303924220388,53.307870249867534,52.54755870047538,51.8344352674127,50.7430800397659,48.8820758450285,48.8019599804344,48.04582364022804,49.94800899294604,50.70942474030112,51.84498368141868,49.96060507127386,50.71119482711683,50.76148717326263,53.14107491615459,52.4769100592592,52.80771802290064,52.87429958046388,52.47150517744046,53.295219457758,53.53902773158186,53.56385388344368,20.827853703164504,53.62848002868516,53.886002467709766,53.721199819383344,51.650691481175805,51.79298953596802,50.25113258026524,47.89362099863874,46.11383384708976,42.85557309007774,44.79906267005072,47.87162813509685,50.25801333775761,51.738736000497866,52.79450198922244,52.761974704899245,53.00321518092267,53.51705497400818,52.344388199628,51.41791430300596,50.096633166793794,48.701755772792914,48.95914026219389,47.85344073940684,47.94027715528888,47.06555638218465,48.31645853428981,24.668676203541096,19.294189257142925,61.12216442500576,59.694201061645664,41.1965172203987,71.74214328563745,54.037191944157605,42.39999792886872,81.25846599267591,11.139433523068368,10.0,53.03068559232365,55.87039365638684,57.82937486044152,59.35717812336047,60.13827803485399,60.773279265461866,60.9865237701539,60.90870783615141,60.52110772757925,59.72434276957365,58.293455917676624,56.42473423682376,53.81818771625734,49.17830977141941,41.79925032074337,47.029558528042,52.83925078736424,55.83181764713274,58.22236750023869,59.46697837245742,60.52263280702624,60.92701700892896,60.79311876656228,60.81013356070144,60.15162685214723,58.80230331884836,17.24275869600789,54.21847326769117,51.18264726089479,50.01361548159507,52.169993698272144,56.41696158670016,58.94363145630832,60.637535616692574,62.19671743066699,62.95199718397094,63.39384851006396,63.7902980285372,63.90293784641568,63.59491134295433,63.06291394419289,61.88648702391488,60.60084485746175,58.34049837201423,55.59898250130643,50.6094324180168,43.80283618094059,48.64807629026147,54.49441370725861,57.33203687158635,59.41293733935236,60.45221631583247,61.45732026784681,22.87801729930226,20.681858617461614,20.0,22.30448921378274,10.0,14.14973347970818,9.030899869919436,16.532125137753436,16.127838567197355,15.68201724066995,16.989700043360187,57.77032951177507,60.059544287960975,61.25685840154154,62.71418718382628,63.37021551496874,63.95894012741441,64.10591163692433,63.99655899469295,63.54292302796353,62.92959457347274,61.74215986027384,60.18535735026304,58.12648690451991,54.98179556334131,50.97482903699441,49.04011883597388,53.24325676768319,56.59022935189903,58.51117027100975,60.24750350675762,61.2113716161867,61.89990012197163,62.04080080017344,61.76003522708668,61.54447406732671,60.56800074678671,39.24382677201973,56.840810849931806,54.72548757183383,51.505261874124464,49.76964069037476,51.79968077699076,55.61431751290182,58.18487843336634,59.939694018888936,61.34769792352735,62.14754066920996,62.67465071529265,62.85771927956442,62.67389759920053,62.43205778046804,61.26082355526575,60.2143780984447,58.68311096736249,56.02151183594309,52.19484978073125,45.80662723988436,38.8218288763027,46.54850090561395,51.74117981254267,54.85575217782866,57.14719443811042,58.06804501627296,17.16003343634799,6.020599913279624,21.13943352306837,13.010299956639813,16.532125137753436
17.24275869600789,26.60865478003869,3.0102999566398125,15.68201724066995,13.010299956639813,11.139433523068368,54.129139258233074,56.29300502045206,57.88634951620105,58.90906464126622,59.64985676379151,60.03007043645809,60.2209829746114,60.03943244018544,59.74446290340598,58.91943129997453,58.15424323634795,56.7366403484056,54.110705992796994,51.40413757591074,46.622760641615706,45.507174234692826,45.82756316679422,49.988040449818776,52.804349475670975,55.12050365203929,56.27989195220732,57.2164741508875,57.969799939685984,57.83288846292508,57.69956737300554,57.69888134029492,16.127838567197355,55.99910351021086,53.259177537207975,51.43570591354249,52.54028159379888,51.69512792367826,53.65272656236418,55.78577327189979,56.89999273452672,58.09123854861604,58.84807254508655,59.11533656811648,58.856551740825,58.50154082707032,57.74840923443328,57.04790329274698,55.358508754713824,52.08704648265489,48.81099218389017,40.84111351940677,36.06381365110605,46.52246341003323,52.27094487223166,54.63071380812248,55.96275928829378,56.57385753067842,57.327812349575154,17.24275869600789,17.16003343634799,3.0102999566398125,3.0102999566398125,14.62397997898956,15.314789170422552,10.0,3.0102999566398125,15.05149978319906,12.30448921378274,13.979400086720377,51.88669797721538,52.78591281632251,53.37716766489376,53.38209393432956,53.22239974931152,52.55651141297953,51.29448192268063,49.965817140028754,48.626679502285874,49.55981028490897,47.04365036222725,48.279182567453496,51.37838149517172,51.97716012938059,52.43742275313181,52.402021732371225,52.749195064037536,53.06249129477483,52.73170324475291,52.48505380373064,52.591971472152224,52.76595059283032,52.77696293649,53.22818621007394,53.44065938964885,52.97353374357235,14.62397997898956,52.59804047575338,53.231282931251215,52.5287729256376,49.74355079004792,49.45950866671558,47.335583580496426,43.49180358996378,43.28624207490207,46.415236846702285,48.6281092391463,50.6080356874801,52.22763278808738,53.361974769052665,54.06015303776257,53.609264847173854,53.57387824937072,54.04217744514924,52.274882044173225,51.46230393028758,50.05429345156869,49.609271889948666,47.66546684376111,47.03781295454297,47.69680044932302,49.47320967148684,49.96389071730994,22.87801729930226,19.294189257142925,61.12216442500576,59.694201061645664,41.1965172203987,71.74214328563745,54.037191944157605,42.39999792886872,81.25846599267591,14.14973347970818,12.55272505103306,50.01681801999699,53.71616390024506,56.16044681789984,58.16111986964887,59.53107035221487,60.55533135881269,61.03747977220711,61.205949873975534,61.12420655343343,60.86682228029397,59.76226139268033,58.54779559364148,56.95083098507078,54.29805554496429,50.29099566823543,46.06220087217348,49.435390312822,53.61021060630299,56.46800586072485,58.319580313482064,59.69946806304058,60.5163480398712,60.81075338473308,60.99849423889006,60.64034345547192,59.512403503243405,16.532125137753436,55.94274291248928,53.15369890835559,48.61683729919097,47.31443707556579,52.71155948604317,56.55085586028471,59.15171810335154,60.997514067018685,62.37676921466736,63.19122097706722,63.71800923708147,64.02129268040181,63.97481846985008,63.54118431648841,62.772850340289565,61.61038412422962,60.27232556775809,57.71658755175732,54.58356788451435,49.41635640981282,46.751915562689554,51.63331360836823,55.48646110424336,57.9850217282949,59.80299773035389,60.91884226307735,10.0,20.96910013008056,25.563025007672877,19.294189257142925,3.0102999566398125,18.325089127062363,12.30448921378274,13.979400086720377,9.030899869919436,6.989700043360188,3.0102999566398125,55.79528659517515,58.70550206268082,60.82625262014571,62.14403504501206,63.21352322670237,63.77583244053183,64.05649730911385,64.11946145764762,63.95388255965577,63.28106299336059,62.41234842207796,61.05654925475165,58.91935332179071,56.20586779064351,52.278661458084,50.03843817379384,51.63065915149861,55.88308690346029,58.15102686519804,59.75627082225934,61.03930229267298,61.740961670939534,62.18174318237637,61.90136922457683,61.59757531301104,61.23964608146231,33.27358934386331,57.778797314739535,55.141145703313626,48.876173003357366,48.714795288390114,50.359937544740106,54.6845515205111,57.616489889656926,59.83328989061749,61.170938948880135,62.03630311110472,62.668431836320806,62.72043146722925,62.66707842040261,62.24608934501308,61.655327704643256,60.57759265675291,58.90059794956918,56.83357780976457,53.59774790660804,48.212842023048246,38.04888744622392,46.98622429702098,52.11366198042725,54.94295160186596,56.93893074347186,57.80395809355007,10.0,18.06179973983887,18.63322860120456,17.24275869600789,14.14973347970818
17.853298350107668,26.60865478003869,15.314789170422552,0.0,15.68201724066995,16.532125137753436,53.71668067360065,56.00337860998343,57.92203921621063,58.98902811183059,59.65794158105112,59.985910371239385,60.23783168301277,60.09607672452578,59.889663070085454,58.82407268305353,58.39913380598796,57.039444784955045,53.78070694006442,51.20945554559866,47.01542082028082,44.97067936398505,44.73413973260983,48.51331744401064,53.08771374386506,54.87975035937468,56.35042190760437,57.21772705500775,57.6614876933906,57.64377161958731,57.48406670252247,57.44390786181732,16.989700043360187,55.70287191229309,52.77494609611012,51.53516088899603,51.66610662289432,52.580431332045,54.47359621271918,56.1410063074986,57.37842802113797,58.183427017997246,58.83898671121764,59.21093141367645,59.05226338532599,58.75871190727366,57.963869772919296,57.54330749486853,56.178774848896246,52.186326460798384,51.01420543187383,44.63056428085159,32.69045709657623,46.31372733732714,52.06744944053747,54.64814327119907,55.99590534069559,55.99534842199782,56.851072950127765,9.542425094393248,21.73186268412274,6.020599913279624,12.30448921378274,21.367205671564065,6.989700043360188,15.563025007672874,9.542425094393248,15.314789170422552,19.030899869919438,20.37426497940624,53.19982095919706,53.82442118703202,53.43215531128127,53.595053689628,53.34715053464358,53.00615046263873,51.7586247037557,50.30150219270757,49.02486984968843,49.17631525942415,47.39706804620218,48.52479993636856,49.19046696459444,49.84743281761605,50.95925655587492,52.77565668083235,52.83601963961396,53.32327347114503,51.84424527372855,52.34074158137412,52.49856029397157,52.55978865267112,53.32422299820276,53.36027225430311,53.64785432326954,53.74991995651062,20.253058652647702,53.57364937920933,53.11338434535059,52.29553863981137,51.35084924086007,49.35749033031868,46.398946935548494,43.87834572390811,42.611200635689,46.262582235348304,48.11045218912108,50.19220176222453,51.3738576433397,52.68467980365821,53.169678664920056,53.65691980501404,53.58553466319947,53.00043026555828,52.70315413677775,51.74338969626746,50.54965249385483,49.49492468536064,46.41573253178176,46.29185257633928,47.09040878087115,49.73834162511882,50.70204160312572,26.85741738602264,28.169038393756605,61.12216442500576,59.694201061645664,41.1965172203987,71.74214328563745,54.037191944157605,42.39999792886872,81.25846599267591,15.68201724066995,10.0,50.558826763687,53.98419205312158,56.29255631750631,58.3039168398,59.57176130404847,60.59803406246715,61.14100004137119,61.36913579252501,61.2452020083894,60.74823020814748,59.92073452185118,58.60146874946914,56.66983848381687,53.75526446675889,49.00694774452398,43.35257256434532,48.47399894023287,53.27420242220971,56.20228736232079,58.27488816836354,59.57165106345845,60.4456562914886,60.9083978004538,60.94342533281988,60.64165865401962,59.79168086773517,15.314789170422552,56.40605645317301,53.70568598767051,49.7235097327669,49.32722296700044,53.16408614806066,56.55308468166088,59.23671365522743,60.992126075856845,62.426929577149615,63.20156675806917,63.73004004767274,63.87619372173825,63.87381994728279,63.44128472679179,62.67986966877561,61.51714513229011,60.10134520008823,57.50225201162984,54.0830951471823,48.46844111625265,45.82892505401443,51.02039025088996,55.24370154542359,58.03927346674634,59.93744756554462,61.02990795724151,17.24275869600789,20.253058652647702,21.33538908370217,16.989700043360187,15.314789170422552,19.912260756924947,22.55272505103306,21.70261715394957,11.139433523068368,18.325089127062363,16.989700043360187,55.88698506598635,58.71452670692218,60.925090587625135,62.35852531836686,63.23359783599402,63.72436411026947,64.10968955256843,64.18882558392804,63.98984186080557,63.2287107435133,62.51276279251995,61.16904145092454,58.73005376854904,56.02811755490031,52.226748601020496,49.35129234915682,51.36913896114804,55.060447882329846,58.24467535442952,59.964350509456246,60.79910609891333,61.69288745689879,62.21427279522853,62.15192203139879,61.73574336757823,61.338252567063584,36.51374943913044,57.9276278264298,55.29545842861724,51.113230148678575,49.55018719942147,51.86781226969924,55.0275476578036,57.911859006765525,59.71884640486324,61.38264794448402,61.913115371496296,62.52826826946888,62.76596207856241,62.68326354519999,62.314257509816535,61.82192312086093,60.71051269159884,58.53669622823097,56.97316541732384,53.77970664915871,48.544578664773006,35.29558673021163,47.82709056792002,52.53904738670891,55.28923124704721,56.569190381133154,57.71572783695789,3.0102999566398125,13.979400086720377,25.4282542695918,21.367205671564065,18.325089127062363
12.30448921378274,26.60865478003869,0.0,14.14973347970818,6.020599913279624,15.68201724066995,54.39275837012832,56.64522575163325,57.8358131037148,58.97981528822431,59.49148393641199,60.09821715018993,60.06583264544118,59.98866315885511,59.57060124111935,58.71113297566435,57.79137425977147,56.29224015804623,54.14762831169472,51.08328194266184,46.74282307975821,45.27629900871339,47.38780558484369,50.97194816782757,53.04630530707381,55.28716210400168,56.2977849075181,57.2584795287184,57.77480471482275,57.75866653488169,57.454846783170495,57.315025423246986,6.020599913279624,55.358761655853456,52.53943462669259,51.07053867017062,52.58124637283167,52.142555633566886,54.221382408789054,56.24575996194967,57.38403953857672,58.63108634672187,59.074887528950406,59.28011577509416,59.05079918509309,58.5787743525183,57.895200759097776,56.500295634578926,54.67501553492562,51.620264324211774,46.02331340591338,27.664128471123995,43.12283165791478,48.721562727482926,52.77794809749759,54.68774029246801,56.04490654422017,56.99911402313955,57.37442330012734,12.041199826559248,16.020599913279625,12.30448921378274,9.030899869919436,6.989700043360188,10.0,13.979400086720377,3.0102999566398125,12.30448921378274,6.020599913279624,16.020599913279625,52.4469512907198,53.32472798121752,53.81443611700102,53.87967907442332,53.17154123799028,52.337598982440525,50.8762527081082,49.53165088866768,47.92741785834749,49.00847591272198,46.41573253178176,47.688156299932,51.76314139688589,52.411902329698286,52.97633595428181,52.070658855315415,52.68624768335872,52.40911009637881,53.31362501834675,52.70655548952985,53.22543860250296,53.24430625292387,53.07515291921561,53.89564743206044,53.89068578740003,53.09589716546264,14.62397997898956,52.14213133658234,52.99953784459852,52.13910702010223,48.49695750922213,48.799555851227495,46.220585197784175,43.325596414674045,45.36873948928961,48.12712866765369,49.68342830958946,51.21336566660246,52.946469608717805,53.80355982416796,54.32470607686405,53.054223127504365,52.8476901334902,53.35331505613182,51.00015381426617,49.55769503484184,47.91339703965139,48.35823692462078,48.09162271211988,48.33555067776192,49.52215906200407,50.63577276106099,50.56283442060299,24.37750562820388,29.64730921053629,61.12216442500576,59.694201061645664,41.1965172203987,71.74214328563745,54.037191944157605,42.39999792886872,81.25846599267591,13.979400086720377,11.139433523068368,45.92953571547866,51.18268033727165,54.11060486512288,56.83044335152749,58.58899159263227,59.9948549068377,60.75415558310823,61.26871383391757,61.37596197878874,61.34824877317922,60.72389614259056,59.90234043063665,58.85117992263192,56.84454859482064,53.955447961324914,48.81093507707397,44.78537637858898,49.36940789752355,53.81890880626258,56.63832795231394,58.53163834752738,59.835040541360165,60.469027337972896,61.135172006294894,61.03305877868388,60.43928653021389,9.542425094393248,57.93899991812783,56.10499401803131,53.08444886102227,47.57304908504149,49.7016549483847,54.17904941120402,57.27978584388009,59.8580042607346,61.40245564392549,62.475650340331256,63.30844201518232,63.84170014603684,63.99996294567326,63.86320038608817,63.168623550068936,62.43193126167643,61.198050103003176,59.3712504397748,56.68186430926614,52.753482161695125,47.2366086669145,48.006689733813786,53.20978751332532,56.66976368509276,58.64706232403411,60.3038434269289,20.043213737826427,17.853298350107668,20.96910013008056,22.92256071356476,15.563025007672874,22.944662261615928,6.989700043360188,21.33538908370217,18.129133566428557,23.26335860928751,6.989700043360188,54.67414220481253,57.66439617864933,59.87066238274723,61.70574118968112,62.6642198231879,63.54027337649918,64.0143173303486,64.1752948457011,64.05336967153761,63.54547315943357,62.9010520631727,61.704274786092455,59.83926085835712,57.503116449749896,54.10034503205366,50.6363729624656,51.30889952537365,54.516544390522775,57.11082237914436,59.351947838527785,60.63225991988973,61.72644082164734,62.426032884955134,62.07158348176733,62.00253069188591,60.96907928389541,19.294189257142925,58.73934691236546,55.25149802860352,51.93953420792565,49.268567089496926,50.61622092243773,53.74449551262785,57.21079033138181,59.444041959437264,61.056089542434805,61.81547481047368,62.5033142648081,62.83563987839127,62.761220484290725,62.37996143838076,61.68825584827934,60.75933639746901,59.00249662062964,56.96379107769921,53.51680376527895,48.36203813402366,39.79047326947965,45.44018407858776,51.40322595530777,54.69970681183274,56.771413877498006,57.929083326017015,14.14973347970818,11.139433523068368,21.613680022349747,9.542425094393248,13.979400086720377
21.33538908370217,26.60865478003869,19.030899869919438,16.989700043360187,18.129133566428557,10.0,53.74676873948764,56.18993097257393,57.86024150877122,58.978908862865474,59.6586181605217,59.981982887238544,60.14692710367917,60.09472142562814,59.73148643795348,58.85436423371636,58.101040930550994,56.66309206956636,54.71391469954536,52.29041573173397,49.11966826896644,42.12214247419942,43.86106407136076,48.47109740837239,52.7100705268946,54.47618449560436,56.16752701695879,57.290942921430464,57.40457434318508,57.83635634082599,57.63132123284719,56.9375947583476,21.70261715394957,54.72143325183721,53.86400859207611,52.99136693744014,50.60516531772394,53.19990410839211,54.737277725020434,55.7612587748303,57.4645125861456,58.13791747030769,58.83144515907282,59.19743152268658,59.343620815680055,59.037588280688205,58.395842511275845,57.08225381118643,55.62856486469893,52.93285192570253,49.97373276720177,44.36258085890037,40.78674273360466,48.02937837076989,51.35326688341679,53.79038875207483,55.31185030184496,56.26670839299252,56.85069629391148,20.043213737826427,17.634279935629372,14.14973347970818,21.613680022349747,12.30448921378274,19.030899869919438,14.14973347970818,16.901960800285135,16.989700043360187,13.979400086720377,23.117538610557546,53.23699574565695,53.75279436336474,53.41752956382052,53.76315936990477,53.28787200354535,52.89945516176668,52.01825744399176,50.912095647341296,49.98054351895468,47.68075447651738,49.38164338930552,49.50973024874478,47.79769597411145,49.32965618816424,50.501824806649694,52.611795714521286,52.79434223948985,53.09366104242897,52.56592681941606,52.983901643114,52.89296797946083,52.814083811499245,53.1194448508462,53.087543091835975,53.12737852482435,54.15669331529051,22.30448921378274,54.14607384239304,52.30492348655137,51.57547425577808,51.63429743301472,48.34255347806096,46.36708498020547,45.55058155043869,43.84711742938283,45.183296546404776,47.65497186938374,50.13047996115232,51.26248329452287,52.285492048239234,53.031269105060574,54.04999537576395,54.12166438061267,52.51183006789789,53.22519061254412,52.14348363872726,50.65658127117224,48.63180054896863,47.50022144903007,47.965743332104296,48.83661435153617,48.26877828723003,49.3896979722289,24.082399653118497,26.85741738602264,61.12216442500576,59.694201061645664,41.1965172203987,71.74214328563745,54.037191944157605,42.39999792886872,81.25846599267591,18.325089127062363,47.41467697685545,50.23400629628406,53.92661786290789,56.32194003615336,58.27680018471139,59.55480412986319,60.47238252673673,61.06809759371026,61.320588299333366,61.26682290141928,60.60562621544965,59.96992107265957,58.57993688757213,56.34084111168822,53.51908343511917,48.71023883231429,42.605006977390886,48.17499261867759,53.030772043602255,56.29370857491419,58.26877828723003,59.53346940053106,60.362623047158685,60.81268076044782,60.822930105552274,60.47583243283071,59.87999007167386,16.020599913279625,56.54235278401181,53.45814663569736,49.50218766641864,48.94360376187044,53.14225470926496,56.70104777254483,59.27033988260527,61.00838021693744,62.26097018175195,63.12293322133199,63.697815564127545,63.85479362430489,63.81911789997098,63.3909352266184,62.67083686814328,61.62642357477271,59.95795283760597,57.67531349884112,54.24679136361336,48.945652673415445,45.74598375421016,50.96805769822716,55.22873099415374,57.92219338460952,59.85194668743023,61.0267514196693,20.37426497940624,14.62397997898956,15.05149978319906,17.24275869600789,3.0102999566398125,16.989700043360187,16.989700043360187,12.30448921378274,6.989700043360188,17.24275869600789,17.24275869600789,56.09514372154888,58.76737297140664,60.83090346109901,62.22758338238207,63.09325628759371,63.77287487100922,64.09382724692544,64.14254497113937,63.86344304209593,63.19227686390823,62.38911319290792,61.10202375877088,58.97724384345104,56.32799328870671,52.99672878675327,48.23656777068226,50.60248207300312,55.071053237319454,58.37431862002762,59.849434065908014,61.20879803671129,62.002322552033945,62.18410502843264,62.23158342460344,61.50550753490522,61.01721304126335,33.35457900689384,57.56405589586158,56.12777501144228,51.160927932140375,46.690564117776574,51.770745459100766,55.005452027986045,57.75133299338381,59.93096157237816,61.14934416491981,61.97416477920601,62.52700879950683,62.81739487790024,62.68042729914705,62.33491837373354,61.53349539091228,60.59519494006299,58.74469061198901,56.68618844816744,53.35909011623491,48.06410631664376,34.089180208467795,47.31725719586389,52.562581992416256,55.053263746251055,56.5796748774263,57.68375373513457,15.563025007672874,12.30448921378274,0.0,20.863598306747484,22.04119982655925
19.912260756924947,26.60865478003869,16.532125137753436,18.325089127062363,0.0,14.14973347970818,53.97253280732584,56.42358654242976,57.80390048573957,58.97119384760046,59.61767442232035,60.0614159082097,60.22808470247412,60.112002686740055,59.61033616020782,59.06862771404509,57.96688788717378,56.62463166787497,55.21886988037483,52.92477593667784,49.83017035939413,42.95830894958585,44.90309708301158,49.09149356376578,52.52610340567373,54.300185871452335,55.78781277799288,56.9450692320504,57.25481206302668,57.73555344689332,57.51172057222633,56.63259812471151,11.139433523068368,54.29687696095396,53.74427545977228,52.31433907493295,50.52559285915503,53.08592156302953,54.40179925572161,55.83826516266919,57.497888604770296,58.37114748515506,59.095153790867975,59.499620201449126,59.642181321074325,59.296687009348375,58.79880571951183,57.24454467206922,55.77114788120476,53.9244544680072,50.08468160240141,44.13702012781114,40.027706281011945,47.18343885915553,49.882467233753786,52.95127085252191,54.88553536585327,56.15615526616316,56.764960750070834,14.62397997898956,15.563025007672874,15.314789170422552,15.68201724066995,6.989700043360188,13.979400086720377,11.139433523068368,9.030899869919436,12.041199826559248,6.989700043360188,18.69231719730976,53.30032075931384,53.996823726793714,54.29288677567123,54.37047832337679,53.89963036435888,53.44402099240973,52.84205067701794,51.55178083478268,50.59597493725138,47.57046630481726,49.09111880505803,49.02856490950236,47.48017377794305,49.19104253906271,50.39691661649026,51.83397977248852,51.88247696308272,52.16010109151619,52.57767344226384,53.00617219806582,53.0131870550906,52.88081468736615,53.10534006424143,53.38976140665884,53.459615418131406,54.421284285612415,22.04119982655925,54.42236684279166,52.81862509737461,52.31237598914208,52.07262648289276,49.53841808621113,47.75246259740236,46.90196080028514,45.358761655853456,45.31478917042256,47.31048582809215,49.608749161732206,51.14217205543093,52.11422252400418,52.61429415559447,53.52585742183908,53.5399504658254,52.15674568083374,52.7009628142033,51.2330598118806,49.759370424831104,47.16212088883665,47.92846759726064,48.08514805214365,48.963608454693166,48.648728424136735,49.8176426035241,25.31478917042255,20.170333392987803,61.12216442500576,59.694201061645664,41.1965172203987,71.74214328563745,54.037191944157605,42.39999792886872,81.25846599267591,3.0102999566398125,15.05149978319906,50.18804483937159,53.54853402764014,56.37834826459324,58.23281166494571,59.5058389387961,60.41899723976584,60.980051378114304,61.16547310429161,61.039845823310856,60.4870005039468,59.83536983750958,58.38113944738574,56.10255484648782,52.98968727379184,47.22444700009176,38.106357002755374,47.68823025449643,53.29432458809619,56.644539285811575,58.545792880149335,59.76255038364975,60.578334005553096,61.04222425149045,61.153042344118845,60.77699586847853,60.23636362654794,20.5307844348342,57.12085425704258,54.20473950488933,51.11803364140176,50.39148305149052,53.758921298735,56.89291984368063,59.2660273946965,60.963509769373935,62.23061689038396,62.99083693192213,63.606456620686735,63.78083241484194,63.653370787826674,63.27926722436341,62.47944067050662,61.40715398997684,59.76596177565801,57.41917047740222,53.88431594577801,48.151857767748425,44.28167202855482,51.71012278523061,55.52265364135107,58.25007851176184,59.907653906568974,61.16093790482935,25.575072019056577,16.020599913279625,12.041199826559248,25.477747053878225,12.55272505103306,13.010299956639813,22.30448921378274,11.139433523068368,14.14973347970818,18.129133566428557,13.979400086720377,56.26000396344176,58.92691069423318,60.64185346437967,62.08071941561008,63.063242166381066,63.77230825930211,64.13463390169986,64.1014430470278,63.862843514386405,63.20073343448402,62.26366070697832,60.946154036455766,59.02268937666479,56.45235541539194,52.51114805366797,47.42890021953482,51.00511840176026,55.006562911654335,58.07622960416576,59.88338186433177,61.04116847216453,61.98445110518277,62.13380142203803,62.68392608392094,62.008376440969215,60.92736430545574,30.629578340845104,58.38553166162376,55.73434426714539,52.68465639818096,48.11642021453152,51.89695200702544,55.11098249099977,57.66996224242593,59.83074838668463,60.9904530574715,61.93634316739165,62.5612601960773,62.849017724220985,62.76651106113115,62.442098061271366,61.55780430389092,60.49393643763758,58.9700323844015,56.47571710256293,53.021685250121166,47.16754357432698,34.14471949629303,46.66976368509276,52.30717079282736,54.96647403275776,56.78514737142396,57.82587274241372,16.901960800285135,20.0,16.989700043360187,19.294189257142925,47.41467697685545
16.127838567197355,26.60865478003869,13.010299956639813,6.989700043360188,14.14973347970818,11.139433523068368,17.634279935629372,18.63322860120456,13.010299956639813,14.62397997898956,6.989700043360188,6.989700043360188,6.989700043360188,14.62397997898956,11.139433523068368,16.020599913279625,13.010299956639813,17.634279935629372,0.0,14.62397997898956,18.06179973983887,3.0102999566398125,0.0,6.989700043360188,15.05149978319906,12.55272505103306,3.0102999566398125,10.0,12.30448921378274,14.62397997898956,12.30448921378274,12.041199826559248,11.139433523068368,19.030899869919438,14.62397997898956,14.14973347970818,16.020599913279625,13.979400086720377,14.62397997898956,14.62397997898956,12.55272505103306,15.68201724066995,6.020599913279624,12.041199826559248,22.30448921378274,9.030899869919436,6.989700043360188,10.0,9.030899869919436,13.010299956639813,16.127838567197355,6.020599913279624,6.989700043360188,19.030899869919438,13.010299956639813,3.0102999566398125,12.041199826559248,14.14973347970818,14.14973347970818,18.129133566428557,6.020599913279624,10.0,12.041199826559248,12.55272505103306,19.294189257142925,18.06179973983887,16.127838567197355,19.084850188786497,12.041199826559248,16.901960800285135,37.92461731346951,36.03144372620182,32.19584526214255,28.17565369559781,30.51152522447381,16.989700043360187,23.89166084364533,28.790958795000726,34.07220892927397,34.881274962474585,37.20076572768141,36.43945912748067,40.26328938722349,39.4571471405986,39.71461405024587,38.564872128686304,37.60799311630718,39.58516103423041,36.326597132939135,36.326597132939135,34.52246574520437,31.33538908370217,25.76341350205793,23.654879848909,25.4282542695918,32.85557309007774,15.314789170422552,35.35800290824898,36.4196959770206,36.47089428716555,36.07669436688243,37.97475287537334,34.933186082321015,35.67849450573107,33.13023110323238,29.041743682841638,26.9284691927723,23.97940008672037,25.05149978319906,30.93771781498729,32.75311354541812,34.58335625991948,35.269850685599955,35.38699379542407,36.63512470415156,35.47651658359969,38.16903839375661,39.143431571194405,33.04705898212765,35.845573605256746,31.670217957902565,32.83753383332527,32.04119982655924,16.532125137753436,23.443922736851107,61.12216442500576,59.694201061645664,41.1965172203987,71.74214328563745,54.037191944157605,42.39999792886872,81.25846599267591,40.62732363205394,50.79427276551975,55.16006230386048,58.28418196604082,60.709572275094175,62.58340549146092,63.987732279937184,64.9156814477751,65.70294083235925,66.00845963012249,65.98407020659559,65.59700316072143,64.86847569615075,63.66394750517845,61.83734645942213,58.94593501516589,54.15006753953827,47.3917663191073,53.04705898212766,58.28367261326957,61.439317863039946,63.34971378934837,64.82681680200258,65.63086243818496,65.97822933062471,65.94859635334679,65.50946730041386,64.74718763847268,29.67547976218862,61.42636267986348,58.22822298377022,54.12833359804157,52.92621522601449,57.30908993671555,61.08898058052333,63.53420710363821,65.49379242417521,66.79115328359222,67.6580917486941,68.18409934751158,68.37553087245936,68.3317421461404,67.96890365153334,67.25801901933096,66.19215458776311,64.65692844895352,62.49270040648516,59.14644572419394,53.69319778697778,49.23637711023761,55.77428604243507,60.18983280383048,63.032397007426,64.80402086165354,65.85559308807113,66.20531842825501,66.14307039086485,22.55272505103306,15.314789170422552,6.989700043360188,21.33538908370217,20.043213737826427,25.68201724066995,19.294189257142925,6.989700043360188,18.573324964312683,14.14973347970818,9.542425094393248,17.853298350107668,16.127838567197355,6.020599913279624,6.989700043360188,20.170333392987803,15.68201724066995,16.532125137753436,3.0102999566398125,17.853298350107668,23.838153659804316,26.24282095835668,26.39486489268586,21.613680022349747,29.93436230497612,9.030899869919436,27.067177823367587,23.180633349627616,23.26335860928751,22.30448921378274,20.827853703164504,26.884198220027105,23.838153659804316,30.751818546186914,35.03109436671369,27.81755374652469,24.62397997898956,31.598678470925663,33.88811413473523,32.506639194632434,24.62397997898956,25.670263661590603,28.35690571492425,26.28388930050312,21.73186268412274,25.865873046717542,15.68201724066995,26.884198220027105,16.020599913279625,15.563025007672874,24.60897842756548,18.573324964312683,17.853298350107668,10.0,21.64352855784437,6.989700043360188,20.96910013008056,10.0,19.54242509439325,9.542425094393248,3.0102999566398125,6.020599913279624,16.901960800285135,6.020599913279624,19.294189257142925,10.0,12.30448921378274
16.532125137753436,26.60865478003869,16.989700043360187,12.041199826559248,6.989700043360188,14.62397997898956,54.31468303951272,56.41858657690935,57.6408642374914,58.70565418742004,59.683227437323126,60.03912256338903,60.12319557733254,59.94924388212774,59.63020998640394,59.353863317314165,57.86964968718972,56.4980687301929,55.60253443542344,53.58886204405869,50.34391795899949,43.16808752053022,45.05380636000395,49.45197682103334,51.442160394166365,53.996356541609245,55.64610442595996,56.93111115462141,57.69916166782944,57.989460585247954,57.96320342371403,57.23035952307556,6.989700043360188,55.31851739290653,54.66963954861168,53.048049327614,51.619307227749054,52.083795403247926,53.028350757059286,54.76335919722602,56.39047989134868,57.89485523559681,58.69488112531351,58.97074801457417,59.13946239058085,59.07885171196166,58.583278195718535,57.17524881782143,55.27023785510104,54.506247183752585,49.22964072790509,42.62474821020941,37.8710609303657,45.58624582816597,48.9035953131713,52.08833549313488,54.39790435789634,56.709598102383765,57.14233332312411,15.68201724066995,15.68201724066995,12.041199826559248,0.0,15.314789170422552,12.55272505103306,16.127838567197355,11.139433523068368,14.14973347970818,14.14973347970818,13.010299956639813,51.41888549705861,52.18860972805922,53.660940764777,53.7591954370465,53.63485997420697,52.64848505774913,52.3711375477453,51.41101571123933,50.53481804080292,48.48804701051804,49.22315356850908,49.06038585850116,49.70309675966085,51.180662217140096,51.81125837830241,51.41991911019397,51.61909783477847,52.11963738516504,53.49708693121262,53.11967777839956,53.17068329794292,53.16494539222311,52.81126582760337,53.11196335304227,53.29422288669372,53.51009304862241,16.127838567197355,53.52855635202889,53.37922261848264,52.6599637049508,51.7507672117621,50.46046200405754,49.06491273501758,47.14480646671306,45.24915147539866,42.75126999458112,45.07761449588295,48.45160077651946,50.8282126093933,52.253971657639966,53.14191765822191,53.711122134860354,53.7548437336038,54.06398798827473,53.20499396405866,52.37850249900828,51.39022240978239,49.637170126895455,49.72466668518412,48.391636829146506,48.11608514954512,47.039444784955045,47.88973968308834,12.30448921378274,30.10299956639812,61.12216442500576,59.694201061645664,41.1965172203987,71.74214328563745,54.037191944157605,42.39999792886872,81.25846599267591,17.634279935629372,16.532125137753436,52.87228261850659,55.5792565531425,57.85507788089226,59.22225498180941,60.34134531809464,60.7710615945576,61.05966380070687,60.93933080917701,60.59253204973635,59.91660595886508,58.48041863120467,56.66894081409115,54.01691696208359,49.925932784772726,45.33009022495485,47.98402011467731,52.74178639459329,55.97021287561393,58.06902066508124,59.438015791650486,60.3217376383001,60.72129631771047,60.9003961597258,60.54426505314666,59.82101553614904,58.45447816391536,6.020599913279624,53.72411171507191,49.73021577053806,48.13267329389584,51.91897934475422,56.06674737270922,58.81601464540709,60.7522568364151,62.12654685977053,63.01430230696286,63.64672918373458,63.90179200946512,63.993283979761614,63.66174264117813,62.97822204975843,62.105057906809726,60.5482938195976,58.69890877359058,55.76531384457336,51.54880244718762,46.06864839752301,49.06690522035343,54.35541782772181,57.41911540068365,59.29754990676621,60.520152354527085,61.332763363171935,14.62397997898956,16.127838567197355,18.06179973983887,18.69231719730976,15.314789170422552,19.294189257142925,11.139433523068368,18.325089127062363,10.0,20.96910013008056,18.129133566428557,57.801710822512746,59.88732372511433,61.46407135287053,62.57707366919088,63.397947659157545,63.93992627193641,64.12219896745285,64.00796589575475,63.638467362626,62.99665254668281,61.69295804041315,60.1321653962444,58.32269346009767,55.31621955196009,51.4744443254818,50.09161836563139,53.394951666960544,56.812647610229305,58.50780974203508,60.24690862355431,61.41816495452177,62.02894630927169,62.00861710839124,62.25884082855052,61.63974914675238,60.55361892100204,25.58708570533166,57.137903296013015,55.23373125199279,50.89286772806859,49.33861692751617,51.5454569242091,56.00176503615231,58.25984045117664,60.12284518034346,61.62623244361767,62.260761164197135,62.685482535173584,62.85718620570939,62.76356090005561,62.32571767603436,61.46378923365067,60.20693092768865,58.851038469228776,55.90958804458276,52.434969174935055,45.53361074494688,39.414120403735495,46.89006790654418,52.02654483281233,55.01706795928393,57.0062152216461,57.959911825029096,6.020599913279624,19.49390006644913,6.989700043360188,20.681858617461614,3.0102999566398125
17.24275869600789,26.60865478003869,0.0,11.139433523068368,12.55272505103306,17.853298350107668,54.00332449535355,56.2298967015851,58.051758652862034,59.010407184592296,59.63065921196159,60.061308857862144,60.278390855180376,60.07499416833298,59.73063628709566,58.64160893813251,58.333900192961366,56.76288383883934,53.70153958921277,50.48301936653375,46.22296935238771,45.51376796104808,46.15918503695912,49.75799309679408,53.31617575023599,55.18737609731275,56.24572903542524,57.04557155626497,57.59433640177714,57.56971397115964,57.026097321145095,57.1452506450003,15.68201724066995,55.093598079463646,51.93961756605832,50.84193644325544,51.83545995635554,52.809992590118966,55.007083969048985,56.74024801128532,57.800010190849136,58.597685578743736,59.33240206262701,59.57810740118981,59.19513738023482,58.61707616205181,57.77978946063206,57.30486725718152,55.58444554426168,51.596423762134506,49.10891088644529,40.75729399740899,35.56302500767287,47.655568008067135,52.87149799136947,54.9140792272182,56.10627163971174,56.24776971378992,56.8502657896604,12.041199826559248,3.0102999566398125,16.127838567197355,9.030899869919436,10.0,0.0,9.542425094393248,0.0,3.0102999566398125,6.020599913279624,16.127838567197355,53.633505725214974,54.12233680621839,54.09258344531644,53.96286546068402,53.55581769780257,52.82950484792055,51.52263876399056,49.77746462291663,47.84545974054523,48.90113494290917,46.828487672897154,48.0894655644743,49.97229066155384,50.70555015835032,51.29722108695879,52.39914815000717,52.85181357842337,53.2479671762173,52.44845909032436,52.51455705428966,52.81169773409736,53.17965190024577,53.41652111943532,53.80762807215962,54.07820736717743,53.54210275027911,16.989700043360187,52.97651103243182,52.90757832981613,51.80269277668874,50.12364725222238,48.26450596484443,45.74285979115732,43.82125152225321,44.42071936603031,47.80266893602148,49.57176130404847,50.94715634328188,52.37465819527634,53.059465039228,53.394534289196585,53.12029180025536,52.85872227069257,52.31479785017175,51.14163784323487,50.31618490789384,48.64807629026147,48.35240193398982,46.8992123534523,48.19418893373478,49.36820254236847,51.03263081211532,51.35517459837115,17.24275869600789,21.613680022349747,61.12216442500576,59.694201061645664,41.1965172203987,71.74214328563745,54.037191944157605,42.39999792886872,81.25846599267591,0.0,13.979400086720377,47.13725687267481,51.31108373369066,54.09048425116645,56.71966625734897,58.535156967569286,59.91386026140131,60.77744614976204,61.20214831815343,61.375038095400896,61.25884793117863,60.76311595044147,59.77526070671065,58.56441883358432,56.43343102010891,53.158801203234425,47.51771641015894,41.489109931093566,48.93789493898054,53.63153002148715,56.68416670360544,58.58732045006221,59.866808363216165,60.67657334249294,61.12649568048827,61.061582474298405,60.56075471743907,12.30448921378274,58.17423886822183,56.46032015031285,53.538316323438565,49.95323619138293,50.13047996115232,54.17292291702744,57.27711200453253,59.56419134338351,61.39475130605514,62.49707467943668,63.30989136654107,63.66273496850445,63.74991995651062,63.58049310416629,63.11649617870415,62.21125133657692,61.0369735707869,59.08999969017495,56.38387410445375,51.91121116039311,45.90529761537838,47.37081270866224,53.10023834437932,56.659607153855376,58.96918999164729,60.42858912271675,18.129133566428557,19.54242509439325,20.5307844348342,17.16003343634799,19.294189257142925,13.010299956639813,16.532125137753436,22.944662261615928,6.989700043360188,14.14973347970818,22.576785748691847,54.20223178324263,57.46653656139791,60.01555459771967,61.588477862111226,62.78132573182046,63.50087454803621,64.01808620278831,64.09408442403779,63.97324089989145,63.49728104925916,62.91575069159496,61.629122404193176,59.6091625974329,57.15020894745231,53.40923755200026,50.54949942504456,49.97360168647419,53.88499063314521,57.1175072491844,59.31712067056756,60.75256726523351,61.59927952895985,62.07996083907201,62.12029044654799,62.01559066845479,61.61195747853249,34.25697213362591,59.08770165574516,56.565600533458,51.78982699499869,49.22855156211905,50.57879015730694,54.62249713436173,57.41283995135337,59.18161444553998,60.569341842713854,61.77899366539112,62.55168503250531,62.62684786440466,62.57199627173309,62.16474682789724,61.827355465288,60.75840284804894,58.84240675714989,57.22638035151479,54.083078185237525,49.23088515442399,38.25361195952633,46.57715402868895,51.97716012938059,55.0149744561414,56.58135463071869,57.6074280823945,20.863598306747484,19.54242509439325,13.979400086720377,14.62397997898956,15.314789170422552
20.681858617461614,26.60865478003869,15.314789170422552,9.030899869919436,18.63322860120456,17.24275869600789,54.37750562820388,56.35428451173322,57.70582518247622,58.8988522625128,59.61343246330124,60.03029901828957,60.261605019912864,60.04453791910436,59.6305930132197,59.10578518773008,58.09514599531904,56.78454641420398,55.03954023301783,52.39091668943559,48.521016511059656,46.83236212469861,47.15802853757312,50.11697288114142,51.91680118422937,54.446021472278254,55.38256945237261,56.49313435586002,57.261417800317616,57.22531917154386,57.003999508495056,56.86259002006575,19.86771734266245,54.821787283026026,51.76163635438134,49.91978790994584,51.733552897454935,51.45833235818536,53.85765307064699,56.212895160514165,57.39194050847821,58.74032214929628,59.48884173885942,59.754547864454025,59.642784916540144,59.42317656647289,58.78687209512692,57.749758345357606,56.23233779603709,54.305732726213606,50.36924179069898,44.41113592900314,16.020599913279625,42.61904911837202,49.70867345625261,52.63742558265306,54.48899468443689,55.8310351355723,56.472518794747785,14.62397997898956,19.294189257142925,15.68201724066995,18.129133566428557,11.139433523068368,13.010299956639813,10.0,19.294189257142925,16.127838567197355,20.37426497940624,17.16003343634799,53.12357217002233,53.97665447789094,54.89094653877116,54.886423598868674,54.64365828914546,53.94287038003633,52.97826142585328,51.72567906048996,50.433622780211294,49.57894487212898,46.690564117776574,46.394067948960526,49.77732748234331,50.65822373848283,51.10919514182052,49.99413306342048,50.765275779667945,50.95172839726837,52.23218090537132,51.96654171081736,52.796327283244544,52.73494350579579,52.95329547390054,53.8077003621024,54.126956916035,53.57828165078512,13.979400086720377,53.27501972540084,54.36227865856894,53.84878265181695,51.30391670565874,51.68641831510031,50.09637831658869,47.02102968689929,46.17430226689926,46.54099498329434,48.0894655644743,49.417548475829626,51.12638510618493,52.39614760074578,53.16808752053022,52.21792287663603,52.12853189947111,52.76298625858915,50.43794392325779,49.11887036864897,47.77919564871666,47.26604970113563,47.08225381118643,47.24316838845846,48.24704941028245,49.7648753730519,50.40273924148879,13.010299956639813,24.29752280002408,61.12216442500576,59.694201061645664,41.1965172203987,71.74214328563745,54.037191944157605,42.39999792886872,81.25846599267591,3.0102999566398125,6.989700043360188,50.41092523448376,53.59820310215241,55.99326207207714,57.95661077747782,59.294618421072585,60.13551746736989,60.67279207867153,60.8317283216948,60.65393335148482,60.278097568468574,59.16696033140703,57.7798473891551,55.960084752737245,52.403220578462815,46.27468272459709,36.94956002249818,49.36820254236847,54.10520797445955,56.898458443117725,58.84696263289306,60.25148917298813,61.06227965453188,61.27024738197073,61.64071067897207,61.32139889722914,60.35242370751679,21.613680022349747,57.41892656091708,55.52444320356312,52.84624712987177,50.98134732134323,53.71446549756689,56.54200615184244,58.954634318904354,60.76629522464746,61.97782119791525,62.791111752163616,63.37142060589379,63.697776639542106,63.5972509303285,63.17452387616836,62.25528958484712,61.117117021200414,59.5058389387961,56.936231981738445,53.06982282551364,45.93684725861968,43.75882991545229,51.9909940221551,55.98708453455209,58.598375308728905,60.00415421071889,61.24611481021692,21.70261715394957,21.95899652409233,18.63322860120456,20.043213737826427,19.54242509439325,17.634279935629372,20.644579892269185,19.294189257142925,9.030899869919436,15.68201724066995,14.62397997898956,56.30804032821645,58.78639544575354,60.80674097992684,62.17490524383479,63.06971358652598,63.64286210758516,64.09628841637547,64.04183498212663,63.79733979461125,63.17288430617189,62.20116983137145,60.94654520810545,58.904992630100985,55.881797948009286,51.223207518238574,48.79353969925782,51.50919078008005,55.43701841794192,57.835219753969255,59.84178837896096,61.04886055575072,61.93165798697119,62.34468941518054,62.34445401321303,61.98702438124111,60.67985371868674,38.6457040685343,58.853369033836806,55.62417780518998,51.89279712637177,50.07619774517403,51.392807327185245,54.75335533480121,57.900211284701975,59.45043931051166,61.10867367993804,62.09708527359295,62.552679208595805,62.69197382372276,62.66190759094293,62.273930244787785,61.50191950718514,60.4822576795576,58.81645953803019,56.399056400938726,53.17833599243589,47.45527596454196,37.64325605625984,46.19813078098432,51.60975462287602,54.75383500057876,57.08663051649309,57.91158505335261,19.49390006644913,14.62397997898956,20.253058652647702,12.30448921378274,0.0
13.979400086720377,26.60865478003869,17.634279935629372,12.30448921378274,3.0102999566398125,9.030899869919436,53.85443606109892,56.1704334883132,58.02660178348979,59.03958250307366,59.771234072037,60.1733390068085,60.30587579359617,60.15896841629767,59.90795556311249,58.765099670652205,58.48663193962516,57.14166239729455,53.93006299857019,51.03393169973528,47.09651497467463,45.76755863237645,44.32167269442588,48.57139433755538,52.82223203445517,54.9793814174857,56.2406128194442,57.0988025857601,57.6093488978396,57.76076163791779,57.4664820821104,57.54745747364748,22.380461031287957,55.64084643649306,53.0588853028431,51.46481531566843,51.81386195083218,52.4474704283614,54.49743677479645,56.183253287804376,57.42454889373039,58.158333357551214,58.89240056333886,59.34799827819374,59.1252388463091,58.67379087855645,58.00180750898499,57.56097279387624,56.16563729200686,52.05867212886589,50.61188504662071,45.30263748713028,31.37670537236755,45.89826775750555,52.11870426994759,54.54028839300736,55.84557360525675,56.0398615257106,56.809697184658965,12.041199826559248,13.979400086720377,6.989700043360188,15.05149978319906,18.129133566428557,11.139433523068368,9.030899869919436,6.989700043360188,6.989700043360188,16.901960800285135,12.30448921378274,53.08173692939687,53.86267042105014,53.38107722706113,53.67139651907776,53.31987771869685,53.12701917838379,51.94514341882467,50.508358546031545,48.71882201849058,49.268567089496926,47.335583580496426,48.14493981286041,49.39064752834707,50.41116227969485,51.02797180828146,52.79796939220677,52.94906910605192,53.44392273685111,52.34643807761769,52.491518670428185,52.52117261546594,52.68402440260957,53.386357524911936,53.48283439922021,53.77714121410557,53.71839665821827,13.979400086720377,53.47175788996184,52.9984928260137,52.28810845011356,51.133549860242326,49.49390006644913,47.09066337709507,44.21735511322255,42.760939917592175,46.44014921144216,48.32828129539354,49.96861768490674,51.62713725583078,52.646502096461,53.36099340085085,53.59746338516303,53.683705738475055,53.11679706886967,52.712489826348026,51.83887384111103,50.59669422796517,49.63773665338068,46.79954545361562,46.65815427990936,48.13247300897605,49.67482452712152,50.12318291287357,22.87801729930226,27.363965022766426,61.12216442500576,59.694201061645664,41.1965172203987,71.74214328563745,54.037191944157605,42.39999792886872,81.25846599267591,9.542425094393248,13.979400086720377,50.4991930706364,53.94020674918782,56.18509354970109,58.23125218779006,59.56464264871605,60.66195058124698,61.12933279124475,61.28228942768562,61.188507768885856,60.693809385234445,59.89701155152638,58.552489246961336,56.64792354533356,53.63801824724207,48.94770061878216,43.2962158001926,48.61707616205181,53.39749481680876,56.27637205856107,58.330354947303256,59.61166613137651,60.405916606102615,60.88930209753631,60.98505283201315,60.65014727213565,59.830206488353774,9.030899869919436,56.398936984012565,53.60678598112311,49.71396469342103,49.34619632795366,53.07808275370133,56.61282503857653,59.21845600952767,60.94274026731157,62.40301829639414,63.19013774946615,63.73656657697568,63.88822944832411,63.80962102657384,63.456804713571735,62.68610027997177,61.58569034445914,60.04590466978879,57.60610938397704,54.06042585722518,48.39917775678681,46.05574376060999,51.138932385138425,55.42956068971323,58.07714255937459,59.93738147579322,61.03572833785398,3.0102999566398125,12.30448921378274,15.314789170422552,20.0,9.542425094393248,13.979400086720377,0.0,23.117538610557546,13.010299956639813,12.30448921378274,13.979400086720377,55.80063512043416,58.70902881586871,60.90781642385884,62.30676993817632,63.13553824990086,63.85715816373604,64.08774530910155,64.13592436934803,63.95663561288603,63.19422968212948,62.5429182336459,61.217977710648725,58.7970186243253,55.822554559399215,51.97556213153536,49.743504718634526,51.47026715222231,55.21447996571218,58.26352791820874,60.04160095889385,61.01055569440508,61.757506386412125,62.24473495175407,62.21630157630705,61.70215935996286,60.687396979091176,30.15778756389041,58.09658008928516,54.86506987292788,51.69018677599336,47.90151406076646,51.22412495411281,55.4250923509774,58.09102286298223,59.90978279895664,61.088858907349234,62.07894112497775,62.68869197832238,62.70304692756924,62.62648731802422,62.143947566956605,61.671474244219866,60.72451736961487,58.59504560004816,57.08755628300842,53.81573511428955,48.67991624758494,36.17105230502378,47.653182962198805,52.58680374856665,55.318466342980656,56.49382570059018,57.67097213807159,16.532125137753436,23.673559210260187,3.0102999566398125,16.901960800285135,15.68201724066995
19.86771734266245,26.60865478003869,14.14973347970818,16.532125137753436,13.010299956639813,16.020599913279625,54.32985316205376,56.37833826574482,57.6235816276407,58.71106285342676,59.46091021552015,59.968097095252055,60.15778756389041,60.03092001006971,59.569004449451285,59.35844191951367,57.95377334679667,56.78650377217248,55.77337816297326,53.68972658657432,50.31335739086796,45.87598729721245,45.88439788305526,49.60489804258006,50.89827425803875,53.80681472737826,55.1636215038279,56.40411864776314,57.24319296877652,57.43118409847243,57.38689410479602,56.82846062969274,19.138138523837167,54.87155350825497,53.51989455435632,51.52514607908672,51.52930136422725,50.792536224300775,52.91586387265553,55.17202498119911,56.645338584946366,58.35087847232494,59.07132850027533,59.52883456207592,59.58675667414021,59.5524697993432,59.117625351363145,57.72042847107852,56.3221021059872,55.3395625775969,50.98082760446179,45.53701021549961,26.06381365110605,40.369879978069065,47.13608131095253,50.811347900245465,53.41873543494281,55.85367092292703,56.48481011012622,16.020599913279625,16.989700043360187,14.62397997898956,9.542425094393248,16.127838567197355,12.30448921378274,16.127838567197355,3.0102999566398125,14.62397997898956,12.041199826559248,15.314789170422552,52.00097761858999,52.95351548458054,54.68738610007201,54.80949287999313,54.68827152690579,53.780361411071326,53.04546534363069,52.43836416259868,51.17314391443144,49.42628030974716,48.578750255235626,47.72453735649847,49.48608549876436,50.342152191669626,51.151776655262495,49.49897200545684,50.088385425189365,50.121029417880216,52.655064831774894,52.2201375017136,52.74788042843148,53.01186313541936,52.51613889543592,53.47076196069735,53.69069211867856,53.58429812930044,15.314789170422552,53.60850809155343,54.44794010276232,54.01987819788788,52.10588699124028,52.40282099986837,50.90035733223533,48.8651892519729,47.47225308678617,44.53455946777304,45.692451239639134,48.00448997381917,49.900634478715,51.389875535502334,52.4469512907198,52.459270239083686,52.65030197723058,53.42984925480234,51.70158998472771,50.75842473041015,49.33972940101611,48.34000831151053,48.28795189764026,47.4401901732498,47.82257573663301,47.0478518708844,48.96399437906816,23.180633349627616,26.90196080028514,61.12216442500576,59.694201061645664,41.1965172203987,71.74214328563745,54.037191944157605,42.39999792886872,81.25846599267591,14.14973347970818,12.55272505103306,52.90413062122933,55.44179705718348,57.601585089980894,58.98396594697013,60.043084737549606,60.519655323343066,60.76867906348723,60.61323151667014,60.10620469812899,59.46661010261938,57.86196135465484,55.84787898166355,53.00043026555828,47.56803404891328,37.38542740928785,47.7091825490062,53.19101893395485,56.26858542080164,58.41515888422295,59.75594006737736,60.666363442713525,61.1859569573694,61.13765923475719,61.06933697645606,60.36071699103199,58.99015162763031,6.989700043360188,55.02790245906347,52.593955583528,50.772079682462106,52.5303010938356,56.09962389885065,58.66326335205219,60.48577353748889,61.86266790599878,62.73614641585728,63.26011657934957,63.602451189480185,63.69074781590502,63.34683102618688,62.70640178722395,61.65589724472368,60.03606995627808,58.10625625278953,54.75997875651224,49.7516057701091,41.51369850247461,49.162854622544586,54.67378690163002,57.71725610118375,59.63916208476103,60.65657753758443,61.501658276404775,16.127838567197355,0.0,19.912260756924947,15.05149978319906,19.030899869919438,18.129133566428557,0.0,19.138138523837167,19.294189257142925,18.69231719730976,10.0,57.81302898489923,59.89163605187919,61.40296815201606,62.50949128735935,63.37964147029738,63.859939272954485,64.03815693959747,63.93608190850115,63.5050270388647,62.89827882537394,61.6770979503108,60.10013584143109,58.04478826611363,54.95058433016688,50.06927903017554,48.96272621303674,53.00204051252466,56.816048067807344,58.4005086274483,60.27272121095869,61.2605376652936,61.77146758624016,62.16839657874661,62.20508187153601,61.43561854076939,60.89110650267096,37.1307032585564,57.67373330060614,55.26081985113034,50.56142262059052,50.39909606374096,51.79152355331653,55.55221452069243,58.14941113559405,59.88188266161608,61.4383512279651,62.24166463860114,62.70271129902288,62.76293798524411,62.70189542704181,62.25047074846748,61.32064917952886,60.04557376647639,58.74162212463724,55.81264527300312,52.253971657639966,45.712195383681625,38.540022331269896,46.535212356521455,51.75772659601535,54.798026902435424,57.14152819968987,57.97918840268799,18.63322860120456,12.30448921378274,22.944662261615928,15.68201724066995,6.989700043360188
18.129133566428557,26.60865478003869,10.0,6.989700043360188,13.979400086720377,12.55272505103306,54.00710636773232,56.22160121499646,57.91941050373418,58.920701033363855,59.724564885738346,60.082888158006696,60.280154231280704,60.18492869591482,59.74624511749349,58.82162949729192,58.31348179884312,56.90780654501488,54.087045475447525,51.22969094393747,46.83497317679812,45.44130081987965,45.182506513085,49.05212833217106,52.82599457384596,55.15026938687181,56.169017219987424,57.21939977791674,57.85165341526314,57.8919983250084,57.6231912822915,57.78007185488397,15.68201724066995,56.11181429294439,53.30188450012659,51.61957643244891,52.4944785211867,51.9980178464007,53.80668819338757,55.85570135375469,56.89592967062056,57.96324507353479,58.7194286222789,59.10040329060831,58.80770732157865,58.478791480682005,57.66223173691155,57.287602861745526,55.602044273882846,52.09228070945492,49.45375019552896,42.41770542646124,33.106933123433606,46.52671721857502,52.50832142461181,54.81557278577391,56.112069446348016,56.55618583541222,57.28394368394035,15.05149978319906,14.62397997898956,13.010299956639813,13.979400086720377,16.532125137753436,19.138138523837167,13.979400086720377,15.68201724066995,20.0,15.68201724066995,19.49390006644913,52.235893833978096,52.90953452117985,53.12249309603593,53.24315386332127,53.12230264337987,52.61334253799131,51.27224698945194,50.3200596544578,48.57603845694644,49.71113421927069,47.37423250698423,48.65991800126275,50.95970922343714,51.41929270735738,52.06029389138134,52.8347536397098,53.30017857313444,53.49479568276951,52.875262909479474,52.59440965022513,52.90413062122933,52.87214812106456,53.28644584943908,53.34168148852709,53.64303292453079,53.19501639056495,15.314789170422552,52.72790443309937,53.11537719293323,52.26746793037633,50.07380733692565,49.220504021671736,46.45756213603842,43.26192438127772,43.16494539222311,46.54686610467077,49.12376185115561,50.81566920289869,52.1952689586112,53.25197419924709,54.10108833408376,54.00512086364101,53.74273477750782,54.01305743942208,52.85586561018804,52.03881054979743,50.771097958949845,50.09833178608563,47.645347817660806,46.64876919831211,47.338470163943455,49.448970282443874,49.48828476753391,28.29946695941636,15.68201724066995,61.12216442500576,59.694201061645664,41.1965172203987,71.74214328563745,54.037191944157605,42.39999792886872,81.25846599267591,9.542425094393248,12.30448921378274,50.12980560392669,53.69887195536442,56.16784189119027,58.07221708929876,59.49160111312212,60.50420360703933,61.08791244405847,61.2381572038914,61.14055920209552,60.84363189031532,59.77724519592058,58.595735749398855,56.8922447878829,54.03635189790548,49.99691541402085,46.281027123331,49.70170146589802,53.66060426904154,56.3434424080575,58.35373452470009,59.686118168271214,60.53456845013494,60.83457109690709,61.02537978725277,60.57672949127927,59.64984264099844,12.55272505103306,56.00542742078443,53.27941009681113,48.53046890151799,47.64153706967196,52.51027102082388,56.51341990169223,59.15953563718112,60.98670370955925,62.358838169564585,63.23414234018784,63.73883477619329,63.97194815249784,63.91793138071425,63.534894168065215,62.77572773291045,61.59940574057898,60.27425449765868,57.67056375267284,54.33446592168653,49.335379019717045,47.14907875164044,51.4685022498215,55.57984543109104,58.13470232689352,59.84078835950884,60.9948209070012,12.30448921378274,16.989700043360187,12.30448921378274,19.294189257142925,9.030899869919436,21.5836249209525,16.020599913279625,26.48360010980932,16.532125137753436,20.96910013008056,6.989700043360188,55.85938754281659,58.63999356413535,60.9147878116763,62.21861865111667,63.20259728129617,63.73239440595073,64.13165598345893,64.08639129165957,63.91548335590698,63.25341582297006,62.514982991279695,61.15304900466343,58.88871678236448,56.1015425609198,52.37727168712518,50.719740091032925,52.11667738630975,55.73335840066068,58.1257380609842,60.03736187137424,61.00318495596464,61.48672975207773,62.29200704165493,62.03692263472711,62.05852884406247,61.21190717599301,27.520484478194387,57.96477889702352,54.766997846261575,49.68618352604672,48.37746220065368,51.91118319218815,55.18452081410136,57.7015953305839,59.53992476876799,61.26248329452287,62.114516113196736,62.58714845484464,62.72583453570597,62.67387882828408,62.24483855315482,61.81591223828279,60.77659275449943,58.73916112811803,56.87686776733052,53.76447379289896,48.54433578095548,38.34611420722687,46.92000409826597,52.15174739097536,55.05177120876829,56.68614187478293,57.88825681069757,15.68201724066995,11.139433523068368,13.979400086720377,19.54242509439325,21.072099696478684
20.0,26.60865478003869,16.020599913279625,17.16003343634799,0.0,16.127838567197355,53.65802360186679,55.89262448468137,58.03678986176288,58.98668697699822,59.69050429346207,59.91671220903777,60.23319142387175,60.021734079691946,59.81047151580184,58.75289352853272,58.38262712210762,57.02585613926875,54.00622595184545,51.49914658592959,48.119099804200985,46.01244924810521,45.04294118294733,47.94662287175811,52.63060572690033,54.50687801312678,55.7132909479192,56.88946351740367,57.21600421863972,57.28595620759508,57.099861257039,56.96211308398656,18.06179973983887,55.14242178115848,52.827965206029376,51.572814433972056,51.52740753614402,53.03113944233861,54.78104541574058,56.31232658710634,57.55960944115682,58.2463340780055,59.02814122399654,59.2483782238422,59.24507747580254,58.80486605473408,58.05670736698373,57.83426879555846,56.42152784784244,52.67136513909279,51.37335118485379,46.173568617094,35.789828427027906,44.91543779150173,51.26170384823099,53.91423854634479,55.36578641845128,55.51929165367002,56.19044260930086,10.0,10.0,6.989700043360188,21.33538908370217,19.294189257142925,6.020599913279624,13.979400086720377,19.49390006644913,3.0102999566398125,17.16003343634799,20.863598306747484,53.67976164873463,54.185084434734,53.81189112128383,53.843641683043614,53.71756642774465,53.44132798577991,52.34803175851325,51.087712984409,49.43860395815044,49.29362719262021,47.486298519275095,48.13614343238298,48.173604029513896,49.223309373877946,49.630555184914144,52.239525796453165,52.66123462477229,53.22136564096103,51.62447902006279,52.341552205639104,52.26058310427113,52.59175627306078,53.43497216287973,53.43404654607018,53.73289086543484,53.96359779677627,21.13943352306837,53.81786318668972,53.17497130434012,52.29287548178277,51.90068239685778,49.47570949024913,47.78332168729065,45.52278757969826,44.29978248073312,46.444779794712126,47.99905454079733,49.86435809679247,51.05966380070687,52.019567030895296,52.87120652232458,53.22659570177887,53.16075234838397,52.39091668943559,52.283798241994944,51.37369938140725,50.23964036986665,48.98132557687798,46.75741690804245,46.90196080028514,48.38351570159206,49.86417886400688,49.85089506926381,26.53212513775344,25.05149978319906,61.12216442500576,59.694201061645664,41.1965172203987,71.74214328563745,54.037191944157605,42.39999792886872,81.25846599267591,6.020599913279624,3.0102999566398125,50.63288313108512,53.67961274500403,56.16299029490372,57.889316056924976,59.39428390705481,60.30134012287374,60.89076690721242,61.04611714100896,60.91429525275041,60.43065441457868,59.55839702748939,58.14387453334589,56.11426952245039,53.02564683332589,47.645123748551576,40.75729399740899,48.24834971263772,53.433416225978505,56.19062010183788,58.2944529760012,59.58654172688437,60.44483314120196,60.963067935359504,60.96738345905153,60.65932085918651,59.88288664924826,13.010299956639813,56.94517453811156,54.427994927701945,51.33417544426581,51.06354109622696,53.27783824131778,56.59396065788181,59.020926797996296,60.74237727063965,62.19043547796715,63.06181754518013,63.46904295730114,63.63581897847254,63.526233444812405,63.1044795692395,62.433932803359504,61.15424773631764,59.809595850278,57.08380103433602,53.687850612545134,47.91192222432986,45.64819874294555,51.04985308112276,55.45638588003187,58.02237878982842,60.00244873040085,60.98299268127936,6.989700043360188,18.63322860120456,16.020599913279625,17.24275869600789,13.010299956639813,3.0102999566398125,16.020599913279625,15.314789170422552,11.139433523068368,20.170333392987803,15.314789170422552,56.04948196165256,58.54428720256191,60.81507527868539,62.06766527389292,63.0878331962957,63.58751238542624,63.91708380475913,64.05032010555874,63.79944249508384,63.05743562321544,62.344388199628,61.03597467599346,58.60118707377191,55.76056719190408,51.9602411388335,49.34114486436157,51.31034508028235,55.127764206168,58.03378580457646,59.84590765207732,60.71437179801195,62.03636832827948,62.213725018327054,62.177115601481816,61.799138395130136,61.3483028991438,32.889196056617266,58.411942319014045,55.57906424917085,52.19262221959504,50.23170121121397,51.5410734317158,55.10262090493797,57.82960393947895,59.7138394491503,60.882470411981096,61.92778416802267,62.49748522900276,62.68327291040912,62.549877075824455,62.01301514382703,61.699123786945066,60.527477926406405,58.54457259284311,56.95943744075346,53.75862886546157,48.88701681627956,37.2296280894249,47.23751121635539,52.53834542621952,55.08967159698212,56.299658736487,57.50873110742474,19.138138523837167,18.129133566428557,6.989700043360188,12.30448921378274,16.901960800285135
14.62397997898956,26.60865478003869,17.24275869600789,16.020599913279625,13.979400086720377,20.96910013008056,54.348785477754326,56.4376249428552,57.806513671132606,58.8762855134238,59.70105017536639,59.92651145800614,60.11943260874924,59.865088393917006,59.44942879085392,59.02401627867852,57.53792878901751,56.15416582977658,54.92416727552612,52.44467624170863,48.99437454286178,42.27886704613674,46.151606643165564,49.91527318383332,52.46796379081363,54.64480605108239,56.20499377235842,57.03892953632544,57.51837014090199,57.88733858827708,57.70740847472618,56.75540972448499,20.644579892269185,54.31352504526461,54.09358189930165,52.84028966672726,51.74980942370255,53.478079641262816,54.81273464376245,55.94315188234234,57.43102716927866,58.33550607831084,58.86617610866615,59.08794276540146,59.19760392634552,58.77203701190592,57.91474500409337,56.07534368538059,53.956583223341326,52.3122739864101,45.65777004017508,39.150831016512,45.053263746251055,50.21458064854096,52.216749970707696,54.308648432814586,55.9199122626689,57.026932740517466,57.30802456167864,12.30448921378274,6.989700043360188,16.127838567197355,11.139433523068368,3.0102999566398125,12.55272505103306,11.139433523068368,6.020599913279624,6.020599913279624,19.138138523837167,6.989700043360188,52.632216936676485,53.27630666611199,53.95894012741441,53.62738753502467,52.94053781299591,52.21763619554885,51.3772430671353,50.433622780211294,49.38459680314046,47.08293397717032,49.528747430069096,49.8344585734134,50.36389328665692,51.52594077927469,52.71369897087287,52.36159230579664,52.70389986673348,53.04664986047035,53.71490862317323,53.57380196065705,53.35999177608131,53.41810288856514,53.35957102478197,53.33199323351876,53.18624631777532,53.67454697807372,18.69231719730976,53.24136293699385,51.94028437352706,50.66854957660432,49.66367037909571,47.50060756064397,46.029385484146815,45.34394211412905,46.61282503857653,47.44144280277382,50.03774937097418,51.73186268412274,52.68561591932932,53.30352886677328,53.70781318210878,53.80099034476389,53.55141062004893,52.80580646538642,52.01211348587152,50.74176225435349,49.09823369650912,47.79148980741438,48.90365121448124,49.74179973266297,50.019283231006455,50.04428859114686,50.78493068166573,12.55272505103306,13.010299956639813,61.12216442500576,59.694201061645664,41.1965172203987,71.74214328563745,54.037191944157605,42.39999792886872,81.25846599267591,6.989700043360188,12.30448921378274,45.37781328693677,50.443045191759154,54.31447398005835,56.78547513122464,58.620007133787325,59.73582700505737,60.66018641869491,61.18790985036676,61.45882279565191,61.31440612022424,60.78674273360466,59.93605506215606,58.53616697879568,56.61374385256863,53.75943300958664,49.238654751855016,45.24370154542359,49.36940789752355,53.83680749722112,56.61693451077927,58.467872582237554,59.71545343197445,60.52543509193594,60.89029992009402,60.74686644701569,60.37728008779296,21.13943352306837,58.09078020383967,55.71860168126001,52.21325544027138,48.717188433187616,49.86435809679247,54.087435227231786,57.40855925756123,59.811229073563936,61.30257840748737,62.43665461002714,63.30813181142727,63.7456396077756,63.79223547131892,63.66071082884531,63.1821885970291,62.302056483456,61.12203026144741,59.35523891629329,56.82998380114749,53.02886971782894,48.29046336853183,48.08514805214365,53.31040409811139,56.59202877464531,58.69002774465852,60.29975962495406,16.020599913279625,18.573324964312683,23.010299956639813,18.129133566428557,12.30448921378274,18.69231719730976,20.0,20.96910013008056,47.41467697685545,6.989700043360188,3.0102999566398125,54.49401252996221,57.72676626740311,59.7492506587588,61.38059109105985,62.5892376511326,63.40509551544339,63.97666316926483,64.06906706516195,63.95630554820294,63.54529654196591,62.71843928960674,61.55129774538476,60.014238863347884,57.776312334480735,54.89335403373608,50.179885710527685,50.685272240686,54.210327173554525,57.33088878652878,59.12061492052287,60.633622609071466,61.52063492915279,61.85641014295905,62.15469681327933,62.15987659771557,61.21246237993097,31.73186268412274,58.21656304626944,56.30319033496151,52.21596785740263,48.8807273312369,49.727025912848674,54.48899468443689,57.04679758850343,59.35584847468105,60.88202025550888,61.87527771014334,62.45161388827536,62.791164281068376,62.735077693043394,62.411132151774254,61.56859467110061,60.33940178332621,59.18007257720934,56.65350181439895,53.43371169991216,47.79206749951978,39.59661370273496,46.03144372620182,51.703702754459925,54.712036694702526,56.57538665248779,57.555166054850126,16.020599913279625,16.020599913279625,16.127838567197355,18.63322860120456,13.979400086720377
18.573324964312683,26.60865478003869,13.979400086720377,20.96910013008056,12.30448921378274,11.139433523068368,54.71568925461322,56.66405648490134,57.5992532385914,58.87703363123489,59.48004399905418,60.02617406976964,60.09763967892585,59.88104359614988,59.33337435464007,59.00935982168625,57.51613166612507,56.190526136104246,54.99604613811262,52.47396277579654,48.6712557474193,45.17631294152584,47.190742810118856,50.713111607383645,52.24846304606369,54.61366447563296,55.78886652941127,56.87350569558028,57.38161961758311,57.55348049470149,57.35653981350707,56.693559374142026,12.55272505103306,54.66489486183501,52.74974847578743,51.400835972363325,52.33567174881935,52.36602753397952,54.22714562608046,56.23088985471493,57.32356762791281,58.77419726114532,59.21934498621303,59.36931750749031,59.38231934766382,58.95466746790746,58.40336987359663,56.444779794712126,54.45246035080618,52.849312939665055,45.80480194586225,30.224283711854863,43.01659266551521,48.28402078491593,51.49003451928547,53.66760921610552,55.26817255213138,56.87540554136423,57.1357117829683,13.979400086720377,21.13943352306837,21.70261715394957,10.0,14.62397997898956,20.043213737826427,12.30448921378274,3.0102999566398125,11.139433523068368,11.139433523068368,15.314789170422552,52.646218742351685,53.43156413147134,54.495169671445765,54.30270218352256,53.64922285008306,52.646218742351685,51.71650408904814,50.61818007204536,48.89525796671191,48.108035824848656,46.85024785105714,47.54203036845309,51.16292201435748,52.00303182981585,52.82794256016391,51.17897421628228,51.95990927644356,51.97407381169299,53.83729216382125,53.225851887635486,53.51216345339342,53.58011032332095,53.31243011283333,54.11729107459061,54.11515328080587,53.52012627488775,16.532125137753436,52.80296032723492,53.11755979560255,52.470349625615455,49.18224362227235,49.64127577055362,47.84053556401859,45.16469266203777,46.448126503335104,47.37447099710349,49.413623357117615,51.06819607815159,52.38833645675079,53.28469307587942,53.869357156744464,52.8428632102214,52.33384515930963,52.99136693744014,50.39513261850213,48.82103130533426,47.41813177023316,47.89474945760063,48.950079450705424,49.14263802522533,50.33009369598958,50.38620161949702,50.95256550404421,17.634279935629372,20.253058652647702,61.12216442500576,59.694201061645664,41.1965172203987,71.74214328563745,54.037191944157605,42.39999792886872,81.25846599267591,47.41467697685545,9.030899869919436,46.58097292565206,51.02982230518264,54.29183611730706,56.80117858307149,58.53827750893003,59.80043843215086,60.61532393982544,61.09603517275612,61.30534784227317,61.251118770153845,60.52156992942378,59.67316259490918,58.55267713004792,56.53677442469686,53.44834203774364,47.56118601704934,41.985746181472805,48.88566983605842,53.668355744024126,56.55246994862417,58.5877893966946,59.864586607866805,60.44242158890214,61.00101957794588,60.986828278626525,60.443084409071865,15.05149978319906,58.24428497444267,56.4220327142316,53.82947705465781,49.807530758424654,51.15444083436239,54.46195313014636,57.44355579617726,59.71456303286696,61.26762413457438,62.24338790859655,63.15711789858968,63.70248768650804,63.8381105890636,63.72585423256798,62.94893256101557,62.189664349653,60.946597594490434,59.09411596963402,56.43945912748067,52.53970083415362,46.41999308964985,47.96109264314644,53.32933071867248,56.86079193071847,58.6252492945881,60.23843603264187,23.54108439147401,21.613680022349747,19.030899869919438,9.030899869919436,12.30448921378274,13.979400086720377,19.54242509439325,20.96910013008056,18.325089127062363,15.563025007672874,20.863598306747484,54.861540861134166,57.89879539301177,59.71513810316786,61.50140932421533,62.59146932435031,63.44648647907356,63.914116867344944,63.99654342171388,63.92829331359686,63.45546629651458,62.616348938268246,61.46907824418092,59.908203970416594,57.7168887790728,54.46204639877372,50.023259218420826,50.77455118849328,54.43702537019484,56.96120389995245,59.223309373877946,60.46723762351826,61.37868502558848,61.93882559919174,62.20154654469838,61.94798690847968,60.99216754746497,35.19171463821659,58.58897957232004,55.73403113380904,52.42374933400083,49.31178082732335,50.3981055414835,54.02261382454681,57.228575923872,59.0966565871438,60.90880295630346,61.80709800702197,62.44755941715512,62.70770342713596,62.68504257242658,62.448214417446366,61.41613426114459,60.39513261850213,59.07237715770636,56.58486474413582,53.09683386527969,47.66546684376111,40.616409340616855,44.85565279482857,50.75203769683005,54.23972913153005,56.80650919689413,57.7938362037214,10.0,18.69231719730976,14.14973347970818,18.129133566428557,17.24275869600789
17.24275869600789,26.60865478003869,14.62397997898956,17.853298350107668,10.0,9.030899869919436,54.63250773392776,56.72602085934679,57.63826163851317,58.89432811628594,59.64037946693537,60.10479744479592,60.16153838205164,60.03805073565025,59.50299607927472,59.236687768077175,57.91036258907828,56.44771322597464,55.53267542385669,53.028502127023096,49.54285936716188,45.16350246993912,46.5199478360708,50.23992804606471,51.54743413563366,54.24268947394387,55.55732718841188,56.71389472917937,57.40659487555181,57.61781295665004,57.418273426749245,56.911212932557056,17.16003343634799,54.69612915423041,53.19682652743672,51.5601883092165,51.79459867261383,51.53143856513743,53.6969813894988,55.691502664727366,57.07399831133249,58.50122193074347,59.25956349861239,59.53595894631206,59.59320491929908,59.42554176047295,58.73987519288721,57.13743317949121,55.40575963943756,54.295665753771445,48.820974330374185,40.97500252231686,35.268559871258745,45.48512256341035,49.783677118536914,52.59230620510071,54.53789080256651,56.59781234206605,56.92406234833631,17.853298350107668,9.542425094393248,20.0,12.041199826559248,11.139433523068368,6.020599913279624,13.010299956639813,20.681858617461614,6.989700043360188,20.37426497940624,16.989700043360187,52.25810499111306,53.2383146058677,54.61728068929887,54.606964276824016,54.17646040308415,53.40969313301004,52.5385390818252,51.47506282440676,50.1546454355833,48.53126074834447,47.38780558484369,46.92397416582036,50.32626818187515,51.34362010059577,51.98120759570536,50.358378232359385,51.24060574512232,51.21428518367963,53.15972443492825,52.86191410859032,53.30608553356299,53.51009304862241,52.98835616984111,53.76286722187332,54.00710636773232,53.71771403587354,20.96910013008056,53.33110590992422,54.006070565806894,53.2833270525835,51.054863404968046,51.11833578148847,49.24305136154559,46.74723393372307,46.15445009077648,45.61637954564607,47.54745747364748,49.48931071194755,51.41214532183972,52.65124553159181,53.30853932944163,52.64357321211541,52.64307699573625,53.24086875835596,51.2062985946958,49.90716145160225,48.17413306821465,47.5624803616373,48.39936611231559,48.60996436757196,48.92812265660386,49.44704697792605,50.15979733361616,29.03089986991944,25.31478917042255,61.12216442500576,59.694201061645664,41.1965172203987,71.74214328563745,54.037191944157605,42.39999792886872,81.25846599267591,6.020599913279624,13.979400086720377,50.31848595557883,53.73517017303989,56.31976163587885,58.10303101919301,59.54194734418641,60.36258709157744,60.87151162750692,61.077338605464526,60.9393972754777,60.64549705531413,59.52134451075543,58.23148712393948,56.42601019605539,53.332174709195066,47.82250403478937,37.40836207057312,47.99519745122566,53.42777867387248,56.473017768451975,58.50779137134332,59.83112316014286,60.79790640137254,60.97094114841553,61.20616371547371,60.89262374548362,59.98797948049889,18.63322860120456,56.90869157789256,54.57421633685773,51.43717226561797,49.63943578955934,53.58538249340975,56.83465813310485,59.10732164842567,61.04783368426642,62.18803508762044,62.95387847783725,63.48400280500947,63.85978570644481,63.74135870632952,63.32820067359593,62.48081703761429,61.34417465456937,59.83064001242763,57.35063685292798,53.9543822915885,47.555166054850126,43.979400086720375,51.7900570756482,55.89392141010609,58.48007352900285,59.90420998837772,61.00373991885488,17.24275869600789,19.49390006644913,15.68201724066995,0.0,11.139433523068368,20.681858617461614,18.325089127062363,19.294189257142925,6.020599913279624,23.654879848909,20.644579892269185,56.457414861822095,59.11469229762879,60.75690729212003,62.108857023462434,63.139418451450695,63.7233452280705,64.12031921698218,64.14192419536232,63.90548130190365,63.29311825606094,62.29257065089846,60.86253023817161,59.21008238721708,56.49152728446478,52.34074158137412,48.56759090618068,51.94295058006989,55.44526913157487,57.85242255326168,59.71409921102219,61.00586260063978,61.582083505218094,62.325961721967246,62.48040000273387,61.98709034263382,61.13328892245534,33.58886204405869,58.21537764373807,54.8370138233946,52.312452489618906,49.47482736556918,50.62841355412892,54.68886171118963,57.7571382181555,59.66814485223416,61.24756185991145,62.224565968915606,62.60304698932582,62.78896437488207,62.81223642042056,62.42128801654045,61.48146220764309,60.32767394656332,59.05997065862964,56.27908385685026,52.80819578084304,46.85347560655245,39.41710148941646,45.40829814111079,51.52172109179678,54.515423640468256,57.01555033735124,58.06605916500367,22.27886704613673,11.139433523068368,15.68201724066995,13.979400086720377,12.30448921378274
18.325089127062363,26.60865478003869,6.020599913279624,19.294189257142925,9.030899869919436,15.05149978319906,53.87469914247595,56.17873297253751,58.06177938223732,59.04620887972145,59.64289808135132,60.09504010760162,60.25319385542902,60.12383719492044,59.98001563103471,58.86789552309233,58.5014672376886,57.190071027693705,54.20961881120924,51.27428777851599,47.51963886679575,46.00722478314309,45.17736779044113,48.77371345869774,52.78993539505386,54.6879616480475,56.0103602162495,56.94012575031873,57.40836207057312,57.4445102190537,57.2060660310293,57.293462479801455,19.084850188786497,55.334072401429,52.46916917014926,51.064764786524215,51.50218994132156,52.22138761477087,54.52399845911442,56.17718326333281,57.639555654220985,58.30113700166691,59.11902996044033,59.54109788069723,59.34995585281791,59.03368389075333,58.236059321493045,57.89680109103925,56.60426220251833,52.90651094484441,51.27159891931277,46.34295856390155,32.38547887681328,44.67785634329218,51.47546480147848,54.06173856124117,55.46495776883888,55.81665266717616,56.554544323982114,17.16003343634799,13.979400086720377,3.0102999566398125,0.0,6.989700043360188,11.139433523068368,16.020599913279625,12.30448921378274,12.041199826559248,16.020599913279625,21.84691430817599,53.6054229481578,54.112188928206194,53.82308876890786,54.1477285809333,53.85570527725466,53.57038666819455,52.32001937424941,50.88242433511572,49.222582234329664,49.59232249050996,46.44684718395879,47.01818301372772,48.83843062834409,49.632682515262346,50.42595198960531,52.14104388631157,52.70417948245735,52.90657766409132,52.07367731595219,52.3122739864101,52.65546542787733,53.013013449273565,53.38864697890868,53.67834685712244,54.02144408189045,53.94992460913813,22.30448921378274,53.751146846922246,53.48993734566407,52.77989485154336,51.67063183353485,50.35369693322102,48.01293921864864,45.429871684208,43.51641726193521,46.59773629247788,48.043371038260254,49.672530425569896,51.29577115637418,52.36700972747639,53.03768257608688,53.28986783283297,53.27632709066795,52.82189188531753,51.93847819973557,51.16375261179705,50.1651939857895,49.04223101838281,46.83713286097624,46.38229601037562,47.86502980070112,49.87849416360611,50.53205254329665,18.63322860120456,20.644579892269185,61.12216442500576,59.694201061645664,41.1965172203987,71.74214328563745,54.037191944157605,42.39999792886872,81.25846599267591,6.020599913279624,14.62397997898956,50.45080332114358,53.79697022268143,56.20328684859141,58.06739446194564,59.44593699159739,60.51523733793488,60.95614580205563,61.1192655696494,60.98032168696169,60.56220489080811,59.6808536382037,58.26650023832359,56.366583711166825,53.13820836928237,47.48203537246444,39.20123326290724,48.26178502434343,53.55392128642053,56.443253233034255,58.41680379339905,59.708120753583465,60.63177555545415,60.98382378404801,61.22820192211536,60.88295596153512,60.01599597193084,15.05149978319906,56.93955464836261,54.49467599545545,51.30578191409266,50.20700960343757,53.20412184091673,56.58303373457151,59.06222951345853,60.848857141905775,62.27975353314783,63.0724886900672,63.611088086565445,63.78275772525999,63.70451095974555,63.2991120283813,62.49181229947058,61.34233861884223,59.819385989741285,57.27659167425109,53.521400516858506,46.8998331225326,44.6521921653919,51.138932385138425,55.53771405897759,58.20030599003622,60.02344496360293,61.19447583359207,15.314789170422552,23.443922736851107,22.55272505103306,18.325089127062363,20.170333392987803,17.16003343634799,21.64352855784437,21.613680022349747,15.314789170422552,13.010299956639813,17.24275869600789,55.920401164108654,58.61500956350476,60.982400423510654,62.253470223445134,63.19795592024335,63.81601110116601,64.1069120925191,64.12593923395563,63.93460253559148,63.12693673588954,62.51915010164619,61.15325880658915,58.70053753244384,55.64961804462294,51.87436109773708,49.12083825765895,51.19816545937216,55.22873099415374,58.02834590647006,60.05981844294695,61.01958672232658,61.93865885092086,62.03949760150678,62.10783338036076,62.12477925126724,61.45296186010124,41.26098923288605,58.71232488050771,55.4383222047354,50.4563587107822,48.29753918924976,51.44000996629824,55.64422222886195,57.89798509807258,59.92367920008414,61.1526160480172,62.09532439588935,62.7329695488045,62.70353167857154,62.58145010913077,62.21248574420423,61.77337053816306,60.68976522640731,58.60003620879294,56.99172338424404,53.81780909607066,48.34255347806096,36.098077693287024,47.076723510147474,52.322360653045976,55.227167232195946,56.57033850596945,57.69699972673144,12.30448921378274,16.989700043360187,20.5307844348342,12.30448921378274,16.127838567197355
16.532125137753436,26.60865478003869,16.532125137753436,19.912260756924947,19.49390006644913,14.14973347970818,15.05149978319906,6.989700043360188,19.294189257142925,16.989700043360187,15.314789170422552,13.979400086720377,15.314789170422552,15.68201724066995,15.314789170422552,6.020599913279624,10.0,13.979400086720377,19.030899869919438,3.0102999566398125,16.901960800285135,13.010299956639813,15.68201724066995,10.0,47.41467697685545,16.020599913279625,6.020599913279624,6.989700043360188,19.54242509439325,12.55272505103306,14.62397997898956,24.23245873936808,16.532125137753436,15.68201724066995,11.139433523068368,6.989700043360188,47.41467697685545,10.0,16.020599913279625,15.314789170422552,13.010299956639813,9.542425094393248,0.0,15.314789170422552,14.14973347970818,9.030899869919436,18.69231719730976,21.613680022349747,14.62397997898956,6.989700043360188,13.979400086720377,3.0102999566398125,17.853298350107668,6.989700043360188,12.30448921378274,14.14973347970818,6.989700043360188,6.020599913279624,10.0,15.314789170422552,16.020599913279625,15.68201724066995,15.05149978319906,0.0,12.30448921378274,16.989700043360187,9.542425094393248,12.30448921378274,18.573324964312683,18.69231719730976,38.237349883987314,35.908418347816024,34.459154139511234,29.074113607745858,29.0848501887865,19.030899869919438,25.68201724066995,27.867514221455608,34.6686762035411,35.01059262217752,37.4671202251666,36.77241845946654,40.32659046039924,40.43951418263276,38.90365121448124,39.20384242178358,37.37590166285722,39.42999593366041,36.12465963953142,35.71126277084311,31.53509989300837,30.629578340845104,29.138138523837167,28.63322860120456,31.089031276673133,35.93286067020457,15.68201724066995,37.15083670694927,37.12060142461075,37.197454925295766,35.4082981411108,37.27297202803587,34.66719371681599,36.15844882874702,33.21598430465344,26.19093330626743,28.06179973983887,21.64352855784437,28.790958795000726,32.50420002308894,35.22313795156667,35.487578285737044,34.761067168401915,35.76341350205793,37.7887447200274,36.658623002031554,37.16837723299525,37.26727209026572,34.87986331129393,35.59308010907012,32.08978517276253,33.0297993674825,23.010299956639813,31.866738674997453,25.31478917042255,61.12216442500576,59.694201061645664,41.1965172203987,71.74214328563745,54.037191944157605,42.39999792886872,81.25846599267591,47.60135875151191,50.12790841264256,54.89442360326221,58.14078374426852,60.60670648891352,62.43931527438369,63.89465378509456,64.85398850156432,65.54883540750184,65.83354094347759,65.83155455752956,65.44563229897753,64.69121427382005,63.406871723992175,61.44935813433374,58.34977362834569,52.88785612402505,42.49051528805085,52.79139722768528,58.39905846072655,61.63311979845034,63.53822402411222,64.97168167906577,65.7902783845546,66.16398730978952,66.1386221527438,65.76250334663857,64.97195122778788,27.363965022766426,61.82629748988199,59.11307853967634,55.52729037410788,54.06015303776257,57.518224021393024,60.94899970442325,63.42379249202399,65.38080474268592,66.6856723871741,67.55477256178578,68.0880877999187,68.23840616512034,68.18248333782505,67.80966827478755,67.15148027548268,66.06877510292864,64.47240074228387,62.16151645576598,58.71209119945598,52.3249803706485,48.0201390056662,55.865535499028816,60.32497076890914,63.09035586138396,64.88199331674718,65.97288337856577,66.36869867352894,66.45020508563506,18.129133566428557,22.50420002308894,15.314789170422552,20.827853703164504,12.30448921378274,21.73186268412274,14.62397997898956,16.020599913279625,15.68201724066995,17.24275869600789,21.73186268412274,16.989700043360187,13.979400086720377,21.13943352306837,15.05149978319906,11.139433523068368,17.634279935629372,13.979400086720377,16.989700043360187,16.127838567197355,22.14843848047698,19.294189257142925,25.118833609788744,24.84299839346786,18.129133566428557,24.14973347970818,23.673559210260187,27.7232170672292,25.118833609788744,27.664128471123995,36.00537294364469,33.346547668832415,28.680563618230416,27.363965022766426,33.08777773664721,14.14973347970818,30.96910013008056,33.77306251068199,31.15943176939055,28.65103974641128,20.043213737826427,14.62397997898956,19.49390006644913,0.0,20.644579892269185,21.072099696478684,22.27886704613673,19.138138523837167,13.979400086720377,20.863598306747484,16.127838567197355,19.294189257142925,25.670263661590603,0.0,13.979400086720377,21.64352855784437,16.532125137753436,12.55272505103306,15.05149978319906,6.020599913279624,15.314789170422552,13.010299956639813,6.989700043360188,15.05149978319906,23.117538610557546,15.68201724066995,6.989700043360188
18.573324964312683,26.60865478003869,20.644579892269185,22.380461031287957,14.62397997898956,18.325089127062363,54.01510823789223,56.37899814036665,58.12545052424882,59.13526169434672,59.66367507173356,60.06812483865134,60.25623685282535,59.97938731715203,59.66055804357525,58.81732067502524,57.99740192185148,56.425931077703,54.5430355951071,52.11061776651486,48.575797326242814,41.11128036345124,44.22721125971557,48.93856043090288,53.1488850803193,54.61151733122624,56.20177711918963,57.208181038563794,57.29378643269015,57.7860629728674,57.43112132747538,56.720719843022536,12.30448921378274,54.366714120506494,53.54433077815064,52.485862438551045,50.69316523847248,53.67283221873799,55.21886988037483,56.279656699454144,57.82545000548738,58.48573959269043,59.07005363718143,59.343620815680055,59.42922829860861,58.94394162194767,58.1838427001463,56.74310808276833,55.23310653451132,51.88602289058188,48.6165984231919,42.642509821869695,43.37059726320525,49.48437418608308,52.2717686282754,54.47976215462431,55.86542297730225,56.5713715588726,57.13500623313095,13.010299956639813,6.989700043360188,12.30448921378274,12.30448921378274,9.542425094393248,13.010299956639813,6.020599913279624,3.0102999566398125,14.14973347970818,12.30448921378274,12.041199826559248,53.64382122338207,54.16109378326511,54.01941348631176,53.98184881712123,53.37151651916261,52.87338085840248,51.81809300184825,50.33496131869403,49.37984031915605,46.588600660066334,48.8491425489842,49.308930224060255,47.99864144501372,49.9412790513327,51.04422235435883,52.74841094332231,52.93406755462784,53.19385084575408,52.99823153207261,53.44732108768677,53.30693742147,53.37726744238046,53.66520078894745,53.540873004059634,53.68253404807917,54.38486970731454,6.989700043360188,53.92007161065472,51.72489089107628,50.747323519234975,50.72889284800773,47.56369821602081,45.88439788305526,45.61697532653994,45.726973849826976,47.57099817926543,49.36820254236847,51.2304107274726,51.91330826260987,52.54741376091537,52.822708198495015,53.79937912106118,53.58872899775936,51.63697945892569,52.056725214108894,50.78674273360466,49.56710959567658,47.65251193198431,48.302806401963856,48.95096426495351,49.992088638904974,50.652995548551246,51.56443139043377,18.129133566428557,26.85741738602264,61.12216442500576,59.694201061645664,41.1965172203987,71.74214328563745,54.037191944157605,42.39999792886872,81.25846599267591,6.020599913279624,3.0102999566398125,46.29919035503541,50.85233477420476,54.29820082769765,56.837789551955176,58.52714766369797,59.85767667640056,60.738693193155214,61.28509120986965,61.5381791201441,61.18701777469958,60.81248265846164,59.84750928674223,58.35178626591335,56.29239314130413,52.9130223575985,47.92181496149679,41.246672176986095,48.66736173476787,53.88798994744606,56.72693449226226,58.54128643352616,59.86771734266245,60.64077440485016,61.00682366882371,60.99302453871374,60.78701809931671,19.084850188786497,58.51469327881467,56.18667178949396,53.22326821007687,49.90250032927817,50.18534070428183,54.06788764157395,57.46649764769085,59.68229769814907,61.40963153772,62.50774368865025,63.33352142502584,63.66952007140033,63.80455282822346,63.6965753665433,63.10564385261785,62.36568749216234,61.00171965104088,59.18015650249728,56.43931123807894,52.30992726210729,46.34648535834277,46.53771910684735,53.012384070005744,56.56973577827629,59.106724200522585,60.51730425008154,19.294189257142925,20.863598306747484,18.325089127062363,17.16003343634799,13.010299956639813,0.0,6.020599913279624,20.96910013008056,18.69231719730976,20.96910013008056,19.084850188786497,54.30553935048927,57.60380258295939,59.93705101194931,61.63501280189018,62.78599284710671,63.60369961369632,64.04180073433905,64.17479000582429,64.04802596766534,63.580295052617615,62.87376181552599,61.74777414847458,59.86761436439947,57.33686674334263,54.24254232226176,49.04439629273946,49.91226075692495,53.78821086392431,57.31479976506592,59.30856358214129,60.46223889453525,61.841134062809296,61.83840459105441,62.12748095259584,62.17238827683524,61.15848725908892,27.671558660821805,58.923423026090106,56.10077519780623,53.51247296181688,49.10629740169475,51.26667042330829,54.9763307774444,57.20604123967783,59.61594302675656,60.95002578240034,61.854166360942784,62.47862593045856,62.84239827927216,62.73925162182997,62.468475502907566,61.68054418647748,60.69987596422243,58.99230467726582,56.98195401192702,53.675497259573966,48.74209210922712,33.78216149749878,46.53771910684735,51.93152436852077,54.76230037221393,56.44096731178916,57.6002570692045,17.24275869600789,20.644579892269185,16.020599913279625,16.127838567197355,0.0
13.979400086720377,26.60865478003869,9.030899869919436,16.901960800285135,14.14973347970818,15.68201724066995,53.6813248297469,56.00373831161271,58.03885735727138,59.01920705044929,59.72604999565319,60.01458514788379,60.21193435188165,60.15370235361964,59.8036066484634,58.860144322178165,58.48663193962516,57.169177394791866,54.33062229563795,52.04730280256104,48.46071009786408,44.958356195273126,43.71677294808662,47.6696280340645,52.61486502608448,54.478337639229615,55.94739405383899,57.00181731123308,57.32949943865327,57.52160658090873,57.32551364034403,57.04193429194155,16.532125137753436,54.833447660034615,53.07309871811097,52.09421175350584,50.81966258333034,52.83574838498632,54.5007196629178,56.12598447551956,57.65579898981065,58.1686411550272,59.009528944255166,59.40388966915971,59.4088338842828,59.052182353937006,58.32254009240802,57.84652947530634,56.37550766613451,53.05190091553367,51.46862612602413,46.50113164443572,38.4868165402395,46.26750853683393,51.380278212329465,53.858081825262325,55.42811738378697,55.8112668767868,56.523865693638285,12.30448921378274,12.30448921378274,47.41467697685545,17.16003343634799,6.020599913279624,13.010299956639813,6.989700043360188,17.24275869600789,6.989700043360188,18.573324964312683,19.54242509439325,53.71983534850558,54.3113529734789,53.66833708239003,54.0389229555942,53.7075727688773,53.37694814635362,52.5022965178192,51.1149102957168,49.60855906314407,48.714795288390114,47.84603029854112,48.34605064837134,47.18576417625733,48.37443228306863,49.55134309615634,52.545794940486346,52.86090286454933,53.25059784410411,52.0292947125475,52.79301837274616,52.748618518466174,53.01787179084337,53.54742123424168,53.53179285583874,53.641568561225306,54.18501816134602,15.314789170422552,54.20538270010852,52.79434223948985,51.97316403174986,52.18246579668303,49.16401303603876,47.00712368343353,46.13989731546087,43.92239560398111,46.68916810640077,47.74151858954711,49.95130417873277,50.94558467904263,51.90068239685778,52.51949535696885,53.61041864567484,53.63062654320038,52.114516113196736,52.75380467527434,51.69912378694506,50.41143881608952,48.81709827851377,46.74392621330411,46.83812235741294,48.312937443770096,49.63457260116708,50.08668291043981,25.670263661590603,24.955443375464483,61.12216442500576,59.694201061645664,41.1965172203987,71.74214328563745,54.037191944157605,42.39999792886872,81.25846599267591,17.24275869600789,12.30448921378274,50.40800061256529,53.72562218285499,56.13250737055956,58.09694358716924,59.4442986267866,60.420680798536864,61.00827003718889,61.171028495604354,61.08862907094156,60.48126262186709,59.71634364856798,58.35361397379168,56.15437639526676,53.00238859554479,47.43015610916935,38.869980456711,48.21958730372928,53.34905905779908,56.303678629762445,58.44597692827045,59.69615772296113,60.54956830667681,61.0539095031064,61.06384365174668,60.8034432029062,60.13034509808388,14.62397997898956,57.02383140612363,54.11249219353385,51.004394752791086,50.44402551835166,53.06410014642446,56.39217462129763,59.12160389780081,60.83587535449111,62.25938036344445,63.05941136318405,63.57496521795561,63.707606057657,63.61205802544888,63.24529582921721,62.56142634559117,61.3753450236695,59.75656021211884,57.2611567011036,53.60360490516766,47.33462095950156,44.96292954006043,51.15863360511857,55.308704787613465,58.12389214521545,60.099070478171,61.1544574803436,10.0,19.294189257142925,10.0,15.314789170422552,9.542425094393248,14.62397997898956,19.030899869919438,19.294189257142925,20.253058652647702,22.14843848047698,13.979400086720377,55.92969093667071,58.72569384644561,60.84691359659296,62.22771079595148,63.1786305397706,63.78009951815194,64.06152548691591,64.13823452173048,63.855034962827816,63.171045327461705,62.465047357193335,61.097924357189456,58.77998143590634,55.875369879418606,51.95595263005526,48.50094594386701,50.9377178149873,54.65436391303388,58.24371235364617,59.87610857569191,60.86708550135893,61.8191272669415,61.90159347132989,62.09841149083647,61.86450587835641,60.54072339329625,32.92477593667784,58.64039152453599,54.37028780922097,50.99532168493472,49.71466042916119,51.85944250562401,55.52290933824766,57.89546869717412,59.82500082116768,61.09191322446756,62.01480424392229,62.57923486278301,62.69410195735339,62.62646596894462,62.25896474680003,61.65861636212706,60.68973929016079,58.74147705739308,56.98066601441597,53.75059753585813,48.33306515284698,32.90479813330673,47.37296033844829,52.68561591932932,55.24619379061791,56.32960134667853,57.53908466325648,47.41467697685545,15.563025007672874,22.30448921378274,14.62397997898956,14.14973347970818
17.16003343634799,26.60865478003869,0.0,15.68201724066995,22.944662261615928,16.989700043360187,54.67378690163002,56.610721454101885,57.770409336982176,58.84738737769632,59.59688533678872,60.04160095889385,60.15400416213004,59.9194561046038,59.52974934262031,59.0745113344797,57.71861492292416,56.225963240155245,55.56861897676679,53.14720213527403,49.85749716765567,42.34036154915847,45.37189226243645,49.691781968939566,51.68768464720429,54.32817020730364,55.71900903510475,56.91174355759288,57.537829262281626,57.83950720523019,57.755871491024095,57.02783687936272,16.127838567197355,54.79864551558251,54.283437884657495,52.81969161081466,51.50332680972529,52.33567174881935,53.90152318911695,55.269657087905216,56.893701356169984,58.2009237939786,58.850953594975344,59.10949737100534,59.404925781563065,59.22272767197925,58.627191878774674,56.673296517934624,54.94289594074792,53.800447302434726,48.00504001828365,40.06252051369365,41.832698436828046,47.70299591196362,50.31832451831845,53.009452999819125,55.103425603519234,56.99297338985713,57.43829488434176,18.129133566428557,12.55272505103306,15.05149978319906,21.33538908370217,14.62397997898956,12.041199826559248,3.0102999566398125,9.030899869919436,3.0102999566398125,17.16003343634799,13.979400086720377,52.0758320755521,52.79397707517673,53.90724970731554,54.11259327727062,53.689280883962255,52.93499562400315,52.25211037338803,51.31056990114102,50.10452611461322,47.638545906222944,48.59600577798882,48.61468694204957,50.02550490655285,51.148777498928354,52.22042401774063,51.47972965046259,52.105218387116906,51.87887178409547,53.79452373306822,53.628235183311226,53.7560143682648,53.57527028305028,53.16274454899017,53.580510242818,53.7043536484142,53.901470130503085,18.129133566428557,53.58424105000456,52.85485295662353,52.15386377139992,50.96472023386425,49.840500022847074,47.92951708250132,46.15907987199794,45.59236121732808,45.405922248059454,47.7601070267848,49.86274473537088,51.5337882720218,52.79796939220677,53.4657984383182,53.69664767477921,53.42472029664019,53.40731566264532,52.46390239861541,51.19338384193543,50.02951834015148,48.07000286780912,49.06232652625295,48.64534812348904,48.85643871835764,48.61492592320653,49.37803650011097,24.84299839346786,29.79548374704095,61.12216442500576,59.694201061645664,41.1965172203987,71.74214328563745,54.037191944157605,42.39999792886872,81.25846599267591,6.020599913279624,6.989700043360188,49.99587224142601,53.65225831528625,56.33134021092328,58.29057280987733,59.61418246224443,60.48538130104484,60.97663294569261,61.200327000598975,61.160881392622414,60.64631672285383,59.84136497540902,58.461991305696586,56.6307588310609,53.73561119121171,49.10309507284359,42.12214247419942,48.17234730425498,52.99855814704267,56.33833917121883,58.397859039301856,59.61700092032284,60.50389424330199,60.80927214670069,60.96666044714309,60.53971095976684,59.83378176842217,19.084850188786497,56.47493485953753,53.56293621448165,49.90454296054058,48.51729088928688,53.361974769052665,56.81856052500322,59.33469571511986,61.096386083437295,62.2933160398741,63.01330640506433,63.62791874730369,63.925677006495896,63.84731084282456,63.47630696731923,62.65765627044365,61.55667553961048,60.02921206896606,57.70818150074359,54.38607211241888,49.1555811541152,45.14653989080068,51.53442888059725,55.54984348835692,58.19112717158478,59.80096587096356,60.99819399847489,23.820170425748685,22.85557309007774,18.63322860120456,17.16003343634799,12.30448921378274,16.020599913279625,18.63322860120456,18.129133566428557,12.041199826559248,18.129133566428557,19.138138523837167,56.37173399921672,59.054337274280485,60.62245698855192,62.10511675027757,63.06019067423343,63.80704067176392,64.12339062389611,64.10827321929877,63.86520724318422,63.30274939279376,62.3093505901172,60.91883874828024,59.362502710147496,56.6819295761168,53.154182098532615,49.006347245581935,51.80082845177537,55.52027859381974,57.790717024081424,59.80774866060592,60.89532800366312,61.73519876610621,61.88220104733618,62.1327995883992,61.83086404523517,61.098140211664514,35.65020928345294,57.37346129928845,55.13116341698024,51.68747852527791,48.47628176194892,50.159169380479256,55.13389418799804,57.761110723514754,59.61584813581656,61.35012050304539,61.99088418471761,62.62604133767055,62.87980783522498,62.88011215293007,62.55780332625928,61.45363625478636,60.29578557692318,59.05951766803928,56.33807678751321,52.70166229260694,46.28777066916437,38.23343790820648,46.39267294545039,51.437297038681216,54.45954299610093,56.98122303318939,57.842805660759055,18.325089127062363,0.0,15.05149978319906,19.030899869919438,14.14973347970818
18.69231719730976,26.60865478003869,19.294189257142925,11.139433523068368,18.63322860120456,12.55272505103306,53.8569383855446,56.28039310036535,58.04200788288911,59.128069235184206,59.7642930960885,60.09246873958783,60.28060615930226,60.15947080931642,59.890090699780735,58.64143080136019,58.315280887203485,56.8678011665429,53.93408472376638,51.33835787660679,47.73471942871205,44.647875196459374,44.60672371877432,48.64285569099234,53.28367369619052,54.78797288468627,56.03409633609965,56.99137609660286,57.29460430621029,57.42612812783844,56.95513196720019,56.90210260841298,6.989700043360188,54.56123003194384,52.49748522900276,51.53753906455187,50.969725469111175,53.614596235764026,55.30745106172725,56.73118635442432,58.15442923453841,58.58241150864848,59.29541532730184,59.77586438003851,59.41714122340505,58.97550120891006,58.15048835545048,57.57974196908469,56.04528441456295,52.10548584111832,50.31892987710475,44.43810401121398,38.86095732437747,47.854579685768144,52.42265558733894,54.71122948998581,55.84783378996508,55.97697379326448,56.55486115520756,14.62397997898956,12.55272505103306,13.979400086720377,13.979400086720377,10.0,9.030899869919436,20.170333392987803,6.020599913279624,14.14973347970818,16.532125137753436,14.62397997898956,54.32278036532973,54.72876338988141,54.281898875952585,54.31858899211272,54.010039798994825,53.36259552014194,52.039163593896006,50.28262094171542,49.05477460877744,48.05806591702813,47.619278384205295,48.242885824595454,47.40441644949766,48.64659380353636,49.93030405490578,52.78543260064424,52.930087866585644,53.41689684177151,52.34843640976239,52.91646301736751,53.01659266551521,53.25129634749429,53.807989509841136,53.645303588407856,53.93852361390711,54.29290293766093,11.139433523068368,54.04020791388131,52.340640242701504,51.37699004259602,51.40187388967817,48.30010935936117,46.09391619991711,45.74644637249709,45.398285583778986,47.79206749951978,49.40362063801737,50.853940543157805,51.66444915720618,52.24100365440368,52.62016577956412,53.37708784125388,53.11893660190787,51.3169884425924,51.52499323545448,50.4228010749836,49.19391926773859,48.05555226521253,47.31830420288162,48.41966057661102,50.060893477530605,51.282990850731245,51.38747819230092,25.865873046717542,31.49834696715785,61.12216442500576,59.694201061645664,41.1965172203987,71.74214328563745,54.037191944157605,42.39999792886872,81.25846599267591,16.989700043360187,10.0,47.106419265104165,51.04063535984602,53.98608307715882,56.60550547757731,58.319983166560405,59.701766589579606,60.56008671155474,61.09914851467145,61.280352653330176,61.00186103141738,60.58585438973963,59.62450787846923,58.07118121793885,55.80203973018286,52.49540764501639,46.10873000380052,39.105176855172665,49.13188441933261,54.00242603249666,57.01285558659698,58.86252079660802,60.1299952774803,60.990622462623975,61.28221507666712,61.30010983856564,60.97663294569261,17.16003343634799,58.84866136291989,56.86135559106637,54.20249582214191,51.54134752965645,50.7291131585408,54.1477285809333,57.219959954869886,59.42028402344142,61.22171627146744,62.38906057968364,63.12580563596477,63.486461272400376,63.65482368977669,63.48404953470335,62.959108811109886,62.14489912749701,60.818932536713525,58.81299044952725,56.0327973010356,51.237863286153726,44.30800424624181,46.74273113931345,53.0354378589402,56.74148975276896,59.18664530902084,60.65393335148482,11.139433523068368,14.62397997898956,18.129133566428557,16.989700043360187,16.532125137753436,17.16003343634799,0.0,16.020599913279625,15.563025007672874,18.325089127062363,15.563025007672874,54.15449140814057,57.45987724433172,60.072718411337576,61.677499365085886,62.81910165702457,63.54483576693454,63.97773381347615,64.16057729263038,64.056162800445,63.478826326880665,62.88963591101543,61.66582253084044,59.580093141157576,57.01127423330272,53.537123972811,49.73058545758729,49.11418639844171,53.39188996479373,57.36901424610885,59.488084435819424,60.69699169681135,61.85733904666321,61.65322984782691,61.87527771014334,61.96649476667504,61.32764471577079,28.041394323353504,58.66932687754967,56.31220476138546,52.607795216765545,49.414120403735495,51.26618375522951,54.3635509389107,57.55409072776784,59.50084809702816,60.89883925825993,61.82382978028876,62.54976118644549,62.68393778864344,62.66259927266282,62.28174939363311,61.863270281089946,60.78895241360162,58.82049001303278,57.330535468519415,54.35095486058288,49.26311571512884,33.73279893277496,46.96120389995245,52.1376737137274,55.06214052350486,56.194481378739255,57.4115869253312,19.030899869919438,14.14973347970818,13.979400086720377,12.30448921378274,16.532125137753436
17.24275869600789,26.60865478003869,9.030899869919436,17.634279935629372,24.14973347970818,13.010299956639813,54.41080563055901,56.43042864533133,57.76285573073145,58.75830730213827,59.569579937538045,60.01723763717866,60.10049656258925,60.08540558624191,59.49016059661333,59.3735036045092,57.98457966524525,56.55961085202059,55.648577268748085,53.42556896557068,50.18571522342767,42.58278015243032,43.94801777162712,48.98549673613008,51.07379582804448,53.80502483250201,55.56337484191516,56.717512080714414,57.69440102203759,57.9762826406784,57.974406699866485,57.34474987027312,47.41467697685545,55.39528984851277,54.93660163508368,53.566089889521,51.64902812078488,51.91129506392733,53.09206310648898,54.5020290432103,56.2300622428795,57.67945044907417,58.53407368244365,59.04236096529189,59.19170697108687,59.0258210846686,58.55490686337694,57.07421127908141,55.45467936494288,54.67745696688126,49.359956983097405,43.67616792134676,39.32980821923198,46.20937250143464,48.99125293904164,52.2490064591972,54.48417209218374,56.71233954483025,57.29336528922257,21.33538908370217,14.62397997898956,6.989700043360188,9.030899869919436,12.30448921378274,13.010299956639813,15.314789170422552,6.989700043360188,12.30448921378274,12.30448921378274,16.989700043360187,50.98657567651672,51.95434680832536,53.567522621475575,53.68074800702044,53.59596459787391,52.833736050860026,52.30410599586237,51.56197697029134,50.67777358633317,48.54384997256603,49.11966826896644,48.95560658453326,49.47678739936936,50.72323438293041,51.86125355161516,51.51911996707007,52.01779353725061,52.3092127899,53.78619534455662,53.666993233954095,53.4463784591778,53.412069302581614,52.97771450368965,53.613745921006384,53.52788177670777,53.52932716697335,12.30448921378274,53.71647766283011,53.12422794674788,52.50656603941519,51.84697107832545,50.32135046879902,48.88746571686464,47.30362308492313,45.80069222725036,43.46587664800529,45.82483811047703,48.78136734234723,50.85493938872156,52.18601143315632,53.13177282843738,53.81905300989742,53.985389219019176,54.12085733243278,53.45334514839895,52.72342962002375,51.72897614427956,49.85969563868175,49.87138714714046,49.05137195688188,48.13247300897605,47.23587007783341,47.99354336361152,23.54108439147401,22.87801729930226,61.12216442500576,59.694201061645664,41.1965172203987,71.74214328563745,54.037191944157605,42.39999792886872,81.25846599267591,13.010299956639813,11.139433523068368,52.75196141785624,55.40475883695609,57.82329268996837,59.09839404843442,60.27463773476573,60.74670920305139,61.06851868395698,60.95320717665154,60.56026994625232,59.91033259324851,58.60103124532462,56.65237546873377,53.96835497364065,49.90951231009211,45.203131877761045,47.62828553189091,52.52340795297383,55.97674348064104,57.9862578845198,59.4019014344648,60.29669830757268,60.74863961852098,60.92569071212406,60.63759936614864,59.789766782753695,58.6035777400788,18.129133566428557,53.766809563069664,49.62032946885303,47.48389616935899,51.70440678269304,55.999845410905,58.88714587995019,60.759876014198994,62.181709019450906,62.98228684094907,63.6705703105079,63.9381325422277,63.97111627574898,63.67210510549995,62.944038331833205,62.15775521873472,60.58194009758365,58.7617741236193,55.79560677773606,51.72640871946779,46.12741484459406,48.98834838068274,54.24203542830057,57.39737645495364,59.34619632795366,60.53304755701721,61.377265206081134,13.010299956639813,19.294189257142925,22.04119982655925,16.127838567197355,10.0,16.127838567197355,11.139433523068368,22.27886704613673,19.030899869919438,13.010299956639813,22.30448921378274,57.70469074847589,59.84009451702538,61.49714726288552,62.49506535936283,63.50981240379582,63.9698733847623,64.20371019436098,64.05148380607324,63.657494188555184,63.10416719924674,61.86121111386643,60.2241393570639,58.35135461150561,55.36509202905874,51.7507672117621,49.81805021103668,53.0981108577132,56.66099396067657,58.73962557383579,60.28846462632166,61.07888025182799,61.8621757629267,62.36106027822806,62.27944521036292,61.44418518602069,60.53049617671807,36.3558426631123,56.62616190820862,54.23262262098614,49.50720129391918,47.96359213984196,51.83400824232092,55.93587309711295,58.36830286488879,60.252288326196,61.53665197442108,62.48008842701144,62.8540651739068,62.9877668624019,62.84310919723999,62.32069134860826,61.53023270249165,60.07598010172732,58.94894551893724,56.06458757231059,52.51455705428966,46.151606643165564,38.17565369559781,46.77652569492963,51.81389055285087,54.78704986035952,57.00997761252569,57.76954569544772,17.634279935629372,0.0,12.041199826559248,16.989700043360187,16.989700043360187
9.542425094393248,26.60865478003869,19.138138523837167,15.68201724066995,12.30448921378274,19.138138523837167,54.37043069562133,56.47407422944327,57.831779587890615,58.9041710622039,59.55488111733031,59.993480692067216,60.22910652725224,60.039884304217146,59.71960158318708,58.82258073765461,58.15857227151328,56.78675861899496,54.35031691929144,51.432022250495976,46.95271483141623,45.09068045017162,45.30263748713028,49.16148518993008,52.50429761625799,54.97080380188191,56.171870266377056,57.175040747642015,57.900915536508606,57.91069985497303,57.78573758092285,57.89036798580008,10.0,56.20740729977736,53.52861416789554,51.95669996526704,52.7460577313784,51.446520311886985,53.33763559454074,55.52133839088757,56.61363019539423,57.91714502989215,58.61683729919097,58.973504840771554,58.69340279782011,58.4750171035648,57.74254119794893,57.00316832453829,55.41783863249933,52.27932958367507,48.77307982636257,40.76640443670342,36.54850090561394,46.62342220766308,52.38610570005447,54.76954743251529,56.1000610019871,56.92093077202696,57.52644520907055,6.989700043360188,14.14973347970818,6.989700043360188,0.0,9.542425094393248,19.138138523837167,18.325089127062363,10.0,13.979400086720377,13.010299956639813,18.325089127062363,51.41537564133063,52.48311736910216,53.22818621007394,53.37738717233867,53.11798347480244,52.5518805074294,51.35641416386668,50.135197532075054,48.59558572626054,49.58281906394148,47.049222912234015,48.09653969875328,51.39554818042289,52.08720762988909,52.81789881067056,52.679621289344176,53.23441869119903,53.412069302581614,53.41968408179938,53.041198405982925,53.07791172280395,53.26960222365901,53.1637717479607,53.50187910920656,53.68080383192304,52.85107029566812,17.634279935629372,52.25071388651961,53.11334193440135,52.35470368762216,49.5204619077995,49.57827490829763,47.19198657731848,43.820170425748685,44.36623740641528,47.10354342268051,48.95958176980679,50.71753172038369,52.49638545540417,53.63734166777149,54.2544291776721,53.86043921932262,53.664472396794366,54.25941588018895,52.7214341759105,51.7004157794905,50.68055925157527,50.375619448205086,48.24047692947393,47.75158809094191,47.570694258985455,49.47948100228672,49.53024779271061,20.96910013008056,13.979400086720377,61.12216442500576,59.694201061645664,41.1965172203987,71.74214328563745,54.037191944157605,42.39999792886872,81.25846599267591,12.30448921378274,3.0102999566398125,49.74391934376143,53.75204390560248,56.07283416186099,58.08567447869686,59.48132148621144,60.48070668959863,60.98797691386086,61.23857518596992,61.092929727452585,60.79732811551981,59.78801146346359,58.47535643830479,57.00361856892809,54.002702502404105,49.966386146884346,46.00428325732131,49.62321972729584,53.54686473059998,56.41912150162799,58.40059022417197,59.705593216673584,60.59112608213705,60.76314873834029,61.01733673830783,60.62600784448157,59.53783845370893,19.86771734266245,55.957706004282514,53.202127758699625,48.509462786160086,47.13876784175943,52.48279863255517,56.519638126239656,59.114015977025176,61.04783368426642,62.360664367079536,63.17131107558855,63.72901697555047,64.02970122818336,63.91303924220388,63.61826957141373,62.72659492620427,61.65495093656495,60.25087024048876,57.732611721715,54.57412544636191,49.4331640875922,47.13599733008064,51.44991179136163,55.49950560434768,58.18796437718135,59.77032756450076,60.97926808054849,16.989700043360187,17.16003343634799,17.24275869600789,10.0,12.041199826559248,22.14843848047698,10.0,21.613680022349747,16.989700043360187,10.0,21.613680022349747,55.88546206262792,58.79619356306971,60.75710794538872,62.22405592298393,63.08938364669675,63.75226173474939,64.15140352195873,64.15467661151234,63.935780108208,63.27553454744916,62.54405222209285,61.15241620731417,59.00020100741949,56.30416686966861,52.62994211380095,50.62826323631087,52.25735611624981,55.75336819342196,58.10966701819091,59.890602909094206,60.99075729057376,61.54875684374743,62.25770732881679,61.9890027873554,62.02838281669368,61.03914845089592,37.25666660314178,57.21422296116244,54.09684642576755,49.76221551932937,48.636856121889245,50.45080332114358,55.24902179460859,58.17423225579689,59.942823901192725,61.21301422829869,62.16772171148343,62.74099631420568,62.74541383655176,62.82103685950964,62.25658644822139,61.773474469032806,60.653051598241,58.81577506896229,56.85169167157501,53.62054378204592,48.38880560211702,39.20801381825654,46.37019155753759,51.859527415277775,54.85701556344853,56.79720356324345,57.76948037103449,20.96910013008056,20.681858617461614,15.563025007672874,9.542425094393248,6.989700043360188
18.69231719730976,26.60865478003869,10.0,15.05149978319906,13.979400086720377,18.573324964312683,53.95113125716573,56.18576254255736,57.94823919861849,59.02677211134544,59.50488016847654,59.89832771264667,60.11777603817252,60.09984724293095,59.80995884186832,58.6484616539326,58.35403905945913,57.00566139932691,54.14492016681215,51.45920144998375,48.30107278114625,45.69993887567448,44.21932813278509,47.995955364223605,52.5470513908514,54.476556337663375,55.85037509255515,56.82034005578782,57.30045449169389,57.389738874427664,57.240299729355975,57.22114597348526,19.54242509439325,55.40941061257317,53.05972267500483,51.7887627134109,51.57967224935142,52.79951970298696,54.48126358347398,56.10798519192768,57.39422016155787,58.18343361643736,58.79213473048283,59.29771327632285,59.21474737823423,58.83513806711684,58.14414087772258,57.71961356944679,56.44182467326238,52.78831309854791,51.37942479211694,46.11723308007342,36.18780024506215,45.18461294931839,51.55691224030103,54.01856999382871,55.47393146068433,55.71551619027026,56.49445852534022,23.010299956639813,11.139433523068368,11.139433523068368,12.30448921378274,16.127838567197355,10.0,17.16003343634799,15.68201724066995,6.989700043360188,14.14973347970818,22.576785748691847,53.54686473059998,54.178850311519824,53.597842742947634,54.08409578468429,53.68699593987911,53.46767508218991,52.21979886749181,50.89707338845581,49.35854763877697,49.05957699092427,47.17212671793928,47.96109264314644,48.25977561707346,48.992184178513725,50.105416353338015,52.42392331375743,53.067337494274895,53.49817388053613,52.11027048373359,52.63228800569519,52.7219679310154,53.01040852890314,53.54010423580728,53.6611650807837,53.79841934424146,54.057389775042495,23.05351369446624,53.888912396812486,52.99448459034834,52.27382733506136,51.78289009469008,49.65789459245144,47.419784142159706,45.65115509819377,44.381466362467485,46.63700925389648,47.93063625395939,49.57707828719117,50.9191304667608,52.18624770603016,52.81108395938645,53.3593906903173,53.29513811358952,52.59077578668332,52.46311429475588,51.55609283678915,50.477964863895394,49.57894487212898,46.7306700813015,47.012743269021314,48.15531261717549,50.17867718963505,50.53374277879662,23.820170425748685,25.622928644564745,61.12216442500576,59.694201061645664,41.1965172203987,71.74214328563745,54.037191944157605,42.39999792886872,81.25846599267591,6.989700043360188,13.010299956639813,50.52717021620743,53.81109663281278,56.042703445416805,57.91079119331236,59.256028992065055,60.29052451053726,60.84756749660591,61.05394698177652,60.973715096130704,60.34947944530913,59.55816624790609,58.13341426779716,56.19260334851798,53.12230264337987,47.38820182085683,39.76670880624811,48.32777070610699,53.249262157205344,56.23833127267695,58.22236750023869,59.58995574222665,60.44280203651564,60.86397206870139,60.89679784801295,60.70812252842545,59.95184435064242,17.853298350107668,56.88310344637106,54.35285218203501,51.18595365223762,50.707100405962834,53.33946778463772,56.43042864533133,59.01253931487922,60.725013552218286,62.23769981784004,62.915102617746456,63.44417819667996,63.65302995951613,63.55323722578214,63.22782478206086,62.40433670637466,61.22536318519838,59.75913630987946,57.24951368424448,53.5454827580032,47.98298371951381,45.25537160391059,51.28915978453837,55.21772056964914,57.96307847185509,59.99663291285039,61.104617597450456,21.613680022349747,21.367205671564065,22.30448921378274,15.314789170422552,20.0,22.30448921378274,22.671717284030137,22.671717284030137,22.30448921378274,19.138138523837167,16.989700043360187,55.76508354430848,58.646261657124505,60.90764728150761,62.21362067203571,63.0293756448792,63.62078340127855,63.94988088371253,64.02564165034303,63.8239350818377,63.00679378524033,62.41817829859923,60.97318405179063,58.5953216729494,55.84865846445031,51.99275104346584,49.30215253297909,51.26072934360398,54.791346023487904,57.96194679964596,59.91708406417317,60.81570879495847,61.75600518663857,61.75596750506513,61.67594072361605,61.2883399182257,60.928767241015926,26.989700043360187,57.89756932285287,54.70241386068747,50.58919260718884,48.73308973962765,52.51017356179637,55.70866205486078,58.00687528760164,59.7804943247067,61.02555126499749,61.999670634574855,62.53088068682389,62.58145010913077,62.533334006168985,62.16953254420032,61.55845958080516,60.612571534493824,58.49591991595824,56.89779311941453,53.83587391282656,48.65820295334466,36.72559627763276,47.47955306906729,52.29471938049648,54.97620649781288,56.13250737055956,57.48897828336499,18.63322860120456,6.989700043360188,6.020599913279624,13.979400086720377,16.020599913279625
20.5307844348342,26.60865478003869,6.989700043360188,19.294189257142925,14.14973347970818,13.979400086720377,54.58456540444431,56.57340824882256,57.65632796622928,58.70942634637859,59.50353169165598,59.90559054642483,60.039737991487215,59.75674853484424,59.4331640875922,59.147978438103976,57.54046212477553,56.29928199885951,55.40291926094344,53.07089365048616,49.57942335445405,43.96216788290972,45.85065736773767,49.48496099782834,51.46351329712529,54.11191934124682,55.47455941773798,56.70893100328794,57.5757593521745,57.736928495535736,57.69927231845436,57.04508276160701,21.64352855784437,55.20956217518594,54.20129101418186,52.60646089819367,52.30155034520514,52.17431299267857,53.518774397462366,55.33147740370063,56.60053974056262,58.15859881669779,58.76744219032352,59.02218896408206,59.27868027727168,59.0544020673553,58.444877378578624,56.60779179478616,54.85119241667822,53.8706576449856,47.51440779278283,38.01952234854282,41.21691130307576,47.19894509871709,50.15045239174416,53.03671144664021,55.05217831531809,56.904176023398215,57.259908103490446,19.49390006644913,16.989700043360187,0.0,22.944662261615928,22.50420002308894,19.294189257142925,19.294189257142925,12.55272505103306,15.314789170422552,6.020599913279624,13.979400086720377,51.691452009911984,52.61769448433053,54.159377464421,54.000421099146,53.6937915112781,52.7009628142033,52.09284401933597,51.14597641646821,49.83378176842217,48.26625424111226,48.364823574581486,48.16440167956139,50.65422847465759,51.902476330381965,52.60128653811398,51.41440366197892,51.95179842431904,52.23218090537132,53.95894012741441,53.50187910920656,53.95928918963004,53.57601378945533,53.31374651574694,53.72361425093524,53.700317127095815,53.73342403648935,14.62397997898956,53.031096220571015,53.23458366849468,52.52554502583951,50.55810117330907,50.26537350058942,48.535156967569286,46.21643572194573,46.18696438020482,45.74459560360226,47.78339403895484,50.19220176222453,51.80125875164053,52.88785612402505,53.59960632148011,53.42416758584346,53.24868665777038,53.78973550029896,52.16917676331268,50.98134732134323,49.6267706894345,48.5542223116103,49.297560117543554,48.91258616904139,49.327831400109005,48.853668748707626,49.71484593986971,23.97940008672037,19.86771734266245,61.12216442500576,59.694201061645664,41.1965172203987,71.74214328563745,54.037191944157605,42.39999792886872,81.25846599267591,11.139433523068368,9.542425094393248,50.20037927857725,53.476285511387815,56.33953987898263,58.09603478540726,59.54242509439325,60.34697424972289,60.895677843461,61.07082716294835,60.96649010470314,60.6386342264156,59.70503547368104,58.35977681531905,56.63597285273721,53.67260850455353,49.532763366673045,43.25515663363148,48.24594384709676,52.98088569391382,56.23378525477534,58.17836305939381,59.52215906200407,60.3389398651317,60.70942474030112,60.807101635111984,60.4684815337354,59.55769503484184,21.13943352306837,56.27074863766185,53.7520622109933,50.18804483937159,48.95599322059719,53.50529055507727,56.87294361006328,59.220093457045365,61.04581676151021,62.15410444435629,62.95623609542492,63.53437647415184,63.86765167998972,63.744823737418265,63.32694113404586,62.554741639366405,61.40679590040981,60.0062927088754,57.66329549772034,54.416700039489776,49.32980821923199,45.59212156030079,51.49603954933024,55.56834185916912,58.1957025562199,59.51672583236796,60.7946272240133,17.24275869600789,13.979400086720377,18.129133566428557,12.041199826559248,13.979400086720377,22.92256071356476,14.14973347970818,15.68201724066995,0.0,6.989700043360188,21.70261715394957,56.49732941778393,58.9285673286193,60.57359099060488,61.93624584272943,63.01727780322249,63.61955308978549,64.0185699938287,63.98918846830625,63.76011824218602,63.27769123353279,62.13722238972869,60.88625413487647,59.20217274069267,56.53700579442805,53.103533890449945,49.798259794981405,52.126270052938565,55.39189050875863,57.735414454985175,59.50101861062683,60.87918000395133,61.46007036789794,62.08036973366758,62.360192757018574,61.42327509028552,60.87963045490334,36.406801532776655,57.46588276483871,55.13756802826241,51.469338345627634,48.91520732274182,52.25632297346483,54.87677019148837,57.78499993557678,59.708236873426095,61.26967682269714,62.08176022521946,62.56621546069706,62.74391797043603,62.69832476719287,62.292171008251714,61.32639371048157,60.143394749826285,59.020926797996296,56.13759393203543,52.68889073608588,46.76117215671485,40.13721778051063,45.41029788550852,51.02519458368337,54.43320889529563,56.91467851148755,57.62111886177984,22.92256071356476,16.532125137753436,13.010299956639813,18.69231719730976,14.62397997898956
14.62397997898956,26.60865478003869,14.14973347970818,11.139433523068368,16.127838567197355,18.129133566428557,54.53455946777304,56.44014921144216,57.58899786459718,58.80273817521083,59.471051808283526,59.99106606563207,60.050302858636186,59.98108006653812,59.51685689199847,59.402120733075,57.77102611865975,56.62903201588867,55.85562241029359,53.52491239988165,50.31977723767159,44.18052578237504,44.70777883335124,49.12593997752106,50.66586796470695,53.8419206967064,55.36185850020888,56.60426220251833,57.42393590191789,57.74181809265532,57.767454826712026,57.20580158265054,12.30448921378274,55.50563425700142,54.459558549640334,52.995334471043705,51.78562588061362,51.35936862385027,52.88396798003454,54.68193675253459,56.472910151521546,57.98844619210181,58.83350221220435,59.20146815140713,59.3913770462224,59.34589340577275,58.8877911407769,57.272133792160105,55.96328739686256,54.99084699911495,50.273659189982816,44.04919199246314,35.76341350205793,43.63856319295069,48.3393717867444,51.8914206476546,54.10049708145517,56.49108888903683,57.10189318275631,18.129133566428557,16.532125137753436,0.0,6.989700043360188,15.314789170422552,6.020599913279624,19.138138523837167,12.041199826559248,12.55272505103306,18.129133566428557,16.989700043360187,51.28454198325698,52.36300400614147,53.97795798963909,54.21301131244434,54.01036753001185,53.29576849104741,52.79084909810923,51.67116390139925,51.06343910647023,48.83366128069784,48.568013674194994,47.67816085510706,49.291173695805554,50.36505135736203,51.59750616844215,50.61934760626932,51.3134273235669,51.60174299756278,53.532312783344125,53.32884644964419,53.39548823658088,53.70500136438346,53.05834844088321,53.49543657740702,53.71141778446181,53.73546419013045,16.127838567197355,53.72506963362899,53.72376165365711,53.39023893102403,51.891898250920114,51.6108337121959,50.04858534620329,48.268584181908274,46.61897832970512,44.11788004543869,45.50179415708499,48.06023871353082,50.454207818457135,51.70103227682449,52.85107029566812,53.1585703646417,53.222234308521465,53.90138169803944,52.78117694223486,51.93397338715664,50.67992799070432,49.36056084782879,49.78404228285004,48.86265059029757,47.99430156530388,47.57775491011926,48.32828129539354,11.139433523068368,26.19093330626743,61.12216442500576,59.694201061645664,41.1965172203987,71.74214328563745,54.037191944157605,42.39999792886872,81.25846599267591,14.14973347970818,13.010299956639813,52.77806263660092,55.53312488900241,57.68244320283495,59.19922836413237,60.19967006350917,60.72306157352679,60.88479842944332,60.807310801396994,60.34574717880034,59.752575962086496,58.22236750023869,56.43271024445681,53.63194405289585,48.47880997445375,41.656893760176175,46.96496179345918,52.65949289950623,55.73567773039218,58.02315251404337,59.4985528196967,60.40868847105997,60.90481669357963,60.90346243505668,60.67836801153474,60.064018560557656,58.70434339944481,21.13943352306837,54.2864171512997,51.00011931811402,49.70765159780768,52.00152550326212,56.148381817030725,58.75767141790021,60.626105602409325,62.13220688304502,62.93414048154405,63.450865895514646,63.79371518243119,63.88115594888891,63.5680268306751,62.96936429923069,61.89746267069906,60.42248191739105,58.41125363944649,55.4911243533336,50.75729399740899,43.8738982633873,48.8820758450285,54.35799788016716,57.52497882925312,59.47383721224255,60.5903641683091,61.38388916802722,11.139433523068368,20.0,19.49390006644913,19.030899869919438,15.05149978319906,13.010299956639813,13.979400086720377,17.634279935629372,12.041199826559248,14.62397997898956,0.0,57.86652062369555,60.06213521810737,61.452616852745685,62.68997555931467,63.41547288003425,63.93986316205846,64.0624049902463,64.0645910456335,63.56442159402173,62.99604257793238,61.73158577612873,60.3124239061221,58.34240717139463,55.30892223384302,51.03875527492745,49.02361933819861,53.05301917259521,56.61676414911134,58.511996232414,60.28279998825888,61.31085251656651,61.89968980899114,62.07032993196714,62.2268032177908,61.14142747915038,60.32125770431384,28.17565369559781,57.16625108705556,54.70658882243298,49.81836721265551,49.21842481405858,52.28944169567319,55.260936247387626,58.34515436947172,60.19885701954912,61.53744762033778,62.332043186474735,62.725813669455775,62.88557728941144,62.78664447145708,62.40962878975463,61.360416497679765,60.13248555497984,58.90515468976836,56.02411627464886,52.16675140602792,45.105718176805816,39.02709812969877,46.32305414413671,51.678665028554114,54.73778834646724,56.9808313868209,57.98377831125998,16.127838567197355,3.0102999566398125,21.33538908370217,10.0,9.542425094393248
16.127838567197355,26.60865478003869,12.30448921378274,13.010299956639813,6.989700043360188,21.13943352306837,53.881651682234505,56.18959680992851,57.95078787114201,58.93011220996094,59.58829443083157,60.024170589568286,60.163195078043714,60.09315316967309,59.79078773305783,59.02134574723834,58.35318250101449,57.14842561553056,55.314916902215295,53.05901413983892,50.349691819441496,44.59904894119978,42.52974325347922,46.71080232738849,51.99036241895045,53.58872899775936,55.60271374899508,56.74319082207465,57.09658277306932,57.496969027156446,57.66624737070411,56.969589146269854,20.0,55.04152671127592,54.13113597979135,52.95830894958585,50.4563587107822,52.73734899282866,54.056417097648776,55.27372082827612,57.12084582953199,57.93748489311726,58.72562395891957,59.33987602399475,59.64093614042305,59.45966605614228,59.00806663467806,57.91753789023575,56.75836976633085,54.66880960252772,52.68149550022749,48.20733325096435,42.23885151875885,44.10287849401461,48.57917193837984,52.11806430361976,54.32571673370325,55.54098907107588,56.404039129587176,9.542425094393248,14.14973347970818,9.542425094393248,18.129133566428557,15.563025007672874,12.041199826559248,13.979400086720377,15.314789170422552,0.0,6.989700043360188,22.944662261615928,53.33503698884542,54.00717541241112,53.8794657658479,54.28627147383003,54.08409578468429,53.98113691730502,53.3434315282645,52.2803572685363,51.10000151133113,49.26023297896978,48.99191030527895,48.53874570080836,46.06982940624488,46.9831807354274,48.81099218389017,51.93272122062051,52.15566188422278,52.67615186551211,52.34091891836148,52.9084676169408,52.49953739488048,52.94011853208055,53.259280062599295,53.29806554421747,53.583936614422655,54.25827563624515,16.020599913279625,54.6219577925801,53.20862592653373,52.955868901461855,53.009083761815255,50.76691405665478,49.18496900197138,48.42790157955983,46.17105230502378,45.58816530879455,45.87935348636356,48.02212541654175,49.74166146121642,51.179636255600784,52.019348793832975,53.22326821007687,53.667515891092265,52.49139631913438,53.337132110238585,52.686738991852174,51.54840720146285,49.41635640981282,47.56864224060549,46.41959693496038,47.28426834761584,47.73025397638804,48.7520600409689,25.865873046717542,26.848453616444125,61.12216442500576,59.694201061645664,41.1965172203987,71.74214328563745,54.037191944157605,42.39999792886872,81.25846599267591,16.901960800285135,19.294189257142925,52.682268376646284,55.539618718364224,57.41699835173573,59.04783145011389,59.89774082520664,60.58161722931074,60.8753226569594,60.74402420673751,60.30462085877211,59.33289836387289,58.12328335603112,56.09241067801521,52.60035593008731,46.97447307372525,36.03144372620182,47.51963886679575,53.140569192407234,56.22542469979359,58.34084838137788,59.70802785547387,60.58670815543647,60.96635452125113,61.18390398615371,60.86830180232238,60.18901791597388,59.33427555595618,19.86771734266245,55.43275665135168,51.98574618147282,50.2854685344076,52.720111108716495,55.87082073437497,58.612356186340406,60.51464716197263,61.84938028705267,62.835083739537794,63.39650157613684,63.68472838440362,63.60272401691708,63.34587436976028,62.76910572980665,61.72238823500309,60.295676036353605,57.9955695341345,54.919664829054426,49.6632010897034,42.36134016815431,49.16417097757768,54.26805570987092,57.32021232790639,59.446504353387375,60.88122616499503,61.69853051615628,23.05351369446624,22.671717284030137,16.020599913279625,23.180633349627616,19.49390006644913,15.05149978319906,17.853298350107668,19.49390006644913,12.30448921378274,47.41467697685545,17.24275869600789,57.60546119113119,59.83970699830568,61.47055813742214,62.76586100307746,63.43296115680022,63.94348698796671,64.10031124257483,64.04013767931771,63.65509886258643,62.76389415727056,61.81304099260359,60.3269006308933,57.8511975654973,54.67112120081684,50.641771045678425,47.71205192319161,52.58426548504325,56.06421137783989,58.80622117641586,60.31171254495086,61.34150640953878,62.071030886127744,62.1826470883147,62.27880794056836,61.08382676480677,60.4984419593477,33.52182518111362,56.99126322213974,55.33727584759298,51.18866301603362,49.059684848639165,52.22034587888057,55.86246260881825,58.38680375475721,60.28542380095905,61.44141254002019,62.174094497413925,62.679879041306215,62.83664798108697,62.72508560639842,62.27234773820395,61.40936783559553,60.38548634553194,58.41702890360078,56.43636225815162,52.88269352038355,46.966708543600994,34.189638307036226,47.91192222432986,52.64388036527325,55.21542103533924,56.63253211226335,57.61074189906349,9.030899869919436,16.020599913279625,19.49390006644913,11.139433523068368,13.010299956639813
18.129133566428557,26.60865478003869,9.542425094393248,11.139433523068368,13.010299956639813,16.020599913279625,0.0,13.979400086720377,15.05149978319906,16.989700043360187,22.14843848047698,10.0,15.05149978319906,13.979400086720377,13.010299956639813,16.020599913279625,0.0,19.030899869919438,18.129133566428557,6.020599913279624,11.139433523068368,16.989700043360187,14.62397997898956,11.139433523068368,6.989700043360188,16.127838567197355,19.030899869919438,16.901960800285135,16.989700043360187,19.49390006644913,9.030899869919436,16.020599913279625,16.020599913279625,21.95899652409233,13.979400086720377,13.979400086720377,6.989700043360188,19.86771734266245,15.05149978319906,11.139433523068368,17.853298350107668,15.563025007672874,17.24275869600789,14.14973347970818,16.532125137753436,13.979400086720377,6.020599913279624,10.0,19.084850188786497,11.139433523068368,16.532125137753436,17.853298350107668,12.30448921378274,15.68201724066995,10.0,14.62397997898956,16.020599913279625,3.0102999566398125,3.0102999566398125,15.563025007672874,16.989700043360187,14.62397997898956,12.55272505103306,10.0,3.0102999566398125,14.62397997898956,14.62397997898956,17.634279935629372,20.5307844348342,21.367205671564065,37.032913781186615,34.49940988773338,32.86231854028553,28.12913356642856,28.60338006570993,18.63322860120456,29.916690073799487,31.70261715394957,36.179434348289725,36.48360010980932,37.97198269838959,36.986224297020975,41.150443952584126,39.97604787460455,39.6189547366785,37.83403281122563,36.56864491548917,38.30010935936117,35.3504081325116,34.466924663715275,28.06179973983887,27.67897616018091,23.673559210260187,27.331972651065698,28.63322860120456,35.59308010907012,20.170333392987803,37.31508183596026,37.43274523511933,36.57533887557986,34.22425676371204,36.76236216763312,35.37189226243645,33.10055737750891,31.287222843384267,24.4870631990508,24.14973347970818,22.30448921378274,33.44392273685111,33.51796306897023,36.24488362513449,36.08205007704326,37.27622577969137,35.654936298688625,39.20645001406788,37.046651854545296,36.7833624673218,37.54654069255432,33.37059726320525,34.158077276355435,34.295908022233014,31.367205671564065,21.95899652409233,12.30448921378274,22.09515014542631,61.12216442500576,59.694201061645664,41.1965172203987,71.74214328563745,54.037191944157605,42.39999792886872,81.25846599267591,44.14388326931075,42.93539330731757,50.13195475262515,55.00680973610774,58.53679355443941,61.095306267654415,62.975784411972114,64.22014667279637,65.38664830588671,66.02924462139823,66.3211295962501,66.25562047094847,65.87760451570576,65.10492060583738,63.84544081863852,61.90489976667915,58.94621733856204,54.308825567371954,48.93717387430143,54.20292485111855,58.92860067718512,61.74186034393,63.79381127368455,65.02791883380648,65.74183186316378,66.04247875293754,65.91659405685269,65.40443602896741,27.435097647284294,62.980251641088536,60.67323841684554,57.15690037514271,52.07292289744921,52.89575575709834,58.1453858210488,61.588357357811965,64.19944684573055,65.95130665429066,67.11145923563014,67.89138860744303,68.31055941321476,68.47196992378196,68.32666060553471,67.88553689559562,67.1031169592182,65.90498207367744,64.16673286182825,61.69203154049514,57.77743546083595,51.85043265490485,51.94039549815222,57.81959911484091,61.49354616033284,63.83074819195329,65.18991664171828,65.73642081354159,65.8413325859239,24.16640507338281,23.117538610557546,3.0102999566398125,17.853298350107668,19.030899869919438,13.010299956639813,18.63322860120456,16.127838567197355,11.139433523068368,18.325089127062363,12.041199826559248,12.30448921378274,19.138138523837167,16.989700043360187,22.09515014542631,22.671717284030137,27.234556720351858,3.0102999566398125,15.68201724066995,20.644579892269185,14.14973347970818,15.68201724066995,18.129133566428557,18.06179973983887,11.139433523068368,22.09515014542631,11.139433523068368,29.12753303671323,22.671717284030137,20.37426497940624,25.76341350205793,22.30448921378274,34.21110129793434,34.295908022233014,36.05628222007618,30.92369699629121,31.367205671564065,32.78296208091274,32.14843848047698,28.29946695941636,27.90285164033241,24.969296480732147,22.27886704613673,28.60338006570993,28.40106094456758,27.16003343634799,25.4282542695918,15.05149978319906,20.96910013008056,6.989700043360188,19.294189257142925,18.325089127062363,13.979400086720377,21.613680022349747,11.139433523068368,13.979400086720377,19.084850188786497,24.16640507338281,6.989700043360188,13.979400086720377,19.030899869919438,18.129133566428557,20.0,6.989700043360188,19.294189257142925,13.979400086720377,12.30448921378274
19.86771734266245,26.60865478003869,10.0,12.55272505103306,18.325089127062363,21.613680022349747,54.38615120634788,56.60426220251833,58.129674730449565,59.07901278110221,59.556093489951785,60.04020273253242,60.15400416213004,59.9337008924583,59.55769503484184,58.574778401218246,57.88021931214232,56.4572184884312,53.41539375735757,50.463741849617854,45.472453556412674,45.51998619049009,47.440894821812655,50.39275281398446,53.28917550616458,55.18982198970061,56.27726253377092,57.07450941638602,57.486848547918335,57.33609689113047,56.923400935818485,57.017104240995366,21.072099696478684,54.90604521201231,51.63125580000675,50.73182940326544,52.2481783739504,53.05456705332705,54.99171395462737,57.071203206689546,57.93111880765806,58.88017656768538,59.47599369225948,59.69334357986424,59.16547640767466,58.68875334692912,57.57693555241242,56.76205096549539,54.90504868754995,50.847085120876045,46.511325785504816,32.08978517276253,42.95127085252191,49.23088515442399,53.46245365640417,55.30017743229231,56.49518859318084,56.79109782081773,57.16351474833446,18.129133566428557,3.0102999566398125,16.127838567197355,19.138138523837167,15.314789170422552,15.68201724066995,6.989700043360188,6.020599913279624,9.030899869919436,19.54242509439325,13.979400086720377,54.00285800899304,54.39157361397186,54.38263804730329,54.20919044303589,53.63771755826781,52.50627340622291,50.63956014232275,48.69917832262976,46.67191363468173,48.14786798490221,45.709396944137424,47.555166054850126,50.63126860458549,51.52563514256539,52.268395387081526,52.94986186337589,53.38705444303256,53.31275418749689,53.26434180624731,53.20364417544825,53.60829996063829,53.881740517357024,53.63892018927372,54.33689845991698,54.31405583095625,53.34150040967789,18.325089127062363,52.41426933553016,52.52049206692366,51.38103666731162,48.77371345869774,47.97959643737197,46.165070214142006,45.25018878234073,46.99672992130208,49.18224362227235,50.38548634553194,51.53509989300837,53.08060467738946,53.47763117827486,53.618732059248856,52.5470513908514,51.98450885566405,51.709771248381664,49.59327645972171,48.90867938811441,48.35544725501089,48.820974330374185,48.85643871835764,49.82944771707725,51.2889661292925,51.84697107832545,51.55751910620698,18.129133566428557,13.010299956639813,61.12216442500576,59.694201061645664,41.1965172203987,71.74214328563745,54.037191944157605,42.39999792886872,81.25846599267591,12.041199826559248,6.989700043360188,44.331134975697154,47.74611843234153,51.24116055593615,54.59874769298969,56.943770247304606,58.9015040873183,60.06300422531055,60.89664947284086,61.36391393043149,61.55123393710713,61.21490574766639,60.6471586859535,60.004726893581264,58.418910618516335,56.16954181766484,52.24232552221392,45.94812275994005,40.36029730656544,49.407256131080345,54.29605337682312,57.19412502403182,59.01747028518444,60.1481780691292,61.02277592326533,61.2841542520604,61.143724236732105,6.989700043360188,59.63036603844376,58.42087898237055,56.4071591255875,52.74492681325758,50.35337666000665,51.23283094243714,54.77734624241653,57.87472518407191,60.184516648457496,61.567774442052,62.64791858976359,63.35706971861722,63.72848878464425,63.789769979932245,63.37763659915054,62.78513072360892,61.83037968213964,60.210043743394415,58.00822203304524,54.8158163781964,49.58659427052933,44.3407365378505,49.76537964434474,54.74592101325647,57.66213501846202,59.66893233259783,10.0,19.138138523837167,9.030899869919436,19.54242509439325,16.989700043360187,9.542425094393248,10.0,20.863598306747484,16.989700043360187,17.24275869600789,23.443922736851107,52.69045709657623,56.23681301869347,59.15627740428504,61.09500927123983,62.3247820395609,63.2066961760825,63.835110738049934,64.15347682070889,64.20784739970023,63.734012287217055,63.29991856350997,62.23214713691084,60.433595268256525,58.36410839327233,54.99722814238736,51.79106353519594,49.42865867523362,52.67840261839604,56.19354246514376,58.536258233299854,60.15319929282235,61.33667261740783,62.03960350099546,61.61627004110609,61.62607415676242,61.696274172262505,30.073209529227448,59.64078990260351,56.79621378035557,53.566089889521,50.22510850434031,49.25956349861239,53.992582611669214,56.78107562551514,59.193757175513895,60.68329860314367,61.737749358175726,62.41582587295044,62.57782217316866,62.60203565200318,62.32646756517531,61.892221305701874,60.86772925863067,58.97019754029267,57.25323467230788,54.114345021650045,49.03708416102489,39.56648579205204,44.61633566267848,51.41449773400467,54.38137134713856,56.3862900740397,57.67604776149959,13.979400086720377,21.84691430817599,9.030899869919436,16.020599913279625,13.010299956639813
18.129133566428557,26.60865478003869,10.0,6.020599913279624,12.55272505103306,17.634279935629372,54.29941132817626,56.32319591919802,57.70553055278149,58.80023143149175,59.53160735112546,59.93984814465473,60.26525093336702,60.00043427276863,59.72455100381087,59.01513353972757,58.14941113559405,56.944174027421184,54.91300047661848,52.45821006117413,48.34782994481185,45.85235063365776,44.661258704182,48.92817824309576,51.57580661899408,54.454998978088646,55.80739135393169,56.76402763530264,57.816297341096416,57.83378251079921,57.81877390670729,57.91955775369679,18.63322860120456,56.412856770474,54.07513271584969,52.177260288046845,52.76047993296864,50.89626084717398,52.56777860100623,54.97749054920468,56.14511239274431,57.6701404763698,58.61505735723767,58.95044998861059,58.91127499871032,58.76598836134076,58.18366455552568,57.45894178566054,56.078108916144345,53.84883635804053,50.71742127236835,44.87025189528695,24.84299839346786,43.26335860928752,50.82562782228035,53.55995245049464,55.23872575939552,56.38845531767696,57.1277509026442,12.55272505103306,18.129133566428557,12.30448921378274,9.030899869919436,12.041199826559248,6.989700043360188,3.0102999566398125,15.05149978319906,17.16003343634799,16.127838567197355,3.0102999566398125,50.96117136549711,51.99458966386993,53.3532548588238,53.533102183883976,53.499881394314926,53.01336065396815,52.21385544766576,51.05677058036484,49.71739590887778,49.84765772296714,47.00919945420287,47.432274599741945,51.0632011210564,51.61047404554631,52.32574309812557,51.76522444121226,52.49990375105285,52.8653954812821,53.44191783807624,52.88571137161188,53.11967777839956,53.17789726788018,53.248439991808105,53.57267654644208,53.545405968852144,53.14164378498713,14.62397997898956,52.809992590118966,53.79196703832135,53.23066376363904,51.02519458368337,51.43564350459822,49.60156716186224,46.50511506184857,45.18316488416471,45.12897756320646,46.72513472868509,49.304446920898606,50.76072176497813,52.36912446700583,53.433101031623416,53.32474817931683,53.57799585113342,54.58610657563389,52.99206478843644,52.4565576400954,51.45385999394223,50.8117802240517,49.77119744913775,48.19280646972481,47.57775491011926,47.71866632945405,48.46980035240416,17.16003343634799,20.644579892269185,61.12216442500576,59.694201061645664,41.1965172203987,71.74214328563745,54.037191944157605,42.39999792886872,81.25846599267591,10.0,14.62397997898956,52.94787969867011,55.60805389860839,57.666068976912726,59.07274278383733,60.28418734874674,60.74843126270733,60.99028710315972,60.863074985966136,60.43451092968788,59.91093108048887,58.31415414327542,56.527354930648,54.213044236363714,50.13309210681348,44.32343841280726,48.15683984744049,52.82794256016391,56.02096904790124,57.9929780725849,59.38001565049813,60.346432937641424,60.83242395189311,60.77442037931013,60.66612129887047,59.85680150117926,58.31245707380161,14.14973347970818,53.37796582060893,49.82727906838392,47.60218860156887,51.93936748686024,55.86246260881825,58.64170394142352,60.61742665755283,62.0504404612378,62.99635628684693,63.555174160100506,63.85493664134479,63.983029271801,63.64860987837893,63.01420684913892,62.01929968898257,60.49547496153299,58.86473804278622,55.48886698430309,51.03126103562384,44.9338833521016,49.37006065857815,54.181056489814665,57.28831648832207,59.235491613460695,60.53541316067048,61.426503399116505,3.0102999566398125,20.5307844348342,3.0102999566398125,17.24275869600789,14.14973347970818,15.05149978319906,22.576785748691847,15.68201724066995,16.020599913279625,16.989700043360187,21.13943352306837,57.50669586153777,59.74118208611519,61.56709029491615,62.67612137856051,63.52897260909055,63.8746421959516,64.136648204098,64.01500485946829,63.66995101728384,62.92779789355271,61.92607870390259,60.39374455768474,58.065035385265546,54.8298928481712,50.675357896963504,50.56142262059052,53.45093260280553,56.54393153611074,58.74663267336242,60.335849774908674,61.2546337304999,61.97018523689631,62.31442318735485,61.53328487041416,61.122898897032016,60.69010979327011,34.1929472175346,57.32046990081257,53.55800041893026,49.23477169063096,48.06159615952903,51.74338969626746,56.22472035392615,58.51929457166234,59.98196980422076,61.46419845554166,62.38253159512379,62.77225857624896,62.81914931011354,62.651936555107646,62.18647346587811,61.54029977309874,60.32603451498965,58.58681537397669,56.34164788188797,53.0016271276996,47.16545872727093,38.38408278494187,46.76089749249794,52.16561735047927,54.78929938856221,56.79155241283354,57.847349426884136,16.989700043360187,9.542425094393248,17.24275869600789,18.129133566428557,16.020599913279625
17.853298350107668,26.60865478003869,9.030899869919436,47.41467697685545,20.0,13.979400086720377,54.15328989716852,56.13491920684018,57.75293621488718,58.86721347620511,59.63043696933553,60.01846164947594,60.163989733136575,59.976746532502894,59.60148147694444,59.13157147756736,58.1839482638808,56.87397850483704,55.42003347503985,53.5037208474892,50.586992706708585,43.29377537222727,43.248994970523135,47.57889265054904,51.56409815550318,53.51641726193522,55.56979954056028,56.6389024028357,57.19067646586189,57.68715779003388,57.5624803616373,56.87350569558028,24.345689040341988,54.71034873187784,54.555832944089545,52.975504236670304,50.63352126674226,52.43439895323497,53.80104464526238,55.04696446726424,56.995611109680695,57.9669711157772,58.83450765434431,59.3848219811033,59.66356244702581,59.44149420716046,59.04741504820535,57.86627218873278,56.38885432312024,55.12284063281854,51.76149161126549,47.41064888938512,40.85861173788451,44.139197420336544,47.96470256567705,51.56991095110956,54.019740510753,55.80085212234098,56.555273961216976,19.294189257142925,6.020599913279624,16.020599913279625,6.020599913279624,12.30448921378274,16.901960800285135,9.542425094393248,18.69231719730976,18.69231719730976,0.0,12.30448921378274,52.87479247316743,53.57629971956762,54.03888868483505,54.39915047443328,54.38244806582983,53.90938637938473,53.47394422756081,52.45399144192987,51.10512271046058,48.97764504511617,49.51847296899779,48.876173003357366,46.70115916485489,48.118430061764776,49.55711796961274,51.308256902048186,51.74748663614962,52.37013112401573,52.63638435309082,53.171687698622485,53.2701135975241,52.98846529207363,53.01622403405415,53.347532306377175,53.46325585646718,54.210327173554525,20.043213737826427,54.49368847508988,53.47778717065364,52.79514092939736,53.26438276795728,50.998808261253934,49.86180333101845,48.89693791444185,46.57017587340369,44.82029890469332,45.48831473174153,48.09835690090468,49.91726555333173,51.08581935182454,51.97864739210387,53.27358934386331,53.52539457963533,52.81808039373373,53.20978751332532,52.50890639537644,51.23492301422652,49.12051920109143,47.97752128650711,47.60965012515506,47.653182962198805,47.36818638473778,48.696306178973,17.16003343634799,25.477747053878225,61.12216442500576,59.694201061645664,41.1965172203987,71.74214328563745,54.037191944157605,42.39999792886872,81.25846599267591,6.989700043360188,16.901960800285135,52.73871305202821,55.34032455344253,57.50032956374221,58.9154024517634,59.99271946827918,60.55322129420975,60.8826369934928,60.79721244910847,60.28133891560411,59.312243873676735,58.157138590554126,56.08365550303124,52.56799499148165,46.63305075447098,35.1587384371168,47.51155882395935,53.08457694189304,56.246378446194434,58.4269970820414,59.74920924889277,60.50434281353185,61.04529787525459,61.24700134832102,60.90003963972816,60.17061734548147,59.29742737556562,24.23245873936808,55.1869420047493,51.971592144628346,50.423155667024695,52.433754264624106,56.05375087989806,58.66727319388994,60.5632883884894,61.87446828086799,62.816196100122745,63.40327692450906,63.720757335257375,63.66950141476869,63.28908590288258,62.68663371613961,61.7027257262129,60.21292690210029,58.17459592421852,54.93576542151903,49.83991428006162,42.37644257639192,48.85010476120017,54.35541782772181,57.5618027822898,59.52067530077901,60.85888614801612,61.69155203594058,17.634279935629372,19.138138523837167,16.020599913279625,13.979400086720377,15.05149978319906,13.979400086720377,20.644579892269185,15.68201724066995,18.69231719730976,10.0,23.180633349627616,57.73296307725738,59.84975777672772,61.47511848498976,62.528884524372266,63.46993575194296,63.95248265465547,64.19687823410203,63.95587939585042,63.61615471388614,62.92819623647928,61.75656167642329,60.112002686740055,57.99788400067556,54.752832002615975,50.36005746865992,47.9049627696711,52.20996697147369,56.19312510504743,58.84773280617269,60.45485710911255,61.38152643243372,61.97191484155084,62.104988363501626,62.142038516091,61.59876562949727,60.86554151774269,34.01745082237063,57.56286858980274,54.139197420336544,51.8269134853448,49.155317393839454,52.26058310427113,56.52339186913831,58.370256371229765,60.100814821084754,61.57207967334009,62.22900032292316,62.80536486700346,62.86374723071816,62.68248382070831,62.301537563172566,61.42211706930959,60.129325060513,58.69935410646861,56.22542469979359,52.61757563662283,45.917878286455945,36.26750853683393,47.82185866492016,52.25063629074781,55.157480389806,56.67602361847101,57.70964619170327,24.653828514484186,6.989700043360188,21.95899652409233,10.0,13.979400086720377
11.139433523068368,26.60865478003869,9.030899869919436,22.27886704613673,16.532125137753436,16.020599913279625,54.36366224570938,56.50987094383445,58.12358441629391,59.27621831942329,59.69241134238307,60.075706965106654,60.24346490552521,59.991971164004624,59.73702682193429,58.5496215060866,58.20890789899057,56.70269051946057,53.2232888855976,50.09285135355167,45.88977212260553,45.00263926200883,45.637301992926105,49.801170463604464,53.61489852978373,55.307118379816565,56.39908625465721,57.24488867483494,57.54791579163075,57.43187451956715,57.05247740178905,57.00029258637077,19.86771734266245,55.01708163899206,51.74338969626746,51.33337681226803,52.00097761858999,53.81297428047797,55.65192342102974,57.118249377755205,58.180760427683005,58.886242353699565,59.3959612093072,59.64305839311962,59.16306526616384,58.55805562309661,57.61100538958142,56.91295490845782,55.15476441382376,50.2639024655699,47.84089257609628,38.02157753186962,41.89237580166832,49.661417327390325,53.9874011022954,55.634620994282926,56.66904368149319,56.63091921073645,57.14266874717457,12.30448921378274,9.542425094393248,3.0102999566398125,12.55272505103306,12.30448921378274,6.989700043360188,15.563025007672874,21.613680022349747,0.0,47.41467697685545,17.16003343634799,54.32926019526862,54.76259048693333,54.21927881821873,54.186492505196014,53.45657938672113,52.46304040268619,50.84079146327559,48.5764604034652,46.87439774545894,47.93545937985268,47.30782275666389,49.21790485658187,49.57746124181861,50.84293805317473,51.64887957547954,53.261412042180666,53.82654500849064,53.95085148457995,53.16867379944639,53.36159426484781,53.412069302581614,53.766809563069664,53.82701282954905,54.12468947628835,53.9824738036848,53.82775044499727,15.68201724066995,53.07352675680768,51.86673867499745,50.99504540080182,49.6876771499446,46.90063112384906,45.42227705362038,45.46258798765529,46.76309432000456,49.531215493603455,50.8790203841354,51.89818647566669,52.762434531239066,53.1524171435515,53.323657347507776,52.946447572429165,52.53824859517836,51.25734936692226,50.81379716630826,50.04398765903097,48.95162775735844,49.01529154117124,48.63857961883973,49.94075077145827,50.82084909678088,52.280562776329646,51.98450885566405,16.989700043360187,11.139433523068368,61.12216442500576,59.694201061645664,41.1965172203987,71.74214328563745,54.037191944157605,42.39999792886872,81.25846599267591,13.010299956639813,20.0,44.51878502333504,47.750859201018734,51.31496762528186,54.72769609556661,56.97024356231487,58.890982369207386,60.15333764035064,60.96065619065266,61.39128178150926,61.51867609020463,61.33535395680055,60.76946853536544,59.863170541739336,58.326136416880026,56.07576179835469,52.19262221959504,46.04927703428446,40.97396150641502,49.44309907031343,54.44077601096745,57.13864194774541,59.00435408584589,60.20219533646554,61.04274008914523,61.291534586514686,61.26918400663116,18.129133566428557,59.7371191018121,58.27222544628221,56.3405990514007,52.965884142489735,50.22510850434031,51.16899831633445,54.890031058926496,57.95275058276003,60.27131794240098,61.67148606636501,62.728986506306576,63.32394220224505,63.68996241903471,63.777405105359946,63.4695704511562,62.874080001158,61.91163066185545,60.25047670110873,58.07074783896966,54.66162988018488,49.87827084954738,44.09476620806971,49.38884819336736,54.70987892117449,57.91439401197472,59.785114775487656,22.27886704613673,20.96910013008056,17.16003343634799,14.62397997898956,21.613680022349747,18.129133566428557,24.14973347970818,21.84691430817599,9.542425094393248,21.613680022349747,21.64352855784437,52.4234510667734,56.11669150551056,59.18672387004045,61.096652621641454,62.32335277085655,63.3010884842525,63.882380076603226,64.16949561771177,64.22177671861223,63.65598229280658,63.28872747126658,62.29068483476037,60.29615069220208,58.08541802244968,54.92677990939208,51.62830158820944,48.96619900356518,51.96684545476856,56.29908852629606,58.71771358119236,60.39493435125934,61.4428769669,61.78643764546467,61.96329308356528,61.52838815346101,61.45113394153468,29.074113607745858,59.20219883439699,56.86104245546031,52.83231102578949,51.09311881804,49.96520428003049,54.24816324279354,57.260397792398194,59.11026501292645,60.744770612076536,61.72990937711895,62.45849362247979,62.606970846903245,62.68747585039424,62.37062178471901,61.90681794506786,61.068759773701686,58.996038481248895,57.53262006588388,54.50867768108832,49.66667263098043,38.45718017966659,46.10798519192768,51.88785100750853,54.82514856827943,56.34487346481933,57.56455051093499,16.020599913279625,14.62397997898956,22.50420002308894,11.139433523068368,14.62397997898956
11.139433523068368,26.60865478003869,9.542425094393248,6.989700043360188,18.63322860120456,22.14843848047698,54.31584072507783,56.44542965167139,57.87549024724024,59.06947256276268,59.48746383746708,60.06733382658968,60.08556314320416,59.92066375426538,59.55002342250233,58.71061871962767,57.7773485194902,56.41843797501603,54.82101453486599,52.50441960463536,49.309490311675226,40.51152522447381,44.83173486092514,49.21379500258833,53.03975359341079,54.53186808421724,56.167411557353695,57.23147698154957,57.36486539321666,57.76370616759564,57.67305801710757,56.875432293821206,14.14973347970818,54.43059486517284,53.9292546917228,52.75249143449604,50.75729399740899,53.381575642717735,55.00896199927026,56.0919407628991,57.60200001320654,58.42980976319584,58.8299557446491,59.245403013161805,59.42189178088448,59.09193252569817,58.302806401963856,56.52135093202787,54.98361563161586,52.19112780306168,48.128866300062185,42.47727832909723,44.42871554821198,50.088768399047,52.3276493309769,54.21932813278509,55.87585259536173,56.99653913660396,57.40344527708888,22.671717284030137,20.170333392987803,18.325089127062363,16.127838567197355,9.030899869919436,18.129133566428557,12.30448921378274,17.634279935629372,13.979400086720377,19.86771734266245,19.86771734266245,53.412069302581614,54.06276117250953,53.97809700780306,54.03472277376003,53.36861820426396,52.825858635212064,51.81343289794601,50.61490176624815,49.47570949024913,46.178387477170034,49.10421615655692,49.77910997209899,49.12593997752106,50.47309921129448,52.04187835867828,52.60197839945111,53.10551001839939,53.21830323632304,53.65684496117359,53.74346850389508,53.50154945258426,53.631172417139496,53.68296184470271,53.54189141242748,53.56310829218275,54.20221528027841,0.0,53.84432271844426,51.85862162670644,51.21733789752816,50.47235915459681,47.98125584444266,46.11223954028937,46.03187691604997,46.54301708501481,47.54990127750688,49.24413689744878,51.27137207191501,52.02128526463674,52.61112922074942,53.073847758147046,53.66185664887748,53.82956696343989,52.0451338379717,52.1991182631408,51.03242537318155,49.52293468308801,47.52447968653242,49.05930733491729,49.37648261091438,50.21023822031586,50.341188743168594,50.87000120795991,24.60897842756548,25.563025007672877,61.12216442500576,59.694201061645664,41.1965172203987,71.74214328563745,54.037191944157605,42.39999792886872,81.25846599267591,6.989700043360188,3.0102999566398125,45.93917107968336,50.8740159891382,54.31931193131976,56.80038931384786,58.458301394426464,59.82776259012429,60.72600207301177,61.19285259264213,61.49879600197697,61.09094040082464,60.79953964300302,59.94966568551773,58.41465840801848,56.40382044709568,53.186329727271975,47.53889331459834,40.66027594948862,48.6783268376667,53.992582611669214,56.7552905474298,58.620293558518384,59.87205364466342,60.551553924003336,60.94348824158173,60.92126679520571,60.71964809800569,16.020599913279625,58.49754066288477,56.004871721893565,53.15386698060163,49.3492748380264,50.23421204796804,54.21592411333173,57.49307218537939,59.74988556059975,61.444278615166,62.36176627223536,63.2190855963787,63.69730210225916,63.87217854397153,63.75488946744294,63.05448107442473,62.43550957683474,60.82559191162552,59.27783413667165,56.45392791347661,52.4040196253773,46.11011288705342,47.04973694117183,52.8811726229935,56.560646459552046,58.88359803867803,60.47699216937929,25.01059262217752,22.671717284030137,14.14973347970818,21.13943352306837,14.62397997898956,18.69231719730976,17.853298350107668,9.030899869919436,16.532125137753436,19.084850188786497,22.14843848047698,54.41577318264608,57.96752593237591,59.82280733127453,61.65769436585913,62.64264689567487,63.63897091794885,64.02794248640903,64.21313148354298,64.06411065079278,63.41839742943408,62.77283887276036,61.60068868388039,59.85682394377277,57.51356099725393,54.46925311242748,49.23471989301967,49.68604347246624,53.57067296901225,57.287375774150576,59.22603506340647,60.7881809645575,61.63490848460136,61.64073449131014,61.95447141919121,61.97145147436308,60.83162074006658,26.45422269349092,58.17846215041632,55.35948234331534,51.19839616291833,47.79315046514312,51.46726329341988,54.63035493402296,57.56069863441334,59.55459240729133,61.04411990990467,61.72733666858097,62.49669097600727,62.793805893834936,62.77979638964499,62.55303869683292,61.47261305225564,60.527231759991416,58.8550200362446,56.82564721659215,53.54916704146841,48.01684915541319,34.37433443797971,46.61595010666807,51.7246281361487,54.6539623703096,56.52056718948163,57.74175965464633,19.294189257142925,13.010299956639813,20.5307844348342,14.14973347970818,16.020599913279625
21.072099696478684,26.60865478003869,19.49390006644913,22.92256071356476,20.0,16.989700043360187,54.28665993622409,56.44944479207694,57.89824581815785,59.10720429907394,59.54633198689236,59.97357110040181,60.15551289015409,60.08927897832895,59.626765956750816,58.5536891346052,58.002605543449086,56.654806133074175,53.74486224261148,50.595331260353205,45.96959772450969,44.60672371877432,45.61494933794829,49.7228617047618,53.24208351339125,55.2172633728741,56.43784192982174,57.31418720517787,57.74132134451272,57.79568354989623,57.549733310005166,57.67664101438498,17.853298350107668,55.85643433165928,52.972131959896416,51.63447628628096,52.5267102588598,52.23197309529674,54.30710222448268,56.16790486329716,57.275168577767786,58.2777300505455,58.97337281714138,59.18232226295524,58.72681189393773,58.31066322297644,57.499194225006704,56.85387890736706,55.126270378143545,50.75415558310823,47.22140125457416,36.73665876245702,40.73681699476283,48.69073232018468,53.61425612983891,55.479838053590754,56.66312016236164,56.951812439550906,57.62331139228963,16.127838567197355,18.129133566428557,19.54242509439325,10.0,10.0,10.0,12.041199826559248,16.532125137753436,6.989700043360188,16.020599913279625,17.24275869600789,52.712489826348026,53.48526822332176,53.47185551779386,53.49512585242442,53.11510164083533,52.259111895129095,50.6912025933216,49.18711665382321,47.75049471017758,48.8762855134238,47.07399831133249,48.780274755907286,51.22491117349504,51.90401740018988,52.51847409977714,53.44030538531608,53.93134543766244,53.76522210604112,53.33852158516895,53.24868665777038,53.594958792363954,53.378285041827226,53.3838078429804,53.87165501591206,54.01443623414573,53.12283165791478,19.86771734266245,52.19283192112123,52.58515165123625,51.52263876399056,48.85813374660489,47.91339703965139,45.34394211412905,43.92239560398111,45.15078675075923,48.50603354908642,50.33785516842231,51.57305630327966,52.90864545251634,53.77488383376133,54.19493135439347,53.645772585889866,53.49396043570056,53.31001904844205,51.98912640781824,50.951588863783954,49.79953345254416,49.654510076515606,47.74385562646842,47.87609228552539,49.09395545967105,50.66519730293415,50.86946799326456,25.289167002776548,25.118833609788744,61.12216442500576,59.694201061645664,41.1965172203987,71.74214328563745,54.037191944157605,42.39999792886872,81.25846599267591,16.989700043360187,10.0,45.969048408813606,50.95800276863868,53.978792031880886,56.69104796366025,58.37536041990619,59.91248233008992,60.75122313110455,61.26340870533752,61.40460902873301,61.39220536800313,60.772446862749725,59.95839571983783,58.78053930205393,56.75232840540555,53.72591684703301,48.71864702088195,44.7158505418519,49.441370731580975,53.76907114307684,56.55523556231317,58.591557167791706,59.843585132580095,60.54009832016717,61.00399841773013,60.980037515668606,60.42835696184884,11.139433523068368,57.837621248119305,56.11881494055407,52.80179856690861,46.98865761150679,48.69847511611599,53.80768228972951,57.19603878678199,59.759370424831104,61.44082351422747,62.59311902058128,63.31744043858512,63.737203996346096,63.98306225048613,63.8065435785981,63.22953665200653,62.39222375625615,61.14691698132742,59.2369155697038,56.55412184639015,52.71195490502451,47.0205984927033,48.00895706993073,53.12283165791478,56.640549995074494,58.9743903955376,60.35856218038144,20.863598306747484,24.62397997898956,22.671717284030137,26.364878963533656,14.62397997898956,24.29752280002408,21.33538908370217,6.989700043360188,6.989700043360188,19.294189257142925,21.73186268412274,54.23458871819513,57.6097178984218,60.00050809482086,61.70455344087752,62.7165135782355,63.53848745658248,64.00405522325813,64.22251102523765,64.03093741718112,63.503939865443954,62.88442624690387,61.74546479991668,59.73322318541258,57.20844534209804,53.88316163224376,50.84293805317473,50.80987046910887,54.381466362467485,57.36754946089656,59.234357292441786,60.81366033198993,61.58199902826994,62.13662497701496,62.06290635809924,61.98464635371916,61.35182282195856,33.02114376956201,58.62972903878933,55.01190763664162,51.64117797224704,47.57669275006877,49.73021577053806,54.42194326559684,57.482849569211,59.70544913992892,61.04521252618329,61.97039216367864,62.65622410275952,62.673935140790064,62.6174900642594,62.36759390132927,61.780628170475424,60.72959780237764,58.798032547426416,57.00075179280197,53.77621291746241,49.24455036357492,38.84568814918333,46.31037696536741,51.80828095436608,54.6924748409219,56.55570592549196,57.64098385971997,9.542425094393248,9.542425094393248,15.68201724066995,16.020599913279625,13.010299956639813
17.853298350107668,26.60865478003869,19.54242509439325,10.0,16.532125137753436,10.0,54.70088399693292,56.68916810640077,57.73660671466157,58.84288296780771,59.4517403163791,59.94125263886511,60.077976891349614,59.868872322845405,59.52135905765323,59.08549890122721,57.77024242805755,56.29801918035837,55.26748820391034,52.66036384945349,49.07690767324928,45.42638727315163,46.39087871083738,50.14528938956798,51.64216001716105,54.20703148348274,55.54854855181817,56.59577755679295,57.46149822886149,57.6293801279569,57.470177341563286,57.062098130498136,20.681858617461614,55.1917146382166,53.55537719121984,51.71343169572899,52.03272281638844,51.4096660689554,53.39352049045587,55.56835390812802,57.012743269021314,58.38204724172054,59.18326584009456,59.46390358898935,59.41900831092558,59.27617214438147,58.70577705351178,57.17593953933879,55.34057851568514,54.17280661269984,48.68009281278586,40.90786927949267,37.43196081448701,45.86789778209423,50.147304950017535,52.87048897671056,54.79298839891632,56.59083876372705,57.11736386882101,22.380461031287957,13.010299956639813,16.020599913279625,14.62397997898956,12.041199826559248,6.989700043360188,3.0102999566398125,6.989700043360188,17.634279935629372,13.979400086720377,22.380461031287957,52.12086346034042,53.13835595833156,54.52280298867909,54.43810401121398,54.2756724771945,53.378285041827226,52.54098324143592,51.35670016720614,49.860996250551295,48.58374757900891,47.14304606826788,46.86886408025396,50.43008409879952,51.44468345157147,52.19125891280883,50.93789278909418,51.76814480674778,51.78046964753848,53.68712600961363,53.14164378498713,53.5454827580032,53.69900166990745,53.29471103170677,53.95710709035136,54.046917783019886,53.61109943213194,21.367205671564065,53.13044233082023,53.8645615823541,53.28705711568874,50.695349027125616,51.06819607815159,49.45557207615936,46.828487672897154,46.21602055622412,45.80388901108861,47.66360788146932,49.68492288119787,51.446520311886985,52.55535414944344,53.366398186416895,52.93691742275966,52.60493546052991,53.69022794734413,51.371134734282336,50.48787392389632,48.950079450705424,48.47948802504038,48.70550206268082,48.85553443271495,48.74626751617682,48.90365121448124,50.08642747565285,22.671717284030137,27.61927838420529,61.12216442500576,59.694201061645664,41.1965172203987,71.74214328563745,54.037191944157605,42.39999792886872,81.25846599267591,12.30448921378274,6.020599913279624,50.15045239174416,53.602619814016215,56.281119151229966,58.14400104896151,59.528936213874495,60.33709973809713,60.84269124932093,61.0279752358564,60.90101735236816,60.63533381127235,59.53831665610757,58.10668610302336,56.42830400151063,53.22477726447527,47.514715677498,37.1474876072506,48.03238547711288,53.20787902807404,56.54777974576079,58.46586976094204,59.80611412769247,60.66456007830645,60.93309594702998,61.23343578549861,60.8452837779446,59.89026886639384,23.117538610557546,56.62089826466172,54.53789080256651,51.30079551408896,49.66216847450493,53.60688062030678,56.895077541939656,59.21231137858828,61.07352449150477,62.097219253320176,62.97937693354251,63.565644691215056,63.86275786081423,63.69472646248856,63.29605314765215,62.50923540680931,61.390279168390606,59.844246907103056,57.32710518400776,53.89839162125274,47.33012590485637,43.79414304412172,51.42467682144604,55.84206799271915,58.41412033176599,59.72473609252905,60.96882564729426,12.30448921378274,20.37426497940624,16.020599913279625,21.95899652409233,22.671717284030137,11.139433523068368,18.63322860120456,17.24275869600789,24.29752280002408,13.979400086720377,22.671717284030137,56.48075918769343,59.00773918447007,60.74553152075787,62.10954911536489,63.09243601079989,63.74914152543201,64.09684642576755,64.05096607474464,63.886838384743626,63.26856088033438,62.29041573173397,60.78917694109763,59.09573143957416,56.29240333999639,52.25908607999338,48.73122885967887,51.820406900483455,55.6398628174231,57.81181439729255,59.69741045498894,60.81218368744635,61.45771768113405,62.381778777033176,61.932364982844646,61.73628207724308,60.97175719932953,33.77488383376133,57.64377161958731,55.5856098131072,51.10219223689404,49.16369713572809,50.34263383578192,55.06592964752595,57.77925358516077,59.80277050023063,61.33927683333695,62.17815723717747,62.661359343158445,62.815825956038495,62.73610709521917,62.3843754481268,61.49151345108825,60.32211267584242,58.81915073688455,56.25009780166758,52.81099302242188,46.296949571055066,39.20384242178358,45.71289471190606,51.387099543426274,54.305297618724936,56.97474327362758,57.78466723099284,22.09515014542631,16.989700043360187,22.30448921378274,14.62397997898956,13.979400086720377
19.49390006644913,26.60865478003869,16.020599913279625,14.62397997898956,14.62397997898956,6.989700043360188,54.35074753994159,56.522666527424064,57.88084191903101,58.91288182509869,59.60744681965178,59.97058573727401,60.13600574422614,59.94567888639048,59.50838327725855,59.15304839396136,57.81302898489923,56.412410360932775,55.44421540238881,53.01659266551521,49.94800899294604,42.80122896302308,44.49262355308886,49.17699769556032,51.73969623352319,54.10063223200989,55.55898177472571,56.89373687612368,57.30397859908334,57.7973858763192,57.69833538737337,56.71207103401685,22.50420002308894,54.59508585695117,54.223156521131486,52.77989485154336,50.78909727137935,52.73496664182393,54.06420945974621,55.54101332121236,57.26303300274611,58.3048922503393,59.02175377583192,59.37329790744543,59.60141483195069,59.29014588213727,58.82959752682045,57.11463874213912,55.47777165972818,53.94455183186948,49.56288517433657,43.626520879077546,41.98794500175598,47.514715677498,50.0512901208094,52.91306677057199,55.03022159937332,56.54632744723365,57.152451724314005,14.62397997898956,18.129133566428557,17.24275869600789,20.0,13.010299956639813,10.0,6.989700043360188,17.24275869600789,13.979400086720377,13.979400086720377,11.139433523068368,52.944662261615925,53.57999605384311,54.28627147383003,54.32271616023719,53.97164535388298,53.38017993470888,52.650113241756095,51.510693874132826,50.43000542867627,47.38820182085683,48.73029812061044,48.61946406837544,48.182786921651,49.95534286177595,51.42020096199679,51.80607519961114,52.1409377790224,52.58206126068828,53.52491239988165,53.66150153307139,53.67834685712244,53.7075727688773,53.56840112994888,53.65910841691958,53.811403611497056,54.291852283207184,19.86771734266245,54.008659607565725,52.99223923366583,52.44140995786811,51.78815854565608,49.98908550507569,48.53162616742101,47.35702670907348,46.49763099462267,45.373782828302055,47.39864939776589,49.657518665350736,51.19338384193543,52.15174739097536,52.77916205832143,53.59176903835653,53.581348049987454,53.00495484659543,52.757557893129885,51.40495472827845,50.13014279562847,48.23656777068226,48.691906358773394,48.46442270425858,49.05714948389766,48.57290271303995,49.45335617488213,25.95496221825574,25.76341350205793,61.12216442500576,59.694201061645664,41.1965172203987,71.74214328563745,54.037191944157605,42.39999792886872,81.25846599267591,12.041199826559248,0.0,49.92084951671872,53.50061852232047,56.248851502758406,58.12263433292179,59.501647017229935,60.34744734132491,60.9529630732458,61.11157961149437,61.05968421658953,60.5154224746518,59.64836891050688,58.25488433581239,56.17948668522213,52.93901496778882,47.34039348757123,37.50199727829183,47.98650645445269,53.23511980142777,56.369870981421776,58.56100853789916,59.70408714617608,60.57207228344269,61.1021854978946,61.14539596630169,60.75445127470818,60.09214561709874,12.30448921378274,57.00237162394494,54.222778761641806,50.899404184986345,49.98721293602391,53.4891206115364,56.85477499733508,59.29288617822561,61.01347297848328,62.17896985517277,63.00992644732425,63.56935582894703,63.775548426454776,63.676633597762745,63.28342493122872,62.53857781191012,61.35546386196693,59.80178418370437,57.422418768115946,53.90413994291701,47.93126566118542,44.02914482831523,51.4207959224067,55.66613060170296,58.31745032620907,59.98615435959593,61.13234874735123,14.62397997898956,20.681858617461614,11.139433523068368,20.96910013008056,22.380461031287957,21.64352855784437,14.62397997898956,20.96910013008056,13.010299956639813,20.96910013008056,13.010299956639813,56.26894432279328,58.95882014110565,60.789553541800586,62.18077863340134,63.11142028393997,63.7907371128487,64.1808508483779,64.10195986260132,63.85868736904499,63.27767694084383,62.19956581793892,60.8526381316035,59.06163661040104,56.32783143857484,52.54318422766606,47.62776062769659,51.25708925972653,55.11201317433035,57.95202684908856,59.787765206093226,61.21264305229581,61.88119577742186,61.84289593539423,61.98674953132066,61.64715607852906,60.49723758714968,32.00850498091078,57.53369305839207,55.47415310295368,52.119744014139606,48.8654148389881,50.63678555281978,55.50631875894729,57.81322299997433,59.87169133319502,61.1347406080333,62.15250676108754,62.69554503744282,62.89055789774825,62.74653078322967,62.45483055817236,61.45929455664763,60.25766546589967,58.79488116357152,56.20496255416625,52.84859176733764,46.55157650956245,35.76226137449605,46.680222991722914,51.70158998472771,54.70895383280216,56.68842338347539,57.58894490005617,12.30448921378274,16.989700043360187,16.020599913279625,16.020599913279625,14.62397997898956
16.989700043360187,26.60865478003869,16.020599913279625,16.532125137753436,20.0,18.129133566428557,54.491218691334566,56.5126347264482,58.1078746860849,59.10020561385928,59.628961368181,60.013468281178106,60.16684510887485,60.01119470002405,59.54690566646994,58.45788639287102,58.0532819348192,56.49725158810337,53.22138632554132,50.14239038162409,45.19736139308187,45.27745869076188,46.42207230911346,49.99391561719091,53.37730735273329,55.31142847490531,56.27010286108965,57.17392532153528,57.480647008856415,57.33198067868271,57.00142751774141,57.07519079623744,19.49390006644913,54.91039355755879,51.8205496933414,51.03187748850943,52.196945265660645,53.54832300252548,55.36337451662583,57.08961094937364,58.01489462704356,58.97420889902424,59.40363558462917,59.715713097331005,59.11834899459051,58.43762082833734,57.52043835818151,56.91817664779055,54.88618393483969,50.41759706274034,47.513176035606826,36.098077693287024,42.55586049018557,49.58668980280063,53.854865133413554,55.698991934962194,56.61399957033613,56.74722474909916,57.09335269883597,15.314789170422552,16.532125137753436,17.853298350107668,10.0,9.542425094393248,14.14973347970818,19.49390006644913,11.139433523068368,15.314789170422552,13.010299956639813,16.532125137753436,54.18296318453696,54.52983314759987,54.24205178064216,54.0149014785835,53.58553466319947,52.36159230579664,50.69260986284746,48.75483771100341,46.36698473102621,48.18100471323298,46.90913402670647,48.79697852080525,50.23375938139562,51.26962170788821,51.91858847329878,53.37774634240969,53.602221925395455,53.913762391696494,53.31038383319041,53.39840839764595,53.75782457241278,53.8043737786975,53.83687930309346,54.233130614705786,54.10819395843327,53.4833602207256,19.084850188786497,52.751108646643246,52.14761748038374,51.13013635824771,49.35854763877697,47.00019727329085,45.70099078991958,45.44477329086429,47.19497016610582,49.04114797623976,50.591542993318086,51.82414652434554,52.97088311526356,53.32529349249312,53.45981121826305,52.90056882303365,52.20343485097047,51.63065915149861,50.54949942504456,49.65267569516474,49.03719257879484,48.91760401456671,48.676560144155545,49.7639125106891,51.19077646763501,52.0743238560938,51.8366835736002,20.0,15.68201724066995,61.12216442500576,59.694201061645664,41.1965172203987,71.74214328563745,54.037191944157605,42.39999792886872,81.25846599267591,14.14973347970818,6.989700043360188,44.338018249736,47.74641032143307,51.23596867232232,54.62113366883571,56.94559573682384,58.83679601340237,60.14692710367917,60.86819867890771,61.38641158016234,61.527706938120645,61.29513625660903,60.68589530835345,59.843152898862144,58.32556171593168,56.14029869765909,52.26860146167692,45.94812275994005,40.89092255842719,49.49765582122831,54.32546008123034,57.06828688179734,59.010968947071945,60.2305852752434,61.02982230518264,61.32362165813234,61.160927932140375,17.24275869600789,59.66026218521274,58.3710147776474,56.27824491526105,52.72273363899346,50.13789098787023,51.30375587431644,54.88207939838284,57.90842280173994,60.24035952463563,61.684603577132094,62.72117655758481,63.35877348903672,63.67584191814312,63.73366118464996,63.47719631993929,62.73675468390618,61.918133342919816,60.31955936074462,57.982251184427696,54.649810920100606,49.69644183142273,43.81548256191099,49.71632974033693,54.72880724568107,57.75765499494448,59.67925947407619,14.62397997898956,12.55272505103306,11.139433523068368,18.129133566428557,0.0,18.69231719730976,16.989700043360187,24.62397997898956,21.84691430817599,21.367205671564065,18.63322860120456,52.45142372652961,56.15467116980268,59.17749633108382,61.095792217981625,62.38408700577436,63.23625371074523,63.88087340887146,64.14816305421805,64.1961114858311,63.79333986226118,63.26381951057704,62.25440067392964,60.291255595431565,58.16440167956139,54.94706854623631,51.42001306282736,49.07174799363358,52.281256293345976,56.25161141931581,58.730286485109744,60.26953464771381,61.34538231732063,62.01186481392804,62.022062337585375,62.005599596572665,61.79858733466656,32.56477206241677,58.93171763731794,56.01017520145326,52.9715842652341,49.893430108091046,49.93497953245811,53.93492723354481,57.15249355616208,59.22406754688876,60.71315214552277,61.78368220996703,62.48952881062479,62.63295362904593,62.67470232594399,62.277759325461616,61.880891616303046,60.99214335574169,59.00773918447007,57.36087206369291,54.45705371207266,49.80171599686484,38.836046609222926,45.47774705387823,51.67465028843088,54.843397071741705,56.2505818048182,57.594638672127104,17.634279935629372,19.030899869919438,23.443922736851107,20.253058652647702,11.139433523068368
20.681858617461614,26.60865478003869,16.127838567197355,13.979400086720377,17.24275869600789,16.020599913279625,53.79414304412172,56.03491885738072,57.97403972370002,58.97764504511617,59.733611087291806,59.93708626262407,60.18343015409464,60.03088120068475,59.82101553614904,58.85196631954283,58.34006559416376,57.07748966430295,54.74176913464669,52.463927024556725,49.12269895394915,44.32600544960684,42.41172786770047,46.664618181544014,52.15724783634804,54.04183498212663,55.82296364189968,56.88053899380332,57.3453181200321,57.863488745783975,57.68588528179443,57.31034867945155,20.253058652647702,55.70179708499572,54.45007611660623,53.03362397079387,51.2016576585758,52.63655001994769,53.902159841926746,55.32959378729758,56.90993032099869,57.63686995438572,58.45715539817039,58.98047438786233,59.32102223130017,58.99148302854319,58.46794674306915,57.90102820620053,56.51902832045743,53.9487526155075,52.0524768293296,47.84189205380961,41.59927952895985,45.48721001589901,50.31303412881834,53.39320238717384,54.998863176071495,55.88159616383092,56.7563996843674,15.05149978319906,14.14973347970818,17.634279935629372,16.127838567197355,14.62397997898956,0.0,9.030899869919436,22.671717284030137,9.030899869919436,15.563025007672874,18.573324964312683,53.14495017632996,53.68080383192304,53.13580406995391,53.747226907259886,53.53450734684298,53.4704104017154,52.87983021225316,51.58151325392703,50.51110056021869,49.024652395293096,48.63209809857713,48.757844850107965,47.10971568222072,48.34019925074977,49.7077445039659,52.71237354470836,53.07175012040345,53.76702847712955,52.51613889543592,53.17129015112898,53.021685250121166,53.11397805515696,53.62791498006949,53.4682418255798,53.64987884016123,54.086215018034814,16.901960800285135,54.34442748712704,52.93782280330024,52.4330102742124,52.89394948129117,50.05943719146886,48.67408556522791,47.25323467230788,44.60912869987286,45.64819874294555,46.34084111168822,48.38628740544196,50.16782712486841,51.50833163556632,52.406740276203074,53.80779072283875,54.14545524287011,53.05405115437893,53.93926006585837,53.21923460136361,52.34610915002839,50.63017939887928,48.106357002755374,46.7137651517521,47.250372656808736,48.22756332951391,48.72348602207367,28.90979596989689,18.63322860120456,61.12216442500576,59.694201061645664,41.1965172203987,71.74214328563745,54.037191944157605,42.39999792886872,81.25846599267591,11.139433523068368,3.0102999566398125,53.03217663573669,55.741516953655065,57.68544869597659,59.13103571135053,60.07500697409743,60.76693589617352,61.06727906763283,60.96236856287253,60.628394764686185,59.57810740118981,58.49447055423145,56.47407422944327,53.25683930135472,48.48367726215781,40.3181227133037,47.15041821070042,52.86568734057264,56.06866987327568,58.014126290857455,59.44337060387559,60.3217416711341,60.82422349445525,60.97524539012628,60.56859895721304,59.93277474567364,58.9042213667459,11.139433523068368,54.40395807857696,50.62435314574367,48.799555851227495,52.52974325347922,55.89569846334437,58.67010560703291,60.71020292982957,62.01412419957377,63.022930399258506,63.60995527163452,63.901555023974126,63.75362337690827,63.52989555535351,62.90642198425409,61.85421170134735,60.4362081260905,58.47842158870793,55.27869534372134,50.26353462894769,44.39174739843469,49.17468747883369,54.19745981491741,57.26388115133176,59.25869817110629,60.827717311020216,61.6626785219465,14.62397997898956,19.294189257142925,23.180633349627616,13.979400086720377,12.041199826559248,19.030899869919438,6.989700043360188,19.138138523837167,18.129133566428557,22.671717284030137,18.129133566428557,57.5156622862679,59.775013725252975,61.60949080470084,62.76090542043531,63.54023878007538,63.977843296303725,64.15036316105615,64.07242998192008,63.73347918837997,62.82852452143025,61.922980960948806,60.46336323202385,57.87588689360752,54.92096570454561,50.79271714641203,49.27498681693201,53.018023526478,56.15534486504928,58.96054741125796,60.46955358424631,61.4283604660611,62.18315151216142,62.311853199815104,62.00676800264412,61.46790759485909,60.69707307420076,33.263358609287515,57.22166475479837,54.83610116440672,51.03187748850943,47.98298371951381,53.03422868435703,56.29379013907319,58.59528566443576,60.455924707395,61.41530353420421,62.21906941178184,62.73781143377944,62.84369589901769,62.71720823362344,62.170070113360325,61.53552989645272,60.45293633573504,58.4820698121969,56.62025522827433,52.94565419156153,47.38923186533495,33.51216345339342,48.31031077233856,52.79009530696592,55.37397183963155,56.523865693638285,57.57342877614594,24.969296480732147,18.63322860120456,17.24275869600789,13.979400086720377,15.68201724066995
19.294189257142925,26.60865478003869,14.62397997898956,15.314789170422552,23.654879848909,16.532125137753436,20.37426497940624,21.367205671564065,20.253058652647702,18.69231719730976,17.24275869600789,13.010299956639813,11.139433523068368,17.853298350107668,13.979400086720377,12.30448921378274,6.989700043360188,9.542425094393248,16.532125137753436,19.030899869919438,19.86771734266245,20.170333392987803,6.989700043360188,20.37426497940624,16.901960800285135,20.043213737826427,20.0,17.16003343634799,13.010299956639813,15.563025007672874,18.129133566428557,20.0,20.5307844348342,10.0,20.863598306747484,14.62397997898956,6.989700043360188,18.325089127062363,10.0,12.30448921378274,21.13943352306837,6.989700043360188,15.314789170422552,9.542425094393248,12.30448921378274,15.314789170422552,15.05149978319906,15.314789170422552,20.0,13.979400086720377,23.97940008672037,22.04119982655925,17.634279935629372,15.68201724066995,10.0,3.0102999566398125,19.912260756924947,16.532125137753436,12.30448921378274,12.30448921378274,6.989700043360188,15.68201724066995,11.139433523068368,15.314789170422552,19.49390006644913,6.989700043360188,20.0,24.23245873936808,14.14973347970818,25.289167002776548,34.49169732165201,34.099331233312945,31.1293997608408,28.965262174895557,24.082399653118497,22.576785748691847,24.74216264076255,25.932860670204573,32.571984261393446,33.63987829748491,35.33009022495485,34.61948495203762,38.09222921689422,36.652056284346,37.3917663191073,36.65111737075051,35.5942779975949,35.98243191653623,33.15760490665735,32.83527364861693,27.24275869600789,28.90979596989689,19.86771734266245,25.05149978319906,22.671717284030137,31.705550585212087,19.294189257142925,33.91993072259713,35.118833609788744,33.70883016777606,32.995072987004875,34.95544337546448,32.38046103128796,31.061908972634157,30.5307844348342,21.13943352306837,27.87460474518415,24.099331233312945,27.97959643737196,30.644579892269185,32.09515014542631,32.85107029566812,33.7675939540488,33.55834495884936,34.37433443797971,34.295908022233014,34.07220892927397,34.25697213362591,31.78401341533755,32.57678574869185,30.681858617461614,27.958800173440757,21.613680022349747,22.14843848047698,21.613680022349747,61.12216442500576,59.694201061645664,41.1965172203987,71.74214328563745,54.037191944157605,42.39999792886872,81.25846599267591,45.48512256341035,47.179117107184894,51.698653876162346,55.1494733220632,57.80491571146272,59.729846052017066,61.1493908282358,62.06276591382398,62.897380763256265,63.21630944381104,63.22080712005082,62.826261907413766,62.12988844217086,60.94944646204713,59.10198438077038,56.32696139076052,52.06439964804201,47.4601890191174,51.519976980237416,55.95766194109554,58.90924329779544,60.73997162180871,62.1200239027426,62.89620386477854,63.217808496778,63.19451690966244,62.73335839441047,61.89791436159324,19.294189257142925,58.38693598068385,54.78134872376407,49.30724952769488,47.76090709365988,53.98474730152903,58.11551547973396,60.72021106480548,62.74498913682119,64.09273238183302,64.97134575647353,65.52279245010578,65.73489509507446,65.69461227974843,65.3459019539967,64.59776246543238,63.55108470195898,62.0246652005229,59.87496445820455,56.566577265853226,51.52181286774241,48.01952234854282,53.32892716489896,57.565242877414704,60.31303412881834,62.12321069498522,63.13227957747487,63.51337427944499,63.58337335233082,18.129133566428557,20.37426497940624,16.020599913279625,13.979400086720377,20.253058652647702,17.853298350107668,16.901960800285135,13.010299956639813,20.681858617461614,11.139433523068368,16.020599913279625,21.613680022349747,9.542425094393248,19.138138523837167,16.127838567197355,19.912260756924947,20.170333392987803,17.853298350107668,18.129133566428557,24.8572142648158,19.294189257142925,16.020599913279625,23.69215857410143,21.84691430817599,20.043213737826427,6.989700043360188,14.62397997898956,23.180633349627616,6.020599913279624,23.654879848909,21.84691430817599,32.003031829815846,28.2020145948564,26.24282095835668,6.020599913279624,27.363965022766426,27.98650645445269,28.305886686851444,32.67171728403014,20.644579892269185,28.35690571492425,20.96910013008056,12.55272505103306,6.020599913279624,23.117538610557546,3.0102999566398125,18.06179973983887,16.901960800285135,12.041199826559248,16.989700043360187,22.30448921378274,20.96910013008056,12.30448921378274,13.010299956639813,11.139433523068368,18.129133566428557,3.0102999566398125,13.979400086720377,18.325089127062363,23.117538610557546,14.62397997898956,18.69231719730976,16.901960800285135,12.30448921378274,12.30448921378274,11.139433523068368,20.5307844348342
18.573324964312683,26.60865478003869,11.139433523068368,9.030899869919436,20.0,17.16003343634799,54.68893547858615,56.37674815595243,57.79758780297772,58.695145059420526,59.61166613137651,59.96968491731892,60.11462596621676,59.92661746611985,59.58656561043816,59.0872515485691,57.90978636591055,56.64243219258293,54.78631418487388,52.16791152850112,48.20201459485641,46.051864880418506,46.49656078856174,49.85161415195051,51.57958168800533,54.38194140793337,55.53429085196751,56.6639160493888,57.51800098740051,57.54633439013488,57.231772731258815,57.19490388639641,15.68201724066995,55.350332117643,53.02854537461516,50.857685030081086,52.23080397831155,51.32157189062808,53.48772013844623,55.79207202663429,56.79209786044932,58.29393839383656,59.0418844742818,59.44223992503222,59.37329790744543,58.9914227681853,58.34181553330745,57.56120124687541,55.73607189329443,53.70862678969348,49.43519247233914,43.08457694189304,31.15943176939055,44.90365878570827,50.70119173707769,53.40955448297922,55.21913104494551,56.5185346054361,57.02538235015675,19.138138523837167,15.05149978319906,13.979400086720377,14.62397997898956,17.24275869600789,14.62397997898956,10.0,11.139433523068368,6.989700043360188,6.020599913279624,47.41467697685545,52.44890391479025,53.263071801574576,54.487882253752375,54.30555546546184,54.25085674446379,53.409396020380775,52.31533302670493,50.91631790626808,49.53397225876687,48.88364858208229,45.726044405492026,46.064351111018745,50.42185535464146,51.407248219166334,51.98261093782048,51.319937789232696,51.86283759757607,52.37644257639192,53.44101336512821,53.05043814477872,53.39302344383799,53.487136474677534,53.439144835437126,54.03635189790548,54.22630871027469,53.51713226607856,21.613680022349747,53.02558191846536,54.16302591312416,53.25854182575375,50.564360174790686,51.1156157636902,49.50218766641864,46.47705636658856,45.42202782434028,46.118507106822605,48.21185882608845,49.6267706894345,51.41449773400467,52.68814242422131,53.41665954723568,52.83201691479037,52.38359786408524,53.78210696038592,51.17330965607344,50.388465876852536,49.1860167696984,48.85926339801431,48.51680204600478,48.10837151140488,48.691906358773394,49.80248871836526,49.91332420503515,14.14973347970818,25.865873046717542,61.12216442500576,59.694201061645664,41.1965172203987,71.74214328563745,54.037191944157605,42.39999792886872,81.25846599267591,14.14973347970818,14.14973347970818,50.3181227133037,53.52012627488775,56.15760729508765,58.01861775968032,59.52042795794964,60.32169327687895,60.79535051894069,61.021828676431056,60.86264773857358,60.64136267540298,59.4143689057136,58.054519208118045,56.36352471649672,53.272383370582446,47.94188189349445,36.76236216763312,48.15929556976718,53.408286620269536,56.262582235348304,58.40648623549052,59.80903315334764,60.66163733620812,60.97128495025884,61.18035114472805,60.867960418895855,59.78027961905724,15.68201724066995,56.51022985006325,54.63775071728131,51.15610511674299,49.72411138648832,53.41689684177151,56.62126702198498,59.09775260520669,60.89092609588997,62.18096788060977,63.00379804654827,63.48874136133168,63.77969755454818,63.78108880854964,63.2246429178818,62.45293738093163,61.18740766734789,59.918372030456055,57.05183526146756,53.78995326180888,47.592522337743645,43.86855529184725,51.55973344739902,55.86952813272279,58.35612581685432,59.85554004097981,60.975321717204274,18.129133566428557,24.29752280002408,12.30448921378274,18.325089127062363,20.0,15.05149978319906,6.989700043360188,19.084850188786497,21.64352855784437,18.69231719730976,19.294189257142925,56.45426199598113,58.89792877888016,60.82988113384066,62.19373090165845,63.23359783599402,63.726001559284114,64.10807253472753,64.08017671801707,63.79535025703965,63.27802199405153,62.290992360659885,61.00838021693744,58.840773638355856,56.18835391694912,52.21239441527884,49.49633923799262,51.6235527355208,55.54806436422531,57.52795713466182,59.76634218152434,60.89376928392812,61.75312595242136,62.16283106378289,62.091945371261616,61.74602845233974,60.65178096094456,19.912260756924947,56.94356834316758,55.65280977850951,50.2735368563807,49.41675380150868,50.49175366653103,55.05760275920085,58.10190162133488,59.68774715096252,61.21819752211957,62.15707605283758,62.65376853234218,62.671872218757294,62.623414343303736,62.17480259275396,61.65040340900788,60.28981767813554,58.96845758281481,56.318748054027225,53.02757219961136,47.38939031203479,38.50829959848531,45.54222565542425,51.7344560176599,54.62389012402929,57.01876112562455,57.78466723099284,20.644579892269185,3.0102999566398125,19.294189257142925,17.853298350107668,11.139433523068368
18.69231719730976,26.60865478003869,18.69231719730976,24.60897842756548,22.944662261615928,0.0,53.89670990455005,56.232699705951326,57.999357452734245,59.06831556275014,59.70666667032035,59.95576407325417,60.12628460198477,60.07111228161499,59.80972290078576,58.761681710952686,58.4015755404883,57.14472265439446,54.12435345858425,51.42320624361766,47.72805616684785,45.45467936494288,43.99915889916302,47.77484821118284,52.58879022172603,54.56069822262562,55.90985535961568,57.039444784955045,57.40843305892024,57.55083261577127,57.32487042692761,57.26457422670522,10.0,55.5749757754457,53.22717413582926,51.9083015019632,51.32659850327717,52.77311179174031,54.50633950597005,56.0744751682542,57.45527596454196,58.245091721074814,58.91993255487069,59.23289622338963,59.327263531859685,58.98616045905966,58.17840269607412,57.78056419068967,56.34038723758125,52.87407551983208,51.389875535502334,45.63825062251492,37.48808004958602,46.23011397323999,52.030791439884894,54.33316907815979,55.81107318275927,55.95162105447051,56.65412118002188,19.294189257142925,17.16003343634799,14.62397997898956,21.70261715394957,21.613680022349747,6.989700043360188,16.989700043360187,17.16003343634799,6.989700043360188,15.05149978319906,20.043213737826427,53.64517226003638,54.261337328272845,53.8339342883626,54.01924135829334,53.77196935008914,53.44339211841849,52.36348287166224,50.97066330886012,49.42865867523362,48.91046578119591,47.269715836828766,48.223577147665424,47.94418330874141,49.02008333603371,50.163688617790086,52.67465071529265,53.24210409953167,53.83335941841728,52.37857784350719,53.02590648306554,52.86132986297687,53.08611361778343,53.77577600331573,53.67506872699175,53.988580048979,54.18970450995875,12.30448921378274,53.99398523460417,52.9877450346647,52.24590032504396,51.969633383937214,49.36639388214444,47.88860992147978,45.84387769446955,44.23262262098614,46.54301708501481,48.05364907466445,49.9374035058221,51.25760945854061,52.3055365036004,52.7554629383269,53.46268846200469,53.584697663367535,52.85901457877307,52.85631560265763,51.831274287014,50.96788393525601,49.63490328164533,47.16687653215401,46.39456605592628,48.48663193962516,49.674590490637655,50.29424364058016,23.97940008672037,12.55272505103306,61.12216442500576,59.694201061645664,41.1965172203987,71.74214328563745,54.037191944157605,42.39999792886872,81.25846599267591,12.041199826559248,15.68201724066995,50.42327385793831,53.762045450154815,56.12979774666332,58.0251443907423,59.4073258231319,60.37092480741559,60.91025768273228,61.13939677491828,61.06324191948211,60.5964860244833,59.71797060421102,58.253547032373056,56.045068492678645,53.08592156302953,46.8859777508117,39.03361336255318,48.16936939827785,53.552215724604125,56.338722626583326,58.402322223695045,59.72980907843382,60.554092966909806,61.07459956305617,61.0864348729849,60.78367629895474,60.03464840565138,23.180633349627616,56.88776544490776,54.40765867157647,50.63858548853072,50.36952100921284,53.012557700983045,56.51523204824485,59.15950928587967,60.85152095792925,62.31618917200728,63.11445720459954,63.574606739085056,63.7559503573374,63.6392959431766,63.23757279628126,62.48185454476473,61.31907242774386,59.8596238694465,57.21434668320696,53.45338436571168,47.55912950008896,44.718928513705805,51.19338384193543,55.37951251544976,58.15591029298013,60.16138774198267,61.22612953232305,15.563025007672874,17.16003343634799,20.96910013008056,19.912260756924947,14.62397997898956,18.325089127062363,6.989700043360188,20.37426497940624,18.129133566428557,22.09515014542631,21.33538908370217,55.87944321570147,58.60635620927938,60.919105864753966,62.2619996399463,63.2765252038761,63.788288923786,64.09152551057343,64.11006547775392,63.86307191565376,63.10740243343223,62.4411772651441,61.11244361652773,58.579069533380505,55.56198740246944,51.91699670480035,48.74742663937555,51.24764984062712,54.70353149733639,58.14580516010318,60.04603788348465,61.23175182400235,62.04788823732802,62.146205526969055,62.1024840624682,61.81634390488741,61.294320741555744,34.49169732165201,57.48257818725536,54.82286031631061,50.59737555139967,49.69946806304058,52.14292685942703,55.14187683544988,57.991288654820366,60.06553748041596,61.20787735700152,62.12367679378579,62.67819634793699,62.78894837979114,62.545471103978656,62.12856914355488,61.72639412748956,60.65756682609689,58.683634371378666,56.94455144010659,53.66917677654758,48.374369137302,34.34568904034199,47.56522005390551,52.80145681354221,55.29658735258419,56.354917892308514,57.44422078509473,16.901960800285135,20.96910013008056,18.69231719730976,10.0,14.14973347970818
22.09515014542631,26.60865478003869,17.634279935629372,21.33538908370217,11.139433523068368,18.325089127062363,54.052524208130265,56.32571671705227,58.02442577768943,59.128148862974754,59.71458622265894,60.03957015610926,60.10159127394783,59.998088683759214,59.64375143767187,58.52759267409149,57.9653062405832,56.6867752300235,54.001579233904486,51.38002536456432,47.76134343165844,41.6283314387816,44.26966462630075,48.57489296684725,53.292310456929656,54.76311264459547,56.20962198723269,57.19770332304341,57.44819295047235,57.71688143231367,57.603991093064735,57.05714077189125,16.020599913279625,54.74584820747721,53.71621927176022,52.69120500975137,51.35069013823448,53.73136453124819,55.12540318868722,56.36617262737772,57.798597295464624,58.46481852834995,58.8719067218052,59.27015492931086,59.31028449391139,58.914895098070446,58.08136670467362,57.04661756349148,55.38827500755289,51.62068298759746,48.926121068911314,43.0466283266839,43.63254620994687,49.829989710087446,52.814083811499245,54.96644635261742,56.24077795278048,56.814085894590846,57.21649888275518,13.979400086720377,12.30448921378274,12.55272505103306,18.129133566428557,13.010299956639813,20.170333392987803,15.314789170422552,16.989700043360187,19.294189257142925,12.55272505103306,19.86771734266245,53.94215206154661,54.28214191358781,53.918169236132485,54.09163554779475,53.30285901477595,52.94935539622323,51.39148353730498,50.26439286594144,48.86857182745566,47.09439574132411,48.96200925970138,49.703933720796,47.93650717707173,49.86883651412053,51.258487152772354,53.38665621780072,53.58532542836399,53.99206300671308,53.23716062508784,53.74499059078999,53.653756528261525,53.52693719519388,53.73742991793147,53.48299020482198,53.66938201042824,54.565679483030806,20.043213737826427,53.89692236786032,51.97746313161655,50.71653758711175,51.03013064468925,46.96635924977212,45.52388328377223,45.585285769620725,46.10457871004581,47.95302890975325,49.72781203735423,51.330916102547086,52.068528500066975,52.64033496893688,53.00371540618163,54.13314855133096,53.86969567747578,52.15439270539796,52.68599030910711,51.52954566899726,50.02096914842076,48.35240193398982,48.32023253307391,48.94919445615208,49.77874439281332,50.10723865391773,50.872772869545926,12.55272505103306,9.542425094393248,61.12216442500576,59.694201061645664,41.1965172203987,71.74214328563745,54.037191944157605,42.39999792886872,81.25846599267591,15.68201724066995,6.020599913279624,46.36166821035606,50.9247501292598,54.222039571939845,56.80013526565286,58.536720559987565,59.92122986266634,60.7760806368374,61.3430877896609,61.54297653266974,61.21265947668356,60.847996230058015,59.92818961602122,58.32269346009767,56.24756362819333,53.19990410839211,47.90601794962826,40.67219688974141,48.9338998445112,53.821701899714654,56.71247842321986,58.63623192843865,59.89006842844016,60.799843098116575,61.03078151176621,61.0125649774566,60.730067708393705,23.010299956639813,58.51582419433653,56.15399737003352,53.15054634881232,49.60090067904919,49.93176016776764,54.0233705490006,57.503309381199934,59.637434515118606,61.56377701401321,62.57525225050352,63.34017830529962,63.71915110781452,63.805126098766905,63.7162358830771,63.1818734173872,62.33934796730685,60.98657567651672,59.080929045507176,56.48852582582151,52.00152550326212,46.00842261159698,46.79909169753503,52.80122896302308,56.678506405345786,58.99842927633703,60.53454925025864,11.139433523068368,13.979400086720377,9.030899869919436,24.74216264076255,19.54242509439325,25.118833609788744,23.673559210260187,21.13943352306837,18.06179973983887,16.989700043360187,21.367205671564065,54.25912270319528,57.55136690002534,60.03917421105722,61.73026803514341,62.759817469508704,63.676190274955616,64.11262865602265,64.17628608747181,64.10574796542328,63.52411765081931,62.89427734270304,61.66828108708649,59.72747910787582,57.385118150791314,53.938997061640215,49.47262126966335,49.27231736294674,53.85838550083999,57.61095269275672,59.380271120639776,60.74708584768439,61.6864624956922,62.01525208646058,61.99988164184678,61.77358994486,60.97083696066521,33.88811413473523,58.71498795616817,55.743739356169584,52.27310689868947,48.8879706745668,51.25601615284609,54.64669845049137,57.674564274642506,59.66106518245298,60.99488652946627,61.87155082774608,62.57379984769841,62.7573921752745,62.67738992394569,62.38006186368071,61.88612697328007,60.67937834769403,58.91115781102788,57.05612295867663,54.02161612263009,48.64065879090237,33.01029995663981,47.55425089974061,52.159546438691294,54.92577416156439,56.26833929943555,57.53350147202889,22.671717284030137,0.0,16.020599913279625,17.24275869600789,3.0102999566398125
13.979400086720377,26.60865478003869,21.13943352306837,6.989700043360188,15.05149978319906,14.62397997898956,54.01367795121846,56.13445386903856,57.92807572441366,59.03737146219824,59.58279515977501,59.96828958945432,60.06740652019612,59.96765957669554,59.69289613084694,58.756457198482494,57.978503648175504,56.660619191689534,54.62460891166244,52.1539960109389,48.83462692864442,41.72281761455,42.91124546612215,48.075688503095854,52.43239018482781,54.37136727895079,56.10540928630545,57.15489402914969,57.504713663898414,57.9035273133813,57.68943553636885,57.21917733467285,11.139433523068368,55.3278494409745,54.21717420823924,53.006498216419146,51.27733098357979,53.075580755509016,54.38349286110381,55.517487776126416,57.08829505597709,57.95455243395214,58.57761753210262,59.2895781792713,59.22267053634062,58.7411114664448,58.20908501117109,57.23640351588024,55.47534731383315,52.754495695162674,50.09459394629076,45.07343047599939,41.10252917353403,48.53874570080836,51.58546425107994,54.10358759860466,55.83938598544445,56.559697162080894,57.19617131055412,0.0,13.979400086720377,18.69231719730976,17.24275869600789,11.139433523068368,13.010299956639813,10.0,6.020599913279624,15.05149978319906,16.127838567197355,10.0,53.080348277455165,53.62061925409665,53.30285901477595,53.58880502471521,53.39654131012543,53.04016336520766,52.11197991546975,50.95172839726837,49.77874439281332,47.74151858954711,48.98341165727509,49.44532020991981,48.1125989403922,49.538031673138775,51.02725195760477,53.22171726542834,53.487136474677534,53.80610970533446,53.274508928931176,53.73193467063555,53.57156992270848,53.481061716975525,53.51688106182021,53.39463366849301,53.48526822332176,54.16868410533749,0.0,53.88813187548666,52.264039774540095,51.26170384823099,51.39768925279731,48.1198364016079,46.72928690442723,45.712195383681625,44.53761583499094,46.30732892817196,48.051268913028586,50.22795283660162,51.39328001151306,52.46852962277646,53.06845178416402,54.203155849167565,54.40446217460643,52.92915874773777,53.53664309363982,52.59873285436291,51.46407135287053,49.355173421459135,47.77122201921572,48.02541127388007,48.87982808936261,49.011966850719766,49.19104253906271,18.63322860120456,23.010299956639813,61.12216442500576,59.694201061645664,41.1965172203987,71.74214328563745,54.037191944157605,42.39999792886872,81.25846599267591,12.55272505103306,12.55272505103306,50.07098837991187,53.62859302958681,56.26369114048906,58.29428574348539,59.45335617488213,60.48015846291996,61.06718735593061,61.24903448748056,61.15685716314171,60.58936324254865,59.88211025248905,58.599454666236205,56.28545247928266,53.37922261848264,48.43612697431523,42.64085514155396,48.00730821561192,52.98328988073496,56.15590268982932,58.34611420722688,59.59232249050996,60.41608988898023,60.84451154505263,60.73284572291673,60.43476240804723,59.83114573582444,19.86771734266245,56.47807275848392,53.342224679778674,49.041418762097386,49.01529154117124,52.92630378208803,56.53595489108422,59.36914174370664,60.9679117377986,62.41946972382821,63.17139058761549,63.68394189809997,63.81216374178721,63.77038377831845,63.39095511913797,62.68521809482364,61.48760859701068,59.87252326269602,57.61299987065012,54.08912939368356,48.717188433187616,45.81995143761074,51.15344195871441,55.37068186822963,58.06236971394264,59.96922131578452,61.1467802451903,13.979400086720377,20.863598306747484,22.30448921378274,0.0,23.673559210260187,22.27886704613673,22.09515014542631,24.653828514484186,18.69231719730976,18.69231719730976,19.294189257142925,55.98573852460908,58.78150533371493,60.91703528222787,62.2652412258537,63.09688069496767,63.82393328134696,64.10698462924198,64.12762348608696,63.896837383783485,63.18314651923335,62.42435326240327,61.06045654698976,58.87392781820733,56.38569119860692,52.64676182148825,48.53564374929077,51.3803730264463,55.10751385085026,58.03545194747873,59.930815956285045,61.01293645536792,61.853704428594654,62.15324748204074,62.1568038281288,61.69531310740045,60.49996727620201,31.309766916056173,57.45281735142957,55.07630573582488,51.05554463518662,46.25826713285712,52.0444829373088,55.546030186653965,57.87421506707428,59.91970827897566,61.22599199279638,61.98230554314145,62.693803007026496,62.85918320910127,62.76094451719239,62.31433907493295,61.63764970668488,60.54737503837819,58.68064011929463,56.71033920344041,53.42282499527121,47.85536253816335,33.76211850282673,47.27744530836107,52.37576409531204,55.0736060158963,56.52449415658162,57.56499181221641,11.139433523068368,18.69231719730976,14.14973347970818,11.139433523068368,6.989700043360188
9.030899869919436,26.60865478003869,12.041199826559248,16.127838567197355,20.253058652647702,11.139433523068368,54.80127723301325,56.71991581389825,58.02818178357525,59.02305920977901,59.87570638124247,60.05043593749416,60.10714543849198,59.76528337889263,59.323829389277975,59.03010178048223,57.42607313928589,55.81938286281986,54.68372441952111,52.09785694016574,48.54257446692839,42.611438677006674,46.99664320202373,50.64925727001699,53.0030411760218,54.80307393795645,56.187131566046766,57.14557746416282,57.61344380028657,57.76818819737579,57.33599262981802,56.22840654591759,9.030899869919436,53.64312677713557,53.27518316758359,52.16474682789724,51.81689271702615,53.69163887439684,55.28201710473978,56.56680705331979,57.963807307024304,58.95046657912062,59.35367180744849,59.5151042490365,59.47770830976245,59.12362900323004,58.2494351669225,56.04853274303575,53.64395259261393,51.96366889943943,44.94669317586564,40.67480023931482,47.47458420177247,51.13117407895322,52.64487255780689,54.74592101325647,56.18634782678324,57.23256129870097,57.3625304187501,12.041199826559248,14.14973347970818,3.0102999566398125,13.010299956639813,16.989700043360187,10.0,21.70261715394957,6.020599913279624,16.532125137753436,20.043213737826427,20.253058652647702,53.749114048844646,54.09222800799023,54.57412544636191,54.13294733614103,53.58150036120076,52.567586244865154,51.471319559618735,50.24198232206868,48.94770061878216,45.97739051839585,48.536312985082006,49.27914173903338,50.569696097203305,51.9937116139149,52.717417305464565,52.58764152876477,52.63931808798313,53.01960559654198,53.94619762289413,53.8913063030664,53.76273940092946,53.77927008636895,53.843641683043614,53.94509466166804,53.62529596161941,54.13450651007325,19.49390006644913,53.10455393973589,51.99889502624758,50.80759929008834,49.266562190722055,47.87977352738092,46.93489516603003,46.28562613108777,47.74115331389872,49.17048393373978,50.72709322687464,52.15904454889926,52.61978567181696,53.01414176305595,52.9807545181653,53.13455921670493,52.37146458524728,51.745714675481445,50.31497334028998,48.648965539451154,48.04228054819467,47.854010249923874,50.03632837004409,50.74176225435349,51.602794052706855,51.84762388171225,51.68500429879944,18.325089127062363,26.989700043360187,61.12216442500576,59.694201061645664,41.1965172203987,71.74214328563745,54.037191944157605,42.39999792886872,81.25846599267591,18.325089127062363,14.14973347970818,43.54511799744273,46.658623002031554,51.85227581152879,54.85654715996659,57.2395535675099,58.81494215276948,60.07598010172732,60.86680093734625,61.372629379449165,61.5177055255044,61.37415199519523,60.66420229718134,59.7873593069897,58.3281855644747,56.04593211581229,52.61036738831474,46.13387212666214,39.79548374704096,49.686323575110826,54.5454760944989,57.17838530809984,59.15554422864092,60.297655454534826,61.00213688231566,61.2327459307147,61.32452132863399,15.05149978319906,59.73087656399134,58.3134753950624,56.04009932412231,53.09913218137984,50.10367809851715,51.53442888059725,55.17286971437287,58.11683565921628,60.123351769290124,61.63490848460136,62.71827671730637,63.40094952469247,63.783153953313374,63.7455222785536,63.468232054768585,62.79068007753524,61.91389526981111,60.302312451167374,58.33927629998251,55.13804699577892,50.0062927088754,42.70259475526625,50.323285971238704,54.97108031777687,57.73086916379956,59.63846830739696,6.989700043360188,13.979400086720377,0.0,18.129133566428557,19.912260756924947,17.24275869600789,15.563025007672874,19.294189257142925,15.05149978319906,21.13943352306837,14.14973347970818,53.01572524756275,56.377498280283234,58.96266003768706,60.81306973442,62.324837980015474,63.38498327296684,63.98091811489324,64.233717191594,64.14889153495213,63.86745204017969,63.178772583827566,62.11712284842044,60.76429251675249,58.74403533267671,55.78323974261801,50.66940585379413,47.98650645445269,52.50634656636956,56.23077606743905,58.44510103835749,60.31289673516077,61.37409819043214,62.25861621771075,62.13160877995531,61.93717172904509,60.92260146703229,33.98113691730502,59.09590792802164,56.44345023888914,54.11136326528647,48.19550515711442,49.92792027118621,54.00330721897444,56.76475035934505,59.19621927949208,60.91440784257301,61.881792772491394,62.45257197923582,62.83180423750552,62.88504091920987,62.47581734162664,61.73781921633279,60.695852253222775,59.44269420693048,56.88427831458233,53.72132886876173,48.262562609882025,36.45422269349092,44.8370138233946,51.202349176217055,54.56397920714024,56.59606286452721,57.66062444317996,14.14973347970818,14.62397997898956,16.020599913279625,19.294189257142925,16.532125137753436
16.127838567197355,26.60865478003869,14.62397997898956,16.989700043360187,14.14973347970818,11.139433523068368,53.77102172161794,56.171870266377056,57.969134499810224,59.06215405756463,59.60885846465266,59.969129464323856,60.14374349282007,60.09723625270694,59.70509125120367,58.654149200566366,58.26969046605299,56.87821364995385,54.240203576310975,51.73585402690868,48.19043550710056,43.31629717629933,42.57678574869185,47.84203481756495,52.983224329654334,54.59181321056683,56.32786178593402,57.1893327765521,57.567250876666265,57.92484142352996,57.60736027338464,57.2985133950663,21.64352855784437,55.47501493759911,54.14535492113071,52.81147042024428,51.201427128224594,52.81605985443549,54.61955990729032,55.67737837704242,57.410144315667885,57.88853223957099,58.46510300463392,59.00487294151343,59.11145885295117,58.71689665685516,57.91154992987038,57.50244498148474,55.99395035063357,52.20068842789619,50.58627180727208,44.8315920971698,39.73589623427257,47.62723566005276,51.96190007050505,54.54921045340151,56.03660670264266,56.51476697045757,56.94616604497465,14.62397997898956,17.24275869600789,13.979400086720377,18.129133566428557,6.989700043360188,21.13943352306837,3.0102999566398125,16.127838567197355,20.253058652647702,20.5307844348342,13.010299956639813,53.183346842261365,53.77082123524979,53.18885210767586,53.523562011698274,53.26428036295795,53.14172805551428,51.94694682333999,50.80673376651764,49.298070625804186,48.24496811639317,48.87825396791092,49.58487433020317,48.235589930939824,49.30082633392371,50.83767702211542,53.41351416999303,53.79776729937589,53.99206300671308,52.88253698200674,53.46221883810797,52.97928945309757,53.38546132296735,53.54893686529704,53.46871079866793,53.51908343511917,54.042947888227616,16.020599913279625,53.81396693914511,52.34846169921365,51.55460537616299,51.60918499539781,48.65370512911088,46.68693355440256,45.32015067377535,44.34329337337729,46.448126503335104,48.38023776935735,50.27757204690553,51.57716602189155,52.42514097694146,53.09223358100412,54.26141872679366,54.2867408615162,52.78149740577757,53.32248540807942,52.65357994746022,51.685711364498445,49.860996250551295,47.93580867368156,47.2161278899508,48.75223369740308,49.46786209267823,49.41675380150868,28.48804701051804,24.4870631990508,61.12216442500576,59.694201061645664,41.1965172203987,71.74214328563745,54.037191944157605,42.39999792886872,81.25846599267591,17.16003343634799,0.0,50.148941904385225,53.762940260723646,56.21160696765187,58.2043267123749,59.45384377017952,60.52254039321252,61.06806023695864,61.321651977831095,61.24942536668392,60.56722333114536,59.854089582336165,58.56004664066536,56.520770395575056,53.44789049328127,48.41321921758325,42.61334253799131,48.31441024711115,53.41563112106319,56.41906206880172,58.30266516986491,59.61311913424768,60.41000853791289,60.87513449261857,60.85151381851523,60.51053685079354,59.87860135027575,19.294189257142925,56.42999391908687,53.33527878521092,49.45690107443128,48.87009312731636,52.855235542389,56.68330927426803,59.28916386277258,60.96658744405837,62.37373053012892,63.248174810272346,63.75202010847907,63.80749794723027,63.821837003846,63.3845211079414,62.72003449774478,61.59241049181969,59.886414382439824,57.536665395789306,54.06970855071541,48.81087796950683,45.651982517156654,51.0808446343296,55.311773609085165,58.042607723966,59.95618524388411,61.08743913505288,17.16003343634799,16.020599913279625,6.020599913279624,20.37426497940624,12.55272505103306,13.979400086720377,47.41467697685545,13.979400086720377,15.563025007672874,18.573324964312683,17.634279935629372,55.991426129136,58.740792274580265,60.86145122221863,62.22115064181226,63.15698774063398,63.76939751584067,64.11770841075254,64.18238463260644,63.96741266495626,63.12310248841606,62.43454027602587,61.124659112006434,58.75128429077555,56.09962389885065,52.12147636815062,49.14475382567837,51.22599199279638,55.05784669994448,58.18194211401929,59.92780104764712,61.25512820033461,62.00901363357612,62.02935186979111,61.81465129740984,61.71303066120594,60.9128770747661,22.14843848047698,57.75651946083129,55.09283188736666,51.15071052583872,46.86511145833225,51.78749674166403,55.17293570223294,58.05041853907214,60.2003668372057,61.389667397635066,62.16656153829689,62.52905434303159,62.76594599852898,62.7643330984392,62.23796183069696,61.72383977597002,60.72905808195528,58.57226925914425,56.767713185268285,53.64656038766022,48.58807795407127,32.723058444020864,47.99464615868339,52.33630580164463,55.02084192443464,56.32105867556248,57.484275984071466,6.989700043360188,6.020599913279624,18.325089127062363,14.62397997898956,0.0
17.16003343634799,26.60865478003869,6.989700043360188,16.901960800285135,21.13943352306837,11.139433523068368,54.49300942456012,56.78675861899496,57.86515760558383,58.98318113974278,59.637618633123786,59.998792493489134,60.16951901448387,59.81576258492751,59.42395023079427,58.88559686270091,57.51132774455599,56.05500057689497,55.032484977244906,52.19125891280883,48.40256690706976,40.99577060916708,45.79166002379459,50.13616568505283,52.750370979724224,54.76618630028245,56.2764846574644,57.22371456989877,57.76177972582229,58.13749736891757,57.942544547143925,57.00638827663826,14.14973347970818,54.9533615931354,54.17298937524484,53.04466830503462,51.415626439403,53.15525332850369,54.47880220646131,55.8185639843273,57.36193252718431,58.193451674360986,58.85635394957683,59.05485019299242,59.262667987001535,58.73037375060516,57.96346719916652,55.98161034863914,54.2180951006037,52.0105009640593,45.72976098995143,40.46612209068446,46.86135559106637,50.80788775961753,52.56780264492483,54.680710075991,56.08987894345516,57.474459907221856,57.67175167630234,16.127838567197355,18.129133566428557,12.30448921378274,20.96910013008056,12.30448921378274,11.139433523068368,18.69231719730976,19.294189257142925,11.139433523068368,9.542425094393248,3.0102999566398125,52.60464938130848,53.2608996426356,53.69668475545883,53.6292144819949,53.124079876787526,52.34944787296477,51.44726728706857,50.49252919931803,49.528747430069096,47.05906455700312,49.23295840655504,49.882244123902,50.47485147428303,52.10706348455223,52.97780201586442,53.00927924466898,53.350906512748544,53.21136345577094,54.03449979343961,53.86793151677547,53.87839906578915,53.80826056836341,53.498911298390354,53.530329021914646,53.386357524911936,53.828613835632815,19.084850188786497,53.27410024849527,51.44253427295237,50.6850126027733,49.61212202774857,47.71477239864823,46.18968035300037,45.99358983737476,47.03892953632544,47.945438112306256,50.09926574358738,51.68005161303561,52.57546586878255,53.38269188626322,53.81109663281278,54.0435641442977,53.88152731001013,53.080775602269696,52.33922125294096,51.10108016047948,49.4331640875922,48.19122597180513,49.113760332360656,49.62222493738536,50.14541538950471,49.79548374704095,50.26733410585492,21.13943352306837,22.576785748691847,61.12216442500576,59.694201061645664,41.1965172203987,71.74214328563745,54.037191944157605,42.39999792886872,81.25846599267591,9.030899869919436,13.979400086720377,44.78306706922567,50.429730072021925,54.22435527930134,56.87162286893816,58.578750255235626,59.86006343739859,60.77717017644905,61.233079428700265,61.54039115727879,61.326416110163954,60.87987516851168,59.92191528578961,58.67127933685481,56.57715402868895,53.59262366649767,48.93434392542665,44.45993181787647,49.14924648205148,53.858081825262325,56.72195794158392,58.615851850998894,59.928472189367696,60.60011868903503,60.98269829423848,60.90058323276904,60.5571959248346,21.5836249209525,58.22802052628895,55.65557405175176,52.195059374728565,47.67638147621918,49.26779608411234,54.010212292086656,57.55048147889758,59.79617564958738,61.47309259875684,62.501468964976766,63.30822913263762,63.84266833392684,63.95156661740637,63.79301347052859,63.29487373451916,62.421566538605255,61.091984151001526,59.43407945166325,56.9509273877442,52.81019724274845,47.43172546066673,48.036755736419046,53.275326174447954,56.662558271926045,58.80999270617685,60.481919540994525,14.62397997898956,22.27886704613673,10.0,25.76341350205793,25.670263661590603,18.129133566428557,14.14973347970818,15.563025007672874,15.314789170422552,26.127838567197355,19.54242509439325,54.59769315966737,57.84806230244183,59.74722111084645,61.588670662035526,62.694573696479125,63.62338062908319,64.08165314532287,64.20843245736206,64.04225963225649,63.56130113617748,62.8479989641601,61.60488039417109,60.013117577729,57.79819352662752,54.43946365511476,49.90751637972055,50.68694097102479,54.12475667670953,57.1900046731735,59.34195854693741,60.808580008321215,61.72053002193152,61.953682156649165,62.36836428634645,61.90529187202636,60.477128359727146,31.5836249209525,57.87852083955212,56.30651575683241,53.08457694189304,47.503309381199934,50.65445260544023,54.16074390922394,57.41038084189705,59.62812875655224,60.98198129172687,61.85435622072785,62.51398745040412,62.91388610845018,62.823975447431295,62.445682850606346,61.63580255149447,60.6517921740759,59.166544673398825,56.826323684236826,53.4442567966812,47.478156149651696,36.57533887557986,45.59308010907013,51.46775891839531,54.623410866174034,56.68472580546399,57.626155527032445,6.989700043360188,15.563025007672874,24.14973347970818,23.010299956639813,20.5307844348342
20.0,26.60865478003869,12.30448921378274,22.30448921378274,12.30448921378274,16.532125137753436,54.42324524159073,56.51479603927843,58.14605807519557,58.88420452070967,59.71024293409829,60.06339800383479,60.17755171262249,59.95251178735565,59.69164209578722,58.668553909457046,57.846180057595184,56.61754018703731,53.85137769321136,50.226139274719685,45.493098589194986,44.925508717041744,46.44487826413858,50.2840856511547,53.15426612611945,55.35042080152702,56.45611863332167,57.29336528922257,57.8221526786427,57.83560579795722,57.52175258665684,57.61440674588584,15.68201724066995,55.72510314040132,52.82234541158103,51.41164330895703,52.66819454909125,52.04147125212848,54.2050033913748,56.19202934392714,57.24987365533246,58.382223735252325,59.02332024948742,59.125392892414254,58.73279321529337,58.45468273309628,57.29142912367475,56.70876421250182,55.068972085505706,51.14667685647233,46.80054355014471,36.19093330626743,42.09327315878065,48.81099218389017,53.51914137723173,55.42110555162319,56.5887721300778,57.1490703787221,57.630212136290304,21.13943352306837,11.139433523068368,15.68201724066995,11.139433523068368,9.542425094393248,23.54108439147401,21.84691430817599,17.634279935629372,9.542425094393248,16.532125137753436,11.139433523068368,52.611438677006674,53.34101749583195,53.76817759493987,53.47885946660894,53.30999878172427,52.2825916437937,50.83681747274301,49.68081157100815,47.60098149451508,48.82695262381597,46.98500712832512,48.67373193882259,51.344130037903575,51.9892637597612,52.92887112304355,53.30007700872759,53.572180508603694,53.78646776670573,53.54523318829788,53.34811494590671,53.54269828344541,53.58924215388512,53.44238966223884,53.85395330406871,53.86267042105014,52.96456766641861,17.853298350107668,52.2809737627448,52.66760714869555,51.5732376964209,48.85643871835764,48.25140389159117,45.80388901108861,44.34329337337729,46.06982940624488,48.675205192254126,50.19718482323192,51.82722715316398,53.17706147943137,53.87678073718292,54.17269030525752,53.7263588058172,53.49863963269555,53.43652754253864,51.62265614298022,50.94558467904263,49.63485604311853,49.72337087776285,47.6903004711708,48.41515888422295,49.20801381825654,50.706177706190296,50.65542370519139,16.532125137753436,25.118833609788744,61.12216442500576,59.694201061645664,41.1965172203987,71.74214328563745,54.037191944157605,42.39999792886872,81.25846599267591,17.634279935629372,47.41467697685545,46.0346915973384,50.83592192787562,54.06965750758948,56.596890150979775,58.52751342900231,59.92879006240749,60.72110503858077,61.24501942499926,61.38826693810668,61.38814390319092,60.80317970569328,59.85990196862683,58.80999270617685,56.73665876245701,54.07615217849216,48.68979286074608,43.92784858225436,49.51463805315876,53.67747168950207,56.62634134551844,58.674780946503866,59.92660421524714,60.59231985737641,61.12851902814406,61.055783040520375,60.3983789481989,15.05149978319906,58.01061216478905,56.16438752219388,52.72790443309937,47.2296280894249,48.98780013289826,53.84132895011018,57.2866052098818,59.72751147713963,61.45072348670433,62.66011435191434,63.37492206518963,63.89888716089538,64.02918089343012,63.80232232104301,63.26968404752386,62.38989480002465,61.28312659694633,59.17246010669031,56.723685146083,52.552725051033065,46.92829300482448,47.82902405974645,53.26591855325732,56.6627924017757,58.99451140396063,60.33192874652429,13.010299956639813,18.129133566428557,22.55272505103306,23.117538610557546,19.138138523837167,23.59835482339888,19.294189257142925,19.294189257142925,20.37426497940624,20.96910013008056,23.117538610557546,54.131052102400695,57.504474504971206,60.10254149728033,61.70254672724634,62.77256134932014,63.59082685334231,64.06292817614278,64.17563358692863,64.10859699334243,63.57251629425872,62.88957562903683,61.69341680529671,59.85151528514081,57.39730528564718,53.7124708726293,50.9702117816689,51.123670126642686,54.185548320134686,57.1039833807772,59.27498681693201,60.71191371885888,61.305974820976175,62.04627810178548,62.19313072830205,61.51041476742669,61.10832376073348,37.61702367541413,58.66033187689504,55.90829578992203,51.88391256823679,47.94160285118007,49.87496445820455,54.40998764056594,57.52103788015,59.47519984006689,61.0561678672316,62.06814276707559,62.66767999065976,62.8178443342711,62.82850867137824,62.30399102389206,61.91804398656928,60.70893415107378,59.074296351579065,56.99842060121885,53.91494386469273,48.67549978297747,39.532763366673045,45.88114772097658,51.57450723631733,54.63810898078431,56.55335360000505,57.50949407880243,20.170333392987803,18.69231719730976,21.64352855784437,22.04119982655925,12.55272505103306
20.0,26.60865478003869,17.634279935629372,19.49390006644913,9.030899869919436,20.0,54.79996876412096,56.591667045821055,57.86365210931222,58.77484224724952,59.65815302345849,59.919805605518704,60.123351769290124,59.8525128379102,59.39888495510685,59.09483819106476,57.572897199304535,56.28580999013714,54.74696928116828,51.52068082884597,47.92622784742922,46.54407590552626,47.46673112470323,50.55699345948317,52.21896519382077,54.732197420173,55.48927192488775,56.69912580533365,57.577489394459455,57.43874136983632,57.09820961709941,56.76967814294758,21.33538908370217,54.76614282032504,52.27220618513009,50.12077599531015,52.2142467121808,51.70886297979714,54.05001246741112,56.45284688220916,57.5828345113316,59.01829247694419,59.46555422264336,59.44230411992257,59.51316629409064,59.09475795016992,58.31061195920672,57.03453885645545,55.291646142231805,53.40120752475492,47.71161060438499,38.06179973983887,40.423785981398765,47.215880543806826,51.740248998668015,54.13341682374987,55.4652415621667,56.64973679914881,56.92966708129707,16.020599913279625,17.24275869600789,18.63322860120456,16.127838567197355,16.989700043360187,16.989700043360187,12.30448921378274,22.85557309007774,17.634279935629372,12.30448921378274,20.043213737826427,53.40463945185634,54.008504308578,55.04249241010108,54.47699011316424,54.306892799777685,53.143413122759135,52.18829486600282,50.54068888240246,48.73924821547358,48.85202854631204,45.36318504351207,46.51142275762346,50.397669640110266,51.690216204224754,52.27048144078441,51.519028134199296,52.25776930455684,52.45167068822079,53.14309722244847,53.16006010689005,53.5469606845914,53.80457272215956,53.91996594504001,54.222778761641806,54.35602316282332,53.42756169873222,17.16003343634799,52.76084792456494,53.76659063797446,52.90971231307388,50.08093199074759,50.30296054911111,48.40363331464272,45.85877902998278,46.02428984837545,48.0880493538171,49.31971194166093,50.861355059272256,52.210619643484506,53.249262157205344,53.46495759521852,52.51355898115606,51.85726258953287,52.83059132542552,49.858843302421846,48.76044550246095,47.35997884091794,48.06403849363206,48.17499261867759,49.58401410454157,49.57707828719117,50.5163480398712,51.50833163556632,25.390760987927766,22.27886704613673,61.12216442500576,59.694201061645664,41.1965172203987,71.74214328563745,54.037191944157605,42.39999792886872,81.25846599267591,10.0,12.30448921378274,47.02197816346055,50.7059193151204,54.17405256843686,56.48106191733716,58.435267775519776,59.67211361174434,60.56018978202339,61.000740206933976,61.089335441145096,61.24022059946867,60.408000612565296,59.42803943463978,58.18440347809518,56.02867028751951,52.35864137869874,45.36280607248382,38.57573704147496,49.262806942049664,53.93866390009778,56.94822730367641,58.89567241420004,60.19194414867286,60.96107738545442,61.40280780322512,61.45050891533048,60.764547458144335,13.010299956639813,58.57636998980507,57.04570017729513,54.44072914794361,50.4637028184022,51.05823445037387,54.24268947394387,57.2468538823736,59.685090988322,61.1802684089525,62.363558477181165,63.05317183535516,63.59759806097038,63.77432294764704,63.46268846200469,62.9383284093162,61.88946754665399,60.97004852566801,58.63222901394682,55.88335585461613,51.40413757591074,43.557387836020354,47.46478509930032,53.73243118267364,56.99793513998984,58.921886896358416,60.42374658943038,19.138138523837167,25.158738437116792,21.95899652409233,16.989700043360187,19.138138523837167,17.24275869600789,18.63322860120456,24.16640507338281,13.010299956639813,21.73186268412274,23.010299956639813,54.908121739455055,57.7027010902593,59.91812862967488,61.485193659179735,62.76305521957988,63.36995766602156,63.92883290668189,64.10794942111539,64.02989354736184,63.68167274705854,62.62554548659915,61.48479566698482,59.75167474825943,57.28471472054376,53.378285041827226,50.20568434801363,49.45375019552896,54.818580911005895,56.511325785504816,59.45635967978295,60.61174924495483,61.36673014062368,62.03122675463611,62.03083225249645,61.52284674273336,60.963739366152375,30.674428427763804,58.33062923325065,55.88201093224912,52.053911462157565,50.15648909314123,49.94704193066389,54.31905490005554,57.42131792479661,59.238328708249085,61.11848684364969,62.177115601481816,62.55245964073984,62.77673608869897,62.696691220512704,62.29252966360151,61.7319238929808,60.45721095158103,59.33100907760648,56.4874338718104,53.42913945254493,47.71330208299507,38.32508912706236,45.081929260254405,51.11222174836933,54.56062224454952,56.78350820127994,57.74687000697461,19.54242509439325,19.912260756924947,21.70261715394957,13.979400086720377,20.253058652647702
15.314789170422552,26.60865478003869,0.0,13.979400086720377,6.989700043360188,21.70261715394957,54.63542128384812,56.62732339735583,57.73658477418829,58.88291845356515,59.54383391018344,60.03843817379384,60.16274749774684,59.97898584679865,59.44149420716046,59.06124848456516,57.740532274779504,56.438088492761096,55.16594862216132,52.91220063565423,49.20065903753081,45.1917146382166,45.90540910873103,50.23400629628406,51.91218993411298,54.21533183749603,55.5631335799362,56.73326926183662,57.4262459581066,57.64559428032922,57.59913246137698,56.99994598332557,16.901960800285135,54.93793924197868,53.33029909476089,51.639153664028754,51.90345707443753,51.54314396563775,53.53743170753936,55.66367952368986,57.01163721775978,58.558757727396085,59.09411596963402,59.40803263646325,59.395292362850576,59.21087933094241,58.79531676370788,57.1779029185474,55.50210002196331,54.13303117693647,48.76771905495927,40.43951418263276,39.00148560719344,46.17052788978207,50.16067631549727,53.00814966671371,54.86628806246296,56.75274120888021,57.2546894884244,6.989700043360188,20.170333392987803,22.50420002308894,15.05149978319906,20.37426497940624,17.853298350107668,19.030899869919438,18.06179973983887,16.532125137753436,16.532125137753436,12.55272505103306,52.39959805364627,53.19085229338698,54.702369737550015,54.66630398181393,54.36927159255234,53.48158775313901,52.67472109330151,51.61957643244891,49.91407732325726,48.516557603728046,47.28012706661228,47.35958002142925,50.30700897151476,51.340016962651625,52.33630580164463,50.98885894252321,51.98692818574754,51.9139791215062,53.6761306650763,53.2757347395433,53.694570651263696,53.84718906499522,53.41760864759557,53.97913950221362,54.31564779891298,53.77685000514586,19.86771734266245,53.285691835888855,53.68532326760694,53.4463784591778,50.94754044138029,51.27936938558702,49.757304268937965,47.10489699751429,46.42998403843919,46.16380977594348,47.86992629861789,49.98629813203039,51.37031119302282,52.67176423453115,53.57067296901225,52.567225554135575,52.72463572299231,53.47527111002761,51.66441955385509,50.43550889865245,48.56813445749757,48.48737029500754,49.01981121658156,48.46844111625265,49.231248045000974,49.08967300418388,49.882244123902,16.989700043360187,27.61927838420529,61.12216442500576,59.694201061645664,41.1965172203987,71.74214328563745,54.037191944157605,42.39999792886872,81.25846599267591,15.68201724066995,6.020599913279624,50.16908043972074,53.59860135912019,56.19581637297854,58.19872821950546,59.49003849697845,60.366368786432325,60.91755565729446,61.018329623045815,60.93618474037503,60.50922381914803,59.50232890601916,58.11516023602559,56.41922055453105,53.41476072404448,47.6850490704858,36.13418945034573,48.374495427917154,53.25065948127544,56.49179030048144,58.55284076353324,59.77596041124087,60.758260610013465,60.94085228274332,61.24246571362895,60.81818438133951,60.04053404531918,20.827853703164504,56.7299324417899,54.303234293530295,51.32685448069218,49.26465925131506,53.792148413786265,56.73772664387407,59.16235430299829,61.054393293806434,62.12898944750201,62.88895713225829,63.43167843250994,63.8769621622691,63.76099518217926,63.34765687725981,62.40387980277945,61.39113045851134,59.7977411273852,57.27307781329921,53.54801603859873,47.199938263676046,44.12057146690156,51.83101789044353,55.76893946376502,58.47244963994535,59.77220904317178,61.03208637769322,21.73186268412274,22.85557309007774,21.64352855784437,22.671717284030137,20.253058652647702,20.863598306747484,17.16003343634799,22.576785748691847,16.532125137753436,21.13943352306837,17.853298350107668,56.32392497498656,59.09420157252202,60.69452745922853,62.20187614205652,63.08886333715756,63.76655779825831,64.1028666746238,64.11497480318326,63.7434428255648,63.232861409228455,62.17185889624992,60.88467798426813,58.93216194141617,56.14528119747539,52.29574343049451,48.914092131543576,52.01345224394569,55.61106156089668,57.64041562478696,59.9565493480718,60.92027254937462,61.73109895822098,62.2882853850972,62.19317266450684,61.660877536992864,60.76222693973273,31.80125875164054,57.80502370023402,55.81595846880703,50.5544714019024,49.30505855301703,51.32234066681873,55.29878021830439,58.09000495184327,59.60138150907031,61.07351431605476,62.25409829938712,62.607630831798254,62.73919846125823,62.72292852492491,62.40321558395728,61.430179246635895,60.42328567685276,58.80409396091025,56.27007210742902,52.78360272098752,46.33074381849491,38.535156967569286,45.37831683136692,51.387604401256525,54.62351570834917,57.10565819800644,57.86320462066261,20.96910013008056,17.24275869600789,0.0,20.170333392987803,13.979400086720377
15.314789170422552,26.60865478003869,6.989700043360188,20.863598306747484,20.644579892269185,10.0,54.64854535228494,56.67583688538191,57.74660733548022,59.04363315672263,59.48779125079903,60.06694040478436,60.10880183269728,59.982628267187806,59.48000483642355,58.91582055586128,57.58034094209933,56.38614036292345,54.88981976693864,51.94805623863331,48.14207628143024,44.81112840841518,46.44684718395879,49.73958686106704,51.99823715797277,54.54176904560039,55.82387257618734,56.844512670278704,57.62313122604673,57.8072404762512,57.62271831688095,57.499526361608126,17.634279935629372,55.73365998357937,53.31629717629932,51.80530148777532,52.259111895129095,51.57063700382623,53.458930048145135,55.58868102460981,56.66429053399784,58.273912457306885,58.85178529114447,59.18073344495301,59.12490417559564,58.820290572545616,58.30466766864205,57.08071454238775,55.22121979631528,53.34946074529852,48.04118978424412,39.85201858364572,38.790958795000726,46.178387477170034,51.30417402341854,53.7230983020069,55.59236121732809,56.89334614065403,57.427290580001646,6.989700043360188,20.863598306747484,6.989700043360188,13.979400086720377,6.989700043360188,19.030899869919438,17.853298350107668,22.30448921378274,24.14973347970818,22.92256071356476,19.294189257142925,51.64902812078488,52.82549611138464,54.06458423189379,54.02862957968563,53.77488383376133,52.94327317896601,52.01883043685356,50.80402789304701,49.08254406269616,48.948585917767325,46.256107972756304,46.85024785105714,50.95382086174857,51.927903971206526,52.816786448714375,51.73433949657304,52.50149093744401,52.55990909230548,54.01765746034847,53.26352249090558,53.799306692474296,53.49429066885829,53.5110413004164,53.94025933665595,53.96208067780909,53.37762662235311,12.30448921378274,52.753067466183545,53.41956551227385,52.79368035656256,49.97229066155384,50.45807865798869,48.89290494762161,45.48757828573704,45.33225352142115,46.41335272726408,48.14913181275074,50.30150219270757,51.842370290163714,53.10780374881432,53.99455654373081,53.22519061254412,53.21793063437363,54.16529007469726,51.91277709248055,50.87699802517966,49.541122015475935,49.54290761701128,49.268567089496926,48.255689116087154,48.96272621303674,49.40142791106066,49.72337087776285,27.730546933642625,30.178677189635053,61.12216442500576,59.694201061645664,41.1965172203987,71.74214328563745,54.037191944157605,42.39999792886872,81.25846599267591,9.542425094393248,19.86771734266245,50.04974474159486,53.7314197092989,56.22770268352399,58.26409793242948,59.53946122980568,60.48098660844702,60.978221152605336,61.12937967007042,61.01186321025164,60.78835482419077,59.66701963253284,58.30501416125452,56.66297969656797,53.85909994786097,49.24863122931677,42.7399611375928,48.50376631669742,52.8986085881693,56.42742419350901,58.23663295217094,59.650252183352734,60.61200952775082,60.70231869740495,61.07529126649816,60.70847302044918,59.64770957202709,10.0,56.19703628226922,53.57095925095734,49.71461405024587,48.202605878406416,53.26475140596269,56.90175694298878,59.165744814420194,61.21947352119264,62.25874788754297,63.070364695948655,63.60574670722404,63.96743356866019,63.82018844622922,63.4802608507032,62.54909959202378,61.517944359651445,60.01048856500148,57.64559428032922,53.98059857410678,48.360708089151416,45.10451171014565,51.64938460878932,55.66626018751573,58.33974098247168,59.78250838636245,61.006120973204325,27.98650645445269,20.0,20.681858617461614,23.443922736851107,23.673559210260187,17.24275869600789,13.979400086720377,21.33538908370217,15.68201724066995,15.314789170422552,20.827853703164504,56.24201625270259,59.02073635316161,60.71228233513588,62.23476471257516,63.08028417510631,63.75959199318184,64.13038270277328,64.16723198453,63.817619773598494,63.27449666907764,62.26183711013796,61.05804723870432,58.95398786276608,56.25679696426041,52.47425759416521,49.82402406352672,52.17244358153171,55.471652814891456,57.7496198073286,59.79668995308093,60.98265673210755,61.58834229453945,62.05605440799752,62.218386738674965,61.67400345011336,61.22247670742886,29.03089986991944,57.81511957970904,54.44232220713579,51.611193349061686,48.2691664718492,51.14110356531892,55.0135097723502,58.11601813344563,59.89252204322988,61.21785959839768,62.12127118690657,62.66381533019712,62.78790171579932,62.75386226446472,62.41818327592686,61.61210129963371,60.58850999869867,58.81113494764552,56.54055192099442,53.0297561323761,46.887400850625866,38.91704676239183,45.64571384835559,51.45373569583423,54.48226940521222,56.82997478986962,57.87526357590735,14.14973347970818,14.14973347970818,11.139433523068368,14.14973347970818,18.129133566428557
15.314789170422552,26.60865478003869,19.86771734266245,14.14973347970818,14.14973347970818,14.62397997898956,17.16003343634799,15.563025007672874,15.05149978319906,9.030899869919436,17.24275869600789,22.09515014542631,18.69231719730976,14.14973347970818,20.96910013008056,14.14973347970818,19.294189257142925,18.129133566428557,16.532125137753436,9.542425094393248,17.634279935629372,21.13943352306837,12.30448921378274,17.634279935629372,17.853298350107668,21.64352855784437,22.09515014542631,11.139433523068368,6.989700043360188,17.853298350107668,22.30448921378274,20.5307844348342,14.14973347970818,10.0,23.180633349627616,0.0,10.0,19.49390006644913,11.139433523068368,20.253058652647702,19.49390006644913,10.0,17.634279935629372,19.49390006644913,9.542425094393248,13.010299956639813,3.0102999566398125,13.979400086720377,16.532125137753436,20.0,19.86771734266245,9.542425094393248,3.0102999566398125,10.0,19.294189257142925,11.139433523068368,20.644579892269185,11.139433523068368,12.30448921378274,0.0,13.979400086720377,0.0,16.989700043360187,20.644579892269185,17.853298350107668,9.542425094393248,23.443922736851107,0.0,20.96910013008056,22.30448921378274,36.84306646071632,34.90239485246288,31.809855807867304,26.78518379040114,27.458551951737288,15.68201724066995,13.010299956639813,24.84299839346786,33.88811413473523,33.74381698050882,36.70987603010034,34.959603948817055,39.38369597451806,39.54483717155552,38.424220033576496,37.74735882551753,35.051499783199056,38.59258417467307,35.30711837981657,35.5834850876162,29.20123326290724,29.03632516084237,25.865873046717542,27.17670503002262,26.127838567197355,34.158077276355435,18.573324964312683,36.83497317679812,36.567687792660166,36.26750853683393,35.38699379542407,36.962689967455326,35.26597709103452,35.85235063365775,33.4183005692051,26.074550232146688,25.10545010206612,20.863598306747484,22.55272505103306,27.671558660821805,30.4493154614916,33.27358934386331,35.289167002776544,33.76211850282673,36.11723308007342,35.182506513085,34.83016420144132,36.25826713285711,33.25720858019412,34.49169732165201,28.48804701051804,30.170333392987803,25.289167002776548,26.702458530741243,20.5307844348342,61.12216442500576,59.694201061645664,41.1965172203987,71.74214328563745,54.037191944157605,42.39999792886872,81.25846599267591,49.11695480957548,51.69603906901063,54.818580911005895,57.834075718421744,60.2743931192396,62.220806877834185,63.66311614132264,64.52966174098049,65.35244736813075,65.60446704556216,65.55465557319182,65.12292607571256,64.37718227282951,63.02341753436881,60.92638198083914,57.51183610301461,50.95897796776811,37.463227650899526,53.94292293526139,59.10002929997817,62.21377197334024,63.95127113670029,65.3626999546696,66.10999908175275,66.44890768691064,66.45593300530115,66.08673305033085,65.3000505479284,30.5307844348342,62.39018035215526,59.786374045759175,56.562065224468384,54.83622951866653,57.49789633148835,60.888027948270775,63.253859303242805,65.23062109125493,66.49492578289622,67.36056025411402,67.90600739909763,68.10887163624601,68.02819204143789,67.65364293079364,66.88705934919666,65.83195372170846,64.13104035943674,61.76712145659401,57.92643787305141,50.5646652613158,47.62648559617997,56.38724810299343,60.620194813605394,63.38605681998683,65.09633107419862,66.16943690319866,66.45233575556239,66.4288871467912,28.29946695941636,13.979400086720377,3.0102999566398125,23.117538610557546,10.0,13.979400086720377,19.49390006644913,18.06179973983887,18.69231719730976,11.139433523068368,26.48360010980932,22.576785748691847,11.139433523068368,21.95899652409233,20.827853703164504,23.89166084364533,20.043213737826427,16.127838567197355,23.384564936046047,21.73186268412274,18.129133566428557,3.0102999566398125,6.989700043360188,17.634279935629372,17.24275869600789,25.89949601325708,6.020599913279624,20.96910013008056,22.55272505103306,13.979400086720377,29.91226075692495,27.363965022766426,31.156105116743,32.48708735600918,35.4020429984206,30.43362278021129,24.60897842756548,33.44981413927258,47.41467697685545,27.49736315569061,34.153072922255674,23.69215857410143,30.0,25.01059262217752,19.294189257142925,17.24275869600789,22.27886704613673,16.901960800285135,15.05149978319906,16.532125137753436,18.129133566428557,25.670263661590603,19.54242509439325,20.5307844348342,14.62397997898956,23.180633349627616,19.084850188786497,17.16003343634799,23.521825181113627,22.944662261615928,15.563025007672874,20.0,13.979400086720377,16.989700043360187,20.96910013008056,19.084850188786497,17.853298350107668
20.5307844348342,26.60865478003869,19.294189257142925,15.314789170422552,21.73186268412274,9.542425094393248,54.33835413038752,56.52246341003323,58.0445021323669,59.02503293333992,59.64728094833055,59.992088638904974,60.227169800510296,60.00411516140999,59.77310600637991,58.617070190640405,58.11513342400035,56.65214077661396,53.42116592779912,50.4410838744612,45.93507589331765,44.78176754287997,45.78513143142161,49.45768843709651,53.22186204369935,55.056450631638974,56.06518941569157,57.2187406536878,57.66252931863164,57.50762880096574,57.38911302651634,57.33943193222812,18.69231719730976,55.438123557737626,52.40911009637881,51.09328764196485,52.11547681181248,52.93963299833973,54.771284929007095,56.46914187793909,57.77322405154359,58.4749677435756,59.15827059432076,59.52432076076882,59.032636700504085,58.65067238765676,57.83707102298813,57.21570739312376,55.57691226777743,51.223207518238574,48.91453824238682,40.17242084547646,39.17663024327375,48.249909561738704,53.36671825899764,55.18979569710737,56.34727093957324,56.6459779183538,57.180106503050496,18.573324964312683,0.0,3.0102999566398125,17.853298350107668,6.989700043360188,10.0,18.63322860120456,15.563025007672874,22.55272505103306,9.030899869919436,6.989700043360188,53.572180508603694,54.152488705143085,54.06833017570128,54.077256326368605,53.58806370511764,52.78296208091274,51.442160394166365,49.70407319863821,47.948016292743525,48.5907822474697,46.55570592549196,47.98768006473385,50.008373805375335,50.888587204255565,51.77666336013047,53.20040297013403,53.66150153307139,53.80668819338757,53.117538610557546,53.25720858019413,53.2479671762173,53.66760921610552,53.572275904895854,54.06948735950354,54.01567677524134,53.51651389099593,13.010299956639813,52.82089396079587,52.68975581097807,51.7004157794905,50.13789098787023,48.5668056563799,46.05628222007618,44.960435585398095,45.23017697283412,48.125657820089344,49.69285418013793,50.993905542930136,52.41618690991924,53.2777974063211,53.63041946961852,53.27567345722923,53.10780374881432,52.63039243374809,51.51878323705007,50.69701389079605,49.64566027423611,49.33649232283099,47.74319846193652,48.26981336911993,49.72466668518412,51.12605001534575,51.46754208942826,20.5307844348342,16.532125137753436,61.12216442500576,59.694201061645664,41.1965172203987,71.74214328563745,54.037191944157605,42.39999792886872,81.25846599267591,11.139433523068368,9.542425094393248,46.72651922840003,51.22969094393747,54.10076737835893,56.67289477966758,58.47683686151682,59.87165554770618,60.779203252679565,61.29794264977064,61.49458678559175,61.33191333736296,60.61914425191405,59.76353647790158,58.54859642052008,56.50219100713123,53.21235849327542,46.96015460488567,41.57940055964767,49.04315139189482,53.612611908957525,56.650666620113725,58.66342287154652,59.96071025045538,60.59231985737641,61.07877862166494,61.14083974135747,60.51245933969365,6.020599913279624,58.23409667083799,56.42726600687538,53.465485585484736,49.408998096948864,50.13990998404523,54.01987819788788,57.23857762392835,59.66350144075626,61.38023396503321,62.56244718279781,63.3139652025022,63.71393922717788,63.86812935228534,63.77434662287585,63.05167507868209,62.258376103621686,61.04070712877771,58.98202836851225,56.28618789818512,52.02120345939547,45.56423121371285,47.42332282357148,53.09044326476074,56.65440268065304,59.04889660835892,60.55734490274447,17.634279935629372,18.573324964312683,13.010299956639813,19.294189257142925,16.532125137753436,18.129133566428557,19.138138523837167,20.043213737826427,19.86771734266245,12.041199826559248,17.634279935629372,54.18963830703623,57.51834706972741,60.06300422531055,61.693787310789205,62.788233110509736,63.50493209160504,64.00044011579259,64.20346932686878,64.10822600023394,63.50822303129639,62.91862590758445,61.6986979324582,59.57094641619186,57.24725500295574,53.31394900386091,50.42410110428381,50.433622780211294,54.17803722639881,57.26176046921577,59.40118863749517,60.692939394286576,61.61627004110609,62.01513193811735,61.69482808567125,62.18580927838282,61.28273227477351,37.38225448142505,58.38609848181629,55.37250993780204,51.540281496031966,49.56648579205204,51.09716878202888,54.737277725020434,57.61694849829092,59.533271142339295,61.06452007604666,61.94532379297874,62.47899896294449,62.69104141474987,62.69704365184759,62.38977205693572,61.7965776676844,60.789730967352895,58.86035323310584,57.09556568599898,53.99813849680828,48.88746571686464,38.19346484080453,46.44684718395879,52.01730228785969,54.887790840651085,56.43943940918474,57.55987605216731,21.64352855784437,17.24275869600789,23.26335860928751,13.979400086720377,6.020599913279624
18.129133566428557,26.60865478003869,13.010299956639813,18.69231719730976,20.0,18.69231719730976,54.34557727194153,56.55972593171982,57.87365528642101,58.95861039380463,59.51943359463406,59.982628267187806,60.09523130556169,59.88332386908817,59.52162574214462,59.07690767324928,57.71020544083906,56.422864130952384,55.36251550563178,53.177458499000025,49.95850095253928,42.42665636645263,44.68893547858615,49.18308238281699,51.89043718139868,54.107316933158,55.66193464469184,56.89309747250487,57.33489372378009,57.74622789304984,57.65579898981065,56.73508407895557,12.30448921378274,54.435086269281655,53.91755254704129,52.631079674181976,50.82185558131955,52.67007369664355,54.05197755832086,55.54222565542425,57.22062713019434,58.34466483410164,58.969498337365295,59.309617594242,59.61945253479215,59.37580574341466,58.744551445891126,57.04790329274698,55.42738310446535,53.92658269437276,49.43202579829663,44.00589790813223,41.31907242774386,47.55341183811548,49.84482306402263,53.0068242103006,54.98769422596812,56.78923349590435,57.206264356746544,15.314789170422552,3.0102999566398125,18.06179973983887,22.380461031287957,12.041199826559248,0.0,11.139433523068368,14.62397997898956,11.139433523068368,16.989700043360187,20.644579892269185,52.72700056789586,53.60360490516766,54.24811425456997,54.43575879750257,54.0274442758005,53.382751676928784,52.728275195181496,51.53708182422587,50.55087685015685,47.67126169717719,48.85824672496936,48.61749414044877,48.410715141163074,50.38322053381606,51.42380079249052,51.746905745096434,52.100347844306974,52.723290432740185,53.44402099240973,53.62461739710617,53.91799304818467,53.75762347587479,53.53741247475766,53.52809379738516,53.614596235764026,54.12556300066784,14.14973347970818,53.89033116720925,52.98296211543733,52.2836442268467,51.611193349061686,49.90290005012757,48.16407029618638,47.34479789425578,46.65440268065304,45.65115509819377,47.52278985460119,49.82651074554795,51.20458762096645,52.04624556764227,52.81808039373373,53.49193963891238,53.55382548609673,52.80106946054672,52.45850595081223,51.45295875204921,49.83360126927649,48.07622960416576,48.71864702088195,48.9035953131713,49.3379088414342,48.651039746411286,49.65455710174821,0.0,22.14843848047698,61.12216442500576,59.694201061645664,41.1965172203987,71.74214328563745,54.037191944157605,42.39999792886872,81.25846599267591,13.979400086720377,17.853298350107668,49.92473985619664,53.39302344383799,56.353892372699846,58.11608514954512,59.51936567858969,60.323967224125646,60.86257296595833,61.14694366104735,61.01416073168524,60.55600391754351,59.64416155480623,58.3588136554593,56.13796382363446,52.92196240954739,47.250618046339866,37.91339703965139,48.0544648298844,53.19233100503199,56.50472659655893,58.48746873290807,59.754708702773705,60.687308005667234,61.0203593486941,61.104617597450456,60.827056825308325,60.08677230906602,13.979400086720377,56.95451029628921,54.28892527459639,50.5922251252969,49.617294997421375,53.25616220858657,56.782360413955296,59.22598835170895,60.88998149099349,62.21956701806656,62.9850746748981,63.50542811968886,63.7162414201686,63.72869491556773,63.27892022884966,62.50149093744401,61.42192299234206,59.69727541947072,57.28712434189045,53.77337218949778,47.99974294646381,43.770146804081016,51.51185918086074,55.617213616014574,58.342966926776974,60.027714911656815,61.14110356531892,18.573324964312683,12.30448921378274,15.314789170422552,9.542425094393248,22.30448921378274,21.367205671564065,15.314789170422552,23.443922736851107,9.542425094393248,22.50420002308894,9.030899869919436,56.275143517214886,58.98903359310098,60.7396199998708,62.02713034914203,63.17602487832299,63.75158624575428,64.10295616349686,64.09396260519875,63.81106593375088,63.28719158271851,62.16484971693156,60.84311688778334,59.05869245660837,56.35327895602212,52.41392059465719,47.593731797955535,51.10030490848308,55.26228104455071,57.91792370062748,59.61565360290762,61.03078151176621,61.89746267069906,62.08017874164132,61.90256880999293,61.79874806785808,61.26462605079578,31.3640344813399,56.75308976792677,55.116400879462006,52.46074912472177,49.70834834555414,52.04730280256104,54.58861358747461,57.98938468647884,59.706564448070296,61.25560960371581,62.018789511299005,62.63300100048472,62.74224605359032,62.81989580691781,62.38758464430583,61.406619985948005,60.34966777760818,58.96028257097118,56.411021237730886,52.91726174842776,46.828487672897154,35.35800290824898,46.37459708119002,51.76519551688189,54.72880724568107,56.60007420839695,57.7773485194902,47.41467697685545,16.020599913279625,24.345689040341988,16.127838567197355,14.62397997898956
15.68201724066995,26.60865478003869,23.654879848909,15.68201724066995,14.14973347970818,14.14973347970818,54.48064450044604,56.38283542348777,57.80919720816114,58.89315711779772,59.4795740241771,59.955619286416336,60.10086574027977,59.98909421281304,59.65526241914159,59.01729602588087,58.09005214505089,56.837717590664994,55.11381962637359,52.81662751660296,49.33011226540218,46.36287252098513,46.09402295470293,49.05558437120276,51.152143076814376,54.0180018351311,55.05341297179153,56.5409275636862,57.28439009023711,57.30984038495525,57.34310873175114,57.3265747342558,18.129133566428557,55.57291805806475,52.994680731424864,51.169595526406994,51.971592144628346,50.82084909678088,52.71864830219396,55.474891828834565,56.52227962896977,58.25687005583256,59.09173446300235,59.46003983317241,59.50303016566711,59.38602273309567,58.90023991711799,57.9094982256541,56.57718268291816,54.919846695294126,51.65837624690128,46.17304450562998,31.832698436828046,39.63268251526235,49.22060795592691,52.21135051970818,54.29590802223301,55.93535271677563,56.66223046893008,21.13943352306837,22.30448921378274,13.010299956639813,10.0,11.139433523068368,14.14973347970818,3.0102999566398125,20.0,20.0,6.989700043360188,19.49390006644913,52.24338790859655,53.30190480474565,54.451385269971325,54.64584920786773,54.465635718724776,54.13128695501235,53.018023526478,52.22375663345428,50.72323438293041,49.91978790994584,47.39422016155787,46.89344382781724,49.95117241929405,50.62465404695673,51.21602516529897,50.36708721569886,51.26537252055469,51.5357098143378,53.1679618790363,52.486254449727696,53.15006275393479,53.18466123289406,53.00936612311303,53.76520385603506,53.93245189581453,53.55233072735771,16.532125137753436,53.37181623447573,54.37415995531839,53.96312702346493,51.77897059918944,52.392919696472966,50.914031358915686,48.714912057760806,47.4671202251666,45.44886228470487,46.77762030201842,48.38553166162376,49.85201858364572,51.44925859300052,52.73811199399403,52.58278015243032,52.80006673939351,53.62356164152661,51.85431654921992,51.06901103609402,49.9153174686426,49.51148020134991,49.22060795592691,47.94474104397434,47.60007594399437,48.34223541380128,49.01529154117124,17.24275869600789,23.89166084364533,61.12216442500576,59.694201061645664,41.1965172203987,71.74214328563745,54.037191944157605,42.39999792886872,81.25846599267591,17.16003343634799,15.314789170422552,52.83827943622293,55.54504908193225,57.45125560451424,58.99291807362807,59.94596032412402,60.54265173296972,60.68699658432817,60.58402486880476,60.10086574027977,59.5537694783678,57.75774233142586,55.78322827532499,53.24994032650646,47.75828814464612,37.555699806288,47.7887447200274,53.25993616779612,56.28431846443277,58.42162860066619,59.737100645993394,60.66765588993687,61.17319695244508,61.05840463579799,61.05840463579799,60.389252132178896,59.02659822488279,15.314789170422552,54.76892466039551,52.337396156012986,50.62062776687373,52.50705371758883,56.01960092108274,58.658581504923845,60.54737503837819,61.90786768398101,62.7682126958134,63.28348814334807,63.597051744481554,63.746209709341855,63.43448968511544,62.77300400225962,61.598945952023314,60.055382718246825,58.11608514954512,54.67639178353173,49.12115729078855,40.47352760753935,49.56384563098206,54.67332792532687,57.63734138121372,59.62218703612085,60.736992922798166,61.55561022682729,15.563025007672874,18.325089127062363,9.542425094393248,13.010299956639813,6.020599913279624,22.380461031287957,21.613680022349747,13.010299956639813,13.010299956639813,21.613680022349747,18.129133566428557,57.769567470033785,59.97987601358289,61.555400775627774,62.68732381045587,63.38269188626322,63.89365459528692,64.0804211268578,63.955369355277455,63.54631775236327,62.850637781701685,61.73431619198051,60.08799816172687,57.68544869597659,54.34568904034198,49.88795213011275,49.13946239058085,53.229239343042536,56.61097734988851,58.63306796876803,60.37377487632858,61.21498454309795,61.92710707861135,62.44372630338794,62.12512803822936,61.875229769058336,60.78042627035765,3.0102999566398125,57.70299591196362,54.15140352195873,50.83004256993419,50.47590249282056,52.192543578912165,55.92516507105674,58.52248755670389,60.0954989685652,61.56552179874094,62.25273347541075,62.76398608579526,62.82660397975818,62.69406926066366,62.284498941964586,61.46631835160491,60.26242684382758,58.57453117035266,56.10750631683459,52.486523936887366,46.47353624901466,37.829024059746445,46.576389846160815,51.937394134791965,54.66173380378115,56.96378233982798,57.72146339596304,18.06179973983887,14.62397997898956,17.853298350107668,19.86771734266245,19.294189257142925
19.86771734266245,26.60865478003869,17.853298350107668,20.253058652647702,18.129133566428557,19.49390006644913,54.24340881040344,56.465448734992336,58.27971180840872,59.08264062276842,59.78197413449766,60.10571729753778,60.18071897731504,60.01507422775119,59.42308232871007,58.685668578913386,57.63015217705538,56.00742081404431,54.02661952573644,50.89742661986244,47.73640193260026,40.062092405376575,45.88114772097658,50.06761176616413,53.65377525265342,55.20285664243134,56.707179380472645,57.41946945311592,57.6515946896501,57.8322303260894,57.59849077610011,56.61260714695142,21.613680022349747,54.071324606158186,53.27906311271296,52.60758080035578,51.24063838301461,54.01655527750323,55.56400206034285,56.68498669503435,58.07244048014467,58.59746364232475,59.11813617086353,59.31765429396293,59.19289955468101,58.60267315647211,57.568072063389415,56.089045391457645,54.0643968498626,50.09833178608563,46.30478726202636,41.4813973650122,47.03050514397927,51.969081460845885,54.21985411998638,55.6613567937585,56.715504868949736,57.40340579394176,57.59644429921159,16.989700043360187,16.532125137753436,15.563025007672874,9.542425094393248,11.139433523068368,12.30448921378274,11.139433523068368,18.69231719730976,12.30448921378274,6.989700043360188,18.129133566428557,53.881651682234505,54.21052483545053,53.86663021182075,53.66290313710706,52.90971231307388,52.356824426447794,50.97357973805346,49.40242474237714,49.07690767324928,46.03761260608288,49.75597222520748,50.57243773519051,50.10978012174743,51.45187079718796,52.52331078830706,53.68965230598203,53.85105563442656,54.07373906311004,53.77586703072112,53.96380701297968,53.77970664915871,53.63845045117272,53.79205772700067,53.29741517458709,53.3543382827267,54.000628548972,9.542425094393248,53.1679618790363,50.3389398651317,49.508174143137325,49.188111547111966,45.45665787120142,45.61113314652254,46.5349230229706,47.87184081777398,49.7350192493289,51.57595768477512,52.7214341759105,52.68400099359988,53.00032144355157,53.21975194009365,53.95446965140608,53.43404654607018,51.46673662990135,51.74199411106336,50.35545801383938,49.36699685258227,48.38023776935735,49.66127647284178,50.5021343178304,51.1293997608408,51.55424102241839,51.71588978424357,27.551122663950714,13.979400086720377,61.12216442500576,59.694201061645664,41.1965172203987,71.74214328563745,54.037191944157605,42.39999792886872,81.25846599267591,19.030899869919438,10.0,41.59115821827769,46.27376099266331,51.45957386466343,54.89840402738992,57.1884035630406,58.956843698796206,60.24384265751476,61.07981513775656,61.566051759461374,61.592895048862346,61.55679085694305,60.998808261253934,59.93465329457561,58.40352668566816,56.18968035300037,53.22519061254412,47.924617313469504,42.68975581097807,49.906274004382,54.35111433126493,57.18063020962365,58.92195369590702,60.122621418077706,60.82897698080333,61.09463799715787,61.06483275920988,12.30448921378274,59.58485999450496,57.80844915005719,55.45920387143006,52.01301514382703,47.92706788898358,50.90346243505668,55.15791743702354,58.05845981706187,60.35052118119943,61.746307346072086,62.85846142533263,63.436468487662296,63.84787670676062,63.890827627368985,63.58863396219291,63.03697906842988,61.993848820922864,60.53907806893611,58.54998538359901,55.29065722517611,50.74322643568778,44.50264508559852,49.512597857579614,54.64288300555899,57.77293395910956,59.664632263845625,18.129133566428557,13.979400086720377,13.979400086720377,20.043213737826427,25.71708831808688,13.979400086720377,6.989700043360188,26.03144372620182,16.989700043360187,12.55272505103306,15.05149978319906,52.1761552866633,56.12970245567954,59.05973877649214,60.93972259585416,62.24226850876803,63.35361603015662,63.92681655978143,64.2167515190425,64.182974787942,63.7857757810227,63.23081443588479,62.24105031541185,60.60755616558785,58.61426869337884,55.636258260996016,51.10108016047948,49.10693758420882,51.76961870094807,56.56583037260841,58.80356199419237,60.31454113272397,61.543122656345766,61.82540185914188,62.4656086459694,62.08177367074001,61.46450844645673,31.73186268412274,58.832979517558,56.70113131704522,53.02902106970617,48.70105298352797,49.46221300433909,53.61155323048949,56.56741976046395,59.24816651405721,60.753498418576335,61.74047299398399,62.491800065323496,62.9017400865311,62.783522646146096,62.54758044099218,61.7647384868932,60.86439562670024,59.07910941971927,57.37139346888375,54.25320607247721,49.37728468766602,34.487063199050795,46.5579130721557,51.80426965753027,54.90857058784643,56.29520707185806,57.44332106989367,11.139433523068368,20.644579892269185,18.129133566428557,3.0102999566398125,12.55272505103306
21.13943352306837,26.60865478003869,12.55272505103306,6.020599913279624,23.117538610557546,17.24275869600789,53.83287431270493,56.29817196018516,58.206434133344665,59.0806929129394,59.7154719800148,60.077823324738205,60.109813997939945,59.972854450771294,59.733703439775695,58.58658085439716,57.95503233772389,56.71987884346247,54.0364547694424,51.24442271503,47.40812543436871,41.6010822041095,43.75937818630777,49.03621672141568,53.40602732256748,54.86913389449316,56.38817599205331,57.2549101202177,57.55765887422548,57.76623468825453,57.56307410831173,56.95285499196936,9.542425094393248,54.73705886887772,53.37589031056248,52.4069398898779,50.73736674621222,53.671937292847936,55.250772158635385,56.4737221043336,57.89041739901173,58.39877590435383,59.11194375673486,59.46486162241367,59.29431698893567,58.81673329545503,57.94156796963009,57.05484821748605,55.26910206001223,51.71073790625493,48.84710421910981,42.32208078396316,42.42367476911439,49.640945574952,53.12695576121943,55.20621070298135,56.48501499615779,56.755162199251295,57.22308902609961,25.68201724066995,20.0,13.979400086720377,17.24275869600789,0.0,18.129133566428557,12.041199826559248,17.16003343634799,20.96910013008056,17.24275869600789,19.49390006644913,53.74982838362524,54.41110447309072,53.83815365980431,53.8065435785981,53.53123434584472,52.91584168052318,51.74376759009576,50.139573549857474,48.8821320240173,47.26604970113563,48.60996436757196,49.67482452712152,48.38609848181629,49.6815593714997,51.30076332517164,53.414899207966485,53.69887195536442,54.01745082237063,53.05660855214274,53.57172257723033,53.5705011907865,53.60441933102638,53.83474257050051,53.51989455435632,53.65167761878668,54.22427318313212,17.16003343634799,53.787030718335245,51.53436787432771,50.8290020987074,50.89155925531252,47.327555211782496,45.463698983593055,45.81152891966289,46.25528515313152,48.04875132295543,49.82497369197713,51.22533698290592,52.21221175166608,52.7981746121771,53.0330407743893,53.94600506254613,53.69809358673543,51.75549500835408,52.56053532456802,51.53912379174297,50.14541538950471,48.43257701026018,48.03416142538151,49.196741839602815,49.97390753535114,50.85008569975324,51.10202375877088,26.522463410033232,22.380461031287957,61.12216442500576,59.694201061645664,41.1965172203987,71.74214328563745,54.037191944157605,42.39999792886872,81.25846599267591,13.979400086720377,0.0,46.339529790384375,50.795430074029056,54.358204854993474,56.78964280652131,58.557008308354376,59.941838077549406,60.80938028335896,61.35534943032027,61.53168885415444,61.22091635892679,60.8908588836045,60.0508437344062,58.279905417035536,56.303678629762445,52.967551106173616,47.70682677395463,41.798389280231866,48.62781141611285,53.65467392854011,56.6919224713696,58.587416648371445,59.85732662747523,60.785706332445386,60.98946761077725,61.04828744811795,60.70732551495843,9.030899869919436,58.41505253785512,56.24823337062955,53.0999192878118,49.621988049055375,49.5881225347552,53.89353942565818,57.46299398545909,59.66637249916949,61.37710074264586,62.61022214884007,63.320158777560906,63.686308363704,63.792230030274254,63.61465291749551,63.1751113775174,62.340599706570345,61.04415064349466,59.11153878587303,56.31841352009734,51.86956335465412,45.80194838726251,46.813317059691656,53.0762010432797,56.525335187759865,59.24454002740149,60.52295623988908,22.27886704613673,16.901960800285135,10.0,26.48360010980932,16.020599913279625,26.82145076373832,19.54242509439325,16.020599913279625,28.06179973983887,22.27886704613673,19.49390006644913,54.17247429745767,57.5487559156674,60.05168925441095,61.78162817270426,62.86605774912103,63.64154978413072,64.04731115253496,64.16560962597238,64.12100193959346,63.5065110466337,62.90240574001271,61.784200607200646,59.72544398409463,57.32363197284066,54.09278653929999,49.35915169948879,49.7221209829062,53.5143295492885,57.59107054074559,59.43902402831559,60.94142925400022,61.76943954835923,62.03883770805472,62.21990306544931,61.71012278523061,61.05000313394804,35.22313795156667,58.0149975188905,55.93308224336954,52.60169212536888,47.50199727829183,50.65512492839481,54.61585557039263,57.504312486602025,59.40645957105444,61.0012575464857,61.86884041160279,62.58250698758621,62.76761570693736,62.81652534288852,62.341734575248815,61.851737123573365,60.65787289991228,58.82458506513437,57.14520874332895,54.11259327727062,48.77152415493926,32.263420871636306,46.96408815486136,52.417954312951984,55.11436810382921,56.42871912991002,57.57743628937949,21.73186268412274,25.118833609788744,19.030899869919438,13.979400086720377,12.041199826559248
9.030899869919436,26.60865478003869,16.989700043360187,16.127838567197355,23.117538610557546,21.613680022349747,53.97983435948901,56.21529392069847,58.04938425994972,59.11863096996533,59.745176797886,59.98632862860158,60.181693696544734,60.121591118528535,59.59937690557835,58.549433490759206,58.29844534780758,56.781184984010665,53.23559401770425,50.42752659005548,45.76721335591952,43.182303391878165,44.338817922871456,49.13416450054413,53.66454710930442,55.21451918101822,56.63665125236666,57.56605683748872,57.60857314132123,57.83469782513279,57.36474588575931,57.55878665256502,18.573324964312683,55.493576685243646,53.3310454039859,52.32777638342274,51.69559821610666,53.24407991481233,55.044395976035446,56.20391141072267,57.635627536990704,58.12087412231341,58.84791966586421,59.22456599949002,58.92297782701293,58.30956091855359,57.42332282357148,56.82377961897291,55.350927531840966,50.22560330465442,48.59306456235333,40.91315159697224,41.798389280231866,49.81999714129878,53.80109894508195,55.73921232520589,56.83731278618886,56.89366583592577,57.47654137186064,18.325089127062363,25.05149978319906,19.030899869919438,19.294189257142925,17.634279935629372,9.542425094393248,16.020599913279625,20.863598306747484,0.0,19.030899869919438,6.989700043360188,53.39381869112333,53.80509716578931,53.25158393388665,53.60451402179635,53.0836162432773,52.46459187219475,51.27791348178668,49.39888495510685,47.79315046514312,48.08791445252275,48.72738827472669,50.27663491268163,49.80916475835494,50.89346878610278,51.709302488315465,53.92644201738428,54.23999090057728,54.387147666454034,53.12314903570763,53.62303366747721,53.37181623447573,53.2791039358105,53.40618590812624,53.40923755200026,53.58553466319947,53.4482438798976,22.671717284030137,52.92402288759038,51.46537320414392,50.54283570473548,49.81954444469974,46.84719721101585,44.29978248073312,44.76657760031162,45.813579144116574,49.02943387864306,50.35861816301563,51.78729530303869,52.79678348690777,53.42316068182743,53.80480782541143,54.31405583095625,54.11999967938337,52.58047927985508,52.73429564696245,51.6540459663102,50.3422726077055,49.24795995797912,47.61521906519292,48.24984457921046,48.96222987333409,50.86359830674749,50.134650219690144,14.14973347970818,27.520484478194387,61.12216442500576,59.694201061645664,41.1965172203987,71.74214328563745,54.037191944157605,42.39999792886872,81.25846599267591,15.05149978319906,9.542425094393248,45.84206799271915,50.82009408027409,54.01210926406311,56.662558271926045,58.456715503080126,59.95054431102364,60.81080022830277,61.351148338017694,61.53720375968656,61.23361558746296,60.908168782600896,59.94592074804476,58.55158608255765,56.482790001853125,53.54417715774715,48.81042108193405,44.71188994136752,49.41193297297842,53.9476678022632,56.719721715599206,58.55622114260253,59.78012886193903,60.67132255808997,61.0169896904536,60.908168782600896,60.453515395566775,11.139433523068368,58.06804501627296,55.89909407688574,52.53708645425418,47.51155882395935,48.61444794774137,53.81809757158776,57.33864650407429,59.61772659065172,61.608285431445466,62.67345411461479,63.3180716332238,63.65865956079658,63.93849029527089,63.72935741299368,63.2903686827341,62.462633973828574,61.15818457324384,59.296462321533234,56.628824374381495,52.6518115658252,46.89717205865222,47.7423220878466,52.88633703381844,56.60862633270872,59.13795315028506,60.65442645744493,28.60338006570993,27.067177823367587,26.989700043360187,19.138138523837167,11.139433523068368,26.06381365110605,23.117538610557546,19.294189257142925,20.644579892269185,11.139433523068368,11.139433523068368,54.12804822421319,57.52983671416257,60.14796400328212,61.74969041103865,62.82634119810435,63.5418568288908,64.06188855929608,64.21803426195387,64.07244358479234,63.43461375594576,62.90854319795018,61.82781165547361,59.74434774814408,57.18578908362908,53.970949185051744,50.51021249166112,50.26328938722349,54.02393800582473,57.571112143887376,59.49604660972975,60.97210788048671,61.7273745993895,61.92938869915822,62.21696111715366,61.55623244979537,61.3194217981364,26.60865478003869,58.48687191889376,55.73003960561159,51.75494418042501,48.02096107898403,50.05943719146886,54.64265934034075,57.248662724865184,59.4865743214132,60.8832749061525,61.857758121098186,62.74478600487648,62.80026502307592,62.73537612912585,62.29167652766797,61.78023905839139,60.883161506305406,58.68482208806081,57.213497054166105,54.18122232259061,48.984015335688525,36.39486489268586,47.43274523511934,52.33001189830074,55.0151523747289,56.3504118442533,57.38452336100976,23.654879848909,19.54242509439325,19.86771734266245,19.138138523837167,22.671717284030137
18.69231719730976,26.60865478003869,17.24275869600789,19.49390006644913,18.325089127062363,9.030899869919436,54.8545168275652,56.802421164589234,57.76039070372359,58.91570906537084,59.5494886960313,60.04205259736892,60.09643353540224,59.77987758844534,59.48413943918225,58.93717387430143,57.47918060115472,56.0116550991782,54.72886571939171,51.26965412844876,47.27362297341409,44.71291711058939,47.21686984387049,50.85194216258445,52.748618518466174,55.07645417174231,56.21816861021968,57.2463053514046,57.91303891625925,57.94160285118007,57.73833966188117,57.363526721815,20.827853703164504,55.3701269914582,53.10672074930124,51.401968233498806,52.50334598929823,51.79919292335332,53.94819274573398,55.89544145030851,57.0015141415408,58.31282215982333,59.04664703347279,59.15410916704087,59.005446341457045,58.591286862452925,57.75436404115651,56.359921366535886,54.05238755212845,52.184015727254085,44.98655095245119,28.60338006570993,44.823160718126935,49.55793545605874,52.87371699877528,54.83645769465113,56.21928891242129,57.443501027845805,57.795806197408986,16.532125137753436,18.63322860120456,16.532125137753436,18.129133566428557,17.634279935629372,20.37426497940624,15.314789170422552,6.989700043360188,9.542425094393248,22.671717284030137,17.853298350107668,51.93027149557767,52.86449732965437,54.05067898919052,53.70053941853111,53.442134097180414,52.31902649456643,51.150443952584126,49.98930319327186,48.302806401963856,49.05536844931846,46.93269556062092,48.06790271584067,52.19353958902634,52.96939279561827,53.33610482123383,52.42136262241644,53.0999192878118,53.06598710609152,53.9015939329271,53.55652624508672,53.90772657650225,53.77970664915871,53.32763554077332,53.78179790380951,53.8043737786975,52.89020073483047,16.127838567197355,51.99239420603735,52.546544021960486,51.78919421035466,48.2753081089534,48.86050567527855,46.73149977602316,44.77193631102115,46.45422269349091,48.16778034644581,50.36664818971381,51.76623667143241,53.23262415832592,53.87407624928184,54.37433443797971,53.30513203226174,52.91781633636036,53.80610970533446,51.10229332063081,49.90272240095869,48.90141460064577,48.96129218798853,48.93367778702401,48.97808467561361,49.73280291927545,50.30830367004784,50.32074544734608,26.020599913279625,19.294189257142925,61.12216442500576,59.694201061645664,41.1965172203987,71.74214328563745,54.037191944157605,42.39999792886872,81.25846599267591,6.989700043360188,0.0,45.35597893299667,50.59896489053404,54.14239438678446,56.65701976298681,58.63893611903713,59.85760487379296,60.69188776834165,61.22922302065996,61.3756297830768,61.463714825527546,60.64357640633488,59.80589614348293,58.7674941037872,56.843174269344736,53.81115080709851,48.5668056563799,43.69382861635198,49.42092422040358,53.81443611700102,56.678506405345786,58.52033880787934,59.96754143912795,60.59341102194115,61.15364175222413,61.02348965394768,60.37123980206153,22.671717284030137,57.95736850287612,56.0474538336247,52.68599030910711,47.16404045937779,49.57176130404847,53.85237950117024,57.34058577309517,59.73824475846741,61.37982307575263,62.57362936857674,63.30285901477595,63.8962318240954,64.03674451117433,63.82996613595517,63.21497559709184,62.31761315892917,61.286244359721806,59.093190280638126,56.55481315196215,52.798220215298045,46.55224900768312,48.106357002755374,53.51009304862241,56.79675864288255,58.778710153595846,60.29757029322772,3.0102999566398125,22.380461031287957,20.043213737826427,22.27886704613673,11.139433523068368,20.0,20.253058652647702,25.118833609788744,20.5307844348342,19.030899869919438,18.129133566428557,54.522235791455856,57.80836282736857,59.95133931390798,61.54655514815375,62.73993571720604,63.536596926438094,64.0776809238926,64.15844570249536,64.03764961526294,63.576120538899374,62.75485037600277,61.61776645760719,60.0463988290926,57.57620710465442,54.27533171343861,50.66105926521299,50.7757500891164,54.56954816558422,57.00069980960542,59.31966622674638,60.596168021719166,61.43270927213397,62.06504217177955,62.01827927367643,61.680449805474126,60.9096659884002,35.58708570533166,58.51716257325143,55.63825062251492,52.050147925690034,49.76262836204536,49.27780849347374,53.82179196960254,57.36192455474068,59.48260349012876,61.029579044123935,62.07270732523273,62.49792017370291,62.66472773777312,62.77647027217017,62.42606021072093,61.67346877585636,60.52009071033845,59.32831808523079,56.692740999876605,53.348335926661576,48.15125953393681,39.17452991929664,45.09605704611556,51.16650905668053,54.572761860613255,56.77104851734309,57.85551909170992,16.989700043360187,11.139433523068368,22.09515014542631,10.0,11.139433523068368
18.69231719730976,26.60865478003869,13.010299956639813,25.68201724066995,26.364878963533656,16.020599913279625,54.41608739356879,56.48329755704749,57.83369669018918,58.9921622692905,59.51526449231214,59.94955584482999,60.11462596621676,59.87584938798069,59.37923912938237,59.02832048060113,57.74115331389872,56.4488840763682,55.23123184270528,53.10958692419998,49.66948535845015,41.51124590050682,44.07322907839639,49.37417581477138,52.264993743751845,54.062607796168734,55.84991212153491,56.879220560856325,57.26920276410102,57.82223872767428,57.5960741690577,56.79763935940666,17.24275869600789,54.61470013078667,53.97913950221362,52.38379854426336,50.59476323091263,52.61912040319736,53.9263540919524,55.47455941773798,57.16365661313918,58.26264683995774,58.9417866208484,59.40644961312952,59.61159964249024,59.43574640298121,58.94708080209772,57.10078420780626,55.499468879767335,54.03897436122588,49.640992747289296,42.66819454909125,41.93847819973557,47.63502865467597,50.44202541730655,52.74619619091239,54.95544337546448,56.67569683029591,57.091859779465295,20.5307844348342,20.644579892269185,3.0102999566398125,13.010299956639813,15.68201724066995,16.127838567197355,15.314789170422552,10.0,15.68201724066995,15.68201724066995,20.863598306747484,52.99003634828229,53.75059753585813,54.2050033913748,54.48758864813048,54.081076210490494,53.43558256814092,52.69431214448118,51.73282443788567,50.390887722500594,47.66450028267501,48.64914336744156,48.24028155508092,48.53308753633807,49.934406395562654,51.55032228790971,51.81835016258567,52.15827839474379,52.47897196824794,53.54937802557592,53.63147355960035,53.54724853384612,53.63734166777149,53.43087431996766,53.71069710329429,53.8284519629626,54.222039571939845,24.16640507338281,54.04739666293238,52.940802601140575,52.31030996673056,51.505261874124464,49.94321552794073,48.545307234734985,47.419784142159706,46.48496621464603,46.274068258377895,47.22650372770814,49.75165175566438,51.02382245940545,52.22136157441879,52.88242516542587,53.50962852321359,53.57372567060328,52.67465071529265,52.545794940486346,51.44925859300052,49.92367920008414,47.876729646874935,48.52998153939215,48.6678929421315,49.10309507284359,49.13474758490321,49.85201858364572,18.129133566428557,22.27886704613673,61.12216442500576,59.694201061645664,41.1965172203987,71.74214328563745,54.037191944157605,42.39999792886872,81.25846599267591,13.979400086720377,11.139433523068368,49.88772930186559,53.620675857274,56.12302688573096,58.217394599680325,59.456344913528895,60.34901459021072,60.931140677306985,61.09283180230547,60.99432007131712,60.48871224182345,59.64793093253569,58.261013781171954,56.06270627400529,52.92355770379657,47.31266349075492,37.82830805202592,47.82486957080988,53.31680308168973,56.55366091486719,58.460115786205606,59.83242332814325,60.65264802432818,60.97367344794088,61.11222174836933,60.74835815303522,60.099070478171,25.118833609788744,56.99560243559649,54.05397591264997,50.54957596012407,49.78750981332984,53.51380746427789,56.80713429938125,59.18262108456399,60.97952804009375,62.17279909490803,62.93618193817221,63.508470864554376,63.82858326014619,63.69289532745688,63.35691534403925,62.54759976580464,61.4301042604304,59.60646742930689,57.31931070241544,53.762045450154815,47.40717876059285,43.98113691730502,51.63450609444258,55.69716761534184,58.48165091525732,59.9864723952671,61.11999046490983,19.030899869919438,17.853298350107668,13.979400086720377,19.86771734266245,24.082399653118497,10.0,9.542425094393248,12.55272505103306,16.901960800285135,13.979400086720377,13.979400086720377,56.36120646938836,59.11141622145796,60.67503818200323,62.23118072815288,63.0511911030228,63.82594216474534,64.06866034486909,64.09033185079848,63.79820925158584,63.13523443563055,62.25735353369927,60.88298431311629,59.20461964806154,56.281405447778646,52.549949505115954,47.72651703812302,51.30899591067159,55.0882588086869,57.9945772421948,59.83844957737774,60.89694975067573,61.90296392796751,61.8323595315175,62.24943337896392,62.30727291548709,61.05014636135419,32.56477206241677,57.78418982771812,55.49303729102324,52.370860804468606,48.70368785706904,51.37027951524008,55.06798521696372,57.79285448135741,59.79484637084379,61.2437150346468,62.04244010305463,62.69338257330959,62.86354508608995,62.78844336162831,62.5120102966239,61.4607467622117,60.43839935692954,58.88945715361319,56.55661770900308,52.83330633063646,46.21923705295806,35.88159616383092,46.31210323734084,51.76704628577672,54.94123969609872,56.58538910987459,57.79206749951978,19.54242509439325,16.532125137753436,24.84299839346786,19.294189257142925,19.294189257142925
18.69231719730976,26.60865478003869,20.37426497940624,23.97940008672037,15.68201724066995,16.901960800285135,54.18794979144394,56.360192474567214,57.97198269838959,58.94522082111331,59.677936013616176,60.01389255119879,60.24604692408011,59.98951651711827,59.679675602674855,58.8023719832741,58.26806652529976,56.99277376032461,53.87083576373649,51.221535976174565,46.23414704409385,45.348000348742026,45.40429588779769,49.13352831921964,52.43655548489076,54.97974017547351,56.07944802682957,57.09902281064386,57.69591466130553,57.66769654867842,57.62796309825895,57.65676004000135,17.853298350107668,55.96212107141384,53.16808752053022,51.55244917176186,52.13623993416087,51.67559526711227,53.74444050045925,56.03084801959994,56.90193421074567,58.13664370440754,58.85119123870514,59.2421723956104,59.1178062734744,58.78007346000008,57.996499601962974,57.41526616877087,55.81583327368457,52.53105285226636,50.1282035857255,43.28175661438323,33.53723937588949,46.08793373986931,52.42374933400083,54.64562569536312,56.0346915973384,56.66429053399784,57.22799219086109,13.979400086720377,19.138138523837167,13.979400086720377,20.37426497940624,0.0,12.30448921378274,19.54242509439325,16.020599913279625,14.62397997898956,13.979400086720377,16.532125137753436,52.45438634035767,53.527399873033865,53.74317502821529,53.82278261510145,53.70685144932092,53.0810533408533,52.0779588520471,50.39659951484772,49.01403826825252,49.543631300433226,46.36698473102621,47.837106754009184,50.501979564997306,51.16292201435748,51.83921508203647,52.83142863303242,53.349400494542046,53.71483477204527,53.13972618860607,53.09672743229267,53.20513930089022,53.27555089000683,53.591712057167,53.86229565926251,53.933663407578216,53.28644584943908,6.020599913279624,52.8314965157638,53.238644258350206,52.41152847397804,50.53374277879662,49.76304116552002,47.69561935848059,44.94168513490308,44.32006687269598,47.19604706963622,48.775844089266194,50.3362477121926,51.70886297979714,53.02504092355714,53.75466079343102,53.42600310415772,53.51024787938465,53.7258984311076,52.49335352632361,51.67745509321783,50.24325548537449,50.2302599115097,47.92510753920689,47.58192516865709,47.89044563488024,49.84927669776595,50.282865094262775,15.68201724066995,18.63322860120456,61.12216442500576,59.694201061645664,41.1965172203987,71.74214328563745,54.037191944157605,42.39999792886872,81.25846599267591,11.139433523068368,13.010299956639813,50.33174366693704,53.83501196445383,56.19128824398374,58.10867360712258,59.53968817693771,60.50847444082255,61.05151019522836,61.20829168702447,61.17001352459938,60.8128860566078,59.72328756262938,58.38972438028546,56.55792266599687,53.78506915168323,48.91258616904139,42.59426626587052,48.72738827472669,53.24068342686847,56.03422621823785,58.34782994481185,59.58919677362558,60.528927717332586,60.86277591720471,61.02605194126567,60.68993195572233,59.598776773042914,6.989700043360188,56.17244694139803,53.89196218038243,49.38059168936093,48.87167020894775,52.95984701409477,56.54927001082143,59.15372921840611,60.97117035266842,62.38706832438321,63.16751791664469,63.66315537780184,63.9167824437169,63.80190431269094,63.457564860522346,62.6307360675589,61.44792078497715,60.16178106895056,57.42022466851662,54.01583181796569,47.85820808516618,45.59978403316072,51.46481531566843,55.34625070010688,58.24196148769842,59.984916848534695,61.08895354233478,16.127838567197355,18.06179973983887,26.11723308007342,15.314789170422552,9.542425094393248,15.314789170422552,0.0,19.54242509439325,0.0,15.563025007672874,18.129133566428557,55.94119511034658,58.63934605808966,60.86246614570332,62.24634567401996,63.24958070445982,63.73522714040589,64.1048873230545,64.07808170586902,63.90737334509562,63.2031519173694,62.429995809000125,61.161326821837854,58.71097519903757,56.00373831161271,51.91207808542305,49.81696317264485,51.821434904285326,55.476959593062574,57.87012488057367,59.965545741270255,61.07960175760663,61.78080974418442,62.11798696796879,61.81604946145782,61.45775804138681,60.79335031445409,39.97604787460455,58.02402193340825,54.68313353664465,50.778800343548255,47.67660393845374,51.104886998366695,55.33880046803806,58.167939277795575,59.693879525817536,61.32764471577079,62.18355080616039,62.709958834376906,62.87104956935151,62.611022096138086,62.20861954621199,61.72748838982743,60.604863063151726,58.63230042066698,56.76881001545918,53.5279396015554,48.169700377572994,36.90284702512629,47.130619173622,52.07421610608742,54.90542767450121,56.57759337276279,57.610930108207526,17.853298350107668,13.979400086720377,15.68201724066995,20.863598306747484,15.563025007672874
13.979400086720377,26.60865478003869,14.14973347970818,20.863598306747484,22.50420002308894,17.853298350107668,53.89353942565818,56.08343077911645,57.96652721146004,58.95900228185961,59.82533992175146,60.0493754862834,60.275436716147865,60.08152447428542,59.77118371547091,58.81042108193405,58.31204071017892,56.90284702512629,54.34137588786734,51.61861918436017,48.17710771070808,43.843892603248,43.61444508086328,47.91950165906162,52.64803661002049,54.60849752123728,56.06386740009051,57.05553268880137,57.47433560911385,57.6002570692045,57.44728624060879,57.03315457145177,24.62397997898956,55.09133944103958,53.45391376477512,52.083177154110544,50.97104533366641,52.89020073483047,54.54005938103791,55.960084752737245,57.5757365838659,58.20309855321086,58.98265419657582,59.4479692840747,59.47748299866781,59.11418639844171,58.19925420670677,57.83369669018918,56.293627009223314,53.06615860723206,51.38447965113293,46.43975489117685,40.51152522447381,47.28597243383432,51.63352231706921,54.32990123689359,55.79309042148455,56.15868022191901,56.75664713908294,16.020599913279625,14.14973347970818,18.129133566428557,23.59835482339888,18.63322860120456,18.325089127062363,9.542425094393248,18.06179973983887,18.06179973983887,13.979400086720377,17.853298350107668,53.71248934558124,54.443977120288345,53.88903655772723,54.04710592071158,53.881651682234505,53.662080917584376,52.68215128299932,51.340016962651625,49.99134892913685,48.81093507707397,48.1308036086791,48.67496950528708,47.30620797887283,48.50995245620348,49.91810650165469,52.90782290192865,53.33497653765051,53.81672714219073,52.69858374459166,53.2785119633353,53.27959378305212,53.066930278565714,53.76814111968197,53.671564352626326,53.89011838119494,54.22144812957913,21.13943352306837,54.21488757760626,52.56681673509182,51.772160715348186,52.16854419198218,49.18292512755356,47.42819362198332,46.355038525755184,45.307118379816565,46.92009236142928,48.4360647192451,49.98547028615239,51.05367099490007,52.207198552015726,52.71386171462215,53.792565548611336,53.87896800509134,52.3600540384301,52.91797160829137,52.0170293475189,51.05894918434386,49.16116910568686,46.92714760890481,47.55097000942886,48.57941288179487,49.627385894402735,50.00663962755228,18.69231719730976,11.139433523068368,61.12216442500576,59.694201061645664,41.1965172203987,71.74214328563745,54.037191944157605,42.39999792886872,81.25846599267591,13.979400086720377,10.0,50.28672901489234,53.6567701160433,56.18560575660246,57.954830645497495,59.42423288145908,60.397408078284094,61.02578103456087,61.21096086606571,61.08047892007449,60.53930055016456,59.66262848796423,58.458481009668965,56.12872825012271,52.96368979395049,47.53184581378644,38.82239848018824,48.21762373995988,53.47222648354173,56.44333203644861,58.46794674306915,59.79996550150878,60.54572074219986,61.17353836915255,61.13087283074313,60.70335302653363,60.098268099850486,20.681858617461614,56.97495244910401,54.12710803660155,50.74238459173753,50.08655519492429,52.98252505655764,56.57790852700403,59.12424538329013,60.852948604881504,62.29416117157017,63.21044076939035,63.64398824929119,63.66798809506109,63.664341646808936,63.15719557164019,62.57816039707048,61.36889497041048,59.80541926487646,57.25821008766341,53.67702472736797,46.810692951106816,44.76019646071315,51.4096660689554,55.41791347494252,58.1590699667251,60.12527204909028,61.221090122947366,22.09515014542631,20.827853703164504,18.573324964312683,20.0,19.49390006644913,17.16003343634799,24.969296480732147,21.95899652409233,21.13943352306837,19.49390006644913,20.253058652647702,55.955072443882806,58.74806981927989,60.85138173723871,62.16783507542238,63.24378359981863,63.78037414157463,64.1071465673215,64.1150472053672,63.88701584111629,63.22160143933643,62.52231715481612,61.08429708423466,58.64815929455695,55.8331668648806,51.664093903674406,48.1891836436694,50.706325351328175,55.208502028112186,58.34437235806881,59.85094001542005,61.14592638071629,61.90005434501798,62.176044771060006,62.39054102274879,61.71734642293536,61.2357889677535,27.90285164033241,57.4126193189077,56.097096366995125,51.53369674879679,48.488108524881525,52.096570753027294,55.622928644564745,57.82948940147065,60.02550490655285,61.13559667435475,62.09623574593665,62.707743005779975,62.82593566762703,62.6285553091024,62.19616481568621,61.67009970047716,60.56641528113347,58.71001088397502,56.95378344139965,53.73362625666429,48.38880560211702,32.265999052073575,47.76207056424993,52.65765627044365,55.06843136339352,56.27215261408239,57.45102910458342,19.294189257142925,16.989700043360187,14.14973347970818,17.853298350107668,14.62397997898956
19.912260756924947,26.60865478003869,13.010299956639813,0.0,21.613680022349747,18.325089127062363,18.06179973983887,18.63322860120456,6.989700043360188,14.14973347970818,14.14973347970818,12.30448921378274,20.644579892269185,19.54242509439325,10.0,16.532125137753436,12.30448921378274,16.532125137753436,14.62397997898956,12.30448921378274,14.62397997898956,12.041199826559248,20.253058652647702,12.30448921378274,20.0,16.901960800285135,0.0,11.139433523068368,12.041199826559248,12.55272505103306,14.62397997898956,17.634279935629372,19.294189257142925,17.634279935629372,14.14973347970818,24.14973347970818,9.030899869919436,12.041199826559248,10.0,16.532125137753436,22.55272505103306,23.384564936046047,23.673559210260187,6.989700043360188,23.443922736851107,19.49390006644913,28.325089127062363,24.955443375464483,28.506462351830667,18.325089127062363,24.62397997898956,21.072099696478684,25.118833609788744,17.16003343634799,20.170333392987803,16.532125137753436,21.73186268412274,12.30448921378274,18.325089127062363,20.644579892269185,21.70261715394957,21.73186268412274,15.314789170422552,20.253058652647702,19.294189257142925,18.573324964312683,9.542425094393248,22.576785748691847,15.68201724066995,15.314789170422552,37.69081787118219,36.08205007704326,33.376588910261425,27.16003343634799,27.730546933642625,26.11723308007342,25.622928644564745,30.0774777800074,33.36259552014193,34.14471949629303,38.81099218389017,37.79957051246906,40.03805073565025,39.555915504057246,39.79957893340666,39.317628884811775,37.74151858954711,38.2865989653532,37.63502865467597,35.368108659915414,33.25720858019412,28.06179973983887,27.03291378118661,29.143431571194405,30.224283711854863,34.77844476338758,14.62397997898956,36.13313161455459,37.20076572768141,36.63700925389649,36.78518379040114,37.16003343634799,35.71708831808687,34.74798818800631,33.12388949370592,26.989700043360187,23.654879848909,18.129133566428557,27.867514221455608,29.73589623427257,34.86430478854434,35.5942779975949,36.13313161455459,36.39486489268586,38.4060787900929,37.97752128650711,36.99664320202373,37.72101569277012,34.149733479708175,35.02017214827148,31.5956719323362,29.68015713993642,29.138138523837167,9.030899869919436,18.06179973983887,61.12216442500576,59.694201061645664,41.1965172203987,71.74214328563745,54.037191944157605,42.39999792886872,81.25846599267591,48.6320385902863,51.93672688337968,55.05742657125304,58.14953083988475,60.52706635909426,62.57621225015796,63.98115775505505,64.91277908946317,65.70497406621928,66.00297200227064,66.00073879661585,65.60110683531391,64.8937467089394,63.61018980181768,61.762768079214965,58.86866199341399,54.133483889265335,46.892111540786544,53.10100398452119,58.3193181191819,61.52723949537932,63.43460784789136,64.88212878871492,65.65456423281448,65.9754962901645,65.9775451351818,65.54684397201987,64.69660781829403,27.16837723299524,61.33693757837099,58.10507394522604,53.557598421141805,52.40431923007211,57.32961188795957,61.11010334527677,63.56106203805516,65.54488312008186,66.79649530119643,67.65595321916705,68.19330749919256,68.45393879897209,68.33834360220898,68.02563161118786,67.27390610420446,66.2397261524838,64.63232389061318,62.46077130417315,58.99198699152561,53.2687634401485,49.01834147683622,55.87544846474008,60.24750350675762,63.05855245624588,64.79669298776417,65.91260552121226,66.20146261294889,66.14942118917878,19.294189257142925,18.325089127062363,16.127838567197355,23.443922736851107,12.55272505103306,18.69231719730976,20.37426497940624,12.30448921378274,0.0,15.314789170422552,22.85557309007774,15.314789170422552,15.05149978319906,13.010299956639813,17.634279935629372,6.020599913279624,13.010299956639813,6.020599913279624,23.97940008672037,0.0,23.117538610557546,16.020599913279625,25.118833609788744,22.30448921378274,21.13943352306837,12.30448921378274,10.0,24.60897842756548,24.955443375464483,18.325089127062363,29.938769149412117,0.0,31.414497734004676,29.91226075692495,31.598678470925663,32.00029266553771,12.30448921378274,32.97760511099134,16.020599913279625,28.597385661971472,28.99820502427097,18.63322860120456,26.848453616444125,20.0,16.989700043360187,17.853298350107668,23.69215857410143,17.634279935629372,21.613680022349747,20.644579892269185,20.681858617461614,26.48360010980932,18.129133566428557,19.54242509439325,13.979400086720377,15.05149978319906,15.68201724066995,13.979400086720377,14.14973347970818,16.127838567197355,16.532125137753436,14.14973347970818,18.325089127062363,17.16003343634799,21.64352855784437,14.14973347970818,18.69231719730976
20.0,26.60865478003869,14.14973347970818,15.314789170422552,16.020599913279625,18.129133566428557,53.93196017143721,56.136145767554126,57.92196913785646,59.05295479168838,59.72110228402831,59.98767026576998,60.24856998987125,60.07399947192561,59.79389013112218,58.72735334473512,58.25925690940123,56.98288496146233,53.86857311267576,51.14884416935334,47.01542082028082,43.71898694778741,42.72537777375238,48.08514805214365,53.08718043400791,54.81112840841518,56.278265379179295,57.18190180558472,57.567532226640765,57.83510536397503,57.59565867926574,57.5667261482901,16.989700043360187,55.68316738185328,53.54511799744273,52.2485406806744,51.31811071270342,52.62175711951742,54.29432495727519,55.84146836270542,57.32483826375599,57.93098593590191,58.69927207489589,59.26065006455238,59.1353623890689,58.459075545065744,57.89147611846592,57.42421097304807,56.09237863996335,51.96811542662677,50.57970231710705,45.66838013350338,38.30588668685144,47.327555211782496,52.53769177479047,54.77193631102115,56.26057932808883,56.288975230786434,57.13820548690656,3.0102999566398125,10.0,6.989700043360188,0.0,17.24275869600789,19.86771734266245,14.14973347970818,13.010299956639813,19.030899869919438,17.24275869600789,16.532125137753436,52.98822521954278,53.882380076603226,53.14560273318951,53.663631792479485,53.34907914305646,53.18115530682061,51.93906181494982,50.75492214940131,49.24795995797912,48.77060201255311,48.16917079859248,49.12338986672293,48.79095879500072,49.73589623427257,50.860820781904046,53.41665954723568,53.74179909654637,53.986377933303054,52.87113925745925,53.216315656424186,52.88483976330458,53.21130125835665,53.49848438752555,53.5454827580032,53.68026416113676,53.89940033878208,14.62397997898956,53.36741833553931,52.54137030885468,51.49197551401208,51.29857391890302,48.820974330374185,46.27775375229304,45.03913193999621,44.360035356698965,47.04167682290362,48.77929694551951,50.43161788143642,51.605585621075576,52.65803307819348,53.36239528754922,54.01138506345556,54.15342341480401,53.06665163528948,53.23790250507372,52.37206828209662,51.28454198325698,49.96813646976026,47.57775491011926,46.83641308557471,48.19787335441155,49.72966118095299,49.66836048605387,22.14843848047698,21.84691430817599,61.12216442500576,59.694201061645664,41.1965172203987,71.74214328563745,54.037191944157605,42.39999792886872,81.25846599267591,6.020599913279624,12.041199826559248,50.14394516273535,53.62060038620692,56.14882458202911,58.090834129265296,59.47987265993788,60.5079799348265,61.11369057362066,61.22749486707508,61.16407151900677,60.68090826231327,59.90041230024249,58.5127119385886,56.482760718012806,53.40892059789124,48.462009871147735,42.42988412194795,48.09566447830854,53.3277768308734,56.22368434362086,58.26212199517049,59.62441790973244,60.44897474821795,60.90553244610951,60.9171091230266,60.53086130043396,59.82523141244534,19.86771734266245,56.26615436088596,53.48386650719697,49.16985305091,49.18082784642187,52.7983114201034,56.53792151200506,59.19321333804667,60.91816385452535,62.37230973734136,63.21260721703392,63.71285509385029,63.83543218565617,63.74999321342873,63.39381869112333,62.67514568309209,61.48732183558021,59.989216119302775,57.43036015693611,54.03163433530174,48.262562609882025,45.72523097849637,51.00911352967194,55.22278570084404,58.00510876894368,60.0116668366936,61.078829437043744,14.62397997898956,18.573324964312683,18.325089127062363,18.63322860120456,10.0,17.24275869600789,19.084850188786497,20.043213737826427,16.989700043360187,20.644579892269185,24.16640507338281,55.71942798777303,58.5478744695111,60.94155512845224,62.21929347192975,63.20914038187009,63.78879174089522,64.12031921698218,64.14070413751801,63.87037976514628,63.15996570177309,62.424691226834,61.21981459882883,58.7742894078822,55.89517324657564,51.98472885046272,48.79394103543946,51.108051207975095,54.88528155162123,58.11551547973396,60.02031215074393,61.035136384919326,61.68252571389371,62.152805710105525,61.69831903370765,61.68116056196583,61.35759936611119,34.39963935920905,58.125015839553456,54.03225219872317,50.47454001252986,48.5907822474697,51.30417402341854,55.33009022495485,58.19773524503142,60.042267646802685,61.04263419369748,62.11473495768348,62.65665286037896,62.72881274398429,62.62777518502144,62.18246579668303,61.67502830457788,60.654191118402565,58.58080406857411,56.99512533428312,53.84711742938283,48.62727528317975,32.90479813330673,47.59713160010463,52.63228800569519,55.13357457670608,56.3548575743286,57.44289853061077,14.14973347970818,20.253058652647702,10.0,23.117538610557546,16.989700043360187
15.05149978319906,26.60865478003869,24.14973347970818,18.63322860120456,15.68201724066995,18.129133566428557,54.80351940577759,56.57870108658869,57.77807297752916,58.88822874138789,59.53390940467146,59.947024345719925,60.163989733136575,59.75667045080278,59.44301020109662,59.11767856453119,57.68349462169596,56.23110707669064,54.91946896458643,52.19125891280883,48.09748204663544,44.67075083515206,46.15760729508765,49.93003925465252,51.86329007603649,54.6729429400545,55.88980569069896,56.73802118564797,57.73859552376688,57.86652772162852,57.7871835807694,57.45344189297804,23.180633349627616,55.64050278768028,53.632978958763246,51.79876241874662,52.32297121390442,51.31137273778607,53.21805483857539,55.43176205156398,56.72513472868509,58.26360565182621,58.960988775849295,59.239384379812776,59.21362324048921,58.88665766240066,58.42425124623435,57.011576722457065,55.24542809664602,53.563624484381066,48.213824997473,38.40858554041879,39.98695158311656,46.86752423033876,51.27033490431892,53.95600689663488,55.46953321712941,57.01049630729139,57.49179567349928,19.294189257142925,17.24275869600789,19.294189257142925,9.542425094393248,20.863598306747484,16.020599913279625,11.139433523068368,11.139433523068368,15.68201724066995,12.30448921378274,22.30448921378274,51.67960913416923,52.82950484792055,54.03959118135027,54.088655093690754,53.81115080709851,52.880031600318624,51.84023864396704,51.011763440020886,49.20733623890904,48.9423296267808,46.982919759444925,47.502923509728674,51.35593744977547,52.17181148588509,52.78993539505386,51.70968335972316,52.39399593115788,52.515822573295935,54.04431722742714,53.4966598409663,53.598354823398886,53.73445342297978,53.356123336214445,53.56626184231389,53.77196935008914,53.31680308168973,11.139433523068368,52.69858374459166,53.52259719157145,52.904108369059706,49.90556391601572,50.31699243189516,48.84092676933343,45.59870731446943,45.73799582215741,46.41573253178176,48.63394245127093,50.29627239047413,52.05228731408772,53.1188942451447,53.98814664989924,53.21142565229448,53.052417069956974,54.02338774575134,51.8077081387463,50.653705457844495,49.51813330302852,49.36639388214444,49.12753303671323,48.65346827243361,48.694253484237706,49.333100919512034,49.88527743627887,23.010299956639813,24.29752280002408,61.12216442500576,59.694201061645664,41.1965172203987,71.74214328563745,54.037191944157605,42.39999792886872,81.25846599267591,10.0,19.138138523837167,50.18504938928234,53.63147355960035,56.34356336067435,58.13448211588344,59.64836891050688,60.42819955759077,61.00487719883461,61.14792402708184,61.00825970769415,60.82193824646913,59.613081153432304,58.26414974819446,56.5769916511523,53.599454643949336,49.25585373759987,41.72982189505869,48.21185882608845,53.21152931118769,56.31180880418965,58.273447140405246,59.634336385409,60.52471159811631,60.85174941298141,61.05275772810352,60.69423136062632,59.60075308687963,16.127838567197355,56.03261323964213,53.59381986342604,49.76281183510049,48.52998153939215,53.25683930135472,56.89346158888356,59.22206796929713,61.15053725508447,62.27061790073628,63.05998673581543,63.633308195282936,64.00813156834833,63.91617084562576,63.43874152092013,62.66912717769445,61.37804948448626,60.031329643539095,57.482849569211,54.07186882630821,48.521016511059656,44.985862088175175,51.67683523967326,55.74026635228538,58.25385867385671,59.702073588068544,60.899630135102655,26.45422269349092,0.0,21.072099696478684,22.27886704613673,19.49390006644913,12.55272505103306,17.24275869600789,17.24275869600789,18.325089127062363,24.16640507338281,23.443922736851107,56.27710901658786,58.8027610611817,60.796634070838834,62.13520413223545,63.16114037489911,63.74169817773261,64.09442279177419,64.06017349981676,63.88764752695442,63.29842930225638,62.30621072242859,60.91027881318184,58.99451140396063,56.274068258377895,52.202362644824944,49.77476672974879,52.39261930430363,55.85282462983411,57.78621481409864,59.89887895891509,60.96944060360799,61.82838182582783,62.04819989494453,62.01836386266815,61.75584286368522,60.85089264456307,34.307198878632825,58.01909063645263,54.58071008203082,51.46565212150938,48.75506910333481,50.8826369934928,54.94011197489713,57.7671062507018,59.70256195003436,61.138003456581,62.17212754520823,62.65281373715728,62.75758321057873,62.903703359650684,62.22268162359087,61.61905894640091,60.31903076203267,59.11428758299372,56.39332068137756,53.05989442369884,47.279477095447966,37.04579449696299,45.53701021549961,51.37366772832867,54.74391112558213,56.828487672897154,57.80594509521102,17.24275869600789,20.37426497940624,23.820170425748685,18.69231719730976,18.129133566428557
16.127838567197355,26.60865478003869,13.979400086720377,47.41467697685545,10.0,16.989700043360187,53.71365298317344,56.19295814977785,58.0223308554755,59.06706673316167,59.57834190933178,60.05060764612427,60.21414660105239,60.20807365646217,59.78422028932077,58.720816492990025,58.37202578023021,57.0062152216461,54.23036050829473,51.650691481175805,48.14493981286041,44.09933123331294,42.92256071356476,48.08541802244968,52.80965148097093,54.55189111438818,56.22318697087636,56.96552956431985,57.33875070169526,57.75442230980979,57.35171580075822,57.308476570886064,21.33538908370217,55.23024209567868,53.13379946990906,52.04187835867828,50.51171823995435,52.8423441093223,54.67112120081684,56.09743772302985,57.731608738062654,58.17210914690485,58.98385619225169,59.44830955078331,59.28971627598784,59.18185564072771,58.376723853049775,57.7621287295983,56.42640576619843,52.71027994262323,51.23449814369938,46.084939416662536,37.8915749191144,47.14807388616676,52.07593978547365,54.39151041789757,55.569968166336416,56.1954618051568,56.79450610164693,12.30448921378274,17.634279935629372,6.989700043360188,11.139433523068368,12.55272505103306,18.129133566428557,16.532125137753436,9.030899869919436,16.532125137753436,20.043213737826427,17.634279935629372,53.83114905342069,54.34959912331027,53.69840865750981,54.12166438061267,53.82499724125918,53.69490452561518,52.51341290243177,51.08652956080557,49.58587771150353,48.7185886867787,47.85728348687982,48.379480971977614,47.81640504723371,48.67261193187285,50.17955235904225,52.87989734264595,53.34871759421068,53.747116951402646,52.58828770593979,53.11711488795424,52.99605347098279,53.33110590992422,53.57527028305028,53.53279414220803,53.75262963984234,54.26226518098315,12.30448921378274,54.075234672883504,52.76452612658373,52.050581304659225,52.23488153185183,49.611789608036176,47.466030656007504,46.16549027892957,44.915857879991535,47.19571574314456,48.13213918024927,49.90290005012757,51.17615942273048,52.1918881845044,52.94906910605192,53.60087641288124,53.72773963720577,52.42911464419822,52.77556499901391,51.93505830620046,50.89979252948798,49.38809825038139,47.00721019369355,47.24546195223294,48.249909561738704,49.97779430865605,50.67743918639999,18.63322860120456,29.86771734266245,61.12216442500576,59.694201061645664,41.1965172203987,71.74214328563745,54.037191944157605,42.39999792886872,81.25846599267591,12.041199826559248,19.294189257142925,50.31848595557883,53.70883016777606,56.17957042300211,58.06236971394264,59.31022849864091,60.46664088809898,60.95663712186823,61.2070452892325,61.12631809008544,60.360617069837545,59.70553744559748,58.34517979837291,56.364878963533656,53.207796031426646,47.07612751901304,39.65906915495192,48.48607809069783,53.56106203805516,56.426672755678304,58.46695782784124,59.848282898654254,60.72544353129092,61.06449628401477,61.10610246219447,60.81819517295813,60.15566373413344,15.05149978319906,57.01896819176425,54.0563317646766,50.79991173383291,49.92871501114901,53.20781678073719,56.65425254925374,59.08012936288469,60.838181928050986,62.42200666652305,63.01999344082152,63.61740675838557,63.74093478856503,63.718737929159474,63.3767685320219,62.46774481866117,61.43895306153047,59.69598538582172,57.16590913898576,53.5857629078874,47.213983755215054,44.69718950821701,51.36165456814543,55.36251550563178,58.12686796281802,60.16980719664335,61.32706565070207,12.041199826559248,20.37426497940624,13.979400086720377,21.367205671564065,11.139433523068368,6.989700043360188,10.0,23.521825181113627,15.314789170422552,21.73186268412274,9.030899869919436,55.927029234016445,58.70406246482862,60.92385498251772,62.34462866750721,63.141985070523205,63.838587932572935,64.12163748142278,64.24862370508671,64.00512431747968,63.08100206737472,62.52084936820542,61.08850738791894,58.84675874063137,55.89907174599659,51.79655182305279,48.21185882608845,50.887773073553774,54.64520844124117,58.10439531652755,59.90261136653785,61.24582795031516,62.04296378961124,62.39648026379113,62.32134031604853,61.63768247170112,61.25348842626736,28.041394323353504,58.15699917965843,55.16023437689974,50.8023674561596,46.9369178195477,51.19931885456943,55.6136975197351,58.05879256683806,60.03915699523606,61.22486203895331,62.03373712507557,62.659704768272334,62.72255962630717,62.7835523884024,62.2889417765513,61.59448076750951,60.71503859306048,58.48032003337379,56.84329105900556,53.5839175864902,48.41021415257488,31.705550585212087,47.40938734515765,52.41068094851202,55.34108639562187,56.43931123807894,57.50327079559558,21.613680022349747,24.14973347970818,22.85557309007774,3.0102999566398125,10.0
17.16003343634799,26.60865478003869,15.314789170422552,17.634279935629372,23.673559210260187,21.367205671564065,54.790351652333776,56.77374232621023,57.91048204041145,59.01043991061346,59.583770342956655,60.088623724003305,60.26772203741172,59.93775597108715,59.44139542697773,58.85533659512892,57.683716719875534,56.29781546556178,54.44232220713579,51.57205850555379,46.847376719760746,45.4906459872272,46.82983961845778,50.29002080267403,52.52610340567373,54.93771633610371,56.07867674949616,57.01604246699578,57.74173774019023,57.583440634019766,57.34851813846433,57.18152784542,18.63322860120456,55.19036095278609,52.389939888451394,50.69379457833577,52.31984118178939,51.98992298862627,54.12435345858425,56.29499303251923,57.35666752910083,58.63159225211228,59.11733798898837,59.40265398121957,59.36981965053685,58.7283429190596,58.06729280402855,56.78208708654225,54.790351652333776,52.24916170760447,46.32305414413671,35.49738731264899,42.406740276203074,48.37746220065368,52.64933462121388,54.73978648747512,55.926762974007325,57.02238335847486,57.50100908031119,14.62397997898956,12.30448921378274,14.14973347970818,17.853298350107668,13.979400086720377,18.63322860120456,16.989700043360187,10.0,13.979400086720377,21.613680022349747,0.0,52.83794054168335,53.787030718335245,54.27948396327097,54.38619866201386,53.86434752995405,53.02731264944306,51.57795126077084,49.947745270042574,48.2588029893618,48.59378504425601,45.625545521366526,47.20589248859702,51.319553205413946,52.01509097769514,52.72700056789586,52.20448065070318,53.00258437998421,52.91066781982381,53.87996346956082,53.42558870008433,53.83994789441733,53.980407533059136,53.602392453553776,54.15257216954235,54.186740940835534,53.35614338882757,22.04119982655925,52.38610570005447,53.27616369153069,52.43618374547786,49.1182319428313,49.49390006644913,47.539276003484254,45.00798881491561,46.01723282613001,48.29130020285437,49.74479453350132,51.17407198616776,52.69879371492984,53.59106621809688,53.89357486279231,52.825088235903706,52.490735562578266,53.22824816614187,50.83215862155997,49.47713031435579,48.46609234225858,49.038764332385874,48.914984307409895,48.96834743546406,50.002301151002925,51.01131616599028,50.650715581426766,25.118833609788744,26.03144372620182,61.12216442500576,59.694201061645664,41.1965172203987,71.74214328563745,54.037191944157605,42.39999792886872,81.25846599267591,15.05149978319906,10.0,46.53608024153698,51.19057837523237,54.06460126622301,56.85477499733508,58.532192506233535,59.97723552616566,60.71573106738781,61.217977710648725,61.28342716275262,61.313019693996495,60.61009287736986,59.79643508462589,58.66361192410095,56.71233954483025,53.649429029070525,46.83497317679812,40.27675715904893,48.76679610419201,53.686308363704,56.78440071508104,58.759388091713454,60.03269624624795,60.57912843891627,61.22615900451208,61.19360490168657,60.52483090592795,21.13943352306837,58.24084811660805,56.4461384756502,53.58751238542624,48.85282044549847,50.54620714004017,54.18122232259061,57.38442025583024,59.79994276316112,61.39356674826776,62.394441364219375,63.28155261969947,63.74607589801072,63.89724635439806,63.766143631635366,63.09532227235327,62.24722846925911,61.08654646912774,59.14924648205148,56.393878653333154,52.00097761858999,45.33009022495485,47.95469849723568,53.33223519940205,56.86151662344413,58.77523955708084,60.42191446819663,20.5307844348342,20.0,19.294189257142925,23.26335860928751,22.944662261615928,12.55272505103306,15.314789170422552,13.979400086720377,20.827853703164504,21.73186268412274,16.901960800285135,54.58796431966526,57.77249878412324,59.98615435959593,61.7149506075141,62.79712788892751,63.57855600075746,64.03085501552751,64.1693359879138,64.0908127404391,63.58586941797013,62.80027413934938,61.67180525211991,59.82944320018463,57.41501415732081,53.78561412018576,50.18621453205412,50.80164532902021,54.10409403100648,56.79224330157788,59.236936278350086,60.42092125366502,61.493007277078966,61.98771692590327,62.28622326039974,61.8047827371005,61.028814910208204,34.37750562820388,58.482661127334495,55.491860198317255,51.31852748203527,49.87563487610744,50.50534419540124,54.00437822453961,57.39276385457653,59.53942259932547,60.97940326145399,61.94486868071812,62.57151583223837,62.79926211615145,62.73138371665839,62.37682951443193,61.64348096366776,60.68775285456021,58.98780013289826,56.902528005016286,53.71898694778741,47.98961237880703,38.52723910791206,44.55910240382743,51.449631861236654,54.55277415167191,56.81395022773371,57.79817189509469,15.68201724066995,18.63322860120456,21.5836249209525,17.24275869600789,18.129133566428557
17.16003343634799,26.60865478003869,18.129133566428557,19.54242509439325,18.63322860120456,0.0,54.67200994956784,56.9072488816831,57.83967861527244,59.08841958730821,59.60733272728861,60.07920522879573,60.01239010250234,59.9884846290304,59.36192426683764,59.01253931487922,57.45707026361522,55.99338225555849,54.83725621620307,52.09206609599409,48.44731837458173,44.04782418966643,47.28970285928124,50.808608849622765,52.34661518215525,54.749283310187344,55.92047893880895,56.97202307522791,57.64269559191143,57.73218712917235,57.64925969481431,57.10240101567766,20.96910013008056,54.90819187507414,53.06452907289198,51.42855425557114,52.15293798186514,52.00940738827741,54.033830783779095,56.10533475389804,57.365247794982544,58.593118602642285,59.255565067768885,59.28099222080731,59.38788824313672,58.98536507655098,58.3204115566129,56.39486489268586,54.49459885351249,52.9173283027191,45.53118092150306,30.809870469108876,44.35366506612661,49.01403826825252,52.0904293195245,54.17986230686384,55.674522131421,57.26753282209038,57.4498886151134,17.16003343634799,17.16003343634799,17.16003343634799,10.0,14.14973347970818,18.325089127062363,14.62397997898956,12.041199826559248,19.294189257142925,6.989700043360188,6.020599913279624,52.67033201585768,53.36437718362874,54.6544233976875,54.516544390522775,54.01324704965512,52.81306136741821,51.9878076080984,50.5794362902884,48.89525796671191,48.30466766864205,46.82479020628581,47.57008635461282,51.47521743537597,52.60262244714977,53.15871726334761,51.820406900483455,52.5303010938356,52.71388496323135,54.114345021650045,53.687441877037365,53.95928918963004,53.857635204952736,53.79894453142011,54.04020791388131,53.97967802629482,53.318927241022166,20.0,52.57222446187573,53.20748477987173,52.33283005530542,48.95610368172214,49.664421136661694,48.01108591399809,45.79715018389665,47.17554009932634,48.02363174309548,49.53957711918464,51.217633207604166,52.65037275091898,53.52462306633079,54.09461395789052,52.95340548063373,52.4040196253773,53.342948829113546,50.85436864795816,49.09646943446207,48.10608833098573,48.30716949436898,49.09235003368308,49.80535113508645,50.141171380181184,50.427329796217215,50.56142262059052,23.54108439147401,24.345689040341988,61.12216442500576,59.694201061645664,41.1965172203987,71.74214328563745,54.037191944157605,42.39999792886872,81.25846599267591,13.979400086720377,9.542425094393248,46.16254897182604,50.9556335158286,54.241790135787824,56.79736699192934,58.63447776182979,59.86166882802248,60.66876180016561,61.17385987296953,61.31680564542464,61.37249006985876,60.66553264676647,59.7177342467888,58.643698530614856,56.52715203241827,53.30659262982773,46.89104541681522,40.9314140475115,48.624712845250365,53.8357302666439,56.79850174374495,58.65234302677487,60.06895845218635,60.63847301440114,61.217830069833,61.14144083590314,60.62239301643351,12.30448921378274,58.22704075997153,56.51374943913044,53.530251964354605,48.68297569539269,50.468072135537405,54.38896601219873,57.371942335241016,59.75549442721822,61.347662896042365,62.414598122705776,63.17555665477366,63.81523179894761,63.940438129284686,63.72441016620475,63.11329952303793,62.25570296980162,60.99289669188086,59.101225956647,56.26366034139146,52.17212754520823,45.62649672211917,47.7232170672292,53.58178593032896,56.91598622553276,58.79073504439159,60.43684833113589,19.030899869919438,22.30448921378274,17.24275869600789,14.62397997898956,16.989700043360187,20.170333392987803,6.989700043360188,19.030899869919438,21.95899652409233,19.030899869919438,24.4870631990508,54.73635845509746,57.860938057346445,59.81476108620312,61.532811924835855,62.72815238374763,63.540930656193055,64.04751124422533,64.21643570882372,64.01614533189542,63.62314492448954,62.72393297679484,61.48282367930002,59.957672175981536,57.54203036845309,54.04999537576395,49.79989728610864,50.58612002372036,54.5131044583783,57.03513198641274,59.202094458639024,60.68195141443642,61.54666160939314,62.046890782635,62.13623993416087,61.75364510951074,61.33265791788156,34.29752280002408,58.23878990753353,55.820542676440745,52.47799022891344,50.29241695503524,49.16795985235871,53.82105334137289,57.32165293011872,59.322149373485374,61.01307747106925,61.95112506882214,62.55782983538096,62.77587441739455,62.798940681062575,62.42567514998076,61.6507954200505,60.5478535945179,59.08699432352224,56.50148155427276,53.2292186958309,47.65646206268984,38.1431420020746,44.61948495203762,50.84107773657155,54.311980572475626,56.84026249660997,57.898774256803314,22.30448921378274,15.563025007672874,20.644579892269185,14.14973347970818,12.30448921378274
19.86771734266245,26.60865478003869,12.30448921378274,13.979400086720377,3.0102999566398125,6.989700043360188,54.415757471503184,56.58740018038725,57.835219753969255,58.91948699782006,59.50912246135046,60.06168566338293,60.1078699239173,59.88160150348201,59.54613913640246,59.10168529974964,57.83358226007101,56.59897193330885,55.49038838365125,53.276653870500425,50.23141298953668,42.72050574988612,44.9533615931354,48.8218288763027,52.21761013269343,53.93810272814381,55.50449725643002,56.76001845025382,57.06541127635865,57.63635357104182,57.39892607509968,56.5476258828258,17.16003343634799,54.016004081168,53.5839175864902,51.99810008953807,50.17967736884779,52.44121192229741,53.88562971398075,55.75447650866955,57.47884690485456,58.569462852169295,59.17333753349919,59.60539745442114,59.78185083627199,59.6954869669576,59.00821943632636,57.5526260243319,56.069249678458576,54.11501858139224,50.005728906913845,44.90309708301158,40.762762554042176,46.85714874195197,49.35975567619343,52.34944787296477,54.557338721995166,56.30543807022932,56.781995973581736,20.170333392987803,16.901960800285135,11.139433523068368,12.30448921378274,12.55272505103306,17.634279935629372,17.16003343634799,6.989700043360188,25.390760987927766,14.14973347970818,12.041199826559248,53.39095511913797,54.249551012881255,54.75974652666862,54.92025236946369,54.510753294780166,54.04582300203681,53.26507905792302,52.25570296980162,50.975522936707335,47.91269480910269,48.98516757969824,48.69935410646861,47.396435344317126,49.172954009456895,50.58919260718884,51.33385600908991,51.65544043204604,52.22542198280404,53.12196404025664,53.29285985807368,53.51831079974073,53.51688106182021,53.42146223633466,53.61616415750329,53.658491227789646,54.44497600790215,23.673559210260187,54.23822365323951,53.17733312832036,52.65633718580191,52.13028734469174,50.49795405458727,49.48143893743131,48.30107278114625,47.28548562028337,46.50356099216312,47.839964283643,49.7354346853249,50.925276599993126,51.8451256685053,52.54755870047538,53.13413715156025,53.14164378498713,52.23498536857099,52.209705875202886,50.78746734273607,49.58516103423041,46.89912366491132,47.67638147621918,48.04984018965765,48.72511724071912,48.75483771100341,49.79989728610864,23.117538610557546,12.55272505103306,61.12216442500576,59.694201061645664,41.1965172203987,71.74214328563745,54.037191944157605,42.39999792886872,81.25846599267591,15.314789170422552,15.68201724066995,49.6867436952078,53.30505087354763,55.92120106594834,57.942181843987335,59.21832602692816,60.08079558021295,60.730144797494646,60.86886360412405,60.791743696638896,60.222604775267065,59.303381455924224,57.90930143595597,55.61298203300482,52.22209064526325,45.4906459872272,35.80012112529425,48.75969436284148,53.80826056836341,56.96803560400199,58.91923635188971,60.080757213978096,60.96762675329912,61.35530174957759,61.4425031176162,61.11001926034237,60.528300944040325,20.96910013008056,57.68923591156472,55.04946355053582,52.102355597839605,50.8466562974658,53.59854446750358,56.65037548546185,59.06943489784884,60.74620817849851,62.04762263318602,62.76999169517084,63.36319215852782,63.57701827414671,63.509533676501306,63.13712238134417,62.27949659901384,61.0757794614303,59.47430780830939,56.94767480689173,53.13719619495093,46.50074282266017,43.82701282954905,52.00850498091078,55.90369179364848,58.51131100146211,60.079320367621385,61.275641296833456,19.86771734266245,16.127838567197355,11.139433523068368,23.26335860928751,18.69231719730976,18.69231719730976,12.30448921378274,20.644579892269185,13.979400086720377,16.127838567197355,19.030899869919438,56.336865580330695,58.92651589951825,60.714110209564936,62.11289578718172,63.00479178253845,63.75719565771841,64.05263865422319,64.06538307002737,63.74892170786553,63.20263675212178,62.22002549485498,60.80821587041473,58.9968920969211,56.26079507018103,52.25898281791601,46.72033170961604,50.82562782228035,55.18315171772117,57.8742221524429,59.74058740308348,61.03737032825067,61.79502384485332,62.1313854670175,62.17096854855519,61.79451248397774,60.74029757921832,29.4101424370557,57.32030891953639,55.629158976423696,51.53131646769947,47.6985714835456,51.650216300353605,55.056952183555616,57.72375256626041,59.8591169654529,61.1347406080333,61.98818955171266,62.55273711475191,62.71976286613665,62.7930754442911,62.44781895738896,61.39931953815865,60.23694350646348,58.88770698175794,56.32166652959347,52.92300384859081,46.47079640585476,33.88811413473523,46.93797274319623,51.78657580309519,54.74980707014499,56.75048407068711,57.6843163282329,12.041199826559248,18.129133566428557,18.63322860120456,22.944662261615928,16.989700043360187
17.853298350107668,26.60865478003869,22.576785748691847,18.63322860120456,19.54242509439325,14.14973347970818,54.435320883977816,56.47798481089409,57.83821426987663,59.07080676610409,59.45067588602373,60.11594546906461,60.093867242606926,59.81594382698428,59.38292511724032,58.88404729275968,57.58951234366933,56.009217351781146,54.850069498000366,52.12278183990371,49.019212493762616,41.716679588747866,45.25951341248012,50.38353861380002,52.829255825206126,54.61955990729032,56.039288594244894,57.20775977155722,57.54229806078696,57.96686707977371,57.74926250464703,56.718926746333295,6.989700043360188,54.24205178064216,53.886002467709766,52.32528547771395,51.1067386774199,52.834210955328,54.72007120502148,55.99443098843081,57.564748341192654,58.498626961423454,59.09111880505803,59.37448178647608,59.47375387220756,59.21345667681447,58.405075684690814,56.396149656489705,54.66608151957938,52.705227881114105,46.974734557764094,41.24243308946649,45.39076098792776,50.23992804606471,52.077205176993246,54.338817922871456,55.84350450520581,57.202097613573066,57.44332106989367,20.644579892269185,3.0102999566398125,18.129133566428557,18.69231719730976,14.62397997898956,20.0,16.989700043360187,24.23245873936808,19.030899869919438,19.294189257142925,14.14973347970818,53.28626245278603,53.81513978876174,54.226850262447016,54.182565334752695,53.76682780632946,52.96709056175604,52.14801475787368,50.89343343205044,49.97443179760522,46.98622429702098,48.94404685168554,49.46098396871896,49.76670880624812,51.16926375317217,52.33752292364025,52.63351968393565,53.02886971782894,53.1928307373836,54.026550789494046,54.01745082237063,53.83091537186119,53.8679849867209,53.78028866462232,53.40580925796836,53.60854593246639,54.13455679668804,13.010299956639813,53.64297661199437,51.897316772919375,51.08131866253313,50.332990789914206,48.48287669095277,46.91161090741182,46.59897193330885,46.81467373533732,47.88118855918368,49.56384563098206,51.36371723492324,52.23246662798861,52.88349848577936,53.08148059630204,53.70040974990992,53.429159170840855,52.34846169921365,51.986405944457566,50.40036360266524,48.98780013289826,47.65109497206719,48.85728631517633,49.61069719265557,50.2105692248371,50.42536136722143,50.754374615856136,22.671717284030137,27.81755374652469,61.12216442500576,59.694201061645664,41.1965172203987,71.74214328563745,54.037191944157605,42.39999792886872,81.25846599267591,16.020599913279625,11.139433523068368,45.92953571547866,50.87046327441325,54.37257342768903,56.844512670278704,58.66502955600027,59.8643356930988,60.75595132562592,61.296760383709774,61.384795384556966,61.2393326759676,60.76556707408131,59.83942309636848,58.38078636500393,56.20177711918963,53.20337416737711,47.4915635401138,40.6513137214021,48.5542223116103,53.80668819338757,56.74641642612208,58.726509117828215,59.94829467468744,60.71363857367987,61.09411816011438,61.07253396924732,60.69751322546897,22.09515014542631,58.427352665606165,56.087506105787874,53.18324250850395,49.51347234447464,50.39207829888419,54.32701580414636,57.49514475083071,59.78215679210155,61.290466731631255,62.48098138741915,63.27670492762822,63.73443136725582,63.88357011672296,63.65872128126437,63.22145044711413,62.33189341141792,60.918670034673625,59.16282302512049,56.53595489108422,52.34340087615185,46.01679817305896,47.37868216450551,53.33610482123383,56.75543722641791,58.93371664790389,60.427062142285706,24.969296480732147,22.04119982655925,16.989700043360187,10.0,13.010299956639813,18.63322860120456,24.62397997898956,25.118833609788744,15.314789170422552,23.673559210260187,18.129133566428557,54.47072715118013,57.74120445433902,59.88418479580703,61.602553833956215,62.701088728630445,63.64337078441652,64.11533848567831,64.13219269613846,64.09595188514571,63.55168858968148,62.82221842900117,61.655781562939566,59.99371555704361,57.54901555749331,54.56930552602447,49.23870650255739,49.50919540032904,53.84202827833461,57.32723376813052,59.07893224727864,60.54507723458003,61.51369850247461,61.837073351339214,62.35888105869799,62.012400397345175,60.97782588901572,37.460890430562,57.85139700565736,56.340266196474616,53.33610482123383,48.97242102805365,49.646272809377024,54.228474513902285,57.269324929772274,59.10566779685424,60.895677843461,61.963599818078606,62.48242347418828,62.796491522083954,62.84707917017152,62.54824709733579,61.583148377251774,60.60040236302814,59.19927536454105,56.78878775824474,53.39578630217175,47.63465431128747,35.01059262217752,45.88159616383092,51.57967224935142,54.857469724644645,56.5919811804687,57.74745366453349,6.989700043360188,9.542425094393248,11.139433523068368,14.62397997898956,14.62397997898956
16.127838567197355,26.60865478003869,25.865873046717542,6.020599913279624,15.68201724066995,11.139433523068368,54.213159468116,56.214266042850205,58.15664067394746,59.11716236928744,59.75123786813664,60.01183142273316,60.18107723288551,60.20106349913113,59.688307118490734,58.68837154209452,58.29205965134857,56.654543424126544,53.80573003066887,51.076745518807726,47.2956972630197,42.16561735047927,44.20681717703851,48.94869656745253,53.40511534320864,54.98332612631636,56.4071591255875,57.30434216301124,57.46129563887949,57.6855004965887,57.537745045569736,57.06248251670263,20.681858617461614,54.927184936477445,53.47363196099689,52.18601143315632,51.11642187250573,53.71712357325411,55.244493507513546,56.476176604645104,57.94054232684288,58.45912508600848,59.010619899321945,59.50022932003032,59.266562190722055,58.70659022238674,57.84118530410194,57.15131374348693,55.44471130679483,51.26962170788821,49.4299959336604,42.919235758838845,42.75679830102703,49.69010319371508,52.9183264947176,55.04292758445149,56.44434650270999,56.767685760964014,57.22444700009176,13.010299956639813,15.68201724066995,17.634279935629372,17.16003343634799,18.129133566428557,12.041199826559248,25.01059262217752,0.0,14.62397997898956,10.0,20.644579892269185,53.90175310228671,54.38278052795468,53.89722333975843,54.10184839777753,53.42472029664019,53.06845178416402,51.884953788752085,50.32497882857111,49.15009163904052,47.49210516538032,48.978908862865474,49.69974730121714,48.16506437046357,49.91779669753309,51.37233809066348,53.45367848426949,53.74300993942989,54.066304361823725,53.1928307373836,53.64402765896231,53.76094951259215,53.40563083333371,53.907267370071054,53.81304648148658,53.65377525265342,54.17720739075684,22.27886704613673,53.76994627731844,51.55244917176186,50.709572275094175,50.90515519223662,47.23824952641037,45.31185030184496,45.69993887567448,46.32264904702855,48.15006281903948,49.837390176850384,51.28011332575974,52.13711618903007,52.79039227061055,52.98671900724723,53.91993072259713,53.744477175315744,51.98967578952824,52.657609167176105,51.331938904475685,50.34042586149618,48.488846629289775,48.03197553974272,48.47381379397898,49.99726308254446,50.823257081904245,50.68382548889111,19.294189257142925,25.289167002776548,61.12216442500576,59.694201061645664,41.1965172203987,71.74214328563745,54.037191944157605,42.39999792886872,81.25846599267591,15.314789170422552,12.041199826559248,46.14053105987219,50.96941281085116,54.19641886238553,56.74930916063886,58.54031407983452,59.91201701338611,60.86411800511335,61.26098923288605,61.46595581115883,61.22922302065996,60.806571461642974,59.849159792026086,58.26129896267296,56.15407107197515,52.76595059283032,47.8038212737524,41.294320741555744,48.8165850123253,53.88749316277472,56.82319300954829,58.59798547480565,59.89950124965175,60.79737510411948,60.99104767501888,61.0326479315878,60.74174394896267,22.671717284030137,58.528909150162605,56.2218292678275,53.07037968745014,49.35648313051384,49.93277474567364,53.97148872562535,57.44077738832481,59.57209680167021,61.46431005482008,62.521517710046666,63.37758871031383,63.68516340075276,63.78433696967835,63.60465037287816,63.21884345237409,62.34898768641494,60.97747566928719,59.18762460150495,56.37845825040657,52.06936458683464,46.098504287739416,47.016111533360586,52.96252633953295,56.595682450049566,59.06990299572324,60.54659392148543,19.49390006644913,26.19093330626743,17.634279935629372,23.521825181113627,20.681858617461614,17.16003343634799,18.129133566428557,24.4870631990508,23.26335860928751,20.043213737826427,19.294189257142925,54.21651630840589,57.48660065630765,59.89332773772528,61.72492008508695,62.91843295499077,63.63280398291291,64.0673854809319,64.2882215281293,64.07652252399016,63.55161766119007,62.95722098937595,61.68178274705767,59.6447884406346,57.30157022952905,53.87179747877692,49.58516103423041,49.51580344903392,53.72810778477367,57.37717297021571,59.45021750926438,60.84545536660805,61.57779724433743,61.84009933999748,61.90154862290558,61.73062957910764,61.10192266875969,30.751818546186914,58.40274884218145,55.68681530393405,52.69069083327977,48.41515888422295,50.34042586149618,54.64365828914546,57.60115503680379,59.70943969233196,61.00586949077432,61.86504581163238,62.59364965919718,62.78600885308657,62.64001574125502,62.28815460776077,61.860724464705335,60.80451146615522,58.85010476120017,57.26016927777907,54.057645706574405,48.70286828992591,32.83527364861693,46.86939990450078,52.33853693147101,55.09762844303066,56.2300622428795,57.5373622217501,23.820170425748685,22.09515014542631,16.532125137753436,28.35690571492425,10.0
18.63322860120456,26.60865478003869,16.989700043360187,17.634279935629372,16.532125137753436,6.989700043360188,54.74152135324339,56.84020855647746,57.88458275561016,58.87320168291372,59.60927664173479,60.0592915360012,60.13134382834732,59.93340983903602,59.58071499347411,59.136427490268126,57.77781943096184,56.29349446170829,54.92307704912036,52.19574048537034,48.44731837458173,45.51742682123167,46.83155147889303,50.9247501292598,52.38186661253486,54.62267690007224,55.80871397985984,56.74626025547902,57.59361086709015,57.571112143887376,57.09355623899341,56.82265145359016,20.170333392987803,54.64288300555899,52.52719568036186,50.61573099691192,51.83013463081929,51.6216098843503,54.261337328272845,56.38334480769438,57.64056516750408,58.94828161659605,59.48937909962528,59.69339950775012,59.72063916008023,59.46255707199398,58.52173073238022,56.9732438878122,54.72305836162828,53.54870667692568,46.98413751321257,36.28388930050312,41.63757523981956,47.55158059532407,51.43455120287416,53.98165783106361,55.40291926094344,56.928337052481545,57.32587540603137,18.63322860120456,18.63322860120456,13.979400086720377,16.901960800285135,12.30448921378274,19.030899869919438,18.69231719730976,14.14973347970818,13.979400086720377,15.314789170422552,19.138138523837167,53.05705970134437,54.00931525318601,55.09907845878111,54.865792328885576,54.40249271727592,53.42347659841515,52.492277171523874,50.89866270358666,49.18585962065328,48.35373452470009,46.22265844991523,46.7833624673218,50.65687994779864,51.72351855116069,52.66824153769093,51.39957755812176,52.01629232290588,52.33313461142046,53.631247704712365,53.33568174923988,53.730904686893865,53.8602249636406,53.51923794570148,54.18566428374319,54.192169850150094,53.49180358996378,6.989700043360188,52.67202245321431,53.65167761878668,52.80122896302308,50.1255041133141,50.55286569326153,48.43706069329351,46.41721924765832,46.582976503081895,47.6985714835456,49.62625006330788,50.89654348747143,52.26148623139984,53.16310095166724,53.439439919892784,52.608581319711405,51.95836024990017,52.72788125941824,49.92204351423268,48.68791333198155,47.05153556348856,48.091285728420594,48.5764604034652,49.326005845004815,50.24099639085448,50.686792665400695,51.449631861236654,12.55272505103306,25.390760987927766,61.12216442500576,59.694201061645664,41.1965172203987,71.74214328563745,54.037191944157605,42.39999792886872,81.25846599267591,12.30448921378274,16.020599913279625,46.97612887347364,50.79242766741615,54.24679136361336,56.59606286452721,58.519215175012754,59.66390031238743,60.5026604362195,61.050320273997336,61.15039396827724,61.2319022626562,60.46116113123512,59.35839661047016,58.34532601166539,56.06167390125065,52.60560290543757,44.92425112776086,38.19872821950546,49.38489703782983,54.17639399796158,56.976276993213055,59.004791021055325,60.27793054912898,61.00335041815911,61.47693942948101,61.392901868166646,60.791743696638896,18.69231719730976,58.531930659832845,57.1412597920397,54.45107360258192,50.65870889406392,51.41750696343641,54.37117680378811,57.31492065483536,59.770876985595045,61.1675912301832,62.38592267701958,63.09801509630424,63.70008185626666,63.77322646104105,63.50233476980839,63.03688626596742,62.029428078279125,60.89864504772456,58.77041756057761,56.18270942479805,51.70076807439729,43.52664799651101,47.65109497206719,53.79258368399925,57.02748385707008,58.95715292230736,60.42189870466059,47.41467697685545,20.043213737826427,24.653828514484186,21.33538908370217,16.989700043360187,6.989700043360188,16.989700043360187,16.532125137753436,21.73186268412274,6.989700043360188,9.542425094393248,54.88191005583697,57.77595722120097,59.902966666692485,61.5111999009889,62.83587271212706,63.50024997395679,64.07306587063914,64.09698676230092,64.04092389901004,63.55987974348245,62.70255979152939,61.452054214393456,59.80684974363314,57.37017616990194,53.56547844666878,49.46304854993475,49.57439665886712,54.45030992293805,56.977749203011925,59.19994375974399,60.508285144397576,61.442730546431015,62.27052521142474,62.32491171860468,61.78365628848097,60.9804880225058,28.597385661971472,58.2245707680725,55.59591856865989,52.629088747933245,49.62927828634493,49.54512653080978,54.03069020752977,57.46679338312007,59.27914173903338,61.05278499257996,62.11187309569642,62.63339179514013,62.82419077498447,62.72890541808802,62.46983075658818,61.720494953664186,60.54466350075354,59.09834059845049,56.670950962759285,53.35498018419024,47.64460087566783,38.74423830586502,44.64459738965453,51.26098923288605,54.35788642809797,56.89204047399684,57.703939206945606,10.0,19.030899869919438,15.68201724066995,20.0,14.62397997898956
19.294189257142925,26.60865478003869,13.979400086720377,13.010299956639813,16.989700043360187,21.613680022349747,53.84019902812054,56.09169510521468,58.114577037120526,59.04626838467674,59.81094330382254,60.03214448366738,60.25150146876671,60.020562858952886,59.63434583428601,58.78510880555639,58.28551631598239,56.67737719330479,54.45082425256551,51.74365131857384,48.30774663415485,42.64935821782686,43.52491239988165,48.81772552148888,53.25222066456456,54.67676166847005,56.24282095835668,57.01092850561181,57.47616864555247,57.58925511175161,57.20808192059138,56.64236632944392,21.13943352306837,54.04861072891051,53.14793850397915,52.25249820672878,50.61245084119136,53.34190279686787,55.44421540238881,56.501102484010026,58.03932803552368,58.68106379309843,59.2862778960479,59.683227437323126,59.6138312130417,59.171819000181245,58.38855384814572,57.2926605924713,55.75438415986777,52.56837965904041,49.44975908412048,44.20978355694903,41.96286748808876,49.19465122179509,52.21082847781397,54.61566051774079,56.01421108745736,56.35918828600063,56.939247100815145,13.979400086720377,22.671717284030137,12.041199826559248,18.573324964312683,12.30448921378274,6.989700043360188,18.63322860120456,15.68201724066995,19.138138523837167,13.979400086720377,14.62397997898956,54.34329337337729,54.58997220599123,54.47511527230824,54.534773483505255,53.97232401106528,53.52387070887521,52.36547337809895,50.82559191162552,49.185545305502735,47.26727209026572,48.68820706197518,49.39823651243017,47.47831138511073,48.99951755482617,50.51461244324184,53.06287747352961,53.28878856965625,53.75087220007504,52.98689366733117,53.48158775313901,53.39101479615,53.4130391981286,53.96722278503773,53.68162251472978,53.73634612199135,54.45769172708204,19.030899869919438,54.15542568691575,51.92344395046124,51.109968808600286,51.8589613195597,48.14194304795979,46.93067093924228,47.003315524955255,46.85920792194536,47.83967861527244,49.21894470929103,51.04736281150048,51.90345707443753,52.3983982070212,52.374557644943934,53.48859548704941,53.42505583673731,51.06167090335472,52.0828007854531,50.69301714524998,49.52162574214463,47.49736315569061,47.79228411424957,48.92901195510966,50.03469148978028,50.772079682462106,50.9413907916344,24.668676203541096,26.85741738602264,61.12216442500576,59.694201061645664,41.1965172203987,71.74214328563745,54.037191944157605,42.39999792886872,81.25846599267591,20.5307844348342,21.613680022349747,47.02783687936272,50.96117136549711,54.155775989645896,56.6161583646082,58.35264309975436,59.697745697434414,60.66519730293415,61.13716791945783,61.30038025874246,61.10067569844297,60.69746514388734,59.69346009548041,57.94823919861849,55.73106104346895,52.22552604593805,45.62078639008206,37.45855195173729,49.223101632143965,54.27628902936678,57.11588761925314,58.98041397455967,60.11174450424903,61.07823316582277,61.29051835603393,61.256416160044594,61.00605552027506,21.367205671564065,58.807130071746776,56.75581306871443,53.9695391012816,51.41493670985079,50.71484335428124,54.23285204486265,57.3590615013347,59.61193682561923,61.31769069699195,62.5012345850756,63.21640263207502,63.53404542562232,63.58460444203941,63.4706389182908,63.04053643958606,62.167054649771046,60.80633701055939,58.78913403065423,56.00058718488269,51.29689892199301,44.49586380837568,47.10963118995275,53.05390067230779,56.68290846119334,59.23423296527408,60.72434093547142,20.96910013008056,17.853298350107668,12.30448921378274,18.325089127062363,14.62397997898956,23.97940008672037,21.95899652409233,25.276299008713387,20.253058652647702,21.73186268412274,17.853298350107668,54.295730360016,57.61413593901575,60.0354755462574,61.70172793300245,62.87778895290159,63.583468503082365,64.08201453898373,64.22858441604696,64.1113228206209,63.54631775236327,62.86530342928344,61.70531891621025,59.60151003877154,57.30485110138447,53.70040974990992,48.95698726959306,48.6542380094089,53.3657579704792,57.27401349381382,59.26964626713365,61.07284946832056,61.64591949384877,61.91001955523834,62.062692989043526,61.97276146222759,61.15212642195996,31.550322287909704,58.78993174209786,56.881678937451824,52.99797022240979,48.06858029518818,50.75838825974687,55.22313795156667,57.384634394619525,59.62169428958009,60.94860177221801,61.92835529305939,62.55675729175852,62.74435431794488,62.8541777230442,62.347702951609165,61.69637408729072,60.73089359184453,58.88288475236234,57.10138529044566,53.88877049427755,48.6998228285908,31.598678470925663,46.828487672897154,52.179495740467566,55.08046002499262,56.64808329239969,57.48766184289559,20.863598306747484,25.118833609788744,20.96910013008056,3.0102999566398125,20.0
16.127838567197355,26.60865478003869,18.129133566428557,18.129133566428557,16.127838567197355,14.14973347970818,16.532125137753436,13.979400086720377,11.139433523068368,13.010299956639813,10.0,21.613680022349747,24.668676203541096,18.129133566428557,23.59835482339888,16.020599913279625,19.138138523837167,6.989700043360188,47.41467697685545,13.979400086720377,17.16003343634799,15.314789170422552,16.989700043360187,22.30448921378274,16.020599913279625,23.521825181113627,13.010299956639813,15.563025007672874,6.020599913279624,10.0,19.294189257142925,13.979400086720377,3.0102999566398125,18.69231719730976,18.69231719730976,11.139433523068368,21.613680022349747,0.0,21.13943352306837,14.14973347970818,17.16003343634799,9.030899869919436,23.69215857410143,15.314789170422552,19.49390006644913,28.836614351536177,13.979400086720377,20.5307844348342,18.573324964312683,17.16003343634799,20.37426497940624,22.55272505103306,20.253058652647702,3.0102999566398125,12.30448921378274,18.69231719730976,16.127838567197355,15.563025007672874,15.05149978319906,21.367205671564065,22.671717284030137,16.989700043360187,22.944662261615928,15.68201724066995,16.989700043360187,14.62397997898956,19.54242509439325,16.020599913279625,20.170333392987803,22.87801729930226,38.44725627973226,34.61798557525109,33.875677794171885,29.20123326290724,29.845273133437928,21.613680022349747,28.2865989653532,29.20645001406788,34.83016420144132,34.0226138245468,37.2468538823736,36.867256210745424,40.40800061256529,39.25569909543376,39.4865743214132,39.09823369650912,36.12783856719736,38.105013477665295,35.996647787884164,36.867256210745424,34.02948829344405,31.29045059887958,23.97940008672037,20.043213737826427,27.435097647284294,33.92345155361204,18.129133566428557,36.4601140959124,36.45422269349092,36.70245853074124,36.10873000380052,37.79957051246906,35.47651658359969,33.28175661438323,33.77670439334323,30.51152522447381,29.67547976218862,24.62397997898956,25.76341350205793,31.442627737619908,32.415464805965485,34.077307280263355,35.428254269591804,34.84299839346786,37.570922201189326,36.28388930050312,36.95831772826692,36.43156465619706,34.21110129793434,36.16160312847583,31.179338350396417,30.9968064110925,27.85329835010767,6.989700043360188,23.54108439147401,61.12216442500576,59.694201061645664,41.1965172203987,71.74214328563745,54.037191944157605,42.39999792886872,81.25846599267591,36.56864491548917,49.78728177138492,54.90920170242181,58.164428189139066,60.64629426826991,62.48356356097194,63.92971333646269,64.83940294074304,65.57017291740569,65.87922001054349,65.84924016116197,65.4446059318464,64.67943573901474,63.36079509748716,61.39093499183508,58.22352484555676,52.56777860100623,42.02733458045444,53.14467649427002,58.58960458444476,61.69601849687055,63.638091537023946,65.06912077228475,65.87336996581433,66.2259694536928,66.18762681633117,65.76088418108259,64.92924161175051,29.547247909790627,61.74665884286922,59.01467584793168,55.290939795884896,54.0756254860073,57.51652405953137,61.087777218177486,63.461702193160754,65.4698586179519,66.75252563862736,67.59985858377054,68.09795920054206,68.29767416101829,68.21656304626944,67.83483725061939,67.15332341674,66.03908426643858,64.48045101890033,62.07547122784972,58.64533032547095,52.38878748175503,47.924617313469504,56.05832775740528,60.49457206521869,63.20548601340387,64.97700320665774,66.01758594972189,66.32246876666596,66.3226389191167,13.010299956639813,16.989700043360187,20.043213737826427,22.87801729930226,16.532125137753436,18.129133566428557,16.532125137753436,11.139433523068368,10.0,15.05149978319906,15.563025007672874,20.863598306747484,17.634279935629372,22.30448921378274,3.0102999566398125,15.68201724066995,16.989700043360187,6.989700043360188,10.0,10.0,16.020599913279625,21.84691430817599,18.69231719730976,25.289167002776548,21.73186268412274,18.129133566428557,22.55272505103306,22.87801729930226,15.68201724066995,20.0,47.41467697685545,24.37750562820388,21.13943352306837,22.14843848047698,38.63322860120456,17.24275869600789,32.951270852521915,30.92369699629121,33.53531559077762,35.35800290824898,34.385423487861104,27.331972651065698,26.5991620006985,23.521825181113627,19.86771734266245,11.139433523068368,25.05149978319906,21.613680022349747,19.912260756924947,25.987905067631157,13.010299956639813,28.325089127062363,14.62397997898956,15.68201724066995,20.681858617461614,20.043213737826427,18.325089127062363,14.62397997898956,14.62397997898956,25.118833609788744,12.30448921378274,19.294189257142925,17.16003343634799,21.73186268412274,18.06179973983887,16.532125137753436,13.979400086720377
16.532125137753436,26.60865478003869,18.129133566428557,19.54242509439325,18.129133566428557,24.16640507338281,53.78879174089522,56.12225270351387,57.880452800185545,58.87496896316368,59.556030955198416,59.93850486480993,60.06442936312396,60.05250028388595,59.71836913857543,58.47790368701183,58.31457670650604,56.870694540233664,53.90307928680451,50.711526638092366,46.72928690442723,44.51003078627362,43.79523063830554,48.24945466362095,53.22454990626711,54.9346920448232,56.4002901836088,57.42091683395153,57.75368661068645,57.89172311587284,57.69008610167795,57.89085503434566,13.979400086720377,56.328478802915065,53.724738070346056,52.29681842317675,52.09774977245171,52.3361789984849,54.20544866346322,55.67134632046083,56.97168293059873,57.68208773607013,58.38539939293344,58.91510696725965,58.707935419304334,58.287655577091584,57.58703774626192,57.14015243510435,55.30001081569875,51.8236043357617,49.81641955139982,42.98088569391382,37.21480854770049,47.674304612335554,52.840357411097855,55.20614521878236,56.46844659233717,56.80418918959036,57.31145381297382,11.139433523068368,14.14973347970818,21.84691430817599,9.542425094393248,10.0,20.644579892269185,13.010299956639813,19.294189257142925,6.020599913279624,19.54242509439325,6.989700043360188,52.424718561042766,53.250166359409086,52.96287760390027,53.25977215078921,53.07089365048616,52.83059132542552,51.69562760769254,50.481697987660176,49.005855866499616,49.38444667801203,48.6617505797028,49.28298534807345,50.09930819142923,50.83516952744969,51.92433632110578,53.64425285022279,53.839391760961554,54.40954712059246,53.04518531971104,53.35100689539595,52.94527948909792,53.26335860928752,53.32018101885264,53.36159426484781,53.24876887664459,53.02237824673783,16.532125137753436,52.64085514155396,52.51036847766439,51.409760243656486,50.65209865512257,49.01283914694545,46.37289547678175,44.89255168369261,44.70189906285553,47.8812592986727,49.22143934043656,50.71661123441788,51.99286083369935,53.07932252631713,53.72442490400089,54.200234469155234,54.286336219975375,53.6167118521656,53.409712939795966,52.51555489810396,51.42029490853303,50.48255304342598,47.67274631238291,46.8524896024201,47.64930446690282,49.12923165600507,49.88652583173063,20.644579892269185,29.03089986991944,61.12216442500576,59.694201061645664,41.1965172203987,71.74214328563745,54.037191944157605,42.39999792886872,81.25846599267591,3.0102999566398125,47.41467697685545,49.99726308254446,53.55742612498376,55.95523777707815,58.02703274961384,59.287900209113005,60.39481538656882,60.9356350818447,61.13169284633685,61.08988288351783,60.59630431146932,59.80186146082833,58.35003399045843,56.54817399465224,54.13638348223296,49.78513759160266,46.6671449178134,50.16029963076024,53.7958830641052,56.39448636265077,58.27522412408385,59.555554699458455,60.377614528294814,60.62205808819713,60.67562554720247,60.38747689910778,59.4704140525522,19.138138523837167,55.907125745010255,52.87848738644336,47.89587762342296,47.79827284132608,52.56287085607974,56.347160161083146,59.04114797623976,60.86966351292101,62.37167588869032,63.06322285988018,63.60229203222664,63.77969755454818,63.78251051880462,63.41441845197912,62.57004535714841,61.45385377912132,60.02304322566113,57.65990245564411,54.502506483679845,49.72003702510512,47.85080578137339,51.642011236750456,55.31035454868721,57.94020737060991,59.78482271862844,60.9430793183401,13.979400086720377,23.180633349627616,12.30448921378274,15.05149978319906,24.653828514484186,22.671717284030137,20.37426497940624,10.0,20.681858617461614,9.030899869919436,20.681858617461614,55.67968081225249,58.65621501602681,60.856134134324414,62.14022148700433,63.025010625849575,63.65758211678986,63.9785244607788,64.03580320855126,63.88635566672242,63.056307759969656,62.407271727307965,61.11375778485774,58.79115385022917,55.99783762232926,52.459270239083686,51.0132425568041,52.30295613917047,55.22603315258265,58.11328970026922,59.98888957636936,61.04214225840537,61.68639180652944,61.73179564485979,61.98947252639529,61.38048996100635,61.09555599891975,34.15140352195873,58.50310430671957,54.31070918797397,50.471190387201815,47.366832809904,52.149841766393656,55.49092810694616,57.95777164232472,59.80765332974688,61.093736681661575,61.91856055256294,62.56968967728804,62.57004535714841,62.476642430250976,62.16454368085149,61.5971153306165,60.545525401751526,58.45556908821468,56.90780654501488,53.9444642723216,48.64285569099234,38.25945143203848,47.25462411388858,52.31902649456643,55.12087765348178,56.29951619095781,57.461490437113845,20.043213737826427,11.139433523068368,14.14973347970818,11.139433523068368,9.030899869919436
20.681858617461614,26.60865478003869,16.127838567197355,10.0,12.041199826559248,11.139433523068368,54.54774757697759,56.59459808594025,57.72241002615026,58.84458329402072,59.560492713958126,59.9960026517042,60.0344071266306,59.8403423306377,59.32827246081742,59.05922104145879,57.59753184611209,56.20786488646188,55.19782068970387,52.78410601475816,49.51769655060065,43.83258681708175,46.73076227743187,50.55813936529876,51.99626295501452,54.24563146102521,55.69379762600968,56.65206567245696,57.38431714820286,57.57300351987815,57.354751400722215,56.43857171552014,18.06179973983887,53.90958057018386,53.09172213738239,51.67836995345471,51.65351179700588,52.5272927581518,54.45873413528393,56.25589199769424,57.62880287537247,58.975792612897216,59.20943118083898,59.614975041874885,59.66578155404567,59.31076296950677,58.8819297762565,56.580133056396505,54.90768687333426,53.31817884627525,46.45756213603842,36.93463127219531,42.65030197723058,48.46794674306915,51.00460152194369,53.367498337101765,55.09295287405314,56.83034423693105,57.11047603867034,13.979400086720377,21.367205671564065,15.314789170422552,11.139433523068368,20.96910013008056,0.0,22.380461031287957,6.989700043360188,21.64352855784437,10.0,17.853298350107668,53.08592156302953,54.001250839000974,54.951778770902,54.7485121041698,54.3375223784354,53.43890875343595,52.48566641969275,51.224288761555314,49.599805520907495,47.49504423876142,47.92111409087169,47.69680044932302,50.346805848749774,51.48232359644905,52.512609381607845,51.39504424524908,52.0488475292428,52.271794368134266,53.92714535676295,53.72420383180732,53.78924549697582,53.829890619644594,53.55277154303717,54.04180073433905,53.94160886380134,53.88403183552636,20.681858617461614,53.17331935445897,53.10958692419998,52.41987026133294,50.313923041562944,50.24461037824104,48.6026611739679,47.0218919468777,47.58465262567476,47.62123151874593,49.14120927698542,50.7468847308281,51.98712057460401,52.7189966341539,53.09913218137984,52.808264027687486,52.37322513321544,52.31441554083836,50.39465676191213,49.140521193491935,47.72241002615026,47.29885314961069,48.8962100168769,50.1646922544315,50.81376115769511,50.24309122720943,50.751161027897965,22.30448921378274,18.129133566428557,61.12216442500576,59.694201061645664,41.1965172203987,71.74214328563745,54.037191944157605,42.39999792886872,81.25846599267591,3.0102999566398125,13.010299956639813,46.726150071629945,50.97604328874411,54.27050947501833,56.65585680997833,58.45210321643079,59.499927207892334,60.37356367664985,60.9318521049068,61.10521362456369,61.05475099171096,60.375029907823006,59.46251775135586,58.098188673385216,55.81800660371076,52.243258363194855,45.6813129222395,38.192806469724815,49.268567089496926,54.29088222267451,57.05115020712383,58.78674001680523,60.18648912733152,60.81022365689833,61.29579693714472,61.1921133550705,60.67901064225302,15.68201724066995,58.65802549593269,56.72928690442723,54.37331916786164,51.17748425871862,52.03582210419327,54.73924693416158,57.463539185264935,59.60196700246087,61.13489444488744,62.13380142203803,63.02158129109045,63.540873004059634,63.60940294084714,63.471476709543104,62.854270011160416,61.960194126536685,60.70940629809958,58.75307293896051,56.00598304858028,51.63951096346079,44.82416190747198,48.16387145402351,53.71621927176022,57.02197816346055,58.84944821596888,60.41708815417494,19.138138523837167,20.863598306747484,19.294189257142925,13.010299956639813,22.671717284030137,18.129133566428557,13.979400086720377,20.644579892269185,21.13943352306837,18.06179973983887,14.62397997898956,55.05589479023129,57.89750589601507,59.782800598893466,61.479843940231824,62.59779692324148,63.46741122814022,63.96344436515457,64.06985827375736,63.85756731464426,63.55800041893026,62.59117996520227,61.47477214088277,59.93299086425634,57.44512813511597,54.28751766760611,49.24630715559238,50.179218981967786,54.05257545302235,56.5644032578538,59.2024075783877,60.29790281838534,61.53535607039984,61.98680450269632,62.168689164383615,62.06787300336747,61.22387595496653,34.13969971748061,58.14913181275074,56.34793555118056,53.13972618860607,50.80691409815351,51.201525928444944,54.122471278846895,57.324355787596055,59.0467930749005,60.9529630732458,61.901102916517694,62.4244725469702,62.65849933252648,62.75464770478389,62.3621973764206,61.32452132863399,60.41023773019628,59.19238176255753,56.453790342622334,53.07774068517087,46.92644259969988,38.79038505237237,45.01333178645567,50.94107608675488,54.44681710485713,56.71895448026902,57.717204677958456,16.127838567197355,22.30448921378274,16.127838567197355,20.96910013008056,12.041199826559248
16.989700043360187,26.60865478003869,3.0102999566398125,13.010299956639813,12.041199826559248,12.30448921378274,54.38012011806289,56.460437891295285,57.860731947467166,58.9463944732836,59.44887167215995,59.93050264450076,60.0541433343476,59.9135058513808,59.61053093144075,58.83800500661397,57.94027715528888,56.47181426367134,54.052455880666855,50.96353759993295,46.46648744272955,45.06734971715797,46.13302581680263,49.83865241183091,53.02958318764627,55.18646839973523,56.13424233537224,57.19571574314456,57.82934622471221,57.72486736610997,57.46322765089953,57.5144000953853,23.05351369446624,55.69317716936381,52.88061333561104,51.15933200687829,52.54095904857678,52.21531598870455,54.078937489326655,56.14417329665366,57.32674352075022,58.42417633547864,58.84390324341773,59.26058827662317,58.82329830208717,58.35467343829558,57.55630972761743,56.55570592549196,54.83400417433207,51.06190897263416,47.45270023988988,34.23245873936808,41.25318578123527,49.0829195620292,53.33991061569507,55.35126954138197,56.51254747599115,57.19968999372814,57.68073225205676,6.989700043360188,19.084850188786497,20.253058652647702,13.010299956639813,14.62397997898956,13.979400086720377,12.041199826559248,9.542425094393248,11.139433523068368,13.010299956639813,15.563025007672874,52.69477919057052,53.358228355221215,53.78428791088845,53.82083713373425,53.4932610355233,52.48769968520569,51.14947748734959,49.64589587489903,47.81446592795966,49.25806967042973,46.5915528094063,48.57603845694644,51.61918757585923,52.46980862335539,52.928428586314695,53.16666337071617,53.80269143782474,53.7589395751608,53.8314186703661,53.40509551544339,53.572733777931695,53.55989505032301,53.51991386487284,53.75614238728929,53.82271057577509,52.849380543431366,20.0,52.05650883636126,52.679527557565095,51.7887627134109,48.76616146174212,48.7884337602823,46.296949571055066,45.15476441382376,46.25003601014864,48.88095211261547,50.09523130556169,51.63259795952417,53.02921565722674,53.8357302666439,54.18493531818885,53.40221953086274,53.09715314859149,53.44048239108943,51.46961700846381,50.66717173286226,49.421519667747816,49.21832082754325,48.41440814828671,48.391070731378704,49.814924242013845,50.53454925025864,50.58919260718884,28.432327780980096,29.67547976218862,61.12216442500576,59.694201061645664,41.1965172203987,71.74214328563745,54.037191944157605,42.39999792886872,81.25846599267591,13.010299956639813,0.0,45.93917107968336,51.039575775710446,54.02173654709294,56.66068477859686,58.43642578623006,59.850247793032,60.60378233099576,61.0797067554985,61.34652912670625,61.21911929683144,60.5860403352321,59.76412802699896,58.714655161000906,56.65307946900641,53.86149248937591,48.8101926201218,45.030003380130296,49.73243342094436,53.67896123114807,56.54777974576079,58.47985166310562,59.82529018865603,60.4315156461112,60.958190859800766,60.92132651297371,60.217952339875154,21.64352855784437,57.82129926678133,55.94813380000132,53.04647758718903,47.57775491011926,49.60185276604612,54.223156521131486,57.3163710696538,59.68759314723372,61.43801753300237,62.46422991221379,63.17385055625178,63.73299382770361,63.89381051237959,63.716966718125775,63.09242748763034,62.21433539390392,61.06173552344954,59.12426663621474,56.55584990403644,52.77950557053959,47.5285479473071,49.06038585850116,53.38107722706113,56.63060788007344,58.70313173908918,60.24889808584005,23.443922736851107,22.55272505103306,20.681858617461614,9.542425094393248,15.68201724066995,19.912260756924947,15.68201724066995,23.26335860928751,15.563025007672874,6.020599913279624,16.020599913279625,54.44035422554725,57.57792179736864,59.99663725916143,61.62456865001865,62.68054678205486,63.43413517749661,63.84275259192232,64.08986614986883,63.99473830814778,63.47750833033289,62.816316446924574,61.63744417503528,59.68319473630739,57.24617434868583,54.241790135787824,51.389339402569234,51.41929270735738,54.42821425964577,56.90802782014339,59.18509474744632,60.45721095158103,61.783209838608826,61.73486090413085,61.93642102555113,61.44000996629824,61.337438725386434,32.704459080179625,58.16997176177398,55.69959987124582,51.88334964238177,48.58639443236374,50.0394711732304,54.13400361189814,57.48597311742354,59.1727858786508,60.90306383583982,61.86901268629846,62.54065662646586,62.62191384683423,62.62338348388282,62.19714690275384,61.6466329510573,60.62127899788881,58.71216130509176,56.87205126142148,53.68169693278739,48.81436015761719,40.56371179475529,45.78008509573256,51.31002388743692,54.45927857740809,56.511325785504816,57.653182962198805,22.671717284030137,20.253058652647702,18.129133566428557,3.0102999566398125,16.020599913279625
16.127838567197355,26.60865478003869,13.979400086720377,10.0,14.62397997898956,21.95899652409233,53.79515814049955,56.128431709398,57.90536376825591,59.01307899769528,59.53002519100187,60.00043427276863,60.150125164062025,59.96905510695666,59.59167844281129,58.80761016608601,57.96554907463695,56.74373318515957,54.7962137144928,52.149100464293376,48.9558275236417,42.61619676547936,43.49044286602036,48.020892578817325,52.618074775140826,54.353920057235584,56.13160787821021,57.1308209747296,57.49236047957969,57.97093649698737,57.726341102960745,57.120061999556654,20.0,55.32307118374141,54.18168662067866,52.95474733846038,51.02121422834373,53.29009179724527,54.386135387677314,55.75701533149335,57.263962695352,57.98281787333356,58.63913218167259,59.218991496809366,59.197598702092776,58.8394349302775,58.16782670202363,57.08982315290888,55.729691333243466,52.653132025542966,49.79074671736063,44.20450859106068,41.95262958342062,48.74841165091257,51.84242711974242,54.26812072815156,55.87856827556672,56.56629001442155,57.19293160222093,6.989700043360188,10.0,18.63322860120456,15.68201724066995,13.979400086720377,6.020599913279624,10.0,17.16003343634799,15.314789170422552,14.14973347970818,17.16003343634799,53.08128833655168,53.88612671184348,53.538200948974136,53.86407994961708,53.42282499527121,53.27567345722923,52.39734806923205,51.118436490179775,50.163814085055016,48.099971553621934,49.188111547111966,49.84009451702538,48.324705909142,49.4101424370557,51.215532788395855,53.26591855325732,53.64657914310357,53.9088567239772,53.44048239108943,53.76797697723031,53.35176972770027,53.43812172073356,53.50637545339745,53.50577491817282,53.32626276910751,53.934418236764216,20.96910013008056,53.9208111979816,51.9729434503319,51.25507290058338,51.56197697029134,48.53119984217567,47.08701273759679,46.38379421473682,45.32563298334475,46.78918801456555,48.202343095656,50.06093630208201,51.34065490394307,52.27693927597013,52.85201626982612,54.103283710814615,54.21926237990552,52.84205067701794,53.39511065746308,52.48534787017714,51.36371723492324,49.21894470929103,48.0330003106248,47.88825681069757,48.65346827243361,48.75553185101512,49.20733623890904,28.69231719730976,15.314789170422552,61.12216442500576,59.694201061645664,41.1965172203987,71.74214328563745,54.037191944157605,42.39999792886872,81.25846599267591,10.0,15.05149978319906,50.13582896066976,53.63359978392974,56.20486889824328,58.08349411772686,59.44642542053352,60.43197568612334,61.03812269975788,61.27132021941749,61.131970612430166,60.46486579812667,59.83908058679156,58.5089424512374,56.3246944011222,53.27861403331204,48.72930899174456,43.589432196323344,48.81144901138885,53.23524351501383,56.32035953823369,58.28418196604082,59.41623221745036,60.28270639666832,60.84657052770246,60.754903899395245,60.39110205033826,59.783289097809,14.62397997898956,56.40295554935351,53.170536803434,49.46265537203176,49.44013578266629,53.28389798025231,56.81602998730868,59.30405441158192,61.0218424061216,62.30657332714867,63.127156579063154,63.67922557140969,63.74291088314631,63.64120802682389,63.32333408545816,62.65790355421699,61.49593491733548,59.93517790837771,57.6742452587712,54.1285182417034,49.01747028518444,46.63936379167117,51.215532788395855,55.35053482100271,58.06340768888872,59.83220214648103,60.97747566928719,16.020599913279625,22.27886704613673,17.634279935629372,24.84299839346786,19.49390006644913,13.010299956639813,20.5307844348342,17.634279935629372,16.989700043360187,23.180633349627616,15.563025007672874,55.99910351021086,58.73122885967887,60.70260316247313,62.15862185987261,63.078146888551416,63.75334339665416,64.11491755409027,64.08138504984507,63.86061418695562,63.13719619495093,62.37993131033795,60.98264980504706,58.85191540606848,56.12344043337613,52.95245933165397,49.49375367258341,51.20027429287908,55.04640741034392,58.09780509027287,59.76922851374829,61.05962296865364,61.72663926621719,62.20559153705412,62.15319457759072,61.50298270799379,60.70754692226042,32.62925469331832,57.28128052591177,54.66657092145439,51.65045389726366,48.30486016795072,52.10481717522954,55.321592044234265,57.900091550536686,59.87782418697856,61.35839990952281,61.86486772587656,62.51209797275928,62.819721106400586,62.64916472181569,62.28659266815343,61.52712950153977,60.59216828505731,58.54384997256603,56.79087050696466,53.25289837207551,47.82336437879265,35.87261849692534,47.965743332104296,52.33407352501595,55.22607226370647,56.43733889801573,57.487367525155975,9.542425094393248,18.63322860120456,19.86771734266245,10.0,12.041199826559248
15.314789170422552,26.60865478003869,19.030899869919438,16.901960800285135,16.989700043360187,22.380461031287957,54.20261133411269,56.39642846975732,58.01160080018234,59.03919240117652,59.75672556909543,60.07539539767578,60.012844788798965,59.95907530276207,59.63654214035087,58.920110764892605,57.635664964393456,56.30787773276551,54.76670802582036,52.2490064591972,48.61325277888098,39.70765159780768,44.49771429797611,49.7284130953884,52.94889291810411,54.905343458036754,56.32710303832954,57.499526361608126,57.79382898598442,58.19266161469231,57.92248769090207,57.01555033735124,6.989700043360188,54.70076629278064,54.05607575569955,52.61607787677791,50.616409340616855,53.07207125308189,54.6183004873183,55.93945870437759,57.64126047350453,58.36111981323604,58.93875451350595,59.1864462814106,59.301346660289774,58.864207812083286,58.037847614443415,56.36151764804325,54.657782957842784,51.95858157323586,46.88152755591567,41.8822517270528,45.97969275225808,50.914031358915686,52.956330637347605,55.07653513464988,56.36178865644822,57.41215437812982,57.80750670115357,14.62397997898956,15.314789170422552,9.542425094393248,17.24275869600789,19.54242509439325,20.644579892269185,18.129133566428557,16.989700043360187,12.30448921378274,23.05351369446624,6.989700043360188,53.29576849104741,53.70287279192028,53.960406000223024,53.748014842779774,53.17009729025597,52.78653015846716,51.82722715316398,50.7468847308281,49.82063083727233,46.60457542748348,49.76537964434474,50.40950269144804,49.76922851374829,51.69418718601164,52.60491162131453,53.46996114604256,53.60051627543741,53.766389946942006,53.94034698102112,54.02826886926953,53.733901996274696,53.6969257721596,53.57692869955845,53.13413715156025,53.38376799232071,53.82271057577509,25.563025007672877,53.5290188574125,51.14667685647233,50.28933014047819,50.21193435188165,47.25993258924723,46.65111737075051,46.13260260001968,47.045794496963,48.39465477163864,50.227293447174326,51.928628292154585,52.44665461277482,53.40731566264532,53.53404542562232,54.38548677257042,54.00187303987632,52.67171728403014,52.81269777372894,51.14644338902279,50.199176447829146,47.860838557246666,48.82074642305906,49.096522907479816,49.94603068070779,49.65295795811656,50.386241353485616,20.0,21.613680022349747,61.12216442500576,59.694201061645664,41.1965172203987,71.74214328563745,54.037191944157605,42.39999792886872,81.25846599267591,13.010299956639813,6.989700043360188,45.55457217204649,50.52386095389375,54.251166798032926,56.828785137032085,58.611333845008446,59.90535086686393,60.70656157310887,61.32821090916234,61.600568517925325,61.31853709931696,60.86184653640696,59.96519114636972,58.46698873485087,56.468593492935966,53.39399760169609,48.65465242666353,44.73121863290729,49.32412878005291,53.98280362144715,56.82795579229787,58.62218468100247,59.950368600142326,60.68619568404279,60.93140353359104,60.92805530785664,60.586510855609525,20.5307844348342,58.22641359350942,55.72267350134817,52.0275251876813,48.119099804200985,49.205511461198455,54.04566902632541,57.50670357260234,59.83756601014311,61.50617996021381,62.60654430511585,63.28068145457302,63.75063598989424,63.95970802725863,63.77689550783299,63.22741168464003,62.34264630844362,61.113663688834585,59.26342961192272,56.62052001949409,52.904019359241055,47.602113167206646,47.620179940064816,53.16525970737366,56.67081075001656,58.89454659301385,60.57867612386004,0.0,17.24275869600789,15.05149978319906,18.573324964312683,18.63322860120456,21.70261715394957,14.14973347970818,24.8572142648158,12.55272505103306,13.010299956639813,6.020599913279624,54.39056236641522,57.63279709100154,59.97292437301452,61.61038412422962,62.75967484262766,63.65043166914159,64.08937668670623,64.20622530661899,64.1498537442072,63.67057777133368,62.8067236628609,61.69894463945621,60.12260452989164,57.85741151992235,54.80104720111028,49.92261828486952,49.87956591127648,54.11030146797094,57.35223519857252,59.38945805151367,60.89977487821851,61.803105688095016,62.23203543936321,62.01974979599708,62.2623994889819,61.286515644606766,29.532763366673045,58.52765363086846,56.0940016039557,53.05802629184904,47.013607175614254,49.94075077145827,54.387005329007366,57.12865112125472,59.48321010816136,61.07644386080665,62.021547031054325,62.50048253082287,62.810597424467616,62.97301907869403,62.48591634218607,61.69881541372891,60.669048471668205,59.08495742066805,56.71320977612709,53.62316566700712,48.34509715389966,35.573868820595074,46.59164800662727,52.01779353725061,54.87897373539602,56.63505873009634,57.68310222048528,22.30448921378274,11.139433523068368,18.129133566428557,6.989700043360188,11.139433523068368
16.901960800285135,26.60865478003869,19.138138523837167,14.14973347970818,19.294189257142925,6.989700043360188,54.959603948817055,56.85075010394243,57.868436644447605,58.967890294103,59.543168156935415,60.01955561583752,60.10717509816266,59.76943918668921,59.411102455053125,59.01790045790416,57.4526221637756,56.40013100553888,55.09549281620068,52.25831155455947,48.33178997268102,44.46801142847092,47.616422221988095,51.386342146622674,52.20076692123425,54.99865711329092,56.44513427419912,57.2366250785786,57.62096864794568,57.77729055762608,57.01762208534885,56.68864681376225,17.16003343634799,54.19641886238553,52.12853189947111,50.28782655473741,52.22011145386472,52.83574838498632,55.184941987709536,56.83735776632733,58.15857227151328,59.278962287508,59.47640036278857,59.5977477814329,59.4459813964979,59.24292211300552,58.29371967795237,55.96388144225102,53.776941010043366,52.60941490980248,42.48978095892653,36.942541120252784,46.895042032949306,50.49961890077682,52.84369815540999,54.68000051453099,56.01062140019138,57.29388361384484,57.59300616224764,17.853298350107668,23.26335860928751,9.030899869919436,24.668676203541096,19.294189257142925,16.532125137753436,0.0,13.010299956639813,14.62397997898956,21.5836249209525,18.325089127062363,53.57904369125294,54.27396839097603,54.92113353106803,54.51150642037111,53.895948492323214,52.741509189772906,51.70026898151116,50.278916277678185,48.4841698480196,47.5356773959338,46.64764162441131,48.37291653120773,52.03190684659421,52.85181357842337,53.49660159813294,52.06677489215859,52.8290520687277,52.89129445351329,54.18640969015794,53.762045450154815,54.06615111056611,54.14766173503148,53.78108880854964,54.189588654182046,54.12521025235661,53.38299083135984,18.63322860120456,52.23527090674808,52.7173011556843,51.70965406310841,48.20733325096435,49.158955871611184,47.81733838854954,46.7447533796196,48.05507654575986,49.13628443215937,50.52682401617118,51.83332491482757,52.94768143243303,53.452972566264485,53.85999284138968,52.34570428187,51.701942184401005,52.07206054437323,49.155317393839454,47.34199560686231,47.049222912234015,48.40168849240756,49.70463106521676,50.572247399575886,51.17330965607344,51.4517464421339,51.55715499683964,21.84691430817599,25.95496221825574,61.12216442500576,59.694201061645664,41.1965172203987,71.74214328563745,54.037191944157605,42.39999792886872,81.25846599267591,12.30448921378274,14.62397997898956,43.7278316770235,47.38756782588204,51.59100768031968,54.83012135731529,57.18551509468278,58.85160425519992,59.97091365931227,60.810465105489584,61.31010097588627,61.50891464502115,61.15332540825565,60.58092583063112,59.81191847236136,58.353011169051015,56.00968541835532,52.05204363948145,45.470358997400105,40.67219688974141,49.99169704354565,54.52720008557285,57.41769890224767,59.20731017605362,60.12810660249688,61.07563029657888,61.323122116463146,61.15695698251956,6.989700043360188,59.695398456692594,58.36129715927544,56.236348140936585,52.47052174856616,50.45807865798869,51.74980942370255,55.19512983257626,58.19613022350411,60.08138808235952,61.38651257242025,62.58951517776063,63.41580320163787,63.797144142801294,63.88576461902443,63.37763659915054,62.79018896692299,61.72778306402685,60.28590771107044,58.03211902222383,55.08164623523348,49.59890061670615,44.09933123331294,50.39148305149052,54.96825902924358,57.57836932696999,59.67105969048938,15.314789170422552,25.10545010206612,23.117538610557546,9.030899869919436,21.367205671564065,22.87801729930226,20.827853703164504,26.127838567197355,11.139433523068368,6.020599913279624,12.30448921378274,53.14372900009328,56.669015626988816,58.70188460515611,60.80371390257184,62.128864424628745,63.18761403126835,63.914053381296,64.15789388517821,64.15738701837375,63.726110209535264,63.09734045054349,62.088732860877165,60.68561345548093,58.5932627067921,55.45229159177824,50.9530188695196,49.50194413907851,52.80077322611945,56.10537734400176,58.53191848054627,60.14188600873136,61.15316556254009,61.922598817965806,62.34106584923701,61.737158429643976,61.5513190146023,33.78942698613437,59.06441177734336,56.57715402868895,53.71180579402257,49.478746548976986,48.5033985458348,53.13413715156025,56.80235768364048,58.754004596514704,60.79251451314093,61.722715385175,62.47727832909723,62.68090286847914,62.75199368158753,62.69240373937392,61.60752065555772,60.7108334929986,59.36071180089312,56.89353263242253,53.40785070696376,48.15006281903948,38.50094594386701,44.01486701774169,50.704996364353136,54.43145594707094,56.867399156586906,57.83990715147211,17.16003343634799,12.30448921378274,20.96910013008056,16.989700043360187,6.020599913279624
18.69231719730976,26.60865478003869,12.30448921378274,21.70261715394957,14.62397997898956,18.63322860120456,54.2493551192798,56.4804466704416,57.81675686866851,58.85275257408304,59.59504075053144,60.05808754933976,60.14571777443894,59.9819043885407,59.551396067384,58.93011220996094,57.76308834539365,56.33392699935256,55.357307273142624,52.76712198106416,49.43266921586124,39.78271841610636,44.20961881120924,49.42271031757259,52.45060865329585,54.48557923486232,56.17957042300211,57.2304910037029,57.70089487047702,58.29027023001764,58.12913356642856,57.32998134375313,17.24275869600789,55.31066141184856,54.69764596979893,53.23773765380636,50.77284309179807,52.72400951902757,53.79533938274541,55.11471588291364,56.87929183773588,57.83429739884869,58.42202834419125,58.90736703758545,59.02325499103127,58.96099429262285,58.393837619270926,56.25133344745648,54.84427972912833,53.021685250121166,47.42607313928589,41.25936466966094,44.51433331837844,49.64580163616759,51.72281761455,53.9658986208699,55.599377304139765,57.354663557906434,57.86515760558383,13.979400086720377,16.127838567197355,18.129133566428557,20.0,17.853298350107668,17.16003343634799,9.542425094393248,6.989700043360188,16.989700043360187,15.68201724066995,22.380461031287957,52.01596471625854,52.78261884199488,53.62529596161941,53.83431150541419,53.40221953086274,52.99692482650328,52.25955072896014,51.283378685803726,50.42122475998276,47.90179569070148,49.87777951819497,50.26328938722349,50.30587579359617,51.62184905140287,52.75138523943827,52.909867875010775,53.29448730538655,53.554668456428544,54.23614458082383,54.04293076875512,54.05928331133011,53.69931667481175,53.21159150533603,53.28259289242189,53.1679618790363,53.588976080499855,19.294189257142925,53.34913939827125,51.90650997351671,51.44465231164928,50.55351569446822,48.46071009786408,47.35223519857252,46.62616190820862,46.55618583541222,46.47422093981311,48.600323953630365,50.9716356695494,52.2162285774879,53.11755979560255,53.68487711284387,54.26019758876151,54.29820082769765,53.596875315102,53.33086388111296,52.2152116806323,50.857613736674224,49.09582770688917,48.9846737982699,48.46516484483867,48.44415040473825,48.58837851428586,48.44899460000782,29.405164849325672,10.0,61.12216442500576,59.694201061645664,41.1965172203987,71.74214328563745,54.037191944157605,42.39999792886872,81.25846599267591,15.314789170422552,13.010299956639813,49.54753710847351,53.33946778463772,56.32588876637148,58.1838427001463,59.47908441292597,60.35197919177549,60.97828009233919,61.18665428392458,61.0809123558122,60.5760106895621,59.771220338485975,58.50764440301163,56.55661770900308,53.78179790380951,49.42628030974716,45.07869358892673,49.78915136195123,53.71616390024506,56.88264943488197,58.56683586092085,59.77798571760383,60.46559542841823,60.76394650092436,60.95328737906171,60.45169579232613,59.71414095701676,18.129133566428557,56.25428727518837,52.57606586392312,47.36850481163329,47.0988025857601,52.92125320173896,56.806038045703886,59.39096233533748,61.126083525593145,62.33270315062046,63.092666130055065,63.660275225777774,63.946332410057884,63.87713112979772,63.48788549558741,62.7137361699818,61.643591024409645,60.09264729696578,57.79913799850263,54.51657509193359,49.85534248378013,46.96268996745533,51.77897059918944,55.55677149249124,58.20129180562099,59.85571065132956,61.07609472482703,17.24275869600789,16.020599913279625,18.69231719730976,14.14973347970818,15.68201724066995,6.989700043360188,3.0102999566398125,22.576785748691847,14.14973347970818,20.96910013008056,12.55272505103306,56.259757355256674,58.98098512129076,60.62836470140873,62.12376201787115,63.06301691853015,63.751932241047626,64.106633742687,64.12507754438452,63.86793686379964,63.27018109437585,62.3295674273383,60.90977165401491,59.29661041253553,56.5769916511523,53.41018827556043,49.64622569435634,51.91747150382925,55.57691226777743,58.26433757516032,59.91320458012181,61.25467276963904,62.13371639473603,61.89120992363299,62.0292947125475,61.952269434006496,60.83658106683825,31.392492175716068,58.11181415751727,55.72185944268298,51.52361740065045,46.67751719421233,51.360416497679765,54.7279446669873,57.66299796849657,59.77391128489816,61.00986737002344,61.99323135524769,62.66499107750747,62.97307164300996,62.82215266870593,62.45216456947668,61.43884080874706,60.5498093837866,58.97398339278964,56.398946935548494,52.76657077889915,46.974821715611895,37.6774936734558,46.61471928766619,51.97583769035777,54.75492495308884,56.75518970275172,57.85000785714661,18.325089127062363,15.05149978319906,13.010299956639813,14.62397997898956,12.55272505103306
19.294189257142925,26.60865478003869,20.253058652647702,26.63700925389648,19.49390006644913,25.276299008713387,54.00714089020893,56.098610929805474,58.145172807926535,59.22541219945899,59.7907193733473,60.118934013670895,60.290865698803344,60.02531061404724,59.77914195882239,58.59499158373213,58.26298374392542,56.784837797786736,53.31038383319041,50.23766721957749,46.23352681537992,44.085113145752246,45.70075705321604,49.49633923799262,53.58349895088257,55.38836292001737,56.50148155427276,57.33590440675244,57.54080642190165,57.56600359242761,57.09898046057194,56.98191050473148,15.68201724066995,54.52720008557285,51.91252546290044,51.07209969647869,51.597145396313394,53.85570527725466,55.66410384773572,57.21854289691079,58.35468612492718,59.045364903482486,59.38801824881894,59.68658498794767,59.31085458647974,58.684381142055024,57.55787226015836,57.01613743296421,55.07804616527572,50.175550144148445,48.17565369559781,39.07948521612272,43.059529449605066,50.38655921230788,54.25013864067513,55.865535499028816,56.96213056642969,57.022460944697,57.259908103490446,20.863598306747484,21.84691430817599,15.314789170422552,17.634279935629372,16.020599913279625,12.041199826559248,12.30448921378274,15.68201724066995,17.853298350107668,19.294189257142925,13.979400086720377,54.61465510743686,55.009715724606274,54.36679356776786,54.37461993994192,53.72562218285499,52.84137344987012,50.90392095527855,49.191251819958055,47.27297202803587,47.4999125350213,47.97322949670024,49.76166500131975,49.40436790560034,50.465458875923005,51.5275908459267,53.6886865426512,53.978357654866976,54.25462484254102,53.22028990700777,53.4514034486591,53.45557997021335,53.69150893975292,53.6972409276646,54.07044010293727,53.7756849740024,54.0193962738169,0.0,53.205886670635536,51.71858038105655,50.36569016076008,49.89987902552932,47.10125830808679,45.74285979115732,46.20063145703664,47.432588362327,49.661417327390325,50.652995548551246,51.91856055256292,52.47334850657456,52.93126004247515,53.01648424774528,53.0525676034425,52.57296899895552,51.12688769397097,51.14934416491981,49.72059284496903,49.0161631699433,48.6683650719143,48.8482367427016,50.06902256967731,50.51461244324184,51.7812766131521,51.8541748623047,28.524799936368566,31.29045059887958,61.12216442500576,59.694201061645664,41.1965172203987,71.74214328563745,54.037191944157605,42.39999792886872,81.25846599267591,10.0,0.0,44.712036694702526,47.854010249923874,51.442160394166365,54.691088934285794,56.94948988959733,58.95068777986527,60.17953152372481,60.85580249163492,61.43741868896655,61.382423665242094,61.34019559565921,60.67704530456558,59.676265913799455,58.16642257076816,55.9947368211542,52.24338790859655,45.78008509573256,41.80727847744507,49.6759477267189,54.574352669034944,57.2426030027425,59.14269622352333,60.24254502413616,61.01910934222988,61.30273284755597,61.25301980565027,23.59835482339888,59.78219332270048,58.21254708733108,56.22741282467245,52.8913614069344,49.832924330659296,51.30967054786823,55.070593848021154,57.861300502718926,60.27757204690553,61.69726734304511,62.68011569100086,63.38374607430201,63.70213217427696,63.77060251229216,63.46059628812945,62.780254333009566,61.83970130403285,60.24818034371198,58.01750732486313,54.80548753915918,49.79935152433112,43.626520879077546,49.543679541707306,54.60957948559966,58.00147724492848,59.83330794216385,16.020599913279625,17.24275869600789,26.85741738602264,21.367205671564065,17.634279935629372,25.158738437116792,13.979400086720377,25.289167002776548,12.30448921378274,18.06179973983887,19.294189257142925,52.70655548952985,56.070827644953226,59.243604501838746,61.08342069267604,62.50226722660531,63.28290288629495,63.84737710285607,64.11027112708996,64.21815758265423,63.70611705993386,63.381904565719495,62.27742001341753,60.35509785089559,58.17053433353955,54.825606074030055,51.2769102418364,48.35424207076886,51.75619069115655,56.53506769215551,58.85126479246238,60.40642287040652,61.58154041044837,61.576531686825,62.27055868279322,61.82019841447935,61.757187642209175,29.916690073799487,59.016244876172514,56.42299278836632,52.74988681770685,49.38299520082883,49.27185517544893,53.89609016051986,57.02321087339351,59.24974118119263,60.79012200216116,61.72351855116069,62.35958740702176,62.53882954904354,62.778571153741176,62.30869727624054,62.0451636685808,61.07128531797475,59.038108600904366,57.55329740806012,54.35699470856332,49.661417327390325,36.53694795315082,46.32710303832954,51.92759749135877,54.95491608497936,56.4070101321612,57.578149360556,24.23245873936808,0.0,22.944662261615928,13.979400086720377,10.0
15.314789170422552,26.60865478003869,19.86771734266245,16.532125137753436,13.979400086720377,16.127838567197355,54.35973297918273,56.628569528053546,57.73901218086189,58.80882731030169,59.55014866423144,60.107581838924105,60.1231744698804,59.92890925879937,59.5437036621434,59.20397283858871,57.81701533156203,56.42207230911346,55.607731525501976,53.4179051989268,49.95042570695854,43.08350948586725,44.89255168369261,49.20384242178358,51.51290155874926,54.19182247080676,55.61531885339303,56.918918314607694,57.546762265719295,57.84943782150084,57.70748946485682,56.95748650497487,13.979400086720377,54.57259517076744,53.64382122338207,51.96886067196834,51.03865270142923,51.933389087700654,53.65506704077209,55.54616340600595,57.21939977791674,58.46755120399942,59.08185735137099,59.56530511840018,59.61867025499326,59.49901587139549,58.97673266983017,57.21698524753309,55.41778873682067,54.37231952947496,49.06087110674494,41.4813973650122,41.608285431445466,47.5100951133749,50.27757204690553,52.73781143377944,54.94923671778872,56.937709036306224,57.28829216207387,12.30448921378274,12.30448921378274,9.030899869919436,21.13943352306837,13.010299956639813,10.0,6.020599913279624,19.030899869919438,18.129133566428557,19.54242509439325,15.563025007672874,52.532240850253615,53.55599005778173,54.8311352216131,54.85792383835207,54.404115614871685,53.69648080780284,52.96851589804702,51.87873089603788,50.707100405962834,48.337397966887536,48.6617505797028,48.54991867500404,49.537258743835565,50.91118028327024,52.07607441911914,51.48584147544633,51.78286128777568,52.35561270250082,53.79104190560546,53.63856319295069,53.81115080709851,53.77721401329459,53.46059433052574,53.73004004767274,53.87006980127157,53.89529321679453,17.16003343634799,53.5617314796287,53.29572782429504,52.75534780162666,51.43717226561797,50.47048897575721,49.36639388214444,47.74495067975732,46.809244488059925,46.05832775740528,47.80461332861718,49.88010168594616,51.27600389038355,52.46267092347828,52.92256071356476,53.28448921908232,53.35854903045835,53.07431851719747,52.12520524682356,51.00770187849129,49.49604660972975,47.750859201018734,48.63108634672187,48.40990100535698,49.00940346685067,48.77256133113586,50.36389328665692,26.884198220027105,21.73186268412274,61.12216442500576,59.694201061645664,41.1965172203987,71.74214328563745,54.037191944157605,42.39999792886872,81.25846599267591,15.68201724066995,16.127838567197355,50.10723865391773,53.5581535511577,56.30261041356947,58.11845685344536,59.45453320545038,60.32277798533816,60.867135298144206,61.13585747352573,60.96708801199785,60.503058851119135,59.56976695474803,58.20695918814327,56.1347817258609,52.93716034826109,47.275493898078736,38.180278418592565,48.21651065962116,53.591864005344405,56.63705635716403,58.51802405105485,59.91137878368179,60.67684463404646,61.06003127191149,61.06003127191149,60.83454601119139,60.0087855708672,20.681858617461614,56.7768814724958,54.3757617601409,51.06394903130426,49.9607803684946,53.560909008348425,56.95371337666891,59.329250745962696,61.04704545540343,62.15697033653066,62.96697870788367,63.546991389420896,63.76222077450304,63.7151117073,63.273855021772754,62.48247251633898,61.39692740389896,59.70903104991321,57.14432033274869,53.67260850455353,48.06790271584067,43.89609016051986,51.64335007699258,55.921545422761966,58.44259663390165,59.9289004295492,61.15689043652257,24.8572142648158,23.180633349627616,24.16640507338281,26.28388930050312,12.55272505103306,21.33538908370217,12.30448921378274,22.30448921378274,21.73186268412274,13.010299956639813,20.043213737826427,56.52056718948163,59.01834147683622,60.66079071573742,62.072736967047,63.07742852412542,63.79453642212508,64.06892412178495,64.15633641524937,63.81287861229262,63.24945739861686,62.18156448102333,60.75777550680595,59.20512033763181,56.44739832158676,52.38798562713917,48.30870836339318,51.74458140360031,55.66896882378651,57.75497582302813,59.76262836204536,60.80754159388313,61.84710732365652,62.36932078343746,62.16317944739431,61.943469744466135,60.82982373289455,30.96910013008056,57.595054259510015,55.978629491140815,52.20455907553205,49.56571791072236,51.499730829633805,54.959603948817055,57.614083280163335,59.74449975244491,61.195821475819415,62.07774622125898,62.66808177437775,62.840411605833495,62.84532245365378,62.43130605589438,61.57418081864468,60.30645456068956,58.91650058588024,56.46476265969717,52.45280653115509,46.71589343395642,37.88521887222473,46.422666189026735,51.57471879022413,54.68266077245367,56.9237889767085,57.819864583251984,3.0102999566398125,11.139433523068368,19.86771734266245,16.989700043360187,10.0
16.020599913279625,26.60865478003869,0.0,18.63322860120456,21.64352855784437,14.14973347970818,54.499795156735104,56.55157650956245,57.82957530526007,58.74779169911853,59.5326327861909,60.09504010760162,60.15778756389041,59.89849220474454,59.54219829024165,59.28974184897199,57.78794976552835,56.53694795315082,55.36419547127734,52.67887137846223,49.63712291301899,44.987101965211664,45.50008091556634,50.45655419363592,51.77276711258586,54.2696158800138,55.7687093556865,56.70930162654727,57.69879281205094,57.75742936757146,57.67076423757637,56.96814035465992,21.13943352306837,54.8712281415833,53.3475122139647,51.31236804915504,51.48115033659644,50.99269627575791,53.62670929725667,55.553036821385405,57.05830369498513,58.44346059910062,59.36781575336225,59.75130685213049,59.54001650498959,59.52804546957971,58.82263199618895,57.280906903627454,55.629075805674766,54.49739051920895,49.01529154117124,40.9711842434465,38.06858029518818,46.5022979009398,50.25981364088429,53.11433848223054,55.014769156405976,56.84077489445805,57.235254490966526,18.63322860120456,18.325089127062363,6.989700043360188,19.912260756924947,18.129133566428557,16.020599913279625,14.14973347970818,13.010299956639813,15.314789170422552,6.989700043360188,21.95899652409233,52.5894840765209,53.26376830173808,54.92302113269582,54.77497480263115,54.52908319368988,53.62718030694413,52.95217324603004,51.54149979881548,50.5032174332882,48.6690141665711,47.38788483493848,47.419784142159706,50.18821119270242,51.427460169136666,52.381590552118816,51.03557436942103,51.6867422956708,52.082047950273385,53.843103948068986,53.38269188626322,53.54801603859873,53.70046532265021,53.34847654492417,53.86650540866405,54.192020976691,53.486260831921925,19.912260756924947,53.23384122130609,53.88522142318432,53.16879942034642,50.82257435606511,51.169595526406994,50.012013326362506,47.36316807904109,47.077830133881086,46.23766000133931,48.32061614590727,49.75473167919027,51.3433651094868,52.61170050738736,53.286323585864224,52.91424354890523,52.79084909810923,53.38017993470888,51.34208992932084,50.30296054911111,48.81618576334797,48.406078790092906,48.71316018745736,48.61325277888098,48.97764504511617,49.05714948389766,49.66315415797497,23.69215857410143,25.158738437116792,61.12216442500576,59.694201061645664,41.1965172203987,71.74214328563745,54.037191944157605,42.39999792886872,81.25846599267591,16.127838567197355,15.68201724066995,50.15728497610436,53.64303292453079,56.45077251426443,58.23086059929635,59.59539828969727,60.37283037538991,60.81140194307484,61.05012590058536,60.910071025962665,60.63710434579433,59.49948374717448,58.10813653353996,56.14189329727963,53.02921565722674,47.30620797887283,37.641013764762285,47.93063625395939,53.36957786062101,56.62237310612598,58.53077347507599,59.89627770745151,60.76022600001468,61.016621995639625,61.27883561086208,60.806048438003664,59.82970065556611,20.0,56.60053974056262,54.38297049488551,51.055783040520375,49.58516103423041,53.70152106962657,56.86454828527019,59.26443290033453,61.13765923475719,62.09212779845032,63.04094829373157,63.48990234592297,63.84911024945047,63.75482543993329,63.23198661125933,62.60890048453451,61.24971198907559,59.87389157424998,57.098844937566575,53.62529596161941,47.55112266395071,44.29945974117818,51.69445178907751,55.84459005766385,58.57422361963286,59.8529037082681,61.05139769514179,16.989700043360187,13.010299956639813,16.532125137753436,18.129133566428557,18.325089127062363,19.54242509439325,16.532125137753436,21.70261715394957,24.424797690644485,13.979400086720377,21.64352855784437,56.62208006852762,59.044959087287054,60.84225841449364,62.11705616538372,63.16655444591795,63.747116951402646,64.1043202184006,64.08077753176332,63.80808167163688,63.36075303197319,62.33182994585271,60.72939587401818,59.247805034473245,56.10737860789138,52.34284382541024,48.75437488935152,51.97583769035777,55.723661796059226,57.832745398183775,59.81903736848109,60.978987306760814,61.56088870325376,62.31442318735485,62.052877491473446,61.84749616703135,60.76743817479531,32.347702951609165,58.89419366360572,55.8230545438893,51.8499788348131,49.611457162877606,51.39743741670912,54.75171244148272,57.84841156875324,59.85194668743023,61.3721639412969,62.16545908662437,62.61359235779659,62.855188283618936,62.70259475526625,62.41426933553016,61.68271143574464,60.31848595557883,59.09347389418558,56.099719852088285,52.7408854142271,46.81711468401807,39.56648579205204,45.77778936695224,51.44515052361274,54.7915045253866,56.96120389995245,57.8764817952426,19.294189257142925,6.989700043360188,17.24275869600789,19.54242509439325,20.0
16.989700043360187,26.60865478003869,14.62397997898956,18.06179973983887,16.020599913279625,16.532125137753436,54.518294024640994,56.338722626583326,57.65851024393836,58.74973816632741,59.46880452941761,60.02399783247768,60.15847852714227,59.88851806246587,59.563960871507,59.36622805059656,57.8866038705354,56.75848885891865,55.89835709691052,53.54932048547219,50.43161788143642,44.02037727716252,44.52399845911441,48.99174597304767,50.90927852581608,53.927690366446434,55.48993447350324,56.613364983752696,57.52424929361883,57.75733474615219,57.72157347984261,57.24238174481605,20.37426497940624,55.35370083279165,54.245173949465205,52.49584768693505,51.62803292382674,51.10737816493455,52.46143909904792,54.78118985077457,56.387297994545065,58.12128244763958,58.93564815056909,59.29754480136855,59.52351630801023,59.34197876071288,59.06574753608412,57.56448963827346,55.94211280247649,55.02790245906347,50.05223424858136,43.32620219565641,36.85741738602264,44.49030760400415,48.63114586806197,52.11475630777471,54.435008061566336,56.805938372555744,57.35072477722707,13.010299956639813,19.138138523837167,16.989700043360187,16.020599913279625,13.010299956639813,16.901960800285135,23.89166084364533,10.0,17.853298350107668,21.73186268412274,18.129133566428557,51.50046870935592,52.65518265799378,54.34380455989701,54.61614063158808,54.43575879750257,53.671564352626326,53.02127373105344,52.12605711260012,50.93088832030589,49.30786076526747,48.829853399713,48.485708818836,50.10367809851715,51.18205184303016,52.05258512004059,51.07379582804448,51.74745759344219,51.85102822181722,54.0316858272777,53.48382756417916,53.89238756136076,53.72037012466169,53.12611011052788,53.68258985002859,53.6460727177008,53.62060038620692,23.820170425748685,53.3872137229016,53.91630128010984,53.56777091362424,51.829450693524365,51.5478902873875,50.67992799070432,48.73122885967887,47.64220979762992,44.74580452342379,46.54773166417917,48.374369137302,50.52374546898251,51.880871901421344,52.82454434233462,53.08269804377776,53.31987771869685,53.86780675100929,52.55204942928927,52.03190684659421,50.74439742544225,49.388648221233055,49.743504718634526,48.87757916973488,48.04582364022804,47.06683651763288,47.96088428680669,13.979400086720377,14.14973347970818,61.12216442500576,59.694201061645664,41.1965172203987,71.74214328563745,54.037191944157605,42.39999792886872,81.25846599267591,10.0,11.139433523068368,52.881955504346,55.564243274081605,57.78010081735877,59.224991715788846,60.229876857139686,60.66455635157163,60.875329757340936,60.86489743607508,60.32039853036093,59.676158294307655,58.20714294232707,56.2569306365182,53.34150040967789,48.44427468239401,41.30976691605617,47.67192983682469,53.028502127023096,56.02070848554296,58.19528800773483,59.54960431814442,60.48467440929457,60.9144922830245,60.87506348508823,60.716555999055366,59.97350118857032,58.69603058778253,20.96910013008056,53.9551684666921,50.9665978731456,49.4984358304026,52.3059451335668,56.17218482588103,58.92550928862525,60.68454892503255,62.12064492446384,62.84729560981272,63.4304150418393,63.75526263757252,63.87190610357126,63.51683854889277,62.88031352792228,61.88592443167959,60.417561559426645,58.41004505588159,55.43541608672453,50.39691661649026,43.99500661314611,49.01093077134063,54.46122245659133,57.59717691282499,59.51715297512144,60.6094324180168,61.46902250612988,20.863598306747484,3.0102999566398125,22.671717284030137,13.979400086720377,20.043213737826427,18.325089127062363,14.62397997898956,11.139433523068368,21.072099696478684,16.532125137753436,20.644579892269185,57.95532442710154,60.02595390486646,61.31698523569085,62.64129251121779,63.40867692369255,63.87981771937933,64.17646040308415,63.98976387482481,63.57079511828368,62.97394981101582,61.74017045212008,60.14447030086238,58.25536462585478,55.02417559937786,50.73472730436164,49.52913467005278,53.40208064202531,56.7886422013453,58.68540994643504,60.28488696363362,61.37858385113997,61.986405944457566,62.38196699379014,62.180124089890185,61.69810754096026,60.371650456974415,30.10723865391773,57.24980820826296,54.49290138400403,50.316548312275664,48.64985460659794,52.21448145397105,55.93374689504573,58.28692113031897,60.23766721957749,61.52988767258877,62.15827046830477,62.71351762065386,62.98809426529586,62.79005190288628,62.36571771917979,61.38234469092082,60.18507435990513,58.82239848018824,56.074217796486906,52.039923899107634,45.74841195063384,39.56648579205204,46.71589343395642,51.86193249920351,54.980968007359,57.104634775338624,57.99109553665229,20.043213737826427,21.13943352306837,23.654879848909,18.129133566428557,12.30448921378274
15.05149978319906,26.60865478003869,13.979400086720377,17.853298350107668,13.979400086720377,17.16003343634799,54.59479941036628,56.53757452595905,58.03634621137648,59.08785168110455,59.68075548078023,60.098913410486674,60.34959565130968,59.86973164367881,59.67623316032339,58.605134859878135,57.77743546083595,56.35026089118898,53.68896515026818,50.57856208741888,45.29558673021163,44.52537743929398,47.160033436348,50.62544381346464,53.44961788789682,55.44654566089622,56.39576127960717,57.35862270520302,57.93600426595543,57.73901218086189,57.35193954897105,57.264207318226575,11.139433523068368,55.15493669689612,51.79566152517743,50.633558801214,52.51699041746807,52.63655001994769,54.979022629859486,56.842608244186536,57.8597012513201,58.94083896828575,59.44532020991981,59.57905971269484,59.16269663312515,58.50475301463364,57.41614809370252,56.4512444954621,54.45587080214536,50.351254253194426,44.10574796542328,27.98650645445269,46.39257328519408,50.3612165625228,54.35801380165785,55.769457162368575,56.9782978872771,57.487654097947456,57.8305845475268,16.532125137753436,17.24275869600789,16.127838567197355,18.69231719730976,10.0,0.0,12.041199826559248,19.138138523837167,16.989700043360187,21.84691430817599,20.043213737826427,53.40816773916166,54.135629439118645,54.45960520992436,54.16447444662551,53.467616449341975,52.21972071738304,50.641621189487005,48.64469548179421,46.76593024518753,48.882300556623576,46.40163301633861,48.75923205849454,52.08035359382124,52.98909814695876,53.33108574137177,53.36477745688549,53.76797697723031,53.70150254996141,53.76595204340475,53.59556609902519,53.88451126079516,53.84756513257574,53.56167410296561,54.06753017724128,53.75085388966766,52.73093911672003,23.54108439147401,51.60435515079705,52.41964636293325,50.80987046910887,48.59738566197147,47.88860992147978,45.97804842404293,45.98921759818636,47.47668113597953,49.69946806304058,50.91051124134179,52.129782061977,53.60125547266676,53.89472641227064,54.09278653929999,52.81762642183969,52.10513814770457,52.24846304606369,49.91226075692495,49.079324164503,48.63584547800634,49.19606249919717,48.70275119627895,49.68492288119787,50.51912355258289,51.4680376825898,51.54314396563775,23.654879848909,19.138138523837167,61.12216442500576,59.694201061645664,41.1965172203987,71.74214328563745,54.037191944157605,42.39999792886872,81.25846599267591,6.020599913279624,16.020599913279625,42.10612766352898,47.05179244873676,51.213267135367545,54.56677216612582,57.17287622663004,59.064050836537874,60.20396091115784,60.965627860877525,61.412226893452406,61.63110366242308,61.31549697785084,60.734353253676105,60.0225680037738,58.651021971703074,56.50194805687204,52.488581287603424,47.31830420288162,43.6167118521656,49.92686039162128,54.45993181787647,57.11604792206309,58.99352590776999,60.07106101237345,60.934448002211184,61.2121995703458,60.88628246493477,20.37426497940624,59.3378734340994,58.04030333677011,55.79751594791746,51.53476439976227,48.945375849957465,50.73076513140031,54.97360962100294,58.1211418809589,60.25319385542902,61.6822987097341,62.77632360781023,63.50238711924124,63.84828494254975,63.90822988162199,63.49948756149847,62.9367054039446,62.04872017782513,60.46042294335376,58.28532295733369,55.13676963166378,50.32924834609421,45.59236121732808,50.25441049108969,54.94245062612022,57.66211269851393,59.655074345703255,20.644579892269185,17.24275869600789,9.030899869919436,22.85557309007774,22.380461031287957,26.19093330626743,25.158738437116792,17.853298350107668,6.020599913279624,18.63322860120456,10.0,52.50795577786812,56.202912068195104,59.08313948227678,60.99740361124915,62.28060387672138,63.29539840956579,63.919242066449485,64.13287187804127,64.11734492667152,63.79714595443255,63.26081970285517,62.18395269002247,60.43713109104705,58.218801984752,55.36680886253231,52.14157438387458,50.22036380699923,53.51688106182021,56.2774672149073,58.84249746796776,60.3389398651317,61.55767384344473,62.062385070914274,61.99654543072954,61.91357382331444,61.6656982347229,34.74216264076255,58.9563522089814,56.63898715139871,53.86793151677547,50.78282775378547,48.35975780765118,53.16758493274417,56.912804613207335,59.10116719995479,60.76538501736258,61.93466609751795,62.48386263095925,62.63495225471037,62.70579391117309,62.46849518293792,61.87155082774608,60.88170476371543,59.13737579338334,57.23088542170353,54.21110129793434,49.27626962444954,40.76166939344933,44.7111561002987,51.45289659054146,54.70248739825372,56.67644373856798,57.89147611846592,17.24275869600789,15.314789170422552,19.49390006644913,15.314789170422552,11.139433523068368
19.294189257142925,26.60865478003869,15.563025007672874,18.573324964312683,12.30448921378274,22.27886704613673,54.68579187672304,56.76035726885825,57.760281599401495,58.89195217257183,59.61482792724732,60.04551789719563,60.07096274463541,59.85577350608473,59.38769822783118,59.04781522741033,57.42393590191789,56.04369713813777,55.11371259830531,52.37385372742566,48.53759033074769,43.29702897153215,47.11140518247311,50.9083978004538,52.32940232653732,54.94357774029256,56.20786488646188,57.16500826883856,57.90828923377457,58.12267448149545,57.82593722409051,57.09978504132793,10.0,55.036327290703866,53.55313566137529,51.80039810927176,51.94042327886423,52.11486305665649,53.79040689655494,55.9199122626689,57.14606345743655,58.48093623309517,59.0387101434544,59.24182593074684,59.31732904560082,58.898175060383416,58.11712376686988,56.20048562380731,54.25314083052356,52.181808879554666,43.91217483239402,35.34660575828445,46.19364679890118,50.03774937097418,52.63778049022622,54.66578488553941,56.23436410321919,57.73070072829079,57.90724866897473,10.0,6.989700043360188,6.020599913279624,21.13943352306837,13.010299956639813,16.020599913279625,14.62397997898956,21.73186268412274,15.314789170422552,13.010299956639813,13.979400086720377,52.09582030125189,53.10780374881432,54.19959051096835,54.14914881316756,53.598373788182,52.64146981069644,51.88253327026504,50.53143774907218,49.08967300418388,48.2473095019008,47.74611843234153,48.62328198964463,51.880871901421344,52.905020614535175,53.79573808906408,52.4107806659753,52.8425246731943,52.9877450346647,54.42730552661371,53.90774423731845,53.96661302274428,53.57913893691045,53.41563112106319,53.68472838440362,53.41729230385448,53.13436929246579,15.314789170422552,52.330900703783136,52.47482260677054,51.70851134095514,48.979623031986456,48.82530229850502,47.42732984660128,46.01723282613001,47.15083670694927,48.24496811639317,50.14755682931462,51.67677620138803,52.84198295905519,53.72236112576395,54.19711285846205,53.41563112106319,53.07720614914806,53.7454672793896,51.299636562735664,50.02122846225162,48.64570406853431,48.09566447830854,48.617732967186924,49.05180418746312,49.61558717504052,49.50875774808146,50.63277050917628,29.074113607745858,10.0,61.12216442500576,59.694201061645664,41.1965172203987,71.74214328563745,54.037191944157605,42.39999792886872,81.25846599267591,9.542425094393248,14.14973347970818,45.334797197259846,50.55684064919413,54.336754465990495,56.89268003324304,58.70368785706904,59.84277465906728,60.66583070843649,61.19534659087636,61.35570860842354,61.34103762374289,60.69863744301781,59.82354917142299,58.698633347509286,56.60457542748348,53.32286935410293,48.54214921512205,44.59060608254322,49.53904593413459,54.10277718390674,56.813317059691656,58.67107292494957,59.96375058050074,60.53885174013004,61.09748924290466,61.01664948791746,60.34858174935234,21.367205671564065,57.95221475307561,55.98949099213048,52.45228803101548,47.5743398993827,49.75799309679408,54.3207092726408,57.43824788319834,59.86818742980355,61.38885051779347,62.47928607797001,63.274235117290665,63.85634868178379,64.01968543467677,63.77456515735552,63.17328170777196,62.2952058343536,61.10571193473109,59.20909772537368,56.6433071366542,52.91113438626233,46.97891616266296,48.44415040473825,53.60252508193671,56.85244477873106,58.82212507964661,60.2505422934819,18.129133566428557,23.69215857410143,20.644579892269185,23.443922736851107,21.70261715394957,20.827853703164504,16.127838567197355,23.873898263387293,14.62397997898956,6.989700043360188,11.139433523068368,54.70923284846152,57.8217008932532,59.75063996095236,61.48153631232152,62.69572713968999,63.48657024586591,64.00364064095521,64.09276961516412,63.987487800453394,63.6603144879316,62.71195490502451,61.48037828222122,60.0698303689688,57.71055125624281,54.220544381526594,50.25129653457866,50.85451134018093,54.46725072169752,57.0378387250511,59.29633465282292,60.5705492367272,61.33603409084139,62.25294029449448,62.131930436743176,61.871923377715504,61.13392785769118,28.432327780980096,58.369447258379154,56.09645625210409,53.75943300958664,49.193134894330655,50.81696475568455,53.66721723757252,57.26645720240912,59.422149760610864,60.992126075856845,61.88046631828221,62.616610472792,62.80925348643337,62.81212732478884,62.38340219198292,61.61646460441141,60.63669553644917,59.196741839602815,56.591029187387576,53.06598710609152,46.99013431612882,39.48119424380536,45.13164309131998,51.219404646496216,54.51534686618153,56.96574791796473,57.793309277395394,20.863598306747484,16.127838567197355,16.989700043360187,16.532125137753436,12.30448921378274
16.020599913279625,26.60865478003869,6.020599913279624,12.30448921378274,15.563025007672874,17.24275869600789,54.55846391208415,56.58744782479309,57.61922578766927,58.82142441218826,59.58193452214381,60.02232605265456,60.18131466506113,59.94208455444007,59.527207809633104,59.19139307886145,57.77200553308518,56.54465333520146,55.32259944395751,52.66824153769093,48.81618576334797,42.73649334723605,45.5942779975949,50.24424090392274,51.80186109983532,54.55642619165029,55.9125276053834,57.124207108431776,57.984248088426185,58.08608612679748,58.01481917147314,57.47835795466644,21.95899652409233,55.53176420312397,54.32167269442588,52.43067827858351,52.17423401975508,50.91051124134179,52.944662261615925,55.02499496366886,56.54385453712675,58.12159703277309,58.89971959859854,59.2151012132382,59.197692737680754,58.864207812083286,58.28559365703147,56.5756446387087,54.45456300042117,53.31904859018096,46.32760888479439,34.9982449583958,43.38157564271772,48.42914885331417,51.977545764921175,54.18541578650475,55.83222585806999,57.46108524697199,57.88554396251715,20.681858617461614,11.139433523068368,16.020599913279625,18.325089127062363,19.86771734266245,9.030899869919436,12.30448921378274,6.989700043360188,19.54242509439325,12.30448921378274,15.563025007672874,51.0792190018628,52.38798562713917,53.76885233195964,53.862634730844576,53.779342849881495,52.81544669594331,52.07715133805567,50.88097089077677,49.84185143553284,49.37287143127485,48.1838427001463,48.66387776533269,51.75931988544272,52.82397771409272,53.26436228715059,52.25249820672878,52.839160438282846,52.7983114201034,54.32228275103335,53.589774251757134,53.79655351072603,53.76454680473549,53.1089077056197,53.39320238717384,53.3256973840392,53.03632293404996,6.020599913279624,52.35674870360508,53.002410349807256,52.17497104453355,49.93898937429586,49.98350896885445,48.37234798784421,46.04009932412231,46.32467415481234,46.61973505565725,49.017034623814624,50.61426088863755,52.52331078830706,53.576795287172246,54.08872285400405,53.57852932860404,53.45036359594995,54.313283757594334,52.3624746722859,51.460690917129774,49.78025220906136,49.11184251755961,49.08190027401012,48.72505899345925,48.427652081817854,48.53728623490196,49.001485607193445,24.60897842756548,17.16003343634799,61.12216442500576,59.694201061645664,41.1965172203987,71.74214328563745,54.037191944157605,42.39999792886872,81.25846599267591,15.68201724066995,6.989700043360188,49.719110500558095,53.46043771936955,56.16698118087197,58.04801618356993,59.67183259108302,60.42410110428381,60.9462553253526,61.11124337630628,60.9996949930289,60.76547604667592,59.61315236718866,58.36428561731624,56.79828389439365,53.84890796530554,49.96389071730994,45.45752318433979,49.57305522351727,53.77410075844122,56.51560988727813,58.46713090426225,59.74759395606391,60.541735590860704,60.89471306541572,61.00575924730986,60.543080988300986,59.533271142339295,16.901960800285135,55.88589886086006,52.86353160944686,47.951985091542895,46.83812235741294,52.91823777582974,56.799409331769326,59.26557482353945,61.076420134007634,62.255268914566464,63.11885400583706,63.6211777065125,63.99039638739705,63.92310839814292,63.48098572870747,62.724294800919935,61.55829273726941,60.13134382834732,57.55131347455767,54.51728116448673,49.81587586209935,46.5349230229706,51.954457573716006,55.8539981120498,58.31400047372448,59.74767680620995,60.870630317108834,21.13943352306837,16.989700043360187,16.020599913279625,25.01059262217752,21.84691430817599,18.325089127062363,20.5307844348342,22.14843848047698,16.989700043360187,20.5307844348342,13.979400086720377,56.23166559760084,58.84056945531971,60.68886848341605,62.00842293457874,63.10534006424143,63.72754450634096,64.13372866960839,64.0984524162678,63.83364506643283,63.296461800585945,62.33163954359219,60.965627860877525,59.19482373585792,56.50728982557536,52.99117064664173,50.37179397768975,52.613509086124864,56.12364189104116,58.020303432779016,59.91281466864294,61.14254596487352,61.93847819973557,62.3276493309769,62.20003426156936,61.83478255019398,61.35997832665399,35.477747053878225,58.47326448031264,55.5669921641939,49.59732849272186,48.58837851428586,50.52093438920491,54.54271517772536,57.79585669831928,59.60132914402738,61.314627522316094,62.09345821208036,62.654652414833095,62.804809390843616,62.80748139950661,62.40888813653719,61.60849234765453,60.39739618873587,59.08414775448776,56.206367150701055,52.78149740577757,46.81711468401807,40.06936451364293,45.66154548823162,51.32061072897837,54.61091654134616,57.00421593654565,57.8206035044592,18.129133566428557,11.139433523068368,22.09515014542631,14.62397997898956,12.55272505103306
19.49390006644913,26.60865478003869,3.0102999566398125,20.96910013008056,6.989700043360188,24.23245873936808,54.52099383077264,56.70640065461623,57.83574876850417,58.9416647122255,59.60537843026032,60.12383719492044,60.13838320470484,59.98041700620851,59.54999452005193,58.858370997775765,57.625802925458565,56.34099239251701,54.46692466371527,51.31811071270342,46.90355587481474,44.79431337197737,47.31951197433386,51.1271892187272,52.87015258638894,55.19234533780779,56.23253426516128,57.08497383621435,57.62301861834933,57.549786754914926,57.17567325007924,56.63287159416528,16.901960800285135,54.38577154235098,51.43520661687525,50.12014237418042,52.19283192112123,52.39352041848636,54.94222795168214,56.86594267559195,58.06991481731868,59.1085749550695,59.68365719921878,59.886004224419615,59.564340183303806,59.02995517668218,58.15839308727391,56.31318942147532,54.35385631086191,51.8343213981603,44.317817724291245,30.83860800866573,45.98801446032945,50.01287942961287,53.55244572706607,55.21536875904269,56.42980618293695,57.28037078072222,57.42341714895045,11.139433523068368,15.05149978319906,11.139433523068368,15.05149978319906,22.380461031287957,10.0,18.573324964312683,15.05149978319906,15.314789170422552,19.030899869919438,13.010299956639813,53.69664767477921,54.25972532332373,54.87671367565848,54.619215102415886,53.89676302135207,52.67755872275365,51.32275703044142,49.58167151551241,47.39160795907085,48.17340562338515,45.58768551816584,47.55364068918141,51.95935611610082,52.5007340439791,53.27567345722923,52.32001937424941,52.98460069461452,53.21689546119752,54.006174157117,53.535892815794845,53.9657766380726,53.808350917444805,53.46450777509695,54.196402337317686,54.173753571658224,53.04770488523259,14.14973347970818,51.87625051783121,52.74180949419634,51.82306207948067,48.57266140816462,49.125621295547575,46.86859614333764,46.210307999287096,47.67341422368662,49.34589340577275,50.53543235672788,51.65837624690128,53.00571573125141,53.6188641895847,53.66841172844531,52.10652875437407,51.24598768146196,52.18212421217715,49.20874340088622,47.93350281508317,47.657355933297055,48.93789493898054,48.90023991711799,50.27859044175579,51.03601915222394,51.34871678127757,51.806906069930186,25.888317255942077,27.61927838420529,61.12216442500576,59.694201061645664,41.1965172203987,71.74214328563745,54.037191944157605,42.39999792886872,81.25846599267591,6.989700043360188,19.912260756924947,43.7520622109933,47.18642832395713,51.4096660689554,54.69777848191772,57.01085935677082,58.8819747210173,60.1224525332617,60.79008217615216,61.27735040144546,61.47837338820007,61.176159422730485,60.56979513092447,59.84939809654969,58.3434248547972,56.13133270216154,51.93272122062051,44.985862088175175,40.80085085045869,49.781120108276575,54.404761453941816,57.408590806648505,59.13949415842433,60.16531940957265,61.10176091984727,61.31005600779044,61.0632011210564,22.85557309007774,59.56627943728531,58.379329596674935,56.41333289007988,52.49526095446815,50.53712127760186,51.72605849845765,55.17705136266773,58.1360767250921,60.11234126346572,61.544778381155886,62.61972627697617,63.39722070507817,63.74019512732524,63.77231372536301,63.29677893755603,62.76715642887676,61.85701338657972,60.22658036969092,58.16231354202741,54.71681813951739,49.61753214186783,44.58320509318077,50.386241353485616,55.05402338652394,57.73219445008513,59.55804123717789,22.27886704613673,12.55272505103306,21.13943352306837,13.979400086720377,11.139433523068368,13.010299956639813,9.542425094393248,22.380461031287957,18.63322860120456,6.020599913279624,15.563025007672874,53.04518531971104,56.29141395531967,58.72614226464528,60.91762948924612,62.20038229032166,63.23240958982692,63.94912348948915,64.09888001677399,64.05724985942872,63.72801022870736,63.17971455257816,62.1049295182942,60.60993815018761,58.38200311721687,55.43627322114551,51.44502597597992,48.91230722978062,53.1194448508462,55.85938754281659,58.77557925695197,60.21323702752935,61.45494745066455,61.89839405638211,62.25185438440918,61.969826540449525,61.89586875233825,23.117538610557546,59.15599258816137,56.60098622453226,52.03372896804177,50.54559434644244,48.42390789465956,52.99169406905682,56.73111260487846,59.02160144964131,60.777667641972144,61.81411936221937,62.41540504025858,62.679715019100335,62.76650417056661,62.45790182136286,61.660136783678354,60.74835815303522,59.38185369873598,57.11004518636011,53.7450822657381,48.5994246877052,40.39255443806486,44.1931125968998,51.23649140697354,54.20826766036057,56.683756649825206,57.64576604906958,14.14973347970818,18.129133566428557,17.853298350107668,10.0,11.139433523068368
16.901960800285135,26.60865478003869,19.138138523837167,12.041199826559248,13.979400086720377,15.563025007672874,54.66903192506688,56.68874921546895,57.75689800519265,58.77500923696893,59.52525587095518,60.03967344018635,60.109813997939945,59.973627902936215,59.62191698003667,59.276587702085095,57.78178031050966,56.42980618293695,55.65083590874626,53.12008007838723,49.7102057932463,44.46164222025476,45.59966441093215,50.01603924149798,51.41340010022802,54.26656002069765,55.5877095089562,56.68241438487476,57.71749851675918,57.67687087809419,57.63431737464748,57.0067343659366,9.542425094393248,54.68669238960993,53.42584524060186,51.52707144811241,51.552904797103935,51.132111161997486,53.2987767744994,55.63111896867576,56.98216284039884,58.64065879090237,59.3186654574971,59.54351069490359,59.66528903834409,59.38768822679532,58.79006946161547,57.19493702637755,55.253778544718415,54.43145594707094,48.20890789899057,41.2456942932084,41.13843118937487,46.88784547370221,50.22597436789837,53.15121908690162,54.91151500485698,57.01555033735124,57.41058582087629,15.314789170422552,10.0,17.24275869600789,0.0,11.139433523068368,19.86771734266245,16.532125137753436,15.314789170422552,6.989700043360188,16.020599913279625,15.68201724066995,52.52333507967756,53.40335031751464,54.909762616172,54.73086796887472,54.60767083904572,53.69202865500548,52.77051951607522,51.8077081387463,50.50186349675361,48.79531676370788,47.75828814464612,47.61273650111509,50.37239192962341,51.67163679589478,52.25249820672878,51.05036460355724,51.913224397961,52.01724770116379,53.758921298735,53.49520353575429,53.73634612199135,53.84147241123452,53.15645027292665,53.83501196445383,53.91148670976367,53.54594346439928,9.542425094393248,53.20366494460458,53.68249684638123,53.13010436174824,50.81268076044782,50.90645957573315,49.65168763033954,47.32843905916919,47.43901550485178,45.77687073553896,48.02068707183437,49.98538313530066,51.56282556870387,52.40798771117332,53.19707614228967,52.944662261615925,52.93983163234013,53.35566210055626,51.349958191073966,50.28347541558745,48.74423830586502,48.03982594394555,48.66653528303345,48.9416647122255,48.988183913614336,49.19041463586004,49.89721166930067,23.384564936046047,27.520484478194387,61.12216442500576,59.694201061645664,41.1965172203987,71.74214328563745,54.037191944157605,42.39999792886872,81.25846599267591,17.634279935629372,6.989700043360188,50.29975962495406,53.55129559292767,56.24823337062955,58.12122889896436,59.54277734118765,60.30298485090268,60.77511798276285,61.04875480943701,60.94927893332381,60.46552130045357,59.36547921718119,58.10749195755727,56.13999238301831,52.5385390818252,47.25495097672721,37.046651854545296,48.42621719157751,53.555894303082255,56.59029601048292,58.541900119725696,59.92294100734093,60.7767452885136,60.990622462623975,61.18089054334806,60.76507186195286,59.79238704318206,17.24275869600789,56.61419845152384,54.29243421553872,51.15017736296608,49.89151582807074,53.62604979786319,56.936583706965024,59.17871905796875,61.05574217196404,62.10487602195919,62.99698363670274,63.460085323617854,63.81005635545896,63.7345636999195,63.26440120060073,62.536376911183886,61.30257840748737,59.68737846625712,57.31157479591544,53.72064670718133,47.653182962198805,44.51371893184245,51.780901969192925,56.019394578844455,58.43537362803024,59.88983679972749,60.98439161281304,16.532125137753436,19.030899869919438,18.129133566428557,21.613680022349747,15.314789170422552,19.030899869919438,6.989700043360188,25.477747053878225,12.30448921378274,20.644579892269185,18.129133566428557,56.63705635716403,58.95325841209485,60.65124269659034,62.1049295182942,63.06593351059618,63.735831683504536,64.06254133140551,64.03689366062403,63.79209762941962,63.27696020426393,62.1856097397682,60.81645737688443,59.14269622352333,56.32470452424173,52.3379792564627,48.49800099205024,51.97757330900667,55.627067342586514,57.71161060438499,59.79971082521452,60.9269433363982,61.805848831524,62.32611932767743,62.10854701603551,62.13788608526347,61.08404332108599,37.38542740928785,57.97561819343774,55.468941516799205,52.01214081159041,48.61946406837544,50.853940543157805,54.873264818547824,57.68651418421073,59.65965631709964,61.19368408453194,62.09080771119895,62.688093311746485,62.8668276488396,62.8317114707468,62.391943345945336,61.5418834934195,60.3081823084552,58.914092131543576,56.28090441643217,52.76535329289922,46.21020406503192,38.82239848018824,45.66472847158815,51.58956225036678,54.59648766510523,57.10506616470952,57.86666967785195,19.138138523837167,17.634279935629372,12.30448921378274,19.86771734266245,15.68201724066995
15.314789170422552,26.60865478003869,6.989700043360188,18.69231719730976,19.084850188786497,18.325089127062363,53.62014753226038,55.99188518763853,57.98088253312887,59.072570728315945,59.69313850478713,60.06761176616413,60.28201050028984,60.18535735026304,59.82396527017804,58.85926339801431,58.53333713769055,57.14776400574337,54.355704575919,51.79106353519594,48.501865831924746,44.95058433016688,42.34643807761769,47.62716065949462,52.83527364861694,54.62429445671102,56.169772620569525,57.0261317746055,57.39050719726364,57.80457012934909,57.408078105580536,57.26095270641984,27.24275869600789,55.16704563747355,53.10780374881432,51.79649438998744,50.70067434587199,52.57630583877158,54.67640657953413,56.073059434748686,57.74576813953416,58.29059856038136,59.0806929129394,59.59739996525053,59.56566511389265,59.10452040077882,58.45914366371632,57.93262906399501,56.68087586276825,52.902127469195285,51.464412351639474,46.31535083018744,39.96730515435153,47.03987411212198,51.99497375490972,54.501397509060055,56.02646977754584,56.26151413309547,56.92445033013644,11.139433523068368,15.563025007672874,6.989700043360188,9.542425094393248,13.979400086720377,17.16003343634799,9.542425094393248,15.68201724066995,10.0,14.14973347970818,16.989700043360187,53.8703726397884,54.60863278152458,54.02029123310338,54.35285218203501,54.13319885367183,53.88431594577801,52.92816304263086,51.3169884425924,49.90751637972055,49.23477169063096,48.12946762625866,48.51582419433653,47.75828814464612,48.78550517731428,50.22354126466628,53.01763333842031,53.47076196069735,53.829890619644594,52.48198942701482,53.20613576530592,53.0836162432773,53.261412042180666,53.62469279839908,53.6215814077947,53.60739163626465,54.11729107459061,21.613680022349747,54.04601118715969,52.638845038959545,51.9973598452274,52.15100641410466,49.22543815390706,47.433215819500525,46.81467373533732,44.94057145221748,47.159031102654495,48.14580516010318,50.00208411336593,51.169595526406994,51.92971454712139,52.77035888172111,53.571894307153855,53.6038132612045,52.37970785416336,52.8588346992057,51.82990666368834,50.50557614282048,49.27519209159942,46.53723715183369,46.84719721101585,47.98298371951381,49.85538738393282,49.69676783462639,20.644579892269185,17.24275869600789,61.12216442500576,59.694201061645664,41.1965172203987,71.74214328563745,54.037191944157605,42.39999792886872,81.25846599267591,6.020599913279624,18.63322860120456,50.34788831251184,53.74238621404413,56.18111928077363,58.10722335599343,59.415710570742704,60.4473413030476,61.04491549833948,61.103556668866034,61.05208287776382,60.3942403446208,59.60197176224628,58.23668509665754,55.97239815430866,52.975963889776736,47.04673758099527,39.867717342662445,48.797207678789086,53.702539529610334,56.69764893387849,58.521834498355226,59.729846052017066,60.52940831042314,61.03396592835843,61.085125940536464,60.72270857976007,60.05170642062482,18.129133566428557,56.870694540233664,54.19574128303802,51.03940485083021,50.350172628160685,53.318927241022166,56.636641830875234,59.11353663093416,60.86831247012207,62.27154468506584,63.06218447272977,63.663773772627735,63.733185036869656,63.62885103729142,63.28184228929315,62.4980398980253,61.28853037341413,59.720402947848974,57.26167888383522,53.55382548609673,47.03746933315468,45.148132949992856,51.31034508028235,55.6343955251544,58.138804217592025,60.1959811072929,61.26249953149984,23.180633349627616,20.863598306747484,20.0,19.49390006644913,15.68201724066995,15.314789170422552,0.0,16.989700043360187,11.139433523068368,21.70261715394957,18.573324964312683,55.92026783281053,58.79689831265417,60.935988691810536,62.32619050257505,63.24833721018882,63.78157427857264,64.1484136921122,64.15529723550146,63.90430785638315,63.179273878662194,62.45380632093034,61.026017650211855,58.61917758893104,55.79006886814732,51.79968077699076,49.03089986991944,50.87561376308394,54.86709527890481,58.43154261524964,59.925292178679854,61.25148667243658,61.802557998495416,62.17021503483458,62.17025719290088,61.72681435683717,61.10918504960407,25.71708831808688,58.93065112199136,55.19344884174547,50.96552006836161,48.19280646972481,51.52682700411586,55.2060666364402,57.8700184985123,59.9744405347733,61.24462488824649,62.15051677073252,62.64966024315011,62.71219911641097,62.565219567191896,62.34579285000486,61.702100664936,60.68018421941511,58.5429753804965,56.94356834316758,53.77817848736214,48.52394590257785,34.25697213362591,47.783972808879945,52.71432666316167,55.26888261081368,56.403860208367725,57.70128566741647,18.63322860120456,0.0,19.86771734266245,11.139433523068368,18.573324964312683
6.989700043360188,26.60865478003869,6.989700043360188,18.129133566428557,9.030899869919436,21.70261715394957,54.26187453031873,56.44029707231178,57.63147108903861,58.82434596101942,59.450256941425145,60.081763149849166,60.223215372763015,60.137638547339336,59.74807262398286,59.23617517072476,58.48978138149387,56.94900769524288,55.12441571601667,52.577865352154745,49.07352232500901,46.364878963533656,45.030003380130296,48.626679502285874,51.35228090226056,54.183443871071255,55.51880419307973,56.72154220157815,57.71065425976395,57.75246259740236,57.56487768687352,57.6054310402721,13.010299956639813,55.87767071792699,53.41571023941557,51.62928654877548,52.02904974441136,50.675357896963504,52.80259588686136,55.17788193640602,56.458327881466566,58.03540415720191,58.90365121448124,59.39106226929277,59.30908807424344,59.09316887509041,58.72325294081512,58.020892578817325,56.37397657328628,54.420735059233216,51.7475737631066,46.25003601014864,30.0774777800074,42.61048643344225,49.91248233008992,53.19938439980309,54.96443907224304,56.35963015757618,56.90422917487085,18.573324964312683,18.129133566428557,13.010299956639813,12.041199826559248,22.09515014542631,16.127838567197355,21.072099696478684,19.294189257142925,11.139433523068368,16.532125137753436,13.010299956639813,51.58172446683952,52.83703669360279,54.049448407535735,54.37473096341428,54.33028581645536,53.83486828975826,53.02411025464487,51.92690086580444,50.442966756071286,50.26128606128098,47.4263873502086,47.279720846034216,50.50534419540124,51.2841542520604,51.59100768031968,51.3026942380537,52.11891757110215,52.48292122630316,53.35981145908725,52.88170947112764,53.29377537222727,53.32820067359593,53.31439444448239,53.58736028491818,53.71651457458516,53.261412042180666,17.16003343634799,53.00310642867663,53.99363895006826,53.50428290676721,51.33299341673748,52.1726542596381,50.442260771126826,47.729374986035424,46.72651922840003,45.44886228470487,46.83731278618886,48.9148170383952,50.4233920456355,51.89504350139694,52.832492007274176,52.66995627373945,52.7544265981214,53.918803453567975,52.27693927597013,51.66729013979253,50.48150363332397,50.2406676973712,49.27750076328816,47.89044563488024,47.35063685292798,48.76979497731716,49.060547613940045,21.33538908370217,19.030899869919438,61.12216442500576,59.694201061645664,41.1965172203987,71.74214328563745,54.037191944157605,42.39999792886872,81.25846599267591,13.010299956639813,47.41467697685545,53.066930278565714,55.675215795852544,57.6685658234063,59.11648111051677,60.10737423642007,60.71231550906623,60.88510306997698,60.75501704819664,60.18419614007166,59.59751431884986,58.08001542514094,55.86373480146992,53.57997700863783,48.46046247789001,41.1293997608408,48.01108591399809,52.93240979444369,55.9834504449308,58.07216970188449,59.519443296839405,60.451453120948806,60.8171482610794,60.77743162528802,60.734199223441166,59.909091023391085,58.4864719460788,16.127838567197355,53.85822473406161,51.30504235831688,49.51939478559591,52.31413515926957,56.20881110598204,58.81161459949101,60.57779036214036,62.06001012665479,62.81458131388718,63.48867912223721,63.73355272314467,63.831912924630586,63.46988300987701,62.807479124219086,61.68890056748094,60.25944954886599,58.523750671271216,55.11692229354796,50.20100130171684,42.36159230579664,49.65794158105112,54.48701683284437,57.37957154919215,59.47738013536868,60.55184461258754,61.41817435367221,16.020599913279625,20.681858617461614,19.138138523837167,25.31478917042255,23.54108439147401,22.671717284030137,19.54242509439325,15.563025007672874,21.95899652409233,24.969296480732147,20.644579892269185,57.64260591090319,59.72643853872601,61.5154512640698,62.684115696541774,63.45912196264405,63.92538151793921,64.15374884684465,64.02902460910255,63.657709328957154,62.92047072250651,61.90363638654389,60.19244689641532,57.70620080635052,54.55030728743977,49.94827269983604,49.95112849859282,53.264444209797865,56.75944148207182,58.98476158573823,60.30799216847456,61.32118745149423,62.051160881435656,62.4284592395101,61.92216084633509,61.37528806954742,61.37984520155033,31.072099696478684,57.76621289695217,54.875371208498336,50.55473896230024,48.48958460827495,51.71799561048725,55.8745614907103,58.49591991595824,60.11174450424903,61.39438274158168,62.29233753049047,62.700153610308845,62.81528090118669,62.62464379412876,62.196065285136456,61.491729086570494,60.34620436339225,58.65151963603634,56.25469879902775,52.75196141785624,46.99664320202373,38.96140251442019,47.00288256830903,52.21283799492686,54.90365878570827,56.9146519996982,57.95966172822944,18.573324964312683,19.294189257142925,21.64352855784437,14.14973347970818,14.62397997898956
17.634279935629372,26.60865478003869,16.020599913279625,6.989700043360188,22.55272505103306,0.0,54.35927141501171,56.44305621824231,57.84609448162521,58.957279918442765,59.60581120930257,60.031454681848444,60.18006487637901,60.18983280383048,59.63277703909644,58.953838666914045,58.2922269696042,56.67087618319316,54.38043691899813,51.57208874521693,47.14606345743655,44.88903085267769,44.90351836684478,49.44492542367142,52.39201845762534,55.066051385976266,56.16804129972977,57.21597123902864,57.945438112306256,57.95062775269615,57.90946308529057,57.89910537891827,20.827853703164504,56.23568689573577,53.436999952642886,51.72407337909087,52.41172786770047,50.93456707498604,53.36637818109735,55.398749174032986,56.627011808805406,58.1442940183431,58.83682439738257,59.12817009680567,58.89539238644705,58.72341027203674,57.81965651479127,57.06896923854703,55.49792616690023,52.48279863255517,48.2327203302582,38.33338388939397,37.953237643293136,47.330366829335794,52.7219679310154,54.98807984071953,56.21965191132577,57.191165730933584,57.817912652753485,6.020599913279624,22.92256071356476,23.05351369446624,18.69231719730976,12.30448921378274,9.030899869919436,17.24275869600789,13.979400086720377,15.05149978319906,16.989700043360187,12.041199826559248,51.81583504834141,52.868380500590135,53.647760572774246,53.787502815054495,53.82208018069152,53.02558191846536,51.852162409090745,50.716795347219445,49.28805370893285,49.73649617458208,47.28556675966476,48.062885340349226,51.57532317318013,52.36166794423495,52.97156235601088,52.87553170735162,53.42084984307664,53.56885941165974,53.95074656521357,53.348335926661576,53.643652314244754,53.39723659608569,53.20599046181782,53.51680376527895,53.78136155119741,52.98986181454429,18.63322860120456,52.06364361604037,53.11603420815988,52.38911319290792,49.66047821076454,49.98908550507569,47.94690159172349,45.162047347615164,45.02604625473667,47.3627695523311,49.1623279687939,50.69123963257296,52.3578087032756,53.40792996718293,54.26441313174881,53.58492595204731,53.523562011698274,54.33507418399002,52.67795724946364,51.51014177758252,50.33524274983268,50.03503614742536,48.455259194404725,47.496203851999326,47.87439219782232,49.10736432013104,49.333100919512034,14.62397997898956,22.30448921378274,61.12216442500576,59.694201061645664,41.1965172203987,71.74214328563745,54.037191944157605,42.39999792886872,81.25846599267591,6.989700043360188,9.542425094393248,50.09382899167601,53.66493932889678,56.08519615384716,58.146557206501896,59.46437034962162,60.47463734672722,60.95692282839792,61.12979151228777,61.04652671593768,60.65300675854707,59.81251707202013,58.36129715927544,56.78260639392008,53.94964475880676,49.84040991371427,45.75337973983036,50.0525775168898,53.917429198714125,56.44351918882713,58.4409054995712,59.834034454623776,60.51768590423936,60.76547604667592,61.048488726676766,60.69230622747842,59.57090327080808,18.325089127062363,55.85163954238024,53.16802470023761,48.58897957232004,47.21711713367832,52.75811024031622,56.65701976298681,59.23161608875616,61.054154812168434,62.366846043985255,63.09320302757016,63.685629972421474,64.02293028899524,63.92534106258404,63.54085378651175,62.703743740122135,61.59753021885184,60.11483322236935,57.6850490704858,54.33541029240211,49.54551231316127,47.055387247672805,52.07849711130527,55.60801808055602,58.17471493636096,59.81274832706589,61.00739883012443,14.62397997898956,17.24275869600789,15.68201724066995,21.70261715394957,14.14973347970818,24.84299839346786,17.24275869600789,21.13943352306837,17.16003343634799,12.55272505103306,19.294189257142925,56.09586939722722,58.64522946865742,60.83009638063186,62.25576497415115,63.08451076724811,63.72224132280476,64.09581658885985,64.12226116353504,63.887610267137525,63.211566627783576,62.44108814547987,61.06265030479362,58.94728557275136,56.18509354970109,52.48368123030966,51.0632011210564,52.646974312230725,55.7132909479192,58.03392239771902,60.04825464708523,61.06689862125869,61.86351064219433,62.41823553752249,62.24601684517559,61.56047636372889,61.10456708291815,35.87598729721245,57.9745105554159,54.83645769465113,50.42264346922729,48.393837619270926,51.12688769397097,55.52290933824766,57.92891540864982,60.03197204348392,61.19765457218882,62.15154098869317,62.57138129965504,62.72603855598107,62.689159629170575,62.35187442396655,61.67252333430937,60.6667061463076,58.67541140785863,56.69660832034381,53.43812172073356,48.02746367297579,39.77266212427293,46.61291977065603,52.17220655644518,54.776493251615605,56.78420947756399,57.79325874685415,6.989700043360188,22.92256071356476,23.673559210260187,6.989700043360188,16.989700043360187
17.24275869600789,26.60865478003869,16.901960800285135,20.0,20.170333392987803,11.139433523068368,16.127838567197355,16.020599913279625,14.62397997898956,22.87801729930226,16.127838567197355,20.253058652647702,3.0102999566398125,12.30448921378274,3.0102999566398125,19.86771734266245,15.563025007672874,6.989700043360188,16.127838567197355,12.041199826559248,15.314789170422552,16.989700043360187,11.139433523068368,12.30448921378274,13.979400086720377,10.0,0.0,15.68201724066995,16.127838567197355,14.14973347970818,18.129133566428557,15.05149978319906,17.634279935629372,6.989700043360188,12.041199826559248,18.129133566428557,16.127838567197355,14.62397997898956,19.54242509439325,6.020599913279624,19.138138523837167,3.0102999566398125,47.41467697685545,17.853298350107668,10.0,17.16003343634799,11.139433523068368,14.62397997898956,17.853298350107668,18.129133566428557,11.139433523068368,16.127838567197355,15.314789170422552,13.979400086720377,0.0,14.62397997898956,17.16003343634799,16.020599913279625,16.020599913279625,14.62397997898956,14.62397997898956,6.020599913279624,14.62397997898956,14.14973347970818,17.634279935629372,11.139433523068368,11.139433523068368,13.979400086720377,14.14973347970818,17.853298350107668,37.73274348337453,36.35986111800833,34.80868923687168,29.566485792052035,30.66325925362037,16.020599913279625,23.97940008672037,27.611758131557316,33.67355921026019,35.018804937550584,37.45777217889759,36.45422269349092,40.97604328874411,40.37027879755775,38.89861721258188,38.87223331362523,36.65111737075051,39.46452265013073,35.991185650553625,36.81602998730868,32.995072987004875,31.690863574870228,28.432327780980096,26.989700043360187,27.267272090265724,34.649364291217324,10.0,36.94956002249818,36.81964458994683,37.25012725341157,35.87598729721245,37.307822756663896,37.30620797887283,34.66125870418199,34.55910240382743,26.48360010980932,26.85741738602264,19.86771734266245,26.82145076373832,29.845273133437928,33.21598430465344,35.2270499273475,34.56062224454951,36.16790486329716,37.8597012513201,38.36134149465374,36.6171805769466,36.52536418593025,33.58886204405869,35.07586039763011,30.480531731156088,34.08239965311849,27.81755374652469,26.884198220027105,26.989700043360187,61.12216442500576,59.694201061645664,41.1965172203987,71.74214328563745,54.037191944157605,42.39999792886872,81.25846599267591,42.82259483083983,49.929818575440734,54.98812115455506,58.19902409514472,60.62207690507499,62.46664487016871,63.84375818351285,64.84194599179592,65.49483541977963,65.83223266126053,65.77931157069789,65.36895773491796,64.56555046757546,63.296207667710256,61.27469258299212,58.115750058705935,52.34567897635686,41.8802804133508,53.241177626594265,58.61454354704289,61.69799297808829,63.65874185455872,65.00055938809723,65.79335813958852,66.11291772364426,66.07289101754934,65.65902574091075,64.83993589381706,26.78518379040114,61.68389633103887,58.8851253129841,55.2992801905513,53.97086215610079,57.50707368760151,61.02252540343723,63.542302551153966,65.38249148319491,66.67345533444166,67.53596845800477,68.0532601774098,68.2140608782329,68.13342094266315,67.75567926565641,67.0535602633871,65.94767450975121,64.34928485084042,61.98794500175598,58.48093623309517,52.06839363228693,48.5994246877052,56.09178055294184,60.48172130959605,63.15339636192064,64.9333339128656,66.02720051386416,66.33471788524449,66.39534000079766,21.84691430817599,25.289167002776548,17.24275869600789,18.129133566428557,12.55272505103306,19.54242509439325,12.30448921378274,15.68201724066995,9.030899869919436,6.020599913279624,18.129133566428557,15.314789170422552,19.030899869919438,11.139433523068368,18.325089127062363,11.139433523068368,15.68201724066995,19.54242509439325,9.542425094393248,14.62397997898956,6.989700043360188,6.989700043360188,12.041199826559248,20.043213737826427,23.180633349627616,20.0,15.05149978319906,14.14973347970818,19.86771734266245,30.681858617461614,31.414497734004676,27.24275869600789,29.03089986991944,24.62397997898956,33.56599435724971,28.72156272748293,36.93375151025185,26.28388930050312,27.63427993562937,28.773713458697745,28.280150642239768,27.664128471123995,15.05149978319906,17.853298350107668,13.979400086720377,20.644579892269185,9.542425094393248,19.030899869919438,19.86771734266245,14.62397997898956,6.989700043360188,18.573324964312683,15.68201724066995,6.020599913279624,18.129133566428557,15.563025007672874,14.14973347970818,9.030899869919436,12.55272505103306,22.85557309007774,9.542425094393248,0.0,15.68201724066995,14.14973347970818,15.563025007672874,10.0,15.314789170422552
15.05149978319906,26.60865478003869,13.979400086720377,20.253058652647702,11.139433523068368,17.24275869600789,54.552180404997486,56.51988008893248,57.94725693373872,58.92916200627664,59.62117779329185,60.10681493131443,60.188269414862845,59.99174490709479,59.64093614042305,58.99273187317604,57.90457580610929,56.3928423626377,54.371795817525125,51.33800683486501,46.67686381802804,44.10304733894276,46.031985206760965,50.48134814359241,52.77235491542488,55.11894051173012,56.329429444376295,57.15228439289226,58.03239230907457,57.88396068481728,57.63970522655232,57.62547280442118,20.37426497940624,55.547519588651085,52.627476376981846,50.9847066565063,52.38547887681328,51.64406395639406,53.88479533968614,56.16669773892052,57.16779368873068,58.72450560552431,59.166776184033125,59.370643039467495,59.25109855064585,58.96901378426445,58.01944697333364,56.665226604271,54.87903022182303,52.0002926655377,45.81107318275927,28.88179493918325,43.14478175864182,49.38044142571912,53.51728684609269,55.1462212088272,56.65041305232006,57.50604808323138,57.75007915330072,15.68201724066995,18.129133566428557,18.69231719730976,21.84691430817599,6.989700043360188,10.0,6.020599913279624,6.989700043360188,12.55272505103306,0.0,18.63322860120456,52.57450570410951,53.32442499845484,54.23812545174294,53.99677181981051,53.80739312153504,52.820349541665365,51.51859955512512,50.06093630208201,48.178164870565794,49.24455036357492,46.913379243444325,48.03627795344816,52.02065805173797,52.84498410828046,53.40691929101851,53.07378355977725,53.33568174923988,53.51641726193522,53.93347029066479,53.5301749054273,53.70107657586451,53.69966871208041,53.25930056738713,53.81730421780337,53.77808750839212,52.80819578084304,20.043213737826427,51.94528216883887,52.87210328765826,51.8633749104998,48.78550517731428,48.92790030352131,46.942541120252784,44.97220002714487,46.70255132771605,48.829853399713,50.233224350973785,51.46283113159587,53.09972784261965,53.88541669748464,54.34385248054853,53.12737852482435,53.05448107442473,53.61312225102327,51.031774752438125,50.19486010625789,48.8350812769239,49.09539983582132,47.88712666322263,48.766334555244335,49.71396469342103,50.67576680040092,51.05840463579799,23.117538610557546,12.30448921378274,61.12216442500576,59.694201061645664,41.1965172203987,71.74214328563745,54.037191944157605,42.39999792886872,81.25846599267591,15.314789170422552,6.989700043360188,45.91120282237383,50.76137783748063,54.20584442255304,56.719509121794005,58.68142270662092,59.97058573727401,60.81852969983508,61.1816449272013,61.42615315608271,61.4685982541866,60.72494739781311,59.65453829171628,58.71830867217578,56.75471295075344,53.40162426171224,48.45004966938521,44.38083288767236,49.69644183142273,54.01140230773066,56.82190218984122,58.672104886386094,59.94060988597154,60.610187220507335,61.14298994052871,60.96671259145229,60.31231478441765,22.09515014542631,57.77291220139585,56.03977505033251,52.66525675230803,47.40938734515765,49.58301029253673,53.9657766380726,57.33874268658241,59.79720419567646,61.45385377912132,62.558906932824,63.302676309935045,63.853609977529466,63.99947880646592,63.76518013091251,63.23699574565695,62.22287946620831,61.20369896482746,59.17520213348969,56.64024876775903,52.67875419318898,46.91576535552783,48.48663193962516,53.52452661753016,56.78074753350528,58.87710112424841,60.3555340444204,15.68201724066995,18.06179973983887,22.671717284030137,16.532125137753436,18.325089127062363,21.13943352306837,14.62397997898956,22.04119982655925,18.129133566428557,14.14973347970818,6.020599913279624,54.5213158546847,57.48647670519605,60.01778697158574,61.53998295971948,62.79808568471391,63.503352562310326,64.03414643194736,64.1224964920012,64.0588091518,63.55199529414732,62.86808657848268,61.744000123801406,59.925027072654174,57.444252076182416,53.79066091131709,51.11967837206073,51.43455120287416,54.65347154544533,57.18754884294482,59.34908817088151,60.80085085045869,61.460535788134266,62.35491328292958,62.27767964092401,61.90123747420964,61.50794803402748,29.0848501887865,58.62433132984747,55.45802993055303,52.04559483359148,48.73924821547358,49.662356240985815,54.08736744682532,57.34966956813604,59.47665022579309,60.9948209070012,62.04871204888445,62.61545722491513,62.73227741007531,62.85866155808528,62.234092291642426,61.80338380767875,60.68432634213163,59.12983662866458,56.9559111191522,53.85237950117024,48.5076872692888,39.82497369197712,45.47257673431296,51.36482749600823,54.63824332197882,56.77637060327916,57.77857278312452,20.644579892269185,15.314789170422552,16.901960800285135,11.139433523068368,12.30448921378274
18.63322860120456,26.60865478003869,16.020599913279625,22.14843848047698,21.33538908370217,20.0,54.14843040079086,56.21957931397209,58.04524467854681,58.94414654066425,59.74980275257969,59.97250482266775,60.2049718560872,59.96491533031829,59.55750268828502,59.08493597450356,57.96109264314644,56.31383897189126,54.83474608248148,52.274650544601855,48.32215025848477,40.795430074029056,44.20434364509439,49.19041463586004,52.71339671630066,54.57368611548132,56.33170407116009,57.15128863760703,57.65371225732962,57.88388998931612,57.72301898921537,56.562630683997526,17.853298350107668,53.96495752197566,53.610569940777005,52.13647893029575,50.57529176885623,53.15477025750219,54.79910582167437,56.22447173399115,57.86872042749559,58.5225852018492,59.266562190722055,59.5153276168277,59.61964215716114,59.066474490163486,58.36703799089732,56.750006801814045,55.360089145273925,52.68451596266842,48.08541802244968,43.21805483857539,44.75874489319437,50.5355859221326,52.69188269483024,54.7001188629146,56.1171481316667,57.10016610650864,57.37892041040642,20.863598306747484,12.30448921378274,16.020599913279625,12.30448921378274,17.853298350107668,12.30448921378274,14.14973347970818,3.0102999566398125,3.0102999566398125,13.979400086720377,20.681858617461614,53.739596698754674,54.04150961723992,54.36226275270583,54.40198839258169,53.80392160057028,52.99154141070215,52.26228598719104,50.97895610855275,49.59470702075107,47.1218654396046,49.42826237142525,49.92792027118621,49.365338482395,50.97576577541649,51.938200260161125,53.05791890352717,53.09615264908583,53.49355246595203,53.62906383503136,53.85767093626776,53.82811021195525,53.66282839630984,53.75531934199167,53.39977840866407,53.31435395176829,54.09833410039127,19.86771734266245,53.56746532127147,51.9750385215991,50.77850993540891,50.725917561442586,48.15006281903948,46.9027584107797,46.63559591825922,47.23069643421466,48.00036241827979,49.90631838105017,51.4390434852738,52.07117106338475,52.67345411461479,52.78972978537172,53.90581878550435,53.27358934386331,51.94392222751793,51.95262958342062,50.92783784687556,49.196741839602815,47.34719841655679,48.3845867968749,49.21421136736248,50.02550490655285,49.89992346758986,50.443084409071865,13.979400086720377,18.325089127062363,61.12216442500576,59.694201061645664,41.1965172203987,71.74214328563745,54.037191944157605,42.39999792886872,81.25846599267591,13.010299956639813,11.139433523068368,46.07937304754407,50.61241312384646,54.47148724932181,56.75310811236484,58.724086148743126,59.76386665477523,60.75642203771607,61.23901924785457,61.40323224300175,61.17671590307147,60.67053736988037,59.832044152682485,58.361835486823146,56.04610481983248,52.577289597039325,48.00854491503561,40.64457989226918,49.09646943446207,54.03369353828906,56.88442070125555,58.78366087955931,59.898358833251145,60.83228053210438,60.9934702455365,60.95190280781986,60.58347814038136,26.90196080028514,58.32948732420522,56.151438084122304,52.92656943947477,49.861354971498,50.090087272783165,54.37473096341428,57.49527618618067,59.77669657992194,61.32610570427303,62.50323617276816,63.182825148407616,63.68382474965494,63.79394906120561,63.47700910294299,63.17523681234932,62.128045036714205,60.96590949966252,58.94174783211231,56.40271692655804,52.42911464419822,46.32993501996027,47.251026998082594,53.33054115504841,56.76112638055165,58.95466746790746,60.49901885536223,6.989700043360188,21.70261715394957,13.979400086720377,20.96910013008056,16.989700043360187,16.127838567197355,24.593924877592308,23.117538610557546,23.59835482339888,20.863598306747484,23.05351369446624,54.61854040499617,57.50422761742492,59.92465589702896,61.42320624361766,62.75292231339893,63.47305030466286,63.9910946436048,64.17298937524484,63.97951300181778,63.54069427758223,62.76343448545657,61.6092599506505,59.80805279745413,57.53510287406976,53.91026899487692,49.30786076526747,49.923811796265255,53.81319087990292,57.42775390325647,59.29687083618755,60.96209365429435,61.64251111872314,62.09175220470911,62.29479619262278,61.98450885566405,61.2102937250847,34.25697213362591,57.99464615868339,55.56661851377704,52.27310689868947,48.82848857005024,50.868508041806,53.93878664679746,57.21955630522182,59.28390218683264,60.974672894278726,61.8113585445742,62.5335569664946,62.807706647070944,62.80135883928395,62.3584395326498,61.69453704663125,60.476848192081846,59.21424779738109,56.92524382133254,53.552158222085325,48.24522833268283,34.452927694259714,46.27365856592733,52.10139199198124,54.88956620298321,56.50331811853282,57.62627555507949,6.020599913279624,13.010299956639813,18.129133566428557,23.443922736851107,0.0
19.912260756924947,26.60865478003869,16.020599913279625,15.05149978319906,14.14973347970818,19.54242509439325,13.010299956639813,15.68201724066995,13.979400086720377,13.979400086720377,16.127838567197355,9.030899869919436,6.989700043360188,13.979400086720377,9.030899869919436,0.0,13.979400086720377,15.314789170422552,15.314789170422552,16.127838567197355,16.989700043360187,16.020599913279625,6.989700043360188,16.532125137753436,3.0102999566398125,0.0,15.05149978319906,10.0,10.0,19.86771734266245,9.542425094393248,3.0102999566398125,12.30448921378274,11.139433523068368,16.127838567197355,15.314789170422552,13.010299956639813,3.0102999566398125,9.542425094393248,17.16003343634799,11.139433523068368,11.139433523068368,6.989700043360188,11.139433523068368,10.0,16.020599913279625,6.020599913279624,9.542425094393248,11.139433523068368,11.139433523068368,19.294189257142925,18.325089127062363,13.979400086720377,16.532125137753436,14.62397997898956,6.989700043360188,16.020599913279625,0.0,16.989700043360187,9.542425094393248,13.979400086720377,10.0,10.0,10.0,47.41467697685545,17.24275869600789,14.62397997898956,16.020599913279625,13.979400086720377,10.0,35.477747053878225,32.08441356438567,28.382192219076256,6.989700043360188,24.84299839346786,21.13943352306837,30.0774777800074,32.21674997070769,36.91346764134822,36.36387585813157,38.63322860120456,37.15418322595056,40.79904467666721,38.6123561863404,38.55216194733363,37.31749883527264,34.77844476338758,37.52893154884594,32.78296208091274,31.448854182871425,25.865873046717542,25.865873046717542,22.671717284030137,30.187004986662437,31.78401341533755,36.179434348289725,20.863598306747484,37.269715836828766,37.16170347859854,36.77241845946654,33.7675939540488,35.368108659915414,33.27358934386331,31.476763242410986,28.72156272748293,20.170333392987803,17.16003343634799,25.622928644564745,33.28175661438323,33.92345155361204,35.535189401489696,36.53694795315082,37.42253669906594,35.93839661081272,36.92406234833631,37.33116981442065,35.86587304671755,36.55138434811382,32.387985627139166,32.619761913978124,24.668676203541096,30.37426497940624,21.33538908370217,12.55272505103306,22.55272505103306,61.12216442500576,59.694201061645664,41.1965172203987,71.74214328563745,54.037191944157605,42.39999792886872,81.25846599267591,52.66346959993183,46.84988906343093,45.87722186953562,50.77338830203346,55.66235913924566,59.0239673427718,61.57353093264191,63.272383370582446,64.72574212123217,65.64662277471706,66.24257440413453,66.51403340280635,66.39615264386958,65.91745136394707,65.00656291165433,63.56626184231389,61.42577473677502,58.28015064223977,52.73649334723605,47.90179569070148,54.8863672085223,59.34078598695541,62.26307269998995,64.04924840507806,65.21154958071438,65.80323272066232,66.03837066535675,65.78719988104308,31.156105116743,64.24388285339022,62.68797403628104,60.22203948349376,56.64665475703957,52.41954684882812,54.86642969023512,59.22573921416984,62.49351006480117,64.61792109043975,66.24141881707038,67.29717110470814,67.89840787951161,68.24949365675525,68.27481192863983,68.105771276918,67.48395508157253,66.64454304756379,65.16818993885765,63.251947497997975,60.08955977134989,55.29648473525813,49.48065586929409,54.6595508858566,59.561155816924526,62.58118405158419,64.45578829772339,65.15934217040626,65.6224062699239,19.138138523837167,20.681858617461614,9.030899869919436,16.532125137753436,9.542425094393248,19.294189257142925,18.06179973983887,16.127838567197355,16.989700043360187,17.24275869600789,15.68201724066995,0.0,10.0,20.681858617461614,16.989700043360187,13.010299956639813,19.86771734266245,17.16003343634799,12.30448921378274,16.532125137753436,25.71708831808688,3.0102999566398125,14.62397997898956,15.314789170422552,20.863598306747484,17.853298350107668,17.634279935629372,21.13943352306837,29.49390006644913,12.55272505103306,20.863598306747484,27.39572344450092,20.644579892269185,30.253058652647702,34.089180208467795,16.127838567197355,21.64352855784437,30.56142262059052,28.88179493918325,26.127838567197355,33.15130317183602,30.224283711854863,24.712917110589387,26.45422269349092,18.63322860120456,13.979400086720377,16.532125137753436,22.04119982655925,24.29752280002408,15.05149978319906,15.314789170422552,22.50420002308894,6.989700043360188,16.532125137753436,21.64352855784437,22.87801729930226,15.314789170422552,15.68201724066995,16.127838567197355,20.170333392987803,14.14973347970818,9.030899869919436,16.020599913279625,16.127838567197355,21.613680022349747,12.30448921378274,13.979400086720377
3.0102999566398125,26.60865478003869,13.010299956639813,6.989700043360188,12.55272505103306,11.139433523068368,53.72149478375664,56.09869624157295,57.90865477844317,59.03768042526874,59.61775030332245,60.008352132425856,60.24906622541779,60.229382543508095,59.893581433777,59.17653575051758,58.4638474580679,57.21758694552408,55.25383036071523,52.97753947404971,49.68226031753792,43.86855529184725,40.09790719354298,46.44684718395879,52.09228070945492,53.86814539260739,55.758399518642776,56.837717590664994,57.40524532732224,57.74987500553337,57.74033498494322,57.18409505685938,6.020599913279624,55.27662117367916,54.077256326368605,52.9280966541729,50.49070647754163,52.49115160620549,54.02862957968563,55.25253477529254,57.13901961883969,57.814882552531806,58.667574225510336,59.301974029770285,59.50092604693253,59.3962007710421,58.69082038408881,57.87903045107925,56.75232840540555,54.10220304865082,51.72897614427956,47.72805616684785,42.20134249570252,46.15844882874703,50.34106829707643,53.20081864448377,55.126643883323695,56.10732539472333,57.05556690953554,18.129133566428557,13.010299956639813,15.563025007672874,14.62397997898956,11.139433523068368,16.901960800285135,0.0,13.010299956639813,13.010299956639813,16.989700043360187,17.634279935629372,52.97377462958215,53.92248360959058,53.51914137723173,54.01159199023789,53.735372311927854,53.77249774539909,53.24171294617649,51.90202791646651,51.01368963249251,49.01943022070158,49.16116910568686,49.02899941580645,47.05897907353573,48.47973456264566,49.96520428003049,52.67324291556049,53.19815764089732,53.59657176391189,52.80578370368076,53.46949230796109,53.0674446499578,53.19151881729748,53.29165922482092,53.39356025172791,53.55091214718536,53.90952760991794,22.30448921378274,54.14821318295407,52.72848373494381,52.34502098125461,52.53882954904354,49.90906884927473,48.310054426635176,47.71477239864823,45.07882845670679,46.05617453352368,46.73371152066327,48.49769411136137,50.137638547339336,51.488616736893896,52.418850186237485,53.51796306897023,53.96870327999223,52.86802150906729,53.74007397973179,52.78838165855095,51.8568944437654,50.34588353713624,48.02506911304579,47.09820961709941,47.00530656978592,47.59456310651191,47.67608484217921,21.5836249209525,24.23245873936808,61.12216442500576,59.694201061645664,41.1965172203987,71.74214328563745,54.037191944157605,42.39999792886872,81.25846599267591,13.979400086720377,9.542425094393248,52.91444334752139,55.79162568846027,57.632190326787445,59.20466137439718,60.06486579827786,60.72284095578488,60.94656267030399,60.86831247012207,60.460399506762855,59.550259451981226,58.357977053829366,56.48649769265887,53.35259263336003,48.05534839182783,41.1277252110537,47.43760548325352,52.97511020956883,56.03847771299424,58.09061168256879,59.43508860247769,60.21639904258428,60.71526329098039,60.88296659339974,60.52014850179093,59.81297503574545,58.77920490497029,15.314789170422552,54.49030760400415,50.36133645113013,49.03480676241854,52.63351968393565,56.07276979603248,58.74644720053358,60.73815826606315,62.01046542717535,63.05766760447671,63.50383326516423,63.83079852636612,63.79431163905765,63.40463945185634,62.9294795374258,61.78415740979453,60.517084494593504,58.20118666261951,55.26442668529936,50.681338917757024,44.72493160747825,49.255183581774304,54.04248563878207,57.17874290714952,59.27470968073941,60.7315578552282,61.60952078484604,14.62397997898956,19.294189257142925,15.68201724066995,18.325089127062363,13.979400086720377,14.62397997898956,21.072099696478684,3.0102999566398125,16.127838567197355,11.139433523068368,21.367205671564065,57.46704240786276,59.92495195633801,61.57560720411677,62.73579251729742,63.450483289790455,63.9715618195152,64.11162277626184,64.0695452106007,63.600487842261984,62.80030148805497,61.870698358354666,60.313975562532335,58.00255051129714,54.919580888221205,51.16956235022403,48.49750997253882,52.69188269483024,56.20361995957215,58.86998045671099,60.332986767512566,61.49411576421837,62.07826566799966,61.9976888582758,62.26735198436064,61.62082951024804,60.42939175280168,24.712917110589387,57.55335843779818,54.4241861860504,50.65000518319213,46.28388930050312,52.526637440954616,55.99552314927746,58.378642034103336,60.49367285745214,61.42647525563066,62.2122769895526,62.72164072371021,62.91449884550576,62.72534531168367,62.24999219232777,61.4976241081134,60.4410838744612,58.472962019533725,56.70032365287917,53.17405130851546,47.09693869727792,33.37059726320525,48.12893311819576,52.83864089458585,55.22853555469876,56.458641994383456,57.6184442783761,21.70261715394957,16.532125137753436,47.41467697685545,6.989700043360188,20.0
18.69231719730976,26.60865478003869,20.0,0.0,20.0,15.05149978319906,53.64047935551909,55.96004071367838,57.99268850478078,58.926121068911314,59.75253458391517,60.06525085170053,60.21298892895779,60.06464758618324,59.8591169654529,59.19614089005209,58.38156815168996,57.13298974462795,55.050101672814975,52.7102566747076,49.47556248191123,42.83142863303242,40.57095289612668,47.09820961709941,52.01550056453396,54.00710636773232,55.956560216100975,57.17104386586375,57.6587485150284,58.13418181014664,58.1150596900774,57.52694412595418,20.681858617461614,55.7562423017011,54.81587369207495,53.03103138711308,50.829899071480725,52.46715181616456,53.90178847246331,55.00512282269217,56.84329105900556,57.42798162029804,58.53465795967399,59.01879333867232,59.27372929783695,59.082576249625454,58.34830641831712,57.51116598165764,56.10523892463753,53.69336478014141,51.39201940562808,47.04227756024999,42.347702951609165,46.99178415672612,50.97333677707636,53.99012259874168,55.636388741205806,56.573350890346426,57.30801648965809,19.138138523837167,12.30448921378274,19.49390006644913,16.532125137753436,14.62397997898956,12.30448921378274,17.634279935629372,12.041199826559248,19.49390006644913,14.14973347970818,10.0,52.35793487648109,53.32941142492751,53.10296000742311,53.51651389099593,53.42754197318192,53.35498018419024,52.83583880507802,51.82987816695557,50.75886235448224,48.95312024475787,49.60013885914301,49.640945574952,47.71741771307084,49.48769840474958,50.61003627050361,53.38456493604605,53.57999605384311,54.14923234177824,52.81910165702457,53.74300993942989,53.21285592654864,53.248953863420695,53.34526127533384,53.11397805515696,53.37932234876929,53.733185036869656,10.0,53.77615830559781,52.502272108488015,51.77816320494013,52.401497133124685,49.33148020981487,47.783972808879945,46.74833594759691,44.63310554456487,45.684481456058734,46.86001342233141,49.05526048435048,50.90977165401491,51.93530863364949,52.62208956467599,54.1316727567342,54.34020900322088,53.261985857907945,54.02517583613864,53.46607216606132,52.607795216765545,50.65523697210229,48.52443394245128,47.3656381287245,47.781005797382434,47.195964240383006,47.815112397257366,19.54242509439325,31.37670537236755,61.12216442500576,59.694201061645664,41.1965172203987,71.74214328563745,54.037191944157605,42.39999792886872,81.25846599267591,10.0,9.030899869919436,52.90757832981613,55.61054849604484,57.78241718977222,59.09261764589742,60.149848259841285,60.75122313110455,61.0965311632227,61.011987059763314,60.57576725883976,59.67990001503217,58.54127428044855,56.7045459832299,53.41167336459214,49.27498681693201,43.69957607346053,48.1686411550272,53.2333668135886,55.98634045053805,57.96088428680669,59.368277886867375,60.19008222873233,60.554769539581855,60.85890396625636,60.32661463032448,59.64007279427917,58.45773153138451,19.030899869919438,53.739009203999046,48.8651892519729,47.4510603466555,52.2803572685363,55.9697515204546,58.79341929117084,60.75767702059049,62.0077610374788,63.16318690322959,63.72819613554648,63.91151317803487,63.88085030730242,63.576766698270575,62.91862590758445,62.06581145540677,60.540431959350784,58.61573836078836,55.45461752209634,51.519976980237416,46.046687645201786,49.53643735569696,53.99812119978673,57.19201973956831,59.05339226541645,60.6735694213668,61.49549174211419,18.129133566428557,18.06179973983887,14.62397997898956,17.853298350107668,16.020599913279625,12.55272505103306,12.30448921378274,18.325089127062363,12.30448921378274,16.989700043360187,14.14973347970818,57.44657480982938,59.76979181200364,61.49767025164735,62.60144400589936,63.525539223122834,63.9518952942176,64.11385999394321,63.98193736235287,63.70807762129289,62.919042833338935,61.87740068750596,60.31751320523065,57.91632411768264,55.15424752359641,51.11050693030179,49.300520230467406,53.17981897112367,56.341083158484906,58.9768206179642,60.325853213054906,61.52707144811241,62.21362067203571,62.48404157282499,62.25372353249104,61.87963813507849,60.79325986752815,28.35690571492425,57.07399831133249,54.720246977002816,49.75606410341008,46.17524534886292,52.65892786559356,55.82626897824248,58.13193887069552,60.143340124892966,61.485391099136535,62.32009574020847,62.72469138119754,62.80760426326267,62.78486770757175,62.26910372754113,61.59520573248989,60.366967485740645,58.683634371378666,56.58135463071869,53.13177282843738,47.22740837938038,33.35257256434532,48.23637222034628,52.68149550022749,55.25060363575484,56.64164176898292,57.48991503619713,14.62397997898956,20.0,22.30448921378274,9.542425094393248,9.542425094393248
20.5307844348342,26.60865478003869,13.010299956639813,21.70261715394957,17.16003343634799,15.314789170422552,54.15335665649937,56.51789559678718,57.77467422312861,59.08331648316791,59.63450173778868,60.07803234462482,60.23698874206649,60.02599707533501,59.62397750955152,59.21379500258833,57.85620216842446,56.578328697086974,55.49754652654567,53.09774908131089,49.84711793055624,41.09713504792951,43.625201722887965,49.18973430492954,52.1511122756838,54.16367531547508,55.9948351199559,57.12495651265526,57.63201052851681,57.99724351284303,57.76841326650565,57.0389810639393,17.634279935629372,54.76614282032504,54.35162459810087,52.80987889004646,50.92457462483193,52.52175585792052,53.96187137842298,55.442231218316245,57.195964240383006,58.21063935265045,59.03888896436239,59.346044869504325,59.54906472194553,59.28076671951207,58.66358238518178,56.98413751321257,55.131882908623965,53.79432432873423,48.53266135453093,42.15716855249524,43.52491239988165,49.03458980501527,51.33030869991187,53.87678073718292,55.72113829184322,57.31141348457765,57.57921874784444,9.542425094393248,13.010299956639813,10.0,17.24275869600789,23.673559210260187,6.989700043360188,6.989700043360188,20.96910013008056,9.030899869919436,15.05149978319906,15.314789170422552,52.51248762305845,53.29572782429504,54.07705250481119,54.22867135159425,53.86855529184725,53.22752529034789,52.68451596266842,51.57979299487537,50.5701531570761,47.87120273849354,49.26717918123806,49.33011226540218,49.31305281421673,50.97524539012628,52.28944169567319,52.27405887851671,52.961670013592936,53.04512069624235,54.03888868483505,53.9456549309471,53.61419944292851,53.72558534842697,53.23313990462066,53.39578630217175,53.30975557373371,53.88814961616561,17.24275869600789,53.76741155018397,52.58311559452356,51.89799010639827,50.91631790626808,49.43578596675224,48.05324113958714,46.85347560655245,46.34195038207864,46.15750209191384,47.97634492739563,50.36700739609348,51.75424829790322,52.65357994746022,53.21733026398495,53.80082743919474,53.9153670007252,53.32690883335616,52.85039447366519,51.79083350786191,50.525092601906266,48.35373452470009,48.96200925970138,48.83468372477887,48.945652673415445,48.436687229791445,49.67482452712152,12.30448921378274,23.384564936046047,61.12216442500576,59.694201061645664,41.1965172203987,71.74214328563745,54.037191944157605,42.39999792886872,81.25846599267591,12.55272505103306,12.30448921378274,49.90027898770295,53.589774251757134,56.43051756124805,58.32106365139072,59.68518904780613,60.45721095158103,61.04229257787886,61.22905285424036,61.266394651426126,60.64137391546574,59.86070925245893,58.56794724194671,56.39303170343821,53.47979507222684,48.73622816760268,42.18246579668303,48.73553093513618,53.05235255400873,56.414661781123534,58.32287238222391,59.69111053671989,60.500896140736906,60.87202327406636,60.88734824911627,60.43266762034958,59.82463456279551,22.944662261615928,56.34204112802732,53.28438728709528,49.29096917515803,48.909461025504086,53.61616415750329,56.96828001827374,59.31210649144813,61.15128693455716,62.38649428503473,63.08381907512675,63.733302699864566,63.99311600808925,63.79150449659734,63.40354668729557,62.634080929118326,61.55977590318442,59.9199515912438,57.72439067751037,54.37147838560457,49.02959679100212,45.24370154542359,51.55715499683964,55.49476556773584,58.18606559434642,59.83357419375759,61.06016736446748,13.010299956639813,19.030899869919438,15.05149978319906,22.944662261615928,22.50420002308894,16.127838567197355,19.49390006644913,23.673559210260187,15.68201724066995,14.14973347970818,20.681858617461614,56.20428610489297,58.98611657968331,60.62222743716292,62.1338439350648,63.1159049323732,63.7938620380167,64.09933461303523,64.12337045753668,63.90409575408371,63.28343920501351,62.25284722712562,61.03881681786355,59.34005803184044,56.65320148411645,53.109650595496014,48.717188433187616,51.67863552194633,55.349115698763256,58.01974846632148,59.911418675786265,60.97203496891443,61.90164953120899,62.201917993899485,62.28294595632897,61.87514234571738,60.99554269958679,37.39730528564718,58.05996038468861,54.38488553059586,51.316956373470354,47.63465431128747,50.06483156965472,54.90751852637076,57.72964602703148,59.75388606697816,61.23823557859544,62.07723209621175,62.67162572909324,62.931808423688985,62.88066926759054,62.52175585792052,61.547479752965096,60.41608988898023,58.96509683120933,56.48360010980932,53.03612866472069,47.07178282743617,35.4257647626053,46.46991537477122,51.815063073461175,54.78787193845488,56.81640966197427,57.7853109189887,14.62397997898956,14.62397997898956,17.24275869600789,12.30448921378274,6.989700043360188
17.634279935629372,26.60865478003869,10.0,14.14973347970818,21.33538908370217,19.54242509439325,53.9395581180526,56.19974596560095,58.16072853896454,59.06912818567597,59.73786188341308,60.10036925266046,60.303325061706936,60.15522375788166,59.71102281862678,58.8819747210173,58.3475758042328,56.83812235741294,54.36912866801084,51.70217696831624,48.626679502285874,42.31902649456643,43.43861363288639,48.06302102133456,53.02114376956201,54.55380920816709,56.30842646801704,56.91245979856656,57.368146579734194,57.6174897445346,57.254092909301626,56.62156956871266,20.827853703164504,54.02579461901788,52.84333711772966,51.77897059918944,50.32014034159506,53.44238966223884,55.27636344361846,56.65237546873377,58.16062240931099,58.84242943503197,59.50281590389908,59.872751344561806,59.667540082881786,59.175711476516526,58.52661724928336,57.50718163186836,55.79970988537862,52.682877212724,50.08365930205776,44.0891802084678,42.334276506674456,49.44413574349667,52.467373278852094,54.84954347420982,56.02347616157015,56.49586014721847,56.98925704039511,19.54242509439325,21.367205671564065,19.030899869919438,21.072099696478684,18.06179973983887,6.020599913279624,9.542425094393248,6.989700043360188,14.14973347970818,15.05149978319906,12.55272505103306,54.54486609821031,54.87715165410462,54.4782911797731,54.67360923913769,54.28746912129591,53.78401535196379,52.55142197211573,50.95894314299819,49.44660301743735,47.44895100220962,48.548159624165365,49.20065903753081,47.72064868851765,49.006347245581935,50.62062776687373,53.19308058199742,53.37571065247485,53.71466860241561,52.873089515699725,53.51026723284182,53.48604675905915,53.46169045051581,53.862491967089234,53.33809874855226,53.52747698121518,54.45792512379092,11.139433523068368,54.1160792261976,52.06421065237989,50.97066330886012,51.38397442990546,48.43463260627146,46.74989665539449,46.942541120252784,46.53144951600965,47.951985091542895,49.51847296899779,51.09500927123983,51.740598077250255,52.14104388631157,52.42702892223277,53.41066355930505,53.35068566275666,50.98688710166631,51.58278037734884,50.57456892436256,49.09267116636151,47.69059613586798,48.03982594394555,48.51729088928688,49.83378176842217,50.9847066565063,51.30375587431644,29.309490311675237,14.62397997898956,61.12216442500576,59.694201061645664,41.1965172203987,71.74214328563745,54.037191944157605,42.39999792886872,81.25846599267591,6.989700043360188,10.0,46.89006790654418,50.93158927577189,54.214147043451945,56.65806052941406,58.32588738913961,59.70988544021319,60.61995761221007,61.082347802799006,61.201664244977465,61.03134665931289,60.50976838927416,59.51864279202084,57.84919553369302,55.511204923577154,51.96590654117307,45.63777633362166,37.82329268996837,49.50525494146415,54.224092566096985,57.06874748436285,58.83680736701671,60.09617867348186,60.94116700384028,61.22504874725459,61.20737418882644,60.94704809131813,15.05149978319906,58.7617741236193,56.63045692383906,53.913762391696494,51.15943176939055,50.94292902063482,54.176277786553854,57.293340991238,59.54941643064743,61.31807544577077,62.42551863166295,63.17207474937589,63.45383337870256,63.558731576657046,63.397947659157545,62.94614786780237,62.076602142765154,60.7579834148156,58.790528495135554,55.99600361305272,51.50971232062612,44.457287143071056,46.71589343395642,53.02662043981656,56.76001845025382,59.15302728141974,60.59061057297698,19.86771734266245,10.0,21.73186268412274,18.129133566428557,12.30448921378274,18.63322860120456,19.030899869919438,18.63322860120456,18.129133566428557,18.129133566428557,20.170333392987803,54.44672350858941,57.68582608628943,60.07915405500448,61.55370658162673,62.69704365184759,63.57053936431274,64.05111473659133,64.10319760540807,64.00771737501378,63.46562637204876,62.9030735172372,61.55087233915789,59.543631300433226,57.29529249627174,53.767593954048806,48.954004439766585,48.00854491503561,53.48299020482198,57.4618722163094,59.30729537349701,60.74888451520646,61.265943645553946,62.10443197694386,62.2009579157643,61.65315564763216,61.14531256191491,26.9284691927723,58.47366567129265,56.44511458165332,52.93126004247515,47.34999734992562,49.748707698053295,54.64575980424626,57.27412738898268,59.593948882097,60.7666992955372,61.817021334839694,62.61727374882256,62.7673860739783,62.756275716595546,62.29493701132598,61.79612680038265,60.76441270527325,58.850444314619175,57.23857762392835,54.0078140236585,49.150831016512,31.4674801363064,47.046651854545296,52.26264711895694,54.95161212447271,56.25108634642217,57.33186026286941,12.55272505103306,23.117538610557546,16.989700043360187,20.0,10.0
20.0,26.60865478003869,19.030899869919438,18.69231719730976,15.314789170422552,15.05149978319906,53.82179196960254,56.15475538742392,57.9196068359082,58.96087843890655,59.61288174870197,60.1761131785269,60.21778299135676,60.00808771373302,59.66036550312164,59.00135443144492,58.17605690311123,56.885773141873024,55.09289910260858,52.67608151068548,49.52196513508728,41.89209489582306,41.96728722623287,47.85650098070644,52.42645765696796,54.3036212416816,55.95224978655699,57.03444429201894,57.35484722722218,57.66032673090333,57.75916857872562,56.8532246449204,15.314789170422552,54.65021284682802,53.59586972051218,52.56318377003505,49.94954705745496,52.82871245335205,54.29558499461421,55.878007323780366,57.61160759359931,58.392529855593416,59.00364943521504,59.54591734775179,59.58805090938195,59.48243225196248,58.88993384102904,57.57582006708055,56.18141224579195,53.7151117073,50.622246253307054,44.1647407910022,42.83595182754537,48.22298871262366,51.322628922809,53.81115080709851,55.53694953399675,56.58555117374946,57.15020057671264,15.314789170422552,16.127838567197355,15.05149978319906,20.96910013008056,0.0,10.0,21.33538908370217,10.0,14.62397997898956,25.4282542695918,23.384564936046047,53.45720635418249,54.25933444412038,54.29243421553872,54.47661830824472,54.19982168643185,53.7591954370465,52.99160683636836,51.80965540368041,50.473293942098906,47.97655254333488,48.908456037304674,49.21800885305747,47.79055089381888,49.251521674151554,51.047772268974754,52.48978095892653,52.9840108773284,53.34847654492417,53.2962158001926,53.58751238542624,53.29523979356206,53.39310297511973,53.51026723284182,53.31362501834675,53.480262799462174,54.26254187061151,19.294189257142925,53.9748289039068,52.47356965350349,51.889622140612005,51.98596611360443,49.52332244169088,48.000568889250985,47.32136323845126,46.33397750722679,46.45667841581761,48.35424207076886,50.02667047908652,51.030438962306015,52.09849989092136,52.56207643476859,53.51135088881976,53.72794212223005,52.301013467443525,52.742410040754336,51.71205572943273,50.25408281131747,48.26573630669576,48.04582364022804,48.03627795344816,48.94714721525949,48.93900403553743,49.697745697434414,15.314789170422552,22.380461031287957,61.12216442500576,59.694201061645664,41.1965172203987,71.74214328563745,54.037191944157605,42.39999792886872,81.25846599267591,16.989700043360187,6.020599913279624,50.148941904385225,53.67231020104693,56.27163001895574,58.16984600047221,59.31680046505533,60.35735837916587,60.88459650475546,61.03119253545714,61.05965359272956,60.38782644307916,59.66356244702581,58.26205719511887,55.8849692118756,52.65445208390084,46.839920864455536,38.451600776519456,48.2395651071004,53.465485585484736,56.65941971355846,58.53116938877096,59.805541895805206,60.62729732020884,60.99371899224675,61.00123685408681,60.699643075258535,60.13593839895794,0.0,57.01886465992848,54.06194310275888,50.57609056229484,50.0007382378708,53.40162426171224,56.78325316364384,59.23536213973888,60.95663363752625,62.30961852246808,62.98885374496789,63.51290623655609,63.68878127124635,63.61151352502616,63.24289453351446,62.45084578128722,61.39282623554617,59.6189547366785,57.13344353618026,53.76534985393632,47.250618046339866,44.83573034190131,51.36498608156699,55.48927192488775,58.31962507678063,60.123723230298495,61.22584462418401,23.97940008672037,25.575072019056577,23.673559210260187,22.576785748691847,25.477747053878225,20.043213737826427,16.532125137753436,19.49390006644913,16.020599913279625,17.24275869600789,18.325089127062363,56.20812485741877,58.88822874138789,60.72432990809946,62.103211956928,63.04342290868753,63.79349217000882,64.07347557848551,64.0507114581514,63.87106730719182,63.14462596646529,62.34706044165878,60.97032640455566,59.066474490163486,56.39925542185245,52.8230482837057,48.06790271584067,51.11585089421781,54.97389977471842,58.076987032420135,59.77627135485035,61.27437845799803,61.98422009557789,62.18276006333012,62.44029589030021,61.5437801520529,60.96504366294389,29.309490311675237,57.69953786845247,55.37995294766961,51.72468652750644,48.90314807678611,51.93861716285275,54.86698199441982,57.8412424194611,59.67316259490918,61.25119365544557,61.976942505640025,62.507178066760936,62.79201379077763,62.74043716462565,62.47562086884778,61.51242332230864,60.496459020963975,58.731868627101456,56.73826048613122,53.20887486414493,47.28069571159562,33.408405498123315,47.273785694514885,52.17212754520823,54.97903642993167,56.54055192099442,57.70210401500186,20.96910013008056,27.331972651065698,22.576785748691847,16.901960800285135,11.139433523068368
6.989700043360188,26.60865478003869,14.14973347970818,13.979400086720377,18.325089127062363,17.24275869600789,54.26322538118725,56.60900561512154,57.719437354392994,58.94489967233068,59.63304642073727,60.12137151489419,60.19718482323192,60.01787779971461,59.597833540046274,59.3442774638666,57.90313318354467,56.62758775798987,55.56476183825752,53.29513811358952,49.88741732311105,42.02815140967581,44.51863159220612,49.14454229201205,51.81755005694704,54.15147031029284,55.82296364189968,56.947359062883045,57.50816842649755,57.82720516921025,57.71317708320767,56.80010804532196,19.49390006644913,54.23527664199244,53.70875621321162,52.06291446051501,50.71119482711683,52.25474695737348,53.957683271085735,55.63985096523263,57.37816592021272,58.55176188095478,59.208623549296256,59.52832142620299,59.75017997632882,59.656856014607314,58.954634318904354,57.19099159205641,55.53370790961364,54.29805554496429,49.51458948821007,43.47915186501691,41.44543074272788,48.17036226050029,50.274393119239605,53.236171254594986,55.28736777724652,56.938579208282775,57.28909485632829,12.30448921378274,20.96910013008056,11.139433523068368,9.030899869919436,15.314789170422552,6.020599913279624,15.314789170422552,18.63322860120456,3.0102999566398125,15.68201724066995,21.84691430817599,52.95199718397094,53.81521195377828,54.68235049298243,54.8545168275652,54.34853018498715,53.75848264144038,53.00251911948508,52.07521269165739,50.92671529445329,48.188656435302384,49.247805034473245,48.71695501368989,48.799555851227495,50.48088164099313,51.821292140529984,51.84535283818877,52.27950944608155,52.64841425329148,53.67169488534681,53.70153958921277,53.83057381465478,53.603907965189606,53.50459297730297,53.68638270151174,53.66852369512264,53.96312702346493,17.634279935629372,53.716902129073326,53.06639441024262,52.45949210403639,51.607505658605774,50.07338033982387,48.97583109875456,47.6466173242929,47.31467887193129,46.09135329749312,48.11387307206027,50.15045239174416,51.40410614390282,52.28402925447676,52.90882328081014,53.53279414220803,53.36899809359534,52.728089818096976,52.26272450042861,51.18998404380583,49.776001566820426,47.522021531765205,48.43513078608807,48.721446136795294,48.6683650719143,49.20384242178358,49.02013775787815,15.68201724066995,28.40106094456758,61.12216442500576,59.694201061645664,41.1965172203987,71.74214328563745,54.037191944157605,42.39999792886872,81.25846599267591,20.043213737826427,13.010299956639813,50.11993114659256,53.5969322285882,56.28971005345094,58.19675519994293,59.49860643873663,60.35776234966274,60.89961601356478,61.15443084674305,61.0225700176149,60.54524961204229,59.63109893513376,58.15851918065753,55.95271300459412,52.91752795947377,47.01895956420554,37.74954689080138,48.172810350608366,53.48415856870041,56.691494542790096,58.62781141611285,59.925508669930274,60.701982487391305,61.0838978235262,61.08881834886701,60.75328664437543,59.95330643019581,24.29752280002408,57.02176261879415,54.14471949629303,50.86452375375495,49.9153174686426,53.74405539576627,56.976381545281775,59.26435573253102,61.03054172998105,62.13867442375965,62.96564281841576,63.5507779331769,63.8284735463339,63.70041530721595,63.250228002704524,62.45667851011257,61.34915290669073,59.6524169380088,57.2868242262654,53.80301710305184,47.749328133874,44.407989209437126,51.6932756520325,55.82805122548101,58.37937374834992,60.05401894757627,61.16871295363873,12.041199826559248,23.010299956639813,21.613680022349747,17.24275869600789,12.30448921378274,21.13943352306837,21.33538908370217,15.314789170422552,18.06179973983887,16.127838567197355,15.68201724066995,56.30416686966861,59.05723042266296,60.595107844304,62.11041741445328,63.07795661906648,63.843150554402015,64.08526403401521,64.10825298261956,63.8450484412585,63.23369684183447,62.2469514824474,60.8016019975733,59.0098508044986,56.5555523431165,52.32411578420846,48.21971817642043,51.202118682570735,55.47501493759911,58.03867998701571,60.00719030404205,61.29283759446548,61.97607465696202,61.91928364174656,62.35053493323989,61.68522526919659,60.96236856287253,32.003031829815846,58.266610285196585,55.099346927096455,52.51905770472128,49.32661444864035,52.04608289327035,54.5536874496177,57.79447131760569,59.85818374852126,61.04757778148791,62.08391904251464,62.626356849787655,62.8998672497201,62.94734656223466,62.48115063668784,61.50621987259805,60.41689877762424,59.010183550180656,56.35517926054138,52.851633400345605,47.077830133881086,36.7833624673218,46.59126720522244,51.762880946081225,54.8061050905939,56.826594241794346,57.74495067975732,20.863598306747484,20.37426497940624,12.30448921378274,15.05149978319906,16.020599913279625
21.13943352306837,26.60865478003869,20.170333392987803,18.573324964312683,20.0,15.68201724066995,53.99266920645151,56.37014146907931,58.11102923280413,59.058762578708055,59.731888353517306,60.046205469104734,60.30409043858815,60.08610816104069,59.92343609657048,58.59216379185923,58.338875232655134,57.04442237268508,53.739358038595086,50.79749076619894,46.19145526346042,44.17122788878019,44.78306706922567,48.90113494290917,53.33842091351802,55.18766546825188,56.45871070355568,57.384634394619525,57.82968268260742,57.66490923861874,57.4108302062464,57.389469533217,19.138138523837167,55.11863316155595,52.57246464907372,51.00801179244967,51.08409407490196,53.35257256434532,54.90646620997555,56.67977525198954,57.86786902271548,58.714912057760806,59.28043869672496,59.51565293632028,59.1950746531715,58.83859519089781,57.90499794646706,57.48443875163749,55.85660346283996,51.12688769397097,49.16190659980537,42.53434935241006,39.826329943948494,49.06862771404509,53.59106621809688,55.66971045994559,56.73220950015491,56.75661964481081,57.39842013747855,17.853298350107668,10.0,21.613680022349747,17.16003343634799,15.05149978319906,18.63322860120456,17.24275869600789,12.30448921378274,17.16003343634799,15.05149978319906,0.0,54.07866583030776,54.58825121741065,54.13702012781114,54.11188564170022,53.73656657697567,53.19938439980309,51.75871160755237,50.1142241148846,48.531930659832845,48.61898659213566,47.49187304853726,49.012293982336445,49.43296614566655,50.6292777806305,51.32275703044142,53.52259719157145,53.79704269024448,54.24463467752972,53.014835964324256,53.41167336459214,53.38546132296735,53.60525253895438,53.67074377139205,53.70773921022426,53.71668067360065,53.730904686893865,24.099331233312945,53.26335860928752,52.0581314067537,51.16295524130523,50.5032174332882,47.83510536397503,45.74471129976794,45.52729037410788,46.00253919030564,48.50646235183067,49.729892268553485,51.19166777164973,52.29571783218722,53.01073422940844,53.328604294878765,53.47544669645012,53.19524530011508,52.15885962751215,52.10291760253723,50.77186154085897,50.0,48.64985460659794,47.52578501556027,47.67660393845374,49.45557207615936,50.77894554033601,50.90786927949267,24.37750562820388,26.989700043360187,61.12216442500576,59.694201061645664,41.1965172203987,71.74214328563745,54.037191944157605,42.39999792886872,81.25846599267591,9.030899869919436,6.989700043360188,46.77652569492963,51.24533568064719,54.20175317181794,56.79559618684312,58.51749863102087,59.87109188735828,60.80543515764974,61.27274917730166,61.50411629726254,61.18281264025998,60.69231733646361,59.86259681391463,58.44418147448559,56.45520514905874,52.93411175290507,47.138935694768094,41.148777498928354,49.52162574214463,53.82247643971135,56.80578432773625,58.65336760443398,59.98925530280491,60.72362042165312,61.10934652225308,61.089075212857615,60.64227677215217,14.14973347970818,58.379096216078885,56.1906514232973,53.26192438127772,49.51361807517263,50.07803234462482,53.9042813441622,57.442522905621686,59.5580797024006,61.56128887770983,62.5483267993976,63.2569049532211,63.635181546294966,63.82289607461736,63.62622881474409,63.0878310632454,62.09922309676319,60.99796966737556,58.939575109787896,56.34280735154746,51.97856477975747,45.95958928757548,47.572897199304535,52.88886111222446,56.638073663067615,59.14067999166686,60.563292203144535,15.314789170422552,17.634279935629372,12.30448921378274,15.68201724066995,16.127838567197355,25.865873046717542,19.294189257142925,20.96910013008056,6.989700043360188,11.139433523068368,15.563025007672874,54.25933444412038,57.386259918874565,60.12319557733254,61.70604907153802,62.78762743898312,63.50087454803621,63.925740322856754,64.14879964618139,64.11835116461491,63.47139664789977,62.87887684867467,61.81299808111142,59.63287628690812,57.314146902156,53.57387824937072,49.79225037302447,49.99900100780312,53.83114905342069,57.44991205284262,59.49882578246132,60.87492146654451,61.909031897562976,62.00861437360908,62.25114839722267,61.83632506099944,61.219696536524566,27.958800173440757,58.94008513204196,55.79524085288228,53.49227002575938,48.40532648276319,50.376814217028205,54.84052007204824,57.3465984103638,59.60543550249276,61.01172559554067,61.91469459012605,62.45060865329585,62.69497299995136,62.779164348492856,62.375743990552,61.88845552301345,60.77653101301821,58.815814999287554,57.29557583695636,54.071018452351765,49.47992161466088,36.70709595223797,46.87350569558028,52.28567165561444,54.95495771550323,56.45322035979742,57.58422846706835,18.129133566428557,16.989700043360187,17.16003343634799,14.62397997898956,20.37426497940624
15.314789170422552,26.60865478003869,21.84691430817599,22.87801729930226,21.95899652409233,18.63322860120456,54.16257626999023,56.34646521336565,57.81328048425802,59.04289695519623,59.70021265828365,60.005004530818425,60.31698032014432,60.00337315782222,59.66662104730151,58.89129631770121,57.79080369821743,56.46729080096642,54.76741805155029,51.89125206925528,48.05922035052057,39.0156729002845,44.144552263777214,49.86601564949333,52.9843604083526,54.96888152987568,56.56038758081967,57.4753376613398,57.75276134675352,58.14131013315124,57.85754666181696,56.90559317343434,27.16003343634799,54.53935700235335,53.90477621226813,52.81898819518436,50.81365313006428,52.92656943947477,54.72876338988141,56.08262809876864,57.647498293111326,58.34472841324161,58.88451895953429,59.30835987881085,59.43037227289138,58.92896749450898,58.02465164031909,56.55486115520756,54.4870631990508,52.053397214315225,47.40054625989829,42.87376181552599,46.409284208668325,51.09274738230295,53.01203678722446,55.17947671995249,56.61973505565725,57.50681923692792,57.76225959878396,13.979400086720377,20.644579892269185,15.68201724066995,14.62397997898956,9.542425094393248,12.30448921378274,12.55272505103306,16.989700043360187,16.989700043360187,20.253058652647702,19.86771734266245,53.14164378498713,53.76987335620002,53.87692303200921,54.03151418498354,53.389283829782144,52.82653828583537,51.87887178409547,50.78721374329213,49.96861768490674,47.55341183811548,49.89894563718774,50.62273544444231,49.90893580219904,51.63295579868716,52.47209512789139,53.44757634770257,53.69618413956875,53.74982838362524,53.897506588375066,54.02862957968563,53.83958910679112,53.629835845489175,53.530251964354605,53.17990250415252,53.08148059630204,53.71898694778741,16.127838567197355,53.22756660077759,50.88224711184667,50.31250877666336,50.2840856511547,47.1032895804263,45.8628341726321,46.50210354660359,47.25666660314179,48.747890202045966,50.27757204690553,51.9759203545952,52.47452782675624,53.08649770181384,53.44038405543933,54.08409578468429,54.18991966248755,52.37998403427572,52.591971472152224,51.508300948690064,49.83175072037813,47.908830510120985,48.54093398046732,49.2444986824618,49.801397777457545,49.6496166700632,50.21718402288543,28.041394323353504,16.989700043360187,61.12216442500576,59.694201061645664,41.1965172203987,71.74214328563745,54.037191944157605,42.39999792886872,81.25846599267591,3.0102999566398125,13.010299956639813,45.23291129186791,50.40095763421042,54.37346195456429,56.87181029584924,58.55090100711522,59.78100592092018,60.7468847308281,61.30948744241971,61.44924303946112,61.25788903965883,60.86351287092708,59.924938700382654,58.35371549056859,56.24803761044617,53.23031286280438,48.68573911237082,44.58063445325183,49.21816484310169,53.93139813253852,56.82470900706532,58.63322860120456,59.81512817815812,60.64219061550736,60.90554654842261,60.88658346039172,60.57461077653551,18.129133566428557,57.96730401424177,55.59782181241335,52.2481783739504,47.5226362009077,49.31076296950677,54.08370573307751,57.4938379124492,59.81793699056499,61.38457121618902,62.49982803997735,63.335998049809234,63.68919730963,63.844598686594,63.71978002307566,63.27632300576444,62.3820322403619,61.00338833569084,59.331004011391016,56.62035925532177,52.894685462122894,47.40086232305504,47.52209837016578,53.13379946990906,56.5644032578538,58.86240228593843,60.41688299587226,16.127838567197355,11.139433523068368,15.05149978319906,22.671717284030137,10.0,27.63427993562937,23.05351369446624,16.127838567197355,14.14973347970818,21.33538908370217,20.0,54.12636917494944,57.58469806878281,59.73365264615259,61.59252185443408,62.71582578317296,63.48832706556731,64.04304889174172,64.17910748022594,63.99677874077745,63.50600933051223,62.823451816940135,61.66586988080664,59.97691244723835,57.82131361122347,54.65758977923728,49.87313145438823,50.16908043972074,54.09611930846435,57.25131324139149,59.27654153097046,61.03949373260748,61.657940448320986,61.972678737840894,62.39215615899815,61.89799010639827,61.37020982330471,35.212688755983855,57.91772729234724,55.95522675506093,53.26108411343633,47.76207056424993,48.95693205061748,54.388665642354425,57.15188277117357,59.55708911433841,60.65502408658655,61.980150662306585,62.51756206002006,62.89376881238489,62.83270917510087,62.47434357908628,61.74072024812556,60.727368727428896,59.2046144322414,57.08227081663434,53.80735697415691,47.948016292743525,35.446880223026774,46.55618583541222,51.94028437352706,54.81720602657,56.50536754565493,57.63399538854389,21.613680022349747,3.0102999566398125,23.010299956639813,19.86771734266245,12.55272505103306
13.010299956639813,26.60865478003869,20.827853703164504,12.041199826559248,20.170333392987803,6.989700043360188,54.36025814771378,56.32418821505783,58.01130560623635,58.92882299441325,59.78801146346359,60.04239667135181,60.25113258026524,60.044589502411945,59.52339514257479,59.13730163188839,57.82142836505499,56.27489776723627,54.85076602605679,52.26901358153504,49.19104253906271,40.22510850434031,44.83059261945648,50.02999280215577,52.77895593794787,54.58687695618518,56.33243170019177,57.20960973800096,57.56828493830685,58.00937605398025,57.79403107808563,56.5846359101526,19.49390006644913,54.13638348223296,53.778342244705485,52.15404890562706,50.83853640140072,53.106933123433606,54.760457691349735,56.07717665134851,57.78596897325425,58.65209424890905,59.30069369174157,59.53864991755271,59.64358172270096,59.272168441235166,58.35042132959504,56.72083997252347,54.8051859123545,52.65572461743118,47.37296033844829,41.246672176986095,46.32507906307723,50.359417836151074,52.168570550960574,54.47413879499767,56.0985042877394,57.3800002945973,57.47549299757458,21.13943352306837,17.24275869600789,15.05149978319906,3.0102999566398125,17.634279935629372,14.14973347970818,23.05351369446624,3.0102999566398125,12.55272505103306,12.55272505103306,10.0,53.473300153169504,53.99594122369472,54.56745495347945,54.37517502892371,53.91150435529573,53.1667681035228,52.28528677357182,51.06394903130426,50.05703753763508,46.88223989360849,49.29240061747223,49.62776443876409,49.62321972729584,51.122597074247054,52.27138251208445,52.74741905845191,53.000234383982885,53.372775184505215,53.85066197458664,53.95011699578095,53.79662598524271,53.71452089074037,53.766882535649046,53.41800404487081,53.5620183515742,54.02716937651486,15.68201724066995,53.62738753502467,52.057888059837325,50.856330255180936,50.435862454685946,48.71298496155363,47.28597243383432,46.78044676072082,47.06427586928978,47.84545974054523,49.76666297985018,51.46490830205793,52.05542678588533,52.733369966662885,53.12492592285657,53.81557276087501,53.53225501669502,52.12996822560625,51.84174511571264,50.52093438920491,48.93362227087812,47.61514385682483,48.84874628198183,49.51827887741115,50.25248501827982,50.0207962639312,50.40396614591807,19.294189257142925,28.020892578817328,61.12216442500576,59.694201061645664,41.1965172203987,71.74214328563745,54.037191944157605,42.39999792886872,81.25846599267591,12.55272505103306,6.020599913279624,46.01408060534684,50.79806903039572,54.48342967936906,56.84861512791757,58.65299452032231,59.82481995669616,60.77734810861976,61.284180101883805,61.40937725380426,61.24379657052248,60.73982511612763,59.81703112051618,58.32504442004735,56.09231456315057,52.730892801608846,47.70866733239471,40.022956825549336,49.01158516602071,53.97253280732584,56.8285417588008,58.651021971703074,59.82991744826072,60.77185426928349,61.13383085263452,61.02081255886421,60.70058933999289,11.139433523068368,58.40369603634602,56.17391449601495,53.14172805551428,49.561684304753626,50.23914716633211,54.32374332783222,57.613579227413474,59.76262836204536,61.38761386678035,62.56022703689279,63.22864259904865,63.774273775605565,63.78327027028166,63.524189029859095,63.150615729747166,62.17970344761586,60.88063050181,59.06828865210528,56.56582079621999,52.4308271667869,45.98921759818636,47.43196081448701,53.233511204032126,56.7664423439291,58.86446729477093,60.44337852762968,18.06179973983887,10.0,16.020599913279625,21.73186268412274,13.010299956639813,24.62397997898956,22.85557309007774,22.92256071356476,11.139433523068368,21.64352855784437,22.30448921378274,54.5094465425694,57.75424750150452,59.82890565641869,61.543061772078254,62.74722988259207,63.537048959165496,64.09636451278725,64.13230003071541,63.9892976627535,63.60226171589798,62.716209195883785,61.54865955480786,59.99906616647321,57.642329382802586,54.21932813278509,49.230418536264864,49.90094550948234,53.78283406558633,57.07612751901304,59.07371046915755,60.86724556042259,61.85107359499567,62.292168446321256,62.22209064526325,62.2052256294048,60.94180686641192,25.514499979728757,58.4971907800837,55.63420564733509,53.23212898425472,47.04913723482905,49.97879819031895,53.91217483239402,57.24231618474707,59.36413702483222,60.92368646367176,61.86605200029075,62.6168078020532,62.83098736941358,62.84014062539218,62.44984283906936,61.80214503501105,60.53991423240386,59.21816484310169,56.73117713579957,53.62851769597906,47.71477239864823,34.62397997898956,46.10415271187789,51.67346877585636,54.66203071463981,56.658632375958014,57.7062597247949,16.127838567197355,6.989700043360188,12.30448921378274,18.69231719730976,16.989700043360187
17.16003343634799,26.60865478003869,17.24275869600789,18.129133566428557,13.979400086720377,14.14973347970818,54.292175588573535,56.335108729690965,57.870103604369866,58.815101902502064,59.81498315788363,60.03324793873708,60.11118999488857,60.100725711056896,59.63215314376911,59.28689209215233,57.931090834994585,56.682610157686746,55.42905061052672,53.11425367855133,49.66057213156599,42.43658026638697,43.91957848245589,49.36161740911157,51.989043994567325,54.21110129793434,55.824326972004606,56.95176862934824,57.47679760264284,57.92479240044241,57.73192356809318,56.73010764251853,6.989700043360188,54.296392518615534,53.92881533141619,52.12640313534833,50.57502547172418,52.23602359923891,54.04171511368851,55.61170578905488,57.38102434843263,58.40277393608149,59.30707123386355,59.68006364173257,59.73702682193429,59.42647855662629,58.85553443271495,57.48615906432416,55.66250062821042,54.49300942456012,49.37166703715032,44.34983840181938,42.04119982655925,48.13354108849671,50.3747430754549,53.34696968368718,55.290939795884896,56.89954935339146,57.17087724927019,17.24275869600789,19.294189257142925,9.030899869919436,18.06179973983887,14.62397997898956,14.62397997898956,10.0,19.86771734266245,6.989700043360188,17.16003343634799,17.24275869600789,53.18735136361958,53.83704086196553,54.61686070285481,54.5722314616222,54.42863722568753,53.81789924672815,52.93212238498644,52.05664407371687,50.92990679254801,48.00613989826332,49.18056561505272,49.10368234326188,48.575737041474966,49.99530708496493,51.32685448069218,52.13371639473603,52.40112238057654,52.816786448714375,53.49815447311215,53.72709530385925,53.80681472737826,53.63525488396309,53.57410710747145,53.52539457963533,53.56385388344368,54.02426468975914,16.127838567197355,53.89169629611139,52.73059174134606,52.053397214315225,51.90345707443753,49.86278955905991,48.74110566316574,47.84089257609628,46.86296564621513,46.49568496921974,48.02972019227912,49.70314326173349,51.300151690408605,52.07777044554511,52.45909766961744,53.71141778446181,53.37646915829372,52.64149345008006,52.352885086872256,51.57496055349965,49.9963938590446,47.87233703685299,48.29387406677873,48.93989110889535,48.85547790860998,48.85389493491494,49.59785259728594,26.884198220027105,23.05351369446624,61.12216442500576,59.694201061645664,41.1965172203987,71.74214328563745,54.037191944157605,42.39999792886872,81.25846599267591,19.084850188786497,0.0,50.23474695673157,53.440777384681006,56.33295713424148,58.1127599039678,59.57030877965836,60.31977723767159,60.91104296201771,61.12001731055895,61.01143659045313,60.60575843117846,59.593629375226776,58.15345265515724,55.833178201069074,52.59605823014383,46.99742361319838,38.09222921689422,48.29869595403178,53.63455906647878,56.67656509903016,58.63159225211228,59.908944672130886,60.66821074205441,61.20922542881114,61.144858813991306,60.82828797593312,59.98313839833308,20.681858617461614,56.81614750920452,54.17227489610613,50.86680093734624,50.11993114659256,53.52963545464858,56.87865921454695,59.27933143686932,61.00858679643223,62.181375259811,63.11549800641678,63.56099508822196,63.80858762312506,63.63100489760705,63.13123856646584,62.584545724712974,61.24674387979833,59.77471183995125,57.14091587049336,53.84665176909834,47.66450028267501,44.55179975545529,51.51213512876824,55.87779414310248,58.38678486501047,59.98183024957879,61.147777319715615,20.37426497940624,19.294189257142925,21.072099696478684,19.49390006644913,23.443922736851107,16.020599913279625,18.63322860120456,20.96910013008056,14.14973347970818,3.0102999566398125,19.49390006644913,56.329348546820775,58.81992015876862,60.75308946600841,61.95977099296299,63.24156059270513,63.76503960252927,64.04448151912091,64.11057958283641,63.81711487332022,63.35923239056018,62.32579394186156,60.92635391115642,59.10949737100534,56.37739827119137,52.58828770593979,48.04691324111665,51.05687272684375,55.5155855802391,57.90308391480005,59.75182649633386,61.07873119344161,62.16723394915361,62.200667496099776,61.94702171779216,62.22143188301107,61.07850420834466,19.912260756924947,57.865526798563856,56.14226282289552,51.50624443388296,48.56686606525174,51.025743312033775,54.77286255274666,57.56700753225915,59.80223873527753,61.0263811216069,62.26049278122797,62.69214205665464,62.91787179125872,62.74738214673608,62.30428738989285,61.52291402784133,60.32381002140569,59.06121613917973,56.40451621680509,53.04705898212766,47.00842115642654,34.53624073591451,46.44014921144216,51.961236573876576,54.92448870030101,56.83238914361968,57.82562197123581,6.989700043360188,14.14973347970818,20.863598306747484,16.989700043360187,23.117538610557546
12.55272505103306,26.60865478003869,0.0,12.55272505103306,19.294189257142925,21.613680022349747,10.0,17.853298350107668,19.138138523837167,17.853298350107668,11.139433523068368,17.16003343634799,12.55272505103306,13.010299956639813,16.020599913279625,13.010299956639813,19.138138523837167,16.020599913279625,6.989700043360188,11.139433523068368,11.139433523068368,14.62397997898956,11.139433523068368,9.030899869919436,15.68201724066995,9.030899869919436,18.69231719730976,15.68201724066995,0.0,10.0,13.979400086720377,18.69231719730976,17.16003343634799,18.129133566428557,21.33538908370217,10.0,0.0,12.30448921378274,10.0,15.314789170422552,13.010299956639813,15.05149978319906,16.020599913279625,9.542425094393248,9.542425094393248,17.634279935629372,3.0102999566398125,18.129133566428557,16.020599913279625,9.030899869919436,12.041199826559248,6.989700043360188,12.30448921378274,9.542425094393248,11.139433523068368,9.542425094393248,11.139433523068368,6.020599913279624,6.020599913279624,11.139433523068368,9.542425094393248,15.68201724066995,13.979400086720377,10.0,12.30448921378274,16.020599913279625,11.139433523068368,13.979400086720377,13.010299956639813,16.532125137753436,36.650178254124725,33.875677794171885,29.54242509439325,22.14843848047698,24.4870631990508,25.68201724066995,29.93436230497612,34.01745082237063,37.33116981442065,37.38542740928785,39.03089986991944,38.10098040681143,40.99680641109251,40.61188504662071,39.20957705955449,38.723311212302505,34.51018452155458,37.50816842649755,32.65996370495079,32.137832993353044,25.563025007672877,28.99273187317604,30.629578340845104,31.958996524092345,32.83527364861693,37.50431248660202,18.63322860120456,38.79267956824613,38.40231594958109,37.902851640332415,35.268559871258745,36.37189422148762,33.75114684692225,32.003031829815846,26.85741738602264,18.129133566428557,24.8572142648158,27.788744720027395,34.21110129793434,35.98243191653623,36.98970004336019,37.35918116531297,37.27622577969137,36.58202253387015,38.64036182725775,36.81602998730868,36.75411693714863,36.41573253178176,32.21153321954705,29.532763366673045,26.85741738602264,25.118833609788744,20.170333392987803,21.13943352306837,19.138138523837167,61.12216442500576,59.694201061645664,41.1965172203987,71.74214328563745,54.037191944157605,42.39999792886872,81.25846599267591,53.007019794884506,48.6914367814229,48.076500129421255,51.56346190871582,55.75818038507129,58.97864513996201,61.49909123245011,63.2206457561923,64.68910808939776,65.604308118742,66.17579224258048,66.39851800366029,66.29129154154705,65.78300465705874,64.88805155439118,63.40544248826649,61.22256847517883,57.73660671466157,50.96499845387549,44.35366506612661,55.01066112234422,59.58203015697002,62.47771284734412,64.24548767687119,65.40167741950378,66.02669746822038,66.24424430320134,66.08174283788811,27.752462597402364,64.55542979373304,63.07838631695709,60.79450786877162,57.65932180127152,54.21136479815856,55.4355651657327,59.22584821360179,62.36356855781758,64.58743577420049,66.1430112798719,67.17329006655362,67.82493335075951,68.1716149287339,68.22637765935431,67.9756701070393,67.37672567137368,66.53161264002682,65.0446991098747,62.98746999577584,59.80679525783624,54.52889951176493,47.4915635401138,54.50436953954235,59.76054998856793,62.716801676229046,64.53944556940272,65.28903465658358,65.70420806573621,18.325089127062363,24.74216264076255,19.49390006644913,12.041199826559248,16.532125137753436,18.69231719730976,18.129133566428557,15.563025007672874,15.68201724066995,17.16003343634799,18.325089127062363,14.62397997898956,11.139433523068368,19.86771734266245,20.681858617461614,11.139433523068368,23.838153659804316,21.13943352306837,12.55272505103306,15.563025007672874,21.13943352306837,18.573324964312683,21.072099696478684,16.020599913279625,20.96910013008056,22.87801729930226,20.253058652647702,11.139433523068368,14.62397997898956,25.4282542695918,24.14973347970818,28.382192219076256,31.96728722623287,20.681858617461614,27.03291378118661,38.82239848018824,31.078880251827982,34.11282913017384,37.16003343634799,15.314789170422552,32.10853365314893,25.118833609788744,25.76341350205793,21.64352855784437,19.030899869919438,23.521825181113627,18.69231719730976,6.989700043360188,23.26335860928751,11.139433523068368,19.54242509439325,24.84299839346786,11.139433523068368,0.0,10.0,9.030899869919436,15.314789170422552,18.63322860120456,22.85557309007774,14.62397997898956,6.989700043360188,15.314789170422552,16.532125137753436,18.573324964312683,13.979400086720377,6.020599913279624,12.30448921378274
13.010299956639813,26.60865478003869,21.84691430817599,12.30448921378274,0.0,11.139433523068368,54.28966934222683,56.43470442715231,57.65046091924191,58.92290547785207,59.59940071865087,60.0695568452928,60.162592716256285,59.933819954145655,59.45162205922203,59.29582394044783,57.69609183336286,56.50286147933433,55.45725124735961,53.10635968944024,49.745393245930735,41.31618664349126,44.92620722043192,50.09506135223509,51.96728722623287,54.39946589026535,55.89593311413785,57.0510131832869,57.69637972254137,57.94775157715644,57.81870214206759,57.033816675851305,16.127838567197355,54.79845850229589,53.81573511428955,52.21322935111285,51.243509557450565,52.06623517801007,53.49442663991912,55.31204202781944,56.92734146637382,58.33636612983271,58.90177812878324,59.23710194396563,59.41136107646499,59.20618411134716,58.61678355323672,56.79618653543475,55.17587774169605,53.69809358673543,47.75136943680951,38.30781075606361,42.61833620575751,48.81869471884279,50.85750679436948,53.59596459787391,55.39508922337853,57.27127911329552,57.73799605220643,17.853298350107668,18.573324964312683,22.14843848047698,18.129133566428557,17.16003343634799,12.041199826559248,6.989700043360188,15.563025007672874,16.532125137753436,15.563025007672874,21.73186268412274,52.10141876169784,52.97629218364148,54.33924968514792,54.3092925238497,54.09987195542514,53.29652075728794,52.78630152346024,51.715187615194026,50.529131495297264,48.36912483547713,48.81299044952725,48.59528566443576,50.262635341580186,51.75419030265962,52.79221929235823,51.95858157323586,52.26581862925329,52.592162751281904,54.083078185237525,53.87179747877692,54.03321314491545,53.94425412220389,53.28781089225959,53.62190207833112,53.45744144364736,53.65203353875515,6.989700043360188,53.24663067987839,52.69888703182173,51.98703812328055,50.79427276551975,49.74097003794131,48.599364730022366,46.83641308557471,46.8686854574798,45.97804842404293,48.169700377572994,50.48367990523573,51.93038287669853,52.85057470314924,53.47825511417466,53.555549568682096,53.5507779331769,53.45556037151204,52.42245669471188,51.174469670493735,49.89253985024831,48.30511682042363,49.16116910568686,48.75200215394774,49.0000096515347,48.57917193837984,49.14067999166686,22.30448921378274,21.33538908370217,61.12216442500576,59.694201061645664,41.1965172203987,71.74214328563745,54.037191944157605,42.39999792886872,81.25846599267591,6.989700043360188,11.139433523068368,49.75275526294006,53.572180508603694,56.35757105440386,58.24454523166615,59.64093614042305,60.38865649727597,60.96340540318921,61.13208104461597,61.04124023228693,60.69388712062426,59.72338476346303,58.467854041831785,56.51321635137042,53.43465708143248,48.58085826163788,42.03304916138482,48.60367956881816,53.21730956007738,56.451283824913325,58.41052101494343,59.6637266904152,60.5760106895621,60.79654730745447,60.94151317070693,60.54687345494696,59.706373936547365,18.06179973983887,56.33744094586134,53.15521132446263,49.46712567164916,48.55252561206406,53.589774251757134,56.87397850483704,59.30910844159109,61.11151236653925,62.26127981889896,63.07444903680781,63.59803620265911,63.96647363648428,63.76375456071148,63.40436380759932,62.59671271006403,61.493749378939725,59.93122631640309,57.56083571630817,54.161893389532366,48.76246715594605,45.31478917042256,51.829450693524365,55.76037122338447,58.36980126379976,59.71254040668508,60.95172839726837,23.443922736851107,20.827853703164504,17.16003343634799,22.04119982655925,14.62397997898956,22.671717284030137,9.030899869919436,17.634279935629372,11.139433523068368,16.127838567197355,18.573324964312683,56.33720878999598,58.92998441688725,60.57660399478996,62.09155634651591,63.0650222859647,63.74138806706669,64.04188292857552,64.12216030457444,63.8472750261704,63.347803544847935,62.285245717474005,60.94810954246871,59.24645696673039,56.75411693714864,52.89055789774825,49.30123443830713,51.828994675482605,55.45460515342136,57.93092299523009,59.754547864454025,60.8639186761059,61.74602845233974,62.17086316988428,62.2752601336039,61.8767241539997,60.56210949954479,30.43362278021129,57.776305087561184,55.20856747678442,51.72068490339178,46.75640884960831,50.76571271396158,54.76161852632889,57.653086042018494,59.63927534401108,61.214472347236686,61.99182595053634,62.65801659353829,62.821200166568175,62.788598758087176,62.52270345988322,61.43502248674188,60.311195118176606,59.06133473774855,56.33820798134754,52.94194982991718,46.58431170803492,37.21068301797159,45.78524605274993,51.389875535502334,54.618960229043125,56.86296564621513,57.75803344034647,9.030899869919436,20.681858617461614,17.634279935629372,15.314789170422552,10.0
14.62397997898956,26.60865478003869,6.020599913279624,23.443922736851107,18.129133566428557,12.55272505103306,53.96286546068402,56.29740800729937,58.19007316268934,59.08593310913592,59.770286355116575,60.0109651104352,60.42639293528066,60.14332751904155,59.837390176850384,58.74841744443718,58.28766201905764,56.84275200359647,54.09933123331294,50.66210346645398,46.443302485335785,44.75395127521365,45.021265607034486,49.63457260116708,53.12858317536693,55.20347262114665,56.39366942225053,57.16500826883856,57.79148980741438,57.68408685826983,57.36525576132796,57.51929288739888,24.099331233312945,55.29693366815967,51.89125206925528,50.28591584355279,51.670217957902565,52.69143870620688,54.77591485745883,56.71061708373563,57.79169922968174,58.73255481830414,59.250117984072176,59.57097517954292,59.26756475580342,58.843070036280594,57.853818048473535,57.16178696385568,55.50840826708179,51.67559526711227,48.78717069217877,40.86537783753207,40.50766311233042,48.25458575036393,53.51975937833653,55.23357508104692,56.607478801716624,56.95847520528034,57.47009180268728,0.0,19.49390006644913,21.73186268412274,0.0,20.827853703164504,18.129133566428557,22.14843848047698,6.989700043360188,17.853298350107668,13.979400086720377,15.314789170422552,53.68705168452805,54.383033815349286,54.23946734670386,54.31982594821656,54.03027816017118,53.2434008296937,51.74469765022452,49.98721293602391,47.979181486515486,49.140521193491935,46.54561554741744,48.45253117495606,50.44539760392411,51.57967224935142,51.82802547812869,53.16969959714524,53.6393523034581,54.09332807682845,53.1585703646417,53.38362851213206,53.34554270647249,53.45720635418249,53.575842222351504,53.96861620602315,53.97136689974175,53.27358934386331,12.30448921378274,52.68599030910711,52.64102063795822,51.79718353664835,50.04510530179327,48.90141460064577,46.75411693714864,45.31900233727593,45.87396633063575,48.57772599710746,49.98054351895468,51.1965172203987,52.51224409571832,53.29049897567965,53.72889919638395,53.177458499000025,52.806352710536345,52.702990991279385,51.20076840264236,50.29241695503524,49.27765463110657,48.9423296267808,47.419784142159706,48.27885982789856,49.50875774808146,51.20577221303098,51.14277296561586,25.670263661590603,25.289167002776548,61.12216442500576,59.694201061645664,41.1965172203987,71.74214328563745,54.037191944157605,42.39999792886872,81.25846599267591,6.020599913279624,11.139433523068368,46.81693392004564,51.12993548043552,54.22999977271616,56.622448725522425,58.39792812491848,59.934406395562654,60.781133793938594,61.238362934472974,61.35542571841973,61.30156797654018,60.65134362623851,59.67275520743322,58.4845638764865,56.32096749011946,53.03742362946664,46.81711468401807,41.61038412422962,49.37903871429591,53.97441152208384,56.658894837684855,58.64483195134928,59.92785403629078,60.724032158472,61.19008310469197,61.08365418879045,60.60664983789087,17.16003343634799,58.17899059768872,56.370912767290406,53.42306195318078,49.38839824311604,50.26537350058942,54.05873751168596,57.35479132868748,59.59474993030237,61.50847586098035,62.50938162611253,63.26150836654436,63.73605216460348,63.84617531113092,63.65225831528625,63.0863526073946,62.1928397847315,61.06570271563936,58.94640000862723,56.24823337062955,51.978454627517706,45.681665095732605,47.64325605625984,53.25601856927585,56.766881237651845,59.04101799303076,60.52501563413781,22.27886704613673,24.74216264076255,15.05149978319906,10.0,15.314789170422552,6.989700043360188,20.96910013008056,22.09515014542631,21.70261715394957,21.367205671564065,25.71708831808688,54.3805477938661,57.384634394619525,60.10192217888063,61.62478375436586,62.77259804765204,63.512235029177006,64.04488879880982,64.11626439158816,64.07633055985328,63.46450777509695,62.90842093389554,61.73871853975026,59.611457162877606,57.32710518400776,53.71828596999145,50.48325250931222,50.24091421981584,53.80591083226832,57.130341681787314,59.44068414333011,60.681806650289616,61.70004877523802,61.97129424926266,62.02449354138636,61.74541540420779,61.53603913624294,36.12783856719736,58.66530712140491,55.67394595300304,51.15011071300452,49.56710959567658,48.96178863486135,53.45226653349836,57.43231382130477,59.35652845952458,60.866790265833046,61.84467129348703,62.56920898254377,62.70737048661636,62.718165235640186,62.29213770303776,61.882471332324336,60.82291932569292,58.8904272975884,57.07072581386499,54.19817016308991,49.32397655003464,38.86265059029756,46.39665748155175,51.90121504821717,54.8725153193481,56.3606442836808,57.651654353578685,11.139433523068368,20.0,14.62397997898956,9.030899869919436,10.0
17.634279935629372,26.60865478003869,19.294189257142925,11.139433523068368,17.634279935629372,23.873898263387293,54.50449268862664,56.54131280449332,57.5526260243319,58.93431617169973,59.44800873665362,60.11777181141905,60.22189092746149,59.98993442734307,59.67211361174434,59.37630713687716,58.08093434096554,56.71862166135063,56.03409633609965,53.79561123193305,50.32812095687821,44.33673846637062,45.26817255213138,49.59890061670615,50.97971866720445,53.96017917131346,55.33947367170588,56.52907435410218,57.40181037453737,57.67604034532567,57.73805454087949,56.97484786262515,21.5836249209525,54.85769678743382,53.53987357879272,51.57205850555379,50.60561866014357,50.64457989226918,52.62254069954818,55.14569002023335,56.69209921217431,58.4691640357117,59.14690559516686,59.56443620635181,59.8111383550483,59.806359346850726,59.38722315319183,57.78797144803585,56.42057735186447,55.42059447835429,50.65512492839481,45.210988384536,32.90924559382754,42.34340087615184,47.77644277696485,51.42370692176375,54.0327326983974,56.56677833055136,57.0785705630658,17.16003343634799,20.253058652647702,6.989700043360188,6.989700043360188,16.020599913279625,15.68201724066995,12.30448921378274,21.613680022349747,13.010299956639813,14.14973347970818,12.30448921378274,51.87410723240113,53.250166359409086,54.83284825718195,55.034447434378464,54.8100094291968,54.2453210120086,53.355401380471,52.64916944133317,51.5324457380452,49.73889510739773,48.77371345869774,47.90686190904581,49.363578912661936,50.31703280415405,51.7004157794905,50.20382002310025,50.95172839726837,51.41101571123933,53.60943509901744,53.11933897055561,53.52491239988165,53.67961274500403,52.77895593794787,53.69966871208041,53.61450176456757,53.82494323942115,19.86771734266245,53.515837442417336,54.07732426476209,53.869357156744464,52.096570753027294,52.22576017887312,51.02899995945751,49.04309725767541,48.105013477665295,45.43235883876959,46.32953056420164,48.36703799089732,50.26128606128098,51.72757591890479,52.57412157879428,52.72537777375238,52.82760285801096,53.33054115504841,52.11723754084864,51.19338384193543,49.84527313343793,48.740235083473465,49.373222649987845,48.38880560211702,48.14547235464541,47.24218506164001,48.08514805214365,21.613680022349747,28.280150642239768,61.12216442500576,59.694201061645664,41.1965172203987,71.74214328563745,54.037191944157605,42.39999792886872,81.25846599267591,16.989700043360187,6.989700043360188,52.86135233541542,55.471468007418224,57.568072063389415,58.955799906867824,60.07331628663749,60.55288481233272,60.75855237531983,60.510756937837584,60.22321124739232,59.38809825038139,57.770496417352966,55.75319499361207,52.73919846125823,46.79155241283354,37.26727209026572,47.949130707727335,53.17405130851546,56.35669689594246,58.48665040003971,59.84113523918608,60.652696604655,61.23644240327272,61.102950307577416,61.00442576879155,60.46130172422579,59.07982877295183,20.5307844348342,55.00878382689396,52.26385927030375,50.786960129038775,52.46897239637312,56.17760215819275,58.7183261736174,60.57002366166241,61.96931051744311,62.80010320603746,63.292920898355234,63.5732965140783,63.677631839739206,63.41729230385448,62.75026031887882,61.592187758023805,60.112827921269854,58.02615024929512,54.81101365458365,49.453159151152335,41.66755638665237,49.21733283144757,54.99006246163998,57.81337389459626,59.642832068903154,60.7452718024924,61.60413603049782,23.443922736851107,18.573324964312683,15.05149978319906,18.129133566428557,19.294189257142925,24.84299839346786,13.010299956639813,20.681858617461614,16.901960800285135,16.127838567197355,20.170333392987803,57.82304176976399,59.96357978265049,61.41779837178718,62.57410957433071,63.43561407060044,63.90554491338382,64.08343776428252,63.96443460112428,63.5327633368387,62.889700657393774,61.64776532370893,60.06927903017554,58.13634354810813,54.904108095564304,50.36505135736203,48.95096426495351,53.20862592653373,56.6013661747367,58.65573564498324,60.35479769229117,61.35837449771408,61.93997876614584,62.09890704384001,61.95441603702557,61.68577911891707,60.85314130127025,34.44825199509748,57.22647082773261,54.55834228396568,51.08175878525592,48.57199775061667,51.5768941753509,55.08718208999562,58.19081099577451,60.04889454857245,61.54896053540625,62.16589429834832,62.62961738044284,62.850466566356346,62.850459807717385,62.389614239295256,61.36443100677447,60.1920646472363,58.82094014503936,55.87991426431244,52.085192859560856,45.15370405983716,37.0104963072914,46.41999308964985,51.18730854541657,54.76579496499389,57.062678967625374,57.95502538297546,12.041199826559248,19.030899869919438,21.70261715394957,25.118833609788744,6.989700043360188
19.49390006644913,26.60865478003869,17.24275869600789,15.563025007672874,10.0,23.59835482339888,54.48720229470006,56.519638126239656,57.67233067127962,58.92101840871527,59.56822262263668,60.08506490299809,60.28360153796743,60.03342032826852,59.65730719205574,59.20866523718096,57.898767211377645,56.50428953157026,55.44421540238881,53.038977077644645,49.13416450054413,44.28976638512883,45.94270975108351,50.182218454762726,51.8150058846776,54.49262355308886,55.83150012320797,56.8275951582264,57.61897782399069,57.67437880315032,57.589391295252994,57.028069341787926,15.314789170422552,54.920671992524966,52.98898904062661,50.89626084717398,51.58844773634988,50.89781514122957,53.36399688986084,55.77014733119085,57.04628321152683,58.64295660294688,59.3888181981342,59.64344971758267,59.77586438003851,59.47320967148684,59.02636455398461,57.30269376273044,55.588585082118186,54.295665753771445,48.8665425983315,40.75729399740899,38.64807629026147,46.40451621680509,50.785148167822655,53.23584141433781,55.288049000307765,56.92406234833631,57.47571045896962,6.989700043360188,0.0,10.0,17.24275869600789,15.05149978319906,18.129133566428557,10.0,14.14973347970818,6.989700043360188,15.68201724066995,17.24275869600789,52.38547887681328,53.36611810355694,54.82903583178255,54.813064422152834,54.63821346873917,53.69022794734413,52.81714970027296,51.90023379766885,50.3832602950881,49.00694774452398,47.72299697998949,47.34703842301043,50.650603421009606,51.81343289794601,52.34884102331191,51.117227831724406,52.0577258209842,52.0924953123108,53.768560566653264,53.44364760946025,53.71564706539054,53.82782240077313,53.20947640446896,53.894673270553696,53.92698711533362,53.45138383110101,16.020599913279625,52.98453516331609,53.89160766440359,53.059529449605066,50.60879073273992,51.0985179311824,49.745393245930735,47.19206948246827,47.12085425704258,46.84064005878024,48.28692113031896,50.005425290922936,51.67836995345471,52.712489826348026,53.450402840195565,52.93671865542379,52.65037275091898,53.49193963891238,51.22324028714295,50.20415151713768,48.70550206268082,48.18944722385484,48.41966057661102,48.31088749485442,48.3233643800662,49.62222493738536,50.21429128836864,27.24275869600789,21.613680022349747,61.12216442500576,59.694201061645664,41.1965172203987,71.74214328563745,54.037191944157605,42.39999792886872,81.25846599267591,16.532125137753436,10.0,50.18121886065767,53.52462306633079,56.1971613817981,58.13806416280781,59.45823950604036,60.37548003709628,60.837641210954544,61.05690337031894,60.893596058308205,60.59894218978394,59.4953149527976,58.0232620567747,56.36111612302184,53.04667139415003,47.6178505378931,38.316138553090994,48.04139432335351,53.21875859529754,56.53853830764339,58.5953216729494,59.864013067094376,60.74752461577297,60.9451480046851,61.25163642904223,60.85976984463176,59.89635776919484,23.654879848909,56.690498980560015,54.37883683790041,51.28870790886468,49.81877475216869,53.67171353255805,57.01785509516456,59.18862461351723,61.02332838852207,62.18762833267839,63.01235802476042,63.52482753070454,63.84590840017906,63.776941010043366,63.32415229589478,62.4508803613709,61.2902731346557,59.79605275389653,57.17953284719067,53.571665332413446,47.8964415964544,43.77306251068199,51.91923060068589,55.95391493524623,58.49769411136137,59.89450262640318,61.11144512054292,19.294189257142925,23.384564936046047,19.294189257142925,19.294189257142925,17.16003343634799,23.26335860928751,14.14973347970818,11.139433523068368,13.979400086720377,17.24275869600789,21.13943352306837,56.48817487054431,58.88602345880736,60.67872462760688,62.024613431021685,63.060562032229,63.683612758721495,64.07206098775683,64.1034812402969,63.78225057331033,63.28174233506725,62.23311592767302,60.82699220718144,59.10165325413292,56.39244372344177,52.13573534356979,48.63893611903713,51.8537781143487,55.65518432489736,57.6932488258975,59.83965292317704,61.25549251050732,62.03266026413017,62.2563384724224,62.38911319290792,61.793863141268346,61.12209398965441,30.74084689028244,58.5033985458348,56.02113189143695,52.2914407968993,48.31485839248657,49.590461647617055,54.0416466159527,57.55844377797332,59.660713008959874,61.25953690215965,62.14592997033215,62.64862430314842,62.81086343395732,62.82543493250448,62.42927103297288,61.62452383527195,60.42708575947262,59.106884239270144,56.428600525844914,53.15554734541652,47.12413973991965,37.7887447200274,45.69993887567448,51.252241913971694,54.58335625991947,56.91736420068536,57.816297341096416,9.542425094393248,19.294189257142925,19.49390006644913,19.030899869919438,19.294189257142925
19.912260756924947,26.60865478003869,14.14973347970818,6.989700043360188,20.043213737826427,6.989700043360188,53.909103904539286,56.13465481647863,58.21658269109963,59.16480268630046,59.89831437517648,60.08304580632312,60.36715905208943,60.09459394629076,59.73226251733358,58.61675369408584,58.25013699293087,56.60685274789785,53.43321923218732,50.48088164099313,46.41484025790042,41.47521743537597,44.48474428212161,49.77119744913775,53.48299020482198,55.43265720162231,56.54773166417917,57.41135834700641,57.65210180691792,57.60713423570496,57.21986110536365,56.6267662990499,22.671717284030137,54.042947888227616,52.25825991461893,51.28260298102112,50.79788833110516,53.93878664679746,55.77790418221759,57.17461625356278,58.47010921039175,58.98515112122176,59.62703097909522,59.87489294085287,59.41609311778798,58.69363748657904,57.39022206238229,57.15041821070042,55.12217305233624,50.12440697317579,47.838607191498085,41.96590654117307,44.57109467418195,50.86463052341308,54.15322313681144,56.00547100200422,57.01542082028082,57.03983118131511,57.20067471435775,15.68201724066995,19.138138523837167,16.020599913279625,6.989700043360188,18.63322860120456,15.314789170422552,19.084850188786497,14.62397997898956,11.139433523068368,21.84691430817599,15.563025007672874,54.81621755946339,54.94599795986598,54.6483070865055,54.28525159469647,53.843641683043614,52.92030002133594,51.39075843372679,49.608036249117696,48.35982116622058,47.1281800020785,48.87982808936261,50.04510530179327,48.63108634672187,50.2566626204913,51.29335352916489,53.84656221331923,54.07159672475781,54.26493368713971,53.40285439470468,53.68714459068627,53.458381674270406,53.531176564849154,53.88562971398075,53.64036666347391,53.392088842165,54.022149405616574,21.95899652409233,53.42306195318078,51.10404506501023,49.79548374704095,49.89436468245893,46.54686610467077,46.0346915973384,46.85168270522698,47.73091310242317,49.60699043221426,51.18241571920297,52.17299658976496,52.48051775781626,52.67866044269368,52.58124637283167,53.44392273685111,52.7006596719048,50.79079898844214,51.00011931811402,49.840815390089446,49.12593997752106,48.24132345029388,48.78946690648084,50.16113666358908,51.3186557107068,51.628182183868994,51.32771829309619,16.020599913279625,22.30448921378274,61.12216442500576,59.694201061645664,41.1965172203987,71.74214328563745,54.037191944157605,42.39999792886872,81.25846599267591,13.979400086720377,3.0102999566398125,44.550886060409525,47.3837619112041,51.36520809162107,54.609879983425,57.12401342114263,58.81957821031576,60.18908444316328,60.9530188695196,61.40360005725775,61.54013527672875,61.313443371192406,60.79081708823112,59.65843493065581,58.06349587140467,55.68544329404598,52.455620166559626,45.67849450573107,41.35228090226056,49.73811098668249,54.62185291278842,57.20399133172883,59.032636700504085,60.3815024992253,60.978907577561415,61.296708833452975,61.17084608366032,11.139433523068368,59.80705405928374,58.27602514440231,56.061932017447226,52.96210917619263,49.73654232040409,51.353362289069565,54.975557424171846,57.85754666181696,60.1958358086661,61.670217957902565,62.750370979724224,63.25705471782695,63.61028247557634,63.57390685729285,63.51475103880327,62.71351762065386,61.83028850186826,60.22901589122293,58.10493957172548,54.81208935273735,50.008893923718745,43.41652111943532,49.92222037483843,54.58524540032903,58.11019719190515,59.82004240836346,0.0,23.673559210260187,18.325089127062363,20.253058652647702,17.24275869600789,22.55272505103306,20.170333392987803,24.424797690644485,6.989700043360188,20.253058652647702,16.989700043360187,51.94242302326196,55.737173041229454,59.09116163626139,60.85076411472095,62.41222880403648,63.15295931319089,63.83283837679281,64.09286608185522,64.11038237595056,63.7868436812112,63.30216063481254,62.21200559350329,60.35449751294016,58.10273525290275,55.08149797667067,51.30057018665745,48.14254256639151,52.27693927597013,56.34256540082941,58.92771685365767,60.55934987732928,61.43502560765663,61.92607870390259,62.35479207241893,62.10918036969997,61.349662194802505,33.02114376956201,59.12035966401737,57.33178801177881,53.42629908285949,49.47595449308788,50.23992804606471,54.649200515784415,56.88993459264056,59.09218410582839,60.36473192042397,61.73873891061564,62.34124823927058,62.7130339830444,62.61363042431475,62.2935337410365,62.104022666326905,60.95947593143183,59.14568445142693,57.64231443483608,54.52908319368988,49.91779669753309,36.6171805769466,46.07455023214669,52.10548584111832,54.93303266794467,56.21264586268212,57.45587674721735,18.325089127062363,21.613680022349747,3.0102999566398125,19.030899869919438,12.55272505103306
19.54242509439325,26.60865478003869,11.139433523068368,18.129133566428557,15.314789170422552,12.041199826559248,54.01655527750323,56.25563487052034,58.11608514954512,58.97684810139084,59.83503603028065,60.07216743908396,60.27501686160471,60.09790719354298,59.71164941008177,59.00041968953558,58.17099757322257,56.539347719003445,54.72430240407073,51.9989224352632,48.90230938440727,41.82785442084683,44.45868746564016,49.07953889866881,52.85435779559738,54.75538991625072,56.12529561124354,57.24892457627982,57.375997023819096,57.70734220895042,57.322216164161375,56.3734760991004,19.294189257142925,53.90230130765538,53.14410802256995,51.75213096959613,50.09166088828402,53.35566210055626,55.22352930775266,56.5514708218179,58.07708170166441,58.867546057903,59.44702231464505,59.84690199480478,59.88783626085105,59.44220535815977,58.45946566469258,57.15368977649676,55.51771939692443,52.83595182754537,49.53319860659313,44.11232371541069,43.83761524484166,49.4908247585027,52.21414237842339,54.60362534313521,55.93654839139349,56.79697656875452,57.13104798976779,16.901960800285135,10.0,18.63322860120456,16.989700043360187,20.5307844348342,11.139433523068368,20.96910013008056,12.30448921378274,20.96910013008056,10.0,19.86771734266245,54.39765193631729,54.82865011922548,54.76425827058012,54.72178467845791,54.32021142096857,53.65340074947604,52.7325598345175,51.2062985946958,50.02809464305256,47.1474876072506,49.05326264816519,49.2947001617749,47.89756932285287,49.827414640657885,50.921906083945416,52.90090286573402,53.04156492377869,53.51844602085498,53.24055986814951,53.736272634509696,53.3976934376873,53.41381100103167,53.80681472737826,53.61399158459307,53.62461739710617,54.465449333576,13.979400086720377,53.94761530442614,51.840466069416976,51.04063535984602,51.44468345157147,48.309798065799896,47.18152784542,47.15485222041701,46.74245530630025,48.11159278285884,49.57856204830935,51.184631397753655,51.840551350890365,52.31655603976275,52.30727291548709,53.75862886546157,53.34506024192568,51.387604401256525,51.76522444121226,50.46857900380879,48.71164132802949,47.06828688179734,47.97087413265331,48.69325611090525,50.68638479881902,50.172713008774615,51.41769497106213,14.14973347970818,22.55272505103306,61.12216442500576,59.694201061645664,41.1965172203987,71.74214328563745,54.037191944157605,42.39999792886872,81.25846599267591,16.127838567197355,3.0102999566398125,46.656372674340616,50.75729399740899,54.33485009726326,56.514892933942775,58.58837851428586,59.64837361970741,60.62117360296054,61.03812269975788,61.34079204908214,61.03418498515863,60.662979655898106,59.52249841327297,58.044290926318,55.59197775973615,52.07715133805567,45.056925074122,39.185545305502735,49.75339884605458,54.07424898794408,57.0067343659366,58.93342795877867,60.15979733361617,61.05614062398424,61.38902399933593,61.29861256505284,61.03680596407177,10.0,58.88890188700976,56.70826380170645,53.9243313155555,51.476392298898375,51.055680868408416,54.015177155474426,57.36850481163327,59.48602683634901,61.28717440878535,62.357669908515625,63.12877969191028,63.50580591557171,63.67767653177464,63.36152416833162,63.00246908577162,62.0016323327205,60.87048815351979,58.7311241614909,56.01192708433941,51.39075843372679,44.637138615418735,47.22057771331464,53.43552350041343,56.99612284998696,59.24726792352813,60.671709518065256,19.138138523837167,18.06179973983887,6.020599913279624,16.989700043360187,15.314789170422552,25.158738437116792,19.030899869919438,19.54242509439325,18.63322860120456,18.129133566428557,17.853298350107668,54.42663168798215,57.59529603750665,60.01651517828592,61.44606583912535,62.788461643853246,63.52895719287378,63.97591912467169,64.15826732813143,64.02752674219319,63.58091012549192,62.80388268027455,61.61212826555995,59.82448533756579,57.44500299465873,54.062607796168734,48.39729375206388,49.48613438350521,53.82308876890786,57.04099016416959,59.088976706135966,60.79335031445409,61.65591207549879,62.0249267633038,62.2861103795407,62.05704976051816,61.16286885071232,28.524799936368566,58.5441900441446,56.526813847635744,53.12611011052788,48.93367778702401,50.13347115869553,54.65802070433108,57.15228439289226,59.38892318054391,60.9013984947769,61.86853538390498,62.529532225621615,62.80398515185475,62.83079048348818,62.34961727002019,61.72382517535776,60.66881020057817,59.108804244379215,57.070632034107774,53.66930738104835,48.60367956881816,32.80122896302308,46.17304450562998,51.979225634531765,55.07760100552304,56.46170340529891,57.58824873462129,15.314789170422552,23.443922736851107,11.139433523068368,11.139433523068368,6.020599913279624
13.979400086720377,26.60865478003869,10.0,21.13943352306837,21.13943352306837,15.314789170422552,54.637437212470594,56.63259812471151,57.85222316019314,59.01120890112794,59.540595846889744,60.10171006323488,60.13491546430568,59.969041984936176,59.394618420822994,59.0209213568312,57.6680829144826,56.214515247699154,54.98260917298101,52.514751773525646,48.41966057661102,43.680450262086765,46.37019155753759,50.62826323631087,52.36942648860967,54.83230586902103,56.12674739765115,57.05032799924638,57.78883143353413,57.85134002368906,57.44850556515858,56.895042032949306,19.54242509439325,54.5426236255598,52.83222053221885,51.03916554469582,51.94561515078809,52.00481136060044,54.15749373209087,56.14906702944897,57.46516658899154,58.7624613811336,59.26649534482023,59.59351015022332,59.585089359998,59.10701226602215,58.5639836257701,56.50533841365715,54.447004291341415,53.03491968248503,46.06478103106454,31.809855807867304,44.77844476338759,49.22128346796363,52.38068695895677,54.165489796999545,55.92374421914975,57.40855925756123,57.75966328979767,24.84299839346786,14.14973347970818,21.13943352306837,13.979400086720377,16.127838567197355,12.30448921378274,9.542425094393248,6.989700043360188,19.030899869919438,12.55272505103306,21.70261715394957,52.56833157745879,53.76885233195964,54.66932833741636,54.49233026783935,54.0974550815276,53.128477517635694,51.97448728503591,50.87756579996581,49.03854757260299,48.51747419133264,47.08454894458389,47.783972808879945,51.65214639910329,52.67077816740435,53.25634688071992,51.92224453859532,52.64487255780689,52.5616189747518,54.22039647757485,53.58308027491693,54.04878169685488,53.64126811796932,53.34457772377517,53.91076318121337,53.77999766664029,53.24292746514193,10.0,52.344388199628,52.897717279750864,52.20003426156936,49.371014517514,49.52293468308801,48.02807920361629,46.06832624848885,46.839920864455536,48.51564082263488,49.84009451702538,51.26537252055469,52.60769992189034,53.30342738068733,53.93108195369108,52.94011853208055,52.3622477951676,53.06455051810338,50.68605106130421,49.193134894330655,47.89079856774831,47.96220370816752,48.6998228285908,49.17132496831116,49.86771734266245,50.26851820942929,50.67342437754708,18.69231719730976,21.95899652409233,61.12216442500576,59.694201061645664,41.1965172203987,71.74214328563745,54.037191944157605,42.39999792886872,81.25846599267591,20.644579892269185,6.989700043360188,46.22172560893429,50.86900582090078,54.25325500329929,56.775348684526826,58.5661592288492,59.84291875430205,60.65240885171896,61.084679392714285,61.20992889036694,61.23894741739272,60.604851728196046,59.62752785240488,58.6052785658717,56.34341216937695,53.21333257997778,47.02576999963827,41.14344054609816,48.89962447987167,54.04905523156727,56.81987040275432,58.68101672027234,59.9826500688898,60.53454157028436,61.172580345530925,61.07802648453266,60.49883301803316,23.59835482339888,58.14973033970421,56.31266159021895,53.488187012990494,49.24816651405721,50.53712127760186,54.27864085875965,57.48096505311854,59.75643159678416,61.26118413964196,62.286931264326896,63.16111730402165,63.74727272137878,63.8499711942653,63.68486224022904,63.03277507006016,62.17041791677449,60.97804432860427,59.1048032754076,56.33823825628496,52.16308443645365,45.3773096841162,47.783972808879945,53.5507779331769,56.899806519963256,58.71372670283211,60.2996866650084,19.294189257142925,6.989700043360188,9.542425094393248,16.127838567197355,6.989700043360188,20.37426497940624,22.30448921378274,23.673559210260187,13.979400086720377,6.989700043360188,13.979400086720377,54.59865731445178,57.83567013528579,59.737303655685565,61.57639574582716,62.58764152876477,63.53077592880279,64.0346181459584,64.11374883413073,63.97809700780306,63.54606247227522,62.688343545704925,61.54839199898583,59.99587224142601,57.66624737070411,54.17122788878019,49.89850109603181,50.37382667845481,54.40350119100418,57.09491292964904,59.31018777435435,60.542337429840096,61.50005981649709,62.02981726506076,62.11050289913005,62.07568666292048,61.321651977831095,26.19093330626743,58.47173961650204,55.97037763343696,52.424718561042766,49.92575607528836,48.93184537940178,54.232868431818645,57.26981355809541,59.359126531969856,60.976906935500885,61.96476023912662,62.477042639998416,62.807335778702,62.81596902160267,62.55501414467403,61.57761604154031,60.72284095578488,59.148390592999085,56.77863256800816,53.0525676034425,47.82049590239568,38.25945143203848,45.35610545908793,51.08598845973567,54.25314083052356,56.822795875115474,57.96314788999833,20.253058652647702,20.827853703164504,23.69215857410143,20.96910013008056,11.139433523068368
19.86771734266245,26.60865478003869,15.563025007672874,12.55272505103306,23.180633349627616,17.16003343634799,54.21717420823924,56.30929007751296,57.78102751458591,58.882300556623576,59.58768321386896,60.06743645250393,60.197496074786834,59.97091365931227,59.665195219496496,59.15697881620284,57.99391558825568,56.54604847337265,55.28089725992227,52.81126582760337,49.4266272358471,40.05223424858136,43.77196935008914,49.16753902946922,52.25787259549158,54.3023635341151,56.19123604908,57.11561762219791,57.6746829722408,58.18070100479581,58.01009716137492,57.040063002630745,19.294189257142925,54.75488136024012,54.13356771970332,52.51153778919965,50.43649092768577,52.43248940507922,53.95041430383037,55.29147919800827,57.1468593634297,58.23555733248968,58.87710112424841,59.30283077826867,59.413250534818815,59.18475941808875,58.63970843575402,57.14304606826788,55.22063243652365,53.5419490510433,48.83774961355258,42.46498580795801,43.44254692556935,48.9108006481101,51.1718177535365,53.79997661081795,55.81025273579739,57.3163710696538,57.52172953344399,16.989700043360187,13.979400086720377,21.33538908370217,18.129133566428557,13.010299956639813,16.901960800285135,16.532125137753436,20.37426497940624,15.563025007672874,19.54242509439325,15.563025007672874,52.506639194632434,53.32975440978036,54.04029356425098,54.27995408508857,53.881651682234505,53.263297152086366,52.74180949419634,51.8231477033948,50.56599976292781,48.09431764081064,49.34518650517165,49.67290505554557,49.35225033871845,51.029137027892205,52.22073655912279,52.51677147060549,52.955099232544136,53.10534006424143,53.81115080709851,53.918961993456456,53.71141778446181,53.81548256191099,53.23468677612206,53.394951666960544,53.32747406074453,53.91219247513044,12.041199826559248,53.479853540886126,52.3578087032756,51.54086023246802,51.28657700431415,48.94670444166284,47.85507788089226,47.00530656978592,46.535212356521455,46.49188770977882,48.36532982643699,50.46011044507559,51.73658197853258,52.61957184658848,53.23468677612206,53.91996594504001,53.843193575188586,52.99090891177573,52.85107029566812,51.84362036914578,50.28591584355279,48.30004512364255,48.70807576367386,48.95781546998696,48.7185886867787,48.26877828723003,49.662356240985815,22.27886704613673,9.030899869919436,61.12216442500576,59.694201061645664,41.1965172203987,71.74214328563745,54.037191944157605,42.39999792886872,81.25846599267591,14.14973347970818,18.325089127062363,49.98036901765104,53.52323399690381,56.38277549200595,58.23131092301891,59.48178637869353,60.45182495059458,61.07888025182799,61.19166777164973,61.17141982628869,60.57553903014465,59.70544449221241,58.38686042350443,56.421725841656816,53.37373392283914,48.265477316322574,42.29553863981137,48.41572185102274,53.268681598936816,56.31705484476787,58.360613070357765,59.7504789718759,60.4036891332774,60.82324630285647,60.95457390223065,60.44392749564975,59.74144021774474,22.14843848047698,56.41731834395658,53.24325676768319,49.304650807842485,48.49112166184577,53.23252100171687,56.82178482356841,59.26187019606206,61.02442281712022,62.31320977164139,63.107943881958136,63.62124373499004,63.79465424731119,63.7943986532381,63.34049226606634,62.6469247319874,61.525451750214806,59.89692705458631,57.45581433210677,54.304652934899096,48.92656594590508,45.39389782072505,51.44378030316355,55.593727009909685,58.119099804200985,59.931649873277365,60.978131007935744,15.68201724066995,20.170333392987803,18.573324964312683,23.838153659804316,10.0,15.05149978319906,10.0,23.97940008672037,19.294189257142925,9.030899869919436,22.85557309007774,56.25349498199844,58.9022870170599,60.638900400597926,62.02753335637552,63.03987221553868,63.70521416426173,64.09860453194433,64.07964711833803,63.77703201303394,63.2843118558846,62.31487175942745,60.93315199913108,59.30847191682497,56.49047506108231,52.84820859582417,48.46844111625265,51.32035438327499,54.787655617200535,58.02697802612728,59.6956220580949,60.946181978456366,61.92185117094801,61.894656084624906,62.05508858981623,61.85862728847171,60.53363139715863,30.507663112330423,58.08302820209049,55.41791347494252,52.33219549479468,45.90228621240158,50.38357837216004,55.26349617611554,57.56688585494224,59.6637266904152,61.08911238928194,62.04797225158303,62.62977145404143,62.79580487119478,62.8058747497876,62.417439102119374,61.52685756036786,60.42059407374854,58.97724384345104,56.53942479793259,52.93824230590002,47.18277425409748,34.948500216800944,46.54686610467077,51.93305516699883,54.74549872274602,56.64808329239969,57.70811524676189,17.634279935629372,21.5836249209525,18.325089127062363,18.06179973983887,15.05149978319906
20.0,26.60865478003869,19.138138523837167,13.010299956639813,17.16003343634799,19.912260756924947,54.21941032248464,56.23005189673346,57.911746617712296,59.07364596351053,59.72663742232428,59.98489941628294,60.09257077327416,60.08334830463431,59.56067051236859,59.12768700146541,57.91836558678408,56.457935208369314,54.89571799298845,52.60881950463586,48.62191031051597,40.63333358951749,44.48474428212161,49.783677118536914,52.74030776438266,54.80186663415707,56.46420391831502,57.2704812612411,57.680939675933146,57.97940971439283,57.71893803957568,56.75741690804246,12.30448921378274,54.14695979093651,53.46278629392491,52.02806973366671,50.68371418032643,52.97692681475327,54.6501681901396,56.15450272966065,57.70470548328437,58.75872346686652,59.247092315156266,59.48146829973997,59.625573156024,59.23348692751617,58.23388796477878,56.81850631465217,54.94484365554435,52.71155948604317,47.74144553687519,41.28011332575974,45.25265139380899,50.10439892275444,52.54463481742621,54.87801335371228,56.19615005742807,57.352994206733925,57.6235816276407,11.139433523068368,3.0102999566398125,22.09515014542631,16.020599913279625,22.85557309007774,9.030899869919436,9.542425094393248,22.671717284030137,22.04119982655925,14.62397997898956,16.020599913279625,53.603434424611216,54.13542833884183,54.43410074913033,54.3422388611155,53.843892603248,53.185578984125954,52.38517796951943,51.22586099872122,49.83175072037813,47.22082479209034,48.99191030527895,49.590461647617055,49.4331640875922,51.065478446669246,52.106341583256096,52.90232782598108,53.11368121039929,53.53279414220803,53.918169236132485,54.014091576500654,53.68221782348856,53.60369961369632,53.75270285106808,53.3793422945518,53.33586307085534,53.880905395456494,19.912260756924947,53.45569756056392,51.84217138078186,50.704368645775794,50.42658189829447,47.93063625395939,47.448403967853785,46.68087586276825,47.41884000661316,47.72101569277012,50.00820041875101,51.26910294600161,52.1133950294834,52.642344382205046,52.90537656079599,53.854811501692446,53.54834218705054,52.09815163774435,52.00097761858999,50.55473896230024,49.183344462269794,47.34135483006706,48.38628740544196,49.3896979722289,50.12736018082917,50.06282016440797,50.945549746709744,26.53212513775344,29.790929006383266,61.12216442500576,59.694201061645664,41.1965172203987,71.74214328563745,54.037191944157605,42.39999792886872,81.25846599267591,47.41467697685545,6.989700043360188,46.05865064892988,50.641621189487005,54.40948418551989,56.80286550525115,58.61159094764315,59.78176863551012,60.70408798929723,61.16183867661034,61.40529411560789,61.20661110362556,60.82528306773583,59.72801085806501,58.16493846697311,56.02591676477587,52.84498410828046,47.58465262567476,40.69557104582695,48.81024973670159,54.08845180640735,56.83756466896418,58.62560689067051,59.90819066324263,60.75445127470818,61.13353982446349,61.04124023228693,60.58937840981174,18.69231719730976,58.38573320616789,56.11813555429296,53.006498216419146,49.73113992916328,49.86771734266245,54.35246959569129,57.5929381276836,59.76031134782738,61.43909025543678,62.47780121861665,63.23628257002795,63.65964885294368,63.85011437019771,63.54742890965542,63.08963738160539,62.25955072896014,60.96025932511621,59.02160144964131,56.422003017833305,52.28053708838728,46.38179649404609,47.50199727829183,53.23771704695795,56.72039640092605,58.9163389490473,60.49833354080445,21.33538908370217,12.55272505103306,20.96910013008056,23.673559210260187,12.55272505103306,13.979400086720377,14.14973347970818,22.14843848047698,16.127838567197355,22.04119982655925,15.68201724066995,54.45666463252473,57.75118721662282,59.93158369523867,61.539276138887686,62.675945488122125,63.51170301880117,63.943691920650494,64.16587423657535,64.00873725497715,63.51562288957445,62.88382713708715,61.51104963250156,59.96513861132946,57.579605482664284,54.21895004013192,49.4331640875922,50.012013326362506,53.87384486619651,57.20887480103781,59.196741839602815,60.82171181209412,61.68120774500144,62.274210661416575,62.35686228737406,62.03133557650648,61.41019655978915,30.766404436703414,58.3932529466849,56.1119312401152,53.40160441800198,48.57814777971007,49.96861768490674,53.9467052410719,57.077855668023474,59.67159370922279,61.04533542831461,61.717358120866905,62.5287729256376,62.87488656450662,62.875663860204966,62.40817728992248,61.69690007262361,60.54957978684264,59.26688612167232,56.87626153825985,53.56885941165974,48.10131663913607,34.9982449583958,46.425931077703,52.01910326402861,54.88191005583697,56.63248495990033,57.660148093740816,18.325089127062363,21.13943352306837,16.989700043360187,17.24275869600789,16.127838567197355
6.989700043360188,26.60865478003869,18.129133566428557,6.020599913279624,18.325089127062363,16.989700043360187,54.33920171368132,56.34164788188797,57.60959741188306,58.76823812858319,59.52742571360617,60.05280062674159,60.19885701954912,60.013360042394304,59.61212202774857,59.466821247812746,57.965056454247375,56.69291770737424,55.83684956908449,53.55453435845635,49.91106406645376,43.77779636287982,44.37004965477304,49.2156683298018,51.143740923839374,53.901470130503085,55.59966441093215,56.72759883186292,57.63465431128747,57.86036234663524,57.79021861422769,57.34243608607314,12.041199826559248,55.157480389806,54.19018445096855,52.37930610628143,51.331938904475685,50.986160408242576,52.64933462121388,54.87269917074716,56.32467415481234,58.08514805214365,58.92514217908292,59.38660797934227,59.53881412393243,59.36147654912433,59.00157852095151,57.48908667832734,55.87149498254344,54.89194630397401,50.18970808600747,43.41177235247365,36.91346764134822,44.86883665598123,48.87217700644291,52.24740190060544,54.60496423294881,56.70981118189065,57.34105042796656,18.325089127062363,19.54242509439325,16.532125137753436,17.634279935629372,12.30448921378274,17.16003343634799,12.30448921378274,15.05149978319906,13.979400086720377,3.0102999566398125,15.05149978319906,51.2856080655932,52.67418149941892,54.44658311040561,54.4435244236893,54.51229014709975,53.725530096199165,53.1156951159383,52.287416026530174,51.12782570225093,49.415710570742704,49.09411596963402,48.42540595690268,49.78271841610635,50.90173373128259,51.99077434450214,50.78028838054696,51.68005161303561,51.87004336754026,53.87421863274571,53.48252277124682,53.94521722674913,53.85572315088986,52.83393958770525,53.6611650807837,53.53450734684298,53.40499637525927,3.0102999566398125,53.296764707547226,53.613972687887454,53.35148869980841,51.534245859217656,51.49012696727941,50.34106829707643,48.3930831882867,47.28426834761584,44.37195452478524,46.39217462129763,48.64534812348904,50.49721822152435,52.09721389421045,52.84372071926849,53.10457518821522,53.30285901477595,53.61737277099362,52.68552231684172,51.66658006835742,50.494544936673705,49.266562190722055,49.65267569516474,48.86896628970359,48.26398782187618,47.03703976818275,48.13981075636471,25.987905067631157,27.267272090265724,61.12216442500576,59.694201061645664,41.1965172203987,71.74214328563745,54.037191944157605,42.39999792886872,81.25846599267591,6.989700043360188,10.0,52.89029002831367,55.64808044686603,57.71537508421246,59.17427781214711,60.19693165551665,60.66450045016575,60.91323958118672,60.778386506069054,60.350172628160685,59.69190785092511,58.1737230688405,56.15339717908828,53.41351416999303,48.52461694326535,41.55487862141282,47.27622577969137,52.88571137161188,56.000161771184096,58.200384863518366,59.49492468536064,60.44143305374625,60.896737792006334,60.88109498428479,60.721119752659085,60.030695773280776,58.55964729998853,14.14973347970818,54.17313890251572,50.98037713285091,49.37407549148699,52.18220304175546,56.23961156415007,58.914906249338095,60.71241134344162,62.09161537320263,62.85568560014417,63.4183005692051,63.77699743212215,63.83735678194814,63.55729019763572,62.84698898380402,61.7991068258459,60.41921807154565,58.31031077233856,55.277639057918734,50.75243944428966,43.80392160057028,49.046181831744974,54.466520938960905,57.54290986702607,59.53272467656913,60.51576958472539,61.46873451480304,17.24275869600789,16.901960800285135,15.314789170422552,19.49390006644913,19.030899869919438,16.989700043360187,22.14843848047698,19.49390006644913,10.0,13.979400086720377,18.06179973983887,57.751529784249655,59.95768971786445,61.41803963057215,62.51598560373761,63.39770336849279,63.85253154110861,64.07272073403725,63.9683114333825,63.521690065173,62.87959524770653,61.687266503947065,60.09962653701934,58.1032998801608,55.05655908020471,51.19338384193543,49.21129597532691,53.2806345250275,56.58648530642151,58.5930945848191,60.31344628371346,61.41764796991872,62.06927559170454,62.07156461380734,62.02032804684699,61.58929720268459,60.443084409071865,33.4966598409663,57.11467250029703,54.11459761879543,50.042267646802685,48.90023991711799,52.710512614923466,55.44783420312428,58.05974314002695,60.143567023961815,61.50452480839567,62.26337187138864,62.70255979152939,62.96026878804166,62.73471676619725,62.3830760522199,61.43735630463051,60.15467896361653,58.90367916486639,56.01723282613001,52.209496986883806,45.4906459872272,37.60422483423212,46.176816697183405,51.70508136933836,54.74974887771332,56.95324916927525,57.99286086889475,13.010299956639813,12.30448921378274,22.380461031287957,19.294189257142925,16.127838567197355
17.16003343634799,26.60865478003869,6.020599913279624,3.0102999566398125,13.979400086720377,10.0,9.542425094393248,3.0102999566398125,11.139433523068368,6.020599913279624,10.0,14.14973347970818,13.010299956639813,15.314789170422552,0.0,12.30448921378274,14.14973347970818,16.127838567197355,6.020599913279624,15.68201724066995,9.542425094393248,9.542425094393248,9.030899869919436,17.24275869600789,15.05149978319906,6.989700043360188,0.0,10.0,6.989700043360188,6.989700043360188,11.139433523068368,11.139433523068368,13.010299956639813,11.139433523068368,15.314789170422552,16.989700043360187,17.634279935629372,3.0102999566398125,13.979400086720377,9.542425094393248,3.0102999566398125,13.979400086720377,12.30448921378274,3.0102999566398125,11.139433523068368,3.0102999566398125,6.989700043360188,10.0,10.0,12.30448921378274,11.139433523068368,11.139433523068368,10.0,11.139433523068368,6.020599913279624,14.62397997898956,12.30448921378274,13.979400086720377,9.542425094393248,6.989700043360188,6.989700043360188,9.542425094393248,12.30448921378274,10.0,6.020599913279624,11.139433523068368,12.041199826559248,10.0,12.041199826559248,13.010299956639813,36.020599913279625,33.25720858019412,32.29425847920695,30.61829307294699,30.674428427763804,22.92256071356476,19.084850188786497,19.294189257142925,28.72156272748293,30.253058652647702,33.67355921026019,32.44029589030021,36.97316541732384,36.74309888941477,36.19093330626743,36.28388930050312,35.165353738958,36.58202253387015,35.72057989926304,35.507174234692826,30.15778756389041,31.442627737619908,26.45422269349092,22.671717284030137,16.127838567197355,30.83860800866573,20.96910013008056,32.55754786643044,33.117538610557546,33.06425027550687,33.18063334962761,34.84299839346786,34.02948829344405,32.619761913978124,33.06425027550687,30.141003215196207,28.90979596989689,24.84299839346786,21.367205671564065,22.380461031287957,26.884198220027105,31.15943176939055,32.14843848047698,30.681858617461614,34.497868469857735,34.59392487759231,34.29752280002408,34.647875196459374,33.46548558548474,33.51796306897023,28.58537197569639,29.4101424370557,27.24275869600789,19.294189257142925,15.563025007672874,61.12216442500576,59.694201061645664,41.1965172203987,71.74214328563745,54.037191944157605,42.39999792886872,81.25846599267591,48.85587356189656,52.68954540321463,55.19859482264263,57.42253669906594,59.29576775841988,60.69502707984695,61.83822256526322,62.38359535552433,62.8362321105726,62.79962911578078,62.49353207757206,61.76758401760128,60.54972137305938,58.67991624758494,55.69609137519607,50.64626432864408,41.76901186391347,49.60489804258006,55.16711171388489,58.51313396643395,60.55120201178824,61.857222944565,62.79414368520318,63.22889865149759,63.264089883236416,62.8717535712039,62.07116297635829,60.79012200216116,24.4870631990508,56.12232694614741,52.41279945214294,50.02994967138815,53.6995946013426,57.57366416796111,60.36389328665692,62.200997160175405,63.71421437298534,64.66098104379134,65.33080932245876,65.58310684952072,65.52386137239965,65.18299371728511,64.55116171199671,63.70568598767051,62.21531077336044,60.36351784573456,57.21192108843725,52.45732227128486,44.77019907516252,50.75346190651981,56.14923568054131,59.45854945159561,61.5613495069866,62.8667311382814,63.62705973332879,63.64437857693033,63.381073239505234,20.644579892269185,20.0,14.62397997898956,18.129133566428557,9.030899869919436,21.367205671564065,17.24275869600789,17.634279935629372,20.827853703164504,14.14973347970818,13.979400086720377,22.30448921378274,10.0,13.010299956639813,12.30448921378274,18.325089127062363,20.827853703164504,12.30448921378274,12.55272505103306,15.314789170422552,19.030899869919438,9.030899869919436,15.68201724066995,10.0,19.138138523837167,9.030899869919436,3.0102999566398125,10.0,19.49390006644913,18.129133566428557,16.020599913279625,17.853298350107668,27.363965022766426,36.0400993241223,32.09515014542631,25.31478917042255,28.280150642239768,31.10252917353403,23.443922736851107,32.87129620719111,30.96562438374136,23.010299956639813,18.06179973983887,17.853298350107668,6.989700043360188,20.0,24.62397997898956,18.63322860120456,11.139433523068368,13.010299956639813,17.853298350107668,11.139433523068368,17.16003343634799,16.127838567197355,6.989700043360188,19.49390006644913,12.55272505103306,11.139433523068368,6.989700043360188,11.139433523068368,12.55272505103306,13.979400086720377,15.05149978319906,11.139433523068368,16.532125137753436,9.542425094393248,10.0
13.979400086720377,26.60865478003869,9.030899869919436,11.139433523068368,16.020599913279625,6.989700043360188,54.477439334977575,56.52874597749478,57.7686455836962,58.91609369546734,59.60339470416773,60.03185564248933,60.17171122419949,59.98960358506479,59.52823912518539,59.29418925714293,57.77673988133163,56.362441014735694,55.4619706448606,52.702990991279385,48.922337773373705,42.40449398993299,45.254724089362256,50.40206627574711,52.23457000679758,54.88174070668773,56.11402512458134,57.251026998082594,57.98679643472754,58.14511955301344,58.18213353014727,57.53815845739571,6.989700043360188,55.6246654751494,54.18281399513888,52.27886704613674,51.859527415277775,51.05758768493413,52.888794120245926,55.07758751512122,56.43295709890236,58.14039724092478,58.86707254407406,59.131444172769854,59.15721611037851,58.85841618700554,58.34112836856035,56.60597042794538,54.56106289888951,53.153677898867485,46.70477786047275,35.165353738958,43.409396020380775,48.777513312559336,51.93839481973093,54.12569737344082,55.845867495794906,57.55265654402585,57.90489241522437,17.24275869600789,20.170333392987803,10.0,10.0,18.06179973983887,20.043213737826427,21.072099696478684,10.0,20.0,15.314789170422552,10.0,51.01131616599028,52.27794182324864,53.85323800981454,53.86058205057189,53.71882093695528,52.88081468736615,52.00623446041461,51.26667042330829,49.883270334329765,49.32717226039357,48.61283439206325,48.61486617915014,51.92012383740344,52.65991662670301,53.43388897462354,52.09922309676319,52.72588786011211,52.75507146109162,54.26946963787002,53.74273477750782,53.93645386605536,53.69735215355923,52.923624161674965,53.369717792790894,53.23443931370371,53.03113944233861,6.020599913279624,52.38196699379014,52.74723449673547,51.96413862355386,49.71076287267784,49.96546694490547,48.504317914603504,45.909755118406494,46.45756213603842,46.96924008405421,48.9968920969211,50.71119482711683,52.434969174935055,53.55330812782815,54.20887737803304,53.75279436336474,53.53456508354122,54.22184243343562,52.48358317274963,51.28657700431415,49.813881752136666,49.066474490163486,49.10949737100534,48.38609848181629,48.34019925074977,48.32489752232903,49.05477460877744,9.542425094393248,23.89166084364533,61.12216442500576,59.694201061645664,41.1965172203987,71.74214328563745,54.037191944157605,42.39999792886872,81.25846599267591,14.62397997898956,13.010299956639813,49.53024779271061,53.49240606009722,56.21983858466298,58.212842023048246,59.54108339976564,60.37784941753637,60.90906716801744,61.08806118766456,61.00604863043565,60.73212661881645,59.5881225347552,58.279234203556655,56.8014688529143,53.99334458650205,49.882467233753786,45.030958008377794,49.45448888790317,53.51164110790603,56.56133672740494,58.462641049269415,59.65898459706359,60.55705840222789,60.811963948638265,60.94729951108975,60.53330491727934,59.535132478679344,23.443922736851107,56.04589973304392,52.80043139205464,48.23213313282668,46.87511125346055,53.04811390751936,56.779516967670375,59.23071925148896,61.11001926034237,62.31537379935621,63.024975999639246,63.67622753071472,64.00632090724332,63.8909552793804,63.506528479742656,62.60077592147644,61.54132316609555,60.08434086235757,57.76030342048519,54.69058753997203,49.34240828120124,46.29205657102304,52.22820481322168,55.83680426247,58.199398842019725,59.73392507772476,60.86946799326456,23.010299956639813,23.443922736851107,23.26335860928751,0.0,16.020599913279625,22.55272505103306,22.55272505103306,20.37426497940624,19.030899869919438,20.863598306747484,20.5307844348342,56.183253287804376,58.89956852670623,60.63708934429668,62.07113062810186,63.011277009309794,63.72819613554648,64.13297919583397,64.00732212870903,63.82982229423212,63.32791004304346,62.25679566678898,60.83709326336837,59.10732164842567,56.501452396196434,52.72315124099567,50.56359736469993,52.53594822318978,55.89261330260583,57.9171871237717,59.81322440162482,61.07082716294835,61.78009781649253,62.32391232708843,62.43419315919259,61.58251793214024,60.46023935334,28.48804701051804,57.335583580496426,54.86613226657888,51.86563655176873,47.5106344325651,50.24321442141565,54.64717514550556,57.62914024009636,59.57034713638191,61.213053643356126,62.14955055565879,62.67540604635379,62.917674368593815,62.79301837274616,62.51808012210064,61.4803751937281,60.34942735195469,59.23000372247522,56.414344470964366,53.15350981930367,47.13666913158926,39.441370731580975,45.69198283347813,51.17536432710338,54.5998622070066,56.93291557130092,57.903386556831336,18.69231719730976,19.86771734266245,23.89166084364533,0.0,19.86771734266245
12.041199826559248,26.60865478003869,0.0,19.49390006644913,13.979400086720377,18.129133566428557,54.41973057990779,56.67087618319316,57.917327433756974,59.14087054181263,59.65814832485017,60.0897512107285,60.18011904134412,60.04679411605575,59.600110288296754,58.89320755007594,57.638366370886814,56.19265552699176,54.64646008336153,52.17431299267857,48.4067056133341,41.29045059887958,46.33892443159807,50.65064080813718,53.32133336630615,54.97351289878978,56.57273901945998,57.27864011430246,57.584213317780495,57.92538764335695,57.54015605996968,56.2969190069181,20.37426497940624,53.18539127806001,52.822708198495015,51.80888232946521,51.09946208627703,53.62981701759849,55.47422698119654,56.75450206298241,58.26969046605299,59.06266605396867,59.48014190408575,59.64784144773127,59.70028711078712,59.21217079844986,58.397645494993,56.2783267703555,53.96359779677627,51.64189220875209,45.954962218255744,41.65214639910329,47.16704330230242,51.7941964443439,53.283490182433376,55.07209343936052,56.36136708051051,57.30527920970154,57.435356334848784,0.0,16.901960800285135,13.010299956639813,12.30448921378274,19.294189257142925,15.563025007672874,11.139433523068368,14.62397997898956,6.989700043360188,15.05149978319906,17.16003343634799,54.1965841096058,54.49287051478004,54.65877843441441,54.51505511151359,53.65422461384189,52.99672878675327,51.77793249329642,50.3200596544578,49.25028314763132,45.921545422761966,49.20733623890904,49.91730981782968,50.32522061147518,51.8239182426656,52.808900946524666,52.93782280330024,53.19907254479482,53.346145711793945,54.069963757346684,53.861510339209424,53.75240999875989,53.71106669831935,53.87976794990437,53.40120752475492,53.259177537207975,54.034654165650025,15.68201724066995,53.16946933711907,51.45289659054146,50.52693941924968,49.282729213273925,47.9964376036374,47.17112717176352,47.1962955479179,48.06349587140468,49.326005845004815,51.01613054181223,52.23573811054688,52.397523109831646,52.80453162611874,52.92973393998609,53.0853240050311,52.4615622972148,51.23175182400235,50.38953800791813,48.71432817950889,47.49736315569061,47.57714799332841,49.59728084371597,50.69853021113624,51.09166666131343,51.147477221029774,51.87354303407502,29.618954736678504,18.63322860120456,61.12216442500576,59.694201061645664,41.1965172203987,71.74214328563745,54.037191944157605,42.39999792886872,81.25846599267591,14.62397997898956,15.05149978319906,43.67914738793752,47.21192108843725,51.67465028843088,54.9456085902893,57.15810373798287,58.77417998341449,60.03781825617243,60.93904044446136,61.37279401229495,61.50640100880901,61.30056052950627,60.76222693973273,59.72263950147006,58.11074072054652,55.830320545338914,52.46884940823542,45.37579852517648,40.93036252945163,50.20199635347019,54.70131064774517,57.35103649449032,59.07263524993526,60.21752276003168,61.02305044894763,61.23122851852968,61.23581183965705,21.95899652409233,59.82033210640516,58.15466836336465,55.888362028338285,53.004085100866895,49.882244123902,51.60183309797154,55.27693042956412,58.13897087919902,60.16513963435855,61.56128887770983,62.61261203002245,63.35005316655288,63.72884398630008,63.72591684703301,63.4233936725353,62.822957596920105,61.70998217390561,60.31479965456846,58.125423775677696,55.02896668896115,49.87710943130306,43.00617219806582,49.886347511492495,54.957773787581054,57.75174114228474,59.72434276957365,21.13943352306837,10.0,22.04119982655925,17.634279935629372,13.979400086720377,16.127838567197355,17.853298350107668,20.0,24.23245873936808,15.05149978319906,18.129133566428557,52.728275195181496,56.35310798839448,58.81697852182869,60.82608027109166,62.176389465195896,63.25151409322792,63.83408158653892,64.17515867756666,64.152113095495,63.7709415281813,63.15479966335986,62.02813507459687,60.71331429429543,58.59249409606704,55.74811139041925,50.359937544740106,47.94069583981632,52.46599510528107,56.1971613817981,58.515280169033545,60.28596057193348,61.3119795837936,61.841441021060895,62.41820567383057,62.32148536609853,61.54242852509281,25.01059262217752,59.05757574444769,57.22084126350893,53.86723634757143,47.76308834539365,49.79894215798511,53.2785119633353,56.701140599668285,59.23004520563716,60.634632149817975,61.725868783617685,62.430181947704575,62.78360272098752,62.86185568756572,62.58304132029336,61.71406390852518,60.76352031722781,59.32283465478065,57.006319055468886,53.70040974990992,48.782057255345,34.761067168401915,45.865535499028816,51.01736766201846,54.59580942733724,56.43982389980782,57.76057253816964,19.86771734266245,16.989700043360187,15.314789170422552,15.68201724066995,9.542425094393248
15.05149978319906,26.60865478003869,14.14973347970818,17.16003343634799,24.74216264076255,26.48360010980932,54.56495087487166,56.58394933584914,57.91249816419974,59.02792936574254,59.74409439581943,60.11720116193253,60.22696371491371,60.06605079800189,59.61867025499326,58.944960581683326,57.69573009939301,56.13996069406373,54.12287467175179,51.00042977361967,46.19145526346042,44.71188994136752,47.96088428680669,51.08581935182454,52.98101686570038,55.12584347574317,56.26366034139146,57.08146298431184,57.65075930857318,57.66325086963619,57.24590414309765,56.80244837042608,18.129133566428557,54.46241945325413,51.29383716228617,49.93634593836194,52.24483855315482,52.48034603058738,55.02777964652292,56.99986799382812,57.99718152513641,59.15075708442909,59.68005429180148,59.80925098016293,59.44553732706048,58.9497586610174,58.021248767886405,56.44167686439353,54.280975208880015,51.70710450080358,44.19641886238553,29.46452265013073,45.8840617721658,50.047726335209234,53.58460253954249,55.40652259638839,56.49733914639594,57.39921063911236,57.544354917025885,10.0,14.14973347970818,12.55272505103306,13.979400086720377,18.129133566428557,14.14973347970818,15.05149978319906,0.0,11.139433523068368,16.532125137753436,11.139433523068368,53.95223268655979,54.35031691929144,54.85620647115498,54.66363368260964,54.00368728344007,52.71878763833057,51.25367390795991,49.680390876639954,47.45831803458583,48.60535640463282,45.94569326395738,47.61424125480513,51.63906433457751,52.69087781358565,53.11143301289924,52.57354532711048,53.0021492914654,53.21923460136361,53.89924108316851,53.53943145193708,53.8326407239608,53.97053143018109,53.55968457653611,54.16524014268653,54.05457353231954,52.86820100853802,14.62397997898956,51.69477517093284,52.450435739306094,51.48170613077387,48.38023776935735,48.82239848018824,47.03703976818275,46.15960567133985,47.753774027007566,49.51653166268216,50.60395617319909,51.670217957902565,53.20636408953695,53.65746238428721,53.89734726330133,51.9982645711406,51.25507290058338,52.0581314067537,49.253120914996494,47.91395874234808,47.33397909361422,48.67373193882259,49.001485607193445,49.96248914569132,50.96472023386425,51.71860961751824,51.77230510332289,12.30448921378274,20.681858617461614,61.12216442500576,59.694201061645664,41.1965172203987,71.74214328563745,54.037191944157605,42.39999792886872,81.25846599267591,13.010299956639813,13.979400086720377,44.21932813278509,47.3917663191073,51.46190073315928,54.67497113254733,57.07645106720592,58.92101840871527,60.09029995684904,60.80768583295901,61.31921666663345,61.52825375172061,61.19018876714672,60.567173785235546,59.843585132580095,58.3700477862444,55.98100776672218,51.969081460845885,45.27797400562339,40.56942945672877,49.58401410454157,54.45574626656619,57.28945966831425,59.12182186787885,60.23042465568714,61.039678327409696,61.36863195205533,61.03582413767967,22.671717284030137,59.54800460561493,58.4066115956152,56.34317025235261,52.6743691918518,50.60516531772394,51.91956558598464,55.1052624399022,58.05273116685054,60.114384859879465,61.57761604154031,62.60855750050048,63.41365071479055,63.730511021445295,63.646545383247215,63.37047134995633,62.69914597569486,61.85331614070112,60.21993033714176,57.96191208111252,54.94445418245937,49.306281558899634,44.18847959250061,50.26949791312418,55.06559146725782,57.57597185063227,59.56365355664487,14.62397997898956,16.989700043360187,18.69231719730976,16.020599913279625,25.622928644564745,17.24275869600789,24.668676203541096,15.68201724066995,13.979400086720377,6.020599913279624,10.0,53.026295928570654,56.26914939632981,58.85406456684009,60.91218365295077,62.18410502843264,63.18683015061389,63.88950478981302,64.07643248877014,64.1730358953919,63.83131621789859,63.164304118769856,62.10353304805686,60.58019632368445,58.428213431582336,55.176734911837656,51.79566152517743,49.81555867857225,53.05669448893732,55.91964556595687,58.63496543178921,60.21567177632795,61.2363541952178,61.89928037050956,62.03849821763129,62.14665856766604,61.86221536270829,27.331972651065698,58.92998441688725,56.8080672560157,52.83961216489512,51.04121631237788,49.09411596963402,53.44237000392211,56.71959231191367,58.7537673610734,60.57036643522301,61.74156662337738,62.39811069453742,62.6890777939072,62.667024368995065,62.41711052996087,61.79566152517743,60.769988707982506,59.41615770032814,57.29557583695636,54.105629848136985,48.86473804278622,39.48021533141103,43.81548256191099,50.84540532061485,54.41075844301626,56.65702914037439,57.75097583162746,13.979400086720377,20.253058652647702,20.253058652647702,9.030899869919436,10.0
9.542425094393248,26.60865478003869,11.139433523068368,20.644579892269185,22.944662261615928,20.170333392987803,54.65302529288185,56.69824345825391,57.92643787305141,58.96343753436986,59.68662699925743,60.26418853918291,60.224205348420845,59.97657624499905,59.49605148702904,59.07888929529544,57.60426253324227,55.97266163121998,54.601458174917504,51.71632858225611,46.992218221154246,43.57401175139511,47.26604970113563,51.55059580276322,52.9958573918951,55.101400160795976,56.45343656898537,57.30305743422815,57.98499410067254,58.0846283120528,57.73003424547775,56.785347672019206,18.325089127062363,54.45099568223968,52.393495390061375,50.95674861933559,52.21542029427162,52.4580127902152,54.79709162223436,56.630843738685726,57.73239943063252,58.97107826565495,59.48161021476675,59.539533661029935,59.41936574677197,58.836251005005884,58.022926573433466,55.872551094258185,53.34238561228823,51.55244917176186,41.12638510618493,38.96526217489556,48.21801652374265,51.51878323705007,53.855437163899005,55.50972743864192,56.59522590868712,57.81545714153937,57.93746394436677,18.129133566428557,15.68201724066995,6.020599913279624,6.989700043360188,13.979400086720377,16.532125137753436,13.010299956639813,20.170333392987803,10.0,11.139433523068368,13.979400086720377,53.06984424460079,53.84147241123452,54.52744508892992,54.3021700083112,53.51053817218688,52.37724656488296,51.28877246541101,50.12942623196626,48.06790271584067,48.504317914603504,47.62303363287768,48.81983467417948,52.62738151298728,53.18641313516671,53.7664446817797,52.69188269483024,53.23441869119903,53.291211446092845,54.270444492490086,53.82132358578573,53.89920569223908,53.94623263294923,53.48556019057866,53.81196334030196,53.52664799651101,52.92515241226136,15.314789170422552,51.6283314387816,51.95750251542498,51.15557261576829,47.4345488650729,48.21546279393206,47.06444662615846,46.63550167952778,48.49916694094291,49.50720129391918,50.923732104838216,52.35225345011866,53.45287451302157,54.03552883787636,54.07752807356607,52.63252489402517,51.90692992930836,52.58630100286263,49.60855906314407,48.11528088809081,47.0835290350362,48.34910042467786,49.47262126966335,50.24723684505344,51.42164125227837,50.76866087119938,51.252241913971694,28.020892578817328,27.611758131557316,61.12216442500576,59.694201061645664,41.1965172203987,71.74214328563745,54.037191944157605,42.39999792886872,81.25846599267591,18.325089127062363,6.989700043360188,41.11833578148847,46.5900293700084,51.38444807652802,54.87643108547667,57.28474718223985,59.01206499279212,60.17831873601879,60.9515853753894,61.43140383808517,61.68310054149004,61.34259048217594,60.82861813774017,60.02392872771722,58.5977515576542,56.40799339432712,52.68645825094747,46.969501883346126,42.99136693744014,50.12689623831112,54.37300184726944,57.13612330077951,59.038173636548414,60.06590108663989,60.93321155369584,61.17849748547467,60.85790246774394,16.127838567197355,59.33481213757531,57.97949270337468,55.59175006577058,51.639153664028754,48.77371345869774,51.262872965216175,55.09753444381994,58.220751932059954,60.1694814240967,61.64184162086493,62.73557276184839,63.52581113983834,63.83989228427634,63.86307191565376,63.5256549344444,62.79251154452452,62.02861148916326,60.5402939048662,58.42334598806851,55.30919082886094,50.51326205505846,45.53992193099424,50.4847676323753,55.04913766469453,57.53296498524452,59.54977774554266,24.14973347970818,21.5836249209525,12.30448921378274,24.653828514484186,6.989700043360188,22.04119982655925,19.49390006644913,20.0,12.55272505103306,9.542425094393248,16.020599913279625,52.81823927268629,56.41252940796383,58.72142281828215,60.87486820839327,62.21295801457315,63.26606186551256,63.92749346761339,64.12985247846453,64.134548415626,63.86310046496761,63.139821034703054,62.09206609599409,60.80768583295901,58.75663646175572,55.63804905606415,51.60063160546631,49.60118632706476,53.00606351984254,56.16966771167887,58.583470769359366,60.00306069732834,61.52041460387263,62.2531341784409,62.34292738757659,62.106015351454005,61.62149029588471,33.098430047160704,59.15600841176939,56.42349748449506,53.73355272314467,49.05385669546877,47.049222912234015,52.490735562578266,56.53723715183369,58.61398784666787,60.67823427295777,61.74856398335347,62.46817783157283,62.82225924523531,62.77549852848526,62.51555489810396,61.75604576642896,60.7092587576679,59.40935635757854,56.9348159995633,53.93108195369108,48.26398782187618,39.57176130404846,43.86695111775619,50.82013003641762,54.09684642576755,56.69363376415619,57.8465865204264,19.86771734266245,10.0,18.129133566428557,15.68201724066995,11.139433523068368
17.24275869600789,26.60865478003869,6.020599913279624,19.138138523837167,16.020599913279625,11.139433523068368,54.12986086859373,56.411219711108,57.90449137311359,59.06974696870429,59.63186952535247,60.04768767571925,60.29757029322772,60.21854294278764,59.62889987391791,58.86204109061694,58.13181868052845,56.72157915785693,54.15429117939435,50.83635181245853,45.79646429331813,44.53455946777304,45.677907105335365,50.31892987710475,53.25753680169325,55.234043577037966,56.33823825628496,57.289654222177255,58.14208294299648,57.81157718965305,57.54837406125208,57.64213505522483,21.33538908370217,55.67285217961632,52.55393125707304,50.892160494452405,52.175102642940274,51.71319751948418,53.978792031880886,56.28087373916573,57.28220632088734,58.45674648306606,59.12605151068738,59.3941241301927,59.018570135689416,58.550494760902325,57.76945859601173,56.7901430226711,55.02777964652292,51.30938143047351,46.81711468401807,35.01333178645566,43.04770488523259,48.99804093005685,53.8008455401153,55.56758270735904,56.79306131718387,57.38923186533495,57.819850234022994,16.989700043360187,12.55272505103306,18.63322860120456,11.139433523068368,17.24275869600789,3.0102999566398125,16.020599913279625,10.0,11.139433523068368,6.989700043360188,0.0,52.7009628142033,53.52747698121518,53.81809757158776,53.94488454205268,53.53902773158186,52.73019801566339,51.42330012516688,49.6138786808103,47.79055089381888,49.493997659618174,46.77533955916908,48.608887619219416,51.40394898045077,52.371917365751386,52.91699552106272,53.39898425202851,53.74124860179728,53.60366173053269,53.806308569294174,53.29279881693418,53.572275904895854,53.41111899075706,53.18140582399277,53.82494323942115,53.75063415875737,52.68001962683808,19.54242509439325,51.86450587835641,52.51231715535421,51.53134699238077,48.68015166625768,48.612356186340406,46.0588658966101,44.83173486092514,46.17775923334912,48.82661122864876,50.32187475255525,51.601983261165685,53.09172213738239,53.798437455201466,54.163941708863945,53.3653978075354,53.00378064870703,53.498697848203605,51.59413779585037,50.224943558374015,49.064050836537874,49.01049445343407,47.78209152454512,47.63098403750924,48.82558688209691,50.57278031827711,50.07581366114362,23.89166084364533,16.532125137753436,61.12216442500576,59.694201061645664,41.1965172203987,71.74214328563745,54.037191944157605,42.39999792886872,81.25846599267591,6.989700043360188,0.0,45.67567425898288,50.94334844309564,54.05156752580433,56.662277299444376,58.5454529340616,59.91510046876223,60.7589899865304,61.21600875363488,61.329397436646,61.33270904319056,60.6378806025785,59.80808911087833,58.67187492764229,56.61109107650958,53.60797828414898,48.16718430207881,44.71291711058939,49.43029304628966,53.90546539888802,56.76205096549539,58.59988633413919,59.85893302990589,60.459833084018726,61.11548139767291,61.016305821935184,60.36157621841655,16.901960800285135,57.9221583468176,55.99953993773264,52.806352710536345,47.17745374906922,49.58358392780661,54.010212292086656,57.330366829335794,59.654373700461534,61.53963565696185,62.46056429155524,63.29703100426972,63.78190880311106,63.94575121995084,63.79885579735564,63.13757789672762,62.28661318988513,61.19369728153247,59.162854622544586,56.520770395575056,52.48916892312752,47.005739284858166,48.06790271584067,53.50591053015967,56.654721692645495,58.87419797709459,60.27069774903801,17.853298350107668,22.30448921378274,15.314789170422552,26.03144372620182,14.62397997898956,16.532125137753436,9.542425094393248,15.68201724066995,16.020599913279625,22.04119982655925,20.96910013008056,54.11291336024957,57.5403090950688,59.84342304997703,61.71841665323382,62.74572079473841,63.46555011322644,63.95948814254014,64.07573252868389,63.96927792440792,63.466629344235024,62.90147290593918,61.61763778605064,59.64313383190421,57.293754038488665,53.85936783519555,51.138932385138425,51.032459613678725,54.41061687731172,56.86611247460232,59.565645914886346,60.565164794224,61.8215005740369,61.978702466128446,62.34408949466822,61.9739221949369,61.56676331928558,28.524799936368566,58.55112533575252,55.72567257205535,51.56730826499419,49.12593997752106,49.702073588068544,54.300895748127154,57.33447654794769,59.14620784078864,60.9938122685901,61.91984192940591,62.572104363295225,62.67036958828159,62.70208425676042,62.43790339293562,61.72498139187059,60.77423505955596,58.98699408298676,57.16727676975196,53.95976037912217,48.77561380121317,38.65991800126275,45.51693915127225,51.50378761755404,54.74055924437892,56.57718268291816,57.715294241006056,17.853298350107668,21.613680022349747,19.54242509439325,13.979400086720377,14.62397997898956
16.127838567197355,26.60865478003869,20.170333392987803,10.0,16.020599913279625,18.129133566428557,54.46805799802662,56.62607690900047,57.66032673090333,58.84959538128897,59.560492713958126,60.12679078991741,60.23526534389781,60.0347647318185,59.58537604983064,59.18081211298623,57.84692877541247,56.38948268236654,55.57604636551305,52.99794844589484,49.39888495510685,44.2561572457693,45.96465138017129,50.4651077212188,51.843535147917336,54.323679136974405,55.83647577537897,56.80641859486555,57.73219445008513,57.81029029212518,57.72078815378706,57.13894408724824,22.92256071356476,54.86974246226382,53.07249939305207,51.22183100093868,51.44262773761991,51.13742862429349,53.28047128787603,55.65791167872485,57.09813337239744,58.658912710490455,59.27157270331762,59.56768053737907,59.60174328666223,59.39718882354104,58.93736247200964,57.30591725509713,55.4563982436364,54.286611380325,48.64653449354013,40.13385017749685,39.812294874200006,46.41007836530388,50.52501563413781,53.02956156907079,55.12957744968645,56.90664687898789,57.480988323735474,6.020599913279624,17.634279935629372,13.010299956639813,15.314789170422552,18.69231719730976,3.0102999566398125,16.989700043360187,6.989700043360188,12.55272505103306,13.979400086720377,15.314789170422552,52.31625031878538,53.32636372298193,54.79811322583896,54.7015313127542,54.6472794155655,53.66912080198776,52.857215447743606,51.8077081387463,50.527477926406405,48.98209424939754,47.7423220878466,47.40930848647466,50.581981878782535,51.97977627003698,52.38660709351697,50.90628333058494,51.92483819902663,52.13392895986985,53.69336478014141,53.37413333468757,53.74266139805079,53.82191806430744,53.3827317467984,53.8569383855446,53.95684516474526,53.57847217343799,18.63322860120456,52.939765422016094,53.77032909310364,52.9371824317238,50.50959459771651,50.88961349939719,49.44270408209619,46.98839696444287,46.63248495990033,46.62616190820862,47.993129743253526,49.8395087195422,51.358606374956935,52.60114338062712,53.48078893239702,52.8540651739068,52.82259483083983,53.40305277062427,51.65591504164773,50.15636341407636,48.66033187689504,47.894961011016704,48.39465477163864,48.14254256639151,49.032636700504085,49.01943022070158,49.46732206280036,22.30448921378274,6.020599913279624,61.12216442500576,59.694201061645664,41.1965172203987,71.74214328563745,54.037191944157605,42.39999792886872,81.25846599267591,12.30448921378274,12.55272505103306,50.17867718963505,53.58308027491693,56.26985682570666,58.18537312321291,59.50307399063564,60.350825641423285,60.83804227909028,61.06584202841041,60.89532446978402,60.5962475245932,59.475533079646496,58.09651277152332,56.29414696425879,53.11391444727407,47.43298053368377,36.95831772826692,48.33306515284698,53.32781719862915,56.535443809484335,58.53976703519757,59.81300677401621,60.7386089281909,60.9479419621649,61.18979251968534,60.83890158610895,59.87827084954738,17.16003343634799,56.558843576086986,54.485532852809975,51.29722108695879,49.53479411322143,53.52290595733312,56.80677193208888,59.18312431659225,60.93881653552019,62.0868665278432,62.95700995947414,63.46749136328732,63.82453820423103,63.76206919240797,63.30829603970468,62.49708201101927,61.263551558209016,59.75562307030955,57.338814822065615,53.43124880266474,47.27297202803587,43.89254706848648,51.87909719548141,55.89530735051248,58.43946254090055,59.93367884363948,60.97588025181289,20.043213737826427,20.681858617461614,15.314789170422552,13.010299956639813,19.54242509439325,16.020599913279625,17.634279935629372,16.532125137753436,19.030899869919438,20.0,19.86771734266245,56.51638483884626,58.93900403553743,60.63262034208796,62.01215993949135,62.98236770459303,63.74599524261417,64.05552955277155,64.00797107311897,63.769842364353934,63.25321254604275,62.17156389001518,60.801883644250445,59.13021867324431,56.367947027635466,52.245978005479074,49.0156729002845,51.685328384867766,55.53701021549961,57.86720906918752,59.86926172366516,61.03701119589515,61.80591760282358,62.33369037128078,61.90074127206145,62.08181669612605,61.33005292601696,26.989700043360187,57.83970004105203,55.55358090536505,52.21414237842339,48.92984550710716,49.81351908829629,55.01088031561743,57.81965651479127,59.80077036232333,61.10133293012541,62.055621574868105,62.6692211342067,62.78922028832567,62.76561979071033,62.421996720622026,61.52261429524835,60.36305049626325,58.93584791216956,56.38449319993654,52.93503981283645,46.67602361847101,38.02157753186962,45.34394211412905,51.57109072514291,54.56997275219685,56.959131298046046,57.85473626753685,20.170333392987803,20.681858617461614,17.16003343634799,19.294189257142925,19.294189257142925
13.979400086720377,26.60865478003869,15.314789170422552,17.16003343634799,14.14973347970818,0.0,54.40104262590073,56.4485987721671,57.85127591808104,58.92473053450895,59.67586349682469,60.08961933117199,60.23152004553544,60.0889300889809,59.60075308687963,59.38459680314046,57.7858894335309,56.3157464645942,55.49769348803909,53.26814959346472,49.70532829768324,41.330916102547086,44.92620722043192,50.05223424858136,51.684385521867725,54.33382555352886,55.99578522701694,57.12438394580423,57.83707102298813,58.05990607454197,58.04315296215133,57.16994407819944,9.030899869919436,55.04959932908608,54.28163962081642,52.415913022553,51.2074498322099,51.61359016738948,53.54586668339377,55.26256546752028,56.96531993449183,58.33647442054371,59.13485359183096,59.37189790523279,59.51691028552887,59.25650317457386,58.734281446960495,56.75180546467025,55.08095881195523,53.84885425996748,47.64243401712758,39.74649834438722,42.78502094493884,48.50964641889642,50.95413464448447,53.57830070342652,55.56758270735904,57.38911302651634,57.76559543127699,14.62397997898956,16.532125137753436,15.563025007672874,20.0,21.95899652409233,20.043213737826427,9.542425094393248,11.139433523068368,16.989700043360187,16.532125137753436,19.294189257142925,51.77135205396642,52.80983340918397,54.121580320091056,54.28737202704751,54.09095835144698,53.239365285931406,52.61947680977423,51.4813973650122,50.303325061706936,48.23637222034628,48.73465923711319,48.63001482308211,50.555694400609895,51.9433947887343,52.874658053432285,52.03468051862646,52.36587640756995,52.5267102588598,54.24519028999373,53.88999425120515,54.02579461901788,53.76074856070328,53.162325214273935,53.53418015772021,53.54523318829788,53.48789522228201,15.68201724066995,53.26796542253948,52.69692695589724,52.01803914110988,50.75181854618692,49.98825819040286,48.40858554041879,46.88419822002711,46.207604899942055,46.15339717908828,48.2753081089534,50.30474231992724,51.95204778875212,52.94212629975711,53.53225501669502,53.64596017070233,53.42600310415772,53.60792151523631,52.377447538751845,51.343173856329535,49.726147134680296,48.5033985458348,49.05283056271976,48.75119165462568,49.07465106765856,48.535156967569286,49.46063977640822,0.0,21.367205671564065,61.12216442500576,59.694201061645664,41.1965172203987,71.74214328563745,54.037191944157605,42.39999792886872,81.25846599267591,6.989700043360188,0.0,49.77032756450076,53.54742123424168,56.38179649404609,58.21891979165188,59.66397069769614,60.43284451765522,60.989986294805234,61.187199508679065,61.08194836283844,60.7248885930514,59.67737002932292,58.36906793483307,56.568644915489166,53.71751107340287,48.95162775735844,41.75656747281664,48.51808514228237,53.17129015112898,56.38661942033028,58.450539879112696,59.68843776719243,60.561685937030056,60.84132821022696,60.99566010904606,60.58463985602251,59.69417776274796,6.989700043360188,56.41716969866125,53.25109091698253,49.51245209264287,48.7903276739405,53.32084820464515,56.86752423033876,59.31508721866617,61.12325099710536,62.31851214456127,63.02681513492573,63.60258571070564,63.981324453456,63.88151842614352,63.39408705421867,62.61680542464559,61.44109466300763,59.91749129755456,57.58709073406666,54.19666673085815,48.556463362645765,45.183296546404776,51.76163635438134,55.70461210112099,58.28176362083548,59.74773203876259,60.94804320937166,13.979400086720377,21.613680022349747,22.09515014542631,20.043213737826427,21.84691430817599,15.68201724066995,13.979400086720377,22.85557309007774,20.96910013008056,17.634279935629372,23.69215857410143,56.386190267202295,59.05318703631542,60.72110503858077,62.11662136688196,63.07660525211346,63.78401535196379,64.1668210443442,64.1276688158512,63.859858919062766,63.29625849547508,62.17974551367672,60.903349561115405,59.19400815445469,56.65350181439895,53.02491107475077,48.90979596989689,51.91185437940112,55.70888370123147,57.8123031479409,59.873668023394735,61.01728519830078,61.93843650993336,62.345124748641794,62.47865783580578,62.20000547598769,61.16250665606003,34.632956099620024,57.20765238323534,55.38564937243889,51.933389087700654,48.3528461763273,50.21429128836864,54.65897156015573,57.72445668366807,59.57854769175964,61.23382480219657,62.2149900176602,62.73836629792989,62.93575781836823,62.8078681810602,62.502601622884086,61.56223459805197,60.3433200863629,59.17886072509567,56.36533028538652,52.96252633953295,46.250344958952034,38.07873132003332,45.76341350205793,51.27315412520904,54.52399845911442,56.95153204661679,57.90331617684559,6.989700043360188,10.0,16.020599913279625,20.253058652647702,10.0
16.020599913279625,26.60865478003869,9.542425094393248,23.384564936046047,16.127838567197355,23.180633349627616,53.95011699578095,56.020795341399385,58.04474739101828,58.926399122372814,59.819109811565816,60.05745328691355,60.401373407952335,60.18574851245545,59.921844537441714,58.96914594047182,58.47699104325049,57.1091749032987,54.11060486512288,51.01282983070018,46.90639011715968,44.66007072774868,42.89945516176668,48.6853864336278,52.786187201442914,54.93303266794467,56.48984165557997,57.21371978853373,57.98073043413412,57.98723136883911,57.6184442783761,57.74094143994472,23.97940008672037,56.01565700173376,53.03517877844087,51.12075214576089,51.58618770846542,51.76901186391347,53.96443460112428,55.91893429464602,57.27860760692632,58.136723742583925,59.05388369568836,59.38766322410493,59.146276563999685,58.80714150318117,58.00382295144957,57.82648169785389,56.08228557666255,52.64009850624052,50.378804768273085,44.02398958913232,35.514499979728754,46.78700434998304,52.74601157721944,55.23258586795564,56.42830400151063,56.71307092112304,57.23256129870097,12.30448921378274,16.532125137753436,17.634279935629372,19.138138523837167,16.532125137753436,21.73186268412274,22.50420002308894,11.139433523068368,13.010299956639813,14.14973347970818,18.63322860120456,53.0021492914654,53.72606417162512,53.65474880980394,53.81513978876174,53.73489451393859,53.22519061254412,52.31153439494694,50.84579852359802,49.075457132835936,49.71466042916119,47.09142707622797,48.47880997445375,50.14495337186388,50.84036201794683,51.68630049799126,53.11450808462132,53.41604647633402,53.93057250601444,52.93114947335853,53.15726904486888,53.141201337890365,53.11857655625255,53.4244044705125,53.430539229128485,53.61595639318234,53.32620219565641,14.62397997898956,52.82599457384596,52.90793406651779,51.99681143475093,50.87671410994864,49.58945932493936,47.62985986393013,45.04130905935453,44.48474428212161,47.09829433186508,49.108804244379215,50.51152522447381,51.94816716457709,52.76712198106416,53.42316068182743,53.778342244705485,53.49100664623844,53.46988300987701,52.44487411937512,51.82448892436824,50.67044805038063,49.79675821887743,47.24218506164001,46.72624236376428,47.825944388662165,49.76336220776418,49.709648642347744,20.96910013008056,3.0102999566398125,61.12216442500576,59.694201061645664,41.1965172203987,71.74214328563745,54.037191944157605,42.39999792886872,81.25846599267591,13.979400086720377,3.0102999566398125,50.32014034159506,53.77927008636895,56.301480870683534,58.07042954874574,59.61656451115353,60.53981451494059,61.02025290611416,61.242436351893765,61.10962908494342,60.79866889812982,59.73625159353922,58.38415839046079,56.40021059530312,53.45054019226264,48.77900931232631,43.27747071252456,48.54451794509207,53.55922532559209,56.11401449827504,58.282556986483065,59.57443497950383,60.42172530198776,60.9209049582272,60.98123645362718,60.49329684038253,59.60282843865155,15.563025007672874,56.13894652541167,53.64337078441652,49.95407020394442,49.001485607193445,52.94986186337589,56.66976368509276,59.14701130574837,60.95157142178317,62.332198033221424,63.294894071942124,63.76793138100383,63.87582190424723,63.66626514239034,63.290627228980256,62.656403149550215,61.39652753715616,60.118587498631975,57.36467417970637,54.10245635297295,48.14014399594432,45.70087392314028,51.250679200015895,55.49770573460573,58.10711591071624,59.89976347404348,60.98605312415092,15.68201724066995,21.64352855784437,15.68201724066995,21.13943352306837,16.127838567197355,10.0,17.634279935629372,22.27886704613673,17.853298350107668,16.127838567197355,20.681858617461614,55.929236344654896,58.53284400899795,60.94274026731157,62.16752924964793,63.30384751766957,63.721474505597264,64.05036283135578,64.08477744294574,63.90223588032866,63.20487976742173,62.50307998447554,61.073246353957,58.714795288390114,55.90139354369639,51.889622140612005,49.837931179621,51.48531706020461,55.401216646075405,58.08127888427903,60.07611239610272,61.11841970556007,61.93399842680526,62.29968888513032,62.11968536852757,61.543707101889744,61.35583256565265,25.31478917042255,58.36522225285533,54.63321015296653,50.366368786432325,48.96200925970138,51.14293987035711,55.50214895834485,57.98650645445269,59.92763766192577,61.11446008006348,62.15614301756467,62.729838999370166,62.72807823176648,62.69776476326109,62.13906721242304,61.85837250172636,60.6903431940008,58.725460883651735,56.95342434770579,53.944744456661134,48.85321634094973,37.65817515309919,46.99178415672612,52.209705875202886,54.99711820207132,56.59355151296662,57.58203884690453,17.16003343634799,17.16003343634799,16.989700043360187,15.68201724066995,21.84691430817599
20.5307844348342,26.60865478003869,12.30448921378274,17.24275869600789,16.532125137753436,14.62397997898956,54.15140352195873,56.50008174573995,57.94426697359266,59.152525828388576,59.626429923026045,60.156401118177705,60.37905949298056,60.1196016110401,59.78418377576774,58.77625857699192,58.1832686524268,56.77622462960737,54.18715496865595,51.25237211475625,47.0727202854802,45.1917146382166,46.61708593776292,50.00039084744584,52.91166754368054,55.23020302208912,56.263126455659176,57.38820182085683,57.70135939874478,57.6850490704858,57.45777217889759,57.39050719726364,23.443922736851107,55.26266888943656,51.95977099296299,50.56599976292781,51.938200260161125,52.0549127174517,54.33681846388056,56.503813566331246,57.60097394904086,58.768757140174266,59.23676025170904,59.65453829171628,59.44660301743735,59.02386403182456,58.31752070283555,56.99859396707893,55.35192815054697,52.02951245040243,48.094923769373416,36.71080232738849,41.27784876362171,48.30010935936117,53.34721081662217,55.26445252993098,56.5475393325293,57.201799836031896,57.53889331459834,20.827853703164504,11.139433523068368,6.989700043360188,22.04119982655925,19.49390006644913,14.62397997898956,22.576785748691847,14.14973347970818,25.4282542695918,20.253058652647702,15.314789170422552,53.15829753957609,54.02338774575134,54.28110485821543,54.41525468491827,53.92334597020173,53.121858221366416,51.82671386675479,50.19336498796477,48.01575198462586,49.01403826825252,45.751185370866914,47.67341422368662,51.0791851280483,51.82123503371378,52.60758080035578,52.794707373101744,53.36213497137641,53.439144835437126,53.68309203531134,53.2791039358105,53.65467392854011,53.733185036869656,53.13346176199968,53.94202940992973,54.00254699024679,53.067873246252326,16.901960800285135,52.37729680922208,52.73811199399403,52.1177442850884,49.38059168936093,49.19893590571552,47.35359333001711,45.29956220078762,46.07755172446473,48.61946406837544,49.85089506926381,51.26848683576757,52.73420308781071,53.49442663991912,53.96927792440792,52.7932466544261,52.60226465466424,52.97070781008237,50.79054558347549,49.85094001542005,48.7985823728254,48.852537640936255,47.81733838854954,48.03627795344816,49.37016107464814,50.695349027125616,51.19262489447873,20.96910013008056,29.86771734266245,61.12216442500576,59.694201061645664,41.1965172203987,71.74214328563745,54.037191944157605,42.39999792886872,81.25846599267591,17.24275869600789,20.37426497940624,46.62427264452727,51.179470755232295,54.13634997198556,56.93734861099219,58.4719804200694,59.97153008572099,60.76071082959669,61.10787959190709,61.42517733009443,61.19547521067585,60.60163140292904,59.69330163347717,58.54151125932784,56.49802009508604,53.2212829016547,46.8257825185508,41.31137273778607,49.07174799363358,53.88088762516056,56.73743208212278,58.66727319388994,60.07168901888113,60.5085323870583,61.232324117172006,61.1328339165036,60.57142886136568,20.863598306747484,58.17552809872606,56.35395270408659,53.61737277099362,49.17111472493697,50.43668730684841,54.16101048247853,57.40745489509437,59.71788255098852,61.523959871388925,62.37461797542274,63.25101901400764,63.70642599956905,63.88710101759968,63.74511710171099,62.98247042110492,62.27087536066708,61.00525622598912,59.104034667398366,56.22882052933824,52.01476328040931,45.46110621749425,47.98249998378468,53.23922108999141,56.76089749249794,58.87124220055714,60.49052028417246,20.253058652647702,23.117538610557546,22.55272505103306,18.129133566428557,12.30448921378274,18.325089127062363,13.979400086720377,20.0,19.54242509439325,20.253058652647702,22.85557309007774,54.1881981437366,57.6064259081167,59.96128430859429,61.66954680429343,62.73901354985355,63.542997940218456,64.02856259287361,64.14907363604436,64.08576582693485,63.38552904246224,62.87006960610324,61.69623009137222,59.65530003285192,57.489822144114825,53.78588657879494,50.26753828467797,50.36133645113013,54.157627120549975,57.055387247672805,59.49929367871839,60.56705563501569,61.63768247170112,61.841489336587216,61.96520222274262,62.17288599375155,61.09303440361649,31.212314551496213,58.35488910599274,55.7520863512331,51.855336558576745,50.109991843615546,48.76737297140664,54.35648507232635,57.65794429770192,59.54542069295569,61.0699718108942,61.84965262232804,62.51209797275928,62.76760422557778,62.77970708506247,62.48803030707733,61.678986637577935,60.77449668514578,59.04288071404977,57.27076622522992,53.68074800702044,49.048723605500456,38.790958795000726,45.08745129469549,51.66444915720618,54.77874825308674,56.72139437331811,57.81545714153937,17.853298350107668,15.68201724066995,21.95899652409233,18.69231719730976,18.325089127062363
17.853298350107668,26.60865478003869,9.542425094393248,17.16003343634799,9.030899869919436,12.30448921378274,53.97428977816247,56.07328469595185,57.95208252519154,59.02914605187291,59.66367507173356,59.98375309215624,60.3422726077055,60.08618054107715,59.88525068102008,58.76908581543724,58.42691597995806,57.16274692898174,53.98113691730502,51.416660828387,46.52536418593026,45.39025888435833,44.52399845911441,48.54967608965709,52.57594587152616,54.87823934498031,56.102011438306256,57.07857907301229,57.79790509733057,57.80240241438712,57.59426838804898,57.77716738609626,19.86771734266245,55.95559046685988,53.081822370399806,51.16268941860501,52.09110020415616,52.11827763620743,53.97383755657276,55.96088838712823,57.08142896702241,58.12130252822256,58.89525796671191,59.28357440079096,59.0462575656546,58.66736173476787,57.9109668385659,57.647714775043625,55.91656625547586,52.237813963998136,50.22411873455921,43.854811501692446,30.66325925362037,46.56107788981672,52.56014996155447,54.90039989833321,56.092795116203774,56.53931881405232,57.228617028873465,15.05149978319906,12.55272505103306,6.989700043360188,0.0,16.901960800285135,6.989700043360188,13.010299956639813,0.0,17.634279935629372,0.0,13.979400086720377,52.71027994262323,53.51465823728429,53.70929235527386,53.87368467068485,53.729580063049205,53.30764720043437,52.21701064384597,50.816532947696615,49.262806942049664,49.86771734266245,47.26409316259979,48.20661134643595,50.20796188104522,51.02725195760477,51.87591217465447,53.07515291921561,53.51450356367914,53.89609016051986,53.06410014642446,53.099812930413606,53.16986705131481,53.19907254479482,53.57052027759156,53.59085724959798,53.63207578188511,53.29310401405253,18.325089127062363,52.77051951607522,52.97675175336433,52.17865429342714,50.86302870286195,49.79989728610864,47.51994638090036,45.24370154542359,44.95544337546448,47.690374389232176,48.93484346218486,50.49996727620201,51.78078668762629,52.705786923597415,53.470176013249485,53.40335031751464,53.38795031631805,53.29422288669372,52.45517602950677,51.60630573462864,50.4428883189668,50.06842410294605,47.70277479756172,47.23233952857966,47.61514385682483,49.54941643064743,49.57549824231347,23.97940008672037,30.644579892269185,61.12216442500576,59.694201061645664,41.1965172203987,71.74214328563745,54.037191944157605,42.39999792886872,81.25846599267591,9.030899869919436,16.532125137753436,50.49795405458727,53.78968105821536,56.19878734783802,58.00101620935048,59.4932851790491,60.43910989511584,60.9864718631707,61.1461265202652,61.01511309002318,60.65218835280098,59.67801084899317,58.36388052316012,56.51202393643528,53.642601176423774,48.95847791660552,43.67355921026019,48.68085784571733,53.45532518019738,56.2111082097497,58.20370939235815,59.49570518516734,60.3063938544754,60.74035251345138,60.79922532785248,60.45567445149377,59.48659876110143,17.16003343634799,56.11962157372471,53.70731384743586,49.82714349187772,49.62127730652832,53.18096740945771,56.698039099679605,59.10899619821276,60.9246307870205,62.3328173650038,63.09440228505903,63.56795234891016,63.7581444795337,63.71061394007881,63.27494821751165,62.54057194450085,61.37496531541338,60.03090276149699,57.34535013189071,53.95887031160447,48.3110156450136,46.22804427805032,51.28043673826458,55.46090860993567,58.046041582276445,59.83232853738163,60.92896010921856,47.41467697685545,17.24275869600789,18.69231719730976,21.13943352306837,20.0,23.180633349627616,18.129133566428557,18.69231719730976,9.030899869919436,9.030899869919436,9.542425094393248,55.96652066132439,58.5571838874062,60.85483238054158,62.17217758582521,63.149251034534345,63.62595745995573,64.02483202977292,63.98260399789896,63.81906923250669,63.11962484141623,62.37431631464753,61.083136419591646,58.6137308858948,55.848116230365726,52.25735611624981,50.50031562368402,51.92023547907665,55.49015530058215,58.01462023686685,59.918765868279706,61.047004504540354,61.70048624075811,62.38854944661752,61.98853299750236,61.71683168275122,61.04279815974616,27.98650645445269,58.48397282037925,55.52026641074072,49.83725491562693,48.73029812061044,51.10973335938744,55.32531443382915,57.97093649698737,59.7422053035116,61.1747712234975,62.009524960884754,62.60141298996893,62.65302828966857,62.54677596937973,62.16150325487239,61.72161699779116,60.60017920770839,58.5106501406355,56.94082854195301,53.78079786417792,48.575737041474966,38.20661134643596,46.95078716496637,52.31265648430266,54.95889693249028,56.47305690122006,57.49317274309925,19.86771734266245,10.0,6.989700043360188,21.13943352306837,13.010299956639813
18.573324964312683,26.60865478003869,13.010299956639813,6.020599913279624,14.62397997898956,15.563025007672874,13.979400086720377,18.325089127062363,14.14973347970818,0.0,15.314789170422552,6.020599913279624,6.020599913279624,21.33538908370217,15.68201724066995,17.634279935629372,19.294189257142925,15.68201724066995,10.0,10.0,6.020599913279624,12.55272505103306,3.0102999566398125,15.314789170422552,21.33538908370217,13.010299956639813,0.0,13.979400086720377,16.989700043360187,11.139433523068368,9.030899869919436,17.16003343634799,6.989700043360188,19.030899869919438,16.127838567197355,14.14973347970818,17.16003343634799,3.0102999566398125,3.0102999566398125,14.14973347970818,11.139433523068368,6.989700043360188,17.634279935629372,47.41467697685545,13.979400086720377,13.979400086720377,13.979400086720377,11.139433523068368,16.901960800285135,13.010299956639813,15.314789170422552,14.14973347970818,6.989700043360188,13.010299956639813,10.0,13.010299956639813,15.68201724066995,15.68201724066995,13.979400086720377,15.563025007672874,12.30448921378274,10.0,6.989700043360188,14.14973347970818,17.16003343634799,10.0,13.979400086720377,16.989700043360187,9.030899869919436,16.127838567197355,37.8915749191144,35.80354661106591,33.188977146274866,31.392492175716068,30.751818546186914,18.63322860120456,20.96910013008056,25.76341350205793,31.73186268412274,32.94466226161593,36.34074025487469,35.5303301620244,39.34952707817858,38.8320703335239,38.71164132802949,38.37903944592942,36.73665876245702,38.66936817731639,35.59308010907012,35.748411950633844,31.089031276673133,31.007150865730814,27.85329835010767,23.384564936046047,23.521825181113627,31.84691430817599,18.63322860120456,36.12783856719736,36.53694795315082,35.20614521878236,36.48360010980932,38.59798547480566,36.41573253178176,34.8925516836926,33.80934463330702,29.916690073799487,29.12753303671323,18.325089127062363,20.681858617461614,26.020599913279625,29.89894563718773,33.13234291694724,34.1929472175346,34.601458174917504,36.74769314015426,34.75089803389007,35.43074235033532,36.13313161455459,33.80934463330702,34.452927694259714,29.69415912353981,30.398105541483503,24.099331233312945,22.85557309007774,21.84691430817599,61.12216442500576,59.694201061645664,41.1965172203987,71.74214328563745,54.037191944157605,42.39999792886872,81.25846599267591,51.97856477975747,55.50503522928577,57.979956029380446,60.22801464922789,62.0223240571713,63.49919264851772,64.51022449183623,65.03913193999621,65.53742525424703,65.51703790886087,65.19372861425721,64.46650541033621,63.293598387872905,61.462127148462585,58.59229591655694,53.87071108137793,46.34527649429032,52.326556526481525,57.89869675649222,61.11808735673125,63.19958397525693,64.53642410761616,65.48102578500821,65.91380858678329,65.92731322670127,65.58126802301551,64.78104108261535,63.5394929679343,23.443922736851107,59.0909849548249,55.31185030184496,53.45891046455616,56.73909793400051,60.44484882171271,63.166045395741214,64.95557241312197,66.45655369859622,67.39516808162305,67.96136349144487,68.25965372633915,68.21408774161794,67.925181068295,67.3365876876839,66.38372331138213,64.9725110062988,63.00043026555828,60.0933019445501,55.35154819591039,48.71537910385015,53.645303588407856,58.96562039795539,62.10483589927547,64.2114191430911,65.55471721648726,66.29949582692885,66.39162540184786,66.11196738678542,23.05351369446624,25.95496221825574,12.30448921378274,14.62397997898956,18.69231719730976,15.563025007672874,20.043213737826427,13.010299956639813,16.989700043360187,19.294189257142925,11.139433523068368,22.27886704613673,15.314789170422552,24.23245873936808,20.827853703164504,16.020599913279625,10.0,16.127838567197355,13.010299956639813,16.020599913279625,17.24275869600789,19.49390006644913,15.05149978319906,23.26335860928751,19.54242509439325,16.989700043360187,13.010299956639813,21.33538908370217,25.05149978319906,15.314789170422552,24.84299839346786,23.69215857410143,26.11723308007342,26.11723308007342,31.476763242410986,36.12041744645269,33.473300153169504,36.55618583541222,27.958800173440757,27.435097647284294,28.29946695941636,29.44975908412048,14.14973347970818,18.129133566428557,24.14973347970818,23.010299956639813,25.158738437116792,13.979400086720377,21.73186268412274,22.14843848047698,26.989700043360187,20.863598306747484,14.62397997898956,20.863598306747484,15.68201724066995,9.030899869919436,19.49390006644913,12.55272505103306,15.314789170422552,18.325089127062363,19.49390006644913,18.69231719730976,21.13943352306837,14.62397997898956,20.0,10.0,12.30448921378274
14.62397997898956,26.60865478003869,0.0,6.989700043360188,17.853298350107668,20.253058652647702,53.66768387467222,56.17773829032318,57.94855960577122,59.08377772432394,59.56692726234603,59.94974916258247,60.17895226188148,60.10098454941318,59.63818510110932,58.40829107226159,58.258083104593055,56.93291557130092,53.51119609737672,50.520009801013,45.96509128341999,43.056307759969656,44.1477285809333,48.69525062857228,53.53225501669502,55.146061859070784,56.387936555790354,57.3057961144465,57.68350942859463,57.702310420670685,57.47295255267241,57.48520600229209,9.542425094393248,55.52677948092382,52.93532702929399,51.8150058846776,51.50710399135644,52.8913614069344,54.86284508709182,56.23424007076168,57.57046630481726,58.04984018965765,58.748481172697865,59.18232226295524,58.8765161499482,58.28896954034917,57.35012525805971,56.84354259530066,55.16367440673125,50.08961933117199,48.12057287410332,39.78271841610636,41.40947771342663,49.67309235841551,53.89254706848648,55.80821234157823,56.85846493914518,56.87173889607497,57.553511008391325,14.14973347970818,15.314789170422552,6.020599913279624,13.979400086720377,12.30448921378274,12.041199826559248,47.41467697685545,47.41467697685545,12.041199826559248,19.86771734266245,14.62397997898956,53.29035646757005,53.93234653099192,53.226430420755904,53.49139541754455,53.15745797032089,52.7399611375928,51.19480238803334,49.94167521907188,48.12712866765369,48.52461694326535,48.61731501177587,50.00850384080102,49.884608505355736,51.23658941271644,51.73119224492082,53.87896800509134,54.16257626999023,54.30205711427632,53.15039917346304,53.38125666328706,52.97909261565341,53.153993030517775,53.249077183560765,53.36405693845919,53.41800404487081,53.180048683086994,15.05149978319906,52.65150497310647,51.528415644213695,50.6107909680612,49.90090107787935,47.134989432928165,44.77887831360864,45.05543379461151,46.09487689853285,49.024652395293096,50.291767281640944,51.68358982196007,52.48860577400447,53.17862845085274,53.53747017284724,53.903733388690256,53.77948837324936,52.50634656636956,52.20100239273676,51.57109072514291,50.0557943384582,49.13400546394953,46.81395022773371,48.07602669916495,48.5169853686838,50.21706008805968,49.9374035058221,22.576785748691847,18.573324964312683,61.12216442500576,59.694201061645664,41.1965172203987,71.74214328563745,54.037191944157605,42.39999792886872,81.25846599267591,6.020599913279624,13.010299956639813,45.70554614307831,50.77400612423545,53.94146867270842,56.53515449135333,58.27865971732911,59.72862113455893,60.60375209685874,61.13010287925757,61.29031185474122,60.96716100666879,60.68335797374738,59.67475431750061,58.32161338072315,56.30070732050011,53.31437419817253,48.904042503504826,45.2908370450271,49.51541501848838,53.78937254018315,56.54322886976955,58.31038126475441,59.51502655319874,60.30068367819021,60.7396199998708,60.6953860310307,60.24224930659184,19.86771734266245,57.78829667265886,55.635214278167446,52.56864409822452,48.08136670467362,48.96553773371796,53.92907895293394,57.21799077824485,59.50384329028349,61.33218178453993,62.35861867148656,63.1961254489947,63.51756314416134,63.67597791102586,63.55983764939272,63.01240143341586,62.26202801754309,60.89211098378587,59.1249201128811,56.42411095767148,52.48622995006578,47.83596321550007,47.85023585045686,52.79301837274616,56.38229601037562,58.74751356114534,60.292559058136135,24.099331233312945,12.30448921378274,17.853298350107668,19.86771734266245,16.989700043360187,16.532125137753436,19.138138523837167,3.0102999566398125,13.010299956639813,16.532125137753436,13.010299956639813,53.91217483239402,57.284901371982826,59.90951231009211,61.49926036586628,62.52492829685228,63.351870090397576,63.81050970139796,63.96341123716108,63.8701464035975,63.172156339456805,62.77906128958325,61.57972658525264,59.45380437057239,57.04959987273713,53.84546948408951,50.84036201794683,50.9176892570496,53.73347918837997,57.52749670545007,59.38320544480887,60.83264982845658,61.53436787432771,61.73696628777493,62.01954520768256,61.682286916986016,60.99538729983347,30.68927611682072,58.481305910966135,55.65784086002738,51.9580282437471,48.83008082962908,49.70653656885724,54.68886171118963,57.360018720852544,59.180958956169015,60.81888937740662,61.67176092216785,62.43781916093795,62.49999167193582,62.5801939825893,62.17933535220175,61.60004876187901,60.71634978082805,58.5474315326016,57.34289253557315,54.17134423539324,49.48745406355536,37.996850909091,46.4797922646009,51.942173105562624,54.918503503491536,56.12429921421739,57.33678655677088,14.62397997898956,18.69231719730976,16.989700043360187,11.139433523068368,0.0
21.33538908370217,26.60865478003869,6.989700043360188,13.979400086720377,16.020599913279625,15.68201724066995,54.11232371541069,56.33193652146363,58.00390547523402,58.90403132430767,59.648029834648106,59.96995168444872,60.1436300493772,59.96459133353554,59.70355245850381,58.94055075223113,58.01606744961767,56.5134780571748,54.66969882440621,52.173049253543375,48.56686606525174,41.1747016362012,43.79794843276982,48.93484346218486,53.15403504634351,54.65739659203861,56.34374478328378,57.28078506332399,57.52877811229629,57.87574523834921,57.65910589715432,56.8386979607049,12.041199826559248,54.37433443797971,53.71069710329429,52.40761351830271,50.58129813590524,53.66594773094043,55.06912077228474,56.23489120164827,57.89228762862996,58.46871917643956,59.18292512755356,59.433094808944446,59.45244979170717,58.97479736014652,58.21801652374265,56.852265479348496,55.072782267216624,52.02450171578482,48.27013678162477,42.43658026638697,44.11788004543869,50.19465248171649,52.74113955582014,54.891284513322574,56.20643996924578,56.87821364995385,57.35139614045619,9.542425094393248,12.041199826559248,16.901960800285135,9.542425094393248,18.573324964312683,16.532125137753436,6.989700043360188,19.030899869919438,16.901960800285135,0.0,18.69231719730976,53.67255257420675,54.22458514031944,54.14117278738294,54.10407715087783,53.53069502665453,53.16986705131481,52.08906039343678,50.72654217333034,49.662590937671496,46.63333362411702,49.28037206406884,49.933877278979146,48.8778041141103,50.456241416846304,51.70555058521209,53.31763263897428,53.34101749583195,53.7589395751608,53.48359389873872,53.8471353383967,53.66897153296776,53.40269568744455,53.602335611578326,53.26001817397675,53.19805366234884,54.06753017724128,6.020599913279624,53.40305277062427,51.60831541991271,50.586878888437,50.77476919504342,47.6620457379814,46.35986111800833,46.526813847635744,46.83308257174126,48.1486662347525,49.69681440451502,51.49123618973498,52.07154844120497,52.51231715535421,52.81190230639298,53.957980061633926,53.633505725214974,51.77146758624016,52.318873723696825,50.97250366480733,49.75349077871447,47.79148980741438,48.20661134643595,48.969338661065805,49.92151288919687,50.35257587362345,50.7979606117236,24.424797690644485,12.30448921378274,61.12216442500576,59.694201061645664,41.1965172203987,71.74214328563745,54.037191944157605,42.39999792886872,81.25846599267591,17.24275869600789,17.853298350107668,46.618221471876126,50.94156561782523,54.382828020466405,56.68335587803887,58.470078325581404,59.728061717715065,60.6009394017087,61.13753891778218,61.30462750885787,61.07618624862353,60.67961975352884,59.77266212427293,58.18413959160971,56.07691943963158,52.73140224066812,47.88634951620105,42.105057906809726,48.87448500249953,53.904016213050745,56.62126702198498,58.518280628435775,59.701948000400606,60.59239943072633,60.824439021828425,60.82722913561311,60.55380242878197,14.14973347970818,58.37730444461671,56.02790077780619,53.13067466930163,49.99587224142601,50.47808157259879,54.31341244602006,57.48808004958602,59.59689963284725,61.32915759874048,62.426865001626894,63.16512141150998,63.55689387812524,63.67664663598379,63.49211455272695,63.04984213955548,62.20587640095179,60.88618685024733,58.99997684682213,56.47078661760234,52.31533302670493,46.70431409360606,46.81982524113211,53.04499144642009,56.53266555948315,58.96646348331429,60.36578597316612,17.853298350107668,11.139433523068368,3.0102999566398125,23.010299956639813,16.127838567197355,13.979400086720377,13.979400086720377,6.989700043360188,15.314789170422552,13.979400086720377,9.030899869919436,54.413384436426135,57.56803404891328,59.90330417491783,61.47753284913464,62.63261490820273,63.45963499854182,63.87795630832693,64.06135501992857,63.978305526705626,63.40269568744455,62.69962183228487,61.54241939104732,59.82104721571435,57.50417360890324,54.3469821512315,49.7102057932463,49.646649711142814,53.81355185494034,57.41426591216722,59.19446824484587,60.69890366244974,61.61038412422962,61.97062666878036,62.29447357256247,61.83019447020837,61.33880142513887,37.8597012513201,58.57536325723529,56.01253626929611,53.05772559785592,49.22543815390706,51.11655620942934,54.73861980148563,57.2477133811178,59.40234500429118,60.85292362509399,61.78587057748356,62.365498568536665,62.66620411507724,62.75969784728014,62.350641096635336,61.64710852408994,60.56475296972533,58.94867997017946,56.95524578463044,53.800392994467,48.3324913681063,36.21280167550415,46.8678815640688,52.08441356438567,54.78537637858898,56.44711291976098,57.46927521042748,15.314789170422552,19.294189257142925,6.989700043360188,17.24275869600789,12.041199826559248
16.532125137753436,26.60865478003869,11.139433523068368,20.043213737826427,15.68201724066995,18.69231719730976,54.36221503476694,56.51365251895014,57.67270178131021,58.86312458647392,59.46142646161121,59.92660421524714,60.139228677764905,60.00519539612377,59.621391033149386,59.11482009441527,57.87749435704502,56.54951032826916,55.06944516213422,52.597133053907314,48.75553185101512,45.1587384371168,46.325787561715046,49.95679060511623,52.08575708947575,54.49535478547526,55.76499142078291,56.99723285897224,57.69847557102359,57.76966182531184,57.69168253075149,57.43128609940765,19.86771734266245,55.62917085782924,53.498697848203605,51.64593733170751,52.27230913327773,51.30983116032684,53.31564953139352,55.51309683551716,56.73431034104602,58.33361973937947,58.92662711292803,59.286134571124194,59.23105623518825,59.049361519395376,58.35962475164666,56.92307460186802,55.362780806572765,53.37059726320525,48.14992983035977,38.192806469724815,40.137638547339336,46.73389578188305,51.51765040806672,53.77643135805374,55.578980113505565,57.044979850458105,57.603531114031895,16.127838567197355,15.314789170422552,3.0102999566398125,16.989700043360187,13.010299956639813,3.0102999566398125,10.0,6.020599913279624,18.129133566428557,6.020599913279624,9.542425094393248,51.880871901421344,52.96456766641861,54.10061533842055,54.29073669490439,53.98080697293848,53.07095789158914,52.18905574356668,51.02492019350667,49.95744851076331,49.06895060556969,47.08395402645627,47.47023177451628,51.19816545937216,52.15082115013175,53.08116015865615,51.66290951531501,52.53013132392092,52.69419537511049,54.05525642554484,53.20781678073719,53.83258681708175,53.624900145204805,53.13669001930929,53.67886814976096,53.75072571465439,53.09845132562312,0.0,52.53943462669259,53.33926648286571,52.69419537511049,49.91013307917241,50.42658189829447,48.94919445615208,46.13989731546087,46.39665748155175,46.86859614333764,48.49302685308548,50.32659046039924,51.9729434503319,53.28202179314792,53.93408472376638,52.98473175424503,52.931812845836674,53.76928994317021,51.60579566652974,50.69390562884532,49.44842789817221,49.10309507284359,49.17279638701687,48.42415760758782,48.71537910385015,48.81869471884279,49.36403144154413,27.458551951737288,20.681858617461614,61.12216442500576,59.694201061645664,41.1965172203987,71.74214328563745,54.037191944157605,42.39999792886872,81.25846599267591,12.30448921378274,10.0,50.17404836218332,53.64746055758879,56.202995355522674,58.23568772482215,59.52823912518539,60.32242316629063,60.86499707926375,61.05387883849936,60.92288942136609,60.66338599865831,59.53881895343785,58.32069286440796,56.68833959415424,53.885363441728046,49.306841988181695,42.75311354541812,48.443342513278736,53.11442328425385,56.31737934318308,58.11372556015905,59.5684480718034,60.40203856315757,60.59567961498932,60.89707338845581,60.4897172338141,59.48166893686965,13.979400086720377,56.1458719623699,53.56226695860006,50.02170383073137,49.0690044184899,53.57601378945533,56.87255099924962,59.14517157440275,61.0555957231456,62.20419830959258,62.87832398096863,63.46323629237485,63.8555354740513,63.75466994062269,63.425430821464126,62.466762998795424,61.39699352004949,59.86338118840191,57.42955175761588,54.09814816892981,48.781827296523126,45.72511476220182,51.66184328955532,55.66707295579241,58.27271028666765,59.59847191205619,60.87492146654451,23.873898263387293,16.532125137753436,18.63322860120456,20.0,47.41467697685545,14.62397997898956,19.294189257142925,20.96910013008056,18.69231719730976,15.68201724066995,13.979400086720377,56.339781998310194,58.94779469036841,60.60783935420882,62.09502414458216,62.95762543469461,63.63734166777149,63.96153473408493,64.00925486891195,63.71589626130245,63.18350959791815,62.214257145418685,60.92109817589871,59.18636247758276,56.29365759653691,52.60827165977908,50.01119036825735,52.52197455364876,55.746712355699664,57.623851846177686,59.78487748078561,60.78226559197152,61.54890277307047,62.2386180905486,61.92450640845383,61.52948459409315,61.359806856391785,36.020599913279625,57.066375712339365,54.176277786553854,51.46276911123415,48.36659519795332,50.90187487575421,54.83326213942035,57.85252936721135,59.56088674386919,61.187358106665016,62.04069221521941,62.51682255919406,62.67166329032648,62.67795724946364,62.365939377546376,61.48117812799469,60.39966650203815,58.81262512106685,56.52135093202787,53.00351967272455,47.27223959784289,40.28652573633119,45.41641638096807,51.179636255600784,54.47736188625579,56.941566350789294,57.82399518942483,19.86771734266245,19.54242509439325,18.06179973983887,9.030899869919436,16.901960800285135
15.05149978319906,26.60865478003869,6.989700043360188,21.64352855784437,16.127838567197355,14.14973347970818,54.67360923913769,56.64749125910277,57.71330208299507,58.88950202054168,59.67836162263439,60.103309159827575,60.23731360210039,59.99900100780312,59.69785743916577,59.25685877748226,57.82129926678133,56.54561554741744,55.25412829070017,52.85147573839538,48.74980187521095,44.10017608203052,45.680256230379264,50.11155826472661,51.935698003226165,54.63237321519317,56.07396040946634,57.09375976961199,57.8964415964544,58.00217214637394,57.78473232737353,57.42921422599296,22.671717284030137,55.437763486893495,53.49061784012723,51.728946977521765,52.00962612546434,51.13786309757823,53.2488510939623,55.51852387846335,56.81224046212101,58.45684561753603,59.12099777715326,59.38896317317533,59.41635640981282,59.20645001406788,58.61281646029887,56.99667788994287,55.3078988625212,53.73693397708325,48.115750058705935,38.0291048941904,40.90504941424043,47.40054625989829,51.511767194328414,53.95466183681937,55.698009704238615,57.25370059343454,57.70498543514734,14.14973347970818,19.294189257142925,16.989700043360187,14.62397997898956,13.979400086720377,22.671717284030137,6.989700043360188,19.86771734266245,11.139433523068368,16.020599913279625,16.020599913279625,51.680995417304274,52.82794256016391,54.30959843363152,54.39411649285785,54.088434865370864,53.20250171886434,52.41728228669008,51.32189223057932,49.89133771260715,49.14750282615469,47.64041562478696,47.73523156411806,51.31455051417304,52.268369627069546,53.10278995344332,51.62265614298022,52.43856232806506,52.523723723128406,54.05491499235463,53.50428290676721,53.65272656236418,53.704205585485134,53.23252100171687,53.5472677231181,53.602221925395455,53.2214690628773,15.563025007672874,52.473446795488776,53.30618695755287,52.7564299661186,49.93176016776764,50.54536452654951,48.72738827472669,46.13344899234744,46.57715402868895,46.71070970654973,48.42240931549416,50.27023254588704,52.07688213335581,53.067337494274895,53.8738982633873,53.27076806822038,53.08660438579432,53.86695111775619,51.9729434503319,50.80085085045869,49.13813852383717,48.73308973962765,48.77900931232631,48.64760194956592,48.60655374823497,49.3251435104996,49.427519204298136,16.989700043360187,22.50420002308894,61.12216442500576,59.694201061645664,41.1965172203987,71.74214328563745,54.037191944157605,42.39999792886872,81.25846599267591,9.030899869919436,15.314789170422552,50.06007973081033,53.706425999569056,56.31484355385979,58.32046909832609,59.58145631642097,60.47633061264732,60.955950652522986,61.16680120370702,60.98597006367912,60.76066708779558,59.67954001458943,58.340676562124216,56.74108507602575,53.78267047752956,48.97934836545342,42.21414237842339,48.40256690706976,53.26796542253948,56.32710303832954,58.33749986341935,59.726248897045046,60.593513304564695,60.77737715807785,61.04227549638254,60.612028388216864,59.622414438746524,6.020599913279624,56.24655366738503,53.598354823398886,49.6759477267189,48.36305122821399,53.57160808684199,56.90284702512629,59.23986555670496,61.14467196283084,62.28342089517962,63.07361021943841,63.57768144979197,63.96147891488502,63.82393328134696,63.48404953470335,62.55955499025484,61.49050598348114,59.89912788590985,57.52246717556573,54.11156548296479,48.284858861449855,44.75976104139765,51.72982189505869,55.78256312051703,58.29567486433636,59.75187707784709,60.89549762647843,21.33538908370217,20.5307844348342,21.072099696478684,18.63322860120456,14.14973347970818,19.030899869919438,0.0,21.367205671564065,20.170333392987803,15.05149978319906,15.68201724066995,56.17876437984442,59.022259678053935,60.69172111409646,62.1826470883147,63.08100206737472,63.721245908887255,64.09442279177419,64.09418086152874,63.85380310204742,63.33372299325961,62.22905751081676,60.993452970930335,59.19012158329484,56.45446832821959,52.4283946867282,49.773806058118346,52.38266959761971,55.56839005480416,58.00734257312941,59.821011010478,60.96084068596541,61.73458127434162,62.28721084278399,61.993374066226174,61.87228742976565,60.83107561885559,30.43362278021129,57.69505084400656,54.96520056367022,51.394571752911176,48.16718430207881,50.58015832517345,54.24244421837034,58.00635984083696,59.76336220776418,61.184433024854464,62.1495955622299,62.62685023632122,62.880707300925145,62.78991483452367,62.52231715481612,61.63143776148996,60.39064956805266,59.12637016109473,56.43045828417251,53.0330407743893,46.87965711338428,38.35373452470009,44.98655095245119,51.34208992932084,54.60362534313521,57.03930739129746,57.945898116123104,20.0,22.09515014542631,13.979400086720377,3.0102999566398125,9.030899869919436
15.05149978319906,26.60865478003869,11.139433523068368,20.253058652647702,6.020599913279624,15.68201724066995,54.085062283358624,56.36717520248831,58.02950142961255,58.993963933685535,59.686370257128594,60.06662820777342,60.27136282137896,60.03971217108201,59.66810266175622,58.93547057698795,57.86468896929203,56.479977852393546,54.74230837472069,52.0767744468033,48.1308036086791,38.727388274726685,44.7158505418519,49.40142791106066,53.32781719862915,54.99786024520062,56.5764089523629,57.536389697508895,57.950077735677226,58.23518569286264,58.003444697372174,57.08271293490964,17.24275869600789,54.70083985824965,54.0965082468161,52.67875419318898,50.79673167757437,53.16131864572889,54.66932833741636,56.02311809107367,57.67155866082181,58.34824924425653,58.919888001222574,59.171903085115645,59.3591063978497,58.90949452110584,58.11194831848526,56.509618721712016,54.57242847452355,51.74980942370255,47.48257818725536,42.61048643344225,46.15844882874703,51.05373914143847,53.28389798025231,55.154883687447935,56.68139808894893,57.42016173891565,57.81134715775009,9.542425094393248,11.139433523068368,13.979400086720377,12.041199826559248,6.020599913279624,18.129133566428557,12.30448921378274,6.989700043360188,12.041199826559248,13.010299956639813,10.0,53.16494539222311,53.81483307406286,53.80480782541143,53.86857311267576,53.317308928154574,52.72873860327745,51.93269339059651,50.95497128762696,49.696488404807255,47.11047603867034,49.82858942312075,50.534664448243234,49.92752284666042,51.360416497679765,52.49191017140656,53.49520353575429,53.7314197092989,53.86058205057189,53.89254706848648,53.98530247895668,53.59131316790568,53.44254692556935,53.49180358996378,53.03925750213196,52.9857800889311,53.76814111968197,6.989700043360188,53.15426612611945,51.246672176986095,50.24374822259768,50.0564802854602,47.00080377537631,45.97519677949027,46.20802087090344,47.37073314641917,48.52138279307607,50.29716474028271,51.96156833486158,52.41172786770047,53.23889148129221,53.50112280098365,54.23516199559313,54.05969261605353,52.56142634559117,52.64357321211541,51.3685368812606,49.84077033902831,47.886561479180834,48.40965047132446,48.70245844834865,49.58945932493936,49.72781203735423,50.09926574358738,18.129133566428557,14.14973347970818,61.12216442500576,59.694201061645664,41.1965172203987,71.74214328563745,54.037191944157605,42.39999792886872,81.25846599267591,6.989700043360188,0.0,44.987101965211664,50.36616920165392,54.29958883987824,56.82637779709677,58.56016159556865,59.79543367086859,60.79644969657512,61.31318339235821,61.4878305928568,61.21518152542252,60.86529599511337,59.90747201529203,58.395949329078704,56.36401630683642,53.41760864759557,48.723311212302505,44.46241945325413,49.34619632795366,53.88067437593765,56.73909793400051,58.50793833470164,59.748321142287786,60.65814536211179,60.906096502918544,60.78255574909101,60.49072587222519,15.68201724066995,58.09728013215906,55.59135456892928,52.036664510624426,47.903766589047,49.21004592224076,53.89325591817493,57.42261531792021,59.73732211064159,61.43944880995398,62.6043418251263,63.32593970093847,63.73368508258356,63.8847509535843,63.70439251409664,63.25865462006028,62.30920003039947,61.09886864132171,59.25042249949878,56.68916810640077,52.774716850428256,47.44801318683773,47.77977497838056,53.06898739870714,56.61097734988851,58.92066205584441,60.45452074173454,18.325089127062363,11.139433523068368,21.613680022349747,9.542425094393248,15.563025007672874,18.06179973983887,9.542425094393248,21.367205671564065,15.68201724066995,21.33538908370217,15.314789170422552,54.351975371776426,57.50921665017352,59.86109041766792,61.540957696279946,62.72473080532801,63.52979344360076,63.99612812167126,64.11277016814881,64.03818436084626,63.56863982437438,62.79448373240755,61.65912322845584,59.986014939356366,57.759430491607056,54.38485388397558,49.79120242557178,50.09930819142923,53.811945285660016,57.26826604643628,59.21934498621303,60.700112537049705,61.81895014509537,62.10003990667623,62.17238827683524,61.95200899966957,61.10003522317248,37.47722462035509,57.77056898299486,55.99534842199782,52.42606021072093,47.51994638090036,50.563292203144535,54.44147889565018,56.95503565781394,59.47289586710163,60.83007126905592,61.89380813892449,62.5733892457869,62.8078408799628,62.8411409108608,62.472938126325566,61.75606025911934,60.67946005578655,59.04664703347279,56.94416524999173,53.666339824066085,48.21153104429887,34.8572142648158,46.8859777508117,52.02839642848722,54.7708940528983,56.5970803094977,57.68350942859463,22.27886704613673,0.0,16.020599913279625,19.54242509439325,3.0102999566398125
19.49390006644913,26.60865478003869,14.14973347970818,20.827853703164504,12.55272505103306,15.563025007672874,54.25420089084946,56.31516821753528,57.73618251253306,58.74373375499354,59.65753276320429,60.062374961600746,60.25558993359896,60.00460108336458,59.63020998640394,59.49647579110121,58.008407521378025,56.62903201588867,55.95387083357836,53.554457729184605,50.35293624576835,43.23066376363904,44.083078185237525,49.14686859585542,51.16597782991404,53.84756513257574,55.55319400820329,56.68186430926614,57.65966424785714,57.98701735908466,57.918660152578745,57.156666349198375,19.294189257142925,55.049232717257645,54.66345560427197,52.654428514948336,50.82659729773623,51.444278615166,53.01066909126143,54.73114558023538,56.49856477717502,58.03037641416954,58.98850735959535,59.434376285068815,59.614097025863785,59.50978372996377,59.04758810319751,57.61410584832113,55.96976250567083,55.184007453535855,49.93012752319757,44.51602243332979,38.63857961883973,45.16469266203777,48.9108006481101,52.34340087615185,54.50145912619077,56.786731314693554,57.30564266477138,22.576785748691847,16.989700043360187,18.129133566428557,17.16003343634799,21.73186268412274,15.314789170422552,11.139433523068368,9.030899869919436,17.16003343634799,18.06179973983887,16.127838567197355,51.62400096238821,52.531925698784434,54.39032532120413,54.3940849134315,54.42142550402692,53.62484359705773,53.06832322684375,52.28721084278399,51.26910294600161,48.97857920673382,49.11056350370062,48.70807576367386,49.12593997752106,50.616409340616855,51.59100768031968,51.435050574893936,51.97996897597136,52.33029125676762,53.77586703072112,53.78535981006132,53.56885941165974,53.78515998451605,53.080348277455165,53.56746532127147,53.554974950531886,53.62039283400967,20.0,53.61691958034977,53.47887896044861,52.89671433907964,51.96192771399825,50.96941281085116,50.059908396280846,48.30781075606361,47.06290957258763,44.501258867319535,46.2283547952152,48.54967608965709,50.558826763687,51.5944687338747,52.80077322611945,53.55003009347696,53.53416091053356,53.683705738475055,52.86530567447735,52.1766552030671,51.05823445037387,49.20342506168724,49.25703914463911,48.7884337602823,48.50352113958279,47.27744530836107,47.4915635401138,17.24275869600789,21.13943352306837,61.12216442500576,59.694201061645664,41.1965172203987,71.74214328563745,54.037191944157605,42.39999792886872,81.25846599267591,13.979400086720377,13.979400086720377,52.86395834950704,55.48754146015848,57.76917551078022,59.094800745498326,60.22930015243256,60.639578883521416,60.946597594490434,60.79159892710657,60.397443746733465,59.651621751357794,58.24142111515617,56.2464712112348,53.19251841140254,48.25672732193559,41.489109931093566,47.1174819471113,52.72985058100417,55.89621244379093,58.096654137618,59.525856560917056,60.438544614520325,60.75999997073438,60.9242762510266,60.68106419421618,59.927664157325175,58.68694388202858,20.5307844348342,54.07705250481119,51.13291421513559,49.34589340577275,52.26326613212837,56.06502821582101,58.83275223939279,60.711194827116834,62.108196894833085,62.83348500894625,63.51399890273591,63.78464947933063,63.79681441332608,63.479514411704514,62.79434223948985,61.90983491110074,60.34317562156757,58.48718571793002,55.25731356850706,50.85137102776997,43.75864714311806,48.82239848018824,54.364870535937214,57.64280769056757,59.46134779950314,60.60964377593788,61.43295282643816,16.989700043360187,19.54242509439325,15.314789170422552,11.139433523068368,12.041199826559248,20.170333392987803,20.253058652647702,3.0102999566398125,20.253058652647702,15.05149978319906,0.0,57.79747962914968,59.81398601238597,61.41372314697605,62.47623727238943,63.41036453268366,63.85615567043345,64.13380411282311,63.95379693547751,63.50851345947133,62.98245512305499,61.620270305401455,60.12280296193045,58.2588029893618,54.94694342638429,50.99904980146871,49.438900482484726,53.08224955020245,56.668332911518526,58.60363164970882,60.19970739350556,61.39295859176763,61.90570354454366,62.27342853683722,62.020936218201726,61.32298441218262,60.32713022335479,35.45183368215406,56.5465390706232,54.74742054083036,51.074033233611225,48.47085037995663,51.02519458368337,55.44350864075774,58.25948385163096,59.95920243872658,61.39762314723771,62.25955331020444,62.800873492341616,62.87149799136947,62.8038758487499,62.30775030706887,61.44792078497715,60.0933019445501,58.88449088556481,55.95047365957457,52.30870238063612,45.25576006630465,38.57814777971007,46.904176023398215,52.00248413515354,54.858420470855776,57.02570108670373,57.89809784381399,20.5307844348342,21.613680022349747,11.139433523068368,15.68201724066995,9.542425094393248
18.129133566428557,26.60865478003869,17.16003343634799,12.041199826559248,19.138138523837167,6.989700043360188,53.57913893691045,55.83925014354335,58.11312875632876,58.94108282847015,59.69010319371508,60.07799395397125,60.33908045413099,60.18421695302263,59.96459133353554,59.00315228730588,58.72310725867593,57.46129563887949,54.71604114632093,52.05079797792745,48.69231719730976,46.14485917334474,42.972131959896416,46.511325785504816,52.25993789846122,54.14105562965777,55.80464219612966,56.97781888104685,57.3621477776304,57.64220979762992,57.44603529560864,57.42280399736395,6.989700043360188,55.588776964981975,53.32587912298116,51.480100309043976,50.435037445830176,51.90345707443753,53.99566432301837,55.65900922088961,57.33871062598305,57.97955494407038,58.94108282847015,59.49726088816437,59.617864122339775,59.34424210841632,58.8173834001874,58.519245712357446,57.36097572943811,54.24783664419823,52.88061333561104,49.16990562797966,42.080380493531806,43.6595572266568,50.4588993018164,53.48415856870041,55.14437504900428,55.41076019534201,56.466565825685045,14.14973347970818,13.979400086720377,16.127838567197355,18.69231719730976,15.314789170422552,20.96910013008056,14.14973347970818,13.010299956639813,18.573324964312683,16.532125137753436,14.14973347970818,53.51032529269587,54.16509034320976,53.88372994801768,54.404761453941816,54.24661168067368,54.27669460806594,53.59131316790568,52.36166794423495,50.95943066436715,50.3803965526364,47.81295712526443,47.745826523630825,47.85344073940684,48.57844902792016,49.43519247233914,52.37146458524728,52.69804710760233,53.38376799232071,51.865551761472936,52.64298247190216,52.525083701386265,52.66271689464861,53.45699084432661,53.27485627706688,53.53448810110632,53.91556092429633,3.0102999566398125,54.04739666293238,53.37652903469032,52.84028966672726,52.85145321479239,50.83305494270303,48.99913477438847,47.70653221220334,45.13803369183894,46.701716083552654,47.35989907995008,48.66228247379647,50.050302858636186,51.366603323578666,52.370860804468606,53.13759687549848,53.39898425202851,52.87445641602838,52.91166754368054,52.205735278053496,51.35415725468063,50.18117720591,47.28394368394035,45.3828461059014,46.37019155753759,48.249909561738704,49.0562320724521,17.16003343634799,9.030899869919436,61.12216442500576,59.694201061645664,41.1965172203987,71.74214328563745,54.037191944157605,42.39999792886872,81.25846599267591,12.30448921378274,15.563025007672874,52.956330637347605,55.55617947731152,57.43962637207022,58.90979596989688,59.86274473537088,60.61152289940806,60.812298955817816,60.72706016563366,60.26690529907843,59.2583015050371,57.9785589858834,55.93101009286029,52.648272640913056,46.81828946648095,33.820170425748685,47.945438112306256,53.29334815630595,56.50273516639793,58.25200797466368,59.709314317496826,60.491346456372106,61.04482331315377,61.19925954457319,60.89029992009402,60.26212838844911,59.19267466265551,18.129133566428557,55.01104470331259,51.91330826260987,49.85561187773345,52.9130223575985,55.82438376813906,58.461149588549965,60.4125250386314,61.75468323754595,62.84130120607425,63.40934253794879,63.67696699140427,63.572815808418255,63.30905627488463,62.67514333740617,61.6089451298954,60.066277493954445,58.110009289638704,54.54942374838279,49.113760332360656,41.76814480674777,49.58587771150353,54.20894328833014,57.2992980260866,59.3677504479232,60.91327125506759,61.70604907153802,18.129133566428557,11.139433523068368,16.532125137753436,11.139433523068368,3.0102999566398125,23.521825181113627,16.020599913279625,26.273658565927324,6.989700043360188,18.325089127062363,17.24275869600789,57.17011906304919,59.67570907110901,61.58502408887368,62.731240152903965,63.47172469599901,63.85965177773026,64.10568215761724,64.00532636226175,63.63610851853064,62.73513553109558,61.87622232357322,60.29355364967276,57.43229028840958,54.13301440890686,49.3251435104996,48.04657277020394,52.49115160620549,56.25276429783366,58.94263434526698,60.43008409879952,61.62965958157338,62.07404100662519,62.30491071444269,62.473176495621885,61.603787816594,60.76617144766391,35.35800290824898,57.31302632839533,53.65467392854011,50.15057824198016,49.10693758420882,52.77017529232658,56.1119312401152,58.41192353829251,60.212575399840205,61.36931006335836,62.12650161370616,62.67774626929032,62.70552604606049,62.62509229088983,62.1726542596381,61.67785352378423,60.58338701228556,58.29834895694758,56.60619814057814,53.459615418131406,48.120639819955855,31.96728722623287,48.16804522879767,53.114677680388965,55.40355756946955,56.51417586222992,57.662053178091554,13.010299956639813,13.010299956639813,15.05149978319906,15.314789170422552,6.989700043360188
16.901960800285135,26.60865478003869,47.41467697685545,16.901960800285135,13.979400086720377,12.30448921378274,54.282984338772174,56.48723885112843,57.98115215007427,59.03412330989352,59.75092052765091,60.143567023961815,60.20064883287607,60.110271300677965,59.744757686963474,58.98534861882296,57.87779170797312,56.34882154180875,54.95273686379673,52.40042275595441,48.979623031986456,40.31892987710475,45.04294118294733,49.52162574214463,52.93676282672905,54.80104720111028,56.31976163587885,57.250618046339866,57.7542839204817,58.002013911267184,57.68890318316578,56.7534749848551,17.16003343634799,54.16976497969187,53.680450262086765,52.26406556024716,50.46760420462104,53.22196545379522,54.83149215974864,56.17445946144894,57.80011830166523,58.64763159737724,59.23494779788845,59.52526071556139,59.59739520045187,59.261638551885,58.51664927119415,56.73813163366332,54.90465562910949,52.642509821869695,47.674304612335554,41.92511699503501,44.69777848191772,50.602028403032485,52.36909929759075,54.685836168608056,56.19223808164723,57.23279127056962,57.56429179623072,6.989700043360188,20.5307844348342,17.24275869600789,13.010299956639813,17.634279935629372,13.979400086720377,16.989700043360187,3.0102999566398125,13.979400086720377,12.30448921378274,3.0102999566398125,53.39501128908108,54.02868110729949,54.483058425363865,54.416700039489776,53.8043737786975,53.27254691200991,52.33069756428048,51.01461802727619,49.89850109603181,46.511325785504816,49.31178082732335,49.751789709408776,49.70407319863821,51.40045848637645,52.33648331984857,52.88912906980524,53.2577214153862,53.55438109856074,53.87234947824216,53.96187137842298,53.88578946949647,53.58629543218151,53.718452001273775,53.20337416737711,53.223226858740105,54.12166438061267,18.129133566428557,53.41309857245253,51.89782178281524,51.1630216944381,50.67442842776381,48.04773026242165,47.28069571159562,46.62455608647872,46.86537961031499,48.02924163463275,49.830351001186834,51.45792879215221,52.221595931966725,52.77421246732892,53.15789876441706,53.80934463330702,53.605858407968384,52.20644084669191,52.02488317060094,50.66676201932965,49.22315356850908,47.35063685292798,48.812248343902326,49.63358040863344,50.060893477530605,50.34588353713624,50.79947822688826,25.622928644564745,20.681858617461614,61.12216442500576,59.694201061645664,41.1965172203987,71.74214328563745,54.037191944157605,42.39999792886872,81.25846599267591,13.010299956639813,9.542425094393248,46.11021924445161,50.74176225435349,54.52427429018107,56.892031590566354,58.55150727406957,59.822409218461054,60.73381045617337,61.32915759874048,61.44127230302978,61.21197945508042,60.83418404402149,59.848925971105146,58.330405978558616,56.12102221219729,52.79142006491639,47.58192516865709,40.7979606117236,48.706438130432005,53.91007483485832,56.77566805996869,58.6906383833853,59.87999007167386,60.70767607130746,61.05514612847999,60.94517595315912,60.66262174454535,21.95899652409233,58.37457751484769,56.1336394078908,53.21656415366263,49.53841808621113,50.16753463268573,54.34568904034198,57.48471001735869,59.76336220776418,61.33443097549098,62.50888446039467,63.23164819874183,63.7190422833213,63.79739232924429,63.66305635172029,63.15341527169032,62.33539527280628,60.92925816141278,59.15518550769423,56.35537025045692,52.41250043191855,45.77997033811073,47.59433640177714,53.16383462980156,56.68255422349812,58.92189246302671,60.479824049546565,21.70261715394957,23.521825181113627,21.64352855784437,16.127838567197355,18.63322860120456,12.55272505103306,3.0102999566398125,21.613680022349747,17.24275869600789,14.14973347970818,13.010299956639813,54.46667622215411,57.85187420029362,59.87882911316544,61.52723949537932,62.69184530806474,63.58214572069712,64.00303424306279,64.22481663090599,64.02469793791273,63.556158580925214,62.810024425605846,61.52394152542684,60.0482890066074,57.68774952731523,54.29125410482253,48.71689665685516,49.85345625806566,53.959358998706605,57.05812414630624,59.10108173425613,60.78616295923955,61.61321575170936,62.20459567330088,62.26639337871558,62.26735198436064,61.46843411640391,34.487063199050795,58.80576951616878,56.151943741626944,52.39079147081721,46.67415592617928,49.66971967019827,54.26982710997247,57.09839598740267,59.58910129648511,60.85939572083597,61.89474873091014,62.51076315550557,62.76186433933284,62.834862168449135,62.43004544676805,61.66729901495083,60.64712501056336,59.14834832250225,56.85638749349614,53.48789522228201,47.72922847034562,33.63987829748491,46.63154180511586,51.81986424480151,54.71122948998581,56.67648108060986,57.63725158957268,14.62397997898956,21.13943352306837,15.563025007672874,11.139433523068368,13.010299956639813
20.681858617461614,26.60865478003869,17.16003343634799,16.901960800285135,18.63322860120456,15.314789170422552,53.9126158793045,56.15538696753247,58.12913356642856,59.16751272668465,59.77446025283562,60.08874712360754,60.3612445368272,60.19963273319191,59.89770080726568,58.71678577670878,58.42170355537987,57.03208811319464,53.626275923223176,50.52693941924968,45.87082073437497,42.682268376646284,43.85695625410561,49.13103571135053,53.7253090802583,55.39118773032472,56.85419255988781,57.50940160456192,57.99150935078348,57.98801137964057,57.69891822653064,57.60098149451508,22.55272505103306,55.48829018555325,53.01743823124463,51.75732093808543,51.48223098219415,52.86395834950704,54.87682670658282,56.39018075269568,57.721456056938514,58.34910042467787,59.05585425846268,59.40807245350988,59.0419711128995,58.52334187729615,57.58470564258792,57.18257485274593,55.4678441924116,50.81825992210665,48.35677891176452,40.18242667457909,41.90051417759207,49.90871404801486,54.18211771017632,56.01966607975282,57.03312877313334,57.22345942475581,57.683842570469096,17.24275869600789,16.532125137753436,6.989700043360188,11.139433523068368,15.563025007672874,16.989700043360187,0.0,10.0,19.030899869919438,14.62397997898956,11.139433523068368,53.38400709079406,54.0994157255809,53.52676367829511,53.76753923369375,53.32084820464515,52.84205067701794,51.442160394166365,49.90183404609616,48.17340562338515,48.98269811094848,48.55379819886337,49.86883651412053,50.132797265808655,51.304752932641016,52.00360683488383,54.009677541200176,54.363932550344416,54.48486798895347,53.36207489619753,53.44254692556935,53.12249309603593,53.476285511387815,53.41462223570649,53.581481322591216,53.61096706534517,53.33876318761042,18.69231719730976,52.69704365184761,51.86843370324471,50.60323808432341,49.97604787460454,47.61175813155732,45.23876475638132,45.1587384371168,45.95958928757548,48.87982808936261,50.66583070843649,51.84742521280796,52.843968913975054,53.51247296181688,53.62603095355173,54.01913807820759,53.93029140585088,52.68402440260957,52.3246752421467,51.42395723919312,50.15862508097314,49.03377611820997,46.97517032951258,47.65109497206719,49.23787841731059,50.595331260353205,51.02605194126567,25.158738437116792,20.681858617461614,61.12216442500576,59.694201061645664,41.1965172203987,71.74214328563745,54.037191944157605,42.39999792886872,81.25846599267591,9.542425094393248,3.0102999566398125,45.66649578817866,50.79021975536215,54.06240328595472,56.70245853074124,58.53568025572047,59.92352891951804,60.81082184824146,61.31143695830672,61.50203628762807,61.245449787856,60.79399062481657,59.93775597108715,58.51378833431384,56.49165392379449,53.40816773916166,48.53126074834447,44.74755154291798,49.757166490255294,53.7730807276942,56.654721692645495,58.54275063047872,59.80396559749845,60.592789697950494,60.97976718913301,60.94570693999506,60.43860742710895,9.542425094393248,57.88412328010282,55.85850855246398,52.41807875084884,47.46696458916454,48.78251713646301,53.82881167181435,57.35503088877061,59.58628855313879,61.53922434145811,62.60845031243462,63.37539124196711,63.69220497283668,63.87186514700066,63.68851379695232,63.21799687705662,62.33400755393422,61.19195493064738,59.19438459567282,56.615552495594194,52.55641498612889,47.37200596743288,47.51840859258727,53.19740893977784,56.46706548377296,59.04835054463415,60.460833063222665,21.13943352306837,16.532125137753436,21.13943352306837,11.139433523068368,13.010299956639813,9.542425094393248,19.49390006644913,18.129133566428557,3.0102999566398125,11.139433523068368,9.542425094393248,53.88403183552636,57.258463199433336,60.08735122705198,61.73562979322816,62.86039715421549,63.49863963269556,64.01848391395518,64.14462751920622,64.07502395904197,63.47639474048037,62.96984652059887,61.76066358791572,59.76063718095224,57.16865230524167,53.82855987874646,50.77095249955392,50.30296054911111,53.88642843279966,57.62978490867744,59.42119714390385,60.934304410111054,61.59469135072137,62.17820720836727,62.19614386207582,62.20468193825002,61.40480702365779,36.57533887557986,58.89819744891846,55.93996753217732,51.88402514465245,48.044733765901,49.83594717323196,54.60118720283599,57.44963860479767,59.5634758803196,60.93775281037264,61.857735469459854,62.66959459124544,62.831170668976014,62.73118457856362,62.38332191369822,61.91321601140704,60.99940518621768,58.828954935091474,57.410357189853805,54.32379147035295,49.146287136704856,37.58684849882441,46.763826348967406,52.33161161722536,55.16387278687957,56.39713538031362,57.66812006322933,20.170333392987803,19.54242509439325,16.127838567197355,9.542425094393248,19.912260756924947
16.127838567197355,26.60865478003869,16.127838567197355,19.294189257142925,16.989700043360187,17.24275869600789,53.96087706856851,56.295573971898605,58.00504001828365,59.16369713572809,59.75656021211884,60.09926574358738,60.276190721914304,60.10023769514659,59.691851903826446,59.00247476336888,57.9762757198769,56.70521375617615,54.555909005998025,52.20510800968428,48.23474229170301,40.575520010545326,43.97053143018109,49.03768042526874,53.1488850803193,54.82120057939695,56.42097341713645,57.39196426103295,57.56182562376482,57.92423209728075,57.63916674204964,56.81474607946886,3.0102999566398125,54.18307921719237,53.56685407204914,52.33630580164463,50.38481070082327,53.39081586958749,54.98813492574623,56.33316931074275,57.878605778959454,58.58357307063301,59.12290092443676,59.57306959823498,59.5421645098865,59.110835325664496,58.34518615557495,56.97886391744351,55.15377033954657,52.1353103797005,48.694253484237706,43.04835069229007,45.08017690420389,50.5467432635184,52.85611311181624,54.83421819930541,56.4048342458364,57.07816206602288,57.50762880096574,12.30448921378274,11.139433523068368,9.030899869919436,22.30448921378274,15.314789170422552,13.010299956639813,14.62397997898956,21.072099696478684,16.020599913279625,12.30448921378274,19.294189257142925,53.823953086704094,54.33689845991698,54.3173998970244,54.20538270010852,53.7735361281668,53.2828580201302,52.16561735047927,50.695349027125616,49.8525128379102,46.79155241283354,49.16696033140703,49.76441689378844,48.856551740825,50.37808827492338,51.8285956204134,53.33926648286571,53.59640100704321,53.84546948408951,53.75882991545229,53.85495451814364,53.74029424556994,53.378285041827226,53.70507538291508,53.328039214579015,53.39278484125377,54.153740502737975,21.367205671564065,53.644834540273024,51.45892211801503,50.5406505366433,50.59714845546422,47.42261531792021,46.44842167737337,46.57017587340369,46.64087002620612,48.25458575036393,49.79844176893234,51.4837125733224,52.07680136869176,52.64534495078272,52.88571137161188,53.7756849740024,53.76987335620002,51.901102916517694,52.46943971953478,51.00801179244967,49.49048292315664,47.749328133874,48.10964688373627,48.80356199419237,50.17917730803405,49.89770080726568,50.82656139509687,18.129133566428557,24.74216264076255,61.12216442500576,59.694201061645664,41.1965172203987,71.74214328563745,54.037191944157605,42.39999792886872,81.25846599267591,11.139433523068368,9.542425094393248,45.86418504585972,50.775713763656725,54.20010238295232,56.83862601446533,58.56933003098511,59.842828695340586,60.77376990847736,61.22674513206199,61.46209923488503,61.10202375877088,60.797208834483484,59.85026127893751,58.18774685042208,56.12344043337613,52.90519859131224,47.57889265054904,41.29045059887958,48.91314399382143,53.80533224065316,56.76029317006854,58.70158594247468,59.92752284666042,60.64314948007557,60.97049312335433,60.99048417319898,60.6836102897588,12.55272505103306,58.41922936653072,56.02330255531938,53.15054634881232,49.72434276957365,49.99587224142601,54.12468947628835,57.50965590398546,59.705518855079625,61.44600669191234,62.43812635210277,63.23319972722662,63.636770251900586,63.75935625680245,63.62808261882879,63.08950518543554,62.285445862285,60.97769759397728,59.15571302824621,56.386100439087485,52.10834656841949,46.10702738893248,46.86511145833225,52.92887112304355,56.552815746664045,59.02903743303983,60.53147617626106,21.64352855784437,19.138138523837167,16.532125137753436,18.573324964312683,16.532125137753436,19.084850188786497,15.68201724066995,19.294189257142925,13.010299956639813,18.129133566428557,16.127838567197355,53.89860400230887,57.56609486927557,59.878704068351816,61.65049844523722,62.7247957384098,63.61689314276904,63.99080877064069,64.07457700794116,64.026605778575,63.48990234592297,62.81272049922634,61.635006840969744,59.76480201962222,57.34911787951127,54.24188825445544,49.333100919512034,49.65789459245144,53.71898694778741,57.22220817352459,59.22061834921563,60.78746734273607,61.73201716196285,62.03002953406078,62.312934411638494,62.20405713215371,60.857699288622015,31.442627737619908,58.77371921856769,56.79523285551164,52.742317654381246,48.03381995326486,50.32779879191245,54.16883378090945,57.2879191425378,59.57053891491837,61.00044012175432,61.86866248138265,62.47707210183527,62.71966535321008,62.75154657710076,62.451858369714245,61.72042773869364,60.63669928716854,59.06974696870429,57.18213447565901,53.93009813893372,48.26832536131677,33.83815365980431,46.65806052941406,52.12275520154521,55.01580924176416,56.6079814765779,57.6114871594758,21.072099696478684,3.0102999566398125,16.989700043360187,14.14973347970818,15.314789170422552
17.16003343634799,26.60865478003869,6.989700043360188,15.314789170422552,3.0102999566398125,14.62397997898956,13.010299956639813,6.020599913279624,6.989700043360188,9.030899869919436,9.030899869919436,0.0,16.020599913279625,18.129133566428557,16.020599913279625,15.563025007672874,19.49390006644913,10.0,15.68201724066995,15.563025007672874,10.0,12.30448921378274,15.314789170422552,9.542425094393248,17.16003343634799,13.010299956639813,13.979400086720377,16.989700043360187,17.634279935629372,15.68201724066995,23.010299956639813,17.16003343634799,16.020599913279625,13.979400086720377,11.139433523068368,16.127838567197355,13.979400086720377,22.576785748691847,12.30448921378274,15.563025007672874,12.041199826559248,6.989700043360188,9.030899869919436,16.127838567197355,6.020599913279624,20.827853703164504,10.0,9.542425094393248,13.010299956639813,18.129133566428557,16.901960800285135,12.30448921378274,20.253058652647702,20.253058652647702,3.0102999566398125,9.542425094393248,13.979400086720377,3.0102999566398125,13.010299956639813,9.030899869919436,12.30448921378274,16.532125137753436,12.30448921378274,13.979400086720377,17.24275869600789,11.139433523068368,15.68201724066995,16.020599913279625,14.14973347970818,20.863598306747484,36.53694795315082,34.149733479708175,31.33538908370217,27.730546933642625,29.03089986991944,12.30448921378274,25.118833609788744,27.788744720027395,33.51216345339342,34.1929472175346,36.848453616444125,35.6702636615906,40.31650793551264,39.66845423654916,38.10098040681143,36.799726942774186,35.87149498254344,38.07061239917239,35.09068045017162,35.748411950633844,27.16003343634799,28.506462351830667,21.613680022349747,25.514499979728757,28.43855422623161,32.723058444020864,20.863598306747484,35.58708570533166,36.27468272459709,36.06381365110605,35.753033334223986,36.422666189026735,35.05421327583281,34.761067168401915,33.80934463330702,29.83175072037813,23.443922736851107,14.14973347970818,25.4282542695918,30.253058652647702,31.832698436828046,34.2845877351558,35.26597709103452,34.015728456764464,35.76341350205793,36.91611874214416,35.129510799724905,36.53694795315082,32.75311354541812,33.02114376956201,27.17670503002262,27.38780558484369,22.27886704613673,13.979400086720377,22.50420002308894,61.12216442500576,59.694201061645664,41.1965172203987,71.74214328563745,54.037191944157605,42.39999792886872,81.25846599267591,48.05555226521253,51.92327661055026,55.07932743107936,58.18237773847622,60.6107909680612,62.48735434215395,63.93317006459305,64.76970238751657,65.57699884850916,65.86080369532242,65.82964327750331,65.45445796348524,64.67697026968185,63.39322823393516,61.36124509159267,58.13806416280781,52.491494200445175,42.18482987593645,53.04546534363069,58.6062185252997,61.70791055872728,63.51891539862108,65.02135443846699,65.7955964865209,66.15882115535517,66.12682686099964,65.70795271044882,64.86438555381444,30.073209529227448,61.66229942927991,58.97528676707279,55.29558673021163,54.056536560993074,57.51114287218029,61.07541332037616,63.4504303109565,65.40264638671393,66.67267053749777,67.58400273720684,68.10001527545145,68.26073830398659,68.17507724213944,67.78055767484491,67.11923587507458,66.0104091894351,64.48861000105629,62.08125464343679,58.5901153448705,52.401497133124685,47.839964283643,55.87779414310248,60.51884608111866,63.18616082137872,64.94964660291686,65.99689342261283,66.25297013679662,66.18450182326342,20.681858617461614,13.979400086720377,19.138138523837167,15.68201724066995,13.010299956639813,13.010299956639813,10.0,13.979400086720377,11.139433523068368,18.573324964312683,25.05149978319906,24.14973347970818,17.853298350107668,6.989700043360188,13.979400086720377,21.072099696478684,16.901960800285135,20.253058652647702,25.2244423350632,22.380461031287957,23.59835482339888,24.84299839346786,9.542425094393248,18.129133566428557,18.129133566428557,23.89166084364533,14.14973347970818,26.85741738602264,23.59835482339888,21.73186268412274,13.010299956639813,27.03291378118661,26.39486489268586,26.28388930050312,38.86095732437747,31.29045059887958,25.118833609788744,32.92256071356476,27.671558660821805,35.368108659915414,18.129133566428557,20.5307844348342,19.030899869919438,15.563025007672874,18.325089127062363,12.55272505103306,18.573324964312683,25.31478917042255,10.0,23.117538610557546,17.24275869600789,12.041199826559248,22.576785748691847,16.989700043360187,14.62397997898956,12.55272505103306,13.010299956639813,11.139433523068368,21.5836249209525,3.0102999566398125,16.127838567197355,20.170333392987803,16.989700043360187,13.979400086720377,18.06179973983887,13.979400086720377,12.041199826559248
16.989700043360187,26.60865478003869,19.084850188786497,6.989700043360188,9.542425094393248,15.68201724066995,54.55120587554202,56.65162440930285,57.6985714835456,58.807593020773446,59.60018647680244,60.04850804217117,60.08702346678729,59.86180333101845,59.51769655060065,59.18963486302033,57.61787308648283,56.09863225790445,54.91715989613625,52.39399593115788,47.85650098070644,44.32552424577051,46.32588876637148,50.80932981992017,52.080380493531806,54.8521729562663,56.13057058517282,56.96800941594272,57.763902398609225,57.73031989349331,57.55912950008896,56.92752650406782,10.0,54.71850359025098,52.69522283783768,50.88635683045857,52.04217687922923,51.54950163997961,53.80826056836341,56.15892211978117,57.43360793420407,58.79775188054451,59.336016673692086,59.567335102628206,59.50935586177005,59.18697525575376,58.28510380712423,56.5764089523629,54.38043691899813,52.9999078950561,45.53118092150306,33.287872003545345,44.5359350992052,49.0493723306878,52.274650544601855,54.49214502484493,55.91689986025233,57.34703842301043,57.59991745323868,22.04119982655925,13.010299956639813,17.16003343634799,3.0102999566398125,19.084850188786497,6.989700043360188,9.542425094393248,15.314789170422552,17.24275869600789,16.532125137753436,14.62397997898956,52.70655548952985,53.474334529194365,54.60609219049039,54.31405583095625,53.94376373237983,52.97611709666857,52.04130839882257,50.63198207402894,49.09775260520669,48.48958460827495,46.62493398030702,47.64101376476229,51.63852831928112,52.531925698784434,53.07309871811097,51.9459481072089,52.40629111188655,52.7619517123042,53.90694942948068,53.463920983173296,53.89068578740003,53.77167779412044,53.328604294878765,53.822944699216805,53.822800624746336,52.97015993577781,16.020599913279625,52.238721837968775,52.92455446520636,51.9892637597612,49.17074677453965,49.579806102361765,47.9276278264298,45.765025967334,46.77771150682378,48.00916313271131,49.74939789064032,51.150277335990566,52.66422217478119,53.39959973608206,53.781943344938064,52.9208985543996,52.389614239295256,53.20366494460458,50.18821119270242,48.87690426669374,47.93545937985268,48.0891284133466,48.54937283891723,48.745977687032,49.70700119904448,50.51299192702798,50.68412229778392,26.82145076373832,28.72156272748293,61.12216442500576,59.694201061645664,41.1965172203987,71.74214328563745,54.037191944157605,42.39999792886872,81.25846599267591,14.14973347970818,3.0102999566398125,46.02602520420256,50.77371539532397,54.24563146102521,56.58409238111343,58.61340816943383,59.74796216683793,60.55351569446822,61.085856556129976,61.251668984142746,61.2895632052347,60.47664972906386,59.63208224090136,58.45651722593683,56.3535203106272,53.065386798760485,46.91161090741182,40.68779363009561,48.54555006423052,53.71446549756689,56.62331825395789,58.61083155408873,59.86959738600613,60.60297727528736,61.03680596407177,61.01027005302926,60.356866364344775,21.64352855784437,58.13491585417975,56.376518091863154,53.27060445979236,49.14961625847205,50.488960601246944,54.35425471034728,57.27008228024147,59.71955525700932,61.16918744174293,62.34367431127987,63.07168375002232,63.65526358354507,63.83342229852395,63.546991389420896,63.04256945515891,62.08159887572589,61.00827003718889,58.84390324341773,56.40451621680509,52.1797060767566,45.20352504083319,47.38154025307704,53.34504013807304,56.82384278756988,58.74209210922712,60.25804198478645,6.989700043360188,16.901960800285135,15.314789170422552,9.030899869919436,12.30448921378274,14.62397997898956,22.380461031287957,18.69231719730976,3.0102999566398125,20.644579892269185,17.853298350107668,54.52280298867909,57.59172844639268,59.780498892796686,61.43895306153047,62.593668780099215,63.39708364272472,63.93242555484853,64.02152838270443,63.96610075624821,63.557123632972,62.64803188927179,61.38903977004163,59.79854640050159,57.52500186522455,53.94523473576407,50.33524274983268,50.02122846225162,54.49591008022655,56.61411321784431,59.19446824484587,60.55849071584613,61.319370516169,61.86583438935476,61.925055661448745,61.848347527303886,61.05630748619213,25.31478917042255,58.5192579272352,56.328964262852026,51.745830891776,48.721562727482926,48.95251225624904,52.81099302242188,57.17017738976571,58.9745388870434,60.768180567236,61.86097345480981,62.46311429475588,62.6497569811952,62.79827493841111,62.43674134266559,61.63238324187304,60.47599201227403,59.12753303671323,56.45929959473112,53.19557823792388,47.61333846515703,39.03632516084237,44.66289164135866,50.84604872514398,54.33444991363331,56.86151662344413,57.72797555935561,16.532125137753436,16.989700043360187,20.37426497940624,0.0,20.0
19.294189257142925,26.60865478003869,0.0,13.979400086720377,9.542425094393248,14.14973347970818,53.9232579820656,56.19828711542908,58.058432652689255,59.117625351363145,59.6743798470184,60.09021063080999,60.30629672276773,60.20912089376603,59.94447377486591,58.91268100430899,58.533927600853104,57.23071286823582,54.218440384903786,51.39201940562808,47.20432202749485,45.68870257503584,44.40231936226789,48.71537910385015,52.72175907813452,54.78176754287997,56.20703287480776,57.102333308052366,57.528670703486,57.57445377634837,57.37791968978213,57.440119702104944,20.96910013008056,55.742373639321656,52.56679268571428,50.873057042539706,51.36165456814543,51.93995098259023,54.23024573204261,56.21928891242129,57.6162192126554,58.44664149281526,59.21892911333956,59.61747522838163,59.43218418684931,59.07654239760088,58.44627506326039,57.92056733325406,56.620510562942805,52.94424337871739,51.0620790141298,45.52047351843618,32.14843848047698,45.43235883876959,52.12996822560625,54.627048907126856,55.90799495133632,56.27919638546804,57.02640739244953,19.294189257142925,6.989700043360188,10.0,9.542425094393248,9.542425094393248,14.62397997898956,3.0102999566398125,18.63322860120456,14.14973347970818,6.020599913279624,15.314789170422552,53.36995766602156,54.32643848747735,54.10972832662623,54.20854781154247,54.24764067325116,53.85191440478543,52.53493082807456,51.19203084307125,49.48383620565448,49.61231197044663,46.284400205135086,47.3837619112041,49.43202579829663,50.01474096691733,51.09166666131343,52.63039243374809,53.28202179314792,53.46466423955405,52.82143831168811,52.94033921129233,52.86079048956403,53.21476222645926,53.61444508086328,53.712341559765534,53.9414336242281,53.59068626789245,6.989700043360188,53.53312143576328,53.239447681461904,52.59961607373932,51.26098923288605,50.15715932006951,48.34039018159466,45.89033155695844,44.84299839346786,47.195964240383006,48.29027023001764,49.92076105939857,51.37167311914382,52.573185130976384,53.18098828734393,53.16131864572889,53.310667533479645,53.02038558334101,52.0113756264631,51.16345361501841,50.04600780332984,49.55134309615634,47.29399698911028,46.49188770977882,47.39706804620218,50.083148061630745,50.59461174384676,25.289167002776548,20.96910013008056,61.12216442500576,59.694201061645664,41.1965172203987,71.74214328563745,54.037191944157605,42.39999792886872,81.25846599267591,14.14973347970818,12.30448921378274,50.4363730959257,53.811746679644685,56.108751282262936,58.07535704539482,59.40716154722153,60.436565552813626,60.91816385452535,61.07222184008408,60.94358260301596,60.53802304588567,59.45966605614228,58.10190834481016,56.21480596861743,53.106104805582,47.55272521255307,38.32061614590727,48.521016511059656,53.4463784591778,56.352947071537656,58.38336446685885,59.795506508746605,60.64566549277953,60.922506648622,61.09782317171101,60.827627577010254,59.95053991833825,19.86771734266245,56.79959082661631,54.30091188033949,51.05612359686785,50.09506135223509,53.148779915358126,56.496015855063376,59.03531114649133,60.87519129780696,62.21739901779988,62.98962400103675,63.48344785145397,63.79205772700067,63.673536843104806,63.30529231626657,62.40561727829788,61.24185886409006,59.77266212427293,57.130619173622,53.276653870500425,46.83812235741294,44.7171699397716,51.28043673826458,55.58617383113641,58.2436602934661,60.02746461599152,61.16929361380122,20.170333392987803,16.989700043360187,14.14973347970818,12.30448921378274,15.314789170422552,16.989700043360187,18.325089127062363,21.70261715394957,12.041199826559248,12.30448921378274,11.139433523068368,55.9521836085183,58.73308973962765,60.907382983395244,62.311190059401405,63.12391487859901,63.69244994994068,64.04087936749241,64.06352286141912,63.86746630047047,63.09528394344004,62.42285447085778,61.04033460094772,58.60324827779864,55.75919522653233,51.569154517101126,49.333100919512034,51.6216098843503,55.21185173323767,58.25977561707346,59.8139180168551,61.11891985939283,61.73601418673534,62.20543472326508,61.93305516699883,61.56802264578512,60.83988599975409,27.267272090265724,58.74841165091256,55.76337894267783,51.13692725494897,48.992184178513725,50.97024651619648,55.03541470846252,58.05607549643096,59.93824937440604,61.0036675364125,62.128417504931015,62.736708430773625,62.84066224768921,62.66786796427774,62.177260288046845,61.6582013397995,60.81140194307484,58.57099000389561,56.94029267362991,53.613972687887454,48.29072087319047,36.2283547952152,47.159031102654495,52.38572961696629,54.974783933162826,56.56337812767546,57.603478326436495,16.901960800285135,15.68201724066995,12.30448921378274,20.0,10.0
9.542425094393248,26.60865478003869,16.532125137753436,9.030899869919436,15.05149978319906,16.989700043360187,54.500103347330366,56.65926975549599,57.73597039592989,59.14375423842064,59.55470789361007,60.10910254239992,60.288330517145695,60.03223070119161,59.69136233596713,58.9209682983596,57.94757044666808,56.63989103318315,54.62092386690999,51.89582945823007,47.23168236542887,44.8315920971698,46.78017331283984,50.38051591294768,52.728669095215245,55.00894829396237,56.13449617453546,57.157259747576326,57.81166344847557,57.77283242217963,57.49236047957969,57.3257789381279,6.989700043360188,55.227258467109806,52.36952715781035,50.64401826826439,51.87083386136315,51.98395881990749,54.22458514031944,56.41558383219824,57.55748358507982,58.82358871113083,59.32354520266982,59.58843767236475,59.47232213483844,59.11147483965324,58.44526877563303,56.84433304311136,55.03193969285033,52.43942919568034,47.23365355663575,33.979400086720375,42.54209596729616,48.59798547480565,52.97353374357235,54.823089195769626,56.2834498744442,57.28394368394035,57.78274283058043,16.020599913279625,6.989700043360188,3.0102999566398125,18.129133566428557,14.62397997898956,16.127838567197355,13.979400086720377,16.127838567197355,14.62397997898956,14.62397997898956,23.873898263387293,52.78691881035724,53.861510339209424,54.32074139014384,54.67406818571323,53.869089884895416,53.04165115876494,51.87588397819988,50.21788625343413,48.3324913681063,48.92539804658635,46.2574447222465,47.33245428182445,51.46704643970588,52.44586337249154,53.0772702969447,52.37093628165663,53.00006025960969,52.99794844589484,53.91367420918055,53.466209023463456,53.56029683559367,53.8500714179136,53.28878856965625,53.923821075335205,53.96138297395892,53.07739858969554,10.0,52.32253874216336,52.99677235190691,52.279201105966834,48.91871830445584,49.8046697783968,47.48598861330268,45.3828461059014,46.81684353523791,48.18522802003136,49.70653656885724,51.131709579736906,52.77989485154336,53.487136474677534,54.10380705989616,52.54173315323161,52.37697021062678,53.1424021608712,50.53696776647829,49.49077592652911,48.14207628143024,48.695133329356366,48.26606002294447,48.25841387727776,49.61501775163981,50.73340698164333,50.71034675054151,14.14973347970818,24.23245873936808,61.12216442500576,59.694201061645664,41.1965172203987,71.74214328563745,54.037191944157605,42.39999792886872,81.25846599267591,15.563025007672874,12.30448921378274,46.24787275292108,51.19272389514709,54.10549485301887,56.85069629391148,58.35677891176452,59.9133463574353,60.711157957665726,61.14793736386939,61.33051330818256,61.206798598190005,60.55054401245039,59.66663980507383,58.61083155408873,56.61484238526456,53.38832851844802,46.73803959384559,40.94261442720502,48.95891949155477,53.88307282618574,56.70651190971641,58.61310933651261,59.9552682679855,60.40697652942272,61.08209392572273,61.11170064978982,60.45362102653348,21.613680022349747,58.14131013315124,56.33165353683904,53.58804469525882,49.00694774452398,50.83592192787562,54.3422388611155,57.34682242237281,59.65958586183324,61.39244805268535,62.26192740522685,63.11864433183292,63.75351358288143,63.83258681708175,63.78198879429189,62.87775984906632,62.29622976966759,60.93699334716938,59.12184844884729,56.41113039921075,52.06439964804201,45.153571497383695,47.89933080931751,53.27720525571824,56.638073663067615,58.81983467417948,60.44056593887484,27.3559889969818,19.49390006644913,15.68201724066995,16.020599913279625,21.613680022349747,20.5307844348342,19.084850188786497,18.129133566428557,6.989700043360188,17.24275869600789,20.5307844348342,54.522235791455856,57.68075447651738,59.72862113455893,61.71323850123855,62.554608997852846,63.485760663395766,64.0128764401133,64.08629637598143,64.0587221600792,63.48056289790862,62.801559342375946,61.68011945580907,59.91910215096176,57.47058168435332,54.01540113006392,50.09047009660279,51.06126275422547,54.11754350044887,56.898414091375045,59.30278488531207,60.741681710056746,61.55686368736495,62.27563047501144,62.31012627272018,61.72675891223791,61.52034421983025,33.106933123433606,58.69635894975917,56.09402295470293,52.779688765946766,49.15278447981383,50.55699345948317,54.11041945827083,57.36148604780129,59.33870290153759,60.96995126385671,61.785142203889336,62.53989200944482,62.78217716800992,62.752968394173614,62.61030786452728,61.54005302620724,60.72375276988768,58.9651739923796,56.94264648763173,53.48018484842101,48.34357112718405,39.27780849347374,45.0931007420929,51.3433651094868,54.480706412720224,56.86911413979605,57.79438471663586,18.63322860120456,21.613680022349747,18.63322860120456,0.0,19.49390006644913
21.13943352306837,26.60865478003869,18.129133566428557,20.96910013008056,17.16003343634799,9.030899869919436,54.38626193542855,56.541043139516525,57.928299656084505,59.03294600058373,59.72041684304176,60.15916519382032,60.316742115512966,60.06418973301598,59.72225987787769,58.93316145947556,58.13471567265648,56.632428376388944,54.44864182902073,51.54758619154177,46.98074434949801,45.97179429275773,46.43383578685687,50.14054072790933,52.7969659549558,55.01404368627186,56.11545943730072,56.934147425180754,57.612187136112354,57.50080060357888,57.16036749617808,57.067527633910935,12.30448921378274,54.93053543571647,51.76230211058756,49.94268748358294,51.949137645749175,52.145153548470766,54.64659416648189,56.6848376171989,57.78617143143143,59.017791557446174,59.58912516596701,59.8981143082083,59.65232754559012,59.20216230316704,58.35643018398387,57.355869245014105,55.72278978298784,52.83194904019271,48.45160077651946,38.85813374660489,39.49633923799262,47.47722462035508,52.51793905967556,54.56526965598231,55.99434360369678,56.77410745982212,57.2287403415436,16.020599913279625,23.05351369446624,0.0,15.314789170422552,10.0,14.14973347970818,17.853298350107668,6.989700043360188,13.010299956639813,16.532125137753436,9.542425094393248,53.72016728628517,54.50695493727005,54.82622077149807,54.88631081744372,54.41627590921112,53.55116139076884,52.375889747953714,50.78358927631075,48.58837851428586,48.86050567527855,45.53992193099424,46.63559591825922,50.68927611682072,51.721152436560295,52.17431299267857,52.25066215615912,52.85289448994014,52.98328988073496,53.55001091640665,53.07438270765996,53.70290981948728,53.58460253954249,53.532717128375,54.210920132255815,54.24425878172887,53.241857059406136,15.314789170422552,52.57126358022592,53.39540874896825,52.638774077161656,50.04205259736892,49.94972280157747,48.21644517542217,45.90841834781602,46.278265379179295,48.19043550710056,49.58860000705787,50.95256550404421,52.52270345988322,53.26878390021045,53.57359215978435,52.36912446700583,52.03495235193291,52.64307699573625,50.24887758056816,49.10421615655692,47.735889935197775,48.203985227039816,47.54080642190165,48.457180179666594,49.886347511492495,51.07820267248048,51.24911592354914,17.634279935629372,18.325089127062363,61.12216442500576,59.694201061645664,41.1965172203987,71.74214328563745,54.037191944157605,42.39999792886872,81.25846599267591,11.139433523068368,0.0,46.954291376895725,51.176192548556216,54.1187044704614,56.55756767975791,58.364994441180286,59.75965042810133,60.56951325978481,61.01197673910558,61.11121647636662,61.1342523071374,60.45624141684631,59.48485831149643,58.2886604082869,56.11504512894723,52.526831619321975,45.08098577178078,38.84965198200732,49.29592608772758,54.17313890251572,57.0222799080225,58.94853059186752,60.20090178400116,60.86994788943628,61.44949188940765,61.36964591105781,60.86326011345059,24.62397997898956,58.61376674179912,57.11047603867034,54.42909147666853,50.642857348451926,51.22310921004192,54.403201824806445,57.22328657598082,59.58878143276976,61.20736103332091,62.29809015421112,63.103763422428926,63.55172501197015,63.75146907707919,63.56015334512119,62.89270025864155,61.99900466127215,60.80788775961753,58.76435510794131,56.042962691525375,51.31900832003299,43.409396020380775,47.67519481847482,53.46026152506796,57.00457951139193,59.00909794148835,60.57254051295403,18.06179973983887,19.54242509439325,12.55272505103306,22.55272505103306,12.041199826559248,17.853298350107668,18.129133566428557,19.294189257142925,17.853298350107668,17.853298350107668,19.138138523837167,54.59419630316154,57.54376625099192,59.94556894482204,61.55996694908279,62.725748751591794,63.50213312165188,64.01023471568539,64.13059745875674,63.98059510070819,63.485760663395766,62.78457494055424,61.52330242604211,59.72710453170294,57.21451988814815,53.33181175025893,49.97058573727401,49.627385894402735,54.11944463714355,57.07067466152118,59.346044869504325,60.662170585088695,61.611777695458045,62.22004893839,62.1452622028864,61.99555531382585,61.62636086078966,37.83045572114693,58.55834011006842,55.94421281375504,53.47544669645012,49.40142791106066,50.47633061264732,54.024917983916005,57.51663946260987,59.33043655785684,60.934952288068594,61.89955520333852,62.54614291698218,62.73496664182393,62.7592492345757,62.41069092036139,61.7339170814244,60.72472320039011,58.91832833551477,56.96574791796473,53.78784777635985,48.22508056398281,37.84831178124469,45.3682348331209,51.694069579474025,54.56308325832626,56.77756557821581,57.91988729504693,23.117538610557546,19.294189257142925,19.49390006644913,11.139433523068368,13.979400086720377
16.989700043360187,26.60865478003869,16.532125137753436,11.139433523068368,10.0,17.16003343634799,54.421284285612415,56.479870407796014,57.86468896929203,59.03958250307366,59.68790114923042,60.10723865391773,60.29020766885907,60.04586599407947,59.6982252353919,58.91400290387568,58.06072065543732,56.61685879530745,54.19765806330483,51.18453221243669,46.68283388723757,44.838154377486646,46.423853705276855,50.303770535558,52.79963367458737,55.13284204543479,56.26624670447874,57.15151458530152,57.84754191481687,57.71152969107238,57.52991341441705,57.3890892583624,12.30448921378274,55.31101939146828,52.14804124174759,50.41286072518762,52.11547681181248,51.85513824218539,54.47897253532901,56.505503492394105,57.611494686706365,58.79332181551243,59.3753093068597,59.57013137540518,59.295481729554176,58.91720837288383,58.02820913782177,57.17966587558766,55.36857548246695,52.0172749945975,47.87162813509685,36.57915936829956,41.69086357487024,48.3277068782252,53.0525676034425,55.15484392993717,56.4758344268654,57.19812556661143,57.54030144344192,6.989700043360188,14.14973347970818,16.127838567197355,17.16003343634799,15.68201724066995,6.989700043360188,14.14973347970818,12.55272505103306,9.542425094393248,20.5307844348342,6.989700043360188,53.18551641633873,53.9747071716853,54.521239184490426,54.28371322869534,53.9467052410719,53.00258437998421,51.7344560176599,49.97604787460454,48.08481056565951,49.17216584004321,45.95903870442599,47.440894821812655,51.33110789625779,52.0002926655377,52.80996985034261,52.80935583136947,53.319715949952375,53.41766795948181,53.61200698143417,53.34970173996602,53.756892137232015,53.67210510549995,53.50769246568348,53.9948162048549,54.024694499605474,52.89287874102146,12.30448921378274,52.34884102331191,53.02081884881776,52.0848972813001,49.48554773029524,49.60399419895466,47.20663619305731,45.39577883345309,45.90306714703341,48.53564374929077,49.76977807389104,51.00487719883461,52.70196536493194,53.49724222634397,53.90313232576276,52.88197787031108,52.57044666363654,52.9598250455794,50.83305494270303,49.68954345773496,48.83661435153617,48.80012838366771,48.01225290173022,48.10944553405564,49.44532020991981,50.87657214537259,51.06462883796121,21.73186268412274,22.14843848047698,61.12216442500576,59.694201061645664,41.1965172203987,71.74214328563745,54.037191944157605,42.39999792886872,81.25846599267591,9.030899869919436,0.0,46.59041027996076,51.13291421513559,54.202941351386656,56.77374232621023,58.64184644246348,59.87164212807184,60.6834692914418,61.19928919967255,61.30779415436788,61.33706526462923,60.66494764126673,59.63875621485832,58.52251196819604,56.45284688220916,53.18100916512979,47.1032895804263,41.15610511674299,49.19689859537591,53.77446499708402,56.71447777976377,58.63623192843865,59.93263360120203,60.62775211680912,61.15652108770439,61.06343910647023,60.46748721401383,20.253058652647702,58.08197464332116,56.44660111779147,53.45385494584369,49.0562320724521,50.359937544740106,54.22619382688941,57.30208757588545,59.728787558720384,61.38318174566604,62.46332364879285,63.20602367447228,63.72392931817133,63.8471353383967,63.67235121899408,62.98391256665908,62.13443376036938,61.11050693030179,58.89960769399772,56.32305414413671,52.03386491660478,45.617213616014574,47.546082229424,53.268026813715686,56.836817973916425,58.89315711779772,60.394494165626,16.127838567197355,16.989700043360187,16.989700043360187,16.532125137753436,19.294189257142925,13.010299956639813,24.345689040341988,21.13943352306837,22.380461031287957,13.979400086720377,16.127838567197355,54.43632176430236,57.544354917025885,59.93926684175031,61.59572606843005,62.756561189011904,63.42708826079584,63.96825570121511,64.14559234549962,64.04084168662087,63.50291639473062,62.81067245443492,61.57113609466759,59.69554286724821,57.16305574221448,53.592376791197694,50.57856208741888,50.75765878215734,54.14388326931075,57.04319566963471,59.37819686992334,60.65596518575053,61.398466704584266,62.12029044654799,62.22725052929802,61.5386667182409,61.36086414850708,23.673559210260187,58.149165066412245,55.432545317954606,51.7866909310967,48.53673880871554,50.48138701654721,53.99543932821835,57.41391931283119,59.43625575898277,60.99852529705872,61.90681794506786,62.60073296967612,62.73385828760931,62.64800120428018,62.335935526039336,61.81278923912981,60.75030245139476,58.98431714343094,56.91161090741182,53.90307928680451,48.609844742048416,38.91314399382143,45.6062387454993,51.50145235400896,54.59363835442022,56.7169571840705,57.72240268872526,3.0102999566398125,18.129133566428557,22.87801729930226,15.314789170422552,10.0
19.294189257142925,26.60865478003869,18.325089127062363,16.532125137753436,20.253058652647702,19.294189257142925,53.82247643971135,56.26981581845435,57.78820272138048,59.05412669011112,59.61434383748895,60.05514258843921,60.24487720125706,60.10573425152008,59.83392616233762,59.02279815437946,58.35906713929069,57.16264676862274,55.33534389302793,53.23771704695795,50.18509100690723,42.7276958655176,41.30976691605617,47.215880543806826,52.31777870850584,54.16169350176703,55.91484222244311,56.988813992236814,57.56542546117036,58.02188572550246,57.91955775369679,57.38249253144122,17.24275869600789,55.34343456806028,54.52320151538908,53.21467936125156,50.27610513865675,52.42643281764309,53.99848442277308,55.16203411699389,57.041891381495205,57.8619045111294,58.65019240439757,59.23617517072476,59.54557499955671,59.29526208745993,58.97724384345104,57.73087648693436,56.57259559975019,54.40433615608442,51.94991387457411,47.19571574314456,41.16873286327248,46.11011288705342,49.84963638799787,53.08321055115716,55.08750513363306,56.351468368817,57.05897907353573,13.979400086720377,16.989700043360187,10.0,20.681858617461614,10.0,17.24275869600789,19.86771734266245,12.30448921378274,16.020599913279625,13.010299956639813,19.54242509439325,52.56895659650269,53.65946372845295,53.52971252314813,54.056536560993074,53.9657766380726,53.748161419663816,53.11425367855133,52.22209064526325,51.12135602681912,49.16795985235871,49.55408711853569,49.43266921586124,47.33758835587203,48.96178863486135,50.46889089334413,52.44722322769998,53.02558191846536,53.39540874896825,52.95105072809808,53.63965287927406,52.92344693840592,53.274529361943486,53.12388949370592,53.210285241144376,53.24710364098776,53.90979240478947,14.14973347970818,54.10972832662623,52.64307699573625,52.23885151875885,52.515043836011145,50.05223424858136,48.39025290430942,47.93014665193394,45.77261953585815,45.64772553929287,46.072083167831536,48.812248343902326,50.48138701654721,51.50452480839567,52.514751773525646,53.481685160251615,54.18263164558112,52.94397880027929,53.62591788596582,53.08950518543554,51.98714805803065,50.08744912467108,47.6392190976398,47.163122509756086,48.31312957688113,48.03381995326486,48.37114748515506,25.118833609788744,24.14973347970818,61.12216442500576,59.694201061645664,41.1965172203987,71.74214328563745,54.037191944157605,42.39999792886872,81.25846599267591,3.0102999566398125,9.542425094393248,52.848479073342965,55.67818906744046,57.62932015723399,59.16190659980538,60.04717218296628,60.72512380732096,60.99632306760336,60.8670321470268,60.5371443038024,59.535132478679344,58.40102328881342,56.48013413069948,53.12401641668764,48.14846668604464,41.38776215729349,47.281670358377,52.97891764154655,55.956560216100975,58.18522802003136,59.53356127320965,60.32373746438491,60.72710424723237,60.908168782600896,60.487854516472346,59.87373508985957,58.9204393204508,22.30448921378274,54.40954712059246,50.48880537827167,49.05585425846268,52.34947315652686,55.97881585468684,58.761739469099766,60.64578152367777,62.00832174196782,62.98205954048025,63.44717577913055,63.780361411071326,63.70639825139833,63.4856438842392,62.87778895290159,61.79942250836218,60.52753177344976,58.22965950770217,55.42959801022849,50.55580903908328,44.35366506612661,49.18622629291341,54.065129297291776,57.24083262362542,59.28339513233456,60.7117625771413,61.624225058475375,21.73186268412274,20.253058652647702,20.96910013008056,19.030899869919438,16.020599913279625,9.030899869919436,20.0,20.0,6.989700043360188,11.139433523068368,23.26335860928751,57.415927629259016,59.92190202056217,61.37664527293382,62.70342447868268,63.36728832985709,63.88888401667642,64.1048873230545,63.95546018880444,63.59726420906015,62.7655784386736,61.83597790154777,60.23526534389781,57.88808730732367,54.829250101735184,51.0615688696684,48.16387145402351,53.29652075728794,56.08604113989336,58.72958829801395,60.45235719868495,61.61931321025702,62.08719957266939,62.347857241025686,62.014102348993696,61.80786280640943,60.88661178830185,30.11993114659257,57.32847922977683,55.47727951623942,51.1462766188744,47.77991979872234,52.7134432183733,55.59736702496947,58.31025309587452,60.40409277438343,61.36444369499059,62.10898796822778,62.74577618337872,62.82977649277956,62.794410704380496,62.358255339944,61.4762346383109,60.47132286331142,58.42067906230416,56.39830003827776,52.93126004247515,46.73251363213849,34.601458174917504,47.78223626766096,52.51066083506484,55.21368251101244,56.62619024090833,57.69602539468836,9.030899869919436,3.0102999566398125,18.129133566428557,12.30448921378274,3.0102999566398125
17.16003343634799,26.60865478003869,6.989700043360188,14.14973347970818,6.989700043360188,13.979400086720377,53.96202835390818,56.096040126825216,58.09479581594324,58.97996908708696,59.76030675845386,60.05488100336096,60.34638481774658,60.24279554685581,59.97406045171279,58.98628660979717,58.52668431675251,57.22608423434989,54.27580228492596,51.27444970483428,47.387330053903305,46.21840721731609,44.98324340697171,48.05806591702813,52.61227171888609,54.65616296345254,56.061932017447226,56.86151662344413,57.570086354612826,57.54325397016405,57.22939794999092,57.16404880348446,20.253058652647702,55.18208510320969,52.02643589083177,50.379560938591766,51.25562586641175,52.08368788798086,54.44931226152513,56.35211221964043,57.74155511542226,58.63451344685445,59.43344119113243,59.83303716108985,59.6170198936398,59.31427357124214,58.54817175799066,58.31066322297644,56.79904631931937,53.61516301979154,52.02128526463674,46.72845678680098,35.04334911802464,44.20368379857524,51.53442888059725,54.30726331353789,55.54632084178995,55.938994070403005,56.64282735044255,12.30448921378274,15.314789170422552,47.41467697685545,14.62397997898956,18.129133566428557,12.55272505103306,18.129133566428557,18.129133566428557,17.24275869600789,12.30448921378274,13.010299956639813,54.110335179812296,54.54106694338553,54.57836497725442,54.80703843190973,54.609879983425,54.221382408789054,53.08884414422017,51.65552942529723,50.05201969210976,49.91385583145456,46.74686653361548,47.05769661957218,48.99174597304767,49.45768843709651,50.31056846415667,52.10652875437407,52.57882477442558,53.22091055526829,52.26127981889896,52.52719568036186,52.80077322611945,53.08643369016761,53.66852369512264,53.69150893975292,53.91571958259589,53.69085920821508,18.129133566428557,53.56599435724971,53.57517495251011,52.74197118797757,51.87286589931895,50.47683651803772,48.717188433187616,46.8524896024201,45.428378707488655,47.46673112470323,48.766334555244335,50.19340652597946,51.04708981840269,52.23449212204231,52.94794578540446,52.91280028591798,52.742410040754336,52.80109224697342,51.584861277851566,50.68705219691942,49.32174322983492,48.66358238518178,45.80810972660946,45.698535926895794,47.61694849829092,50.31557916634135,49.82569707906894,14.14973347970818,23.69215857410143,61.12216442500576,59.694201061645664,41.1965172203987,71.74214328563745,54.037191944157605,42.39999792886872,81.25846599267591,12.041199826559248,14.14973347970818,50.34588353713624,53.49044286602036,55.9717393920894,57.74543971436499,59.17203971966194,60.15421793046904,60.68405551755159,60.86597915409442,60.68876101005411,60.32497076890914,59.12609930973899,57.765886014295134,55.715050265307,52.18325396609671,45.31747074946718,36.95831772826692,49.017851453036,54.17997842239545,56.70384100037695,58.81198001296278,60.1606051664386,60.942813672356536,61.39719501068132,61.44704320800395,61.139947964522925,60.25216129115729,21.613680022349747,57.34157110280523,55.21751157138123,52.08140255909166,50.71300104689912,53.15386698060163,56.4645078041235,58.83958810846399,60.6952935206768,62.06418365232817,62.92635470101266,63.36769033483914,63.54372970735928,63.42605243534216,62.9890632332307,62.2981924906194,61.01481055838367,59.574296065586985,56.64350468027745,52.7083017246202,44.88888996004945,44.459154139511234,51.607505658605774,55.85065736773765,58.4271468049856,60.24420395476205,61.222158782728265,17.634279935629372,13.979400086720377,21.84691430817599,19.084850188786497,15.314789170422552,17.853298350107668,6.020599913279624,12.041199826559248,21.95899652409233,20.0,19.54242509439325,55.91086877967346,58.58287496699992,60.92230998161578,62.15143778387342,63.18090477519685,63.63117806375273,64.05696148254214,64.03354256324037,63.821815387467424,63.17133618480696,62.38909816062316,61.08294350940088,58.48408980661876,55.56611222644089,50.806156654959096,48.15125953393681,51.13903261735068,55.210988384536,57.95532442710154,59.8720357534485,61.13747207357796,61.87882951815809,62.40715196935504,62.054176681979854,61.714210240963126,61.2620448731969,25.888317255942077,58.48392356207248,55.58349709463532,51.349958191073966,48.97764504511617,51.828994675482605,55.438620158196585,57.95629791650579,59.82188890238383,61.11884937139993,62.20177674231302,62.67050108920559,62.73011463388002,62.65298349386588,62.15898907330988,61.89508841704789,60.563963530264566,58.67104933439287,56.93119038865105,53.696351017944025,48.17340562338515,35.487578285737044,47.27362297341409,52.554461881617705,55.084394840774536,56.65907292768077,57.54411028628569,14.62397997898956,12.30448921378274,17.634279935629372,19.030899869919438,18.129133566428557
19.030899869919438,26.60865478003869,14.62397997898956,17.24275869600789,6.020599913279624,17.634279935629372,54.21717420823924,56.27271612659448,57.88140077419414,59.03950123473467,59.70909141996384,60.102291235409815,60.29974746504824,60.205207985547695,59.744536601171205,59.04904257416042,58.32464203620092,57.036455491626725,54.54590304092815,51.54490922954679,47.77136712504173,45.5755532051209,45.46246452611649,49.6987233401152,52.243258363194855,54.84004988598394,56.01699377232422,56.91764680822172,57.74808830310705,57.634714208398,57.46388963471592,57.483756637244376,16.532125137753436,55.51181530780593,52.608581319711405,50.60372942111786,51.91680118422937,51.35908279619304,53.82717475586733,56.102352408249416,57.371838930940704,58.45274823924749,59.31458379230256,59.667540082881786,59.47928026405016,59.16710764368453,58.501865831924746,57.86578947445945,56.247202954866,53.44195715871435,50.19780730403647,43.76211850282672,29.64730921053629,45.10545010206612,51.74147065097031,54.227096400203166,55.780911261107,56.651427234677726,57.11457122503604,18.06179973983887,19.030899869919438,10.0,13.010299956639813,10.0,14.62397997898956,12.55272505103306,17.634279935629372,3.0102999566398125,14.62397997898956,15.05149978319906,52.983224329654334,53.83501196445383,54.289281148933206,54.57291339128507,54.41225246631084,53.916847652265,52.65725587638434,51.26355480481057,49.7396329740609,49.53107035221487,46.3034650075424,46.976912979384096,50.3357251607877,50.99311091957843,51.74225581745183,52.16967748361374,52.85073239781256,52.97830517665109,53.26438276795728,52.84859176733764,53.33527878521092,53.41735162006117,53.53389144096357,53.75087220007504,54.04785838998709,53.38269188626322,16.020599913279625,53.12737852482435,53.645772585889866,52.973051931466046,50.89611952012707,50.98439507495584,49.03024837933357,46.32760888479439,45.62459411223429,47.48691826488454,48.4456415019412,50.02667047908652,51.3963984384561,52.5962493293664,53.34262699987151,52.85993634463768,52.59617766814334,53.39302344383799,51.48090329412882,50.6191216563979,49.659397975534674,49.10592391831071,47.65854747465791,47.77289044357314,48.76916077297879,49.96170056283674,49.884608505355736,9.542425094393248,20.681858617461614,61.12216442500576,59.694201061645664,41.1965172203987,71.74214328563745,54.037191944157605,42.39999792886872,81.25846599267591,12.041199826559248,14.62397997898956,50.34716669998244,53.75191576570632,56.10060465425528,58.05181306499021,59.5146671918673,60.463741849617854,60.90351181648352,61.06960517986571,60.92686966261766,60.63655300671317,59.44942879085392,58.14511955301344,56.27464176288712,53.18173982441161,47.74319846193652,38.26657791875869,48.52461694326535,53.5037208474892,56.479870407796014,58.46080914190068,59.85604736261589,60.676751727888245,61.00905500691112,61.1833914184492,60.9083978004538,59.80391107550532,17.16003343634799,56.71811313874859,54.414908985372826,51.25640640420979,50.06059369384634,53.42464134226144,56.5154355041167,59.11164536081372,60.88814830057675,62.24186161835512,63.019915441402496,63.50528086726433,63.816925520581634,63.720410691200186,63.2882305057688,62.459647402759664,61.2410789705556,59.798114210330525,57.187216867457565,53.42896198385274,46.753566698135415,44.57473134707358,51.34368384603378,55.792953123747225,58.38658336926626,60.00992964054775,61.11292765317009,15.05149978319906,23.69215857410143,14.62397997898956,18.129133566428557,6.989700043360188,13.010299956639813,9.030899869919436,20.5307844348342,11.139433523068368,16.127838567197355,15.314789170422552,56.013145368814406,58.75933608126337,60.93585565381567,62.19671743066699,63.18350959791815,63.77019237705398,64.08732508353408,64.0657100573261,63.88445266721232,63.21943119734066,62.4247483799834,61.06695636972879,58.76354691092012,55.71748417169127,51.336474684212526,49.55177647812878,51.80383965589763,55.432557749615576,58.125443837121495,60.09323393381013,60.93357937261503,61.83561363884657,62.33206603306325,61.92476292103577,61.68881814296466,61.30843363294204,23.69215857410143,57.93349582577194,54.75368965290728,50.66866127450825,49.20843073762413,51.122597074247054,55.819416979406526,58.006194884950986,59.85186580276508,61.174469670493735,62.16284690000789,62.67175719198836,62.662168749026506,62.63831989419656,62.2441521478208,61.72838693778353,60.53497930714465,58.721195456217416,56.659494690648,53.51053817218688,48.01225290173022,37.33758835587203,46.67882365176246,51.93594829380682,54.949347876900674,56.74964881573607,57.77584850724889,19.54242509439325,15.314789170422552,18.63322860120456,20.0,18.69231719730976
17.634279935629372,26.60865478003869,16.532125137753436,11.139433523068368,47.41467697685545,3.0102999566398125,54.1445522637772,56.4737221043336,57.95530356422604,59.14726500064636,59.79752272249605,60.14394516273535,60.24111964449738,60.116655804579615,59.775928401076015,58.74886352262516,58.1549938231112,56.61938508629334,53.76467457249595,50.48418495528794,45.05109261303588,44.36114919749989,45.76410463191415,49.77586438003851,53.29432458809619,55.41661602331825,56.56107788981672,57.481414929616285,58.0887305413484,57.93069919878696,57.64601248800513,57.75803344034647,22.14843848047698,55.86111119963684,52.67171728403014,51.0407720615511,52.21362067203571,52.39799818447099,54.3591599956206,56.31976163587885,57.44753638637586,58.40523243518328,59.03659624756379,59.39298055544143,59.01115982069505,58.46872535535263,57.6148054030502,57.00906110034733,55.01712267785792,50.95824658895108,47.68697285559767,36.178387477170034,41.43764014612251,49.065612901603885,53.96487037287277,55.76037122338447,56.91530590993342,57.36525576132796,57.76132161579966,16.989700043360187,18.63322860120456,9.542425094393248,15.68201724066995,14.14973347970818,11.139433523068368,15.563025007672874,12.30448921378274,13.010299956639813,15.563025007672874,16.989700043360187,52.97351184418165,53.69990956324455,53.86809192463684,53.839391760961554,53.550375266263295,52.753689494602575,51.28741657637846,49.71285128435586,47.95532442710154,49.389448054529566,47.03480534515346,48.992184178513725,51.38776215729349,52.149100464293376,52.694125311981054,53.52230770373165,53.89722333975843,54.11163288676522,53.38631769764124,53.37357414781394,53.50503866491711,53.44339211841849,53.32587912298116,53.62356164152661,53.65474880980394,52.80946954513651,16.989700043360187,52.07723209621175,52.43856232806506,51.421296878488725,49.39983250489399,48.17016370621363,45.92332231423831,44.80955027738318,45.93507589331765,48.923896000109536,50.369201900874366,51.88208279236416,52.95490129563044,53.75392895566932,54.1902340970115,53.64867924037449,53.32135358019922,53.09325628759371,51.682174884282105,50.772079682462106,49.77183830529139,49.376833537720486,47.38939031203479,47.920062572811815,48.782057255345,50.33685057800377,50.70543940520014,27.331972651065698,27.16003343634799,61.12216442500576,59.694201061645664,41.1965172203987,71.74214328563745,54.037191944157605,42.39999792886872,81.25846599267591,11.139433523068368,3.0102999566398125,45.694324359249386,50.88833944150202,54.004412768709216,56.682749990006656,58.49933260301845,59.90323312273428,60.76393193123202,61.23953508626951,61.38141584513705,61.3280541737477,60.73580893632868,59.860996250551295,58.70386345847962,56.75636302321037,53.74806980969103,48.59798547480565,44.58335625991947,49.67342011900145,53.7900258465525,56.64350468027745,58.65272801204724,59.831502416019006,60.55979275641171,61.044997439084085,60.979791449894016,60.31219353486357,14.62397997898956,57.842013403300825,55.855114882348296,52.645533893586645,47.25233538494038,48.99273187317604,53.82308876890786,57.27388332424897,59.6611966532364,61.4744443254818,62.526785502745845,63.31912948773648,63.74899498162392,63.90515616200875,63.785492416484246,63.15932788899613,62.31580698513768,61.18008307509547,59.10544367818869,56.48143297650228,52.41758097786695,47.01438454464351,48.02807920361629,53.17750028842234,56.65186851786512,58.80052338704908,60.39255443806486,16.989700043360187,22.09515014542631,18.06179973983887,21.613680022349747,13.010299956639813,16.020599913279625,17.16003343634799,24.345689040341988,6.020599913279624,18.69231719730976,16.989700043360187,53.95756105731753,57.44112967926253,59.98479482130296,61.65552942529723,62.78442854964415,63.52371636302952,63.98264045157952,64.12641451780746,64.02256222489588,63.46967789575373,62.894759053346725,61.79510715075307,59.66470263729285,57.137743797897,54.052455880666855,51.164118024351694,50.821963405115376,54.10954288234885,57.3278605612164,59.5456714383983,60.73675835050065,61.38042991392283,61.93122649592799,62.03886486614217,61.85387163677461,61.65627096481457,30.884904701823963,59.56956555126524,56.16752701695879,51.89456624391538,49.25028314763132,49.75165175566438,54.37409650533984,57.5576817375055,59.41805997050069,60.92525554238911,61.87347250413037,62.60575306640656,62.68164305998495,62.70465711767592,62.30226607899528,61.85223895606122,60.72553172686472,58.86030241785916,57.130619173622,54.16537329343942,49.255286689401686,38.992731873176034,46.415236846702285,51.89818647566669,54.64203301644198,56.53259801044446,57.67375556091178,20.681858617461614,13.979400086720377,16.020599913279625,9.542425094393248,11.139433523068368
17.24275869600789,26.60865478003869,14.14973347970818,16.020599913279625,12.041199826559248,20.0,54.51516260235578,56.607232185228014,57.59193260374411,58.95948243450714,59.58829443083157,60.116888329655104,60.18242667457909,60.03386419981816,59.59234634229431,59.32908855848329,57.88217173479282,56.54407590552626,55.45817823533306,53.17131107558855,49.33816174257383,44.42071936603031,45.76410463191415,50.28347541558745,51.690216204224754,54.37376337774306,55.83629453048577,56.805394660566336,57.63454948935621,57.80622579389325,57.72574726916351,57.10284108951421,15.314789170422552,54.82463381669441,53.33954830273402,51.55773148924141,51.52046662612735,51.212872988071965,53.3904776735184,55.60410019066164,57.13191390113476,58.614256742824935,59.36321182682023,59.64426054279517,59.63457260116708,59.444930358721024,58.996126039296286,57.18989684491584,55.568149071280345,54.35470087438645,48.64659380353636,40.05223424858136,39.09395545967106,46.69075021872658,50.3422726077055,53.10193958364956,55.13976286239967,56.93425299639976,57.43053280525106,13.979400086720377,14.62397997898956,13.979400086720377,15.05149978319906,6.989700043360188,19.912260756924947,15.314789170422552,10.0,11.139433523068368,16.989700043360187,15.563025007672874,52.247013611867246,53.40787052215417,54.7400197870676,54.76618630028245,54.56069822262562,53.64785432326954,52.77989485154336,51.7905747125471,50.32151179361912,48.83099043021236,47.72042847107852,47.65757937220531,50.60641189552578,51.584861277851566,52.37093628165663,51.08365418879045,51.85726258953287,52.11561022536963,53.91818685453415,53.436547227318975,53.638694721326,53.64297661199437,53.07489619720735,53.76797697723031,53.85695625410561,53.44944125407592,20.043213737826427,53.01648424774528,53.65626487767308,53.07808275370133,50.75492214940131,51.0770505449186,49.85336641735613,47.34863809329962,46.97447307372525,46.03761260608288,48.406078790092906,50.09200105451732,51.49111295678488,52.69372826622927,53.38878629801741,52.81601443825656,53.02817775635442,53.40327097367046,51.57716602189155,50.48228099848808,48.900463690858885,48.14474009285428,48.29541765325416,48.67644233903098,48.37796698146687,48.98911581132665,49.73737286136624,18.63322860120456,26.074550232146688,61.12216442500576,59.694201061645664,41.1965172203987,71.74214328563745,54.037191944157605,42.39999792886872,81.25846599267591,12.30448921378274,16.127838567197355,50.07585633882447,53.56517269295777,56.247202954866,58.18553141206377,59.50299607927472,60.31213290881709,60.80101336926136,61.06604249504369,60.86916580920808,60.61685020721431,59.52176635101025,58.11159278285884,56.33074381849491,53.16484061545091,47.61702367541413,37.26727209026572,48.2099573472476,53.28448921908232,56.49743643131735,58.53299012704069,59.85269255278848,60.67505305298841,60.9482736252507,61.20011946025238,60.83427005875494,59.84607414161435,21.613680022349747,56.56888416324128,54.30437891529148,51.11534702749835,49.49633923799262,53.546922303249225,56.84275200359647,59.2132901067513,61.05688975102333,62.09464880125487,62.94622279589807,63.45332161784134,63.80125279088397,63.66782385602562,63.26013092994681,62.42606021072093,61.31798567410442,59.69479747087296,57.20513212571632,53.55729211213494,47.28069571159562,43.81962977655999,51.72982189505869,55.91313976352793,58.38920208503068,59.829944546586646,61.06618179691591,18.06179973983887,18.129133566428557,19.54242509439325,24.16640507338281,6.989700043360188,17.853298350107668,19.294189257142925,10.0,21.84691430817599,18.129133566428557,14.14973347970818,56.419101690776266,58.93429951937844,60.68086370931265,62.1472863880456,63.05373728586947,63.74300993942989,64.05771395243579,64.10268937990155,63.75829619867281,63.269371062911375,62.24052146129479,60.91429525275041,59.122188670875445,56.19173709426306,51.9165497877033,48.86456882725468,51.394571752911176,55.74123907335984,57.720758793049896,59.74169372494772,61.10424377599739,61.825310574299934,62.06755196271875,62.12865959214291,61.96306923659839,61.0797067554985,33.77670439334323,57.070632034107774,54.66780159758183,51.37306627599863,48.95312024475787,50.51299192702798,54.62105874074001,57.97376274002105,59.73259508033245,61.30226951087296,62.121836078105815,62.65319096527683,62.82230686369033,62.74354623241976,62.46744709723841,61.552136281344005,60.439506332748,58.902672837657306,56.21817898471385,52.76153782477645,46.835243196060965,38.85643871835764,45.48954186430289,51.23021443470265,54.585623129819936,56.9117700871429,57.9362068343817,15.563025007672874,6.020599913279624,3.0102999566398125,15.68201724066995,21.13943352306837
21.072099696478684,26.60865478003869,12.30448921378274,17.634279935629372,9.030899869919436,18.325089127062363,54.74980707014499,56.66032872347894,57.76276849702089,59.00483471215861,59.5954936285038,60.11108416444607,60.26951832126788,60.0262301884501,59.49011664114023,59.28823790155541,57.87705537322429,56.48286809112864,55.5585953584301,53.0666087655063,49.40342134494455,43.7520622109933,45.84930227950731,50.29188910280549,51.84978027360988,54.600027853594106,55.85258763821252,57.12218559834003,57.81134715775009,58.02818178357525,57.95112897336441,57.29466908168865,19.030899869919438,55.25802540467696,54.015728456764464,52.10513814770457,51.63811137275266,51.46503228081368,53.35227151799523,55.37306451021904,56.88784547370221,58.37472274177024,59.09235003368308,59.48101805585755,59.444101191710416,59.355334637735744,58.81287057951365,56.83776256661109,55.03305745218445,53.85599124659112,47.74954689080139,37.33116981442065,41.560643123398656,47.75887026981543,51.06928265476111,53.69679599559816,55.52552632173086,57.391861332357536,57.79574848136385,16.127838567197355,13.010299956639813,0.0,18.129133566428557,16.127838567197355,15.68201724066995,11.139433523068368,13.010299956639813,17.634279935629372,19.49390006644913,19.138138523837167,51.64189220875209,52.77895593794787,54.32643848747735,54.449390212076594,54.050132107058026,53.33108574137177,52.4831664034178,51.43651714821732,50.38620161949702,48.72930899174456,48.13747736307582,48.203985227039816,50.91529790310688,52.26406556024716,53.03325678218915,51.8077081387463,52.48024789769349,52.43633244506138,54.16553972614003,53.76074856070328,53.94551487040331,53.78837424342533,53.16433765175414,53.57576596812975,53.66833708239003,53.39352049045587,13.979400086720377,53.05235255400873,53.03776888819605,52.470349625615455,50.46978745101218,50.489271030554825,48.53564374929077,46.82587271751483,46.38059742039357,46.56912339781424,48.30062321090957,50.26635391386061,51.93939527414894,53.012384070005744,53.73239440595073,53.29448730538655,53.333847960866464,53.73107023647053,52.1986209259321,50.81538124978727,49.68375529108147,48.661336839254965,49.1178062734744,48.8505009042747,48.81190579083962,48.57778625427297,49.55076518624488,16.989700043360187,18.06179973983887,61.12216442500576,59.694201061645664,41.1965172203987,71.74214328563745,54.037191944157605,42.39999792886872,81.25846599267591,10.0,12.55272505103306,49.9965242536608,53.60093327395827,56.31535083018744,58.25195601383139,59.62708776749356,60.45687476646919,60.96565915497781,61.250679200015895,61.06328611734413,60.74768548629927,59.73280291927545,58.34181553330745,56.68062405270644,53.59049628032427,48.91336710367322,41.91171455728559,48.36532982643699,53.10278995344332,56.40466529581326,58.3398937439374,59.72581407754136,60.60602662786437,60.79580974869464,61.04795651224434,60.59890813843632,59.73844771468667,20.170333392987803,56.261719557777006,53.35096674261542,49.64476487513508,48.29258732549291,53.45618748608974,56.860961931226456,59.37931428265544,61.17909008044852,62.29737629068666,63.00306075192119,63.63108771705991,64.00249860755099,63.955800797611474,63.4442567966812,62.55220627941909,61.48813890159687,59.94512915071445,57.60954469797123,54.16683768235396,48.81053530833348,44.86203708021318,51.57033449661202,55.72278978298784,58.30548252399336,59.71210885303255,61.02558898919271,23.69215857410143,12.30448921378274,16.989700043360187,22.14843848047698,20.644579892269185,20.644579892269185,16.532125137753436,21.613680022349747,15.68201724066995,13.979400086720377,6.020599913279624,56.46565453644808,59.0424638371708,60.690361717331065,62.126206171933305,63.10634057366976,63.80901402217841,64.07140114123769,64.14962824553953,63.83217710293268,63.34391417377155,62.26994585840416,60.96800557006581,59.206309244067256,56.4316930561244,52.68807226337297,49.032311097673535,52.09721389421045,55.91359604346973,57.74629356815058,59.85284979720674,61.07148214010679,61.861143212605896,62.2952058343536,62.091355113145255,61.92516717641588,60.6699679265941,38.996563803056354,57.51028003035649,54.58293297979086,51.65615232699998,49.12992153036452,50.27859044175579,54.66289164135866,57.9134953428678,59.74757094185396,61.34380177262756,62.15487662357375,62.670238083375736,62.92926051806706,62.85298005061095,62.55928758794088,61.52173638792241,60.32381002140569,59.0355931421617,56.31631449200054,52.91220063565423,46.8131361375804,38.78808932359205,45.44477329086429,51.44636467588492,54.57957551203638,57.01164585987711,57.99729861228392,20.5307844348342,6.989700043360188,20.37426497940624,18.63322860120456,12.55272505103306
19.294189257142925,26.60865478003869,6.989700043360188,21.613680022349747,6.989700043360188,15.68201724066995,16.901960800285135,17.16003343634799,13.979400086720377,11.139433523068368,20.96910013008056,10.0,13.979400086720377,22.30448921378274,10.0,11.139433523068368,15.68201724066995,16.532125137753436,13.979400086720377,19.54242509439325,11.139433523068368,12.30448921378274,20.37426497940624,9.030899869919436,17.16003343634799,13.010299956639813,9.542425094393248,11.139433523068368,0.0,25.118833609788744,16.020599913279625,6.989700043360188,13.979400086720377,14.62397997898956,16.901960800285135,16.020599913279625,17.24275869600789,15.314789170422552,9.542425094393248,16.989700043360187,13.010299956639813,15.68201724066995,15.314789170422552,12.041199826559248,13.979400086720377,16.127838567197355,19.294189257142925,15.68201724066995,10.0,0.0,9.542425094393248,19.138138523837167,0.0,3.0102999566398125,12.30448921378274,0.0,3.0102999566398125,47.41467697685545,12.041199826559248,18.69231719730976,13.010299956639813,9.030899869919436,12.041199826559248,19.49390006644913,47.41467697685545,12.041199826559248,19.138138523837167,16.532125137753436,11.139433523068368,47.41467697685545,36.428600525844914,33.58886204405869,30.43362278021129,22.576785748691847,22.04119982655925,27.97959643737196,31.832698436828046,34.15140352195873,37.4170298395774,36.90196080028514,38.799555851227495,38.32508912706236,41.17933835039642,40.43794392325779,39.11902996044033,38.276277047674334,36.29919035503542,37.3471984165568,34.66125870418199,32.55754786643044,28.12913356642856,30.6333335895175,28.88179493918325,30.44539760392411,32.75311354541812,36.85920792194536,20.644579892269185,38.2588029893618,37.72101569277012,37.81898919351149,33.4966598409663,37.38780558484369,34.34568904034199,30.090257420869104,26.884198220027105,20.681858617461614,24.712917110589387,28.457180179666587,35.29558673021163,35.622928644564745,37.756104480063605,37.37033531333878,37.77136712504173,36.97316541732384,38.38408278494187,37.06290957258764,37.49504423876142,34.881274962474585,34.13802516769351,29.68015713993642,32.41795431295199,25.31478917042255,31.309766916056173,25.68201724066995,26.28388930050312,61.12216442500576,59.694201061645664,41.1965172203987,71.74214328563745,54.037191944157605,42.39999792886872,81.25846599267591,51.629017945319646,47.08293397717032,45.83980480456036,50.4588993018164,55.71126277084311,58.988183913614336,61.56110698480088,63.317308928154574,64.74077646637198,65.68281650371888,66.27523157423973,66.54480152977075,66.41826559044945,65.93255155675396,65.0334295204327,63.67217595778396,61.49538401908246,58.362658682260246,52.67476801134049,47.50199727829183,54.71621708148321,59.24719561505849,62.18913707086857,63.995852963520974,65.1866657414344,65.77560270500582,66.00160582678227,65.76907292086435,31.061908972634157,64.21327798901441,62.68254236344369,60.11641903898361,56.56252526492306,52.299223395420285,54.7717915679053,59.19104253906271,62.42617199615427,64.62538147570866,66.2624477100048,67.29421806236529,67.91419182763828,68.28964247052068,68.27803996158589,68.15597138409555,67.48334731717793,66.65316206422497,65.12191667416013,63.25614989683181,60.22560330465442,55.2982545443862,48.84143716693356,54.33046207070706,59.575670638783095,62.5293090585707,64.40826306460814,65.03338727252893,65.43578629017,18.573324964312683,27.63427993562937,20.253058652647702,17.634279935629372,6.020599913279624,18.06179973983887,18.325089127062363,3.0102999566398125,16.989700043360187,14.62397997898956,21.13943352306837,16.532125137753436,23.873898263387293,22.30448921378274,19.49390006644913,18.63322860120456,24.74216264076255,13.979400086720377,21.13943352306837,15.68201724066995,6.989700043360188,12.55272505103306,18.63322860120456,14.62397997898956,25.514499979728757,19.86771734266245,15.314789170422552,28.99820502427097,15.68201724066995,27.551122663950714,24.84299839346786,27.97959643737196,30.751818546186914,35.47651658359969,22.380461031287957,33.473300153169504,25.118833609788744,30.96562438374136,28.99820502427097,30.881360887005517,32.92256071356476,25.71708831808688,23.521825181113627,21.64352855784437,21.613680022349747,18.325089127062363,21.84691430817599,18.129133566428557,24.84299839346786,18.63322860120456,19.912260756924947,10.0,21.95899652409233,10.0,21.613680022349747,6.989700043360188,6.020599913279624,19.138138523837167,16.127838567197355,9.542425094393248,11.139433523068368,0.0,19.030899869919438,15.68201724066995,15.05149978319906,3.0102999566398125,6.020599913279624
13.010299956639813,26.60865478003869,9.542425094393248,13.010299956639813,18.129133566428557,12.30448921378274,54.00993629985111,56.27482608753964,57.9094982256541,58.92817824309576,59.67933896239486,60.08416622272308,60.262463638275975,60.07835225354117,59.860592654066174,59.25087665232969,58.23221795513933,57.00728805145423,55.466721922300586,53.109077520223806,49.86744869859179,43.217640810754965,41.41136090120739,47.83703529167311,51.95135507441496,53.99646036488238,55.98922853427457,57.13131702926247,57.56522005390551,58.01454477652892,57.939083682893376,57.32806947214407,17.24275869600789,55.27301156025223,54.62441425175819,52.90413062122933,50.59336177389288,52.50327277858672,53.66841172844531,55.05141835222028,57.03920434320175,57.797061331661546,58.73555998872391,59.27557695545134,59.54752264899674,59.42970375308601,58.80133045616997,57.79758780297772,56.38499240621076,54.547061683991856,51.48457660145485,46.95569227036185,41.19420863442087,46.28480888557099,49.66634436074877,52.94565419156153,54.99799764668252,56.37750828106576,57.0988025857601,22.09515014542631,18.325089127062363,20.96910013008056,13.979400086720377,12.55272505103306,18.129133566428557,12.041199826559248,16.127838567197355,14.14973347970818,13.979400086720377,13.010299956639813,52.783351052228426,53.34196315173089,53.73279893277496,54.03431110884143,53.97740187247911,53.75789769611799,53.12923819593323,52.21322935111285,51.37053293103254,49.12083825765895,49.28933266315448,49.23891349920049,47.359181165312975,48.757844850107965,50.287989129645965,52.65742074899698,52.83620046662051,53.50747944665444,52.95083059251657,53.62446659059291,53.30778914230818,53.35746665662225,53.35618349377605,53.32458659189203,53.30287931483937,53.937243293038016,13.979400086720377,54.15947746276668,52.67964472197286,52.1726542596381,52.66478652034817,49.959859979138,48.57814777971007,47.91381832348459,46.04334073102911,45.51693915127225,46.43107077494116,48.599364730022366,50.27675715904893,51.59774666654592,52.35649628459348,53.7591954370465,54.06369835469268,53.1928307373836,53.6188641895847,52.93161384473248,51.92570240840321,49.861310133,48.35519355980416,47.65817515309919,47.42332282357148,47.37256270934565,47.8659527514684,10.0,24.29752280002408,61.12216442500576,59.694201061645664,41.1965172203987,71.74214328563745,54.037191944157605,42.39999792886872,81.25846599267591,13.010299956639813,14.14973347970818,52.9593197390526,55.62666316083366,57.71855617185916,59.11660353207842,60.15456999656213,60.73312085880677,60.99963634321129,60.939862511102376,60.57617804026904,59.60254289862554,58.41437686480623,56.34208145895144,53.17062051518703,47.843890319446686,40.41471640613747,47.42206495605057,52.71667389318716,55.997783049900576,58.061562228549576,59.47724787897549,60.35495777946181,60.80119032726351,60.98041525148914,60.51159471103503,59.8112789679398,58.86730930744197,22.14843848047698,54.480567108862125,50.37207303217077,48.93900403553743,52.634230108673854,56.0933183246172,58.80608396814357,60.685813721245154,62.0265856853505,63.02202093416643,63.54401200975264,63.82222427906386,63.79649371833927,63.48843015693937,62.81074293595073,61.90464487921811,60.35293624576835,58.42919250140813,55.22022776467355,50.565771020344,44.74478510408296,49.05526048435048,54.39929241439256,57.33203687158635,59.371310673191886,60.7129641927788,61.584387885207406,16.532125137753436,16.989700043360187,17.16003343634799,18.129133566428557,6.989700043360188,9.542425094393248,17.24275869600789,21.13943352306837,11.139433523068368,19.294189257142925,11.139433523068368,57.620247549210205,59.844125364240135,61.50833163556632,62.60445626718034,63.48534024373551,63.92172846346365,64.16313082315723,64.05154018892674,63.67074377139205,62.91156758165015,61.83204338591583,60.22838138604888,58.02096107898403,54.68022226494092,51.13702753344842,48.69354947978064,52.69667021376841,56.39212478573733,58.85662520385151,60.29838939467956,61.51659691814199,62.17257789000543,62.23024528907111,61.909591504560666,61.767329615144064,60.90642080241422,30.0,56.719361224313175,54.26161407701926,51.33158734348151,47.90179569070148,52.46589664757457,56.25589199769424,58.27819490881329,60.23517895033362,61.46537320414392,62.23056751861456,62.66428331575966,62.923989661828905,62.83988543668506,62.3515509621572,61.44558018553002,60.28795661515112,58.60281694394403,56.32170705017072,52.74619619091239,46.85741738602264,34.85863329597335,47.61521906519292,52.53640839507475,55.22480749224879,56.740689560045766,57.62602049151422,14.14973347970818,20.644579892269185,9.030899869919436,19.138138523837167,11.139433523068368
14.62397997898956,26.60865478003869,16.127838567197355,11.139433523068368,12.30448921378274,19.030899869919438,54.61379957509453,56.5622569139134,58.00443496554098,58.8822949389754,59.65476870899395,60.01876003126796,60.14912235133865,59.89044257180456,59.55085187763423,58.99529963993285,57.79877032776113,56.38131690431162,54.6425102237956,51.709302488315465,47.78447916930081,45.43074235033532,46.93586263959054,50.785583107465385,52.49697203598076,54.92763181908416,56.06615648928464,56.997033425140685,57.80842037601828,57.71561760480277,57.4400570601273,57.08918651119478,11.139433523068368,55.17718321037514,52.761974704899245,50.89145314564689,52.53476123904776,52.08293520657507,54.12650352278171,56.318758191016784,57.37734774587792,58.71882201849058,59.40509014206352,59.565645914886346,59.33464003371181,58.91832833551477,58.05884689091122,56.96779990578352,54.823089195769626,52.58792873048995,46.83200185635447,32.94906910605192,43.07431851719747,48.272723215003694,52.56777860100623,54.53715751700767,56.05758501578138,57.16751856209434,57.46248766720507,13.979400086720377,17.16003343634799,13.979400086720377,16.989700043360187,15.05149978319906,12.55272505103306,15.68201724066995,17.24275869600789,13.979400086720377,19.138138523837167,14.14973347970818,52.76208966604858,53.51815625616891,54.47111497297647,54.38043691899813,53.9487526155075,52.9331171828542,51.91680118422937,50.4489238347436,48.47455433164086,48.84143716693356,46.294197936892125,47.60821910929019,51.48556385173586,52.34074158137412,53.07756964080157,52.37797505091308,52.77721497569483,53.11711488795424,53.79747747023106,53.47800165102619,53.603434424611216,53.80914590832364,53.33237633994193,53.78619534455662,53.76839644005421,52.93782280330024,3.0102999566398125,51.9907468840142,53.07307731506867,52.34502098125461,49.27313890817926,49.41337481247457,47.74699404076918,45.50925111735541,46.652056284346,48.12124228619506,49.64589587489903,51.179669354917664,52.70259475526625,53.46482069837435,53.91741157723854,52.921231037128685,52.44727266895793,53.19738814068195,50.5065811051804,49.35114106832803,48.20733325096435,48.77008322140324,48.38553166162376,48.95654549812875,49.783677118536914,50.709572275094175,51.04084041079007,28.90979596989689,22.14843848047698,61.12216442500576,59.694201061645664,41.1965172203987,71.74214328563745,54.037191944157605,42.39999792886872,81.25846599267591,19.138138523837167,6.020599913279624,46.58135463071869,51.03930229267298,54.32882743867508,56.69518636484209,58.60494324448949,59.79380815791976,60.56736053225344,61.08424633279113,61.210691392883696,61.31746945100879,60.52394179150446,59.55678612238237,58.49043312910893,56.47627436477339,53.191477162549816,47.05897907353573,42.07715133805567,48.919888001222574,53.65010372823721,56.64563945945034,58.48725954970238,59.87088608836586,60.49882914633757,61.07148214010679,61.008683196833786,60.30095113059447,14.14973347970818,57.99583135114737,56.4006085222471,53.50189849999335,49.67159370922279,50.86452375375495,54.44508524729773,57.3625304187501,59.71320853419789,61.29759798963317,62.42599065388801,63.15080284250045,63.7017729292326,63.77215338471742,63.49534142024274,63.0212823950146,62.01503363245503,61.07389757487648,58.89219318836335,56.33893452160266,51.96375179562197,45.98626384641655,48.10481191304886,53.626671614274805,56.81944586496344,58.79615345193014,60.21239757021287,3.0102999566398125,17.16003343634799,17.16003343634799,25.276299008713387,19.030899869919438,19.294189257142925,9.542425094393248,16.020599913279625,19.86771734266245,6.989700043360188,13.010299956639813,54.649140959550245,57.6855004965887,59.92149077841336,61.472544983299535,62.71014498697724,63.43829881552729,63.97651193687727,64.02798543292366,63.93449195723364,63.557598421141805,62.66442675852285,61.48850576047992,59.76788637879983,57.44289853061077,53.95230260915482,50.82131642218204,51.19918705347781,54.65437878427366,56.867256210745424,59.38816825053966,60.57101382258848,61.589643568571965,62.20594696068132,62.051840566865046,61.86792808905639,61.07045042149334,35.24915147539867,58.38609848181629,56.05319055414572,52.51628488249936,48.98044692737439,49.540494467635945,54.8170771088358,57.47023177451628,59.38903815836663,60.8419078224346,61.96603082080459,62.553441577816365,62.62175711951742,62.66982240775601,62.309238308788615,61.683984743099394,60.48526478834616,59.146287136704856,56.74613164014435,53.414938773990286,48.18027841859256,41.04008850999243,45.263004993656295,51.23001813306024,54.34022499006026,56.75251187846068,57.64218737504345,47.41467697685545,22.576785748691847,10.0,12.55272505103306,6.989700043360188
17.634279935629372,26.60865478003869,20.5307844348342,17.853298350107668,16.989700043360187,20.37426497940624,54.32046838379681,56.40657305528728,58.04006464691743,59.06119996639668,59.5435541132801,59.99515491488958,60.21166549715541,60.05112273128489,59.75398718145279,58.72888417902404,58.244694872507765,56.90480494079979,53.98387969469327,51.20027429287908,47.03050514397927,45.94282028811806,46.405311245720895,49.525648266549965,52.876606732504015,55.0145364716397,56.05220981009015,56.95447526992781,57.44324282497985,57.468598489077216,57.09837057374134,57.12764151757583,17.24275869600789,55.13240246735722,51.52239407036461,50.82185558131955,51.9951932202534,52.833577737829735,54.87706688752986,56.706780764442655,57.95319589738774,58.89951816824095,59.408998096948864,59.771490423684845,59.35557645093014,59.068826833322674,58.21615703321584,57.44949796767004,55.92669640645433,52.0779588520471,49.414120403735495,41.28011332575974,35.87598729721245,47.11343171558508,52.75725867573664,54.72693567112762,56.05547450583951,56.494283290795096,57.06678531945914,9.542425094393248,13.979400086720377,11.139433523068368,12.041199826559248,19.294189257142925,15.314789170422552,17.16003343634799,14.14973347970818,9.542425094393248,10.0,21.73186268412274,53.95941135477766,54.73121863290729,54.66582938193704,54.66220885141213,54.27060694698764,53.5785102769656,52.159546438691294,50.60395617319909,48.50376631669742,49.07996833515086,45.85968050007118,47.21785891862811,50.13486073261628,51.03078151176621,51.71837572031368,52.57546586878255,53.17938039636056,53.40689947148752,53.04570227284572,52.96939279561827,53.18272080211627,53.51991386487284,53.4682418255798,53.9292546917228,54.09880734455875,53.47821612080694,16.989700043360187,52.84539011956544,52.974453418279694,52.18968533454866,50.64457989226918,49.76666297985018,47.65489734629434,46.02602520420256,46.38948268236654,48.54991867500404,49.505303610908,50.73681699476283,52.29389996660619,52.849493214036734,53.47669510632038,52.657609167176105,52.456828976249824,52.23885151875885,50.65422847465759,49.822214672789656,48.78808932359205,48.43612697431523,47.20671881902534,47.984641833080616,49.266562190722055,51.1808276721116,51.45892211801503,23.443922736851107,21.64352855784437,61.12216442500576,59.694201061645664,41.1965172203987,71.74214328563745,54.037191944157605,42.39999792886872,81.25846599267591,47.41467697685545,11.139433523068368,47.61160759359931,51.20787735700152,54.08343437216648,56.48641966861951,58.26492691049257,59.642832068903154,60.435575683663714,60.94719824654344,61.09292297406505,60.93429040087149,60.25674858774353,59.3808571424229,58.16400401647697,55.86796525701912,52.40679018048192,45.156884345439,39.41958416530814,49.51575489711559,54.03549454032319,56.88547955568758,58.80737012555045,60.05510399491028,60.75492214940131,61.25850665507408,61.22202767298112,60.76071082959669,15.05149978319906,58.56958963223771,56.88053899380332,54.44110403797605,51.09078837744395,51.46639581358812,54.40916949647611,57.23233952857966,59.5050699926031,61.263551558209016,62.29415861081344,63.02038558334101,63.44484232191898,63.66551825499159,63.47133611250665,62.79824757694077,61.92103921441521,60.676547327343926,58.5209981961479,55.6107513428821,51.20554190098916,44.327288399232216,47.79747962914968,53.38683542367381,56.782360413955296,59.137698910832015,60.51821014214159,17.853298350107668,24.62397997898956,15.68201724066995,15.68201724066995,18.129133566428557,20.170333392987803,16.127838567197355,19.030899869919438,22.27886704613673,18.63322860120456,10.0,54.77705711176212,57.63967531249815,60.083148061630745,61.60866027240331,62.65877953200933,63.43156413147134,63.90449343739813,64.03190037060632,63.93580116472299,63.2935719413155,62.73550567639067,61.59541026503572,59.54451885410671,56.84961098263184,53.080626043367374,50.435037445830176,50.02757681928051,54.14560572113419,56.98471147872365,59.287900209113005,60.73068805330987,61.443976520338914,61.82487694509615,61.57919527170972,61.57754355830448,61.52474867445381,26.39486489268586,58.64571000070457,55.722254861664325,51.53491689990516,51.04248046990445,50.52693941924968,54.15604286800026,57.40673690886804,59.19206268818513,60.89067139120501,61.65552942529723,62.54134369907394,62.53588040426325,62.65047419119442,62.29282425119716,61.68447981737966,60.709461624469256,58.68203455637116,57.05607163404605,53.96216788290972,48.98209424939754,39.31508721866618,46.18435126515527,51.68641831510031,54.64039221612127,56.56519828567366,57.56448963827346,18.69231719730976,12.041199826559248,15.314789170422552,10.0,13.010299956639813
19.86771734266245,26.60865478003869,16.901960800285135,10.0,23.117538610557546,17.853298350107668,54.17959688827602,56.332835885872186,58.01894672288549,59.05355968197404,59.57768621191609,60.019261612430974,60.25801333775761,60.07320952922744,59.826329943948494,58.733165321023904,58.284001442778944,56.87986201066327,53.91217483239402,51.164118024351694,47.01878700943193,46.05865064892988,46.34487346481933,49.77618447578888,53.02956156907079,54.873335519343065,56.10636744618784,56.95363455249567,57.40786511965076,57.318175354100056,57.01955482555177,57.2006416181308,6.989700043360188,55.07301185222549,52.01443555839518,50.81667688846304,51.65926549609097,52.90651094484441,55.01038711519456,56.84128723185853,58.00993234738335,58.77673634015088,59.48197721488406,59.77775260402531,59.46786209267823,58.97811764610695,58.17568674680247,57.58628070702716,55.92621930913008,51.848163080073846,49.493997659618174,41.32419798097615,34.881274962474585,47.123129086813655,52.72864592561396,54.77286255274666,56.11337687231157,56.4675063108223,57.00845575040076,14.62397997898956,18.129133566428557,12.30448921378274,18.129133566428557,15.05149978319906,13.010299956639813,11.139433523068368,47.41467697685545,6.989700043360188,18.129133566428557,22.50420002308894,54.14607384239304,54.7860256506622,54.5401051843979,54.61566051774079,54.27466633570237,53.463920983173296,52.222611335228095,50.39636167342053,48.52486093235622,48.8482367427016,46.09391619991711,47.35359333001711,49.80185236947335,50.74238459173753,51.628182183868994,52.718625079069895,53.42984925480234,53.49118159763295,53.02921565722674,53.013794620805456,53.5260695413652,53.55920618908214,53.45934128311594,54.005742510355965,54.14734420294636,53.66738523270446,16.532125137753436,53.09538615312363,53.02296287663252,52.14061944159943,50.618293072947,49.458869213509445,47.59554535696884,45.917878286455945,46.23848616671376,48.299081473833695,49.680390876639954,50.97784669325942,52.208400158341774,52.88253698200674,53.24136293699385,52.804258397582124,52.59605823014383,52.18464604925165,50.77371539532397,49.89200560793263,48.79101616509497,48.503827608813445,47.293754038488665,48.119099804200985,49.50647151396568,50.68668143285899,51.41769497106213,26.90196080028514,29.618954736678504,61.12216442500576,59.694201061645664,41.1965172203987,71.74214328563745,54.037191944157605,42.39999792886872,81.25846599267591,16.532125137753436,9.030899869919436,47.58442540300173,51.29232159846659,54.05414666951864,56.51891215726646,58.21468983096574,59.64071914060042,60.48482589578461,60.9658260530377,61.080238480035376,60.94778484975706,60.34565092327959,59.361647592800175,58.09513926136654,55.98580419331012,52.41949709092044,45.31951274653981,39.737280586880274,49.44823065073231,53.94754530632287,56.88506138352179,58.812031396766514,60.04590466978879,60.74863961852098,61.239117196569794,61.21866991509541,60.754538883167946,13.979400086720377,58.58162291389164,56.935053494634325,54.5755643225521,51.19008310469197,51.31137273778607,54.46925311242748,57.22229873670192,59.5377370100669,61.17651054362813,62.27693927597013,63.02623751397117,63.45334514839895,63.63365245592021,63.462042716053446,62.78599284710671,61.95738075873753,60.66879158509871,58.5076872692888,55.646873642765456,51.202645507216985,44.492006087413685,47.59796225820178,53.46104455614365,56.86466450156474,59.13120546621597,60.60879450763643,21.95899652409233,3.0102999566398125,21.33538908370217,13.979400086720377,17.24275869600789,13.979400086720377,18.63322860120456,10.0,6.020599913279624,13.010299956639813,14.14973347970818,54.522235791455856,57.577944554223954,60.13000792208934,61.68064151473901,62.62763289804282,63.42654177034391,63.9231787912189,64.0562378964706,64.0320102126883,63.37607195729503,62.823558361593385,61.63663684789909,59.52434014333419,56.82940704166587,53.398328963462674,50.4363730959257,50.57095289612668,54.12166438061267,57.3549190957096,59.37971507814929,60.62375880459348,61.45304577666533,61.70292232313373,62.3600540384301,61.68264658139758,61.15156345031424,27.551122663950714,58.6077926513226,55.686909100746135,52.38490211951713,50.11671922174398,49.28201195546029,54.40820955403564,57.31467081226933,59.24046048667741,60.77306845366071,61.775786287796976,62.49234812130247,62.539289415744975,62.54095904857678,62.21663526956995,61.75743974183128,60.815046480295294,58.65159072628597,57.0860188927491,53.97990383910231,48.79554600938975,38.721562727482926,46.11564002088125,51.93995098259023,54.86930373593804,56.52165084545957,57.56140684430032,19.49390006644913,19.54242509439325,20.253058652647702,20.681858617461614,15.314789170422552
20.644579892269185,26.60865478003869,13.010299956639813,21.64352855784437,17.24275869600789,20.0,53.64832304539174,56.00673466717481,57.9945772421948,58.881671334855085,59.60940493799483,60.01368907993262,60.16174341152757,60.0427493188962,59.74705539158585,59.0644764202904,58.40336987359663,57.17397527211489,55.2513036110435,52.89368182097158,50.18700498666243,45.04892039388076,42.44029589030021,46.92741195785353,52.111018442911785,53.78283406558633,55.918311836677006,56.79618653543475,57.25811210495324,57.680939675933146,57.50670357260234,56.974403341989216,20.0,54.95479119101333,54.11944463714355,52.68215128299932,50.456241416846304,52.605865087875046,54.287080731277335,55.46943460600585,57.29069169560943,57.989605479214895,58.92825050447161,59.35291576498041,59.65168763033954,59.475297854362296,58.88688213705558,58.18070100479581,56.84536579787909,54.5359350992052,52.62235075373483,48.1360767250921,41.784013415337554,44.45432942295167,48.92239343395672,52.69012984405598,54.77260206722736,55.62808951679486,56.5074354181775,20.681858617461614,11.139433523068368,6.989700043360188,15.314789170422552,14.14973347970818,12.041199826559248,6.989700043360188,3.0102999566398125,9.030899869919436,19.54242509439325,19.294189257142925,53.35257256434532,54.10718199047149,54.0821621418292,54.4056276726192,54.303137551105294,54.07220892927397,53.557598421141805,52.50070962586449,51.29680226784287,49.70402670652186,49.30979578356865,48.922337773373705,46.76089749249794,48.17757024981028,49.28651846653694,52.1952689586112,52.56152266123948,53.25720858019413,52.31189145482667,53.19366349687304,52.7685915115788,52.96353614802274,53.25977215078921,53.09044326476074,53.31558880973168,54.06720673177598,17.24275869600789,54.2160721696708,53.00421557383072,52.27886704613674,53.15403504634351,50.55905587230721,49.10933742852524,48.57362654723139,46.36648345041586,46.52864939141423,46.96408815486136,48.43214084963353,50.27255806349039,51.152143076814376,52.05152917040966,53.31629717629932,53.50015298234692,52.588191982054376,53.26606186551256,52.48358317274963,51.8707491724783,49.686136842021725,47.48001860904084,47.03403162310714,47.17212671793928,48.20661134643595,48.31588255115634,24.74216264076255,29.268567089496923,61.12216442500576,59.694201061645664,41.1965172203987,71.74214328563745,54.037191944157605,42.39999792886872,81.25846599267591,9.542425094393248,6.989700043360188,52.75569320257055,55.40839815020267,57.413990210400286,58.82654863662363,59.86990617244861,60.42467220623992,60.79378443347992,60.61003627050361,60.22197758576453,59.19239745413499,58.053139149830415,55.7918202517656,52.5267102588598,46.41126932803509,37.1474876072506,47.77056898299486,53.148148872107214,56.36275210494925,58.194656238706095,59.63786411165587,60.49795018210801,60.85427946293807,61.130397485513726,60.761509040088725,60.02097779246458,59.08704255437903,17.853298350107668,55.2143623176694,51.9976888582758,50.49795405458727,53.18532870756847,55.95589904692537,58.58960458444476,60.4509129327468,61.75922430455898,62.75578990991236,63.35887970199897,63.59425838642806,63.52449768247229,63.11920979310534,62.47638706242694,61.593460798608646,60.01223419909859,57.91497664335331,54.61780561524559,49.58563883221967,43.39928207778514,49.58659427052933,54.2694208893944,57.36735040303843,59.34680210893603,60.70059303593528,61.62093715639234,9.030899869919436,17.24275869600789,12.041199826559248,23.838153659804316,16.020599913279625,12.30448921378274,12.30448921378274,16.901960800285135,18.129133566428557,11.139433523068368,16.127838567197355,57.61931595276961,59.66667263098043,61.48516897855399,62.46508428631583,63.38517250738428,63.81190195421311,64.01872665482033,63.87446957223723,63.52850817155207,62.67540604635379,61.73088905581969,60.14489036564994,57.64890150148906,54.69682135908872,50.94107608675488,48.427652081817854,52.7209235661588,56.00398899513135,58.86827313934728,60.34235288320794,61.43441074414725,61.85434771972095,62.348393417357286,61.95078142331383,61.78812401924563,60.644688464532514,34.35366506612661,57.710992682705296,54.9349290469144,50.66027594948862,48.64534812348904,52.80689888698952,56.41681292919343,58.35751431855978,60.328861845616885,61.3810303474007,62.06291446051501,62.68766998596273,62.726492930332334,62.53476123904776,62.04368545102601,61.33707803304858,60.27268450331268,58.42921744297915,56.35877650156398,52.78252730703507,47.24840904125077,35.45183368215406,48.12492220946267,52.70636918300519,55.07916560783449,56.43460572677712,57.54901555749331,21.613680022349747,19.030899869919438,18.129133566428557,18.129133566428557,19.294189257142925
14.62397997898956,26.60865478003869,15.314789170422552,12.30448921378274,3.0102999566398125,21.33538908370217,54.11788004543869,56.2945955029012,58.16546193647264,59.10949737100534,59.71854985722328,60.11561985978764,60.31374931383131,60.171135093415096,59.83042325580014,58.70128140251381,58.3293916198673,57.01388358943325,53.59290850517583,50.602784493324016,45.88036283454229,44.97385832537447,45.55263778314127,49.49048292315664,53.351870090397576,55.27455890481004,56.51031714709372,57.3178210002384,57.834018508732726,57.74155511542226,57.38390469321238,57.48908667832734,14.62397997898956,55.43275665135168,52.24382833406036,50.97010757641932,51.89695200702544,52.7460577313784,54.76954743251529,56.6118586533156,57.739209530797865,58.64059939979789,59.32060074714333,59.65466055546763,59.28159179229504,58.803710722632616,57.88137955315973,57.49583280944979,55.64450638636127,51.74565656616793,49.2033207153959,40.95378599560064,39.28395852256714,48.59960455578727,53.41119819135193,55.5985876625796,56.59611992382495,56.87136402800057,57.31005823273824,10.0,17.634279935629372,9.030899869919436,6.020599913279624,12.041199826559248,3.0102999566398125,15.68201724066995,15.563025007672874,6.989700043360188,16.989700043360187,20.170333392987803,53.69679599559816,54.29301606990477,54.20978355694903,54.2544291776721,53.888912396812486,53.03509241483973,51.87873089603788,49.91447598003803,48.02157753186962,48.98648405576936,46.82920876290239,48.597685578743736,50.37808827492338,51.19430759899368,51.944061016552055,53.31164007951355,53.6761306650763,54.086774323140446,53.174553148579456,53.29163887224392,53.34686920767936,53.47747518029286,53.525143852844536,53.88104755520639,53.81809757158776,53.25548501023888,14.14973347970818,52.762319579218335,52.66478652034817,51.77931657935193,50.11671922174398,48.65346827243361,46.71061708373563,44.92173485618879,45.75741909831947,48.09748204663544,50.05635167864966,51.302211590311735,52.51224409571832,53.2605921738876,53.64307046581609,53.28022642064408,52.97753947404971,52.77134554177305,51.68338350559157,50.46541986013574,49.624640460579016,48.75437488935152,47.67103896111721,47.62926018568294,48.88140164047304,50.88943656926085,50.99659927046976,18.69231719730976,29.29418925714293,61.12216442500576,59.694201061645664,41.1965172203987,71.74214328563745,54.037191944157605,42.39999792886872,81.25846599267591,16.127838567197355,0.0,46.568357800788114,51.02193508039744,54.23403174768048,56.63479482385285,58.54124389760574,59.87517006403068,60.73812528894935,61.24006392027687,61.43991644527597,61.28855296923817,60.67804480292355,59.705741936041846,58.46634582375344,56.39424727404959,52.92415578809436,47.24218506164001,41.10758008879888,48.92717757737095,53.68638270151174,56.74093791149683,58.65480634300109,59.8957661670292,60.66700412745254,61.13571704514898,61.04180060388743,60.520009801013,18.69231719730976,58.10514784887921,56.44088846545443,53.29960978186116,49.2404139298798,50.39132430507244,54.17426849775346,57.32220811847505,59.69476485686033,61.453819597447335,62.568545536410895,63.31164007951355,63.67583260340628,63.7291292308456,63.56986173433743,63.141454170322206,62.19313072830205,61.07496577271935,58.95927271919064,56.2111082097497,51.64534269693047,45.57483140603018,47.198779549140426,53.154182098532615,56.645554840602905,59.10698025968798,60.51362863051337,16.020599913279625,9.030899869919436,14.14973347970818,19.030899869919438,16.127838567197355,19.49390006644913,24.424797690644485,21.73186268412274,3.0102999566398125,18.129133566428557,22.380461031287957,54.20351882127959,57.44462755165031,60.11545493148907,61.717767528621465,62.83969572916838,63.51475103880327,64.03431110884144,64.20925634858202,64.05578730083789,63.47966838743127,62.87303796841742,61.69670026446976,59.4265330729316,56.95733774297085,53.58614328904606,50.31529645803423,50.07803234462482,53.95689755113025,57.186843364699335,59.47785034770613,60.60984757562057,61.68948926853694,62.315146996626055,62.114956459775705,61.91799930770456,61.7783910206616,35.470358997400105,58.56552479052544,55.52677948092382,50.92194120697316,49.075457132835936,50.099477978647904,54.137187650610784,57.49652848822808,59.41468199796205,60.91327125506759,61.95025204517242,62.60395079201962,62.74767281800605,62.68028438390074,62.25540068592012,61.90590796605549,60.80996417479113,58.88723004984296,57.20341255353961,54.1432141717754,49.09823369650912,38.14846668604463,46.24663612196977,52.235893833978096,54.97738010809405,56.37779829374158,57.611494686706365,6.020599913279624,20.5307844348342,10.0,15.68201724066995,16.532125137753436
14.14973347970818,26.60865478003869,16.989700043360187,10.0,18.573324964312683,20.0,54.38702114450959,56.47369275928569,57.9798868793834,58.96597308102432,59.811247217039664,60.10764538872715,60.22235308509756,59.996263460513255,59.54277734118765,59.148390592999085,57.728642358152136,56.32200081304981,54.872529462039736,52.38196699379014,48.7723884856367,40.946807133711545,45.64961804462294,50.13351327352918,52.84685595549335,54.80868923687168,56.28891398995185,57.24145561709057,57.87378283772715,58.11195502642488,57.70706240897182,56.7719892574209,21.33538908370217,54.298830330053946,53.77196935008914,52.133211510842045,50.92148458545485,53.01639751158056,54.8953803632945,56.15137487279439,57.78295991088834,58.584902767946645,59.39355487734488,59.5537694783678,59.63081051958262,59.23311386057338,58.46575228287015,56.77061004458078,54.76150245679268,52.82089396079587,47.1980344979416,41.66755638665237,45.46246452611649,50.36253515521233,52.23457000679758,54.659016126414926,56.17659674264164,57.23078682056148,57.48993825890726,19.294189257142925,13.010299956639813,15.68201724066995,6.989700043360188,12.30448921378274,15.563025007672874,11.139433523068368,14.14973347970818,6.020599913279624,16.989700043360187,13.010299956639813,53.40523430789915,54.13638348223296,54.50744721952533,54.28717783203831,53.90498828133851,53.19890621296686,52.39894817787287,51.00239547662093,50.03219190351752,47.04193429194155,49.10949737100534,49.32194630640787,49.72943008105568,51.45211949661432,52.32711567011204,52.97856767218264,53.220869181476914,53.35457900689384,53.866808495823406,54.0364547694424,53.87517959904777,53.58011032332095,53.54093065619304,53.52259719157145,53.2605921738876,53.88798994744606,18.573324964312683,53.3054769398775,52.10725062456114,51.22674513206199,50.44116234416188,48.43513078608807,47.10574276760383,46.71033920344041,46.809244488059925,48.06952872870882,49.89182751255547,51.35049920738958,52.11750425571376,52.75804120075954,53.05293316304316,53.93906719765574,53.44081671564599,52.19513796986981,51.87591217465447,50.77807428678551,48.99913477438847,47.46696458916454,48.58681537397669,49.32189553815486,50.46994335519323,50.10439892275444,50.94107608675488,27.752462597402364,27.17670503002262,61.12216442500576,59.694201061645664,41.1965172203987,71.74214328563745,54.037191944157605,42.39999792886872,81.25846599267591,3.0102999566398125,10.0,46.099037471885424,50.87529425531714,54.44389907251705,56.807025592368205,58.71858285332529,59.8318816387788,60.71780782813387,61.25424006623647,61.34485978151589,61.29462053366382,60.77486002787624,59.81119278638508,58.300783777050846,56.19223808164723,52.68233863131911,47.35958002142925,40.41116227969485,48.72092143996377,54.02615553498691,56.84404562418936,58.70909897095578,59.89368379816298,60.74533033190791,61.11433575856292,60.986160408242576,60.64227677215217,16.127838567197355,58.27184400047069,56.15728115695337,52.98787599944235,49.57942335445405,50.26753828467797,54.43646249460052,57.55158822710456,59.8544488741939,61.32191145022503,62.572956991305645,63.32560651171619,63.76358660101524,63.80732986342587,63.56361874924925,63.18585010078826,62.20863260466431,61.007150865730814,59.09706829465677,56.53641770554337,52.27706782060671,45.60970120976474,47.32626929439974,53.41998049145146,56.84275200359647,58.9942924241322,60.45943849762484,14.62397997898956,0.0,19.912260756924947,20.37426497940624,19.138138523837167,3.0102999566398125,14.62397997898956,20.170333392987803,13.010299956639813,21.13943352306837,3.0102999566398125,54.547503716326375,57.715294241006056,59.92608739967362,61.49857149037086,62.75625729837592,63.61777682610462,64.10199532808167,64.1744113374013,64.03454267515959,63.63649767508275,62.79988440158063,61.52240630537335,59.95210782475647,57.42304769618063,54.07195385454662,49.55134309615634,49.30770796393918,54.30921201769405,57.31492065483536,59.27931092939463,60.85688647706621,61.57547425577808,62.17869373989929,62.171661349648566,62.385290812197866,61.414601210879525,32.87129620719111,58.23487270850815,55.71584230800547,53.11052067633304,47.83510536397503,49.99587224142601,54.1562263373561,57.35890194423455,59.29839731960072,60.97625488074128,61.97461407564114,62.608138261003845,62.93412059250653,62.82642954888292,62.4159055526556,61.67785352378423,60.54585479428658,59.248879057124014,56.80408947400037,53.58903309759757,47.68230990620765,36.02602520420256,45.923100242557794,51.78591375785298,54.74439183552263,56.64333535772194,57.68106560702491,22.50420002308894,15.314789170422552,12.55272505103306,21.13943352306837,16.532125137753436
19.54242509439325,26.60865478003869,6.020599913279624,20.0,20.863598306747484,13.010299956639813,54.47729992628391,56.47578554212455,57.523412096473024,58.76479378049108,59.61573900867236,60.022809941414366,60.18804483937159,59.93853129399388,59.61840946374396,59.32085973622945,57.92750884576285,56.6947029798222,55.825269691676425,53.41784589028049,50.02757681928051,44.08850262912029,44.92215433604093,49.1751076096556,51.12407245294728,54.024058365922734,55.37693194367391,56.78454641420398,57.64912537577936,58.02448737775337,57.93014665193394,57.4144155715115,23.384564936046047,55.44972915232015,54.285526823772194,52.77494609611012,51.38776215729349,51.33443097549098,52.79450198922244,54.75713308489121,56.498924618937664,58.16668753594308,58.938244334954966,59.30491074981457,59.54853951483503,59.41998622525461,59.01066898585694,57.5624803616373,56.054709731253496,55.10590581927843,50.35221547157284,43.89254706848648,36.39984248041589,44.88790358364855,48.97830447417476,52.23075201025121,54.48598119190078,56.782059752854806,57.41413200206643,12.041199826559248,6.989700043360188,0.0,15.314789170422552,0.0,9.030899869919436,13.010299956639813,13.979400086720377,15.68201724066995,21.73186268412274,9.542425094393248,51.43817034976575,52.56780264492483,54.26397386459972,54.54437803948366,54.3501893197874,53.6713592218528,53.07239236201639,52.1192108430851,51.17437025282619,49.14067999166686,48.87223331362523,48.30004512364255,49.90747201529203,51.00305051328969,51.918867670785176,50.799116938043056,51.66290951531501,52.0030865954834,54.04554926366447,53.47954169894016,53.99564701613989,53.62670929725667,52.93983163234013,53.55008762417985,53.50164641301192,53.59106621809688,18.06179973983887,53.49986199451988,53.598373788182,53.140569192407234,51.657931554017054,51.44838750900035,50.40950269144804,48.42989704566155,47.012743269021314,44.87830996483997,46.05735893876747,48.65370512911088,50.47247601403864,51.86600395725578,52.83493451943532,53.12452407152441,53.357085757219735,53.86320573894047,52.864968882418815,51.7862304007778,50.82056148692197,49.47889344957578,49.44961119471876,48.65198762546105,47.86786902271548,47.514715677498,48.19241139916471,27.267272090265724,9.030899869919436,61.12216442500576,59.694201061645664,41.1965172203987,71.74214328563745,54.037191944157605,42.39999792886872,81.25846599267591,6.989700043360188,15.05149978319906,52.87214812106456,55.6343955251544,57.74070032942306,59.1770974272452,60.18425025353671,60.72864682137056,60.904178410795744,60.795842290693,60.322902971507375,59.645066503872535,58.23289647400708,56.30945262009674,53.43558256814092,48.430333431679664,41.95899652409234,47.50986395607524,52.8058747497876,55.92351106623898,58.08452030630629,59.54741179140869,60.33232302021525,60.86782528054246,60.79155911463914,60.66612874965158,59.91270832307293,58.58852878659324,14.14973347970818,54.06420945974621,50.78543813242427,49.52404939577025,52.09131486535219,56.33028888785323,58.89603082337879,60.67467382695898,62.146499611399896,62.8863191590062,63.40112417256456,63.70976373585444,63.85832298113334,63.52533286361443,62.89469661238848,61.75202362546487,60.401436760456406,58.25423521081544,55.29597161225425,50.45655419363592,43.53897005418162,49.07287719747073,54.40231936226789,57.62247055253646,59.48957448705652,60.56456992407895,61.48944280551902,21.072099696478684,20.5307844348342,23.117538610557546,21.70261715394957,16.989700043360187,19.49390006644913,15.05149978319906,3.0102999566398125,14.62397997898956,17.634279935629372,23.673559210260187,57.82481940614649,60.03016532094298,61.40976966101427,62.65541594447675,63.38058872421555,63.90512965496593,64.11895176745352,63.95351733456762,63.51503523112005,62.92089412112459,61.6770979503108,60.06733382658968,58.19550515711442,55.08745129469549,50.65243501186464,49.24795995797912,53.61200698143417,56.57997079020604,58.70807576367386,60.245714508585934,61.20007663323212,62.06510695881331,62.26190418666901,62.13477645990069,61.81694130642561,60.59866977152712,38.67820908045573,57.18489232823968,54.75557879331682,50.15778756389041,49.91226075692495,52.2655350925338,55.75642691833699,58.327266440271785,60.15890979999296,61.388260628708615,62.18900065001301,62.66217580713514,62.81212732478884,62.72081447356512,62.29717157698804,61.34089410777031,60.1600736042346,58.87808527819623,55.96932307534664,51.995824121346494,46.08793373986931,38.36703799089732,46.6185999172781,51.68630049799126,54.710392774025706,57.06821010995352,57.891469061190726,19.49390006644913,12.30448921378274,19.138138523837167,6.989700043360188,10.0
22.55272505103306,26.60865478003869,19.084850188786497,13.979400086720377,14.62397997898956,6.989700043360188,54.40773737334894,56.56077109936415,57.85080578137339,58.81986886821706,59.66231868833908,60.11748438253136,60.17001601234659,59.891600430356974,59.55296083491107,59.279639037369904,57.69099525128279,56.37542762236479,55.48272689644566,52.91424354890523,49.27185517544893,40.72249897613514,45.45777038500121,50.42358901798373,52.10749122129553,54.70447244200842,56.15255466590477,57.34761437219488,58.06322453486496,58.315709741319246,58.244486675150654,57.433631459960495,13.010299956639813,55.35734521974892,54.84473522405251,53.0960036187988,51.42942932631187,52.03264122630752,53.41101998798233,54.99314474073236,56.6328338752644,57.97010489889026,58.77724282682672,58.984904236589664,59.28121771039432,59.00085155436816,58.41013899930181,56.48337563719742,54.582237501435486,53.38201420118437,46.69075021872658,38.451600776519456,44.17122788878019,49.39768775453351,51.66444915720618,54.08134771878232,55.89579902952259,57.632190326787445,58.009540889084015,12.30448921378274,9.030899869919436,17.634279935629372,15.68201724066995,9.542425094393248,17.24275869600789,14.62397997898956,12.041199826559248,12.041199826559248,15.314789170422552,14.14973347970818,51.56951762186789,52.565541934531,53.74991995651062,53.89895794765743,53.67834685712244,53.02296287663252,52.29909550489516,51.33810257633592,50.44704353461037,48.43120607219163,49.47281741246235,49.762399009826,50.84737097962795,52.12179611180426,53.0615900774492,52.63344863506974,53.1928307373836,53.12858317536693,54.30444339204874,54.05206297688935,53.74124860179728,53.61314115142961,52.895109152091216,53.21656415366263,52.897784134227805,53.38641726513316,6.989700043360188,52.92966757553751,52.24069256820354,51.57580661899408,50.49628856994249,49.13771480123387,47.915643414676566,46.57017587340369,46.85741738602264,46.5988768964946,48.74046725512229,50.722131226033824,52.30768138211391,53.35257256434532,53.75606923402309,54.168168516657325,53.861224733069065,53.81932337880784,52.923624161674965,51.87951981029882,50.50186349675361,48.71070638121196,49.04877766963405,48.48176796405804,48.41534654793146,48.0837304326392,47.96359213984196,19.030899869919438,28.35690571492425,61.12216442500576,59.694201061645664,41.1965172203987,71.74214328563745,54.037191944157605,42.39999792886872,81.25846599267591,17.24275869600789,17.16003343634799,49.50325902451625,53.25367863156124,56.26366034139146,58.12065990351039,59.564421803029965,60.39182830491584,60.97100365986598,61.14798070814607,61.031716534252254,60.70239628063505,59.77183830529139,58.50735045142691,56.619498592960895,53.851091419915406,49.688283787951846,45.30174075353912,49.4824175740912,53.423535830217055,56.55967798221573,58.50845266729558,59.61777875835644,60.46103615586684,60.86724556042259,60.89753258368234,60.514087770854346,59.62436108641204,19.49390006644913,56.13547966118099,52.608652776560376,47.56088140931159,47.12548691164632,52.921430514548966,56.64028642231607,59.3075195015632,61.1131394022383,62.30871003721824,63.13731640299676,63.643607270698624,63.96920479206855,63.86681740983143,63.43054908511044,62.765226930463214,61.54233109428381,60.11198575721088,57.78199020149364,54.61093156210612,49.63490328164533,46.428600525844914,51.53168274971589,55.70734360848742,58.31156024100765,59.76683711758987,60.92357411414156,14.62397997898956,13.010299956639813,15.314789170422552,19.030899869919438,19.54242509439325,17.634279935629372,19.030899869919438,9.542425094393248,13.010299956639813,14.62397997898956,16.989700043360187,56.203130694023415,58.87214322178309,60.657309259465706,62.052920804085865,63.07664802333395,63.77076655554308,64.07587015110573,64.08983905300468,63.84125721777085,63.359891600897775,62.31762334677765,60.98615002602695,59.17996766831868,56.78508363747902,53.17948482294049,49.605896808839546,52.38447577141119,55.70016096767702,58.06447254260537,59.882708179520506,61.35736743509474,61.835092803945386,62.429777396081086,61.98442635474141,61.82871534078429,60.94508861358064,32.00029266553771,57.73014411232255,55.43265720162231,51.00894140165353,46.87350569558028,50.00368993509583,54.920224393151294,57.66817950056315,59.412355630699125,61.371071390498734,62.12574566855327,62.538054926618926,62.90173786009408,62.846096037702814,62.54076550085183,61.54380754554731,60.26242684382758,59.107097615093465,56.31144327319511,52.84144117733732,46.863591617610176,38.96966901933155,46.21020406503192,51.70085614365889,54.81456961417008,56.87587814384439,57.76324826074691,13.979400086720377,19.86771734266245,18.129133566428557,10.0,18.325089127062363
12.30448921378274,26.60865478003869,12.55272505103306,6.020599913279624,19.138138523837167,11.139433523068368,54.10034503205366,56.23961156415007,58.04742389744406,59.08723547245,59.71389511371654,60.05008820672367,60.21272427485865,60.1253522181332,59.82949740258593,58.75631262593666,58.27385429542058,56.83019105537811,53.80950721971192,50.66240176355773,45.906746805752014,44.75525915039281,45.34254621968749,49.66315415797497,53.402160007619145,55.232676989109066,56.47353624901466,57.24872818919898,57.876056873818754,57.76904484983418,57.41911540068365,57.440338941911605,20.37426497940624,55.49750978539527,52.45339902695324,50.97826275720638,51.87286589931895,52.55139783733704,54.76230037221393,56.60983991985204,57.83476217591357,58.59045181303601,59.36081746491634,59.64919294286642,59.27518695985099,58.78304019203986,57.91767117406423,57.38717153201841,55.64511015932203,51.577890862820496,48.83803338269372,40.17784353096679,39.66845423654916,48.545307234734985,53.57723362676665,55.655172514446704,56.63512470415156,56.94896385673759,57.40886685138631,16.020599913279625,15.68201724066995,3.0102999566398125,11.139433523068368,6.989700043360188,21.33538908370217,13.010299956639813,13.979400086720377,0.0,18.129133566428557,19.49390006644913,53.83057381465478,54.41042811586047,54.156743345662605,54.16948231545271,53.90737334509562,53.078146888551416,51.81686413477252,49.97604787460454,47.932943634638,48.97808467561361,46.69400569511487,48.34000831151053,50.24690862355431,51.024131225167125,52.00916129577272,53.27072716669119,53.76211850282673,53.87845240701503,53.12492592285657,53.30227027165662,53.41810288856514,53.45767652038721,53.49118159763295,53.840342526574005,53.97289817662883,53.351368253716245,13.010299956639813,52.73892109119874,52.70007664646702,51.77666336013047,50.042267646802685,48.80453435716848,46.70366473678122,45.4117970897645,45.7436699233027,48.58085826163788,49.863999623824064,51.147777319715615,52.36186964029699,53.25542344151623,53.67506872699175,53.42819286904106,53.00378064870703,52.81306136741821,51.25299051518269,50.56394064582122,49.47948100228672,49.079324164503,47.18576417625733,48.04718559863012,49.33051762718701,50.79503228401335,51.09031538178076,20.863598306747484,20.043213737826427,61.12216442500576,59.694201061645664,41.1965172203987,71.74214328563745,54.037191944157605,42.39999792886872,81.25846599267591,6.989700043360188,12.55272505103306,46.59202877464531,51.11669054219775,54.16670457649104,56.66174340164393,58.54019859837122,59.91223416738548,60.7396199998708,61.235488354397205,61.36638455547208,61.2396558750196,60.66150681077342,59.70834834555414,58.36219011321895,56.3518003663177,53.00634607756653,47.14480646671306,41.07481318911243,49.20983754507378,53.55213905440986,56.69339199195115,58.60329021074966,59.87044761451188,60.7029282425944,61.123774064508616,61.07547773631775,60.49002760904529,16.020599913279625,58.1652565319122,56.25601541333057,53.53111878308482,49.30082633392371,50.14369307387796,54.09982126558695,57.29159117899441,59.65812013309346,61.42447660183467,62.55230279976033,63.27185999662597,63.71118865777548,63.800447302434726,63.59031578443588,63.093586485162085,62.17010173300353,61.08040441895047,58.92190916298878,56.21732819387657,51.77709606083182,45.56109438091557,47.251026998082594,53.19297648182175,56.66312016236164,59.0302158022387,60.487326601276095,12.041199826559248,0.0,17.634279935629372,21.73186268412274,19.54242509439325,16.020599913279625,13.979400086720377,10.0,20.681858617461614,21.613680022349747,16.020599913279625,54.27177644001561,57.52086110663485,60.10937782175976,61.69020737577626,62.84627644565386,63.49256152269452,63.999151981988106,64.16237308263645,64.03839858339252,63.5293541430186,62.84350635787938,61.6194179028123,59.57724583399579,57.04365036222725,53.33954830273402,50.78909727137935,50.142600519709255,54.19759198151454,57.29671710793952,59.480572660006025,60.85353737255421,61.61593477311425,62.231897761689005,62.164556872506594,61.69962301144717,61.79056321017518,37.56331767321058,58.8084844872854,55.8893580947851,51.90068239685778,48.42640437806179,49.87496445820455,54.48078380182181,57.63399538854389,59.71678868844538,60.75167609233847,61.85443839627006,62.61480080690034,62.75090349560898,62.634980664558455,62.2882853850972,61.89463923963344,60.83978219938464,58.839026428698446,57.09793851874415,53.9153670007252,48.90856771414536,38.22756332951391,46.05531294496408,52.00045706412269,54.92353833215475,56.47854178221961,57.60713423570496,18.325089127062363,21.95899652409233,3.0102999566398125,11.139433523068368,13.979400086720377
20.0,26.60865478003869,18.325089127062363,20.043213737826427,18.129133566428557,14.62397997898956,15.05149978319906,47.41467697685545,14.62397997898956,6.020599913279624,18.06179973983887,16.532125137753436,6.989700043360188,12.30448921378274,18.129133566428557,10.0,6.989700043360188,16.532125137753436,0.0,3.0102999566398125,12.55272505103306,10.0,9.030899869919436,19.084850188786497,13.010299956639813,3.0102999566398125,18.129133566428557,15.314789170422552,15.05149978319906,17.634279935629372,19.294189257142925,18.325089127062363,6.989700043360188,15.05149978319906,19.294189257142925,16.127838567197355,15.314789170422552,13.979400086720377,14.62397997898956,21.95899652409233,13.010299956639813,6.020599913279624,20.170333392987803,6.020599913279624,6.020599913279624,16.989700043360187,10.0,12.30448921378274,15.68201724066995,22.87801729930226,13.010299956639813,13.979400086720377,47.41467697685545,16.020599913279625,18.63322860120456,0.0,13.979400086720377,6.020599913279624,16.532125137753436,12.30448921378274,19.86771734266245,16.532125137753436,3.0102999566398125,6.989700043360188,11.139433523068368,6.989700043360188,15.563025007672874,12.55272505103306,23.89166084364533,14.62397997898956,35.72523097849638,33.306166672944386,29.83175072037813,22.380461031287957,19.138138523837167,23.838153659804316,31.18264726089479,33.473300153169504,36.428600525844914,35.44192110765032,38.49173633098827,36.66517980554881,40.433622780211294,39.13813852383717,38.32508912706236,37.26645720240912,34.25534220498263,36.14264287358705,32.67875419318897,29.661417327390325,25.68201724066995,22.85557309007774,20.043213737826427,31.072099696478684,31.96728722623287,35.29558673021163,14.14973347970818,36.77241845946654,35.908418347816024,34.077307280263355,32.80122896302308,35.92953571547866,31.5836249209525,31.448854182871425,27.03291378118661,15.68201724066995,6.020599913279624,23.010299956639813,34.03635189790548,35.450595846940026,35.622928644564745,36.24282095835668,36.326597132939135,35.27629900871339,38.051609015994345,36.06918525948291,35.34660575828445,32.80122896302308,28.680563618230416,32.46744709723841,28.72156272748293,21.73186268412274,12.55272505103306,26.85741738602264,25.76341350205793,61.12216442500576,59.694201061645664,41.1965172203987,71.74214328563745,54.037191944157605,42.39999792886872,81.25846599267591,53.00606351984254,46.14865591497137,44.572761860613255,50.706325351328175,55.69609137519607,59.11104317804036,61.50739865761704,63.30994811451605,64.76324317420227,65.6843559322179,66.25707869944725,66.49089890394069,66.42362414412054,65.95620209529223,65.0844594929037,63.69341302141549,61.64189220875209,58.39704248967155,52.83493451943532,47.32305283416715,54.801679759527886,59.2449534551516,62.21037425031493,64.07900030805571,65.14991250252764,65.76406777443154,65.96683396207837,65.85284832828499,29.041743682841638,64.27819978503915,62.57897586411511,60.16836609458058,56.483805052931366,52.30392714926002,54.67727945446471,59.20668462059639,62.4232397817594,64.6582584378051,66.21080061382229,67.26727209026572,67.93679841979707,68.30018194457986,68.36736436365052,68.10817815911692,67.567186239638,66.60696373674715,65.20632988168973,63.227360044699495,60.22591664903154,55.23435587962374,48.82137313939908,54.424248908433086,59.57273896768949,62.64757867350326,64.42505637820898,65.2709062865327,65.73130243913693,19.49390006644913,20.5307844348342,18.06179973983887,19.54242509439325,0.0,21.33538908370217,17.24275869600789,18.573324964312683,15.68201724066995,14.14973347970818,12.041199826559248,12.041199826559248,0.0,9.542425094393248,16.989700043360187,20.253058652647702,23.180633349627616,15.563025007672874,13.979400086720377,18.325089127062363,19.86771734266245,16.989700043360187,18.325089127062363,19.138138523837167,19.294189257142925,19.54242509439325,20.96910013008056,20.96910013008056,23.443922736851107,15.314789170422552,31.866738674997453,30.37426497940624,32.40798771117331,35.93728998707911,32.84205067701794,34.82444791918265,30.51152522447381,42.50420002308893,27.16003343634799,30.766404436703414,18.129133566428557,6.989700043360188,27.98650645445269,23.97940008672037,13.010299956639813,15.05149978319906,19.49390006644913,20.96910013008056,20.96910013008056,6.989700043360188,23.384564936046047,24.8572142648158,11.139433523068368,12.55272505103306,19.54242509439325,21.072099696478684,20.5307844348342,9.030899869919436,16.532125137753436,6.020599913279624,19.030899869919438,18.325089127062363,20.37426497940624,18.69231719730976,16.989700043360187,10.0,0.0
16.989700043360187,26.60865478003869,6.989700043360188,16.989700043360187,10.0,15.68201724066995,54.01982656572385,56.17796865805413,58.00482000885752,59.10637209451746,59.57827490829763,60.05306233715173,60.29020766885907,60.20157763030739,59.92596370819327,58.76745372670241,58.50387051277998,57.22212584172457,54.13541158006509,51.28983750990451,47.52877811229629,45.87621179101308,44.59392487759231,48.242885824595454,52.82223203445517,54.90020316307763,56.15337611825055,57.11547417943473,57.53273504204786,57.6732583869032,57.44112185088547,57.580788222496125,22.04119982655925,55.60051365741303,52.60357641636152,51.36371723492324,51.20774581539428,52.17683936828989,54.55176930205057,56.17394593818732,57.57014714887934,58.40059022417197,59.152019038080525,59.64837361970741,59.45287837689286,59.05226338532599,58.29548195745285,57.94025622000294,56.64477438906344,52.80122896302308,51.18654853544093,46.02678420438509,34.26348573787508,45.7265091525236,52.08185972108584,54.55773409227347,55.96044805793436,56.21949634408188,56.98077046087803,14.14973347970818,19.294189257142925,20.170333392987803,12.55272505103306,16.127838567197355,18.06179973983887,13.010299956639813,14.14973347970818,0.0,15.563025007672874,18.63322860120456,53.67089297951287,54.35366506612661,53.98497285091854,54.28525159469647,54.088655093690754,53.895204658463776,52.62175711951742,51.164118024351694,49.46894195102327,49.34104377513472,46.87823147341528,47.57342877614593,49.18323963238652,49.86395481262247,51.00894140165353,52.69942356504208,53.31477910643742,53.71189817214208,52.62417863745012,52.82522419865366,53.02058055815452,53.20115115532055,53.42990839975428,53.57852932860404,53.76396267567191,53.71468706602177,19.030899869919438,53.4966598409663,53.07140755270475,52.5363115208351,51.57181658066843,49.86950787858517,47.94418330874141,45.977500176258445,44.82830723485827,47.20671881902534,48.47455433164086,49.84405783895757,51.28431581093246,52.38593019866614,52.99709907663021,53.31275418749689,53.2383970213342,52.93506190708449,52.24338790859655,51.4585806878751,50.23474695673157,49.63731176544522,46.96216553110486,46.35534009471285,47.76948037103449,49.73645002826976,49.599615030427984,19.86771734266245,27.331972651065698,61.12216442500576,59.694201061645664,41.1965172203987,71.74214328563745,54.037191944157605,42.39999792886872,81.25846599267591,16.127838567197355,6.989700043360188,50.4573751255501,53.8246732201583,56.10226716827327,58.11481166678546,59.34144811792477,60.44704745274868,60.915111462841445,61.09499239583376,60.93200278643713,60.48336907600819,59.55295602110635,58.13463559746353,56.18945060568562,53.00910548256687,47.38225448142505,38.42172229385616,48.43513078608807,53.46372536824548,56.52831132321537,58.46092675376045,59.745821504953966,60.59630809723466,60.995791327626776,61.147020364329165,60.76767109588953,59.93775597108715,18.63322860120456,56.637546200863966,54.10017608203053,51.05459088295781,50.19008222873233,53.156954150850886,56.67924350109515,59.09252130739992,60.862889850589866,62.29435066337804,63.04542441818438,63.56097978525802,63.72738434521204,63.652844552664085,63.29327898406091,62.41024715090255,61.34911470767464,59.7221209829062,57.02500328164861,53.223226858740105,46.74548850633102,45.1936852704,51.17788163071912,55.64634112256535,58.27116507335201,60.06733382658968,61.200883686832,10.0,9.542425094393248,20.0,23.654879848909,9.030899869919436,20.043213737826427,22.944662261615928,18.129133566428557,15.314789170422552,19.294189257142925,10.0,55.860694430305,58.68378726401789,60.91077534915244,62.285617774181794,63.17011612744734,63.773647238635085,64.07485062225024,64.13208871323728,63.86753047119953,63.05779862545408,62.406852560024085,61.04266493780315,58.5096770235976,55.83236191985631,51.48753767927944,48.8396221473273,51.36879039875517,55.169582250038985,58.14686996621819,59.94996883140185,61.32139569358269,61.79389187529964,62.15642057024834,62.148872753245605,61.66198546811515,61.462396970463104,25.865873046717542,58.45460834541812,54.36558581252018,50.778800343548255,49.05585425846268,50.36948112195279,55.09537190025274,58.12351751581686,59.80861562141114,61.15017736296608,62.03096012952912,62.634774688949165,62.64470720812528,62.56073280986023,62.21261099217891,61.76149161126549,60.69135445224468,58.57627957426264,57.00379172741896,53.67877506637881,48.56003453997221,35.9955559098598,47.48443875163749,52.57011024154878,55.29298146504438,56.48106191733716,57.60315404570189,12.55272505103306,13.979400086720377,19.86771734266245,18.69231719730976,12.55272505103306
17.24275869600789,26.60865478003869,18.129133566428557,19.86771734266245,11.139433523068368,0.0,53.68640128576486,55.98626384641655,58.03593664771345,58.99130772336199,59.64919294286642,60.03290313914426,60.29111751104562,60.19359344212927,59.78404228285004,58.98181424873278,58.46367425074185,57.2366743131988,54.83975065016418,52.318873723696825,48.860449215838486,43.33568174923988,40.94436188017956,46.90550461510359,52.6141752147967,54.43747874470907,56.227288593527895,57.248662724865184,57.79758780297772,58.21831108826879,58.014695695893664,57.67758263693147,3.0102999566398125,56.06773557985525,54.75987715748366,53.216315656424186,51.10889236512466,52.59280825615421,53.90053265475677,55.114622252822855,56.83019105537811,57.4645125861456,58.45556908821468,59.06503123268288,59.262812088447546,58.9613197698592,58.459317051824,57.65562761743509,56.40585774368834,53.537335542779125,51.5764410599659,47.10100433223009,40.75181854618692,46.69400569511487,51.4364235519496,54.11769494892165,55.80002974201153,56.51972523436206,57.27217448695854,21.84691430817599,16.989700043360187,14.62397997898956,3.0102999566398125,15.05149978319906,18.06179973983887,3.0102999566398125,16.989700043360187,15.314789170422552,14.62397997898956,0.0,52.33648331984857,53.20370648261928,52.92929149117218,53.298492296363584,53.41932836351094,53.37738717233867,52.9091789155549,51.90020575868093,50.46826709187344,49.52191665200501,49.42628030974716,49.677444874453215,48.3845867968749,49.57746124181861,50.563292203144535,53.308883966573816,53.85436454492493,54.27039575495581,53.05301917259521,53.67745306699818,53.07438270765996,53.21009859989684,53.28112419967183,53.0836162432773,53.28689411976765,53.70500136438346,6.989700043360188,53.56226695860006,52.318873723696825,51.73535895009906,52.178259808998526,49.25043798276359,47.92706788898358,46.79100689670424,44.45246035080618,46.077230235205526,47.19571574314456,49.23658421793306,50.5996080291494,51.87625051783121,52.67697258762024,54.08202641526032,54.369668580490085,53.5198366222916,54.20261133411269,53.8137142839191,52.54098324143592,51.01368963249251,48.20753011319319,47.31145381297382,46.79736699192934,47.86751422145561,48.04582364022804,17.853298350107668,25.05149978319906,61.12216442500576,59.694201061645664,41.1965172203987,71.74214328563745,54.037191944157605,42.39999792886872,81.25846599267591,6.020599913279624,6.989700043360188,52.80455439438755,55.68051455657762,57.73218712917235,59.09475795016992,60.13959457775777,60.83654882867235,61.14017176093916,60.99338732680026,60.650345441056864,59.65576547555948,58.5661108939528,56.68693355440256,53.65195861065944,49.46712567164916,44.08545221315446,48.46497932158269,52.99154141070215,56.033024660222765,58.0389460396828,59.49538812403787,60.22455178659456,60.66424702143391,60.83858294625728,60.47032529678548,59.68763981560703,58.57820803102379,17.24275869600789,53.67583260340628,48.77975711900839,46.834523107382815,52.08970464769922,55.88831725594208,58.68579201171215,60.78408238157225,61.99810008953807,63.10985645963147,63.63200427235815,63.97564094442339,63.84296950392135,63.48324337700387,62.92874279203449,62.01563162416447,60.54614969431334,58.58837851428586,55.561697793976855,51.171187685222,46.15760729508765,49.64335071111079,54.13219269613846,57.21205312845776,59.23094736639076,60.704169233827294,61.591537550790406,10.0,18.69231719730976,12.041199826559248,12.30448921378274,6.020599913279624,21.13943352306837,19.294189257142925,22.944662261615928,18.63322860120456,21.5836249209525,20.37426497940624,57.36240287545606,59.79486458289048,61.50832549820841,62.70196536493194,63.4932610355233,63.97388104146419,64.1596007908887,64.01138506345556,63.67078853436656,62.83519452084317,62.01801458134896,60.43970650037736,57.9373801483543,54.99599115333943,51.57940055964767,49.715587903472304,53.00380239599769,56.31022461430349,58.9625497431968,60.49883301803316,61.486165347346365,62.08720762988909,62.16233483281266,62.421141287912086,61.82383834124269,60.93593267630942,25.2244423350632,57.6850490704858,55.02532266610611,50.99587420047718,47.12759103123042,52.90090286573402,55.96203303413853,58.551567896110406,60.2297409264996,61.469245454042046,62.23575368314127,62.76869941062934,62.8530363396067,62.721462025624994,62.14030108084064,61.50931350113743,60.43560711154895,58.54224641920609,56.66466498631852,53.20181610062933,47.70122668145255,33.84711742938282,48.19076488487893,52.9672879439152,55.46055042331682,56.54001247978794,57.65819004657439,16.532125137753436,12.30448921378274,9.030899869919436,6.989700043360188,14.14973347970818
16.127838567197355,26.60865478003869,20.96910013008056,19.030899869919438,16.127838567197355,16.127838567197355,53.898497813079054,56.16564779275053,57.808161401089,58.83604660922292,59.73014182935177,60.09746981982232,60.12527204909028,60.076743939515325,59.72858877356471,59.28349245041478,58.19665652543165,56.91959806460896,55.37397183963155,52.94457407909998,49.74461029768583,41.848333339333536,41.51216578856456,48.087374805438216,51.97680200857185,54.17491622129526,56.00756238641467,57.16525018750863,57.77096081651068,58.25915316043202,58.16732338641484,57.45630582682212,21.64352855784437,55.5707871127011,55.09871600022806,53.76211850282673,51.16292201435748,52.412699781022354,53.68119458615028,54.7279446669873,56.806482016484026,57.489822144114825,58.48431145611514,58.9641873283961,59.33500448088154,59.19961479683546,58.54731017213943,57.481895780551525,55.82945834347292,54.33969739328581,50.53235990777524,45.55493477406603,41.25351120514752,47.2366086669145,50.32606674565236,53.46673686161938,55.37926081984013,56.82059292484748,57.491029586235314,19.49390006644913,13.010299956639813,16.127838567197355,20.043213737826427,13.010299956639813,16.020599913279625,0.0,13.979400086720377,13.979400086720377,9.030899869919436,15.68201724066995,52.1321484054871,52.776848368379554,53.34554270647249,53.67985471097374,53.7333137306069,53.33110590992422,52.95382348080914,52.15880679138386,51.055680868408416,48.86406114109727,49.72337087776285,49.861982661866776,48.19392564118289,49.93497953245811,51.07515225651465,53.09672743229267,53.21011933820934,53.68355696991383,53.49044286602036,53.98814664989924,53.60451402179635,53.514194199941805,53.19990410839211,53.2962158001926,53.15216494856274,53.604911700486575,6.020599913279624,53.62994881111922,52.49115160620549,51.805072213350186,52.23324577596174,49.590461647617055,48.37512682591181,47.52401888848226,45.98921759818636,44.73778834646724,46.92406234833631,48.860449215838486,50.83509786346747,52.05163748475268,52.77567960098455,54.14226052964111,54.32613376162554,53.65341947540191,54.04507017999176,53.46607216606132,52.38878748175503,50.35801831151965,48.98747115100364,48.42540595690268,48.20654571280084,47.4592536276065,47.80518927780164,22.50420002308894,22.50420002308894,61.12216442500576,59.694201061645664,41.1965172203987,71.74214328563745,54.037191944157605,42.39999792886872,81.25846599267591,3.0102999566398125,6.989700043360188,52.75341304852634,55.552710338276455,57.71888663626186,59.17246010669031,60.22298434596852,60.79858940234942,61.04843755504614,61.06294952229498,60.6024934141452,59.776001566820426,58.47525772547869,56.66166846336666,53.545405968852144,49.05779695178755,44.22425676371205,48.444336819888285,52.80578370368076,55.99352428629415,57.993088379051024,59.477806267462114,60.26786903400114,60.72230039494805,60.89046973940157,60.520009801013,59.68447923393071,58.60276302419994,19.294189257142925,53.598373788182,48.963608454693166,47.23751121635539,51.97128873248911,56.00842261159698,58.82137313939908,60.731348678271466,62.13081915773124,62.98701374206437,63.72347789896318,63.94077466014862,63.855621270183846,63.52764468678264,62.890019909903685,62.095798857867024,60.50847444082255,58.57398238814127,55.60062129651679,51.35628704522542,45.84387769446955,49.43697271231812,54.15681005192888,57.43704134640778,59.32811023679911,60.68937246094429,61.44145928467737,10.0,17.16003343634799,16.532125137753436,21.73186268412274,18.69231719730976,17.853298350107668,23.838153659804316,20.170333392987803,9.030899869919436,9.542425094393248,6.989700043360188,57.64236675249376,59.8046697783968,61.5498755099341,62.58822309254857,63.47038891663266,64.01682051580732,64.15010929521034,64.0716188336451,63.56723611289468,62.97462200418612,61.813304173814174,60.29060981011671,58.1352561415946,55.123561504497694,51.50120646373129,49.438900482484726,53.28626245278603,56.432009101311934,58.86127909570767,60.20669903297939,61.67183184987395,62.017610689802886,62.19865495608257,62.27432385199052,61.41388309326768,60.65116419413121,30.83860800866573,56.94138191033089,54.88045626067867,48.32694087046502,46.92926195009627,51.84762388171225,56.033717491008616,58.27885982789856,60.359937544740106,61.37736641125347,62.35629938757931,62.83098736941358,62.86253646841694,62.78067559826126,62.27354432073941,61.499629361367134,60.33390377869184,58.76617877140279,56.22840654591759,52.74086230970845,46.969589146269854,35.82177037688409,47.28718922902856,52.43583675998191,55.436571315208255,56.71987884346247,57.7151178506047,22.14843848047698,11.139433523068368,22.85557309007774,22.30448921378274,13.979400086720377
17.634279935629372,26.60865478003869,0.0,16.901960800285135,18.63322860120456,16.127838567197355,54.23940189803162,56.39713538031362,58.069190026227886,59.0526145038752,59.71458622265894,59.99075707059567,60.33926120472871,60.07920522879573,59.78347170011708,58.73792429916848,58.223466004931616,56.840882759986286,53.65487984890899,50.629916446225,45.405421894382926,43.98148420008632,45.77916694984103,49.85592614956013,53.35176972770027,55.38998270264932,56.61748340847625,57.54747275169287,58.03839345053024,57.96733175462868,57.64034085149737,57.7664671220099,21.84691430817599,56.00598304858028,52.88197787031108,51.03844754716462,52.25177422314183,52.41197709698056,54.42042118440018,56.40844025809414,57.49037172670451,58.44844834574906,59.06958017500231,59.35983116737592,59.01462680666398,58.57603845694644,57.66829837279049,56.92566695736501,55.03043980765207,51.105661432925935,47.59849077610011,37.0104963072914,42.00467449950159,49.21925661655944,54.02751299790316,55.81650473256531,56.85827693539505,57.26176046921577,57.78339403895484,12.30448921378274,14.62397997898956,13.010299956639813,20.253058652647702,12.55272505103306,9.030899869919436,3.0102999566398125,16.127838567197355,0.0,10.0,16.127838567197355,53.14187552500222,53.78428791088845,53.86058205057189,53.8486573347124,53.476285511387815,52.7247516767816,51.4433753825566,49.76304116552002,48.07399712759485,49.11525138080805,47.3917663191073,49.19752556189443,51.13388437293372,52.07206054437323,52.75362038473321,53.7115101708349,53.92661786290789,54.26714535172125,53.43418441639639,53.38761189701877,53.45093260280553,53.46216013155005,53.42114617317792,53.58924215388512,53.64657914310357,52.81596902160267,19.49390006644913,52.18695644753653,52.26097018175195,51.29525550882202,49.47556248191123,47.93014665193394,45.93507589331765,45.10879984756117,45.751185370866914,48.95781546998696,50.13216539624441,51.59254292271558,53.17331935445897,53.64956022878454,54.00710636773232,53.722213675498686,53.4932610355233,53.34391417377155,51.93041072153242,50.971392599786256,49.89770080726568,49.38059168936093,47.39224136457318,47.85329835010767,49.05569232811936,50.159127513708285,50.53815733578138,18.129133566428557,17.853298350107668,61.12216442500576,59.694201061645664,41.1965172203987,71.74214328563745,54.037191944157605,42.39999792886872,81.25846599267591,3.0102999566398125,9.030899869919436,45.79291879863468,50.84451154505263,54.06015303776257,56.69313160683099,58.58106900601315,59.907764812145565,60.81350908904309,61.28043673826458,61.46365281778442,61.33948101953969,60.69791265187512,59.87315828441307,58.63614275062177,56.701576860573375,53.60404054729939,48.6690141665711,44.66467232740638,49.70532829768324,53.84511115235233,56.6918015393062,58.63027677549779,59.85958798438411,60.60900967131368,61.06662685344257,60.963509769373935,60.34057041778766,13.010299956639813,57.89527127072056,55.94079701490412,52.66271689464861,47.41387992479269,48.97544622483299,53.80480782541143,57.344285611060414,59.64129935499312,61.52149164344736,62.58425111329067,63.32482291146752,63.7888552696006,63.94833446959304,63.73643981672706,63.1875869313729,62.32391232708843,61.20882433897813,59.19677319121008,56.45557842390833,52.49775402019517,47.12893713296539,48.309798065799896,53.20389339876908,56.718926746333295,58.93634172780392,60.44951126162324,13.010299956639813,19.138138523837167,15.563025007672874,21.73186268412274,19.084850188786497,16.532125137753436,19.86771734266245,18.325089127062363,6.989700043360188,22.944662261615928,16.020599913279625,54.339057796102125,57.494680829563045,60.12622976141661,61.715933666039945,62.85727393122136,63.53663347551326,64.08404321455379,64.18541578650475,64.09532272164465,63.50344560572494,62.907111381170296,61.73342761110942,59.722440434699934,57.224010848674254,53.69418109874346,51.08527816225474,50.92625917463781,54.43919801103023,57.4397438366853,59.44413574349668,60.75729399740899,61.7102428871324,62.16696236043849,62.22728173535836,61.65559171948805,61.67056384238851,34.73778834646725,58.79175043537523,55.23466815975336,50.565580392320506,49.20665855383018,49.98503451440391,54.57618516398604,57.511812997102815,59.68261074813715,60.91817440054687,61.89656756673239,62.58519475741207,62.77465495201941,62.69704365184759,62.25136046404097,61.839962874633486,60.83251717221604,58.9628420174724,57.111058888475135,54.03755191424458,49.04461276081189,38.0291048941904,46.43383578685687,52.149312277805365,54.94027906318366,56.66679874827261,57.6054310402721,18.573324964312683,23.180633349627616,19.294189257142925,11.139433523068368,13.010299956639813
13.010299956639813,26.60865478003869,11.139433523068368,10.0,9.030899869919436,14.62397997898956,53.955447961324914,56.27919638546804,58.03569089097476,59.05282516137965,59.63763751658042,60.03041977364568,60.30227194183445,60.137070502489074,59.79112040162264,58.82638361696039,58.44977041125813,57.07796631423908,53.98387969469327,50.8466562974658,46.751365044679936,45.196311389796136,44.39963935920905,48.82934163885178,52.974453418279694,55.04141788667872,56.31859599634449,57.275867986312605,57.80551321565528,57.93417373659406,57.69406868913598,57.73087648693436,16.901960800285135,56.03084801959994,53.17706147943137,51.65650823072157,51.86913976980872,51.98208817708988,54.12354691000666,55.93640448502303,57.3163710696538,58.14466020228009,58.97724384345104,59.36262844849894,59.20300766147846,58.80393952567247,58.00543875696284,57.73983075908412,56.09058413174612,52.388211163714274,50.34235288320794,44.13115275507509,34.03635189790548,46.95831772826693,52.76369880269439,55.05856489035316,56.39299184290303,56.67910355582737,57.35436807357698,15.314789170422552,6.020599913279624,24.23245873936808,18.69231719730976,15.314789170422552,16.989700043360187,12.30448921378274,11.139433523068368,17.24275869600789,12.55272505103306,12.041199826559248,53.10440519746954,53.7573126719995,53.72948806027787,53.98346318183897,53.748014842779774,53.39511065746308,52.37727168712518,50.68371418032643,49.12253949692919,49.54189425758579,47.2106830179716,48.08217727062711,49.97548013229129,50.840755677786746,51.75549500835408,53.26567286410245,53.6040026671096,53.93640123248743,53.183346842261365,53.164903481817575,53.20879188652664,53.20200309815532,53.50653041675045,53.51651389099593,53.70883016777606,53.430539229128485,19.49390006644913,53.02081884881776,52.96744145717053,52.28372123510356,51.03889203582333,49.91669007379948,47.49504423876142,45.45777038500121,44.38526527205319,47.33245428182445,48.6089474455764,50.38671813299544,51.83204338591583,52.83703669360279,53.412069302581614,53.673055921399055,53.63320472363764,53.557387836020354,52.63931808798313,52.03304916138482,50.66717173286226,50.21619244523684,47.66546684376111,46.11564002088125,47.43862387810378,49.57439665886712,49.52075289562654,27.63427993562937,20.96910013008056,61.12216442500576,59.694201061645664,41.1965172203987,71.74214328563745,54.037191944157605,42.39999792886872,81.25846599267591,17.853298350107668,10.0,50.18534070428183,53.84188483557143,56.13424233537224,58.22253098579733,59.53829733581926,60.51919677126306,61.07265949312939,61.25971887624675,61.15040729748199,60.6847826248016,59.75473167919027,58.4094437698669,56.49763099462267,53.51556683348171,48.55022188763405,43.18063334962762,48.67184544487144,53.563509780305694,56.316568051679205,58.32688979847684,59.665870669966914,60.518503071056486,60.85404757331424,60.99709984339686,60.603975068671474,59.72051873976375,6.989700043360188,56.28940389245031,53.35628375452703,49.12126362995724,48.95046657912063,52.947240808386326,56.72394370582157,59.24421959382316,61.01230354802585,62.44383021301255,63.19117098789391,63.71816236480409,63.89339767422997,63.8214550986502,63.42365231707086,62.60412008506447,61.446168566580816,60.03299365168719,57.41222530451669,53.8253752353252,47.98961237880703,45.57952095720065,51.319553205413946,55.47056849876553,58.18047651099519,60.01701269280325,61.10315243741377,21.95899652409233,16.901960800285135,15.314789170422552,20.827853703164504,19.49390006644913,16.989700043360187,19.54242509439325,20.37426497940624,9.030899869919436,15.563025007672874,15.314789170422552,55.91407452947272,58.74498632514101,60.95256550404421,62.33244933012519,63.24970400680195,63.68497006553263,64.10312331701887,64.10742319757263,63.8933143931083,63.191752076501466,62.47463100203721,61.1094003451353,58.63656484277652,55.83027517056053,51.89672752047735,49.71466042916119,51.64644270726158,55.84974272956143,58.21972471995146,60.030523275564335,61.15161008979106,61.98680450269632,62.1716429115073,61.924988751094006,61.67154517660802,60.96287309663103,34.385423487861104,58.024761145244746,54.23621007860224,50.58612002372036,49.34346926738256,51.75192788386603,56.15034229084755,57.98076500255522,59.92511986160397,61.22811354653028,62.07485987264609,62.73657891938176,62.78991483452367,62.677319589172654,62.28077084306317,61.75769182682032,60.722241554333976,58.66245384801724,56.81968975344763,53.60642633341555,48.45377139623072,36.65111737075051,47.25462411388858,52.455620166559626,55.12103792995524,56.646541957916966,57.61299987065012,22.50420002308894,17.853298350107668,19.49390006644913,47.41467697685545,13.010299956639813
20.0,26.60865478003869,16.989700043360187,6.989700043360188,16.127838567197355,17.634279935629372,54.56274912840168,56.62108737489264,57.80871530087976,58.81809042117352,59.66911512012,60.051500421580045,60.08941512266696,59.92625084372662,59.49023385474657,59.22626861435806,57.68075447651738,56.38034757170725,55.578980113505565,53.12435485983882,49.51769655060065,43.22053817695567,45.43683213072998,50.07581366114362,51.86834896754256,54.19031683915526,55.68785867939346,56.89962029741503,57.72452268882259,57.90124649541097,57.73072269851024,56.91611874214416,11.139433523068368,54.90656443696168,53.73136453124819,51.9878076080984,51.22373179104066,51.69445178907751,53.705871002466765,55.59984384303944,57.25507354394961,58.540022331269896,59.34230216832571,59.6135748781257,59.696488404807255,59.484232361347736,58.9071883038539,57.17091890401786,55.41312095650818,54.36266038180848,48.32828129539354,41.111616595775885,40.68668143285901,47.18833718303862,50.1736728355353,52.90579920909319,55.091070477252586,57.04502273039984,57.44437723827866,12.30448921378274,6.989700043360188,18.63322860120456,16.532125137753436,13.979400086720377,11.139433523068368,17.16003343634799,9.030899869919436,22.04119982655925,12.30448921378274,18.69231719730976,52.48233274474952,53.367658335805686,54.858420470855776,54.76919984978623,54.46575997104687,53.61410496310021,52.88061333561104,51.96286748808876,50.7262115076389,48.352211530504974,48.25945143203848,47.95880017344075,50.14205413953746,51.59040547630181,52.370860804468606,51.51618035162792,51.90219607711055,52.23885151875885,53.85429302757324,53.64836054097621,53.93387407078137,53.80746541538873,53.28053250252685,53.62271308048627,53.73338726817316,53.63811220827727,6.989700043360188,53.28265407717579,53.403211464836026,52.85363746058195,50.9716356695494,50.94754044138029,49.57252811767583,47.54447722722881,46.697444547326086,45.93507589331765,47.82142836505499,49.70765159780768,51.48000764736434,52.50634656636956,53.12249309603593,53.16685188794964,53.009452999819125,53.368438245087006,51.9143983556988,50.7335903838038,49.24305136154559,47.90179569070148,48.83570592820618,48.91314399382143,49.12099777715326,48.57199775061667,50.10910254239992,21.13943352306837,27.63427993562937,61.12216442500576,59.694201061645664,41.1965172203987,71.74214328563745,54.037191944157605,42.39999792886872,81.25846599267591,15.68201724066995,12.30448921378274,50.06744072853106,53.60036462968403,56.36159794859297,58.1442940183431,59.61763173867403,60.36258709157744,60.83666703411075,61.10226299575682,60.93226909449627,60.60964377593788,59.564392996242944,58.14580516010318,56.35609392550463,53.08201460651076,47.44332106989367,36.97316541732384,48.008407521378025,53.49180358996378,56.48574665308993,58.51114579568295,59.81446195129632,60.72582569917599,61.05716212882111,61.160927932140375,60.80165977273976,59.87316722771784,19.138138523837167,56.76460399456776,54.31058041942025,50.955528960194016,49.790792290333606,53.53743170753936,56.9123448542689,59.2831441440632,61.04555391240513,62.153152253566674,62.977616050385166,63.48843015693937,63.85564271895214,63.73035832851271,63.295290632655615,62.56201865300426,61.274951638056656,59.68354509151987,57.199441709586765,53.73759521896305,47.55341183811548,43.98512899363422,51.66755638665237,55.85786610083608,58.45596572002733,59.9037127024162,61.044997439084085,16.020599913279625,13.979400086720377,16.127838567197355,23.873898263387293,12.30448921378274,14.62397997898956,12.041199826559248,6.989700043360188,17.853298350107668,18.63322860120456,15.68201724066995,56.52916127316587,59.0603535066904,60.793827842995896,62.10227530551701,63.17400739475072,63.82903647471824,64.10092785918629,64.0485372106251,63.83268384898227,63.32023965443941,62.21679428624505,60.79232272651495,58.991729539482535,56.20549323291659,52.54850068972824,48.77446217774434,51.78358140331879,55.79420008554143,57.90905543629307,59.770579391130326,61.11020424504915,61.8047827371005,62.44801916354354,61.68792609187656,61.85761937795907,61.15347525827099,32.65996370495079,57.76210691768395,54.46917551757995,51.66610662289432,49.56710959567658,51.95434680832536,55.15016325332784,58.17122255752713,59.586231228732125,61.23859804320474,62.1363514673272,62.61055547812106,62.79559497616915,62.785578957714506,62.4048584664432,61.45514937693618,60.23987873149836,59.00350739876231,56.00406528724327,52.47270957440517,46.60533466698088,37.641013764762285,45.52729037410788,51.481119457056494,54.60531017107365,56.97363621898778,57.89147611846592,16.020599913279625,13.010299956639813,14.62397997898956,15.563025007672874,15.68201724066995
18.63322860120456,26.60865478003869,20.0,16.532125137753436,3.0102999566398125,20.863598306747484,54.094546289430944,56.304858448923866,57.81181439729255,58.94758994371892,59.59988171475988,60.068137664686944,60.22805173638136,60.0048960808851,59.65804495418088,58.99332330584163,58.07298198602203,56.66371943204173,55.3491537170109,53.06665163528948,50.09676058628845,42.07607441911914,44.02862957968563,48.46219552129427,52.41327285873001,54.245059564044034,55.91656625547586,56.87710845246322,57.42980292691594,57.77039482341728,57.46691011524612,56.66377560933491,21.5836249209525,54.19415434211109,53.60943509901744,52.111018442911785,50.09765241809081,52.9843604083526,54.61033069118142,55.9158211122715,57.70305487390287,58.53350758890751,59.270632709213615,59.74909882065301,59.86132358459802,59.65950601114954,59.093099306331695,57.68670653617394,56.11044258651002,54.24210083729753,50.97663294569261,45.22352930775266,41.39249217571607,46.76593024518753,50.26373898647296,53.080775602269696,55.1385924222314,56.31631449200054,56.84027148656692,13.010299956639813,12.041199826559248,12.30448921378274,13.010299956639813,9.542425094393248,10.0,19.294189257142925,13.010299956639813,13.010299956639813,19.084850188786497,15.68201724066995,53.80674242269215,54.46650541033621,54.7922537287902,55.05719616084342,54.64265934034075,54.154090941416285,53.32084820464515,52.306762278173046,50.912095647341296,48.35316346446344,49.28892343878047,48.98209424939754,47.11334729558257,48.73029812061044,50.36936145797451,51.83725258045578,52.434969174935055,52.94565419156153,52.89983383863997,53.3838078429804,53.23559401770425,53.42805480837399,53.467792345511086,53.43497216287973,53.55405540332371,54.18606184975226,19.030899869919438,54.317817724291245,52.80924211462492,52.35957479466621,52.48346059768608,50.31497334028998,48.816413910114974,48.21651065962116,46.91982756655776,46.54465333520146,47.65824961996451,49.94497521225448,51.01420543187383,51.699828557798895,52.278918441629294,53.28487653881568,53.55968457653611,52.09970516709343,52.54260385607133,51.52269993524293,49.86682179779506,47.77405070868889,47.10100433223009,47.43862387810378,48.66435033179107,48.70380492546501,49.63306059825552,22.09515014542631,26.85741738602264,61.12216442500576,59.694201061645664,41.1965172203987,71.74214328563745,54.037191944157605,42.39999792886872,81.25846599267591,9.030899869919436,18.129133566428557,49.79120242557178,53.22686427002617,56.03659588521047,57.923874866280926,59.17150892291485,60.11349222693468,60.72936283030182,60.86428885126704,60.76620421250287,60.13616568505283,59.42297816880363,57.904216954540445,55.37489157735528,51.85726258953287,44.72829556712706,36.8304703823885,49.12115729078855,53.843103948068986,56.926742242596106,58.86184354921864,60.10717509816266,60.899630135102655,61.326876877998174,61.37589870537405,61.01325287445418,60.46069245505909,22.87801729930226,57.476487017933,54.89397329030364,51.98054704247514,50.8283202754784,53.52091789343142,56.56146134740865,59.0387101434544,60.76614960430061,62.071634694388365,62.84156534161741,63.41426808115605,63.55432362470549,63.45761775239515,63.002512593381226,62.25051989449053,61.08652956080557,59.36315148097259,56.86723834218441,52.96720021961863,45.988561382493096,44.0334361913045,51.828538609552986,55.94154894232997,58.50769339300815,60.126115859562304,61.34871678127757,19.030899869919438,10.0,47.41467697685545,20.253058652647702,16.127838567197355,21.613680022349747,13.010299956639813,16.127838567197355,3.0102999566398125,12.30448921378274,19.54242509439325,56.27636182215237,58.92091261950847,60.68388114210365,62.1390459815116,63.12533831056362,63.760693754028885,64.08518943822581,64.04977317822937,63.75620090901507,63.1760980336928,62.275496744257225,60.77984565208753,58.86561221801466,56.06532911740636,51.77400851899669,46.96268996745533,51.20195403676202,54.91430334956692,58.0613993561579,59.93929767037324,61.23978318925468,61.78358140331879,62.23294711909343,62.25182335441669,61.95545987205024,60.56769589449361,33.62670929725667,57.98590571942593,55.17724913272784,52.377698743010185,49.346044869504325,52.43653070325315,55.34057851568514,58.006964625486894,59.77738233909231,61.15763569345165,62.01735960315197,62.58607115686996,62.78767543867639,62.72273363899346,62.324064920822025,61.47467627290104,60.4857308203872,58.824755845728646,56.60535364626781,52.98296211543733,46.97168293059873,33.69215857410143,47.07510562960209,52.34134956375732,55.11820550773568,56.72559627763276,57.588392517061386,9.030899869919436,6.989700043360188,18.325089127062363,11.139433523068368,11.139433523068368
17.853298350107668,26.60865478003869,16.127838567197355,17.16003343634799,47.41467697685545,6.989700043360188,54.41929104713674,56.633663615419614,57.7520690912865,59.01253931487922,59.50626228776117,60.06014397951628,60.09044882949809,59.89287816972663,59.45281926420934,59.10233684267649,57.61007180829928,56.19927710291468,55.31729202903415,52.49540764501639,49.09775260520669,40.8292891501513,45.390007810803176,50.116888329655104,52.39512193774311,54.61180267730691,56.09151352321217,57.354344114506965,57.97534823270581,58.31826278693397,58.19636706726433,57.401431178778886,6.020599913279624,55.34377716816276,54.85580896709334,53.2479671762173,51.5740840975855,52.49083345878216,53.722213675498686,55.13011061255909,56.74913473283311,58.03957358653713,58.65332023045026,58.984119598916266,59.23944647014946,58.95246803558258,58.40277393608149,56.45446832821959,54.56021193996829,53.27205626925103,46.84019057628441,39.214263410152654,44.07169876483706,49.50647151396568,51.63697945892569,54.056536560993074,55.88577566580667,57.584213317780495,57.97051378785373,21.13943352306837,16.989700043360187,19.49390006644913,13.010299956639813,12.041199826559248,16.127838567197355,13.979400086720377,6.020599913279624,0.0,12.041199826559248,11.139433523068368,51.68747852527791,52.773662164404,53.82782240077313,53.841203417738825,53.53179285583874,52.965116246612986,52.262440761624944,51.360162490876526,50.58919260718884,48.352909635809,49.70765159780768,49.82750501982274,50.78028838054696,52.04730280256104,52.91057894434276,52.79541473212747,53.1312449019731,53.212669395747895,54.228720559623305,54.032235037037246,53.78837424342533,53.74179909654637,53.11679706886967,53.33044029823487,52.87015258638894,53.35331505613182,15.563025007672874,53.084875782569405,52.1375409762435,51.577890862820496,50.57879015730694,48.93256732924708,47.77136712504173,46.67947673318739,46.86886408025396,46.42820515556661,48.89962447987167,50.81412123039221,52.36098715086087,53.18418142209944,53.89169629611139,54.18963830703623,54.15647651035116,53.91534937088024,53.27867527414662,52.21531598870455,50.82358044089784,48.88387321231802,49.18292512755356,48.74162792722622,48.43513078608807,47.30499650139442,48.98269811094848,29.37016107464814,22.944662261615928,61.12216442500576,59.694201061645664,41.1965172203987,71.74214328563745,54.037191944157605,42.39999792886872,81.25846599267591,15.05149978319906,13.979400086720377,49.49121539452631,53.32497035220965,56.21543925753003,58.17034240548011,59.49029246036344,60.41354781440346,60.974159318639,61.170763166607465,61.086073011221984,60.61969780533991,59.79592530284006,58.50740556886458,56.60782973180727,53.673055921399055,49.47477835338856,45.02167558310291,49.30994851145845,53.44920573113911,56.54840475788552,58.44089928095044,59.69915622585694,60.49846131951704,60.80772549786506,60.82935014613896,60.44352361878137,59.69744304914016,17.24275869600789,56.10997461854168,52.67514333740617,47.74115331389872,46.496171557325866,53.146444597183546,56.84404562418936,59.37038700231696,61.19727219149031,62.284211488986536,63.1147009992891,63.689024584246695,63.93534842715093,63.85520657317405,63.48142215603346,62.71624637349791,61.620264324211774,60.024684501283325,57.71879117135059,54.50533924406395,49.66367037909571,46.50899780484342,51.65279946904949,55.63086956423654,58.26615065917029,59.77936129000797,60.99941898698056,16.989700043360187,20.043213737826427,16.901960800285135,18.06179973983887,14.14973347970818,19.294189257142925,15.05149978319906,9.030899869919436,24.969296480732147,18.129133566428557,16.989700043360187,56.32085603864458,58.91828376540608,60.65336546313638,62.101828317787664,63.045743195673765,63.78401535196379,64.16033901979486,64.16438288697334,63.845619974603125,63.28954204579589,62.249795581009614,60.88451502371409,59.17615775893204,56.66009446077017,53.02003893983571,49.82112867639261,52.27789041619716,55.73156006778844,58.03239230907457,59.75437782889614,61.15542949499921,62.07245670908037,62.1969190783383,61.94925408891783,61.72780640370297,60.295432602973335,39.37969002951453,57.52019237650745,55.04207079336216,51.74748663614962,45.09605704611556,50.16953989789171,55.4233361185268,57.838099958729615,59.682157519198256,61.358854120522174,62.10787614834856,62.60811682153278,62.82884830268926,62.861909614693246,62.45139902958809,61.46626567666714,60.26137602634385,58.93344461444215,56.27010286108965,52.63882138515575,46.40451621680509,37.50431248660202,46.50987094383445,51.91171455728559,54.64908140249935,56.94359467902213,57.78141116727507,18.129133566428557,15.314789170422552,14.62397997898956,15.05149978319906,18.129133566428557
15.68201724066995,26.60865478003869,21.13943352306837,13.979400086720377,47.41467697685545,6.989700043360188,54.86008023024969,56.816789303450335,57.6440704688565,59.03525149121461,59.56067051236859,60.01042791001319,60.12881495187152,59.91452913151066,59.40499053038156,59.02595695837357,57.39118035812708,56.03988314428608,55.10288915436558,52.47482260677054,48.65554033049845,43.68565785360332,46.62455608647872,50.87128065618832,52.523723723128406,54.86702447644798,56.099453310082346,57.180031682670176,57.67375556091178,57.99939187320846,57.73546566304781,56.957241482488136,14.14973347970818,54.67406818571323,53.23672780323042,51.78692117794429,51.83386589129255,52.36348287166224,54.24889799984455,56.16490217684988,57.39656189206836,58.76200514668308,59.2069296405516,59.49681227865,59.54853951483503,59.26583711484235,58.53759033074769,56.47089428716555,54.32849082039786,52.919368805914544,45.11402029689271,34.70116353151004,45.35256133441416,49.64566027423611,52.02120345939547,54.11340186247645,56.03880208366291,57.4907122781966,57.79135259424617,17.16003343634799,6.989700043360188,0.0,16.127838567197355,6.020599913279624,16.532125137753436,20.37426497940624,14.14973347970818,6.989700043360188,19.49390006644913,15.314789170422552,52.67650362255029,53.604892764231806,54.7045753454647,54.57351946110694,53.93197773398083,53.01561680813606,52.13071280033304,50.91149716189777,49.41600866224788,47.81389120778691,47.70211138680181,48.41515888422295,51.50919078008005,52.61429415559447,53.25139905910629,51.95138278510996,52.69982009047664,52.60607958900626,54.35095486058288,53.73803599095709,54.11518695500651,53.85105563442656,53.30227027165662,53.78837424342533,53.73355272314467,53.49631037224925,16.020599913279625,52.75311354541812,52.89430633605847,52.209705875202886,49.42568551480644,49.480411131542674,48.16718430207881,46.37779829374158,47.37033531333878,48.01383126852731,49.58028448981573,51.36863195205533,52.71258284941816,53.45093260280553,54.008659607565725,53.21136345577094,52.85543807415046,53.15039917346304,50.99991233544685,49.51143160107553,48.18390867778106,47.94069583981632,49.24299966259114,49.248682861276194,49.79844176893234,50.62062776687373,50.9158255208585,24.60897842756548,25.575072019056577,61.12216442500576,59.694201061645664,41.1965172203987,71.74214328563745,54.037191944157605,42.39999792886872,81.25846599267591,16.532125137753436,16.989700043360187,46.07455023214669,50.847406710649,54.396058186395344,56.93264275639922,58.5733309961763,59.83175072037813,60.6894280431203,61.2014534751698,61.37307577326161,61.244996601535775,60.71276517512472,59.73772348653374,58.547219149567184,56.38997134337826,53.18071686699416,46.77360539319088,39.77586438003851,48.76823812858319,54.03163433530174,56.82334643812639,58.77286667470696,60.03584598524263,60.5701531570761,61.20378125544264,61.084652327734176,60.58402486880476,19.54242509439325,58.21958730372928,56.28695382714024,53.436468487662296,48.72721362195942,50.83359264660818,54.54067005278905,57.47654137186064,59.92285259261054,61.4078857829638,62.33206603306325,63.20888108740239,63.76661800421488,63.92104713505766,63.74742848576805,63.06064789082975,62.29923618426567,60.8531091857992,59.04720412810977,56.23110707669064,52.01214081159041,45.54004321011903,48.14387453334589,53.57424060246103,56.977749203011925,58.85893018140269,60.39671843067696,13.010299956639813,17.634279935629372,23.117538610557546,20.170333392987803,16.127838567197355,23.521825181113627,23.59835482339888,20.96910013008056,10.0,0.0,6.020599913279624,54.93576542151903,58.04936384406706,59.79389013112218,61.514813978061234,62.67328046280969,63.56305093370661,64.10236516511895,64.14241111863728,64.01769878676424,63.51507196210318,62.69044307197397,61.49264079826877,59.94046899591432,57.51710873687267,54.08663874063811,49.48608549876436,50.4418292793796,54.44026048989065,57.144345478943485,59.16926414423908,60.64922361089549,61.71264422794668,61.96897934738519,62.36699713665763,61.80451903897065,61.176927876827975,30.224283711854863,58.87982808936261,56.3905297457877,52.15505378231818,49.58988892012759,51.04002014891893,54.14861419201348,57.15629856866207,59.48452089645292,61.13291421513559,61.81386481104252,62.59647863733445,62.7362250560655,62.821653765068646,62.52307272568579,61.61149002705784,60.54893685081777,59.12593997752106,56.41800204679368,53.009648466053946,47.42819362198332,38.06451323247262,45.22509437992878,51.06167090335472,54.43747874470907,56.91756732671087,57.88216466238182,20.253058652647702,22.14843848047698,14.14973347970818,18.129133566428557,19.912260756924947
6.020599913279624,26.60865478003869,13.010299956639813,20.253058652647702,16.532125137753436,6.020599913279624,54.72143325183721,56.75856214504181,57.941212161816765,58.994401915426586,59.78892796542023,60.1273643982611,60.26554917424279,59.92395322772974,59.54391109236394,58.840212111905714,57.66817950056315,56.23812473870067,53.926336506652405,50.81700073774564,46.26720080664835,45.328307877218805,47.593505049820585,51.27415823311429,53.17449042174265,55.2764149908542,56.33695643258756,57.203247174174415,57.84129953406912,57.65263869007868,57.213983755215054,56.99832524704581,21.73186268412274,54.69416976370955,51.66850290998448,50.28184770141743,52.5022965178192,52.68823597025598,55.13116341698024,57.05679867641592,58.011243818917606,59.13248371942893,59.69418242253751,59.79754092332299,59.46199180359444,58.94869656745253,57.91656970597785,56.56091491008722,54.37461993994192,51.59982041007605,44.69321184515248,25.670263661590603,45.35610545908793,49.82944771707725,53.697815564127545,55.42202782434028,56.57378106045329,57.391861332357536,57.49058844438012,20.96910013008056,13.979400086720377,9.030899869919436,14.62397997898956,11.139433523068368,18.325089127062363,13.010299956639813,10.0,9.030899869919436,6.020599913279624,14.62397997898956,53.756892137232015,54.36817571751242,54.91363094781954,54.47432480760368,53.98148420008631,52.69643679866153,51.132613087609975,49.4571471405986,47.15501945293284,48.73215939932279,45.990311070715,47.995955364223605,51.71492427252901,52.75811024031622,53.11450808462132,52.7508320362315,53.37563080205023,53.45981121826305,53.75636183969493,53.4442567966812,53.84202827833461,53.89245845413989,53.39971885195348,54.02612116332969,54.23122943007486,52.86907596223202,17.24275869600789,51.995604687883095,52.819237807320135,51.740307180380256,48.745977687032,48.66310973514932,46.96635924977212,45.96509128341999,47.60821910929019,49.18915855704219,50.54536452654951,51.72211656479226,53.1637717479607,53.68258985002859,53.8962318240954,52.40314566027667,51.8019758233534,52.17139003767122,49.34680210893603,48.3511959042455,46.78964280652131,49.02013775787815,49.02666343312217,50.22036380699923,51.36482749600823,51.78568345758811,51.19681394958262,31.29689892199301,27.267272090265724,61.12216442500576,59.694201061645664,41.1965172203987,71.74214328563745,54.037191944157605,42.39999792886872,81.25846599267591,10.0,9.030899869919436,43.98165783106361,47.42332282357148,51.40712257979267,54.59181321056683,57.15690037514271,58.90703190580454,60.07790437445979,60.88065532274059,61.30244005026201,61.627283560892096,61.18590738012851,60.61755851452446,59.84136497540902,58.33734064903776,56.01888411118288,52.01615582313943,45.29956220078762,40.89763854491689,49.98477303036506,54.4542515610034,57.33686674334263,59.127586128623655,60.27848861301644,61.1041461056314,61.34081437462512,61.13152216197334,15.68201724066995,59.57090806476078,58.48413906304,56.20481686630225,52.49973278868498,50.27924208915608,51.686683391910165,55.02417559937786,58.00613302487841,60.16546155214816,61.63866232930748,62.68099422805264,63.42444987193186,63.743816980508825,63.7415073430203,63.4013027824422,62.665632901221045,61.85513824218539,60.07306006444444,58.09234376939729,54.55753641163351,49.34902258322314,44.47731541635975,50.588661698746506,55.07263370574329,57.77991979872234,59.67183259108302,16.532125137753436,9.030899869919436,13.979400086720377,6.989700043360188,16.532125137753436,22.671717284030137,18.63322860120456,18.129133566428557,19.294189257142925,14.62397997898956,12.30448921378274,53.281369016291166,56.38996137125414,59.04616019324251,60.93444450002132,62.365498568536665,63.2721421357353,63.945394064556126,64.16697244788398,64.12766210036042,63.86249375166514,63.168558643762566,62.13168055667534,60.45728522152625,58.08001542514094,55.33021750752162,51.12138957330487,49.615207567735695,53.40009603066101,56.19168490475349,58.664958685394446,60.16689525975265,61.60762863208301,61.93492201074494,62.22816841386688,61.74777414847458,61.318046590794665,28.87617300335736,58.79371170501992,56.14485917334474,52.90606612366901,49.99756726967326,48.81755446420702,53.12672322369369,57.02341772748855,58.74500951747788,60.85927100574171,61.7246281361487,62.51703663817243,62.65515202348439,62.74066360577388,62.40799020568427,61.80584596602955,60.73921340151337,59.28535131924232,57.04186563502389,53.8886285871059,48.87009312731636,39.07250082881328,44.23655392573379,51.06136479510389,54.39553732943139,56.75104387694453,57.77637030940181,14.62397997898956,19.030899869919438,16.989700043360187,14.14973347970818,19.138138523837167
19.030899869919438,26.60865478003869,18.325089127062363,20.043213737826427,13.979400086720377,13.979400086720377,16.532125137753436,11.139433523068368,13.979400086720377,15.563025007672874,13.010299956639813,16.989700043360187,6.989700043360188,0.0,14.62397997898956,17.24275869600789,15.68201724066995,11.139433523068368,10.0,0.0,17.853298350107668,12.30448921378274,6.020599913279624,16.020599913279625,12.30448921378274,0.0,10.0,13.979400086720377,13.010299956639813,12.30448921378274,16.020599913279625,13.979400086720377,18.129133566428557,14.14973347970818,0.0,11.139433523068368,6.020599913279624,11.139433523068368,0.0,15.05149978319906,21.73186268412274,6.020599913279624,19.294189257142925,6.989700043360188,15.05149978319906,9.542425094393248,13.979400086720377,6.989700043360188,11.139433523068368,22.576785748691847,9.030899869919436,15.68201724066995,6.989700043360188,9.542425094393248,10.0,13.979400086720377,10.0,16.989700043360187,12.55272505103306,17.16003343634799,0.0,15.05149978319906,47.41467697685545,14.62397997898956,12.30448921378274,9.542425094393248,9.030899869919436,14.62397997898956,14.14973347970818,20.0,37.58987546867619,33.9950066131461,32.67171728403014,23.69215857410143,24.4870631990508,18.325089127062363,28.773713458697745,31.287222843384267,35.37189226243645,35.93286067020457,38.77371345869774,37.42332282357148,41.06700732362354,39.624640460579016,38.94869656745252,38.106357002755374,36.25929492716295,38.12913356642856,34.608978427565475,33.58886204405869,30.96562438374136,26.9284691927723,28.69231719730976,29.4101424370557,31.212314551496213,36.50113164443572,22.50420002308894,38.29946695941636,38.03593664771344,36.78518379040114,36.10873000380052,37.53429841575423,34.35366506612661,32.69746373130767,31.03119253545714,23.443922736851107,20.96910013008056,26.82145076373832,31.821292140529984,35.10545010206612,34.222614508136026,36.13313161455459,37.4671202251666,36.75411693714863,38.82239848018824,37.53276570184418,36.8859777508117,36.6143405039392,34.39174739843469,33.25720858019412,28.506462351830667,32.304489213782745,26.074550232146688,25.158738437116792,23.59835482339888,61.12216442500576,59.694201061645664,41.1965172203987,71.74214328563745,54.037191944157605,42.39999792886872,81.25846599267591,45.86148287908453,39.68342830958945,50.72047596510916,55.367856302506986,58.72348602207367,61.16513769495704,63.08264892531134,64.28426548381971,65.39178133457031,65.99443863451137,66.27578854475438,66.17368810565378,65.77654572314411,64.92515103981576,63.58130616346731,61.55035267929965,58.40018850241931,52.73033698174493,44.73121863290729,53.88728023766129,59.0037423026918,61.7975998431029,63.915846505062426,65.12708404462256,65.79239816783179,66.09418628444647,65.96423123096884,65.49210422603961,22.671717284030137,63.195184952404816,60.91424951230121,57.68934681536649,53.65871567034901,54.20854781154247,58.502325702897664,61.72407337909088,64.23269636569677,65.89734298670176,67.05599977854423,67.80892029782588,68.24205327924463,68.35797705382936,68.21561016532262,67.7040902624999,66.91248809208093,65.64473961841537,63.90019829841286,61.21974572954139,56.96800941594272,49.72670217315838,51.78703629679069,57.99722285037245,61.69541010524655,63.97441152208384,65.39185788227724,65.91148339838773,66.15601845580574,20.043213737826427,20.96910013008056,6.989700043360188,21.64352855784437,16.020599913279625,20.0,18.69231719730976,17.16003343634799,16.989700043360187,6.020599913279624,20.170333392987803,24.955443375464483,16.127838567197355,18.325089127062363,12.30448921378274,20.644579892269185,12.30448921378274,9.030899869919436,18.573324964312683,12.30448921378274,18.325089127062363,23.97940008672037,21.613680022349747,16.127838567197355,20.253058652647702,13.979400086720377,15.563025007672874,11.139433523068368,20.0,22.944662261615928,29.93436230497612,28.2020145948564,25.276299008713387,26.39486489268586,37.82185866492016,36.020599913279625,35.66790912381592,26.60865478003869,31.690863574870228,20.5307844348342,15.314789170422552,29.29418925714293,28.17565369559781,25.514499979728757,21.84691430817599,20.96910013008056,23.820170425748685,23.97940008672037,19.49390006644913,20.96910013008056,13.010299956639813,18.63322860120456,17.16003343634799,11.139433523068368,18.129133566428557,21.70261715394957,15.68201724066995,16.127838567197355,22.671717284030137,16.127838567197355,16.989700043360187,18.06179973983887,14.62397997898956,16.901960800285135,9.030899869919436,13.979400086720377,16.020599913279625
16.127838567197355,26.60865478003869,10.0,18.69231719730976,15.68201724066995,12.30448921378274,54.34473093213079,56.27310541980589,57.65785493102772,58.80038027403221,59.516021925949694,59.91910215096176,60.05306233715173,59.85201858364572,59.342484074525,59.10358091131777,57.69737611466765,56.46506650641312,55.4652415621667,53.20904081462547,50.019758812442646,42.710512614923466,45.373782828302055,49.70402670652186,51.84015335635281,54.05928331133011,55.68466914849161,56.9278525036811,57.5100951133749,57.68882184567977,57.64243401712758,56.71672595620886,18.129133566428557,54.440213621303656,53.889479960591146,52.3722694957328,51.16544653816021,52.39614760074578,54.04577167740624,55.52163070319303,57.16141126755968,58.39242295365205,59.14252691721798,59.420378321943694,59.53259409492367,59.39775760029863,58.8311893799474,57.02483096684297,55.2945602113109,53.95286194939092,48.594145240390105,41.72135696649566,41.45289659054146,47.71624221669053,50.254041849607496,52.91637426040345,55.11402029689271,56.83812235741294,57.193486915665005,18.129133566428557,21.367205671564065,14.62397997898956,12.55272505103306,18.63322860120456,13.010299956639813,3.0102999566398125,13.979400086720377,20.644579892269185,19.86771734266245,16.989700043360187,52.84611182369772,53.56198010307629,54.45682026852679,54.56968464437949,54.33688246082759,53.602544028517926,52.83194904019271,51.83508995768143,50.78909727137935,48.11199527384496,48.98209424939754,48.88993384102904,49.226268614358055,50.96138020275553,51.92224453859532,51.94794530985624,52.38490211951713,52.49543209295939,53.716902129073326,53.74493558489223,53.77251596478043,53.737980896904205,53.27941009681113,53.61283873505722,53.688296461958046,54.00739980003667,20.37426497940624,53.68734897723868,53.01971393641917,52.31380377589456,51.46481531566843,50.300651258597725,49.01403826825252,47.90179569070148,47.054018151292624,46.05735893876747,47.67497228404619,49.660713008959874,51.05213741501936,51.98450885566405,52.82667420319751,53.506297969647406,53.402160007619145,52.93983163234013,52.27683643752138,51.35326688341679,49.655074345703255,48.13187209879112,48.6320385902863,49.048723605500456,49.19893590571552,48.52022279403127,49.71447491052814,17.16003343634799,28.23474229170301,61.12216442500576,59.694201061645664,41.1965172203987,71.74214328563745,54.037191944157605,42.39999792886872,81.25846599267591,17.634279935629372,14.62397997898956,50.02122846225162,53.43079547739033,56.20416121042808,58.07124215838816,59.460418495517246,60.26875090906906,60.836781654493706,60.96662916025704,60.83868319502331,60.46770169438638,59.47010004609407,58.12057956873501,56.01104579059853,52.82549611138464,47.19497016610582,39.31508721866618,48.23487270850815,53.22519061254412,56.38590081440229,58.45314512875412,59.65140057889563,60.48985302570711,60.93618474037503,60.97543967459542,60.63698058188904,59.81065297879823,25.31478917042255,56.8549183545735,54.10520797445955,50.96440721504549,50.520703260609984,53.72889919638395,56.79897371318808,59.27372929783695,60.922236229192336,62.13516163252162,62.91009898531409,63.44179200964187,63.68254148838052,63.56614911847388,63.08655317781075,62.38275490606027,61.20285951147619,59.59419684137818,57.10489699751429,53.63581897847254,47.84089257609628,44.99934395120714,51.76901186391347,55.75756905929456,58.31655452405237,59.88948042373731,60.95585655943647,12.55272505103306,19.86771734266245,23.384564936046047,3.0102999566398125,22.14843848047698,23.384564936046047,15.68201724066995,24.62397997898956,20.5307844348342,11.139433523068368,20.0,56.40340293175954,58.98309332032149,60.74436083679121,62.03247260194946,63.02086000678997,63.6951011285035,64.01194546735097,63.98812584565553,63.64271944213008,63.14499649004922,62.15030236895917,60.757297645408144,59.02972711648946,56.45981971552304,52.65765627044365,48.96553773371796,51.4837125733224,55.41312095650818,57.79055089381888,59.63292827295192,61.07293088371577,61.70804244487251,62.04017911458842,61.85475574928355,61.60075176967582,60.52443448345503,30.507663112330423,57.56989636704464,54.900329636764994,51.59858830504534,48.62947896210556,52.46857882207203,55.08710132533157,57.8848654856084,59.61391665465164,61.21994577540279,62.00218287364536,62.615825821966745,62.73080248572134,62.67612137856051,62.26018566882925,61.305974820976175,60.03821001995989,58.83711957978019,56.227040120577286,52.63043983313166,46.44418893126336,38.44725627973226,46.50074282266017,51.847396830794,54.69530425543925,56.69073160899043,57.59408701289968,17.24275869600789,6.989700043360188,9.030899869919436,6.020599913279624,18.63322860120456
18.325089127062363,26.60865478003869,17.16003343634799,6.989700043360188,19.294189257142925,3.0102999566398125,54.57132205547602,56.58641858932213,57.97505748699563,58.94247921852749,59.66176005437673,59.93046292730824,59.98043881901389,59.701031565630245,59.28856533581911,58.89866758149517,57.4069420599023,55.95559046685988,54.61127702524749,52.039923899107634,48.33172620384315,42.85512302066244,46.85714874195197,50.77149794716969,53.10684817502689,54.8707046744798,56.27007210742902,57.18833718303863,57.45555686029355,57.65139331783948,57.4734731930263,56.25272312887033,12.55272505103306,53.49660159813294,53.27060445979236,52.15344057781441,51.78046964753848,53.762045450154815,55.40472130237622,56.77250064225365,58.25548144513146,58.90547320321545,59.45683709494404,59.47534196007355,59.495636897033776,59.02617434745992,58.182786921651,56.07180419411315,53.739596698754674,51.427178788069256,44.6624463557431,40.29748918566837,47.0384142265593,51.44465231164928,53.021685250121166,54.86132817845704,56.240726349287385,57.10940305261814,57.31371160568575,20.96910013008056,18.129133566428557,9.542425094393248,11.139433523068368,6.989700043360188,18.129133566428557,11.139433523068368,6.989700043360188,6.989700043360188,11.139433523068368,20.681858617461614,53.9942449298876,54.306892799777685,54.69580510553375,54.34725349599838,53.72891759958927,52.7732723243055,51.68064151473901,50.38353861380002,49.13940944365866,46.48672200396408,48.9436591505696,49.92275091344532,50.58475373298818,51.77931657935193,52.97009418621643,53.0592288596722,53.253514378055456,53.42116592779912,54.00299623239772,53.84369545287929,53.90929810796915,53.64836054097621,53.88953316589279,53.44292040315761,53.58172881800549,53.9229236108897,22.27886704613673,53.18947726467386,51.734077312696655,50.66527182602356,49.82144545339493,48.00943786787733,47.25993258924723,46.946841543890905,48.10454314567388,49.31864513492032,50.887773073553774,51.9937116139149,52.456828976249824,52.839160438282846,52.823796377440495,53.41426610255788,52.74113955582014,51.39957755812176,50.51206564620352,48.99913477438847,47.64280769056757,47.50392670425053,49.75969173853103,50.41554528396205,51.07023318633999,51.09544800878346,51.05523809481177,26.989700043360187,25.563025007672877,61.12216442500576,59.694201061645664,41.1965172203987,71.74214328563745,54.037191944157605,42.39999792886872,81.25846599267591,9.542425094393248,14.14973347970818,43.95745629992169,47.31467887193129,51.809998948053504,54.87003963878941,57.18456845439327,58.73215939932279,59.91116601960246,60.7874818336856,61.25623404751458,61.37509188852082,61.20512072738099,60.63548388456729,59.56714318256043,57.97345803756925,55.75004154962224,52.45971395765541,45.93119851103941,41.16508123737346,50.08655519492429,54.43369396132649,57.1948458908209,58.935764679286,60.17182393650088,60.89250705331492,61.119678372060726,61.08396211374672,15.05149978319906,59.65453829171628,58.12213244443222,55.88574206654923,52.965774451391184,50.34468022755043,51.88782288846031,55.38365081597608,58.17375613474107,60.04842644197778,61.496861130615656,62.535475890812194,63.25937438382172,63.60155680159147,63.56390740814814,63.35808003491565,62.64985135769919,61.6540459663102,60.13976279729498,58.02571919558413,54.840505824733576,49.92509335067776,44.02948829344405,50.35449751294016,55.00424481988911,57.74666570829638,59.62009247710828,12.30448921378274,16.127838567197355,10.0,20.681858617461614,12.30448921378274,20.96910013008056,16.989700043360187,17.16003343634799,10.0,16.020599913279625,13.979400086720377,53.25367863156124,56.52695878719575,58.94640000862723,60.724175521951935,62.24299407859266,63.18142878734386,63.74674491344136,64.0956474625751,64.0175782502857,63.68815713893327,62.94845241696073,61.9347551125247,60.62267900212344,58.50131392247164,55.553218190285705,50.74618989183759,48.25977561707346,52.7732723243055,56.19662968391179,58.36345639972751,60.12284518034346,61.437914612560085,61.91215078739916,62.085380944344166,62.05650613157119,61.49393103600851,27.234556720351858,58.65620909818836,57.43674357797056,52.98724296642756,50.18117720591,49.66892295867137,54.16262623263744,56.79267959574173,59.09303508802681,60.69350213174222,61.795454720196105,62.28306918869628,62.60825974934073,62.67525592890106,62.3843754481268,61.61746422302819,60.517408340905405,59.08485555044345,56.65297622277418,53.61555972460372,48.055959983272544,37.996850909091,45.81608366032057,51.293611473531854,54.47804338761077,56.56567714785965,57.422890472702896,24.424797690644485,12.55272505103306,6.989700043360188,12.55272505103306,19.084850188786497
16.532125137753436,26.60865478003869,10.0,15.68201724066995,9.542425094393248,18.129133566428557,54.28564014832206,56.29313758290553,57.88655441391485,58.93697972104647,59.56093959882077,59.90150530873612,60.123123811576704,59.96210801519034,59.69379098278609,58.75315974779713,58.32588738913961,56.9946395045436,54.119495098460334,51.48090329412882,47.2657236725846,46.38139683961196,45.98495042273587,49.20592862084808,52.410132461533806,54.71414939306027,55.86403872155297,56.9925480811072,57.570086354612826,57.49795814473778,57.27606314999153,57.37618773946136,15.05149978319906,55.64864823866328,52.716557723522754,51.127993182412574,52.18349038903088,51.87083386136315,54.03810038272506,56.0844579935301,57.23135374655964,58.34670526003653,59.119503381584416,59.46142646161121,59.25667840283425,58.93531519414828,58.17651294518242,57.78627265698081,56.30055462983993,52.88128447182746,50.33926120472871,44.35621430374859,27.363965022766426,44.65174578134159,51.85612973359531,54.42832392146397,55.7564961475522,56.335593449132936,56.97607659471241,12.30448921378274,47.41467697685545,10.0,0.0,13.979400086720377,13.010299956639813,3.0102999566398125,10.0,13.979400086720377,16.989700043360187,17.16003343634799,53.26428036295795,53.96049323895685,54.2075589619883,54.37004965477304,54.208168779157965,53.669904380182444,52.53301651029848,51.18849785930503,49.575977104499465,49.475366463052936,46.21840721731609,47.09414136381479,50.04639453229751,50.83090346109901,51.60135254085642,52.4644441370707,52.974913182611296,53.26126857640182,52.95718801662972,52.944860665730445,53.066930278565714,53.21411997974006,53.51156371804598,53.70352072876881,53.93682228317128,53.42219304429762,21.64352855784437,53.1004297670694,53.45061867720779,52.754495695162674,51.21234740269436,50.7086869911476,48.78895036410356,46.40541061410289,45.471468007418224,47.20696668749796,48.52406791768789,49.91425450856654,51.44826305416504,52.45357182300253,53.22824816614187,53.04570227284572,52.94986186337589,53.22022783730312,51.826114955927366,51.126083525593145,50.01595270193259,49.570179323215264,47.83346067476675,47.00842115642654,47.87460474518415,49.49785083665596,50.137638547339336,25.888317255942077,18.573324964312683,61.12216442500576,59.694201061645664,41.1965172203987,71.74214328563745,54.037191944157605,42.39999792886872,81.25846599267591,16.020599913279625,9.030899869919436,50.61573099691192,53.7345636999195,56.172226765426856,58.00455873318712,59.38153322315827,60.321628750366536,60.823328941539046,60.97952804009375,60.827717311020216,60.48395574754332,59.31545839466906,57.925996807513016,56.25053031768517,53.12272586016282,47.59101003867063,39.82497369197712,48.60900727110924,53.602619814016215,56.30217287776088,58.3717225041667,59.70938397062984,60.58315538643542,60.89280408175916,61.016020558515216,60.69070253250786,59.74037993635528,0.0,56.5671612851788,54.33195193447091,51.27509734974008,50.43319042934271,53.37269528008965,56.66672389717625,59.07293633815154,60.85861173788451,62.18830798571094,62.94069227470891,63.44417819667996,63.654628999162085,63.6207852879917,63.15100466294992,62.29625024591166,61.08339023573557,59.60871114268024,56.911212932557056,53.25811112963501,46.98500712832512,45.556505699740086,51.6868895515772,55.67469849728849,58.267484087852495,59.93942538662266,60.98970967103264,19.138138523837167,13.979400086720377,9.030899869919436,14.62397997898956,19.54242509439325,22.30448921378274,14.14973347970818,9.030899869919436,20.863598306747484,16.127838567197355,16.532125137753436,56.225963240155245,58.87678614787768,60.90839075393071,62.21843103751393,63.12229206243187,63.6115589026689,63.96529215828043,63.97163317188775,63.76837637971117,63.05802629184904,62.33118508312484,60.89282176138312,58.693074212249776,55.57483140603018,51.77270936411577,49.97229066155384,51.98448135553065,55.49777921328038,57.87752267705819,59.815635710987216,60.92928621233085,61.89132231105023,62.16081411250605,61.90239786128891,61.73210751437913,60.58682577222277,36.36287252098513,58.184535415325286,54.74207519804026,50.26917136978155,50.74161580906651,51.32352559688905,55.60744495153928,57.86964968718972,59.679937415964346,61.24176750305225,62.09169854580863,62.60762844936168,62.63323548149776,62.514902674928905,62.05002061239972,61.5982727097216,60.3975031934981,58.51364156878702,56.732661082403766,53.29446696605865,48.09748204663544,38.723311212302505,46.89912366491132,52.20497731736976,54.9174398486166,56.507386887852434,57.61540708041528,6.020599913279624,18.325089127062363,22.30448921378274,20.644579892269185,11.139433523068368
16.020599913279625,26.60865478003869,18.129133566428557,13.010299956639813,11.139433523068368,15.68201724066995,54.11121159584842,56.076458563871874,57.67856852677623,58.88615255200154,59.54849132751547,59.89371940260124,60.14850124659461,59.96943125468586,59.59253715185334,59.00492209304658,58.14889237887121,56.90707183072905,55.37220741390562,53.20131740119262,50.42752659005548,43.743816980508825,43.08009186238258,47.38288925247439,52.00555033601549,53.82184601063865,55.67483958482591,56.8091267792144,57.114393987646295,57.7151178506047,57.602897620536105,56.828487672897154,13.979400086720377,54.89525374539189,54.355401896711264,52.85019170655501,50.49721822152435,52.62327666111713,54.07659387132946,55.30646573742244,57.07149302673257,58.07781869878093,58.81856930548639,59.240212177989314,59.73903807885564,59.48249096295153,59.066474490163486,57.75916857872562,56.47000348592288,54.78775656846011,51.93041072153242,47.120180004512505,40.83681747274301,44.77367285224013,48.81892273384903,52.202362644824944,54.38740069928567,55.81610642202622,56.67644373856798,13.979400086720377,14.14973347970818,14.14973347970818,19.030899869919438,15.314789170422552,18.06179973983887,13.010299956639813,16.989700043360187,16.532125137753436,15.68201724066995,6.989700043360188,53.19524530011508,53.92278281532405,54.08112711958816,54.48961257838149,54.36099009487429,54.05899336380986,53.56157847350927,52.47452782675624,51.53491689990516,49.42746965530106,49.579806102361765,49.108804244379215,46.779352865877954,48.12913356642856,49.96113094171059,52.14525955281105,52.3965227827949,53.04257807674017,52.926547301979866,53.33763559454074,53.2634610360235,53.25681878494295,53.16576256430314,53.13132937452003,53.39898425202851,54.17574649480002,20.253058652647702,54.3469821512315,53.16913439164992,52.72496038580098,53.0234175343688,50.933271107443936,49.5505725325172,49.03594561100246,47.18642832395713,45.95330849805335,46.47079640585476,48.30511682042363,49.779521212014615,51.23361558746296,51.914789604436,53.18849781209405,53.54020033928124,52.46720103107109,53.35227151799523,52.65753851131688,51.68064151473901,49.634336385409,47.91445017261999,47.17936655596407,47.69052222158073,47.590102406388326,48.06451323247262,28.94869656745253,25.2244423350632,61.12216442500576,59.694201061645664,41.1965172203987,71.74214328563745,54.037191944157605,42.39999792886872,81.25846599267591,16.989700043360187,13.979400086720377,52.68037107075885,55.428814212051456,57.43541904466519,58.91199479653751,59.83702496187841,60.40469816571032,60.80014653202824,60.6197844093569,60.18821119270242,59.16475004741629,58.021248767886405,55.902844037181616,52.30147365244535,46.471090043169234,37.81755374652469,47.56499181221641,53.20582439473552,56.214193355408895,58.214224676778855,59.659773740003736,60.42676691661246,60.893599593594,61.05036119360716,60.68530562157723,60.06285012834231,59.12342175235136,18.69231719730976,55.18704724329452,51.78769817094647,50.63802308875193,52.89075878898221,56.097704388764456,58.63130657160562,60.52496945282198,61.78591375785298,62.78887297356893,63.34058081499961,63.59068626789245,63.51801136657556,63.200309437922186,62.505636860938935,61.5155186638524,59.97879819031896,57.82355793270749,54.74857031317561,49.51847296899779,43.114147671623584,49.501798016119466,54.38966152577288,57.42332282357148,59.42778180454522,60.81152804039486,61.59347283503661,20.170333392987803,20.0,17.16003343634799,17.853298350107668,6.020599913279624,23.838153659804316,18.69231719730976,22.14843848047698,17.16003343634799,16.989700043360187,22.85557309007774,57.6913278194457,59.87139162061915,61.47962153575045,62.60686600252579,63.30844809738741,63.831691865130665,64.00255562995717,63.93778703705132,63.46543278934657,62.70162965278735,61.61442574677727,60.157561406584215,57.87314504373163,54.83588723221008,51.0978434089953,48.83712525616814,52.94873874778618,56.136410067167695,58.91920850144893,60.16181454194133,61.33603089797268,61.99988164184678,62.22075739441525,62.08401042579736,61.077853677871474,60.50769402285971,33.376588910261425,56.839696091802274,54.77887831360864,51.72185364195492,50.51422666089034,52.93340452648696,55.9983287433314,58.21092130436115,60.1708553501808,61.36033394709824,62.14980470429367,62.61345198462716,62.75811024031622,62.515226365091046,62.170164971599306,61.31706220067446,60.10687001759074,58.387597049937256,56.1368540543122,52.596822576586575,46.5475393325293,36.44438589467838,47.789611777193095,52.58170177018777,55.11274922697965,56.5150770278495,57.64153706967196,0.0,15.68201724066995,16.989700043360187,20.170333392987803,15.563025007672874
18.573324964312683,26.60865478003869,13.979400086720377,13.010299956639813,20.681858617461614,14.62397997898956,54.05660482428586,56.257002612183655,58.29887586753146,59.178393730779305,59.84185593953866,60.038089481020016,60.23071706121196,60.08109823529387,59.74688966600144,58.49572342067822,58.10028768616661,56.69410797054464,53.21931737970181,50.21023822031586,46.210307999287096,43.44981413927258,45.66343198218278,49.575977104499465,53.94215206154661,55.41415728751044,56.65882922374016,57.38118309485071,57.81942691043783,57.65851024393836,57.21732319776255,56.90855883445815,3.0102999566398125,54.50084291554048,52.35985225802786,51.48284837325748,51.43280294848276,54.01676195809461,55.851470217770895,57.24293077154453,58.478057830876736,58.98001852127899,59.57492353798512,59.65555861829221,59.33434642902655,58.60946790011049,57.56849020066713,57.014997704264665,55.02309653390927,50.005425290922936,47.86864948347202,39.36161740911157,43.81746650650453,50.54352552945692,54.28254694609174,56.09254950684226,56.90550461510359,56.964341528148026,57.24705854036091,18.325089127062363,3.0102999566398125,6.989700043360188,20.5307844348342,9.030899869919436,19.294189257142925,0.0,17.16003343634799,6.020599913279624,16.532125137753436,18.63322860120456,54.7541692817638,55.05760275920085,54.44508524729773,54.31931193131976,53.74904077709513,52.83455014101334,51.13130796033951,49.52196513508728,47.85080578137339,47.43948541033823,48.71129074655939,50.05395031886706,49.07250082881328,50.61622092243773,51.596423762134506,53.89274201368468,54.01903479566567,54.41042811586047,53.27567345722923,53.535796616952894,53.56140633518128,53.48515143092284,53.93394428957834,53.75204390560248,53.8319937972461,53.85722427369895,18.129133566428557,53.18171895013796,51.57205850555379,50.212968253437054,49.981590379559925,46.55916009383535,45.87149498254344,46.52613739905715,47.28069571159562,49.49316804776846,50.9968754557713,51.96342020139768,52.55663194353217,52.89571116674018,52.94300854141354,53.52770829754522,53.04268584506187,51.15397472098319,51.33069233251223,50.30036757683983,49.21499194374012,48.47683686151682,48.62858571352282,49.93497953245811,50.96301574727147,51.61478808069524,51.82311916227766,24.74216264076255,24.60897842756548,61.12216442500576,59.694201061645664,41.1965172203987,71.74214328563745,54.037191944157605,42.39999792886872,81.25846599267591,18.69231719730976,6.989700043360188,44.71775621020804,47.80763621007032,51.470762434529824,54.793449304961406,57.11079703809499,58.88095211261547,60.17677621430735,60.97210788048671,61.40281723567082,61.499432567668194,61.35855237725278,60.77798352115485,59.653607093294,58.18956582971944,55.87200059998376,52.27603935696588,45.643819640575465,41.31618664349126,49.81478827926389,54.58071008203082,57.26826604643628,58.976056509070425,60.392974984257286,61.01538122545008,61.26310999778502,61.25562586641175,15.563025007672874,59.692355401770186,58.25961352758087,56.01173125674034,52.85759782545442,49.75744204324978,51.21500752482953,55.097507586528906,57.896998447962346,60.31479561528299,61.77707586909138,62.80740631438897,63.35323278626848,63.65524673737019,63.64077985334443,63.474510153486406,62.74243775628303,61.91464987679031,60.17958569534223,58.001676782465765,54.66289164135866,49.64580163616759,42.98525595321999,49.93876914941211,54.88621213129428,58.11111645366709,59.854776702079405,9.030899869919436,20.644579892269185,19.49390006644913,19.54242509439325,22.30448921378274,12.041199826559248,12.041199826559248,19.49390006644913,23.820170425748685,16.020599913279625,22.30448921378274,52.24618514651347,56.08217853296413,59.28643657169633,61.02033187989097,62.47950937653435,63.28084672415218,63.84185973260077,64.1326974809719,64.15833401099411,63.7645011724815,63.21942291979478,62.22029378552614,60.17387312045508,57.99937122095667,54.77931182055328,51.34409816857594,48.67184544487144,52.287416026530174,56.53016554506038,58.906696748160535,60.415640002784144,61.42597489654976,62.0671175758281,62.13923705597817,62.03778112663355,60.95730606373884,29.89894563718773,58.94520974741268,56.13302581680263,53.0449483622912,50.58319715594435,49.26573940032607,53.10151433630458,56.856575579055225,59.20712773168609,60.682233505064325,61.82575556978256,62.43468903189039,62.79223299211786,62.69942356504208,62.35260212496552,61.92501663053376,60.93730484814276,58.96966901933155,57.412248946388246,54.30979162870794,49.51735682389913,35.1587384371168,46.05531294496408,52.55393125707304,54.99810756473821,56.25929492716295,57.50052261903416,12.55272505103306,3.0102999566398125,21.84691430817599,6.989700043360188,18.129133566428557
16.989700043360187,26.60865478003869,21.13943352306837,10.0,17.24275869600789,20.863598306747484,54.13668506282474,56.348157065783326,58.00219966493444,59.10605730892071,59.6824565621571,60.08618054107715,60.184612380140905,60.06409986831657,59.79380815791976,58.55548834471832,58.25080622134944,56.85757856448892,53.77599446588344,50.71266934855699,46.62918302165862,45.7603020559133,46.031985206760965,49.37417581477138,53.139620801624446,55.179674379599454,56.34216211967609,57.03959934762446,57.53644330687859,57.479102999652,57.22457043122,57.25887141314174,23.26335860928751,55.21101454913965,51.87410723240113,50.54387040073309,51.68630049799126,53.01431532377629,54.96078205364447,56.78256995332292,58.00101620935048,58.77155873147012,59.425561588939786,59.8037883985181,59.48162978888927,59.046922885380255,58.2581090484592,57.5618027822898,56.05564683081568,52.07162930361459,49.78294669778629,42.56356886395526,35.71475903681944,47.56194744293608,53.013013449273565,55.0201174681058,56.23011397323999,56.46683035771598,57.08105475925203,9.030899869919436,18.573324964312683,12.30448921378274,21.33538908370217,12.041199826559248,13.979400086720377,16.901960800285135,15.68201724066995,0.0,15.68201724066995,6.989700043360188,54.24693837139834,54.89442360326221,54.60592677504898,54.70982019126291,54.19375751625673,53.61973237465661,52.20134249570252,50.47235915459681,48.32106365139072,48.91453824238682,46.24374927964112,47.68408685826983,49.68973004441078,50.79011114055856,51.50833163556632,52.95498926870582,53.360212153351895,53.5916170868564,52.921231037128685,53.045637657068944,53.16310095166724,53.45352162351743,53.46337323917045,53.93487458147175,54.09535824136663,53.74106508804012,13.979400086720377,53.27845072019777,52.88439271682137,52.18916068173548,50.99214335574169,49.45591667032007,47.16879400232708,45.98888950273394,45.93119851103941,48.49542252005016,49.45370094490304,50.70621461794534,51.997167909437856,52.932210820691445,53.31374651574694,52.928428586314695,52.80332473702885,52.19283192112123,51.3164753082209,50.29890834931255,49.13882698490752,48.28253763782567,47.315565343446224,48.12030508037306,49.5761207528598,50.73824620380912,51.063031123490354,29.24795995797912,20.37426497940624,61.12216442500576,59.694201061645664,41.1965172203987,71.74214328563745,54.037191944157605,42.39999792886872,81.25846599267591,13.979400086720377,3.0102999566398125,47.2943209021323,51.1541744899857,53.95551783217272,56.59613894342427,58.31343697217984,59.77764747027819,60.59586514029402,61.04733210063364,61.24319643064689,60.99991233544685,60.42547949812416,59.48496099782834,58.1766385135763,56.01435243865328,52.38593019866614,44.90155202589509,39.320676922007216,49.51541501848838,54.20434364509439,57.049959668152006,58.93065112199136,60.16607187621433,60.91284539801026,61.30494588523469,61.354014171609336,60.86072460499708,19.294189257142925,58.62229800288436,56.9369178195477,54.29437342701036,50.66046246604769,50.991279277264674,54.16968184506069,57.26800535862888,59.464522650130725,61.3338879536648,62.33965460077361,63.19242054464012,63.508606392385545,63.70351147320869,63.51539092863105,62.85900333651838,62.02253941875131,60.76290828800032,58.64162675140787,55.76018677434666,51.00542850012465,43.59323129976208,47.385030920054085,53.46747963628498,56.8686854574798,59.2394671667311,60.67740574499047,19.49390006644913,9.542425094393248,6.020599913279624,15.05149978319906,10.0,18.69231719730976,9.542425094393248,20.37426497940624,24.62397997898956,20.37426497940624,16.989700043360187,54.34928006478944,57.6163921471302,60.08791304424897,61.78643764546467,62.82451941224678,63.59012768073831,63.95410447568885,64.12874483910512,64.03894523144264,63.3745227258759,62.910901109308526,61.59269340746835,59.39351992079105,56.83721382824437,53.031269105060574,49.77032756450076,50.16301939781916,54.06584459182643,57.56022643032015,59.56680250355116,60.79424744594888,61.5095313224741,62.06122072696598,61.79128780011674,61.84097204831805,61.62593677104163,32.619761913978124,59.08807670942674,55.48615413592299,51.53143856513743,49.038764332385874,51.123502479681655,54.51335025819692,57.55742261328376,59.514740037783326,61.1988377612391,61.77340806904183,62.45704109998154,62.65037982822439,62.661189913535296,62.28597953669183,61.77400851899669,60.72201353942428,58.5587819358648,57.12744798339783,54.01941348631176,48.82638361696039,36.75136504467994,46.974821715611895,52.12786677276501,54.91879736219808,56.45068401207914,57.60272414786775,6.020599913279624,6.020599913279624,14.14973347970818,19.030899869919438,15.05149978319906
20.681858617461614,26.60865478003869,17.16003343634799,15.05149978319906,14.14973347970818,9.542425094393248,54.31468303951272,56.4288871467912,57.948016292743525,59.1100198087281,59.62987421906433,60.05153475543273,60.24121824489324,59.9768775183471,59.79089710635663,58.72797039989599,58.09011282127859,56.72432228338211,53.81115080709851,50.89315058927046,46.02754307194317,45.38095948219385,46.33650215229622,50.07004832081535,53.07968584088669,55.36106237969227,56.38688886690123,57.30695085122723,57.8062329910568,57.6609295770849,57.5639341358187,57.473442111771945,16.901960800285135,55.675215795852544,52.34944787296477,51.033418238013,52.149100464293376,52.38660709351697,54.45997847415032,56.63830911658407,57.55158059532407,58.759925496561735,59.27875719097044,59.61916808571403,59.28527964208074,58.85282044549847,58.08851473111921,57.20586769625487,55.38938006340474,51.61203238595035,48.79095879500072,38.83774961355258,39.82497369197712,48.12813123273506,53.33842091351802,55.25802540467696,56.47353624901466,56.916348428025785,57.57171990470201,17.853298350107668,17.24275869600789,17.853298350107668,12.55272505103306,6.020599913279624,19.294189257142925,20.5307844348342,10.0,0.0,11.139433523068368,18.129133566428557,53.46988300987701,54.25666249425191,54.20895976574812,54.30555546546184,53.91254531480867,53.08406459574445,51.532811924835855,50.02895754549215,48.16804522879767,49.33386041903054,46.13767848146416,48.29464592859488,50.93792778306961,51.75865367188115,52.5062002448438,53.0999192878118,53.57095925095734,53.76418173327778,53.43316013230749,53.333142451417686,53.29960978186116,53.558823441174425,53.3962035596344,53.78515998451605,54.073654069816456,53.11857655625255,10.0,52.50588319795821,52.909623418036674,52.14857088531286,49.91093108048887,49.21795685513096,47.0384142265593,45.3150446302514,45.925431429046114,48.39314606254121,49.609176853134414,51.32659850327717,52.66647911717794,53.40580925796836,54.02240742226461,53.2006315959498,52.84144117733732,53.17789726788018,51.49603954933024,50.30227194183445,49.4299959336604,48.93706293064714,47.63794742623729,47.4510603466555,49.28856533581911,50.58232370985785,50.79947822688826,28.2020145948564,29.84077033902831,61.12216442500576,59.694201061645664,41.1965172203987,71.74214328563745,54.037191944157605,42.39999792886872,81.25846599267591,11.139433523068368,9.542425094393248,46.72181012747471,51.27791348178668,54.07659387132946,56.737073057974,58.51417357022564,59.9305909036282,60.72656421681464,61.19524105383683,61.38200350534933,61.22939645264992,60.62263008485371,59.714391424557725,58.510246231730605,56.472029549181954,53.25410976745979,46.63889298622661,41.36720567156407,49.29096917515803,53.78327027028166,56.82839752822757,58.6609348822165,59.98438077478505,60.64609591440288,61.09595418934144,61.14110356531892,60.521492899198925,10.0,58.10936499156949,56.30568209816414,53.31477910643742,48.95842271657986,50.28977705208778,54.2800513453181,57.37012046832129,59.6813023296039,61.52361740065045,62.49707467943668,63.2732541577758,63.75428757158182,63.82712977694008,63.743026448590825,62.99277124834242,62.14952408098733,60.95656395009961,58.89718985056193,56.11096367331743,51.58844773634988,45.300715688373785,47.86616571225525,53.26434180624731,56.89085881820954,59.04488333073048,60.54282803940083,24.84299839346786,13.010299956639813,11.139433523068368,16.901960800285135,13.010299956639813,21.13943352306837,6.989700043360188,16.532125137753436,16.532125137753436,20.253058652647702,15.68201724066995,54.46066270858746,57.6295150590557,60.17042108618051,61.8143338600546,62.84599681013524,63.52449768247229,63.94460962020406,64.13947369095497,64.01336598275824,63.459233582482526,62.813520360980334,61.65982859308309,59.559002765555135,57.04804041473736,53.423535830217055,50.27023254588704,50.71123169625493,54.317914140259816,57.3634629652642,59.56403289528226,60.61359352143948,61.61400647972463,62.41851176693821,62.10432229618304,61.74987328281186,61.382752183006,19.49390006644913,57.9305313438861,54.71034873187784,51.9937116139149,47.99905454079733,49.12753303671323,54.39908738851784,57.6842867198867,59.41678857155207,61.00594183652704,61.8306076244432,62.54308266823556,62.69704365184759,62.69784176808368,62.29844064639568,61.72862613025721,60.792536224300775,58.77109192507498,56.99193174349936,53.800736933460286,48.59360493498558,38.540022331269896,46.37739827119137,51.93152436852077,54.81621755946339,56.59303764847014,57.69001957106309,20.863598306747484,11.139433523068368,15.05149978319906,15.05149978319906,17.853298350107668
15.314789170422552,26.60865478003869,14.62397997898956,6.020599913279624,19.49390006644913,6.020599913279624,53.75158624575428,56.01948146098181,58.00624299773162,58.95560658453326,59.64037946693537,60.02827586678725,60.27131794240098,60.07816884197808,59.83970699830568,58.80709006148945,58.58612380549469,57.24099657793885,54.455325932619736,51.60990451242708,47.8193479811377,45.017847633885,42.38046103128795,46.94192642625333,52.66055213999255,54.56997275219685,56.29919035503541,57.28465791199176,57.68911021716558,58.196768356375046,57.96128015530598,57.97108201028428,11.139433523068368,56.27007210742902,54.36509307905399,52.824068379579565,51.9529343019068,52.372445550017446,53.76828701887551,55.26985068559996,56.80592931124703,57.47654137186064,58.37853478976072,58.940351206834166,59.06734129115125,58.78882982870829,58.18260213402339,57.88411621086916,56.54340214052379,53.250967654011006,51.80965540368041,46.72559627763276,38.23343790820648,45.76341350205793,51.52499323545448,54.26187453031873,55.91013379527978,56.22160121499646,57.13861676850467,47.41467697685545,20.170333392987803,19.294189257142925,15.563025007672874,15.563025007672874,14.62397997898956,17.634279935629372,20.253058652647702,18.63322860120456,14.62397997898956,14.14973347970818,52.52632188258951,53.33431151896537,52.88593483274725,53.34190279686787,53.367498337101765,53.521400516858506,52.81510601492656,51.60567564179986,50.434487352845096,49.74939789064032,48.96421489188604,49.28979299448852,48.98132557687798,50.07474658279827,50.688571998724605,53.49075392622563,53.869357156744464,54.35162459810087,52.89075878898221,53.392088842165,52.74612696169718,52.8282369472048,53.40303293344007,53.14524489156948,53.1895814487584,53.59615434637944,6.989700043360188,53.53387219249733,52.91726174842776,52.14525955281105,52.14857088531286,49.826058727435466,48.34019925074977,46.34235368289325,44.246366646501976,46.04528441456295,47.43760548325352,49.35492150904548,50.735460643576175,52.10120459934465,52.96298736818887,54.07384105286677,54.39326376773675,53.70463125280132,54.25314083052356,53.56599435724971,52.52765678053894,51.3380706627468,48.10937841542092,46.57830005041806,46.48837959790263,47.93580867368156,48.47554151880652,27.067177823367587,9.030899869919436,61.12216442500576,59.694201061645664,41.1965172203987,71.74214328563745,54.037191944157605,42.39999792886872,81.25846599267591,18.129133566428557,13.979400086720377,53.021685250121166,55.729134039355856,57.61586580340057,59.10544367818869,60.10545026358613,60.84663842890479,61.118651327583,61.04598060744866,60.597791863108405,59.62041952232525,58.57608668148062,56.585884815626684,53.626671614274805,49.05385669546877,44.11282913017384,48.469923898235024,53.23066376363904,56.057552719785626,58.15153871997053,59.450256941425145,60.3475876551958,60.71837839519735,60.8016236633508,60.51069902127576,59.77476672974879,58.55442223611271,12.30448921378274,53.4183005692051,48.97764504511617,46.755767236029406,52.14101735973232,55.927761364881874,58.7505663089252,60.77270859608216,62.06445094544544,63.113310125917614,63.6832129230963,64.01001392444013,63.849783268690544,63.504234456246174,62.91614126474209,61.9592897321248,60.56334560796464,58.59033765711594,55.307694159316,50.76254394393521,45.7265091525236,50.06637159068586,54.14445192117664,57.3823576380341,59.34203940147478,60.78238165714562,61.5810696733725,11.139433523068368,11.139433523068368,18.129133566428557,12.041199826559248,14.62397997898956,20.96910013008056,9.542425094393248,20.644579892269185,13.979400086720377,18.63322860120456,13.979400086720377,57.37141733408087,59.810829897919845,61.69435770983442,62.78093428982157,63.52939460677231,63.94790753432006,64.17695010950844,64.06000468498641,63.64712489103504,62.72643961335503,62.03101726485863,60.38719486016895,57.64269559191143,54.56903254031484,50.45655419363592,50.10452611461322,53.33819942767131,56.46035939766168,59.17508135266991,60.516101241765945,61.42902306539543,61.87443161325247,62.06720661519054,61.86256891618334,61.70663252108605,60.46506480036324,36.28388930050312,56.90143784279151,53.89734726330133,50.71163723611753,48.58085826163788,53.423535830217055,56.488087127293454,58.59037971490928,60.39132430507244,61.45048714662778,62.211804645116274,62.751108646643246,62.78964982342197,62.68112072275095,62.16051043269236,61.5912485385479,60.53063069955324,58.36289294782418,56.630843738685726,53.06562264367947,47.53276570184418,34.75089803389007,48.46491747873616,53.04372028490833,55.413607938019744,56.61506963320299,57.56819370747705,20.170333392987803,18.63322860120456,21.613680022349747,20.644579892269185,16.532125137753436
18.69231719730976,26.60865478003869,16.989700043360187,6.989700043360188,15.05149978319906,19.54242509439325,54.66823151065687,56.78514737142396,57.79158368761063,58.993750401570615,59.56648579205204,60.06213521810737,60.03716380267055,59.84064419357086,59.34288828324679,58.95560658453326,57.44731750961762,55.911904228424085,55.12217305233624,52.41636119288679,49.03133414268807,41.798389280231866,47.049222912234015,50.74084689028244,52.642155300585245,54.958356195273126,56.38214616150927,57.40871700070577,57.88816499719125,58.06772652789285,58.085357280594,57.15436720970217,19.86771734266245,54.74421703806421,54.16382516376694,52.68151892274596,51.71588978424357,52.78136006715478,54.08826545137132,55.85643433165928,57.2132990584712,58.51527405600252,59.02401627867852,59.19510078955799,59.35806432970664,58.924758349560655,58.43329969430198,55.973495869334414,54.060664560197054,52.51321812315588,45.0882588086869,38.680563618230416,46.54060971429263,50.78184845714645,52.7276958655176,54.71211006951045,56.25469879902775,57.72430266773955,57.99314353123347,16.532125137753436,21.613680022349747,18.325089127062363,10.0,16.020599913279625,21.33538908370217,11.139433523068368,10.0,18.573324964312683,12.30448921378274,20.681858617461614,52.34610915002839,53.21235849327542,54.12621802867024,54.15831067210864,53.373654036061296,52.75491025432565,51.90782569929581,50.82828438707993,49.696488404807255,47.82185866492016,49.19877922346189,49.760058925081296,51.57290513654097,52.79733086805439,53.64447802980722,52.66318735073827,53.09768523528787,53.16041672992424,54.43846349869568,53.95074656521357,53.89368117245984,53.705871002466765,53.28919587028904,53.29377537222727,53.34889837239592,53.57359215978435,13.979400086720377,52.80179856690861,51.96590654117307,51.39249217571607,49.49023873857818,48.70128725925292,47.61175813155732,46.29919035503541,47.43462726677742,48.19675519994292,50.08685319195168,51.68244022021348,52.88734237356689,53.593971737876046,54.154090941416285,53.92375069266905,53.825213241896805,53.47862553370753,52.2927217882129,50.48053173115609,49.08039772917383,47.67519481847482,48.97198082382968,49.22315356850908,49.8480625232509,49.807530758424654,50.62600784448157,15.05149978319906,20.170333392987803,61.12216442500576,59.694201061645664,41.1965172203987,71.74214328563745,54.037191944157605,42.39999792886872,81.25846599267591,12.30448921378274,11.139433523068368,45.153571497383695,50.51171823995435,54.27688927238875,56.93981824321287,58.57456132121175,59.88338186433177,60.77127250379428,61.23633459318452,61.46137031685048,61.27238631190156,60.8052728042352,59.87860135027575,58.58241150864848,56.55584990403644,53.44645701936844,48.26288656277071,44.060118934124674,49.316815713472224,54.20434364509439,56.81762982006568,58.71797613138386,59.98270239252803,60.54823257356316,61.03749345250775,61.01308778911153,60.481511407664414,20.043213737826427,58.11025758733572,55.70389975911851,52.20238879934404,47.26474544005436,49.63683961898085,54.26576319335172,57.606531411037,59.95294644427155,61.46774343097096,62.4404196896993,63.30833253403408,63.82782240077313,63.93840612073551,63.82487663622945,63.09640811768049,62.44856782940123,61.018532294800266,59.35402962166228,56.635360317596295,52.47231633865114,46.70839354337524,48.45451535902862,53.60383220216674,56.8379964340228,58.91609369546734,60.42296655487233,25.71708831808688,18.129133566428557,16.020599913279625,12.55272505103306,10.0,16.989700043360187,6.020599913279624,11.139433523068368,14.62397997898956,20.681858617461614,13.979400086720377,54.80929198315397,57.98435170890159,59.799765399963405,61.67616510799125,62.64671459991132,63.59377809702117,64.10639755308075,64.14651516765483,64.0171356805238,63.5385951324077,62.70815739580559,61.58860438802695,60.04765331143926,57.89338116333026,54.637138615418735,49.85107485109786,51.0791851280483,54.60049464180617,57.52359644731513,59.27266140392632,60.77130159391969,61.72470404476067,62.00774189019366,61.93762486871673,62.17739970872185,60.96295312073802,12.30448921378274,58.4002889363412,56.43809835498752,51.996921122386446,48.60338006570994,50.031717681714966,53.38683542367381,57.33938384887203,59.44445656838536,61.07804681427605,61.86221536270829,62.64402212094271,62.78948532563856,62.77031298510005,62.63831279721085,61.47481234295499,60.49311463483507,59.06553211891229,56.52981793876136,52.88761042486661,46.98570269506439,38.26398782187618,46.599162000698506,51.455227038386944,54.52889951176493,56.85135990436816,57.84534561995059,6.989700043360188,14.14973347970818,17.24275869600789,6.020599913279624,14.14973347970818
17.16003343634799,26.60865478003869,9.542425094393248,14.14973347970818,9.542425094393248,6.020599913279624,54.250938339654425,56.34099239251701,57.89563791270566,59.04825862616684,59.545222979610415,60.061206087045925,60.22439094373642,60.12544082430101,59.90094550948234,58.73540309704113,58.29065006093137,57.11376937918617,54.22790035300493,51.50995772980126,47.37772905018306,46.3164666295842,45.87396633063575,49.11056350370062,52.68758110569516,54.939429631001566,56.15503960983908,57.12833143881585,57.52436449160342,57.73827386638834,57.49730133397203,57.65854002853953,20.0,55.81209852354842,52.57594587152616,51.17433711309793,51.935030491148765,52.22138761477087,54.248065265793805,56.18775845563984,57.40661065726079,58.503717282381785,59.09454396720206,59.49472953848998,59.405747521869536,59.03921407442344,58.38844055409724,57.898767211377645,56.43568143985809,53.04759724138583,50.89063955206904,44.91753782772148,28.020892578817328,45.11201317433035,51.91163066185545,54.3501893197874,55.84024621882841,56.28381776905819,57.05954323332862,17.16003343634799,16.532125137753436,17.853298350107668,13.010299956639813,0.0,16.127838567197355,12.041199826559248,20.043213737826427,14.62397997898956,12.55272505103306,13.010299956639813,53.26771984915613,54.13477469862401,54.21960757141764,54.42316682034939,54.12152988299709,53.87788340015945,52.68414144576543,51.186019754395424,49.40601144182706,49.580475830043504,46.48369770297837,47.47831138511073,49.947745270042574,50.628751750198006,51.44094506577413,52.417954312951984,53.26434180624731,53.44757634770257,53.078724059585866,52.81160680998386,53.171687698622485,53.17101812398005,53.3256973840392,53.617353888994266,53.783906323604185,53.56782820979656,19.49390006644913,53.26968404752386,53.49279470615652,52.99376533060346,51.4111412380386,50.45987605660968,48.75223369740308,46.12465963953142,45.39389782072505,47.12548691164632,48.12057287410332,49.88474229978329,51.47382573846099,52.5267102588598,53.36293589436407,53.0666087655063,53.2851007607689,53.217495891692366,52.00160768000181,51.37369938140725,49.97360168647419,49.55884893531976,47.30006634176864,47.02439153314047,47.66479770899863,49.6876771499446,50.40463881735048,21.613680022349747,15.314789170422552,61.12216442500576,59.694201061645664,41.1965172203987,71.74214328563745,54.037191944157605,42.39999792886872,81.25846599267591,3.0102999566398125,19.294189257142925,50.602028403032485,53.92718052074204,56.117530386412525,58.15775592787601,59.37712929686485,60.489515478018376,60.92027254937462,61.12468592881218,60.96411156544403,60.52494636197991,59.56858237638254,58.08481056565952,56.25045823467346,53.02473793696955,47.261809419708456,37.88733858827708,48.64659380353636,53.52236560284334,56.59323749188812,58.49817283576458,59.81250346839865,60.65188935333484,60.96953440284919,61.15946502305206,60.84010433036489,59.92216289593159,6.989700043360188,56.68106237932732,54.12819930681114,51.09544800878346,49.78143981690324,53.38705444303256,56.69177363142873,59.14733370713096,60.94108308044441,62.35023412285884,63.01769620442087,63.58508384469731,63.79125960162184,63.722213675498686,63.32647275053053,62.393200043753005,61.30034162831952,59.66386746551963,57.06957474037797,53.09276627073808,46.35292695651132,44.97620649781288,51.680995417304274,55.81746052883986,58.36023297439273,60.14736372316017,61.25697545792956,17.24275869600789,15.563025007672874,14.62397997898956,15.314789170422552,16.020599913279625,11.139433523068368,16.127838567197355,18.06179973983887,13.979400086720377,21.13943352306837,18.69231719730976,56.197713861616734,58.82786856824794,60.94257597533405,62.33241125577139,63.19851114934223,63.81476270704773,64.10542566639447,64.04930139807915,63.90118360278629,63.02405397524629,62.40085004010307,60.99488652946627,58.57827430650346,55.726137358877104,51.31236804915504,49.01529154117124,51.620264324211774,55.45189556465446,58.26583989852063,60.11595815464625,61.06315012248528,61.823555820852285,62.120663580394805,62.2795711114776,61.63915068640998,61.25131412037945,29.93436230497612,58.78674001680523,55.15737443234154,51.67009970047716,47.81166344847557,52.21635893166134,55.29652321703955,58.22368174999316,60.04852522096389,61.2304107274726,62.0610991417329,62.70351070488846,62.68676238610841,62.59917926065967,62.3087712893893,61.71291356384931,60.55663434677467,58.36193047887575,56.82330131263668,53.49044286602036,48.29027023001764,36.40382044709568,47.34999734992562,52.32792884145159,54.97975397326584,56.56412544273654,57.682295095218734,18.129133566428557,19.294189257142925,13.010299956639813,21.13943352306837,6.989700043360188
11.139433523068368,26.60865478003869,19.138138523837167,21.70261715394957,16.127838567197355,14.14973347970818,54.56806178546688,56.65206567245696,57.92426711834622,59.10283878449909,59.74537943042039,60.17207022357245,60.16339584674163,59.902966666692485,59.50585353772328,58.76313120816619,57.47558619664864,56.07920166145897,54.51947539634386,52.00623446041461,48.62137344855608,41.472433595433685,46.56797495165782,50.68779363009561,53.27401850779296,55.04917840176204,56.47407422944327,57.39582628168527,57.709528445866034,57.98184339910188,57.664187963111296,56.39547246402409,16.989700043360187,53.71446549756689,53.24171294617649,52.25973141235596,51.31583380498573,53.94600506254613,55.57527652964826,56.81025846291523,58.191680423871055,58.96549364548129,59.42326088273791,59.6861788576668,59.617176420342034,59.058762578708055,58.24883722566744,56.26188389052646,54.19375751625673,51.69171677967163,45.883165349267934,40.28774526500088,46.88793439285537,51.41568913665816,53.22136564096103,55.04590463909714,56.426623314420354,57.28548562028337,57.32691230068507,21.613680022349747,12.041199826559248,0.0,6.989700043360188,9.542425094393248,6.989700043360188,18.325089127062363,6.020599913279624,16.532125137753436,15.05149978319906,6.020599913279624,54.12927352040221,54.67178777943032,54.76269202250674,54.407989209437126,53.67573945493909,52.974913182611296,51.820521135145405,50.33588595253215,49.18454982409144,46.185292167711125,49.17799490936301,50.07585633882447,50.26623137430484,51.51213512876824,52.83635868407528,52.9965980886702,53.27653133094465,53.59930296112103,53.9551509976803,53.95356102339639,53.78283406558633,53.58426007651987,53.86814539260739,53.48742831636696,53.327332760793865,54.04903813615246,3.0102999566398125,53.35710580538959,51.62803292382674,50.62972861315249,49.7143357663525,47.76134343165844,47.03824244304884,47.13608131095253,48.14387453334589,49.26465925131506,50.83592192787562,52.31800792057899,52.39171800311063,52.7764817301147,53.06523670896152,53.46955091548924,52.95490129563044,51.32643850973081,50.98300999754269,49.31437528550688,47.7542839204817,47.58639427132536,49.2848290728324,50.55504472542908,51.72100633785177,51.76279412567523,52.159546438691294,22.04119982655925,29.44975908412048,61.12216442500576,59.694201061645664,41.1965172203987,71.74214328563745,54.037191944157605,42.39999792886872,81.25846599267591,12.041199826559248,6.989700043360188,43.700317127095815,47.0763829538,51.68736073692755,54.957912463163545,57.15017546439686,58.90651240043074,60.10429716658531,60.93991847593956,61.39924716395264,61.47649431152282,61.28639938173109,60.82700656684828,59.63253127284848,58.11845685344536,55.77512480034458,52.434969174935055,45.65115509819377,39.95459686621064,49.92235301556633,54.67661371827503,57.42017747140138,59.18610058019741,60.27917285626216,61.003988078070535,61.28364691813452,61.22905285424036,11.139433523068368,59.79666719757698,58.23508136725067,55.97832252198357,52.78838165855095,49.73907958581669,51.70862855706599,55.38891547190629,58.20251390625244,60.18685938741275,61.62113151072855,62.75422160376361,63.40064982845486,63.71365298317344,63.72170309027542,63.38598512567263,62.810945279753234,61.68832061891642,60.23106298035404,58.11931409996892,54.80955027738318,49.60018647680244,42.98787599944235,50.16908043972074,55.03412041976532,58.00624299773162,59.84515161929227,12.30448921378274,23.26335860928751,23.54108439147401,20.863598306747484,12.30448921378274,22.671717284030137,15.05149978319906,22.50420002308894,15.68201724066995,16.127838567197355,19.294189257142925,52.8443298991389,56.63773458757652,58.88130611969644,61.03054172998105,62.2937924070546,63.39768152069075,63.94563917436142,64.13784595262074,64.16885373726264,63.71663453562245,63.09589716546264,62.12327462006626,60.52515802343698,58.49250454509868,55.31747074946718,50.48418495528794,48.57054941839558,52.62631415024078,56.08424401056224,58.71328284138352,60.26532038855108,61.54992414105854,61.710228240736825,62.22011145386472,62.2946604902796,61.302057131705176,33.80934463330702,58.90049725592557,57.297550612824175,53.766681858105294,49.829989710087446,49.45690107443128,53.42505583673731,56.96842840594233,59.40409392241573,60.62755291424271,61.695994985733975,62.457369131399,62.72200273885242,62.81834140608662,62.45951182481701,61.62243196592024,60.80414698694419,59.27631579845496,56.98575485807921,53.51796306897023,48.04466563967342,35.6702636615906,46.031985206760965,51.69615662222747,54.818008095386105,56.445882524780735,57.59559068624243,47.41467697685545,21.13943352306837,18.129133566428557,13.979400086720377,15.314789170422552
17.634279935629372,26.60865478003869,19.030899869919438,21.613680022349747,6.020599913279624,18.06179973983887,54.03863164552087,56.19440835940577,58.160091722136976,59.03157840203847,59.73589623427257,60.036005350434,60.23240109852001,60.1911379688308,59.88300711216859,58.78367811961307,58.4871611070603,57.12822206836856,53.98747046096026,51.69045162289749,47.57046630481726,45.44080452586785,44.41302286693167,47.99430156530388,52.8125614182472,54.71752171153051,56.212303054795136,57.10389877691224,57.50489881015231,57.66301284544187,57.53758426367565,57.42760470285837,21.84691430817599,55.530974323808735,53.12388949370592,52.078927670684905,51.39328001151306,52.80006673939351,54.772978319073744,56.32060272920067,57.728642358152136,58.30378206190756,59.14787275106086,59.59760961121594,59.435311177710346,59.06895598689172,58.36548169048679,58.01832304231458,56.533205913972935,52.902127469195285,51.45920144998375,46.26596966780973,37.71219901949534,46.27795841028035,52.02303007613804,54.46241945325413,55.95593210777484,56.06512493646135,56.89601842441036,14.62397997898956,16.532125137753436,11.139433523068368,19.54242509439325,13.979400086720377,12.30448921378274,13.010299956639813,20.043213737826427,21.613680022349747,10.0,17.16003343634799,53.83414984497542,54.39990743394874,53.96612515126108,54.2726046404095,53.98608307715882,53.86058205057189,52.63600566225711,51.202118682570735,49.62013987649185,49.309490311675226,47.546082229424,48.187667747080944,48.355954600969504,49.50832005172585,50.58850999869868,53.15285844954545,53.557674995018,53.929817008063765,52.616363204193846,53.06317781104432,53.04287982130213,53.05351369446623,53.73686049954817,53.528170893247065,53.63525488396309,53.96514924384647,12.55272505103306,53.81865643837955,52.91077891161752,52.21701064384597,52.01301514382703,49.53203786986165,47.78708237644988,46.15918503695912,44.70366383000007,46.91479339403794,48.39760780961321,49.77618447578888,51.14694366104735,52.407413935588,52.80771802290064,53.653756528261525,53.67557178266337,52.87902456659205,52.6755889949839,52.00097761858999,50.797165458748914,49.64127577055362,46.65927912802659,46.60533466698088,48.53308753633807,49.512403503243405,50.38051591294768,15.314789170422552,27.97959643737196,61.12216442500576,59.694201061645664,41.1965172203987,71.74214328563745,54.037191944157605,42.39999792886872,81.25846599267591,9.542425094393248,47.41467697685545,50.49287814389517,53.84396429207227,56.24158288789103,58.14687662043553,59.432273277871765,60.45530295129854,61.02396998356349,61.22497996091957,61.064129190431714,60.48635988432649,59.69793193205612,58.275372711594045,56.13767848146416,52.92242776423943,47.08293397717032,38.21382499747299,48.43388522938088,53.57456478749601,56.433460638467245,58.490636011705305,59.7601966120343,60.55661524420308,61.06512502963618,61.08175878525592,60.6907766192247,59.99271946827918,16.989700043360187,56.722696936675575,54.03069020752977,50.74948025097599,50.43916092377097,53.369238006579245,56.69006160537444,59.2213614048994,60.94915677288887,62.37247070004695,63.16546085713242,63.65471698542457,63.73756950588248,63.65801237822591,63.172917772972006,62.49924184504663,61.24950353830311,59.74037993635528,57.02825013729432,53.33900477661204,46.450782347729245,44.91711790170768,51.180662217140096,55.68245151343858,58.20791068820072,60.1136149219592,61.245994200975815,6.989700043360188,19.294189257142925,25.289167002776548,21.613680022349747,20.5307844348342,17.634279935629372,19.86771734266245,14.62397997898956,16.989700043360187,18.06179973983887,14.14973347970818,56.250344958952034,58.79179058720119,61.06270470950908,62.29484227924648,63.28657014721174,63.83465276880248,64.09488123799869,64.11549169464892,63.904611851615655,63.145118587487175,62.53091706037335,61.10382276736865,58.59481752658793,55.6706638060933,51.10050716147654,49.155317393839454,50.877423863228,55.02810713891365,58.15825371664307,59.92732412075853,61.11765761549172,61.82739823515358,62.131930436743176,62.10932466521059,61.37615179350192,60.94654520810545,28.836614351536177,58.1235509661842,54.861540861134166,51.72509524502993,47.64340550120468,52.67718360538143,55.56420709287487,58.19823504864144,60.02395032307298,61.150277335990566,62.26352402824536,62.647160823314536,62.76265293169637,62.58753382322106,62.17644471896351,61.76414543325295,60.64375989683151,58.46105674211049,56.84077489445805,53.55704322015821,48.13747736307582,34.608978427565475,47.77136712504173,52.71034974562218,55.19250299839527,56.43982389980782,57.54892392097428,12.55272505103306,15.314789170422552,22.671717284030137,14.14973347970818,12.30448921378274
20.0,26.60865478003869,3.0102999566398125,19.54242509439325,18.129133566428557,47.41467697685545,54.78661712516641,56.99783977515726,57.98225809571342,59.11490529018374,59.67149534228463,60.14541538950471,60.235475149684646,59.87791798992867,59.48086143834759,58.80484889858473,57.70351180179229,56.06249121658478,54.24007270016892,50.927802771504,46.41761561928513,44.86076097372589,47.7027010902593,51.39302791960717,53.23648045708645,55.41304603142871,56.5312371560381,57.32272301235342,57.75296535889159,57.88106829940792,57.50225201162984,57.30618375263483,18.129133566428557,55.14309954503901,52.23446616014684,51.07996415894512,52.74400339641551,52.80662580734895,54.836757157439,56.80212188913516,57.84795537856762,58.99072697440117,59.29644189479178,59.60329953865436,59.30981614759762,58.72067655974664,57.83549856695821,56.11108064339573,53.9795564299197,50.8656269136646,43.247761588164565,34.15140352195873,47.060688423272055,50.86178243384784,53.94570745248652,55.59236121732809,56.7161432073896,57.69691116012324,57.8668471166064,16.989700043360187,16.901960800285135,14.14973347970818,20.253058652647702,12.30448921378274,10.0,47.41467697685545,16.532125137753436,10.0,9.542425094393248,19.49390006644913,53.24944712297192,53.93078331919766,54.45107360258192,54.18541578650475,53.44710508672361,52.14857088531286,50.817936166710126,48.86907898662259,47.3143564737856,48.80201720538837,46.73840774141348,48.6513952252993,52.59331024917654,53.2104718743712,53.83114905342069,53.11482607125304,53.46654137348612,53.55461098637604,54.14923234177824,53.678123426835576,53.70559347731661,53.81752060139063,53.41920978427319,54.066304361823725,53.89272429175553,52.86389097228518,17.853298350107668,51.60339454145891,52.38226812363568,51.31310635860366,47.53031223390575,47.82902405974645,46.49733914639594,45.88831725594207,47.77832650929498,49.60456506944467,50.96218065256196,52.077528196603325,53.59131316790568,54.10333436025631,54.39681568503029,52.51793905967556,52.24297334970839,52.77957426972286,50.07598436935072,48.86406114109727,48.02978855335262,48.8027610611817,48.92016645402481,49.66620366591048,50.73182940326544,51.39022240978239,51.28221507666712,25.888317255942077,22.14843848047698,61.12216442500576,59.694201061645664,41.1965172203987,71.74214328563745,54.037191944157605,42.39999792886872,81.25846599267591,12.55272505103306,12.30448921378274,40.946807133711545,46.99013431612882,51.387099543426274,54.92763181908416,57.220289436975634,59.03125814808824,60.22730581164711,60.9948209070012,61.43912767120452,61.691528500611696,61.39302791960717,60.7656653815362,60.16421973773943,58.59331674461557,56.47955782657896,52.653132025542966,47.29529249627174,42.52197455364876,49.97779430865605,54.187337128393374,57.1445382615999,58.95462879404591,59.93775597108715,60.97818648180001,61.17523511031388,60.88632850088536,9.542425094393248,59.208769455142026,57.94552175298801,55.60343092925499,51.12621756399718,48.65281684995611,51.40394898045077,55.1042167450894,58.35077688921001,60.29114594054281,61.72565862827416,62.84524801993327,63.578167333181376,63.898754432606665,63.95202116385608,63.46578670674366,62.94822333870755,61.992882791413,60.37736370033294,58.325197699325685,55.23435587962374,49.97700850024081,45.801605834199805,50.58293134312226,54.985862088175175,57.67758263693147,59.57743730814368,19.294189257142925,21.613680022349747,15.314789170422552,18.06179973983887,17.16003343634799,13.979400086720377,0.0,21.367205671564065,24.84299839346786,9.542425094393248,17.16003343634799,52.98634783124435,56.477711184780034,59.03873723800465,61.10622701960223,62.241602432612105,63.277678982659424,63.9620859101645,64.15311297997857,64.12185771363798,63.77991400111164,63.17354941045566,62.0384248842145,60.60661962370996,58.31102205242229,55.42582701767542,51.821434904285326,50.41317664177534,53.36003184550775,56.046428621360505,58.850897011218215,60.32361250222972,61.4364703503356,61.869306384777154,62.01046542717535,61.92860879278832,61.0331101318382,32.555137128195334,59.0239673427718,56.7886422013453,52.96353614802274,49.36875503834174,47.939579258033845,53.22477726447527,57.02992859338142,59.17640450716764,60.75877483319559,61.849595887220616,62.54137030885468,62.67905652474941,62.76688313538189,62.49625101952954,61.8018352866261,60.83701088618475,59.20123326290724,57.1324350461081,53.71898694778741,48.53564374929077,39.96861768490673,44.856646522502544,51.16929693163621,54.24085789786781,56.73958560395994,57.79989486967887,16.127838567197355,10.0,22.944662261615928,10.0,15.05149978319906
18.69231719730976,26.60865478003869,16.532125137753436,18.129133566428557,12.30448921378274,12.30448921378274,54.80354814406802,56.64044645054139,57.87931354275738,58.94234624834044,59.66305090638719,60.08029252933316,60.085086196483815,59.88837992830126,59.3493656461689,59.117625351363145,57.52442592927913,56.108059678863285,55.235097508270805,52.60092863554843,49.10949737100534,42.77517532969171,46.43502025328,50.6619543102185,52.43982542039653,54.56147312308711,56.07859104355889,57.18312318443429,57.78621481409864,57.96788652516018,57.80234478593719,56.699794412144726,11.139433523068368,54.35366506612661,53.7735361281668,52.271794368134266,51.79166729898704,52.77765028169077,54.55327648930955,56.07224410605635,57.53838045861686,58.69002187271554,59.27671082265773,59.449487949703546,59.651169982845936,59.27119775738373,58.57363861011255,56.51034624571395,54.44090097655887,53.23165438945149,45.82336132405803,38.60996436757196,45.75002999433531,49.819272804088406,52.05204363948145,54.23712694379625,55.878478528149714,57.34807827571957,57.70148473913018,20.681858617461614,17.853298350107668,10.0,14.62397997898956,11.139433523068368,13.979400086720377,10.0,12.30448921378274,10.0,11.139433523068368,14.62397997898956,52.86568734057264,53.627236824674014,54.63872094590688,54.33372949016076,53.89819692949374,53.02038558334101,52.12262200730183,50.8023674561596,49.7235097327669,47.47955306906729,48.625368496553854,48.81099218389017,50.81210443866623,51.997167909437856,52.98158523099872,52.11133895741589,52.58457686133784,52.833577737829735,54.157627120549975,53.86193871320607,53.84132895011018,53.85463272450526,53.50015298234692,53.68244104323679,53.64320185775914,53.78910030018805,19.54242509439325,53.183346842261365,52.65652565099615,51.85672451980817,49.90467614225798,49.34725638922736,47.80418131659842,46.33488654853184,47.05179244873676,47.17578975363936,49.55326890731545,51.29722108695879,52.32411578420846,53.02140368865592,53.41658044617576,53.50684032686936,52.98328988073496,52.92760977446949,51.35326688341679,49.882467233753786,48.45178687215317,47.56864224060549,49.04353031253813,49.43850511220642,50.05819467911864,49.72003702510512,50.9083978004538,21.367205671564065,26.989700043360187,61.12216442500576,59.694201061645664,41.1965172203987,71.74214328563745,54.037191944157605,42.39999792886872,81.25846599267591,12.041199826559248,16.020599913279625,45.94270975108351,50.84368910904925,54.51371893184245,56.952162905263165,58.73734931508234,59.915848851134506,60.71265092012848,61.21571989819502,61.33724082710483,61.311915371296486,60.67929292395363,59.799692633479154,58.3768563862223,56.368818924800514,52.96939279561827,46.98839696444287,40.40800061256529,48.714912057760806,53.95169074827421,56.89064555284253,58.69570806524501,59.89436468245893,60.68432634213163,61.06094641226523,61.00519420562741,60.47889844571703,20.253058652647702,58.135042631038864,56.07227629298564,52.90882328081014,49.18082784642187,50.51461244324184,54.51394933697902,57.691889432301615,59.95477679451408,61.39366442349865,62.49976942404465,63.26793881942695,63.76631331701031,63.8145245333055,63.67195034517565,63.0680168165533,62.24539536834541,60.99327676602255,58.95237959289883,56.36344445156513,51.99233930536902,45.13444013621448,47.80670078110583,53.51042205739445,56.92720929176541,58.90565200754438,60.37867740031654,13.010299956639813,9.030899869919436,20.827853703164504,21.072099696478684,15.05149978319906,13.979400086720377,20.0,11.139433523068368,12.30448921378274,18.129133566428557,20.043213737826427,55.02940322066842,57.97677398939757,59.93810840774909,61.58443613140521,62.77719664606404,63.61993995841929,64.06301167555122,64.18709700713718,63.963383339707406,63.61740298202182,62.69168407395169,61.39457490303031,59.87252326269602,57.62704065590747,54.39687880395304,49.12126362995724,50.44402551835166,54.54150958626517,57.07257541882015,59.22855156211904,60.54573223254086,61.6389630923115,62.125010891534174,62.10124743266017,62.10301929085509,61.44787410981604,22.576785748691847,57.77212885109677,56.328053980951125,52.48279863255517,46.78918801456555,50.95256550404421,54.37193865432021,57.329547631569625,59.45027665737126,60.93668532423788,62.03219245346126,62.61226695910068,62.83150330397858,62.850874318114,62.46300838239889,61.54568815232992,60.43214868001531,59.22775785500916,56.44305621824231,52.90880105267162,46.79246145413859,38.06722503076181,45.49616239519086,51.63450609444258,54.60352001968359,56.65941971355846,57.687897449038665,0.0,6.989700043360188,6.989700043360188,13.979400086720377,17.853298350107668
17.853298350107668,26.60865478003869,6.989700043360188,6.989700043360188,9.030899869919436,16.901960800285135,54.6792760509428,56.5671612851788,58.03361505710666,58.89730181747982,59.84078835950884,60.05472232932489,60.16792740336784,59.9883496381929,59.50525494146415,59.11786480548499,57.722189898007336,56.28940389245031,55.288395997391966,52.731819009999946,49.33689708957894,43.04835069229007,45.46851001781394,50.03503614742536,52.58924482876879,54.52315553340427,55.97717119436383,57.05560113000008,57.520922593891015,57.77989807597893,57.44488567220512,56.419854439619016,16.989700043360187,53.97289817662883,53.50048274498305,52.12262200730183,51.20705515658274,53.13042120852374,55.09950800011998,56.40197114580577,57.95808439715299,58.96489289865976,59.5844537967233,59.75340803940814,59.93307466244591,59.504257097649855,58.70683004887843,57.06517226795821,54.97396885607924,53.48158775313901,47.5615667466798,40.84504783246228,43.737393183514456,49.38769822783118,51.3620354419084,53.88884144612459,55.54897217168495,56.942058153720495,57.19746320544958,20.0,12.041199826559248,12.30448921378274,13.010299956639813,11.139433523068368,12.30448921378274,19.86771734266245,14.14973347970818,12.041199826559248,6.020599913279624,21.70261715394957,53.846060666825785,54.21770045635776,55.04076488182426,54.75081076687494,54.40047506701538,53.50024997395679,52.69552635985752,51.45494745066455,50.11219313939612,47.00721019369355,48.65725643001256,48.88544529873269,49.47183660987029,51.05894918434386,51.96342020139768,52.29551304029697,52.58124637283167,52.95245933165397,53.78125245619373,53.720591392086526,53.830483926714585,53.63423932917176,53.66520078894745,53.75059753585813,53.729285647320125,54.300185871452335,20.681858617461614,53.7591954370465,52.77003759518742,51.75966743456114,50.97472494247438,49.37738493684528,48.336888448364135,47.130619173622,47.18568115065309,47.39675170678154,49.37462724087428,50.88125452787085,51.84716976800483,52.424718561042766,52.61569741106095,53.61283873505722,53.04533610406517,51.98580116554987,51.50587600002347,50.12077599531015,48.25068927624624,47.01265686890952,48.24516328007209,49.43850511220642,50.3255832605944,50.11625414103257,50.94799433170447,27.671558660821805,28.12913356642856,61.12216442500576,59.694201061645664,41.1965172203987,71.74214328563745,54.037191944157605,42.39999792886872,81.25846599267591,17.853298350107668,15.563025007672874,46.7299324417899,50.64252024908201,54.39963935920905,56.61761589063068,58.52985359777107,59.63292827295192,60.5976215585965,61.0933990621603,61.22060159884728,61.11575684353439,60.56766159727148,59.57002588835963,58.02281017519839,55.68982751420491,52.01574629809686,45.83391498985617,37.52586178740409,48.95847791660552,54.25697213362591,57.10667292450161,58.984015335688525,60.15984756594492,60.98299268127936,61.30755954816728,61.21289598098003,60.7935565264021,20.827853703164504,58.59575375182719,56.7922887509317,53.87710089398605,50.7219105610248,51.04736281150048,54.5809067106928,57.567159624111454,59.76788179742418,61.25705674523169,62.4112094249794,63.16219730912725,63.604512128001176,63.6994019075054,63.41655276046441,63.067358925623,62.017163090429214,60.77017784621543,58.74162792722622,55.9453618637243,51.43367716364853,43.69809358673543,47.01300245904392,53.82701282954905,57.216597808817525,59.16005736002843,60.58141210052719,14.62397997898956,14.62397997898956,18.129133566428557,16.020599913279625,11.139433523068368,9.030899869919436,13.010299956639813,10.0,12.041199826559248,16.127838567197355,23.443922736851107,55.09343678709715,57.87155014883883,60.05860174817934,61.56696011312384,62.88851050942256,63.59402299430421,64.0570723989954,64.21135491718866,63.9757452641046,63.6083642930771,62.6981031076043,61.3775719769994,59.80925098016293,57.30376852605169,53.58988826424852,48.49861468838134,49.19297800264788,54.20434364509439,57.33875070169526,59.26375892187689,60.88352295799545,61.724759515599615,61.99756548130358,62.09919095683851,61.870698358354666,61.02903422697175,30.289777052087786,58.03828428880094,56.13804836586244,53.31680308168973,47.61273650111509,50.30599721965952,54.43972928295168,57.50970984437319,59.591392168729065,60.928767241015926,62.0854373681908,62.444339828982734,62.8212455285502,62.8830848416422,62.26983770394657,61.57552562266412,60.334338084836034,59.18492184647961,56.47038528025767,53.18491154791883,47.41506141058163,36.05735893876746,46.10074322140055,51.69656803343084,54.70635371997656,56.78067462080362,57.67394847878133,20.863598306747484,20.644579892269185,12.041199826559248,11.139433523068368,11.139433523068368
12.55272505103306,26.60865478003869,11.139433523068368,15.314789170422552,20.37426497940624,12.55272505103306,54.86132817845704,56.62519848642354,57.839964283643,58.904752323600405,59.554111181238135,60.06428387499241,60.18281810081002,59.87956591127648,59.3092153685993,59.02538082466325,57.53406854314892,56.03084801959994,54.64383718108959,52.2284647997415,47.96664512796974,44.07373906311004,47.442773325890826,50.97833209732244,52.56361699829444,55.08106665025331,56.26977481081482,57.26721505309243,58.01645146302949,58.16414320269843,57.91455547187247,57.36033774714673,12.30448921378274,55.39547792615926,53.51813693783575,51.902476330381965,52.29328530471327,52.104683429696685,53.90500595329361,55.95800341910173,57.05245171799906,58.52661115218935,59.10851629772016,59.24123118780682,59.22528761594906,58.84364819698533,58.07509321404144,56.21429719423836,54.03691766120645,52.30727291548709,43.90316768470841,28.2020145948564,45.64961804462294,49.83468415164064,52.6459589848432,54.77834359544141,56.40743723297452,57.57347433684782,57.95677762744775,17.634279935629372,14.14973347970818,13.010299956639813,14.62397997898956,17.16003343634799,12.30448921378274,17.634279935629372,18.69231719730976,17.24275869600789,17.16003343634799,11.139433523068368,52.17131101157779,53.099812930413606,54.2769703799481,54.0805331429798,53.69531255941311,52.64501428109497,51.70191283551912,50.29424364058016,48.8687972388416,48.87690426669374,47.83059886133313,48.43762082833734,52.1916522183034,53.143413122759135,53.80444612282905,52.447420989354754,52.9843604083526,53.0650222859647,54.18037650922208,53.74414709045726,53.81818771625734,53.557674995018,53.18115530682061,53.47932729461271,53.45226653349836,52.88483976330458,15.05149978319906,52.09128803328292,52.670496392812574,51.76267836243394,48.63667779005753,49.03117129548867,47.7542839204817,45.59954478540861,46.50695979760612,48.35341727828342,50.14528938956798,51.681821077821375,53.13753361260644,53.83226336175519,54.49880879983618,53.37419324329673,52.99018905954948,53.75409362991828,51.32851796623165,50.00941397977936,48.60996436757196,48.2716888264863,48.96796189773535,48.77371345869774,49.5424733490676,49.78294669778629,50.03257986466232,17.16003343634799,29.268567089496923,61.12216442500576,59.694201061645664,41.1965172203987,71.74214328563745,54.037191944157605,42.39999792886872,81.25846599267591,15.68201724066995,0.0,45.23954462257065,50.77476919504342,54.25066090975136,56.79240691702573,58.660775271308665,59.91673434416324,60.7730393753678,61.20009310521297,61.32116502482759,61.36787132741802,60.658708894063935,59.69494190141346,58.61745831530526,56.663878599151815,53.41236623238692,48.012733334961055,44.0389229555942,49.36292517657562,54.06924914098367,56.82597193421158,58.69613027172129,59.94279309759087,60.48176017921086,61.097242996125125,61.0035985996315,60.35893804993943,22.30448921378274,57.84438260802012,55.77123987423199,52.54163639769519,46.81711468401807,49.84027474650943,54.32173691494653,57.53210646851876,59.91896056142725,61.4428769669,62.50516853817325,63.31541676041246,63.879266668391246,63.89274201368468,63.71710512000364,63.14312249531894,62.21028026628,61.117523312633246,59.180985177643485,56.55124022144736,52.44259798169347,46.53019451099613,48.52540985769799,53.74825302770424,57.03822526432408,58.81814173273287,60.32864442398172,21.072099696478684,11.139433523068368,23.117538610557546,23.384564936046047,19.49390006644913,20.5307844348342,6.989700043360188,21.367205671564065,15.68201724066995,15.68201724066995,16.532125137753436,54.79258506599752,57.85560448217495,59.91885879109796,61.56538551267368,62.73377729030286,63.580312192050926,64.05655874668092,64.13582047575682,63.9444642723216,63.58200866121433,62.66950534028232,61.44806080745072,59.7808551890125,57.4846170138773,54.194468470199546,50.64731209275994,51.30709994038459,54.92622118935387,57.2296280894249,59.52707706200115,60.5346298891687,61.44891018036624,62.03288871149277,61.87620540693058,61.64985988061432,61.04663592939544,15.563025007672874,57.99729861228392,55.44704129930541,51.21868303638906,49.105176855172665,49.992088638904974,54.51777227769821,57.45975252815023,59.16302840426798,61.07060994663936,62.092374599509206,62.5990073877318,62.77051951607522,62.73744148495819,62.49171197844712,61.51789230717464,60.43804208110383,59.05031821458456,56.39064939410642,53.17231533110813,46.85741738602264,40.00173683058465,45.39226695042995,51.2100143498964,54.50964642426055,57.00569601529103,57.81517703889479,16.127838567197355,6.989700043360188,18.63322860120456,9.030899869919436,6.989700043360188
12.041199826559248,26.60865478003869,17.853298350107668,12.30448921378274,17.853298350107668,16.901960800285135,54.376950837044326,56.53700579442805,57.86876299335347,59.01517167853338,59.62013987649185,59.98060895513592,60.08985330828003,59.88231105806104,59.49511006676603,59.12802676643227,57.783972808879945,56.45422269349092,55.43235883876959,53.07489619720735,50.16908043972074,43.13972618860607,45.13177632479043,49.52162574214463,52.221179287582224,54.286611380325,55.89826775750555,56.99540292687794,57.55467799612347,57.83403281122563,57.787769073755925,56.96039071838038,20.5307844348342,54.681493415453645,54.04507017999176,52.57044666363654,51.150443952584126,52.605793585143616,53.9465652143972,55.59721142885741,57.33352170628776,58.51923960490569,58.99164737072411,59.419390567613405,59.73056235306864,59.48261327496291,59.0403138496988,57.19538439137381,55.53393866698514,54.06298270655057,49.28523868317156,42.75126999458112,40.85682943194615,47.54654069255432,50.4241798814325,53.00615046263873,55.11319079869765,56.82265145359016,57.28146732500113,15.314789170422552,9.030899869919436,0.0,13.979400086720377,13.979400086720377,13.010299956639813,13.979400086720377,6.989700043360188,14.14973347970818,17.634279935629372,12.30448921378274,53.095790709517054,53.87028357182848,54.41344731500464,54.69704225231061,54.30037948568952,53.63207578188511,52.92171863242608,51.85930098584522,50.83860800866573,47.72270351298581,48.87690426669374,48.96884307654437,48.77377105705344,50.57745958075127,51.66433074259109,52.007192053560914,52.416460780013885,52.62474821020941,53.59981486943575,53.63514205626841,53.71239698003576,53.517847152526,53.22868183387101,53.36063284254529,53.48308758048469,54.08587601018428,16.989700043360187,53.95490642413682,52.88081468736615,52.24970503333012,51.76235999760871,50.17304688562155,49.11567730064157,47.53682621170414,46.71033920344041,45.96509128341999,47.49581734865559,49.71517056454332,51.17576189311245,52.04578464109521,52.89287874102146,53.6699230350831,53.61291434112458,52.85039447366519,52.55535414944344,51.42320624361766,50.31250877666336,48.10937841542092,48.59738566197147,47.961023192143855,48.74046725512229,48.3004947537222,49.58912516596701,11.139433523068368,26.364878963533656,61.12216442500576,59.694201061645664,41.1965172203987,71.74214328563745,54.037191944157605,42.39999792886872,81.25846599267591,14.14973347970818,9.030899869919436,50.078586838437154,53.57601378945533,56.329429444376295,58.1565012470672,59.45760478659068,60.30344655910713,60.89841904635002,61.09739142051315,60.99147284578584,60.44453912114222,59.587062358580766,58.24006663309656,55.99760841352043,52.730684377495926,46.95700519771172,37.02775077901044,48.37266385445712,53.40945544453276,56.6171805769466,58.58067761546209,59.85345625806566,60.657354054759736,61.0523487404161,61.08189081337567,60.73505732233222,60.00833479398839,24.424797690644485,56.84077489445805,54.01925857140219,50.72507235528804,49.93898937429586,53.68208760667022,56.92357732233933,59.317898214250405,61.03931254859769,62.23819010624104,62.96018311852375,63.48367568307295,63.80425802558036,63.67833196212759,63.30141746768543,62.40836935468969,61.29207647888894,59.53773217935818,57.17886764407713,53.528170893247065,47.20663619305731,44.159077455568166,51.90995241282388,55.896480583356606,58.44120398289655,59.98599751151171,61.17266322789715,14.62397997898956,16.127838567197355,6.989700043360188,19.138138523837167,18.06179973983887,17.24275869600789,0.0,13.979400086720377,13.979400086720377,22.50420002308894,16.989700043360187,56.37653809791996,59.0856436420204,60.72709322687464,62.19412922420774,63.169303961022216,63.745947581903046,64.10686823251751,64.02942303715975,63.75741322862847,63.18628385224706,62.1533982561877,60.808417772431056,59.00503677779401,56.266369826214856,52.613532878194,48.5542223116103,51.647601876074,55.33727584759298,57.92580076400553,59.88834428006168,61.14003815252572,61.87302390687216,62.19505151513621,62.07501069954774,61.93048033283609,61.105257397342,35.748411950633844,57.55180954290498,54.793521317112585,52.632216936676485,48.86919168061725,51.19018216331861,55.39629283518736,57.89823877187485,59.69101261084763,61.23807882777294,62.13623993416087,62.643228229591735,62.806887509013976,62.73962834984472,62.40853646906998,61.280695450929045,60.24690862355431,58.80770732157865,56.27318737182512,52.35614287332814,46.25826713285712,36.58202253387015,47.06896923854703,52.10256970344288,54.99011752152542,56.86723834218441,57.68493805687875,3.0102999566398125,11.139433523068368,21.613680022349747,22.27886704613673,10.0
18.325089127062363,26.60865478003869,21.13943352306837,18.129133566428557,19.49390006644913,16.127838567197355,54.91140287315751,56.68121158680734,57.87203222327855,58.8516325425637,59.67167802196796,59.92834415059807,60.09724899305532,59.83130376230964,59.413623357117615,58.97882645117843,57.56940236046725,56.08060468606502,54.96464676496517,52.13623993416087,48.08298768532504,44.91375703107735,47.29852957445686,51.0632011210564,52.53737701864096,54.73083874559392,56.14594580233166,57.09042575441708,57.829288952687165,57.82888086764571,57.60507675199735,56.961046521853376,15.05149978319906,54.8250341843108,53.18115530682061,51.51152188738327,52.20894860723885,52.09871418668929,54.11964647889289,55.99910351021086,57.3590615013347,58.80120454036614,59.40234500429118,59.60817884100312,59.53663546940505,59.1799361951573,58.43513078608807,56.62308198628274,54.52742977662503,52.87714414530733,45.81801797954046,29.49390006644913,43.881900415998544,48.99191030527895,52.254152573291165,54.20663583255624,55.97985715084307,57.30359076401087,57.57299592563778,19.030899869919438,11.139433523068368,20.043213737826427,47.41467697685545,12.041199826559248,16.901960800285135,14.62397997898956,20.170333392987803,13.979400086720377,19.294189257142925,18.325089127062363,52.74180949419634,53.61081578407724,54.67060268004197,54.38947185129884,54.09190639676993,52.96851589804702,51.99233930536902,50.65000518319213,48.945652673415445,48.48460081482247,46.878855248487056,47.96914143200113,51.69512792367826,52.55535414944344,53.24012738494809,52.12382060845973,52.659798928850776,52.70317744277722,53.92661786290789,53.49957098719464,53.790588337186776,53.68682870163902,53.54853402764014,53.74634718244313,53.81486915926939,53.14684442541963,18.129133566428557,52.48708735600918,53.22915675360703,52.25249820672878,49.540204799584274,49.85538738393282,48.40739501442233,46.13482402816422,46.98622429702098,47.81870214206759,49.63731176544522,51.15943176939055,52.60133425622763,53.53897005418162,53.94985464824586,53.03466057107087,52.60133425622763,53.4261412300621,50.58319715594435,49.28339513233456,48.11481166678546,47.70734220895042,48.42540595690268,49.29592608772758,49.882244123902,50.23021872448886,51.04268543375269,26.074550232146688,14.62397997898956,61.12216442500576,59.694201061645664,41.1965172203987,71.74214328563745,54.037191944157605,42.39999792886872,81.25846599267591,6.989700043360188,11.139433523068368,46.30682071392775,50.94946042248236,54.28855319297088,56.74716045618798,58.70465357697388,59.81073917106548,60.61751707419333,61.1190910397556,61.318803168998734,61.32419798097615,60.582927545678366,59.63966229083098,58.49271962070074,56.32786178593402,53.07326993865216,46.65111737075051,40.40325379199725,49.10208050958165,53.831580432499344,56.74924489857811,58.77351185843687,60.03442005263225,60.65769746999818,61.18212131265416,61.1067386774199,60.43398827964359,12.041199826559248,58.09272109745044,56.312489016085095,53.25312425108012,48.45153874286947,50.45142963590233,54.508400857630335,57.50114805923981,59.91228291475015,61.32524157103339,62.45167315776679,63.19375092735661,63.80033325491813,63.88408865906359,63.58909961659884,63.0588251776037,62.12623278913302,60.927802771504,58.84881987715908,56.31201186367144,51.71144079504563,44.61138216074932,48.03627795344816,53.7124708726293,57.13115728907259,58.93005109200355,60.41453087371924,19.54242509439325,22.30448921378274,13.979400086720377,15.314789170422552,22.30448921378274,21.84691430817599,14.62397997898956,20.170333392987803,47.41467697685545,18.129133566428557,14.62397997898956,54.97240734905501,58.03529492030867,59.95515856890733,61.53140193626647,62.79047221889172,63.49927802012431,64.01208340183504,64.14445526596734,63.93626087318764,63.5667757495247,62.6286501474612,61.43103837117421,59.7114405563081,57.4093163724074,53.69757459680312,49.94800899294604,50.48138701654721,55.072579682129344,57.23003080409139,59.20512033763181,60.701343247119766,61.32972039743194,62.26021147742969,61.96609986350764,62.08330618728492,60.81180544161201,22.27886704613673,58.51535352473472,55.174611457802754,52.239473932654754,48.60224176549082,49.48554773029524,54.07467387957454,57.38319073622424,59.359649986333366,61.01636081031988,62.03692263472711,62.48357091539895,62.7334255130452,62.79255264090818,62.24652172962404,61.66441955385509,60.44704353461037,59.11839687849182,56.31102693653172,52.9843822531076,47.23036774073138,39.662356240985815,45.307118379816565,51.53143856513743,54.51216721892592,56.933417153979626,57.76154704105602,10.0,24.74216264076255,17.24275869600789,23.180633349627616,14.62397997898956
13.979400086720377,26.60865478003869,14.62397997898956,3.0102999566398125,21.13943352306837,21.64352855784437,54.46575997104687,56.379667910551845,57.88581956348726,58.93367223544136,59.67267559852051,59.95720290431351,60.13380806593014,59.87846736652535,59.49622706615565,59.017851453036,57.65509110366697,56.345981705879694,55.13670309198815,52.58840735782962,49.23637711023761,40.54919327123814,44.91081413423188,50.02032079609552,52.40312068726076,54.61213305461136,56.1649756939652,57.35678725905905,57.923727762622185,58.34977362834569,58.21838308989204,57.372920577176245,16.989700043360187,55.29400835712872,54.88993245727808,53.32313203445767,51.52557401264233,52.75509449014113,53.938997061640215,55.08698017551925,56.83624212138516,57.93685638664206,58.6661456155186,58.97779342538443,59.19006925039869,58.93391649836504,58.22331563082315,56.59243806303469,54.63123711303215,53.0999192878118,47.86616571225525,40.26328938722349,43.69735215355923,49.45375019552896,51.820406900483455,54.18447136730313,55.938009324580165,57.39084775050591,57.81647684984131,19.138138523837167,12.30448921378274,16.127838567197355,6.989700043360188,15.314789170422552,10.0,21.13943352306837,12.55272505103306,16.020599913279625,6.020599913279624,17.853298350107668,51.914789604436,52.74771895451384,53.736272634509696,53.666881227812055,53.530251964354605,52.82259483083983,52.36348287166224,51.35183554706386,50.399254526339405,48.340708381017386,49.93003925465252,50.3074540676715,50.54559434644244,51.4874143413363,52.67305517444509,53.1901856671675,53.24235112560559,53.56310829218275,54.10881788782221,53.939207466288906,53.79307331084925,53.56293621448165,53.18839360201031,53.02564683332589,52.93892667053009,53.45046170589907,21.367205671564065,53.14764397147954,51.9694402188337,51.25663403464532,50.9296263152966,48.52998153939215,47.14664992862537,46.60125219316559,46.56979318451776,46.35584266311231,48.68115205327217,50.8109515656134,52.18729765220013,53.171436620228896,53.66917677654758,54.46763885404687,54.31106328181145,53.68125040531283,53.44614277007898,52.481744183444135,51.283378685803726,49.165381671921445,48.70228279011794,48.456436673261535,48.36222810718678,48.26761352514687,48.31447427071039,26.444385894678387,19.54242509439325,61.12216442500576,59.694201061645664,41.1965172203987,71.74214328563745,54.037191944157605,42.39999792886872,81.25846599267591,14.14973347970818,12.30448921378274,49.54242509439325,53.248439991808105,56.26319832871532,58.15381806771188,59.60806476786932,60.36029730656544,61.025441520020856,61.1671398040803,61.09495189459162,60.713461697017294,59.807085840854384,58.475856137558864,56.42149814799174,53.591712057167,49.27257411252672,45.32550556634232,49.357943494034586,53.6153330405768,56.53472047801526,58.50220307539946,59.693422810823336,60.52138505458875,60.90909534965158,60.87262367128031,60.42156765718602,59.65448656370836,21.33538908370217,56.11776396997311,52.4411129011256,47.48815749085026,46.76593024518753,52.99160683636836,56.81202330085502,59.26705064877546,61.14141746155886,62.34608637719628,63.231282931251215,63.705798847633766,63.90832876980695,63.812091526101526,63.36233922076888,62.71829761980021,61.4888016912823,60.01102142598608,57.74243894794352,54.48243959815444,49.6591631062303,46.66377560933491,51.931969747369145,55.78341174838012,58.316138553090994,59.8806329305621,60.96944060360799,19.294189257142925,22.576785748691847,17.16003343634799,16.901960800285135,19.54242509439325,15.68201724066995,19.294189257142925,22.27886704613673,14.62397997898956,17.634279935629372,9.542425094393248,56.29735707232855,58.94918892436899,60.834341736398166,62.10777724673761,63.13401896596894,63.74654696892609,64.10412947906309,64.10252389829708,63.8106632141973,63.25753680169325,62.17881996620254,60.734580621657976,58.9968920969211,56.36677420021716,52.88061333561104,49.63457260116708,52.19377545270545,55.83826516266919,58.13637689983252,59.99318491810215,60.98143047027296,62.08601768521263,62.01779353725061,62.341265971226406,61.719726303018405,61.015504974679146,31.40193678578631,57.59342190587144,55.35614341619652,50.786670266041625,48.05290116441658,51.574990772962806,55.39704492321145,57.66467874091347,59.86195127950288,61.223708855429415,62.14914282782222,62.65652093946596,62.79471878303248,62.73240241988085,62.26871222273164,61.56338615884151,60.234697583298,58.871180248479725,56.20940368794319,52.75969784728014,46.5105499305966,38.37840861655523,47.09244513287986,52.23288219096948,54.91172524399044,56.76922125537481,57.64173142400817,22.14843848047698,19.030899869919438,24.62397997898956,19.138138523837167,16.020599913279625
20.253058652647702,26.60865478003869,3.0102999566398125,12.041199826559248,0.0,19.86771734266245,54.2966993383709,56.46123255944534,58.02763466246036,59.04140793098725,59.74097003794131,60.03631544972096,60.16793575980495,59.83581186705791,59.52734823789055,58.88701120472861,57.75049471017758,56.337107848792265,54.59490494551672,52.204768201485685,48.90856771414536,41.75424829790322,45.56784782307026,49.581336756762354,53.051148080353954,54.81273464376245,56.32628344199865,57.30750792211502,57.618451793558194,58.04380715762952,57.70734220895042,56.8678011665429,12.041199826559248,54.35640543626175,53.90802680061065,52.57181611315088,50.95831624938334,53.37988079605587,54.94233929032831,56.270430886586624,57.87549024724024,58.56275634663986,59.1183596355031,59.478775929494255,59.49304603265841,59.1187586509055,58.273098120008406,56.77410745982212,54.95834232933095,52.33668618891134,48.25218333788306,41.744959193753,44.52399845911441,50.13195475262515,52.639909326813125,54.68561470466572,56.24739875267462,57.03966804037856,57.463640429122194,15.314789170422552,15.05149978319906,10.0,13.010299956639813,17.634279935629372,6.989700043360188,10.0,13.010299956639813,11.139433523068368,13.979400086720377,19.294189257142925,53.690023696239365,54.08596076462783,54.25185210106968,54.32470607686405,53.91217483239402,53.1583814875756,52.23220688093149,50.806048438003664,49.78915136195123,47.06145741121137,49.33223999279318,49.98477303036506,49.09347389418558,50.95730606373884,51.90135520877031,53.264444209797865,53.514194199941805,53.51216345339342,53.519295885752655,53.868234504428834,53.36341637726751,53.55116139076884,53.56723611289468,53.340836389294914,53.34286837403884,54.08872285400405,18.573324964312683,53.654149723539234,51.99077434450214,51.0169896904536,50.81581317229508,48.3648868592908,46.69447056402543,46.66377560933491,46.76117215671485,47.8193479811377,49.66446805470068,51.28948252409331,52.11723754084864,52.74217907113656,53.01639751158056,53.923821075335205,53.67693160446649,52.25211037338803,52.42367476911439,51.11349901588821,49.72781203735423,47.6696280340645,48.50155922422093,48.87982808936261,50.02170383073137,50.28591584355279,50.39747148865822,26.82145076373832,23.69215857410143,61.12216442500576,59.694201061645664,41.1965172203987,71.74214328563745,54.037191944157605,42.39999792886872,81.25846599267591,9.030899869919436,10.0,46.06692999314062,50.75506814668906,54.37935970151868,56.81499023201621,58.58801783953218,59.81077546203466,60.702052687236346,61.25204335025969,61.44579500054925,61.138514726018926,60.79304640531429,59.873668023394735,58.24788164863799,56.098813542516965,52.77256134932014,47.161119036858345,41.22314197968806,48.919386741183786,53.87932355431023,56.90242165977178,58.66004808071156,59.860390841757685,60.73533965113579,60.98782124314692,60.94387266421656,60.62704171113168,12.55272505103306,58.29335298249173,55.9193010584626,52.79018668255782,49.44013578266629,50.07867213889418,54.26738921636634,57.50249129297409,59.739448519147615,61.39322644320743,62.45229296940403,63.27516886663816,63.64386063456888,63.72830289033231,63.54251579002423,63.10210754487947,62.18255250232063,60.86889915875484,58.95202027597384,56.35831445303168,51.91789040104612,45.61590286207738,47.18377112354902,53.46079008652942,56.90065772136782,59.13196928100943,60.569387554594336,10.0,13.979400086720377,18.69231719730976,18.63322860120456,15.314789170422552,9.542425094393248,47.41467697685545,19.54242509439325,6.989700043360188,13.979400086720377,18.63322860120456,54.6314165173436,57.7716355580393,60.04864976517895,61.64563407814431,62.80649836430683,63.60224087329927,64.03625931143881,64.1894479680123,63.955070639320994,63.46625398995428,62.794830598767305,61.46273189859198,59.76260542736846,57.31837667864137,53.97780158888533,49.22543815390706,49.98346537396365,53.94985464824586,57.355509969297536,59.328089958370754,60.73369675350818,61.74664431877165,61.80974415524688,62.39031310245433,62.052219628068514,61.31639833283569,38.67408556522791,58.16583959047396,55.84613876171783,52.51131856726664,47.88062260178738,51.362162392407,54.57727520738186,57.25589057037808,59.514196092109295,60.91269053054461,61.91579830465884,62.63456160045213,62.71804446060571,62.77721268449521,62.34189414237552,61.57150810689319,60.48529197492211,58.93367223544136,56.67700383548567,53.32892716489896,47.8597012513201,36.05628222007618,46.68944734457733,52.22573416472588,55.00104684065401,56.53170047349832,57.62468491417544,21.95899652409233,18.325089127062363,12.55272505103306,20.96910013008056,21.13943352306837
17.24275869600789,26.60865478003869,18.573324964312683,16.532125137753436,10.0,16.020599913279625,54.09774247265422,56.36773654347116,57.91703277755201,59.012713765145065,59.56036296457806,60.030695773280776,60.19748362515293,60.13937588261781,59.81404040804419,58.82603079526699,58.56582087327696,57.30077792346709,54.59466371854732,52.23311592767302,48.40137472982251,47.08225381118643,45.53640336231354,48.86829004676982,52.11358189686702,54.30347614016503,55.81610642202622,56.83097492758118,57.31351006476588,57.54550908244347,57.404108540295255,57.60965012515506,9.542425094393248,55.9683451833222,52.982000527836405,51.408755608212815,51.67993362307917,51.28011332575974,53.48382756417916,55.68986266385913,57.05918423103078,58.24922719669284,58.971705673529655,59.480469869860826,59.58875756139857,59.41521867502314,58.90468525894797,58.33423798800402,57.22839505724351,54.30270218352256,52.54685811445353,48.14846668604464,38.80470592803778,39.86278955905991,50.017034322576414,53.09672743229267,54.89194630397401,55.51276733593608,56.61370596717432,13.010299956639813,0.0,13.979400086720377,15.563025007672874,14.62397997898956,47.41467697685545,16.901960800285135,12.30448921378274,19.294189257142925,19.294189257142925,6.989700043360188,52.78959270684218,53.89819692949374,54.16382516376694,54.60612226534828,54.55444838455284,54.31725525514268,53.50503866491711,52.31482333626407,50.81581317229508,50.26537350058942,47.10235869853555,46.72513472868509,49.51735682389913,50.41807041252444,50.9413907916344,51.41637874673272,52.4110050218967,52.61170050738736,52.63126923861341,52.44722322769998,52.71081507027925,52.92300384859081,53.07329134074518,53.4695704511562,53.70202107073627,53.691156240407935,20.0,53.683705738475055,54.14185893345503,53.78267047752956,52.30318613486542,52.23885151875885,50.55473896230024,47.978628157026726,46.80172282311303,46.55772119088149,46.99013431612882,48.63679667875898,49.86435809679247,51.39441424404119,52.61436551850959,52.69496599494367,53.01778508238616,53.52051244830092,52.36909929759075,51.740743518378814,50.67015030544695,50.241283977246844,48.538502490547806,46.38179649404609,46.25116871499577,48.10837151140488,48.46980035240416,23.97940008672037,29.561684304753637,61.12216442500576,59.694201061645664,41.1965172203987,71.74214328563745,54.037191944157605,42.39999792886872,81.25846599267591,14.62397997898956,14.62397997898956,52.82599457384596,55.580037700476126,57.386236135100894,59.00773918447007,59.95512785266889,60.637183102806816,60.74211004212008,60.63439948837416,60.13794988854948,59.33386041903055,57.70955788262463,55.74911702949899,52.83780497646255,47.05179244873676,34.321672694425885,48.243211248507706,53.56935582894703,56.42592118780761,58.50848328041025,59.75770839452653,60.67571104310825,61.14867415774691,61.02939059309245,61.03810902143923,60.333594107973134,59.06145872369862,13.979400086720377,54.68704663858425,51.90020575868093,50.468072135537405,52.76748941031243,55.98423881902305,58.63209809857713,60.40099723342462,61.86535956400683,62.91331991584852,63.320739035801765,63.64656038766022,63.66149592574685,63.39048364191261,62.7375871560679,61.4818203685422,59.99847970324589,57.855262910240775,54.29450267699288,48.41240555110424,40.05609445360281,50.13835375740332,54.66768299338177,57.612932148580825,59.55288381339524,60.889387027530965,61.81153025280828,23.521825181113627,20.253058652647702,23.838153659804316,10.0,17.16003343634799,12.30448921378274,21.95899652409233,18.06179973983887,20.827853703164504,18.69231719730976,16.127838567197355,57.69602539468836,60.018465973996136,61.6152432011293,62.84968474735771,63.4524685490398,63.92239560398111,64.13369681541312,64.0264047213667,63.65676076031132,62.59705901902309,61.70891572316787,60.26586373489087,57.32549756116959,53.93682228317128,49.14755567449905,49.27914173903338,53.378285041827226,56.603132506661424,58.92687177240528,60.44714148700755,61.64748300120297,61.89112001160511,62.226595150228114,62.25659161423331,61.4096660689554,61.22132289026897,21.613680022349747,57.847556172842886,53.81477894569088,49.67267091559786,49.5761207528598,52.73658585758995,56.16991948875913,58.63305012035277,60.22974504567241,61.574815497149366,62.14015250449955,62.72158502639446,62.66333553385208,62.56987232734136,62.16139764627917,61.51659691814199,60.41229201741227,58.20430044522546,56.24848063403866,52.91022342422967,47.12456077597646,36.997510316895145,48.07264355276107,52.55728275071923,55.25731356850706,56.70384100037695,57.85492131143992,12.55272505103306,6.989700043360188,22.87801729930226,21.367205671564065,16.020599913279625
20.253058652647702,26.60865478003869,12.30448921378274,13.979400086720377,17.853298350107668,21.70261715394957,13.979400086720377,15.314789170422552,13.010299956639813,20.253058652647702,3.0102999566398125,15.05149978319906,14.14973347970818,13.010299956639813,6.989700043360188,6.989700043360188,19.084850188786497,6.989700043360188,20.681858617461614,15.68201724066995,10.0,9.030899869919436,11.139433523068368,13.010299956639813,12.041199826559248,6.989700043360188,11.139433523068368,9.542425094393248,17.16003343634799,47.41467697685545,15.563025007672874,19.294189257142925,15.563025007672874,12.041199826559248,11.139433523068368,10.0,10.0,13.979400086720377,22.380461031287957,20.681858617461614,21.70261715394957,6.020599913279624,3.0102999566398125,17.16003343634799,12.041199826559248,20.253058652647702,12.30448921378274,10.0,6.989700043360188,13.010299956639813,10.0,16.020599913279625,11.139433523068368,11.139433523068368,15.314789170422552,0.0,9.542425094393248,6.989700043360188,6.989700043360188,14.14973347970818,0.0,19.294189257142925,16.989700043360187,15.314789170422552,15.563025007672874,0.0,15.314789170422552,16.989700043360187,16.127838567197355,20.0,36.38089721984506,33.83815365980431,31.442627737619908,23.673559210260187,22.30448921378274,26.85741738602264,32.85557309007774,34.49169732165201,37.123129086813655,36.95831772826692,39.29418925714293,37.38542740928785,40.923696996291206,40.35069344421104,39.18292512755356,38.08616035426992,34.80868923687168,36.17524534886292,33.4966598409663,31.222158782728265,23.443922736851107,25.477747053878225,26.24282095835668,32.72537777375237,32.746196190912386,36.65393350279712,19.030899869919438,37.82257573663302,36.93111115462141,36.207604899942055,33.87389826338729,37.08760723690317,33.46548558548474,31.442627737619908,24.969296480732147,24.14973347970818,22.380461031287957,29.20123326290724,35.81608366032058,36.76967814294758,36.36387585813157,36.08205007704326,37.42332282357148,35.76341350205793,38.04343918479866,35.428254269591804,35.59308010907012,35.37189226243645,30.766404436703414,30.74084689028244,27.98650645445269,6.989700043360188,27.7232170672292,22.380461031287957,21.5836249209525,61.12216442500576,59.694201061645664,41.1965172203987,71.74214328563745,54.037191944157605,42.39999792886872,81.25846599267591,52.556439093042265,46.50812449027452,45.05760275920085,50.69260986284746,55.69731967124995,59.07882486652412,61.58464418699389,63.28055086675384,64.75178805729642,65.70157624514296,66.29540988987851,66.50606277135373,66.42191491732358,65.93575463302845,65.05305482187988,63.64603707813352,61.560109469914565,58.302556032824455,52.52755971088574,47.4020473550745,54.90925779705697,59.4337430159424,62.32010846773776,64.09875833237813,65.2094993588686,65.83274627137355,66.03129318261263,65.83054741211998,20.37426497940624,64.2694208893944,62.60862181207017,60.09244323079169,56.36672407232975,52.21362067203571,54.73669408412937,59.26355310608177,62.51647952428401,64.73642558297891,66.28052195768801,67.3367392459991,67.97514609727416,68.32159804038328,68.35075212796556,68.09867180530476,67.50779300840338,66.57352009567217,65.12946414414321,63.14427225537103,60.04510530179327,54.98135421977476,48.92634351310466,54.70695614454394,59.83269866100376,62.74488757203646,64.5216209886448,65.29087814566194,65.7174201389956,21.613680022349747,18.69231719730976,19.294189257142925,18.573324964312683,19.86771734266245,19.49390006644913,18.129133566428557,16.127838567197355,17.853298350107668,13.010299956639813,21.13943352306837,20.96910013008056,15.314789170422552,6.020599913279624,22.671717284030137,18.63322860120456,18.69231719730976,16.020599913279625,15.314789170422552,6.989700043360188,16.020599913279625,21.613680022349747,22.87801729930226,15.68201724066995,18.06179973983887,18.69231719730976,6.989700043360188,13.010299956639813,24.29752280002408,27.363965022766426,23.05351369446624,26.03144372620182,26.19093330626743,27.24275869600789,25.10545010206612,35.61697532653994,31.41136090120739,25.987905067631157,35.69607967546824,29.074113607745858,29.89894563718773,25.563025007672877,13.979400086720377,23.97940008672037,11.139433523068368,19.030899869919438,19.86771734266245,23.521825181113627,25.58708570533166,14.62397997898956,15.314789170422552,17.24275869600789,17.24275869600789,6.989700043360188,19.138138523837167,18.325089127062363,15.314789170422552,22.30448921378274,14.62397997898956,16.532125137753436,17.853298350107668,17.24275869600789,17.634279935629372,15.68201724066995,0.0,12.30448921378274,10.0
13.010299956639813,26.60865478003869,6.989700043360188,3.0102999566398125,12.30448921378274,6.020599913279624,54.33859402923542,56.41633719097436,57.6392190976398,59.11469229762879,59.54625002648051,60.02418354607306,60.16067631549727,60.05458938175004,59.77030467044671,59.02150896327602,58.35655065674669,57.12013786025349,54.8100094291968,52.50685865289081,49.00350739876231,46.88864568054792,46.02070848554296,48.82780599434153,51.8439896418127,54.30075055551939,55.68825720610345,56.81205949515344,57.33590440675244,57.59384516758366,57.47819495903666,57.55589804011572,12.30448921378274,55.959369062691735,52.94787969867011,51.31811071270342,51.97996897597136,50.9665978731456,53.36493755585909,55.57912434507671,56.98992587061932,58.20418224108697,59.01543319275107,59.53879963538397,59.56956555126524,59.34676677403273,58.93699636309415,58.14770831732409,57.10517611985295,54.52192916751652,52.41708314782554,47.75486658258578,36.41870545476313,38.725641430906514,49.73187911449674,52.80965148097093,54.75457619804655,55.829685255296994,56.77772062719897,15.314789170422552,20.043213737826427,10.0,14.14973347970818,9.542425094393248,14.62397997898956,17.634279935629372,6.989700043360188,12.30448921378274,18.69231719730976,6.989700043360188,52.57152784387351,53.81396693914511,54.25770540198907,54.615720534874406,54.64468681720835,54.446021472278254,53.28389798025231,52.24740190060544,50.95730606373884,50.29598842253436,47.15083670694927,46.64792354533357,49.79297923083695,50.41317664177534,51.30783914588956,51.02313623466469,52.12946290575986,52.27006946020055,52.94624924079968,52.55007021791755,52.97843642640007,52.95245933165397,53.11880953037904,53.52114955936983,53.95537808935299,53.61444508086328,11.139433523068368,53.4514034486591,54.157243617687165,53.82348493591696,52.04119982655925,52.47012831465462,50.9530188695196,48.44135321686674,46.79000660579853,46.49656078856174,46.88223989360849,48.34357112718405,50.07098837991187,51.55424102241839,52.75857047598181,52.48593594334202,52.93291824150933,53.47737767870854,52.23968138413231,51.34948076776094,50.22947729131266,49.82673673696298,48.809564288161695,47.10667292450161,46.50385242259184,48.23330744830714,48.14946433790836,6.020599913279624,31.798389280231863,61.12216442500576,59.694201061645664,41.1965172203987,71.74214328563745,54.037191944157605,42.39999792886872,81.25846599267591,15.68201724066995,17.24275869600789,53.00832346706167,55.677907105335365,57.36087206369291,59.06145872369862,59.89866558156291,60.60807344286089,60.69583005330089,60.58201986134182,60.12628460198477,59.320676922007216,57.751121615483925,55.72929659079372,52.96419459230174,47.32144371029723,34.196253608877434,48.19714987557009,53.54379308296332,56.30934087272389,58.540077035618665,59.7519506499056,60.71624666804229,61.14584632231416,61.01453207313312,61.094654873941096,60.374651444455935,58.96966901933155,17.16003343634799,54.72816398289712,51.86348802053983,50.30210990072408,52.76208966604858,56.06412538595667,58.70807576367386,60.45421955348695,61.968736473291855,62.86022407537584,63.28024886738181,63.63026509925203,63.706324255409655,63.37023750137992,62.75151200524908,61.43207846543974,60.081933624364304,57.96088428680669,54.41720265878224,48.51533518592558,40.56942945672877,50.04102021183244,54.8100094291968,57.691719478179806,59.705593216673584,60.82456833311846,61.69679723133957,17.16003343634799,3.0102999566398125,14.62397997898956,16.989700043360187,18.129133566428557,6.020599913279624,20.37426497940624,17.853298350107668,10.0,20.37426497940624,12.041199826559248,57.74254119794893,60.01363279896317,61.610204276010535,62.84198295905519,63.435789298860826,63.9670311546848,64.07365406981646,63.93621700997614,63.5958678229438,62.65998724388332,61.69144318397532,60.1099706718932,57.4112322296772,53.98691556062367,49.09695066792133,49.43553868726991,53.18098828734393,56.7012427072125,58.92564833716701,60.4738586120606,61.28838833982811,61.95401449520219,62.472227855699344,61.780901969192925,61.34947121875933,60.89495693065616,33.77670439334323,57.39189300297902,52.8411928381271,51.03478733439318,49.67926882571861,52.42784843246944,55.89225546098581,58.60752933917927,60.32404783869788,61.48362307486976,62.23150288830045,62.77550769689452,62.72373117716923,62.54998571930874,62.26550931555045,61.4161781441867,60.44939769862209,58.20772040486571,56.20790648286076,52.64281705024196,46.78527483650797,38.165064370463575,47.685641095135736,52.31800792057899,54.99106719468842,57.0080752015278,57.87705537322429,14.62397997898956,9.030899869919436,16.532125137753436,18.129133566428557,3.0102999566398125
16.901960800285135,26.60865478003869,16.989700043360187,0.0,3.0102999566398125,20.37426497940624,54.08049919900552,56.056066844300936,57.97948578768676,58.97810116089157,59.69254186767768,59.98653774217818,60.271938047210014,60.15721796000488,59.84934863819558,58.86457446787862,58.48917873535166,57.25710765469724,54.281898875952585,51.42264291170022,47.85507788089226,46.58373952760515,44.512336244267885,47.68230990620765,52.46074912472177,54.64683252625275,56.07460384841843,57.12602566334966,57.683872181843455,57.811239326101216,57.71482385068115,57.82080435451172,18.129133566428557,56.28017832966444,53.63147355960035,51.93330560993215,52.01823015673162,51.87436109773708,53.48158775313901,55.553036821385405,56.93378670415154,57.8010695608181,58.70989982788564,59.247805034473245,59.26797599761202,59.07553773112582,58.45473232417387,58.16972685482696,56.9267774933424,53.73289086543484,52.15478936362536,47.91585395277573,38.16440167956139,42.96072566359835,50.97066330886012,53.825213241896805,55.4652415621667,55.83391498985617,56.76439358655809,13.010299956639813,11.139433523068368,13.979400086720377,12.30448921378274,16.989700043360187,18.129133566428557,10.0,47.41467697685545,16.127838567197355,6.989700043360188,13.010299956639813,52.83285394761922,53.67437925975168,53.49256152269452,53.85329166097036,53.846418920231336,53.97971276749097,52.91539781406064,51.727809321153664,50.25293573737572,50.28591584355279,47.34015311869357,48.00772048788364,49.61159964249024,50.45013776272974,50.97666762890238,52.56123370788618,53.11739031234886,53.74610889296849,52.79194528808982,52.90161540430037,52.90090286573402,52.786164336678326,53.56685407204914,53.28860527190851,53.5610429096367,53.466854150275736,15.563025007672874,53.589432196323344,53.71621927176022,53.12160424550972,52.30778349276817,51.21632056464817,49.53334367687398,47.07519079623744,44.881274962474585,46.01244924810521,47.28329428376807,48.76136980368428,50.350813623661175,51.74248843211402,52.99925484356009,53.355401380471,53.62469279839908,53.78915474955234,53.16892503761295,52.69057396650047,51.83560225514484,50.95256550404421,48.39936611231559,46.59611992382495,46.63248495990033,48.56928173136552,48.84143716693356,23.654879848909,28.17565369559781,61.12216442500576,59.694201061645664,41.1965172203987,71.74214328563745,54.037191944157605,42.39999792886872,81.25846599267591,20.5307844348342,13.979400086720377,53.19507882163884,55.76841019695603,57.66472335432732,59.05957699092427,60.13136068258356,60.7706906603634,60.943121260957454,60.87567056200391,60.38815610081873,59.64729507945641,58.16607809187133,56.20416121042808,53.41810288856514,48.14207628143024,39.86278955905991,47.82250403478937,53.05972267500483,56.20216241036199,58.11018377058431,59.50661747976717,60.36884686529329,60.87129487016264,60.916307355737445,60.699643075258535,60.00099007855408,58.615511371469694,12.30448921378274,53.90024960343911,50.41365047357256,48.91882971772194,52.61170050738736,55.985410166208645,58.747194839483896,60.62496620993153,61.94915150819487,63.02102680089448,63.57617200644381,63.8552923758043,63.83077156157465,63.50423639427739,62.814083811499245,61.73504440139581,60.140973785654346,58.36481724605983,54.82920724859038,49.543631300433226,43.53897005418162,49.82330039769043,54.43114284613401,57.43400001350764,59.40042586501403,60.885542281503135,61.68157929349462,13.979400086720377,10.0,22.27886704613673,16.532125137753436,18.129133566428557,19.49390006644913,14.14973347970818,6.989700043360188,0.0,20.170333392987803,12.30448921378274,57.54330749486853,59.805146739303495,61.73922778272172,62.78988742033203,63.54382188975034,63.92712777466664,64.13629132843042,63.98382416195396,63.666248338836326,62.74463826658521,61.86564503070726,60.26862027220984,57.47151463944733,53.98332433534353,49.67585413784671,49.27257411252672,53.0580692464343,56.59773629247788,59.04226891996628,60.6667061463076,61.529057045713536,61.96386508451259,62.29604547912646,62.03048669359489,61.12565122355413,61.31310635860367,31.513698502474604,57.54275692354617,53.4296915309925,48.7903276739405,47.39572344450092,53.07249939305207,56.05215591663476,58.65628011171761,60.26978361840956,61.48270946792031,62.27975353314783,62.70484349765879,62.68223324888368,62.52171697752697,62.02838009432985,61.592573020083286,60.406565246609375,58.17100419057436,56.48867204881703,53.15218596537117,47.51710104426078,35.86587304671755,48.24906471302113,52.83649429444897,55.39020867080849,56.68036290092368,57.78970569799454,9.030899869919436,17.634279935629372,10.0,9.030899869919436,14.62397997898956
18.129133566428557,26.60865478003869,20.253058652647702,18.129133566428557,20.0,22.30448921378274,54.520840477659824,56.50198692982684,57.93528472240282,58.81053530833348,59.69015449923722,59.9763142511853,60.03697003106696,59.80994069300935,59.31734937433709,58.9990363396797,57.42332282357148,55.86481530959669,54.94834734245271,52.28721084278399,48.89604202318903,41.72982189505869,46.45314173560576,50.69819740567848,52.5793044060911,54.80929198315397,56.335906468356,57.37895217553909,57.991543833514655,58.0565646945719,57.97012569078351,56.94198789956856,19.294189257142925,54.7643307683861,54.51272036830906,52.99483327947144,51.87684255497131,53.17981897112367,54.76901156419218,55.95281225917448,57.41363571098035,58.33387469792956,59.0182108092289,59.23132580332259,59.30707123386355,58.80038027403221,57.998538164927965,56.19386589163347,53.84577404282192,52.19566190113228,44.720246977002816,38.603380065709935,46.422864130952384,50.629615909409424,52.553159323801694,54.78065541715346,56.29169957403807,57.497888604770296,57.70529483463352,18.325089127062363,15.563025007672874,0.0,20.043213737826427,10.0,13.979400086720377,18.63322860120456,15.68201724066995,10.0,13.979400086720377,11.139433523068368,52.64130433140822,53.41351416999303,54.07074629751542,53.94509466166804,53.49479568276951,52.73714087833479,51.86507125185853,50.82562782228035,49.94603068070779,47.66360788146932,49.65314612322649,50.04733972482256,51.23972442930226,52.28053708838728,53.19534934592215,53.06410014642446,53.24482061385801,53.461122851486856,54.26512887932623,53.996823726793714,53.943553548360256,53.67616792134676,53.48666948717873,53.30511174272539,53.16808752053022,53.61444508086328,19.030899869919438,52.975766901545285,51.7900570756482,50.986160408242576,49.926286182172575,48.13187209879112,46.62455608647872,46.344067293655385,47.31749883527264,48.04343918479866,50.07700847770663,51.67072051603913,52.66478652034817,53.44260589785015,53.7151117073,54.13455679668804,53.74427545977228,53.18140582399277,52.32195356478134,51.03054172998105,49.54613913640245,48.02157753186962,48.96774157509428,49.53165088866768,49.839553783692445,49.37803650011097,50.1493195754795,22.944662261615928,21.95899652409233,61.12216442500576,59.694201061645664,41.1965172203987,71.74214328563745,54.037191944157605,42.39999792886872,81.25846599267591,17.853298350107668,13.979400086720377,45.07653513464988,50.46300019652969,54.31881391942893,56.70558469678447,58.6584099778278,59.74309466152243,60.67654361088135,61.17308424589186,61.3649385065074,61.2895632052347,60.71193952301668,59.80325675819296,58.33150300553663,56.31859599634449,53.44834203774364,48.88993384102904,45.37693194367391,49.44532020991981,53.93276797494561,56.64914499123155,58.59424128764736,59.74674695279162,60.59686456884465,60.91909532099409,60.83654882867235,60.29382560035423,18.06179973983887,57.83967861527244,55.73421669703004,52.17960090988545,47.893550460217,49.79225037302447,54.37073232925152,57.58712101252197,59.89172510440647,61.33311802399746,62.52055040383471,63.2691910353998,63.79364447241518,63.81510190164803,63.50403483439831,63.21674016393747,62.20221094550799,61.08858513024334,59.12437289927775,56.687669221382336,52.627476376981846,47.3837619112041,48.118430061764776,53.65996859484211,56.957127717348655,58.86671737481876,60.33575329977272,19.294189257142925,25.31478917042255,6.989700043360188,16.989700043360187,6.989700043360188,20.253058652647702,20.170333392987803,21.613680022349747,17.24275869600789,6.989700043360188,22.671717284030137,54.78827570930301,57.839785743113424,59.96301916814179,61.45980660762219,62.703995404130495,63.503015263221336,63.98519318401125,64.0868251654876,63.93720470216599,63.56244862396576,62.64744175527099,61.41281981028505,59.89472065789536,57.5600664785832,54.23876372178274,50.48088164099313,51.10158568506041,54.51863159220612,57.3640048661141,59.21845600952767,60.632601570836826,61.43749354898695,62.091679765036815,62.21738077282113,62.158925671768586,61.21460040186528,24.424797690644485,58.72485512189749,56.64611893511236,51.93419595674935,47.85906138582924,50.19440331916381,54.39687880395304,57.29379453120277,59.64928710803851,61.02352053387797,61.9979273771507,62.506329495778914,62.844185508673945,62.74206127190152,62.268330986765086,61.60598769919824,60.32171344121746,59.14868119152803,56.3687387576561,52.87974070344863,47.03609457565769,39.542425094393245,46.23673037739572,51.637843314559255,54.634300919028014,56.60524925916332,57.591849429685375,16.532125137753436,20.043213737826427,18.129133566428557,13.979400086720377,12.30448921378274
16.989700043360187,26.60865478003869,9.542425094393248,6.020599913279624,20.96910013008056,9.030899869919436,54.38265387871762,56.46130122764512,57.92853757083402,58.961650738644586,59.63646186484844,59.85366288464486,60.01763126180242,59.811519360080254,59.4299959336604,58.72268766680926,57.76587874995664,56.3930516335686,54.62427948209778,52.05845584809972,49.23787841731059,41.55700327559317,45.01333178645567,49.67365421856215,53.175995615830026,54.74020933375876,56.37739827119137,57.19517728367836,57.57693555241242,57.9138253445356,57.54443900566042,56.7618129723426,16.532125137753436,54.47209213033011,53.88474207630949,52.89287874102146,51.237765309154,53.59129417226508,55.27026366517393,56.3059566132019,57.81054914014106,58.41757912386586,59.08605639482648,59.30550702849787,59.39869043246959,58.9931097422255,58.19202946345832,56.751365044679936,54.833447660034615,51.99447991733335,47.89756932285287,40.97604328874411,43.7520622109933,49.98276779618934,52.5470513908514,54.80880405213703,56.17260420311506,56.86852469070142,57.3355113913225,16.127838567197355,18.129133566428557,6.989700043360188,10.0,6.989700043360188,12.30448921378274,10.0,6.989700043360188,14.62397997898956,16.127838567197355,12.30448921378274,53.729285647320125,54.19443540515492,54.12551260980608,54.00934975810852,53.50024997395679,53.0666087655063,52.0288319833564,50.63746061613443,49.79302478038904,47.18152784542,49.58301029253673,50.23112474873015,49.41635640981282,50.96951703277219,52.09303177306079,53.23023029378157,53.45318827560661,53.81721405479332,53.62303366747721,53.75943300958664,53.63040064425785,53.71466860241561,53.5419490510433,53.16913439164992,53.31453616600864,54.068687574195486,18.129133566428557,53.74280815572503,51.63462532504318,50.93775281037264,51.03848174021506,48.04936384406706,47.00097704613054,46.488087127293454,46.817205063182925,47.64997599284881,49.5163374843148,51.44636467588492,51.90398938561916,52.634230108673854,52.94986186337589,53.98309870032044,53.78506915168323,51.89237580166832,52.394746634651845,51.30375587431644,49.84040991371427,48.05555226521253,48.44259663390165,49.223101632143965,49.71466042916119,50.02533220253267,50.69238769270994,22.30448921378274,24.37750562820388,61.12216442500576,59.694201061645664,41.1965172203987,71.74214328563745,54.037191944157605,42.39999792886872,81.25846599267591,12.30448921378274,16.989700043360187,46.30407532886708,50.84451154505263,54.3646956726308,56.80734264688429,58.50829959848531,59.68087233460426,60.6082622148416,61.119678372060726,61.31133741609492,61.03747977220711,60.65717487081129,59.73597930787414,58.11726446366162,55.96896051185412,52.71778896388805,47.61424125480513,41.66163593747834,48.95560658453326,53.89415953376256,56.66166846336666,58.623061357458624,59.75913630987946,60.58076626145707,60.88423159948955,60.82814441949216,60.55037567102367,47.41467697685545,58.2670698625845,55.96365043425526,52.95824302036132,49.897923124493815,50.47527969772476,54.451759241317184,57.53602207257448,59.705328297683245,61.29979110745321,62.44208073626466,63.23929318855987,63.546323510387694,63.69916844005586,63.50000167111007,62.99115756027306,62.1649446892613,60.796634070838834,58.85022360791668,56.27908385685026,52.03272281638844,46.21840721731609,47.67103896111721,53.13314513698327,56.67215660551729,59.06457876965544,60.42068474053156,13.979400086720377,21.64352855784437,20.0,16.127838567197355,17.634279935629372,13.979400086720377,13.979400086720377,20.0,16.989700043360187,10.0,17.634279935629372,54.56451061486632,57.77354313084209,60.03098900367556,61.5864529459806,62.81394522762626,63.4572670868467,63.91016485558261,64.06626179257239,63.89686217097768,63.34639693930265,62.58098749409929,61.44393603180642,59.60946195733832,57.286069789996645,54.10076737835893,49.63712291301899,50.12347840729423,53.95907975566736,57.4600487232336,59.23402056479525,60.74630692513697,61.501018963039286,61.96619652144791,61.90685993949644,61.872753033261205,61.0539095031064,33.376588910261425,58.43785730811099,55.777031510063786,52.23363529753581,49.27914173903338,50.8224665474367,55.02559573258292,57.53155447527738,59.58774051911357,60.75030245139476,61.83028850186826,62.42518073161656,62.65248363567214,62.68424912268297,62.26580574162217,61.45863966408981,60.41623194862363,58.83350221220435,56.62543463898668,53.26591855325732,48.11963552379572,36.29919035503542,47.21357130022457,52.21896519382077,54.846357536580975,56.320460869458216,57.37027165666384,10.0,19.54242509439325,3.0102999566398125,6.989700043360188,20.043213737826427
18.129133566428557,26.60865478003869,10.0,20.863598306747484,19.86771734266245,20.644579892269185,54.92916762742499,56.59057215657447,57.85774581062849,58.756457198482494,59.54316333226405,59.957724801417726,60.00174551299264,59.70051511363944,59.27626962444954,58.9790462122021,57.41722663341567,55.91533169493724,55.03704904830024,52.63136401772637,49.22543815390706,44.986137646997584,47.38820182085683,50.87327016008315,52.39662282586762,54.592733420281824,55.73210544739362,56.86029083787572,57.530933399007374,57.51710873687267,57.410798673423,56.509211255030166,10.0,54.353425998364,53.26542716104767,51.49123618973498,52.07787810740421,52.64168256051684,54.50896986448592,56.22686411030245,57.47823376807481,58.92110749236444,59.39615585422337,59.63187897959811,59.63442614891056,59.341251005517385,58.64257075046315,56.70245853074124,54.659788535585285,53.47885946660894,46.42830400151063,33.58125285276648,43.23066376363904,48.7520600409689,51.18476364131936,53.42754197318192,55.32480470599957,56.96408815486136,57.246591906076006,0.0,3.0102999566398125,15.68201724066995,18.06179973983887,16.127838567197355,14.62397997898956,17.16003343634799,19.294189257142925,9.542425094393248,18.06179973983887,17.16003343634799,53.33697098293342,54.04192060041402,55.10439104504403,54.9874325393143,54.35920774713824,53.449814139272576,52.52369943393162,51.16743854719394,49.82940254793972,47.70498543514734,47.77644277696485,48.14014399594432,50.701117827822,51.872611946564085,52.66819454909125,51.53613670830815,52.13623993416087,52.30821743626672,54.01016054487847,53.59678045763423,53.67588849152763,53.754166816469166,53.53933533144699,53.90435204305839,53.925562682950726,53.61041864567484,11.139433523068368,53.09447043894973,53.4130391981286,52.59058444645554,50.35369693322102,50.24325548537449,49.12923165600507,46.97159570973576,47.66539250054514,47.65497186938374,49.38044142571912,50.91969276035029,51.97864739210387,52.94944348171001,53.36309606123844,52.73485096045068,52.28721084278399,52.7083017246202,50.5163480398712,49.09882162462577,47.43266679943147,47.130619173622,49.24842469534048,49.45044916808196,50.027706281011945,50.26030450315255,51.08104779560947,24.345689040341988,27.267272090265724,61.12216442500576,59.694201061645664,41.1965172203987,71.74214328563745,54.037191944157605,42.39999792886872,81.25846599267591,12.041199826559248,6.020599913279624,46.5988768964946,50.81019482631868,54.288148720261525,56.58912457495299,58.39591791235058,59.586790109423866,60.409075837659685,60.846263172139885,61.00944055411318,61.02395969134299,60.31277550185316,59.39895478162071,57.99498383367023,55.83654374026389,52.23968138413231,44.97620649781288,38.96140251442019,49.27087928472864,54.179198729977415,57.005739284858166,58.840983483140135,60.17717648879383,60.7170420461372,61.31671584750654,61.260095798316,60.62008939236246,18.129133566428557,58.42045414122849,56.908762372731935,54.21118364347181,50.875329757340936,51.69962301144717,54.51437939386503,57.40767579005506,59.73065477040576,61.08643825472833,62.19375972885869,63.02376174356696,63.496426864946194,63.62326560683962,63.32743167124204,62.81969161081466,61.82474000056252,60.60822446110187,58.5768943628344,55.86598555678398,51.31378035763099,43.75279436336474,48.34395268413616,53.86721852125678,57.163122509756086,58.91979889255511,60.36004147899527,16.989700043360187,23.26335860928751,22.380461031287957,16.127838567197355,22.671717284030137,18.129133566428557,21.613680022349747,23.521825181113627,22.671717284030137,12.041199826559248,20.37426497940624,55.053195914764856,57.92815270222788,59.8431348881903,61.51490283604784,62.6407723909868,63.45735328658933,63.90343109979239,64.01163509874326,63.82871455336047,63.47213276887048,62.51436962877922,61.28990850358497,59.81316546189096,57.26476174573558,53.83414984497542,49.68912360840227,51.18264726089479,54.439963646963605,56.80049818709659,59.13403727173436,60.65696954678125,61.55402239549825,62.01567804016853,62.09528150411635,61.62928654877548,61.100507161476536,33.26745379565322,58.585570471408126,56.02808503902597,52.88000922432807,48.53077347507599,50.83262473164077,54.44047920327571,57.21693578919605,59.47508712089247,61.11867818151117,61.96404191980099,62.38298322334824,62.52362899449273,62.63343442515709,62.09161537320263,61.36063874144658,60.25155884860648,59.00070395982547,56.21401682370069,52.69629674357553,47.19770332304341,39.37969002951453,45.53798100425305,51.17685501201614,54.330910685618186,56.79780277169431,57.82418871522873,22.14843848047698,15.563025007672874,16.532125137753436,20.96910013008056,15.68201724066995
16.020599913279625,26.60865478003869,17.853298350107668,13.010299956639813,10.0,13.979400086720377,9.030899869919436,0.0,19.912260756924947,15.68201724066995,11.139433523068368,12.55272505103306,12.30448921378274,12.30448921378274,17.853298350107668,20.170333392987803,15.314789170422552,6.989700043360188,10.0,15.05149978319906,17.634279935629372,13.010299956639813,3.0102999566398125,15.563025007672874,11.139433523068368,17.16003343634799,0.0,10.0,9.030899869919436,14.62397997898956,12.041199826559248,15.68201724066995,13.979400086720377,6.020599913279624,11.139433523068368,9.542425094393248,20.170333392987803,13.979400086720377,6.020599913279624,13.010299956639813,6.989700043360188,6.989700043360188,17.634279935629372,12.55272505103306,13.979400086720377,12.30448921378274,6.020599913279624,6.989700043360188,19.86771734266245,14.62397997898956,6.989700043360188,15.314789170422552,10.0,6.989700043360188,13.979400086720377,12.30448921378274,12.30448921378274,14.14973347970818,10.0,10.0,6.989700043360188,6.989700043360188,18.129133566428557,19.912260756924947,47.41467697685545,17.24275869600789,16.020599913279625,10.0,16.989700043360187,12.30448921378274,37.1281800020785,34.66719371681599,32.66936911159173,29.143431571194405,28.506462351830667,15.314789170422552,25.68201724066995,28.325089127062363,32.10853365314893,33.23458366849468,36.962689967455326,36.15107987443194,39.18921090091336,38.86265059029756,38.43855422623161,37.82257573663302,36.17524534886292,37.42332282357148,35.97804842404293,33.73279893277496,31.82414652434554,27.30782275666389,17.634279935629372,25.390760987927766,29.24795995797912,33.287872003545345,12.30448921378274,34.379090355394986,35.959369062691735,36.97316541732384,34.62397997898956,36.76236216763312,35.87149498254344,33.77488383376133,33.51989455435632,27.16837723299524,20.043213737826427,22.04119982655925,23.69215857410143,27.363965022766426,33.098430047160704,33.52182518111362,34.8925516836926,34.50864692379766,36.17105230502378,36.19093330626743,35.31478917042255,34.71291711058939,32.08441356438567,34.70851324526117,29.014583213961124,29.89894563718773,24.712917110589387,28.99273187317604,27.671558660821805,61.12216442500576,59.694201061645664,41.1965172203987,71.74214328563745,54.037191944157605,42.39999792886872,81.25846599267591,9.030899869919436,16.020599913279625,55.024489707294194,58.1288729819218,60.477964863895394,62.43483530352211,63.77655331593765,64.76699784626157,65.4611704380149,65.74285979115731,65.68647761863613,65.24605363978108,64.57918515143001,63.23438775725837,61.185441326398205,58.02128301529589,52.512609381607845,42.34846169921365,53.35909011623491,58.53330669926925,61.74415998350207,63.56725712416618,64.92330769676191,65.7320265456457,65.97190079807514,65.9845004837888,65.62007802351441,64.7968829553245,30.4688519083771,61.56788038440496,58.853091920553794,55.42576476260529,54.41954221416712,57.72415598082469,61.19285589252775,63.66086038205482,65.38954077538003,66.64346517227163,67.43334522126655,68.01092457043286,68.17938160727736,68.05419632737495,67.71694241003786,66.90970560384176,65.92120106594834,64.16083721172429,61.89342061193011,58.22296255810457,51.82870963988909,49.08254406269616,56.38130691229563,60.51200774709184,63.16263342923343,64.82580478807712,66.02928254643385,15.68201724066995,18.129133566428557,26.444385894678387,15.314789170422552,20.170333392987803,14.62397997898956,20.170333392987803,17.24275869600789,22.380461031287957,51.18373864834254,46.04830619429156,43.29316505090259,40.90187487575421,45.38699379542407,43.05372868641297,42.72050574988612,21.13943352306837,34.31524584187451,41.01540872558349,27.520484478194387,39.647780220223765,39.97954004069403,45.85235063365776,31.03119253545714,44.96625258669507,46.56146134740865,47.44402521068861,47.728642358152136,49.99378514422708,53.28389798025231,17.24275869600789,49.45911516819273,55.34565464432969,52.79301837274616,39.02709812969877,54.88631081744372,31.222158782728265,31.222158782728265,30.97604328874411,71.26667042330828,68.49140442045625,63.31344681601118,61.60687573985564,42.72491400688568,26.45422269349092,57.2859805469312,44.33945755538029,34.29752280002408,44.63056428085159,50.51422666089034,18.129133566428557,49.21546022223331,47.89756932285287,52.0170293475189,47.09040878087115,42.90056882303365,41.03119253545714,37.74151858954711,14.62397997898956,40.68668143285901,37.046651854545296,41.67966813395621,44.34967888427813,43.86695111775619,42.89945516176668,46.0706881200033,18.69231719730976,18.69231719730976,19.49390006644913
16.127838567197355,26.60865478003869,9.542425094393248,6.989700043360188,15.68201724066995,6.989700043360188,54.85803735935997,56.65735733618401,57.78467446397221,58.74674858985823,59.50486069886622,59.90747201529203,60.00050809482086,59.76489829574459,59.23892384877368,59.092997626910446,57.38261948611477,55.967213190648536,55.09215967772565,52.62946804235384,49.4824175740912,44.42730552661372,47.065897788534215,50.84483332544515,52.167146937142455,54.48126358347398,55.82940161366438,56.84531192109364,57.501580409689154,57.57460560765787,57.421986327232574,56.53723715183369,12.30448921378274,53.98122374060385,53.24813163965258,51.68264658139758,52.06677489215859,52.42665636645263,54.52125451863757,56.2276095167172,57.64488472875871,58.829853399713,59.44192387481351,59.57877739086014,59.66315415797497,59.304788426118726,58.60338006570994,56.73058710311071,54.60815183691838,53.55003009347696,46.20864475265121,34.84299839346786,42.84205067701794,48.69261062961412,51.07135318868306,53.54588587877241,55.30583859645118,56.96552956431985,57.07982985378979,20.043213737826427,18.325089127062363,15.05149978319906,19.54242509439325,9.542425094393248,14.62397997898956,17.24275869600789,6.989700043360188,13.979400086720377,10.0,18.325089127062363,53.30999878172427,53.81486915926939,55.0445998800505,54.82336097446132,54.48338327435396,53.34286837403884,52.44890391479025,51.24585728912949,49.976746532502894,47.68460499903031,47.75654130082596,48.23298128141233,50.66270004017423,51.845579995990136,52.71760313865201,51.60063160546631,52.15396956335323,52.49623879788004,53.735831683504536,53.58553466319947,53.6567701160433,53.6707624226875,53.54953146212556,53.88188264977354,53.951813127346746,53.68342679324223,20.37426497940624,53.14461333442225,53.32480877305115,52.53505195903933,50.650715581426766,50.312993719370255,48.75200215394774,47.34999734992562,47.40457434318508,47.39896559899424,49.20123326290724,50.87511674084482,52.10725062456114,52.71386171462215,53.22444655769221,52.90844538698184,52.45564483950862,52.6159827634734,50.48833967605575,49.18978664186194,47.583440634019766,47.327555211782496,49.05180418746312,49.72619339059624,50.58668918468875,49.99882724657002,51.141170353653024,27.267272090265724,21.613680022349747,61.12216442500576,59.694201061645664,41.1965172203987,71.74214328563745,54.037191944157605,42.39999792886872,81.25846599267591,16.020599913279625,14.62397997898956,46.53212513775344,50.69260986284746,54.31275287752734,56.49802009508604,58.51104177400519,59.48300465025242,60.37353578158481,60.91183514028491,61.01582120668988,61.06085456673483,60.3051228762176,59.39601611003862,57.921464540322674,55.609199920337495,52.023493423887,45.472946247053216,38.79267956824613,49.17705018620627,54.12092459217622,56.99589734474095,58.85064803392826,60.1408224305746,60.87223644234381,61.2353315043854,61.25636087669093,60.68359544804626,22.04119982655925,58.51533518592558,56.83713286097624,54.05107201819092,51.021385870637886,51.5424741950321,54.67178777943032,57.40320047579019,59.698751269529694,61.00883812156778,62.29328018216531,62.94737079712888,63.50874385200832,63.558071243256585,63.26726550178662,62.84851288184842,61.82530201624762,60.6451564173646,58.518042378513336,55.8849580100721,51.48716765494128,43.73243118267364,48.25516992007721,54.01104016357379,57.20604123967783,58.89252946711675,60.38017771687859,13.979400086720377,13.010299956639813,13.979400086720377,16.532125137753436,18.63322860120456,20.0,19.294189257142925,19.294189257142925,19.86771734266245,17.634279935629372,6.989700043360188,55.18587632082927,57.84309825984959,59.944231832613006,61.41246532476664,62.62938033346349,63.39260786920348,63.89472641227064,63.99666973426703,63.83251673713864,63.51729843937194,62.49845035636127,61.17889476478172,59.771403448928936,57.27994020986547,53.88451126079516,49.58028448981573,50.1113042888699,54.22714562608046,56.958055253887935,59.08543457043735,60.40249381900463,61.187701715766906,61.83288069429442,61.79925032074337,61.86577786524979,60.91805136203564,27.551122663950714,57.85447292223441,56.01587439082011,53.26436228715059,50.09433897638967,51.18654853544093,54.492438322604,57.28808943803975,59.38683805455977,60.81671287290924,61.849232764981096,62.397523109831646,62.62836325508246,62.641850389132586,62.20773147932639,61.42704747066521,60.27153825293404,59.08442659696816,56.07649071958178,52.75969784728014,46.92406234833631,39.40516484932567,45.6925683332861,51.461342398408064,54.28110485821543,56.70115916485489,57.60717944418207,18.325089127062363,15.563025007672874,12.30448921378274,15.05149978319906,16.532125137753436
17.16003343634799,26.60865478003869,13.010299956639813,10.0,18.06179973983887,11.139433523068368,54.44552217740483,56.46468424419047,57.789416704422905,59.00400450602496,59.44852158756796,60.01394449978167,60.12123636867659,60.060696479155,59.692877486137405,58.96457871355892,58.27365395407212,56.966612490598536,54.89255168369261,52.25908607999338,48.443342513278736,46.151606643165564,45.87991426431244,49.08463571708004,51.80842414646683,54.50127427217594,55.73365998357937,56.93749805926463,57.606531411037,57.76559543127699,57.75889937402576,57.85086277035164,11.139433523068368,56.21546001953752,53.318927241022166,51.89125206925528,52.38108857912793,50.8680457672683,52.99117064664173,55.23876475638132,56.61442573315821,58.06310921170198,58.897525742656,59.28449623598297,59.233606094924994,59.12642857780008,58.63038393329586,57.91376917580975,56.79460603751507,54.110217187222645,51.41198844904737,45.92687391766162,29.429995933660408,42.2284647997415,50.28347541558745,53.06710174246554,55.277188125980494,56.23253426516128,57.11561762219791,15.314789170422552,17.16003343634799,19.49390006644913,18.129133566428557,13.010299956639813,16.989700043360187,17.853298350107668,9.542425094393248,13.979400086720377,6.020599913279624,12.30448921378274,51.94242302326196,53.18357636770522,53.9702180876549,54.29978248073312,54.181437895733104,53.9129686845866,52.88812414361837,51.80727847744507,50.5355859221326,50.027706281011945,47.28069571159562,46.87136402800057,50.40495533256486,51.292289346681,51.9630056730107,51.702617153949575,52.58828770593979,52.77196495795956,53.4584600176348,52.92913662343757,53.34286837403884,53.27403894311277,53.26192438127772,53.42890282601041,53.72125512672935,53.4216400117526,17.634279935629372,53.27246514206599,53.972480609201774,53.87455677476496,51.44543074272788,51.97625099581138,50.4228010749836,47.59169063842253,46.49967338324824,45.55348418430587,47.163539783636736,48.624712845250365,50.32497882857111,52.01342492647708,53.06845178416402,52.93753575185633,53.26352249090558,54.11055430040277,52.62014202380456,51.797039973445045,50.74618989183759,50.510791687403945,49.47678739936936,47.74641032143307,47.34999734992562,48.24906471302113,49.01458321396112,17.853298350107668,27.520484478194387,61.12216442500576,59.694201061645664,41.1965172203987,71.74214328563745,54.037191944157605,42.39999792886872,81.25846599267591,6.989700043360188,12.55272505103306,53.15953560804772,55.781863451218896,57.64604235844103,59.25432769397637,60.14397037081631,60.75729399740899,60.86257296595833,60.76825698278341,60.29588294399894,59.65545988748659,58.10041547789795,56.12551817934256,53.5463273490664,48.47603502825368,40.749991860641984,47.57767905015857,53.12331829438067,56.145302297605454,58.27464910712151,59.537041332681575,60.45624923654059,60.97723986187764,60.78409325826309,60.75461188886776,60.06261041107884,58.60257130413246,9.030899869919436,53.75059753585813,50.92278407443434,49.29648785482493,52.4474704283614,56.185344434098816,58.87158573694848,60.6222688325724,62.049717212493206,62.98535423348429,63.46830240411859,63.76913496090944,63.84925166374356,63.53724899267428,62.96629436264288,61.65571037261774,60.26635391386061,58.18962513143708,54.771284929007095,49.58931611709951,42.41172786770047,49.82343609422021,54.67474911384599,57.53669602785124,59.509414209915086,60.729601473715455,61.59733179898862,19.138138523837167,19.86771734266245,19.912260756924947,25.477747053878225,12.041199826559248,21.70261715394957,3.0102999566398125,23.443922736851107,11.139433523068368,20.644579892269185,22.50420002308894,57.708615807371714,60.05041876625776,61.575163019887725,62.82629362386372,63.410435825667896,63.90801797078605,64.06456038372065,64.02791500041678,63.60326962037849,62.66019438098832,61.76415700580602,60.12548723633412,57.64781181516568,54.286611380325,49.84455299998372,49.80589614348293,53.5566219858541,56.85738156777333,58.84926708257495,60.49398682614573,61.4946606666624,62.053911462157565,62.38486199442078,61.80619554239803,61.972951722337264,60.75913584713551,38.00510876894368,57.73146229771368,54.36564938696008,49.209993828886326,47.78621481409864,52.23698374168053,55.89120413067849,58.4697818202264,60.26815076355796,61.61339547526427,62.28404722159922,62.83429010102404,62.68902167740677,62.6481711492013,62.25744650455111,61.47672924057467,60.361728064185,58.386539290826,56.044085912537405,52.74197118797757,46.664618181544014,38.60996436757196,47.36444311881509,52.202362644824944,55.05719616084342,56.878855248487056,57.86105176895488,18.129133566428557,15.563025007672874,21.64352855784437,15.68201724066995,11.139433523068368
17.853298350107668,26.60865478003869,17.16003343634799,16.127838567197355,13.010299956639813,17.16003343634799,54.74934150885758,56.5822228847874,58.03244013250541,58.8235203813382,59.694126504733056,60.05534841480148,60.09466193573636,59.9308556702492,59.39535226374759,59.08137444244729,57.59873236286191,56.085452875855424,55.212858756518784,52.74102403875784,49.3724700036772,42.8925440805418,46.12041744645269,50.464210196846594,52.50951565614928,54.54774757697759,56.02409457744527,57.063507380285856,57.589459385402336,57.77082295319359,57.64090161979176,56.46523312300668,16.127838567197355,53.86400859207611,53.32480877305115,51.89986927670516,51.24390093420965,53.04395730934152,54.83029273128344,56.29781546556178,57.74094143994472,58.870346625491536,59.5529223243239,59.76210542131006,59.83610502510725,59.55834414158471,58.69837548598471,56.89731402322827,54.89909284707066,53.265017625063365,47.1299464355327,39.55783928916912,43.97314173908845,49.45473509077624,51.49637804733764,53.840037586692695,55.49251009102818,56.97837626508506,57.29256338394514,10.0,11.139433523068368,0.0,10.0,9.542425094393248,16.020599913279625,16.901960800285135,10.0,16.989700043360187,16.532125137753436,20.863598306747484,53.8259691595385,54.25887837391457,55.08698017551925,54.92419522645092,54.508400857630335,53.501316738725386,52.62681228550089,51.31143695830672,50.12406933582598,47.10362803346826,48.717188433187616,48.70316101023196,49.801397777457545,51.05523809481177,52.121343134680174,52.21322935111285,52.54898368189589,52.68346255154899,53.792148413786265,53.73825636017977,53.643652314244754,53.74427545977228,53.7314197092989,53.71357911069025,53.7278316770235,54.10718199047149,15.314789170422552,53.69336478014141,52.98304952193541,51.9574471718993,50.97066330886012,49.83342076262868,48.4723940770799,47.18875204140633,47.19679246183583,47.712125471966246,49.11104317804036,50.77585906367244,51.729326130095245,52.43447333422448,52.78575275032959,53.515837442417336,52.95929776786988,52.19898739044965,51.28509120986965,49.804442635743335,48.18621726375888,46.95148823358551,48.6560138049954,49.47889344957578,50.408435478303005,50.28774526500088,50.70887144018541,22.576785748691847,24.8572142648158,61.12216442500576,59.694201061645664,41.1965172203987,71.74214328563745,54.037191944157605,42.39999792886872,81.25846599267591,9.030899869919436,12.55272505103306,46.56596443982914,50.6471624276474,54.31598541407739,56.67215660551729,58.56794120260101,59.70620665124615,60.52629696979828,61.06414618619003,61.16450997818692,61.10421683266755,60.479645166706206,59.51575489711559,57.97955494407038,55.69945958581039,52.02218502060509,45.26507275495423,36.41870545476313,49.38144308514097,54.24463467752972,57.178277190962376,58.96774157509428,60.2762722282107,61.02318770528157,61.370453740185845,61.29527806968316,60.88816245945231,21.95899652409233,58.79637692356156,56.84652398713296,53.81953966181797,50.98782124314692,51.10515638257253,54.39498483710935,57.42178974895921,59.64173800222375,61.25686815636104,62.36771475507511,63.12781815532179,63.59426408124072,63.69339446714272,63.424116259128766,62.97418410513782,61.9296087188397,60.75122313110455,58.711816608152446,55.97969275225808,51.35387108382386,43.31751125024443,47.71683000465185,53.81275767024982,57.17966587558766,59.16584480484911,60.61736637874671,3.0102999566398125,6.020599913279624,14.14973347970818,16.901960800285135,14.62397997898956,21.70261715394957,17.24275869600789,18.325089127062363,15.05149978319906,16.989700043360187,6.989700043360188,55.09322172128991,57.9306502417777,60.076837809750224,61.44231929658325,62.796124257205925,63.59824103296095,64.01298848819393,64.11055935690128,63.91323503358785,63.560327446280894,62.637991055010936,61.36074985906525,59.832924330659296,57.43026598223503,53.56599435724971,48.48145993412557,49.54999452005193,54.36679356776786,57.13188868285624,59.247092315156266,60.76292650440124,61.711622356161485,62.27693927597013,62.19402440602618,61.98179925600387,61.25662102751326,36.36387585813157,58.00436620421344,56.53398737921258,53.25706497548769,48.00943786787733,51.04521252618328,54.55298727170542,57.3402011935334,59.389343084807074,60.98444700676664,62.10456038016859,62.58597298977014,62.7482471825968,62.85414170763757,62.422058882129775,61.54551168987665,60.154859172360645,58.97811764610695,56.32242622751163,52.89724926959398,46.90240393531119,36.87439774545894,45.9120934773169,51.63697945892569,54.6924748409219,56.75581306871443,57.66927894453717,11.139433523068368,12.30448921378274,22.50420002308894,19.030899869919438,14.62397997898956
16.532125137753436,26.60865478003869,3.0102999566398125,13.979400086720377,16.989700043360187,12.30448921378274,54.14914881316756,56.300798932319466,57.95179717761872,58.85119689673069,59.65254867085104,60.00702987794189,60.136022580380015,60.077955562978296,59.809105763500014,58.9293176094185,58.38699264770577,57.05386410093751,54.493873652263424,51.83400824232092,48.23591590198418,46.95639254767527,45.23447298730376,48.458481009668965,52.08892616176848,54.6028729767231,55.94119511034658,57.01275190893796,57.75514331970311,57.80577954645747,57.78627265698081,57.71687408554213,20.5307844348342,56.21228227768985,53.584697663367535,51.63164357758546,52.30500011841471,51.0809123558122,53.32135358019922,55.5707871127011,56.75308976792677,57.92815270222788,58.83047880332609,59.30285627414612,59.28730150797058,59.06981153228855,58.4133005758474,58.14503966941936,56.72427611715374,53.91556092429633,51.88942538371036,47.55058834964717,35.10545010206612,42.13145724742836,50.76749640624001,53.6167118521656,55.24268866214246,56.00634253457219,56.87368412021492,13.979400086720377,12.30448921378274,9.542425094393248,16.127838567197355,13.979400086720377,13.010299956639813,11.139433523068368,12.30448921378274,3.0102999566398125,11.139433523068368,14.62397997898956,52.46345910779215,53.28705711568874,53.86723634757143,54.09378494659984,54.002702502404105,53.85909994786097,53.04725276314581,51.95902418607315,50.18542393354984,50.357498373196606,47.419705472036455,47.2950496181139,50.211562087059534,50.81505727971396,51.48436061053667,52.210619643484506,52.76208966604858,53.60648312187577,52.880277728606096,52.761974704899245,52.95514321729986,53.1488850803193,53.4463784591778,53.52182518111363,53.77441036323503,53.5566219858541,14.14973347970818,53.24276280450735,53.960406000223024,53.35357590149176,51.95692137322748,51.54350925152728,50.00460108336458,47.184103362524,45.841615449428666,45.88831725594207,47.31298601459889,48.74551392016531,50.341188743168594,52.01443555839518,52.89998975481485,53.06287747352961,53.38450517033914,53.89973652590066,52.80034023175973,52.194902180178886,51.397909597395824,50.7086869911476,48.777052901245234,47.33076834043662,47.44175590371075,47.99540416788837,48.55452522393137,26.364878963533656,25.4282542695918,61.12216442500576,59.694201061645664,41.1965172203987,71.74214328563745,54.037191944157605,42.39999792886872,81.25846599267591,0.0,17.853298350107668,53.2694385713043,55.75949502067736,57.70304750370424,59.05723042266296,60.215547798339024,60.75638190146548,60.94130687256296,60.87682058033536,60.46300019652969,59.7800968824836,58.124159717859015,56.22757846067078,53.45438428755066,48.4242200335765,40.04321373782642,48.03955312448294,53.04667139415003,56.282989962347074,58.02950142961255,59.48004399905418,60.403530832406446,60.91360557638916,60.94745664105608,60.69129889471807,60.03571245855277,58.51072357458247,21.13943352306837,53.888291538988405,50.75565208676494,48.7882041388574,52.65489986969784,55.893731367667854,58.67658959493738,60.62060141443014,62.000624196304734,63.03912160637242,63.61338873915639,63.79003129035937,63.83000569159381,63.494735472655805,62.83131322995392,61.76139028821402,60.131849426984125,58.39946028701667,54.75368965290728,49.52172271426326,42.44029589030021,49.7222598778777,54.46319654718128,57.5487559156674,59.47492538827109,60.75624324610939,61.57305630327967,13.979400086720377,10.0,14.14973347970818,21.13943352306837,11.139433523068368,22.671717284030137,23.010299956639813,22.944662261615928,3.0102999566398125,16.127838567197355,25.289167002776548,57.60106449386618,59.810026899414,61.74578731102999,62.71656934062904,63.59392427768094,63.91193664843719,64.1025914425707,64.01070385981497,63.64154978413072,62.7810510393731,61.8125603596708,60.2767408597321,57.46606957389911,54.05293415033729,49.62013987649185,50.42595198960531,53.36741833553931,56.55085586028471,58.668553909457046,60.49847680759037,61.32462697166089,62.001215956916205,62.30017733991382,62.07355607895942,61.64991631568879,60.68521660529712,30.9968064110925,57.49486640401698,54.47185949375843,48.61665814342345,49.655074345703255,52.28905714761025,56.53446004919174,58.90202419209886,60.357914328834696,61.33325540734528,62.31988191213914,62.68489044727747,62.79085595015592,62.65494228911612,62.02817863467083,61.63490848460136,60.35011653655289,58.35487641995408,56.25626223408224,53.00936612311303,47.32787663164454,37.55112266395071,48.08305521305746,52.92579456000397,55.22920001296488,56.77360539319088,57.73086916379956,18.69231719730976,9.542425094393248,16.989700043360187,9.542425094393248,6.020599913279624
13.010299956639813,26.60865478003869,10.0,11.139433523068368,13.979400086720377,20.96910013008056,54.61318408795269,56.71236732086346,57.99070927455203,58.9022870170599,59.65420440009163,60.04742564121611,60.18567777296642,59.84617763189356,59.41051055194293,59.07000521728257,57.37561556740752,56.088350642560926,54.96244471658261,52.53359816443226,49.23295840655504,42.42591115900052,46.65815427990936,50.58201986134182,52.74698071156806,54.785506240769166,56.33505823497107,57.22347588618512,57.84449675392252,58.03600491100624,57.8206035044592,56.813317059691656,11.139433523068368,54.3422388611155,53.945252244708406,52.433580678261,51.58582599483707,53.03466057107087,54.68193675253459,56.094247131211866,57.618654698559,58.65730376107888,59.26742081197005,59.48300465025242,59.5625537675064,59.20008473622011,58.45724213278845,56.61363019539423,54.445210088956784,52.910178982169136,46.27468272459709,39.34144811792477,45.2244423350632,50.06744072853106,52.050012485892765,54.31251154695155,56.00048901618929,57.38641847403714,57.5339689279079,13.010299956639813,14.62397997898956,12.55272505103306,15.314789170422552,13.979400086720377,10.0,6.989700043360188,13.979400086720377,9.030899869919436,18.63322860120456,12.30448921378274,53.31686378637652,53.90498828133851,54.56677216612582,54.36394845009315,53.86167098440978,53.16584636813098,52.24380242791648,51.01925702657053,49.93771191449334,47.08216878294802,48.98379582597423,49.519443296839405,50.109991843615546,51.86167790629626,52.78673591968267,52.793771656756896,53.07037968745014,53.16628631169816,54.00622595184545,53.94066248609144,53.598354823398886,53.67573945493909,53.66632115376756,53.61070231966795,53.62325994992937,54.010281287405135,15.314789170422552,53.42472029664019,52.26264711895694,51.32416596504672,50.55397446028373,48.78717069217877,47.43196081448701,46.70765211019904,46.79618653543475,47.85650098070644,49.54382426231443,51.222158782728265,52.121343134680174,52.966871237724014,53.14819094451004,53.88655266474801,53.41119819135193,52.73485096045068,51.7941964443439,50.433622780211294,49.12184844884729,47.45332479827872,48.87448500249953,49.560627264776535,49.91478602112525,49.59232249050996,50.706768256627655,20.827853703164504,26.5991620006985,61.12216442500576,59.694201061645664,41.1965172203987,71.74214328563745,54.037191944157605,42.39999792886872,81.25846599267591,6.020599913279624,0.0,45.90552059922147,50.7059193151204,54.44232220713579,56.84932391280669,58.74317694116919,59.83064001242763,60.72114918066616,61.19361809892772,61.42115599043113,61.240543732451215,60.67342437754707,59.80609142151447,58.26937348945975,56.14906702944897,52.83034236500328,47.10633470867923,40.28652573633119,48.91765973585179,53.85171761824295,56.78776875748645,58.71370334283416,59.99771066478754,60.80514291713352,61.107973813333,61.083383467497576,60.629916446225,19.030899869919438,58.29294765148357,56.15450272966065,52.83131549278885,49.36242223569203,50.2383661461688,54.359876213262126,57.59411724261726,59.83254971260716,61.37967767484903,62.51737719661818,63.251947497997975,63.753497113538,63.83188416955991,63.53282302204334,63.14593949837045,62.18679633456885,60.99557032562747,59.0126047345501,56.31740976366645,52.0779588520471,45.30263748713028,47.824797906827655,53.73877051155148,57.01106679999086,59.02334744022141,60.49544396391285,18.06179973983887,19.86771734266245,18.06179973983887,16.127838567197355,18.573324964312683,19.912260756924947,19.86771734266245,20.0,24.84299839346786,21.33538908370217,17.634279935629372,54.84063404888305,57.83354650004075,59.96323378693253,61.56702066328009,62.75496091995403,63.57864744689703,64.0834937338146,64.16607393201576,64.03402292017888,63.61130931976621,62.619989983866176,61.445897734411226,59.80498321575068,57.52103788015,54.16074390922394,49.09518588447851,50.20796188104522,54.38156137571772,57.37590166285721,59.23981899352916,60.791396241653615,61.67391188074075,62.133211510842045,62.37312454969811,61.81825587208333,61.12407245294728,31.958996524092345,58.05422691710631,56.12153142330272,53.46049644921494,48.08683509128969,50.99224703360698,54.288876744018246,57.40002470539657,59.499308299664186,61.06645698992104,62.04533722442428,62.59257397288505,62.77108398396673,62.82665834639111,62.41526807407806,61.6606523613514,60.2502471200009,59.19467736072995,56.40807284013515,53.06984424460079,47.006345013536695,36.262376851469,46.54561554741744,51.50919078008005,54.697984603844105,56.73743208212278,57.67672999532856,6.020599913279624,20.043213737826427,6.020599913279624,22.14843848047698,13.010299956639813
15.68201724066995,26.60865478003869,15.314789170422552,12.041199826559248,6.989700043360188,22.671717284030137,22.30448921378274,12.55272505103306,6.020599913279624,17.853298350107668,13.979400086720377,13.979400086720377,13.010299956639813,18.129133566428557,14.14973347970818,20.170333392987803,0.0,6.989700043360188,18.325089127062363,19.49390006644913,6.020599913279624,18.325089127062363,20.644579892269185,13.010299956639813,9.542425094393248,15.563025007672874,19.030899869919438,9.030899869919436,14.14973347970818,12.30448921378274,10.0,11.139433523068368,17.24275869600789,14.62397997898956,16.127838567197355,3.0102999566398125,12.55272505103306,6.989700043360188,13.979400086720377,13.010299956639813,6.989700043360188,13.010299956639813,14.14973347970818,12.55272505103306,11.139433523068368,22.30448921378274,21.84691430817599,16.020599913279625,17.16003343634799,3.0102999566398125,16.532125137753436,14.14973347970818,3.0102999566398125,16.989700043360187,16.989700043360187,16.532125137753436,13.979400086720377,15.68201724066995,10.0,12.30448921378274,10.0,18.129133566428557,12.041199826559248,13.010299956639813,10.0,21.13943352306837,13.979400086720377,21.613680022349747,19.54242509439325,22.30448921378274,37.92741785834749,35.2022143588196,32.474822606770545,29.375178920173468,26.45422269349092,18.63322860120456,27.958800173440757,30.83860800866573,35.87598729721245,35.76341350205793,38.22233480238844,36.962689967455326,40.39850177749664,39.76304116552003,39.16190659980538,37.965743332104296,36.55138434811382,37.27297202803587,34.565178578052624,34.63743721247059,31.62265614298021,27.17670503002262,24.424797690644485,28.305886686851444,29.91226075692495,34.87703863163726,16.020599913279625,36.66517980554881,36.74769314015426,35.47528576459782,35.88831725594207,37.59365621655929,34.84157424365381,33.31629717629932,30.170333392987803,25.289167002776548,23.69215857410143,20.0,32.81714970027296,34.33449793761596,35.417040232842886,36.52246341003323,36.85024785105714,36.19302075875608,38.452221064290136,37.45855195173729,36.47480773173676,36.28695382714023,35.09471352102548,34.83444648098535,30.402066275747117,30.257153839013405,27.10963118995276,18.129133566428557,30.751818546186914,61.12216442500576,59.694201061645664,41.1965172203987,71.74214328563745,54.037191944157605,42.39999792886872,81.25846599267591,13.010299956639813,6.020599913279624,51.062929121756575,55.16356860028012,58.61489605128107,60.98058158344982,62.97580411111792,64.20715511700567,65.2745473017775,65.82879796260876,66.09167053868197,66.0931795203648,65.62548130780922,64.77250076308368,63.44678695665175,61.37223993460654,58.01738392568879,52.94906910605192,45.85799009013001,53.936559131277626,58.89204185442887,61.77114986509164,63.77493117797509,64.92910620551798,65.70698184083427,65.99538992036327,65.8649210949022,65.30587059563199,27.965743332104296,63.00742397511466,60.94340086805528,57.64269559191143,53.996356541609245,54.44296238984165,58.67738469056448,61.70146964329251,64.18328641065236,65.75514828710058,66.98091232996578,67.74926760917803,68.09084693645548,68.20110123205643,67.98710365460933,67.6211391402494,66.73853842629465,65.55500729083714,63.66324692820814,61.13954710629371,56.84229375388591,50.15514832890563,52.12597725728138,58.12044567414036,61.61156194594429,63.8497134656916,65.29887637128365,25.289167002776548,21.84691430817599,18.573324964312683,20.96910013008056,14.14973347970818,22.380461031287957,15.314789170422552,22.576785748691847,16.989700043360187,37.00530656978592,29.845273133437928,32.94906910605192,33.473300153169504,35.76341350205793,40.34427905025403,41.854004831904525,19.54242509439325,37.78223626766096,41.19552797667117,41.26975138867829,48.51729088928688,52.25955072896014,54.818494993479206,51.86329007603649,51.87616593450815,47.43078391782139,49.11104317804036,38.008544915035614,46.16633028663394,48.11280014392956,18.63322860120456,49.66446805470068,38.751191654625686,59.13122668510762,60.2037868723048,66.93552844581747,35.91509808994654,32.27886704613673,23.384564936046047,67.52517386328248,65.98485189994524,64.008504308578,61.351358330096765,60.94219493384677,27.520484478194387,49.11902996044033,55.85235063365776,50.62600784448157,50.39513261850213,51.29187005167139,53.24220702877004,49.84077033902831,47.85678554471912,52.53226509172709,52.21487266209454,46.32194003615336,37.64400322956388,42.09515014542631,47.41467697685545,35.35800290824898,36.469915374771226,46.19354246514376,44.407989209437126,46.61168809241556,48.02363174309548,48.40965047132446,15.314789170422552,16.901960800285135,16.020599913279625
19.49390006644913,26.60865478003869,18.06179973983887,15.68201724066995,11.139433523068368,20.043213737826427,54.66566622625014,56.60535364626781,57.69591466130553,58.816408206591866,59.54086617999738,59.90930388914781,60.04886878254916,59.82875657787573,59.39371966873749,59.19966701483388,57.5106344325651,56.19006671880455,55.31066141184856,53.12287397629393,49.82316469692065,44.84940129468029,46.36939007287472,50.20945198345383,51.797039973445045,54.166887596000834,55.686920825205206,56.817205063182925,57.49614201377577,57.80162436578424,57.6275731465369,56.93412103197502,13.010299956639813,54.78883804186282,53.98400117008495,52.286723492531664,51.78358140331879,52.23851434064997,53.69069211867856,55.56337484191516,57.01092850561181,58.55827352968153,59.15890316181225,59.389942877621934,59.55747864436642,59.28480347090342,58.78825580473652,57.067561760260325,55.32157929084122,54.16973172603036,47.98249998378468,38.34357112718405,39.816374246557686,46.79545994115586,49.94849244334662,52.81126582760337,54.92247590982408,56.80746040409525,57.30383316498988,22.55272505103306,13.010299956639813,6.989700043360188,22.55272505103306,10.0,13.010299956639813,14.62397997898956,15.68201724066995,15.68201724066995,0.0,15.68201724066995,52.54973221361755,53.24911828949596,54.630265210864266,54.741885732768544,54.29251503330693,53.54323611418732,52.71927527960759,51.73072579138236,50.71837839519735,48.36640541572774,48.95781546998696,48.42989704566155,50.14495337186388,51.55108200886311,52.377698743010185,51.33564454353103,51.93961756605832,52.41172786770047,54.0316858272777,53.62529596161941,53.96286546068402,53.68712600961363,53.281838209573856,53.79388923295056,53.607448412104034,53.739358038595086,13.979400086720377,53.41652111943532,53.44792975988091,53.04570227284572,51.14597641646821,50.75181854618692,49.65831747154744,47.88288598898554,47.250045449197565,46.03761260608288,47.74407465921632,49.65831747154744,51.38608965166579,52.44920043912454,53.13335622289238,53.273344088289775,53.01485765632598,53.361974769052665,52.043723429884125,50.98937769924606,49.46712567164916,48.188656435302384,48.722320490668565,48.69618890826352,49.06706673316167,48.52851912478015,49.18292512755356,27.520484478194387,23.89166084364533,61.12216442500576,59.694201061645664,41.1965172203987,71.74214328563745,54.037191944157605,42.39999792886872,81.25846599267591,13.010299956639813,12.041199826559248,50.22696371491371,53.53292891312974,56.16943690319866,58.1197828350998,59.43116941013864,60.228657448393534,60.79541560957593,60.950287498181325,60.82956541924815,60.39747148865822,59.470811434428185,58.059261089626126,56.03932102634598,52.697487067864095,47.11773496120913,39.22673567858554,48.135075992755134,53.2435243076136,56.54261273998394,58.44574089022109,59.80549193547446,60.613578438509855,60.955528960194016,61.06453707027536,60.70585286921751,59.7208151529983,16.532125137753436,56.69142941952703,54.27596453913441,51.21211743908884,50.03503614742536,53.84885425996748,57.08544116900042,59.25667840283425,61.04828744811795,62.00301266166905,62.8863191590062,63.41045364873109,63.704464692298416,63.60905675252311,63.08718043400791,62.34366671609212,61.16188520587112,59.56336062692448,57.016111533360586,53.342948829113546,47.6093488978396,44.68421183738056,52.01533673443382,56.01836272057124,58.45314512875412,59.82785748059533,60.96506800609347,10.0,12.55272505103306,20.96910013008056,13.979400086720377,12.30448921378274,25.276299008713387,14.62397997898956,17.24275869600789,20.0,9.542425094393248,13.979400086720377,56.64808329239969,59.07851881680679,60.72075188574495,62.06167191352169,63.04253065783142,63.68452759292961,63.99975546405013,63.98725891356945,63.64919285959673,63.11588585857071,62.05130982559084,60.512934040264,58.8684253037807,56.17357909867816,52.47757292248495,49.511042779299984,52.12414017957467,55.76254943504197,58.12978829952264,59.74939789064032,60.80746586645055,61.43630499378138,62.19890624740053,61.90750660242345,61.56127675175291,60.7562578416185,36.00755149639618,56.93664525595111,54.34415596572972,51.57958168800533,49.83342076262868,52.216749970707696,54.66075385390347,57.893670374852285,59.6888063619856,61.27784229175218,62.13486943573002,62.47623727238943,62.73840328635282,62.62191384683423,62.188971791205965,61.30368832337653,59.9944461668655,58.96696484863055,55.94216807894277,52.271794368134266,46.36738571385955,39.61942883141387,46.6488631495905,51.50661283648902,54.55753641163351,56.838751919602416,57.60007594399437,14.62397997898956,15.68201724066995,12.041199826559248,20.253058652647702,9.542425094393248
16.127838567197355,26.60865478003869,12.041199826559248,6.989700043360188,21.613680022349747,22.944662261615928,54.59277867146732,56.50754218298378,57.83483367566282,58.91406424809429,59.60787463932101,59.8789943454328,59.9665874699162,59.76053622118933,59.343620815680055,58.88112069101479,57.42156170701429,56.056551424776046,54.953292183202144,52.55072200907411,49.284060949303125,42.28656958108935,46.18027166353193,50.48301936653375,52.84047031603394,54.65739659203861,56.05005355005059,57.173916996382815,57.57585042421528,57.77154850050664,57.62548030745072,56.75119069942777,19.294189257142925,54.377901864217016,53.91869775709361,52.605793585143616,51.58281054244856,53.2195657052501,54.81327948152576,56.063813651106045,57.65140823459009,58.43120607219163,59.07639735316012,59.30724952769488,59.47179737315898,59.05594061884376,58.324354596340456,56.50941499314979,54.411513382182015,52.53434935241006,46.25898661441019,39.1301868374796,45.07329544048116,50.23869501388332,52.13371639473603,54.087181045252805,55.827381549559824,57.21955630522182,57.38720323685829,17.16003343634799,6.989700043360188,10.0,15.05149978319906,6.020599913279624,18.573324964312683,10.0,6.989700043360188,9.542425094393248,11.139433523068368,17.853298350107668,53.38585965777482,53.83249697079638,54.37009728670741,54.27450403298435,53.9212337627696,53.04753265379709,52.203199511320825,50.94387266421655,49.87295258331997,46.87439774545894,49.10421615655692,49.64886334868464,50.20100130171684,51.57894770570113,52.58515165123625,52.83692369936525,53.0759229942002,53.328604294878765,53.955447961324914,53.96174928245615,53.9026372702938,53.72361425093524,53.55943582163648,53.45657938672113,53.41355374863706,54.05218256006282,18.129133566428557,53.573325125832696,52.19317266450684,51.270788695620354,50.71885687752241,49.10544367818869,47.36651426038839,46.67191363468173,46.910549560078906,47.82902405974645,49.50700669792183,51.329253535492086,52.11750425571376,52.86191410859032,53.34168148852709,53.787648065259575,53.43888907935656,52.44346404423201,51.989043994567325,50.77149794716969,49.28395852256714,47.61536947802196,48.68115205327217,49.45626123714087,49.98891134666212,50.05403610458412,50.8023674561596,21.73186268412274,24.23245873936808,61.12216442500576,59.694201061645664,41.1965172203987,71.74214328563745,54.037191944157605,42.39999792886872,81.25846599267591,11.139433523068368,6.989700043360188,46.103194063192376,50.856651161116375,54.360035356698965,56.82571937816133,58.59037971490928,59.742813588778304,60.59302838780317,61.04248046990445,61.310306538395125,61.08342069267604,60.608564232944886,59.6777863389935,58.185564388181554,56.11163355021324,52.90377457283291,47.31467887193129,41.03427397382767,48.852537640936255,53.86358042220703,56.734411671711726,58.608845740279165,59.82566543340398,60.58778935109927,60.917597847134815,60.97738897687491,60.48224990655295,22.30448921378274,58.28176362083548,55.98626384641655,53.00351967272455,49.578418480676575,50.676547327343926,54.359971700024026,57.58437238266738,59.77864842315133,61.278615611884334,62.2954925605768,63.15051481165735,63.633475625996006,63.70297276562666,63.485852138208514,62.95606899303968,62.13084574667381,60.80788775961753,58.96910739532675,56.27949303784871,52.22427712372857,45.83935202536751,47.98270730569482,53.39898425202851,56.80796762942877,58.90007207924534,60.39671843067696,22.50420002308894,20.644579892269185,24.84299839346786,47.41467697685545,13.979400086720377,3.0102999566398125,22.09515014542631,6.989700043360188,13.010299956639813,18.129133566428557,21.73186268412274,54.81574473478454,57.97744517879386,59.88823287742699,61.57418384114308,62.65378267587821,63.49968933252608,63.91467233068961,64.04183840689053,63.90825283800847,63.39333957207163,62.57656739625336,61.41297037944908,59.92327696690168,57.63147108903861,54.35232611712277,49.5868330972675,50.47527969772476,54.36316929394212,57.190278379035256,59.27597204686023,60.38747689910778,61.603226412977406,61.981493804240266,62.097157623159006,61.76426983658232,60.76409219515948,38.88179493918325,58.11111645366709,56.08283145848823,50.88833944150202,48.95914026219389,50.7580964834144,55.03193969285033,57.3039866786124,59.37381965662176,61.04441357754126,61.75109223122008,62.32982141631541,62.62118952932896,62.67334382305663,62.30226607899528,61.3208606514717,60.50140306216135,58.92634351310466,56.41244012299647,53.05802629184904,47.1962955479179,38.360708089151416,46.430675629494125,51.56975967484768,54.72522422916882,56.49857450302009,57.531615811324514,12.041199826559248,19.138138523837167,6.020599913279624,19.294189257142925,6.989700043360188
16.127838567197355,26.60865478003869,18.573324964312683,14.62397997898956,3.0102999566398125,12.041199826559248,54.935305435419146,56.65694474315728,57.64959547422806,58.78806636017473,59.44398272635625,59.94956023851084,59.95850095253928,59.67747294104453,59.28717868727766,58.97198082382968,57.35740182088775,55.95016469376343,55.009715724606274,52.61277146732536,48.8962100168769,44.30478187932045,46.94754324967783,50.836781654493706,52.31979026831504,54.58819081946031,55.983012397476976,57.08642665148226,57.57676103959996,57.84930955316871,57.60731506678986,56.80157769910379,16.901960800285135,54.73797799057195,53.63784911225572,52.19023615179712,51.99678401240917,52.81510601492656,54.20450859106068,56.04098554896346,57.33449259391303,58.64113389050153,59.10634008346503,59.33132823726734,59.42528398216555,59.11571456663971,58.39695454439979,56.30412618510614,54.1931125968998,52.86779712429548,45.17591730711907,34.71291711058939,44.9793814174857,49.73021577053806,51.740307180380256,53.91957848245589,55.79103049953016,57.31048582809215,57.546762265719295,14.14973347970818,14.14973347970818,16.989700043360187,6.989700043360188,18.325089127062363,12.30448921378274,11.139433523068368,16.020599913279625,15.05149978319906,18.69231719730976,15.05149978319906,52.8541777230442,53.645303588407856,54.50687801312678,54.41720265878224,53.7043536484142,52.95866055521431,52.04608289327035,50.78609048200151,49.691595470402,47.72856908856592,48.47109740837239,48.8990649157748,51.00460152194369,52.13743478333527,53.20403877243516,52.20155177659785,52.61048643344225,52.80332473702885,54.23810908461096,53.8497134656916,53.76987335620002,53.67886814976096,53.40495671855194,53.70300238702363,53.583936614422655,53.60905675252311,18.69231719730976,52.81037914810116,52.76978513909275,52.00940738827741,49.84365266521277,49.633722164302895,48.13614343238298,46.40779477344857,47.00080377537631,47.64930446690282,49.65455710174821,51.25318578123526,52.42784843246944,53.16846442320461,53.54002735149691,53.25601856927585,53.020212265046894,53.05448107442473,51.48531706020461,49.95784320631764,48.544578664773006,47.69591466130553,49.15848146038876,49.42865867523362,50.095273792854165,49.93462684178131,50.725366358694586,18.129133566428557,25.289167002776548,61.12216442500576,59.694201061645664,41.1965172203987,71.74214328563745,54.037191944157605,42.39999792886872,81.25846599267591,16.901960800285135,11.139433523068368,46.22441993637986,50.84679924330728,54.32271616023719,56.80172282311303,58.57869001144397,59.70744719726336,60.54362132978072,61.01622333805266,61.22682698715644,61.123502479681655,60.5526553779231,59.63886476517588,58.26392304965835,56.13437983342734,52.84859176733764,47.21530334801461,41.03153502548682,48.82894356093019,53.888912396812486,56.77825869543697,58.677090227674825,59.80536476112996,60.50369314505468,60.99543219366669,60.946597594490434,60.42077540542177,17.16003343634799,58.15190429359114,56.11728617198385,53.27401850779296,49.15130626413841,50.84207954453043,54.65925380540712,57.57129448106232,59.80207964763856,61.26770846630819,62.28457850148068,63.1326722673132,63.66254250089042,63.768035339701655,63.5705011907865,62.89063602322123,62.05211132824353,60.852024257039886,58.92461927252068,56.11210133946947,51.93427941740599,45.651982517156654,48.019933463020415,53.57892939370659,56.90001933595544,58.77408783435583,60.39063765998744,15.314789170422552,21.13943352306837,16.989700043360187,12.30448921378274,19.030899869919438,6.989700043360188,20.5307844348342,24.84299839346786,20.0,13.979400086720377,21.33538908370217,54.95529074532876,57.90406918351091,59.88915966034085,61.53128289030224,62.618607126337054,63.476226994672416,63.92338292468733,64.0264047213667,63.79272876437639,63.4143155672416,62.562810677734255,61.3511769738991,59.8202913687857,57.50984854515112,53.98113691730502,49.804442635743335,50.93116871606861,54.53509448733027,57.16568393896743,59.027668602933865,60.51134764265507,61.49848537325043,62.02168063491504,62.14812334073032,61.907117496442446,60.90231592266469,27.520484478194387,57.58909622560255,55.11066118904415,52.46116805077841,47.10227406301431,51.04869340717005,54.15257216954235,57.3229160818207,59.35095952437724,60.90770013920001,61.896197124913634,62.464377654625245,62.722896044543646,62.6607380688892,62.27515725538588,61.31231668382803,60.242959816204205,58.912530382622485,56.19278075277114,52.7009628142033,46.942541120252784,39.09823369650912,45.78467291585447,51.38429020006004,54.38379358891245,56.67569683029591,57.63536553613972,21.072099696478684,21.70261715394957,18.325089127062363,13.979400086720377,9.030899869919436
16.127838567197355,26.60865478003869,18.69231719730976,20.863598306747484,16.020599913279625,23.117538610557546,54.2800027154756,56.39642846975732,58.2041297048816,59.03621672141568,59.659012783209285,59.94602628345469,60.19048543536003,59.94803096913181,59.51279706174806,58.44990073395205,58.01503867494674,56.48283880781487,53.182303391878165,50.19784879958464,45.90228621240158,45.34051502651675,46.18173657686871,50.11473171038759,53.71267407077912,55.36984952648502,56.529470304637925,57.308484642051525,57.7389756335933,57.46918187582051,57.12456077597646,57.051527000385256,18.06179973983887,54.90229653112439,52.4107806659753,51.63447628628096,52.17739181710503,53.9698002624495,55.81190486660936,57.17764506767462,58.318371529985725,58.83086537142822,59.48133127393441,59.677444874453215,59.191434932469,58.545792880149335,57.49177246071906,56.917434854293546,55.053195914764856,49.73187911449674,47.385030920054085,36.57629431388952,42.56837965904041,49.82651074554795,54.16936591894785,55.87487588197728,56.73361938712162,56.83551319853662,57.15284492777919,12.30448921378274,12.30448921378274,16.989700043360187,9.030899869919436,18.63322860120456,15.314789170422552,20.37426497940624,12.55272505103306,21.5836249209525,21.13943352306837,20.170333392987803,54.629726832982286,54.731671532048,54.391826389073536,54.191309621939936,53.74106508804012,52.63761487030136,51.07877862166494,49.018940319738206,47.384634394619525,48.1431420020746,48.10373674373695,49.43182780448226,49.90250032927817,51.00542850012465,51.88582597054509,53.85829618669783,53.91534937088024,54.16775267474414,53.29960978186116,53.54788173505794,53.3343921327146,53.66762788086752,53.704205585485134,53.86272395580855,53.97148872562535,53.64357724140832,20.0,53.00571573125141,51.83059052918543,50.66311013707522,50.00351636136924,47.26727209026572,45.72092890303906,46.29949582692885,47.12279215017367,49.52395247558994,50.68660727624844,51.84467129348703,52.65254258420613,53.031809324736685,53.23458366849468,53.29279881693418,52.776412981994056,51.18152251416694,50.78054238469736,50.22642784659061,49.185545305502735,48.8516325425637,48.39729375206388,49.49043408733929,51.08514285432421,51.785971331011055,51.72100633785177,28.727388274726685,25.10545010206612,61.12216442500576,59.694201061645664,41.1965172203987,71.74214328563745,54.037191944157605,42.39999792886872,81.25846599267591,12.041199826559248,13.010299956639813,44.80035703228801,47.8282364447609,51.41637874673272,54.72007120502148,56.931507310314686,58.777513312559336,60.106412356545775,60.85253820444783,61.311314938505525,61.39217069765575,61.17214601607023,60.60199437587417,59.63138260387703,58.11417478534438,55.6615101086424,52.23153146586924,45.920878900982565,41.734485147443145,49.50686074520155,54.47322411711761,57.09874329253718,58.92021657363324,60.22838138604888,60.8656269136646,61.15134357174837,61.11027151026175,10.0,59.50894740280371,58.201916039771,56.044085912537405,52.92477593667784,50.288070414818094,51.39677627748939,55.13879195138102,57.90426621043298,60.21058577440095,61.71127386925814,62.70177653004377,63.18605864055056,63.592595181602334,63.55825691235894,63.30646079049481,62.60759271265626,61.68418808400838,59.99890543998525,57.76542107213316,54.37433443797971,49.50763910303574,44.48474428212161,50.18970808600747,54.92448870030101,57.952527908321954,59.79113407238842,10.0,12.30448921378274,15.314789170422552,17.16003343634799,19.138138523837167,18.325089127062363,22.30448921378274,23.443922736851107,16.020599913279625,16.989700043360187,20.253058652647702,52.7097912902142,56.27353565065533,59.259125705649296,61.021334378661926,62.39090416773622,63.120029263602994,63.78205969433412,64.00461484659628,64.07063743080533,63.66656012752757,63.15757342071804,62.15671660689426,60.14933636009921,58.02807236486621,54.70594226005072,51.95949441279189,49.49867955454244,52.74492681325758,56.41938893928164,58.82927908616617,60.60143477991653,61.54559079462167,61.8488667751284,61.89461677954317,61.78703629679069,61.36859075496646,37.59592308645975,58.78895036410356,55.638807845786175,52.55007021791755,49.223101632143965,48.809564288161695,54.31892637871869,57.12495651265526,59.229438474911625,60.52924683707729,61.64017486684496,62.42776897158046,62.57762306451225,62.56427397868813,62.13997739014325,61.76675715512231,60.77755871278866,58.79101616509497,57.19067646586189,54.24889799984455,49.49765582122831,38.360708089151416,46.38658948079045,51.97625099581138,54.870662228435705,56.29781546556178,57.368146579734194,23.97940008672037,15.68201724066995,18.129133566428557,20.681858617461614,0.0
16.127838567197355,26.60865478003869,18.129133566428557,0.0,9.542425094393248,18.129133566428557,54.18546548708994,56.38499240621076,57.86872042749559,58.83773258681448,59.59504075053144,59.99576356320274,60.12082668100721,59.95221320992667,59.60646742930689,59.12475542477765,58.004654994473405,56.65957903832656,55.42049474972801,53.199654656030944,50.27757204690553,42.9280966541729,43.59152211446896,48.70011575423008,51.88796348188084,53.953788198221545,55.82626897824248,56.98696312590464,57.45796713523362,57.98911558015413,58.02736107605352,57.21845225537847,3.0102999566398125,55.27904308892907,54.79306041871031,53.38641726513316,50.844332767865446,52.48659743048336,53.54916704146841,54.94335512363864,56.80049818709659,57.84749201135721,58.69680454416377,59.19664778342305,59.48923743824067,59.35358108930133,59.01498642976772,57.50176568956371,56.03859665171912,54.736110364793255,50.9247501292598,45.69444140240524,39.941411111261225,45.94016662248082,49.29260507072208,52.45475652502517,54.7585851911439,56.48400998638263,57.27744530836107,18.69231719730976,15.563025007672874,12.041199826559248,15.05149978319906,11.139433523068368,12.041199826559248,14.62397997898956,9.030899869919436,9.542425094393248,10.0,20.170333392987803,52.37025693973722,53.36773833294725,53.7571664036555,54.36545866084841,54.03522015014648,53.69319778697778,52.98210980987772,52.22375663345428,51.22874195606301,48.92790030352131,49.35265363953307,49.33735240708219,48.24906471302113,49.95959697491984,51.00129203359808,52.080461191663794,52.63271439538633,53.094278753406,53.44030538531608,53.79272876437639,53.58547760015314,53.50933816959984,53.19815764089732,53.45652060388087,53.43583851901039,54.02249342440765,18.63322860120456,54.20925634858201,53.008996877722495,52.61978567181696,52.56787477588195,50.58919260718884,49.44453060153255,48.45693235834101,46.35534009471285,45.12817758564873,45.70087392314028,48.15006281903948,50.2689672677236,51.71860961751824,52.53640839507475,53.66213698295158,53.91206897447035,53.21542509120729,53.68705168452805,52.89055789774825,51.94228418187119,49.86395481262247,49.147978438103976,48.14194304795979,48.00524626699878,47.98381285542959,48.570670131197176,28.40106094456758,23.89166084364533,61.12216442500576,59.694201061645664,41.1965172203987,71.74214328563745,54.037191944157605,42.39999792886872,81.25846599267591,0.0,19.49390006644913,52.81862509737461,55.56929362394441,57.68070261926568,59.164297326673335,60.09047009660279,60.69200257087934,60.95157142178317,60.91583255532885,60.47035257704249,59.52597281389437,58.280228078901295,56.37509742621977,53.09206310648898,48.08683509128969,41.02605194126567,47.00712368343353,52.93636526880746,56.13259201907167,58.19964865530628,59.61531196305226,60.33174366693704,60.809935342488856,60.84756749660591,60.56762348892924,59.85430516101769,58.81998854522845,21.5836249209525,54.24340881040344,50.29424364058016,48.7882041388574,52.415788522585416,56.19474215205155,58.873612611596975,60.72271961124958,62.08365294494595,63.01029995663981,63.42158865515711,63.85406058804637,63.79620924025432,63.44884260825211,62.84050192889006,61.72957985217622,60.29935833008399,58.11932079654129,55.20285664243134,50.119297402181246,44.140704137518014,49.310610270256745,54.63666081742947,57.477387652406165,59.47183660987029,60.75627608593591,61.63476243618732,21.613680022349747,23.443922736851107,15.563025007672874,19.54242509439325,21.367205671564065,14.62397997898956,18.129133566428557,22.576785748691847,19.49390006644913,19.030899869919438,14.62397997898956,57.905525564218685,60.0784375586058,61.43918691217755,62.72682672609592,63.45918462676621,63.98090248572772,64.08345981297218,64.00623113128432,63.53075859275504,62.77794809749759,61.59573509104676,60.09723625270694,57.892174731948586,54.91431735682969,50.930327474464576,48.89021422095225,53.259177537207975,56.44655190288493,58.88790896066365,60.39273297680026,61.47223865979382,61.93443242444427,62.084983269778114,62.07462015482776,61.95568687987439,60.324112329278286,30.507663112330423,56.43091272107664,53.521400516858506,51.20814042826397,48.8320703335239,52.271485479758624,55.81477466156429,58.40455523248018,60.20382002310025,61.55361547720348,62.13715601459639,62.62700203628629,62.90323599416397,62.692555601578725,62.36981405223076,61.35488849454485,60.02392872771722,58.552052841976064,55.947559679598825,52.169255828251,45.57483140603018,38.44725627973226,48.3528461763273,52.33364215748924,55.22793615218866,56.71095977828122,57.64507893334242,23.26335860928751,16.127838567197355,13.979400086720377,12.30448921378274,12.55272505103306
18.69231719730976,26.60865478003869,17.634279935629372,13.979400086720377,15.314789170422552,19.49390006644913,54.35769536075341,56.43336190982059,57.94571690831464,58.97465437692679,59.65533294458123,59.99195376004543,60.161994454846734,59.928626713890274,59.47861433418949,59.06331270000408,57.90215474238354,56.488252863056886,55.196311389796136,53.0394300620477,49.75753389036288,42.169835593820935,45.313383872700086,49.44887167215995,52.55535414944344,54.34380455989701,55.948310437164814,56.9808313868209,57.53006681086234,58.01489462704356,57.80231597142545,56.85786508921555,16.989700043360187,54.55893518887224,54.2749260074356,52.63043983313166,50.93789278909418,52.85363746058195,54.09048425116645,55.65020928345294,57.35126826974712,58.42980976319584,59.09149356376578,59.44459476257262,59.69580372575778,59.421613939424624,58.78512603986336,57.191522279230426,55.58354512237984,54.15831067210864,49.63797268427325,43.429159170840855,41.678192898771314,47.965743332104296,50.38739348104749,53.35650432003206,55.30344438908273,56.8104666605978,57.30172382316084,14.14973347970818,14.14973347970818,6.989700043360188,13.010299956639813,12.55272505103306,13.979400086720377,6.020599913279624,19.54242509439325,0.0,18.325089127062363,23.180633349627616,53.15519032228976,53.88030116459972,54.55834228396568,54.5722314616222,54.1949478850594,53.64882920846985,52.97088311526356,51.92243981426401,50.70159821550227,48.06722503076181,49.33689708957894,48.97764504511617,48.67738469056448,50.45987605660968,51.591368962652965,52.36136538257728,52.79897259766714,53.20796202313535,53.76775811097727,53.79272876437639,53.5463273490664,53.51587609946029,53.41942717706922,53.487136474677534,53.63705972854724,54.12381577617596,14.62397997898956,54.1014430470278,52.97009418621643,52.45228803101548,51.97120598004485,49.892228216884256,48.91186088969528,47.64863283710636,46.81711468401807,45.90841834781602,47.75828814464612,49.90041230024249,51.27137207191501,52.108052561846506,52.79450198922244,53.88307282618574,53.73735644878671,52.76987694300697,52.84322428729911,51.821292140529984,50.36197580114696,48.29721781101162,48.198925472171325,48.50848328041025,49.19752556189443,48.52412892395744,50.40432227906668,26.665179805548807,17.634279935629372,61.12216442500576,59.694201061645664,41.1965172203987,71.74214328563745,54.037191944157605,42.39999792886872,81.25846599267591,13.010299956639813,6.989700043360188,50.09166088828402,53.54914786058673,56.33792540508723,58.18109714202012,59.5181575657645,60.32458388754422,60.95675907207639,61.166084080465815,61.02164675393364,60.51360933783975,59.728953976504606,58.29615709406076,55.86715548872214,52.61619676547936,46.63597285273721,37.74151858954711,48.34509715389966,53.42929719640565,56.65348304436474,58.601235019861626,59.8893556852316,60.63533381127235,61.10371835091254,61.138130444151045,60.78431078635952,60.0557943384582,6.020599913279624,56.828821191906414,53.98096326549993,50.50244380695455,49.69681440451502,53.53743170753936,56.89275108956803,59.27013437845859,61.06372127227728,62.25398716499109,63.09682322209837,63.576074789458936,63.78327027028166,63.66304887796212,63.21576269904941,62.45292009911164,61.24410313171704,59.60090067904919,57.18306503132496,53.50344948249062,47.26857559288496,44.35541782772181,51.89672752047735,55.93362504985301,58.4436594732275,60.084988245585066,61.26082355526575,17.634279935629372,16.127838567197355,16.532125137753436,3.0102999566398125,18.129133566428557,20.96910013008056,18.129133566428557,18.129133566428557,15.314789170422552,15.68201724066995,21.13943352306837,56.51380759020042,59.11487866668563,60.88063050181,62.193343026174766,63.19027941766279,63.773472374975306,64.15791889352202,64.08429418879881,63.771010786236495,63.143259387478174,62.25053800077988,60.79977446131551,58.84565415783075,56.20046479008907,52.54444143344996,48.17836305939381,51.57063700382623,55.26919241822399,58.16930981932583,59.845705156200495,61.09022077646604,61.67724258196877,62.13212182451866,62.31691778178699,61.8762589760729,60.70328284770444,23.820170425748685,57.63725158957268,55.72929659079372,52.19125891280883,48.69917832262976,50.67457715620406,55.36962249650277,57.89961962491674,59.9612361081573,61.50407636554132,62.07845674417487,62.68774950887085,62.811411316693565,62.69537693628333,62.2357121560988,61.360991133248376,60.18377986010499,58.83332041250597,56.183253287804376,52.62925469331832,46.37809828647623,37.02775077901044,47.05247740178905,52.10064237291544,55.173555939113626,56.812566183661176,57.80320913240328,12.041199826559248,14.62397997898956,14.14973347970818,18.63322860120456,6.989700043360188
13.979400086720377,26.60865478003869,16.901960800285135,17.853298350107668,12.041199826559248,25.118833609788744,54.17267368965434,56.29919035503541,58.10300413218077,58.93111775467411,59.75674853484424,60.016454607409486,60.13824858683936,60.048482273854674,59.63116985405663,58.89167751036376,58.02972019227912,56.49188770977882,54.59311049908837,52.07860475515203,48.47726855657811,41.09713504792951,43.51119609737672,48.98341165727509,52.99306775282916,54.83162065029631,56.47775027528041,57.50150320740845,57.99023329721684,58.40924332269418,58.11578356895333,57.56289903760295,19.49390006644913,55.586605795411394,55.02604625473667,53.47503698375415,51.0353690696856,52.97937693354251,54.29088222267451,55.3682222159653,57.10223174463516,57.678872402580616,58.55362248287686,59.01977856110149,59.07501650241056,58.774456418859664,57.97063159617391,56.86390456947674,55.15233847273081,52.55245964073984,48.8910552521305,42.45339902695324,43.33023857758089,49.63471432445516,52.531925698784434,54.8811761618261,56.43114979971645,57.17527378557308,57.674564274642506,13.010299956639813,17.16003343634799,12.30448921378274,6.020599913279624,12.55272505103306,18.63322860120456,12.55272505103306,15.563025007672874,3.0102999566398125,9.030899869919436,15.05149978319906,52.57354532711048,53.11442328425385,53.29165922482092,53.66947529534973,53.32862447495826,52.92701216567758,52.39261930430363,51.22389561331292,50.443045191759154,48.36222810718678,50.30624006160168,50.38481070082327,49.43078818884005,51.01654295437143,51.8802804133508,53.840342526574005,53.927760685294885,54.22473290169268,53.57921513193253,53.980546472836295,53.378285041827226,53.31111331077993,53.37125674915916,53.18885210767586,53.02698818991789,53.67395061683312,21.613680022349747,53.5620183515742,51.73981261097947,50.706177706190296,51.43130388437864,47.867585184026495,46.3504118442533,46.13090932034561,45.81904168221197,46.809697184658965,48.98648405576936,51.0049461153232,52.20518642318523,53.05508289099873,53.51744142060498,54.69817599401652,54.61021050701977,53.40255681383418,53.828613835632815,53.10455393973589,51.83167309603889,49.49604660972975,48.23715436886529,47.537745045569736,48.00524626699878,48.17380242657893,49.172954009456895,24.099331233312945,26.48360010980932,61.12216442500576,59.694201061645664,41.1965172203987,71.74214328563745,54.037191944157605,42.39999792886872,81.25846599267591,0.0,12.041199826559248,49.49316804776846,53.3566847743864,56.25460620956368,58.04228054819467,59.53701717521484,60.45700377081011,61.05636197042258,61.30581406583496,61.16295524130523,60.600315371640086,60.00760651710173,58.49253527083681,56.38633997659827,53.383289755880085,49.038764332385874,45.49910161688267,49.37462724087428,53.79894453142011,56.607374465680536,58.51249173386619,59.71478101202309,60.49281998841262,61.0035985996315,60.88451502371409,60.41747871723266,59.74179973266297,18.129133566428557,56.09741638906372,52.41810363800036,47.15878048308093,46.90594738870024,52.68215128299932,56.71136727173384,59.35129234915682,61.04684410994195,62.41269978102237,63.34124085016016,63.82667636333761,63.87264859702792,63.77154112052202,63.301330147351855,62.80760426326267,61.57001079055593,60.06902684414305,57.57119571604285,54.42531505036565,48.97896380312139,46.71746584203527,51.69821328862136,55.64326306001484,58.259198550911016,60.02736535681939,61.034783912190335,9.542425094393248,14.62397997898956,20.96910013008056,10.0,24.099331233312945,23.97940008672037,14.62397997898956,17.16003343634799,19.030899869919438,18.129133566428557,16.127838567197355,56.16564779275053,58.80339037812436,60.98118101870779,62.1319915754216,63.26280341434578,63.82826849997569,64.10760367244588,64.106633742687,63.81539957720952,63.263805172163,62.35054757187544,60.92667670155484,58.992036289112,56.27264441088084,52.89428403349454,49.50135961774127,51.82474570667097,55.64364201623128,58.54124389760574,60.00804002996031,61.18647252712782,62.06083164223781,62.0554132585482,62.18418907492334,61.99515207134623,60.76254394393521,24.653828514484186,57.28909485632829,55.61292240378958,50.97618203875831,46.17105230502378,51.403728942062514,55.23888174523772,58.01873427033193,60.092711065678806,61.05523809481177,62.234575199064935,62.74810878843709,62.84079772375088,62.663413151560576,62.275298712307375,61.65816872922176,60.39479555880358,58.721358691725456,56.54834706822672,53.378285041827226,47.19480446493564,36.05951157564873,47.86140709854272,52.45060865329585,55.31495522102057,56.621352115382464,57.68527108918714,19.86771734266245,13.979400086720377,6.989700043360188,20.5307844348342,15.68201724066995
19.912260756924947,26.60865478003869,13.979400086720377,13.979400086720377,17.634279935629372,19.030899869919438,54.26493368713971,56.409750793288175,57.87103256818448,58.86907898662259,59.67193095038294,59.97019657099457,60.10023769514659,60.00351636136924,59.69274697092943,59.1425851170049,58.0767638753218,56.704471779897375,55.65706177812806,53.25254926323165,50.00455769968617,43.09672743229267,43.16745927670932,48.54991867500404,52.00218287364536,53.97300256221271,55.79556103881542,57.031442950835824,57.57871063210864,58.02725847670746,57.995955364223605,57.32166097683365,15.563025007672874,55.33601763267417,54.71844497685639,53.304543597219975,50.74055393302785,52.53379203183339,53.7424412522404,54.99424502476081,56.853350127549184,57.861243650543074,58.63328809319186,59.10925745507623,59.48513213631958,59.42569542872302,58.8320703335239,57.55608101715672,56.1462833404557,54.56062224454952,50.90176901783054,45.82631439489636,40.79904467666721,46.098610929805474,49.33148020981487,52.523505115466776,54.75597105020901,56.580657993714496,57.18542376119265,22.27886704613673,18.69231719730976,6.989700043360188,21.613680022349747,6.020599913279624,13.010299956639813,15.314789170422552,16.020599913279625,15.563025007672874,19.294189257142925,10.0,52.40920984991621,53.248439991808105,53.882380076603226,54.20434364509439,54.10171328506465,53.62167572511623,53.20582439473552,52.20455907553205,51.30105301683909,48.88387321231802,49.49604660972975,49.19998030964018,48.09728013215906,49.83012519777192,50.96910013008056,52.44467624170863,52.80455439438755,53.32333408545816,53.45556037151204,53.81319087990292,53.57830070342652,53.588976080499855,53.24043630591517,53.52439158561069,53.43071663338165,54.01941348631176,22.944662261615928,54.113856625505846,52.96709056175604,52.454657812199066,52.68346255154899,50.707100405962834,49.13771480123387,48.549433490759206,46.40382044709568,45.031094366713695,45.71708831808688,48.21185882608845,50.42945469790799,51.60216345014536,52.59949673026539,53.6808782640103,53.980546472836295,53.45618748608974,53.54834218705054,53.215756485645215,52.09260260976222,49.89449817666692,48.91135870226182,47.92202520063025,47.52463327501825,47.28426834761584,48.35138635226168,22.50420002308894,18.129133566428557,61.12216442500576,59.694201061645664,41.1965172203987,71.74214328563745,54.037191944157605,42.39999792886872,81.25846599267591,13.979400086720377,17.634279935629372,52.93515028295265,55.59487681797765,57.76603129851353,59.1718032340748,60.16620563441381,60.68721532307895,61.00847317892611,60.932325157270064,60.55201289708582,59.536949533593095,58.38279728970022,56.33195673394554,53.15519032228976,48.01293921864864,40.101727032867785,47.52025387323212,52.99672878675327,56.04525202696466,58.18113015182452,59.60986582292431,60.33443861247556,60.86750519924658,60.95838939163468,60.613578438509855,59.86164192692341,58.85542138376933,21.367205671564065,54.22827766728854,50.366967485740645,48.61301370563489,52.42792292573248,56.24477020391694,58.92778356359558,60.80705114518903,62.06184751238352,63.01273349527537,63.53605634893599,63.819134122337886,63.78772795080174,63.44967676424073,62.83894585168119,61.83276963206119,60.27723388700516,58.20418224108697,54.97738010809405,50.096633166793794,43.867129388585965,49.39119717648487,54.492006087413685,57.57547853469244,59.52963803041716,60.785583107465385,61.59741597821957,14.62397997898956,23.010299956639813,23.89166084364533,13.010299956639813,11.139433523068368,6.020599913279624,6.989700043360188,11.139433523068368,20.96910013008056,20.170333392987803,19.912260756924947,57.9981732222863,60.047726335209234,61.57473994504804,62.69352739396294,63.46131466911252,63.93425148346678,64.09136298896216,64.04568442414221,63.5807844520476,62.822599365602855,61.66384224817272,59.9208008654156,58.02081037719108,54.96122549267091,51.071997907516646,49.172954009456895,53.06332797201332,56.53121785007123,58.82675347989653,60.55517849002897,61.538017591203285,62.02137797538074,62.09382293173029,62.01227743760598,61.40308447978633,60.47119428361566,28.068580295188177,56.71669820803815,53.09794061374852,50.83606522746464,48.89772166771449,52.65958706467832,56.06575894065229,58.339626407846055,60.23954995341154,61.418775856992696,62.257195995212406,62.642048938556336,62.92456775381315,62.76977366346702,62.312299487317695,61.35984496147956,60.14542798929733,58.46794674306915,56.0844579935301,52.30073221926916,45.5497345833324,37.71219901949534,48.38427179627136,52.52768104761324,55.10996495324946,56.84888430035956,57.61688083776738,20.681858617461614,9.030899869919436,20.644579892269185,17.16003343634799,6.989700043360188
16.532125137753436,26.60865478003869,11.139433523068368,16.127838567197355,11.139433523068368,17.853298350107668,54.7915045253866,56.70045363196637,57.77502944132759,58.77998143590634,59.47491068500685,59.99587224142601,60.09835301462314,59.8686932762684,59.44582351034444,59.182573903571615,57.583008780268834,56.12754196571589,55.37321574495225,53.03602073356045,49.617294997421375,44.03069020752977,46.41632727920729,50.325260907317215,51.79037341663989,54.37758487829866,55.7593220650424,56.85621731382823,57.62457234675676,57.86776968128446,57.81049161969301,57.08697027024642,13.010299956639813,54.810439839939455,53.891270847416585,52.08401042579736,51.59269340746835,51.54612623501048,53.580967248582624,55.55685605950085,57.08842241792617,58.47539345503614,59.25905874518736,59.52162574214462,59.70928645593082,59.51979256179735,58.912591747643866,57.20913906235562,55.32655027542519,54.44864182902073,48.39886381275089,38.87223331362523,39.89627770745151,46.97168293059873,50.06607218491803,52.89026770511499,55.0536300179704,57.01191375698441,57.35107645662399,0.0,16.532125137753436,3.0102999566398125,11.139433523068368,17.634279935629372,16.532125137753436,16.901960800285135,19.294189257142925,10.0,20.644579892269185,15.68201724066995,52.51114805366797,53.213456915747386,54.87830996483997,54.72522422916882,54.43715044375372,53.70292833315239,52.84372071926849,51.69159910621572,50.77633125515335,48.46510300463392,48.27498508133459,48.10293019203876,50.27647191217233,51.42470810492652,52.53362239833069,51.464412351639474,52.05988850752451,52.26097018175195,53.90435204305839,53.588272808072894,53.85867129375236,53.77322646104105,53.1689459734708,53.78799301502831,53.85506177739142,53.54755555202378,47.41467697685545,53.45569756056392,53.671060832521526,52.8974275651245,51.09460424339467,51.03755843334727,49.50218766641864,47.3143564737856,46.98344169572827,46.21892588317354,47.78339403895484,49.675666954051714,51.27406107152707,52.50207682889945,53.198344796011405,53.2736097812026,53.16274454899017,53.440777384681006,51.73829946074613,50.60403175459535,49.04228516340078,48.01225290173022,48.37114748515506,48.4868165402395,49.36855413884736,48.504317914603504,49.84842231405276,12.55272505103306,20.043213737826427,61.12216442500576,59.694201061645664,41.1965172203987,71.74214328563745,54.037191944157605,42.39999792886872,81.25846599267591,12.55272505103306,11.139433523068368,49.99869692108268,53.47919084998394,56.38754744370631,58.09775125133528,59.57176130404847,60.28057766072624,60.80320497324232,61.04363155812455,60.87979005229882,60.56834749025722,59.50853890541772,58.07871104164441,56.08012278215345,52.81108395938645,47.190825739014855,36.90550461510359,48.213824997473,53.413989089917216,56.655444074365626,58.595879766736175,59.86280748840599,60.75492214940131,61.05137042195466,61.136238613375234,60.79469594220996,59.8691722093259,11.139433523068368,56.67389438515092,54.12085733243278,50.69612604292925,49.45375019552896,53.71224919107688,56.92025123060301,59.274442792134685,61.042128592740696,62.167146937142455,62.97282852771539,63.48788549558741,63.80618021268938,63.67961274500403,63.1863922833432,62.45549186496524,61.21981459882883,59.58312024516636,57.08755628300842,53.51749938462874,47.14069775979028,43.87710089398606,51.78320695813806,56.18011467922023,58.54490653638126,59.96094689430075,61.137241453175534,19.86771734266245,19.030899869919438,16.127838567197355,15.314789170422552,17.853298350107668,47.41467697685545,16.989700043360187,19.912260756924947,19.084850188786497,16.532125137753436,15.05149978319906,56.6639160493888,59.206116329618354,60.82828438707993,62.09714958437785,63.11069679343488,63.74124860179728,64.05681302070215,64.0453713244696,63.812640335198495,63.27191315467112,62.078661267103534,60.67169835624121,58.96995530950285,56.13297291696014,52.35187442396655,48.59738566197147,52.16878141702857,55.98331903533384,57.82863027010842,59.86584096430292,61.06906536118647,61.85163788429325,62.05499930165968,62.00019676348915,61.52748697133315,61.0489833546903,20.5307844348342,57.53452061437437,55.94738301189709,52.11622387495052,48.545792880149335,50.5701531570761,55.547422732505495,58.09855876532672,59.88100788764028,61.15300571094106,62.16580989705922,62.62809057120538,62.79331285386888,62.88748310256212,62.31702477013313,61.32114259804514,60.15939964050543,58.87943461248532,55.94751551334714,52.12147636815062,46.21280167550415,38.68585666558766,46.25250698540985,51.53744762033778,54.74370717195556,57.1307032585564,57.80187652643173,22.27886704613673,12.30448921378274,11.139433523068368,14.14973347970818,6.989700043360188
13.979400086720377,26.60865478003869,14.62397997898956,15.563025007672874,9.542425094393248,15.314789170422552,53.99606236218923,56.173568617094,57.98090327348817,59.02553845374486,59.72781203735423,59.98372693674455,60.18122719155926,59.96641678359992,59.636844340699575,58.78780227214815,58.02725847670746,56.78052879172786,54.47041686880595,52.13743478333527,48.49271962070074,42.221179287582224,43.76211850282672,48.33172620384315,52.9843604083526,54.67911339964836,56.29985218365054,57.37695846319859,57.67810155422164,57.95455243395214,57.91118462881504,57.36047332622561,19.54242509439325,55.222511708305895,54.32985316205376,52.91213400273597,50.86889915875484,52.97552612601666,54.42681974648988,55.7312467336352,57.36728670259684,57.88848280490559,58.75800093317352,59.22356384396032,59.33445273646356,58.94174783211231,58.33820670479136,57.31292957465519,55.72523097849637,52.76893586087653,50.0774777800074,44.10676026754955,41.21920785563038,48.67591217642212,52.08476292089471,54.5136267663651,56.031703645295735,56.71020951988436,57.25449336186464,3.0102999566398125,19.138138523837167,13.979400086720377,20.644579892269185,13.979400086720377,6.989700043360188,10.0,16.020599913279625,13.979400086720377,16.020599913279625,12.30448921378274,53.23625371074522,53.83689725437604,53.64077985334443,53.94915497733084,53.691898732022885,53.23066376363904,52.55581226980108,51.19681394958262,50.20833445458141,47.97302172183703,49.19752556189443,49.86901555479249,48.2707188634486,49.97604787460454,51.16624345141971,53.537123972811,53.722084652409805,54.110335179812296,53.29410084186697,53.739009203999046,53.42282499527121,53.29367365796252,53.33044029823487,53.22326821007687,53.474510153486406,53.9795564299197,22.04119982655925,53.96603802558588,52.15693069225211,51.12135602681912,52.0288319833564,48.69073232018468,47.14371678038968,46.511325785504816,44.79791180189491,46.48360010980932,48.58711602157976,50.22411873455921,51.56918477699124,52.42089009688843,52.98088569391382,54.2487673854538,54.3040565171458,52.98468806814098,53.655254224567095,52.679715019100335,51.51911996707007,49.45237096683847,47.67638147621918,47.32723376813052,48.353861416778194,49.01665338426241,49.4411237698898,23.521825181113627,24.593924877592308,61.12216442500576,59.694201061645664,41.1965172203987,71.74214328563745,54.037191944157605,42.39999792886872,81.25846599267591,10.0,13.979400086720377,50.04205259736892,53.65072211040712,56.16602580261407,58.19430741017567,59.5324006334168,60.49612198634412,61.07264592315489,61.23238951730406,61.18390729284572,60.53206406985719,59.79905587472966,58.45838191252277,56.19245724545618,53.24055986814951,48.1241195830134,42.0854884177061,48.53673880871554,53.32068647204658,56.37630802270246,58.353861416778194,59.622793416664365,60.37070948147319,60.9797082695778,60.83414103601591,60.455111322984976,59.72843621134393,18.63322860120456,56.3059566132019,53.04354789537689,48.820233587866994,48.94830928121998,53.099642753158605,56.6782357944997,59.346135745207775,60.97407603037969,62.44243959729253,63.2695919955675,63.69644001712232,63.79182193249535,63.69646597487243,63.29285985807368,62.61093877516908,61.42932620213983,59.79876930283052,57.40063317955943,53.858564123614144,48.07000286780912,45.84625178418519,51.23449814369938,55.58624582816597,58.210318036524754,60.14195326183487,61.16855367328288,19.294189257142925,13.010299956639813,6.989700043360188,12.30448921378274,11.139433523068368,6.020599913279624,9.030899869919436,13.979400086720377,9.542425094393248,17.634279935629372,22.30448921378274,56.21660177712239,58.88757232393535,61.003722685049446,62.25070612700482,63.14720844753633,63.81045732520138,64.12996490484912,64.09503855341006,63.82728090428874,63.19915570831997,62.26737259721189,60.92975954424959,58.66245384801724,56.01470036045971,52.45680431002719,49.18585962065328,51.62686851940797,55.14724356399554,58.22746535251419,59.94864186258315,61.24640491061973,61.85542721448242,62.21516995670192,61.94449123437352,61.48090329412882,60.6466235905324,31.53509989300837,57.430462177224506,54.79963798978251,50.59794323929047,47.04193429194155,52.84342737996357,55.86436513054662,57.98232029678993,60.03523000533141,61.27352664393851,62.10789753218452,62.64837649044207,62.74583157131261,62.519604763139895,62.25541360446508,61.60385686122508,60.43211329546164,58.65575931886938,56.64443583634864,53.35690531952628,47.49504423876142,33.94801777162711,48.01767185164165,52.90259495398459,55.25894414796976,56.408678566637306,57.5891264900791,19.138138523837167,20.37426497940624,18.129133566428557,16.989700043360187,15.68201724066995
16.127838567197355,26.60865478003869,18.129133566428557,6.989700043360188,10.0,21.73186268412274,20.37426497940624,16.020599913279625,16.020599913279625,18.06179973983887,15.563025007672874,17.16003343634799,21.70261715394957,6.020599913279624,6.989700043360188,6.020599913279624,9.030899869919436,10.0,14.62397997898956,19.138138523837167,18.325089127062363,16.020599913279625,13.979400086720377,14.14973347970818,16.020599913279625,16.989700043360187,13.010299956639813,13.979400086720377,0.0,6.020599913279624,12.30448921378274,14.62397997898956,14.62397997898956,11.139433523068368,15.68201724066995,12.55272505103306,14.62397997898956,16.901960800285135,15.314789170422552,13.979400086720377,15.314789170422552,11.139433523068368,13.010299956639813,12.30448921378274,13.010299956639813,12.30448921378274,15.563025007672874,11.139433523068368,16.020599913279625,18.129133566428557,6.020599913279624,15.563025007672874,11.139433523068368,14.62397997898956,14.62397997898956,11.139433523068368,12.041199826559248,3.0102999566398125,11.139433523068368,18.325089127062363,17.634279935629372,16.127838567197355,19.54242509439325,13.979400086720377,13.979400086720377,12.041199826559248,3.0102999566398125,3.0102999566398125,15.563025007672874,15.68201724066995,37.6618969331016,35.27629900871339,31.84691430817599,27.98650645445269,28.12913356642856,17.24275869600789,27.16003343634799,30.614524790871933,35.789828427027906,36.05735893876746,38.61653870213911,37.49504423876142,40.55263625784184,40.32779879191245,38.93484346218487,38.17234730425498,36.54561554741744,37.77136712504173,34.608978427565475,34.70116353151004,31.705550585212087,31.513698502474604,27.97959643737196,30.762762554042176,31.156105116743,36.848453616444125,22.27886704613673,38.89189612047073,38.38723190031372,37.14664992862537,36.11723308007342,37.87956123283932,34.35366506612661,32.54306332331286,28.94869656745253,23.673559210260187,17.16003343634799,22.87801729930226,30.56142262059052,33.263358609287515,35.33772058384718,36.93023067923694,37.2956972630197,36.27365856592733,38.35373452470009,36.72651922840002,36.602012013806814,37.4130920889957,35.549734583332395,34.83016420144132,33.654879848909,29.566485792052035,25.622928644564745,26.06381365110605,21.13943352306837,61.12216442500576,59.694201061645664,41.1965172203987,71.74214328563745,54.037191944157605,42.39999792886872,81.25846599267591,47.50392670425053,46.21529392069847,51.271210030804646,55.25060363575484,58.56928173136552,61.00487719883461,62.85577110584533,64.11297232033058,65.20581516338976,65.7820676286614,66.05585684263583,65.96755501759053,65.54184380665791,64.6690808344982,63.29240202861363,61.12326776306351,57.64493701546248,50.8036669825053,41.4367043347016,54.44232220713579,59.43718035945538,62.19125891280883,64.20681717703852,65.42546592584573,66.11609888184483,66.36987498876927,66.29106506697104,65.79560563426891,27.435097647284294,63.634197949682296,61.48704122273279,58.50512067081937,55.04689653731886,54.829250101735184,58.35468612492718,61.60878021467728,64.07735143982191,65.7830184185153,66.93456177748482,67.69501761683284,68.10917302595496,68.2195689812378,68.04313115393815,67.57907238627305,66.70656382778782,65.44443360730375,63.52006834591397,60.72873495191729,56.09599744505494,47.29035130195791,52.04798038190855,58.38434109836448,62.00405035821043,64.2254322373188,65.58999882007836,66.06085105347768,66.2346896715675,20.0,23.05351369446624,17.634279935629372,21.73186268412274,21.33538908370217,17.853298350107668,11.139433523068368,20.043213737826427,19.86771734266245,17.16003343634799,16.020599913279625,20.96910013008056,19.49390006644913,20.170333392987803,11.139433523068368,25.158738437116792,15.314789170422552,15.314789170422552,18.325089127062363,23.873898263387293,16.532125137753436,19.86771734266245,23.117538610557546,25.477747053878225,22.87801729930226,25.289167002776548,24.84299839346786,25.118833609788744,32.29425847920695,14.62397997898956,28.382192219076256,24.37750562820388,30.93771781498729,21.613680022349747,18.06179973983887,30.10723865391773,30.751818546186914,28.382192219076256,31.5836249209525,37.42332282357148,26.11723308007342,32.94906910605192,26.444385894678387,26.06381365110605,25.05149978319906,22.14843848047698,16.989700043360187,21.95899652409233,25.514499979728757,20.253058652647702,24.424797690644485,19.49390006644913,14.62397997898956,17.853298350107668,19.030899869919438,20.5307844348342,24.14973347970818,21.613680022349747,13.979400086720377,16.989700043360187,17.16003343634799,12.041199826559248,18.129133566428557,15.314789170422552,11.139433523068368,18.69231719730976,9.542425094393248
20.5307844348342,26.60865478003869,13.010299956639813,19.86771734266245,11.139433523068368,18.69231719730976,54.12287467175179,56.26357820939671,57.94469224500081,58.98607818486533,59.66825735817153,59.92555726852366,60.10781908677768,60.00099442050676,59.60986582292431,58.856619552893584,58.007404415975934,56.70839354337524,54.9338833521016,52.64137525187525,49.49043408733929,42.1916522183034,44.02398958913232,48.69354947978064,52.66819454909125,54.500334475925285,56.04555430182287,57.17138540989816,57.54715954101944,57.91755893532272,57.70378446166154,57.07755776035392,6.020599913279624,54.82909297147025,54.029093306203,52.66146993948575,50.503720216514985,53.02921565722674,54.38947185129884,55.71289471190606,57.45422244363553,58.21176049414917,58.97398339278964,59.43124862075494,59.55550177892998,59.25330659512864,58.6792982128459,57.45032609853734,55.88977212260553,53.3872137229016,50.16071816734024,45.030003380130296,41.21920785563038,47.898767211377645,51.12420655343343,53.73206340142947,55.48757828573704,56.573236171121465,57.08755628300842,15.68201724066995,9.542425094393248,6.020599913279624,20.170333392987803,15.05149978319906,16.020599913279625,10.0,16.020599913279625,6.989700043360188,19.912260756924947,0.0,53.56610899572309,54.14466932721443,54.14881468265874,54.50989241986764,54.091974106374494,53.65444927700168,52.97561368229883,51.63429743301472,50.5933996570565,48.15743731311919,49.06862771404509,49.11610317870853,47.88316882946297,49.25703914463911,50.91716186568562,52.69599327539378,53.11435968289161,53.51713226607856,53.264014098658464,53.580510242818,53.48205528735611,53.2828580201302,53.52585742183908,53.33954830273402,53.50459297730297,54.23699597490457,20.253058652647702,54.2694208893944,52.69982009047664,51.93116246457195,52.209575321180864,49.46142646161121,48.00943786787733,47.37590166285721,45.946245541488935,46.11702070594105,47.66301284544187,49.91093108048887,51.15786856001751,51.89695200702544,52.65866886714669,53.7709670444354,53.92373309682429,52.46363150404452,53.209310470632445,52.14125609311297,49.90027898770295,48.65725643001256,48.13774410005558,48.66033187689504,48.96619900356518,49.33608751835486,49.6161565237913,25.68201724066995,24.4870631990508,61.12216442500576,59.694201061645664,41.1965172203987,71.74214328563745,54.037191944157605,42.39999792886872,81.25846599267591,18.06179973983887,10.0,50.23914716633211,53.71468706602177,56.226211774723296,58.18012654163128,59.43671066723704,60.29627239047413,60.96001909940891,61.15714663301701,61.07253736183236,60.40907979020203,59.68954345773496,58.24945466362095,55.904238285747006,52.64487255780689,46.4981173647551,36.88864568054792,48.51973428067251,53.4145035279018,56.592932964914375,58.574127128644136,59.79605275389653,60.62654548585515,61.11883930159326,60.991452106714085,60.69175444545711,60.0537358471606,20.863598306747484,56.88320136419557,53.84591735718841,50.27924208915608,49.89681142453048,53.3204438618551,56.72928690442723,59.25126367691867,60.8732275374111,62.279424654732296,63.01531750126826,63.57024351070768,63.74141375754888,63.588643465843134,63.22818621007394,62.44854064488726,61.30494588523469,59.57306959823498,57.13740799324136,53.25458191481686,47.05247740178905,44.208300620261134,51.512257766654855,55.77068788683712,58.42836934919659,60.134292324295735,61.286993581509904,21.13943352306837,22.30448921378274,18.325089127062363,12.30448921378274,23.443922736851107,21.84691430817599,16.020599913279625,24.29752280002408,19.294189257142925,18.69231719730976,12.55272505103306,56.308802413257695,58.98120477311164,60.88144597243787,62.30226352301304,63.19688269202952,63.75594304174277,64.14459908953076,64.07627449792928,63.78952317231344,63.06618218810927,62.32555242881409,60.88882079619193,58.78041853298608,55.90605571373815,52.55949958392048,46.34164788188797,51.28043673826458,54.98371212909391,58.25753824759978,59.92700614040008,61.00604863043565,61.85100269919603,61.85872070653328,62.3696529910298,61.67205053634262,60.82178010306962,28.325089127062363,57.53669602785124,54.77561116968738,51.13843118937487,47.83424734296715,51.76519551688189,55.48241966406093,57.99665803810743,59.84601564601782,61.25416523345596,61.84934340700456,62.66561409454912,62.88542979420956,62.65759268091177,62.22427712372857,61.53409028498049,60.332604622367086,58.56908852751542,56.39289218996447,53.17036937508708,46.904176023398215,34.32006687269598,47.75421108222194,52.3722694957328,55.124882791885206,56.57401046708934,57.682843068171216,20.96910013008056,10.0,18.129133566428557,14.14973347970818,15.314789170422552
19.294189257142925,26.60865478003869,12.041199826559248,13.979400086720377,10.0,18.129133566428557,54.40419438087617,56.56168182019404,57.78714020777839,58.97247054823677,59.58312024516636,60.02572077692064,60.14541538950471,59.8911373239785,59.46137729796063,59.07888929529544,57.773412601235286,56.456678415817606,55.32726359089787,53.02772359671315,49.97058573727401,42.51905770472128,45.033139228158845,49.346044869504325,52.17139003767122,54.28163962081642,56.030013893058985,57.14387605929794,57.59365621655928,57.93528472240282,57.82648169785389,56.920215926844406,6.989700043360188,54.67759009643234,54.1637752149108,52.87407551983208,50.836781654493706,52.46185795855724,54.0943432777258,55.61463939752458,57.27154774477762,58.45461454443996,59.08347738680924,59.4865645454994,59.66256746857367,59.39946847074748,58.90725532986524,57.15597255532892,55.48180513408028,54.101966617953245,49.143696054299085,42.58206126068828,41.64352855784437,47.945438112306256,50.39988831892063,53.20156675806917,55.16342311220069,56.74207830618128,57.33643371826536,12.041199826559248,16.020599913279625,10.0,16.020599913279625,16.127838567197355,15.68201724066995,14.62397997898956,13.010299956639813,10.0,16.901960800285135,6.989700043360188,52.95138091055005,53.74007397973179,54.56639279342896,54.65698046734393,54.29534270813157,53.60792151523631,52.95929776786988,51.76453020410962,50.80283677441961,47.77354313084209,49.05930733491729,48.95560658453326,48.7985823728254,50.321552123887805,51.791868534933,52.04871204888445,52.55226660488375,52.86079048956403,53.69618413956875,53.76111392085819,53.75937818630777,53.69015367532656,53.38269188626322,53.61565417278963,53.6292144819949,54.256287638101774,18.69231719730976,54.02730682833274,52.92986666584101,52.42009414819026,51.6881851883008,50.239434875200686,49.06383533518843,47.775138175784456,46.1676949527232,45.8849580100721,47.805909106888365,49.84405783895757,51.19552797667117,52.31777870850584,52.896090170192274,53.655254224567095,53.68353837348536,53.01138555715016,52.73052226293692,51.73535895009906,50.22428371185487,48.221942408982144,48.452221064290136,48.663168819216544,49.21982838837776,48.418910618516335,49.62748053358641,21.70261715394957,20.96910013008056,61.12216442500576,59.694201061645664,41.1965172203987,71.74214328563745,54.037191944157605,42.39999792886872,81.25846599267591,12.30448921378274,13.010299956639813,50.1113042888699,53.6530262140015,56.33311879346837,58.22291678731713,59.50568321385261,60.356590331623366,60.95707612659247,61.06889898844465,61.01679038310986,60.46429995763109,59.59752861283807,58.1513991291971,56.08003710474848,52.75748884479195,46.91832675725046,35.87598729721245,48.35519355980416,53.32286935410293,56.58907694893854,58.596617780641786,59.879807018057335,60.71196164074421,61.070579399724565,61.12807692007146,60.80451146615522,60.06778279706151,11.139433523068368,56.90831103585776,53.9031676847084,50.73516732274978,49.5722885029611,53.607183451836434,56.96120389995245,59.281499555915225,61.04308166976583,62.21861865111667,63.01240360383724,63.5884971073236,63.7834883562008,63.6900069843602,63.2351486682464,62.46691803774201,61.32234066681873,59.60939068304199,57.216663758273896,53.46354930727682,46.75310811236484,44.16607226792504,51.750622105936095,56.00504606645505,58.52099209116015,60.09791143967389,61.20670320723013,13.010299956639813,20.5307844348342,20.253058652647702,13.010299956639813,16.989700043360187,6.989700043360188,10.0,15.05149978319906,18.573324964312683,6.020599913279624,19.86771734266245,56.61282503857653,59.140097703303134,60.74337282667497,62.24400708224145,63.14636041812741,63.81638627088461,64.13953396584536,64.09198595544676,63.801450067525714,63.21288701423654,62.19791146745549,60.78386121628368,58.96619900356518,56.23795950444753,52.40851152703342,47.73640193260026,51.95262958342062,55.4878360560441,58.1891836436694,59.83161076875791,61.14779732555738,61.875037999426034,62.06925671371523,62.30949604115871,61.67931412321092,60.64219061550736,34.487063199050795,57.61821130128091,54.83801182460488,51.80209054384101,47.6392190976398,51.513821096222586,55.356813937086535,57.95942551247136,60.09078483757663,61.19199123675478,62.14976499454984,62.66874193474111,62.82549837725254,62.730774695839614,62.45398403724139,61.4867328360551,60.27771871048298,58.87131541550928,56.13725571785924,52.49650766622458,46.13313161455459,36.64735968518705,47.20432202749485,51.99678401240917,54.873264818547824,56.82527736972986,57.808103849007466,17.853298350107668,20.96910013008056,11.139433523068368,15.68201724066995,3.0102999566398125
16.127838567197355,26.60865478003869,11.139433523068368,10.0,18.06179973983887,20.253058652647702,54.57082180091368,56.59083876372705,57.82036677640026,58.97280617015116,59.5150896811728,60.028815178399896,60.09668838236714,59.89701155152638,59.5770399898711,58.90783617863633,57.76370616759564,56.52347890200372,55.05589479023129,52.19212413788529,48.13213918024927,45.538466317265886,46.43028044809128,50.45936817153308,52.25270503701648,54.82446221927376,55.94605777500804,57.0572177396597,57.92944012886689,57.95597112653692,57.96258557112932,57.54443900566042,16.127838567197355,55.88196609432978,53.46245365640417,51.841944044618174,52.1933823394568,51.295932283679335,53.11196335304227,55.55747214087209,56.654102412664365,58.35703885425745,58.93167875854662,59.28687673830829,59.21379500258833,59.07117252446235,58.48804701051804,57.099861257039,55.28702069799552,53.44174089079903,48.48976908342888,39.34750874663579,39.866821797795055,46.69242476851367,51.517772890311626,53.79939722801916,55.73016729848248,57.200310641988665,57.622290351407386,11.139433523068368,18.06179973983887,0.0,47.41467697685545,47.41467697685545,15.314789170422552,13.010299956639813,9.030899869919436,14.62397997898956,3.0102999566398125,13.010299956639813,51.821663316532856,53.00814966671371,54.1904657710416,54.3092925238497,54.08912939368356,53.31095121523754,52.05079797792745,51.07820267248048,49.53261827700609,49.4824175740912,47.31467887193129,47.72064868851765,51.57553468734565,52.38911319290792,53.12435485983882,51.85179383071531,52.74513455499157,52.80760426326267,54.1647407910022,53.426062301511806,53.663594428511104,53.714853234945,53.15403504634351,53.6556285679556,53.91108084273736,53.15785678595443,14.62397997898956,52.70084622351567,53.55018350699115,53.138081860390926,50.18471643392513,50.97482903699441,48.89979233504284,46.164229962656826,46.0522960382277,46.81141700151075,48.38219221907626,50.28672901489234,52.0843329396617,53.07763378322949,53.94600506254613,53.131287138451945,53.29530080040292,54.15429117939435,52.0854884177061,51.10219223689404,49.88309188036886,49.62127730652832,49.02856490950236,48.5028468311398,48.312360993431575,49.041418762097386,49.481243183633495,30.762762554042176,27.97959643737196,61.12216442500576,59.694201061645664,41.1965172203987,71.74214328563745,54.037191944157605,42.39999792886872,81.25846599267591,13.010299956639813,6.989700043360188,50.06007973081033,53.79939722801916,56.25734190996901,58.38240022161184,59.59253715185334,60.50933582851088,60.98433968033983,61.14719377545106,61.03327788124406,60.73790543512456,59.610815946769335,58.318390719653394,56.658632375958014,53.67121002974984,48.8654148389881,41.55244917176186,48.88898041386975,53.41383078904626,56.5337558486156,58.44949734150351,59.73889510739773,60.623299827289934,60.72888183218771,61.08332932121387,60.69655149268111,59.64924002570768,24.424797690644485,56.204691987100304,53.38456493604605,49.37417581477138,48.44725627973226,53.34536178854837,56.952828712210206,59.32378371768439,61.19132117515762,62.37759072695977,63.08231575931087,63.61543693889121,64.0090892391648,63.89162184559838,63.54202590134115,62.490970509760416,61.40868967088512,59.8298768004548,57.48096505311854,53.800519712001964,47.53276570184418,45.09914557741583,52.06839363228693,55.96932307534664,58.4673348783324,59.95788267390026,61.03366128412823,23.443922736851107,17.24275869600789,21.613680022349747,26.82145076373832,20.644579892269185,17.24275869600789,0.0,19.138138523837167,13.979400086720377,12.041199826559248,13.979400086720377,56.30151140273266,59.14726500064636,60.838181928050986,62.29493701132598,63.08457694189304,63.7836737206219,64.13631143488138,64.05697342752705,63.81627985584363,63.17363306416035,62.23164057849309,60.867768378925085,58.86789552309233,56.129300092917866,52.0002926655377,49.99221916284527,52.78152029512579,55.98970969489488,57.889774983403456,59.9126728739709,61.12052399106224,62.064710123061495,62.05959931058143,61.79756252070442,61.543755802135045,60.795234799847,26.9284691927723,57.84637972830108,54.286611380325,49.883493391469685,49.89240629583043,51.29283759446548,55.92480990165734,58.18439688112846,59.7375666314054,61.331363608030536,62.06202310414561,62.64429853119055,62.83803317548383,62.71543536454086,62.44129856397074,61.37605056002063,60.37133947915275,58.7692933869985,56.41682283985219,52.648768264036775,46.57753606953449,39.66047821076454,46.28562613108777,51.46586904485449,54.71071573613031,56.99582795615563,57.931139787037424,20.253058652647702,10.0,19.084850188786497,0.0,10.0
17.853298350107668,26.60865478003869,3.0102999566398125,19.294189257142925,20.37426497940624,19.030899869919438,54.28737202704751,56.34885174284898,57.87806780132087,58.932894943818056,59.658712121556896,59.980674390331245,60.13895107789453,59.94899781123007,59.7016549483847,58.936863224927095,57.97507133247083,56.51613299475408,55.03103982389309,52.7408854142271,49.86668745013596,41.92511699503501,44.222778761641806,48.86998045671099,52.73901354985355,54.30167002673292,56.16278014665031,57.138935694768094,57.53163881211884,57.87713326068851,57.736848052552325,56.93893074347186,19.084850188786497,54.77827133117984,54.16563958269898,52.67830886031096,50.40705166342136,52.97826142585328,54.51824799066729,55.735967559537016,57.50061528252611,58.27386075789086,59.03105729881575,59.40695743819156,59.723458819780895,59.36639388214444,58.71043170233379,57.42696858049232,55.82523562103575,53.79981366721809,50.09166088828402,44.38763790417694,41.20705515658273,48.188656435302384,50.91008863543459,53.62303366747721,55.34127683528684,56.58332941858696,57.14548528688914,13.979400086720377,3.0102999566398125,15.314789170422552,9.030899869919436,17.634279935629372,13.010299956639813,10.0,3.0102999566398125,19.49390006644913,19.294189257142925,19.138138523837167,53.35876948094956,54.11055430040277,54.21172708486441,54.51431795977428,54.11655054075516,53.700317127095815,52.76319313827634,51.78078668762629,50.49070647754163,47.92741785834749,49.20384242178358,49.40262408118719,48.03593664771345,49.78792025865823,51.15943176939055,52.646218742351685,52.940471613437154,53.41920978427319,53.40096937139528,53.72337471084134,53.40144566505568,53.461905727295154,53.400354081430194,53.394216260165294,53.45422745228956,54.33374550086967,19.294189257142925,54.25438026007743,52.69634342910605,52.01724770116379,52.25567713439471,49.642784916540144,48.02157753186962,47.40370585685768,46.00885810368248,46.49802009508604,47.86105176895488,49.69984037661967,51.094739256873474,52.325387175305984,52.70976801968039,53.81557276087501,53.89323819834271,52.630202831040464,52.861195025903626,52.05599489600009,50.745568099547455,48.527543908053886,48.24177920086185,47.78881698140325,48.5270562175584,48.91882971772194,49.561684304753626,25.477747053878225,29.790929006383266,61.12216442500576,59.694201061645664,41.1965172203987,71.74214328563745,54.037191944157605,42.39999792886872,81.25846599267591,17.634279935629372,17.16003343634799,50.03063971227445,53.662006162635535,56.289036470757466,58.17351144111512,59.48571884566766,60.33863055331236,60.93172945328992,61.14287978538919,61.0414862579909,60.37490641287573,59.666808621378976,58.307201559702605,56.0252009966442,52.754495695162674,46.79436982175699,37.0104963072914,48.457180179666594,53.57160808684199,56.57183061463125,58.60740366184626,59.89691816007593,60.67517573667325,61.08029266486806,60.989498733565895,60.69813823759369,60.05306233715173,12.55272505103306,56.954195048866495,53.9490850040393,50.358698136955525,49.69346009548041,53.32876573288927,56.82044843004482,59.31045247539116,60.998587412729705,62.31062120829037,63.02633919813779,63.56393417025301,63.72237402742398,63.6862172981554,63.22762650020269,62.467390503254464,61.33564454353103,59.493607273782814,57.10191857581275,53.56293621448165,47.2106830179716,44.60672371877432,51.52878217095566,55.88574206654923,58.37539198569854,60.131617701582094,61.25424006623647,22.14843848047698,21.072099696478684,20.681858617461614,19.912260756924947,20.5307844348342,19.49390006644913,21.64352855784437,23.117538610557546,18.573324964312683,10.0,11.139433523068368,56.44470101756343,58.98756984818873,60.91536122062163,62.15829160544335,63.1764408024402,63.79505120402662,64.10493795379767,64.11984831126192,63.85499205918169,63.15200311573109,62.23786844178871,60.83780593984962,58.86646366470909,56.15328134321682,52.44415676993407,47.58707559475985,51.51740543321347,55.25973333560373,58.21912921825043,59.84439545487186,61.2253730110173,61.87524386943239,61.819078701992815,62.25997919450422,61.89634586671311,60.80955690077722,34.25697213362591,57.27154774477762,55.134120565099536,52.5228249323626,48.18608537761367,52.20173488910881,55.5117786871713,57.86905384888375,59.92488125744183,61.12653588862785,62.110321242180575,62.61588527017441,62.88698271208203,62.716690156692216,62.35831589731199,61.48757159659973,60.38263997778483,58.66226474504283,56.41566313927637,52.89348106490572,47.18551509468278,35.73567773039218,47.59886824950991,52.35255664722517,55.06132813807079,56.63220203497093,57.70682677395463,17.634279935629372,17.634279935629372,18.129133566428557,18.129133566428557,12.30448921378274
11.139433523068368,26.60865478003869,13.979400086720377,15.68201724066995,6.020599913279624,16.901960800285135,54.22059368172452,56.39642846975732,57.95911285421135,58.87284701457085,59.591105875775256,59.9617399953804,60.11834238593384,59.916924701585245,59.434252606948725,59.01382572089068,57.747395302307226,56.208987849414456,55.01044191800752,52.47482260677054,48.95300970772332,40.38739348104749,44.23606270721167,49.63107529523544,52.74674998490957,54.66786089846725,56.487355864588494,57.396372069058685,57.91158505335261,58.32675573165027,58.16804522879767,57.5144000953853,21.13943352306837,55.37688157579913,54.83782649886297,53.36259552014194,51.1504106297768,52.68552231684172,54.085062283358624,55.095170366191375,56.88058352846829,57.76542107213316,58.49112166184577,58.89951816824095,59.14715929623986,58.85709985806894,58.16196210590508,56.54807783968603,54.80311704974263,52.67964472197286,47.84189205380961,40.85861173788451,43.67616792134676,49.691781968939566,51.72617524193242,54.35452560112313,56.042303744010994,57.37524997357069,57.80898862799101,10.0,16.532125137753436,12.55272505103306,19.294189257142925,12.30448921378274,13.979400086720377,16.020599913279625,6.020599913279624,3.0102999566398125,16.127838567197355,13.979400086720377,52.0854884177061,52.78945562398582,53.4130391981286,53.70564898376543,53.34168148852709,52.822708198495015,52.23820307608217,51.297188871537614,50.44402551835166,47.92622784742922,49.94092687188989,50.25150146876671,50.017510150333365,51.45957386466343,52.415913022553,53.26108411343633,53.541718491990046,53.55949322787795,54.05878868331658,54.09217722885458,53.65340074947604,53.43316013230749,53.03014523283948,53.14913746583655,53.00006025960969,53.69249263393152,6.020599913279624,53.42535188000171,51.854968249499,51.22310921004192,51.04831815222988,48.516557603728046,46.87154254064293,46.47422093981311,46.05628222007618,46.68199484198662,48.54391070158669,50.61335595921314,52.0115942645425,53.02439164069858,53.62288280595877,54.54108220768416,54.56539109025079,53.68119458615028,53.65265164622425,52.81237960427838,51.34948076776094,49.20801381825654,48.309798065799896,48.34000831151053,48.53217423839229,47.54669350284336,48.83843062834409,20.5307844348342,26.28388930050312,61.12216442500576,59.694201061645664,41.1965172203987,71.74214328563745,54.037191944157605,42.39999792886872,81.25846599267591,11.139433523068368,10.0,49.44186461283688,53.36155420983424,56.16388331155306,58.15771610230969,59.51565293632028,60.38383281704557,61.04762896324993,61.23842824373074,61.122999499965886,60.54227609974791,59.89945235860719,58.471239443349205,56.40605645317301,53.45618748608974,49.16564482168909,44.991507552345176,49.33006159251866,53.48189944820943,56.68412942758887,58.49881718914123,59.82463456279551,60.44223331383832,60.869009376260536,60.86163998032888,60.495068100163,59.728898504618414,18.325089127062363,56.18513536477387,52.49687427805301,47.12733859069952,47.03050514397927,52.93892667053009,56.840595112624,59.379690029514535,61.10296041429267,62.345337337496886,63.16722052022641,63.77222080139192,63.930512773752014,63.82375322850288,63.42926564809186,62.724144044531215,61.53151182195256,59.93920077967857,57.7545752613052,54.47247983025939,49.33431605499517,46.40958203442495,51.68040556367272,55.80899897579914,58.31282215982333,59.90268687025288,61.04230965930802,19.49390006644913,0.0,17.634279935629372,16.020599913279625,47.41467697685545,24.668676203541096,20.37426497940624,16.127838567197355,14.62397997898956,9.542425094393248,10.0,56.278347233888056,58.89459700915951,60.75253804934945,62.16470197806815,63.11995515764352,63.77765260258514,64.16494386761407,64.07602475874828,63.79882682257458,63.17897310870505,62.25219311407364,60.82788600593972,58.95955417689592,56.2744983938597,52.9331171828542,49.48227079264997,52.30510229212915,55.7705268772973,58.31412212923404,59.98034720449508,61.16493842962122,61.8751310651581,61.837667908390486,62.23508920280753,61.51616503592103,61.19584455918074,32.347702951609165,57.49680672853977,55.13304183894451,50.8036669825053,46.36457805623982,50.60433406702741,55.245181488491646,57.78369066817676,59.98902890435734,61.21717710915504,62.17002004845443,62.74180949419634,62.82895018690354,62.795195691324366,62.34567897635686,61.44925859300052,60.39028834221405,58.82011961626659,56.41071358607012,52.77593171467555,46.88864568054792,37.16754357432697,47.14203980582728,52.20644084669191,55.08574156133154,56.71183954585258,57.719474066452165,20.681858617461614,21.613680022349747,16.020599913279625,12.55272505103306,19.030899869919438
19.294189257142925,26.60865478003869,16.989700043360187,10.0,6.989700043360188,6.989700043360188,54.66768299338177,56.62563299721661,57.639106906316606,58.698006248508456,59.43208024501316,59.99299352421379,60.08799816172687,59.90491585905764,59.43559803562975,59.08963551405569,57.80421011873668,56.55967798221573,55.58938853503646,53.18057071054869,49.90041230024249,44.61138216074932,45.45579238561877,49.59103429958783,51.30375587431644,54.03635189790548,55.55348418430587,56.688032352812,57.62664312033916,57.930419437014535,57.83384687514384,57.39183757923985,10.0,55.68934710708338,54.24026901290304,52.590823620423095,52.15682497240671,51.17788163071912,52.55506478536928,54.89421252487659,56.23383694080897,58.08746250265251,58.80359059621106,59.26013513827988,59.40855022959768,59.28540251649061,58.86256594267913,57.46865294182247,56.0366391547776,54.68607238436614,49.79256926336876,43.40602732256748,32.555137128195334,44.08392620133361,49.02677211134544,52.158410499931016,54.46415995058205,56.68974517884419,57.28762719185502,0.0,21.13943352306837,15.05149978319906,18.06179973983887,14.14973347970818,10.0,12.30448921378274,6.989700043360188,16.901960800285135,20.5307844348342,17.16003343634799,51.34967174338421,52.57184013472698,54.17672601342127,54.40973592033828,54.40784755343442,53.57105467407888,52.90259495398459,52.13427435602412,50.94348824158173,49.4411237698898,48.76477646530935,48.12779707008964,50.39560842295822,51.46078399186738,52.22451132400229,50.912095647341296,51.70862855706599,51.85740417574962,53.93141569735512,53.527419150207535,53.69225137107623,53.68593665557761,52.86099276244404,53.63630780112138,53.671564352626326,53.57527028305028,0.0,53.30774858796047,53.9361906918366,53.79272876437639,51.608195464801305,52.007684447831714,50.695349027125616,48.452221064290136,47.56331767321058,44.31813910252937,46.069185259482914,48.66417312539503,50.50507357442103,51.969302238499424,52.93240979444369,52.894105608859896,53.33570189645989,53.918169236132485,52.83029709793859,51.878590003409634,50.73663372881412,49.62960937017331,49.97246548774467,48.83894131936624,47.82329268996837,47.83796421033452,48.01575198462586,25.563025007672877,26.020599913279625,61.12216442500576,59.694201061645664,41.1965172203987,71.74214328563745,54.037191944157605,42.39999792886872,81.25846599267591,16.532125137753436,14.62397997898956,52.96052798295839,55.64113081494803,57.681176719661735,59.15843928799422,60.15708392470344,60.66604679035636,60.86160792764314,60.76405212973206,60.27813423039071,59.62754204794989,58.07457226917578,56.13767848146416,53.49724222634397,48.41472097069819,40.468072135537405,47.23192881326371,52.83649429444897,55.99701896388705,58.2610397075368,59.556348430012456,60.48275900897234,60.91668715869381,60.75863990108964,60.7961315421842,59.97464148478784,58.57728006809622,14.62397997898956,53.85141347604658,50.74348261667719,49.35088892190241,52.104683429696685,56.35533004275163,58.86698798260018,60.70066325824299,62.13019161142819,62.918197851738896,63.40002853793028,63.7618281111898,63.86140145408377,63.53090305770522,62.850459807717385,61.711622356161485,60.24272162362186,58.17175188639035,55.00078595735828,50.132797265808655,42.94400084909811,49.32717226039357,54.716627569146965,57.6718927206519,59.551396067384,60.57331697745238,61.45933490224876,23.26335860928751,15.68201724066995,22.27886704613673,18.63322860120456,6.989700043360188,20.644579892269185,10.0,19.138138523837167,11.139433523068368,12.30448921378274,18.69231719730976,57.934725771356696,60.08662331033329,61.44224451969954,62.62098289858351,63.408645225230856,63.91113201936524,64.15534561375283,63.92261561466111,63.52584585138513,62.76056503379692,61.60379982443477,59.96223068153044,57.92871249983521,54.85159034349198,50.34788831251184,49.97058573727401,53.607637659541545,56.912804613207335,58.85406456684009,60.30854233795368,61.13706095910036,61.78071751721743,62.07367731595219,61.94660007293308,61.435783923461706,60.74582414244845,35.436956323092446,57.85997138844658,54.20869611955814,49.9131469817661,49.86180333101845,52.82109810037622,55.6098802276813,58.46444125931879,60.11712506966874,61.50257712451988,62.25249820672878,62.77457929721048,62.875374910614696,62.69045008428076,62.2533513181854,61.337282322653,60.02860809066151,58.63108634672187,55.85526150762479,52.149312277805365,44.823160718126935,39.60232873128512,46.782360413955296,51.86012173637635,54.85982492393386,57.134989432928165,57.92622784742922,19.54242509439325,17.853298350107668,17.24275869600789,18.06179973983887,6.989700043360188
18.69231719730976,26.60865478003869,17.16003343634799,12.041199826559248,11.139433523068368,14.62397997898956,54.57726006976365,56.63822435478868,57.9564717309394,58.99712188786148,59.671031582421215,59.96522616937685,60.10978859082033,59.9158045717434,59.63846830739696,58.74554290704541,57.90361176512158,56.55992731385616,53.97232401106528,50.96941281085116,46.97865493028046,45.83844632534202,46.78918801456555,50.54957596012407,52.91053450592018,55.19234533780779,56.29512553430616,57.10209632305079,57.89143377464278,57.79082536648116,57.551443220981966,57.451880370675525,6.989700043360188,55.44917190014527,52.36348287166224,50.76818784496511,52.309238308788615,52.07162930361459,54.303137551105294,56.4408391857683,57.47782237462404,58.68628570782883,59.43574640298121,59.59863863555982,59.199197030244,58.809032991122585,57.986630734084216,57.100708008290766,55.160763789646936,52.009489416013565,47.51994638090036,37.234556720351854,41.1293997608408,48.11427535178135,53.0763507546417,55.162563310408366,56.40295554935351,56.969501883346126,57.50873110742474,9.030899869919436,3.0102999566398125,6.020599913279624,0.0,16.989700043360187,19.54242509439325,10.0,9.030899869919436,3.0102999566398125,18.69231719730976,16.020599913279625,53.18532870756847,53.83788446066671,54.35478054171325,54.21794711321395,54.059027476287575,53.02765871288721,51.671755011473394,50.05167637970602,48.131337886595055,49.17820481993697,46.00428325732131,47.74407465921632,51.2408994773233,51.93486359709743,52.967551106173616,52.78410601475816,53.2736097812026,53.59140814486247,53.704409170711216,53.34109798520203,53.42858730390781,53.622750797831166,53.434007153744496,53.901222515067005,54.11835116461491,53.10038722942298,6.020599913279624,52.50441960463536,53.372315714037846,52.33427650667445,49.75289318163653,49.52434014333419,47.45831803458583,45.09068045017162,46.05024765730023,48.29946695941636,49.70314326173349,51.22939645264992,52.68055849588849,53.525568151242254,54.02929939098465,53.039947700660434,52.757189622641256,53.15638728407538,50.91895473508298,50.27108946041338,48.71111544521109,49.06103284411182,48.28692113031896,48.32259760592634,49.24925077232033,50.88224711184667,50.82702810625952,22.04119982655925,26.45422269349092,61.12216442500576,59.694201061645664,41.1965172203987,71.74214328563745,54.037191944157605,42.39999792886872,81.25846599267591,10.0,6.989700043360188,46.71811313874859,51.14297325053565,54.25850370898493,56.7719892574209,58.658581504923845,59.909889216187125,60.72997226284902,61.17446304272004,61.378482674334414,61.340916432788646,60.6292777806305,59.67119554358767,58.55890297618429,56.36217004703739,52.986959163051736,46.74319082207465,41.28948252409331,49.11285480312763,53.83704086196553,56.839489290686245,58.709449729393086,60.00483100962516,60.72959780237764,61.23121216421757,61.20853500528125,60.49314564908513,0.0,58.11789419344167,56.42413074568607,53.25720858019413,48.93473245898178,50.28087078000651,54.157026840218506,57.37386679669641,59.7622338687279,61.43424530915395,62.55581226980108,63.28430573978308,63.74865608012748,63.9068028157005,63.62971722841512,63.073413330661495,62.11370736045589,61.08998425416267,58.93883768910936,56.1645975926852,51.54804232732587,44.72068637583486,47.88634951620105,53.75352639232759,57.02372799015894,59.10607865103812,60.54466350075354,9.542425094393248,12.30448921378274,15.68201724066995,15.05149978319906,6.989700043360188,12.55272505103306,15.68201724066995,18.129133566428557,10.0,14.62397997898956,18.129133566428557,54.72244352673472,57.69735397510377,60.16559114867721,61.73470944022996,62.86350690215925,63.52766010765912,64.04511637964836,64.10299330927995,64.00071152612787,63.511532761715806,62.70032152668414,61.52310364390087,59.4508680941386,56.931533719409416,53.49506758901512,50.32896652622591,51.202645507216985,54.7932908740256,57.08214327415188,59.374441660267536,60.6948013324633,61.48609132161283,62.42880433233756,61.8347512389511,62.0039764408014,60.9912308837863,20.37426497940624,58.77136855714369,54.790351652333776,52.43833939127959,48.63964903165163,49.81265764028029,54.54486609821031,57.72354717717764,59.539837858981095,60.98262209669461,61.99751338775181,62.5675934583742,62.70373208865743,62.58423195087992,62.232074403950286,61.642386153624,60.65291707777031,58.894748254085,56.805612153530525,53.66335155488081,48.594145240390105,38.424220033576496,46.182782641093006,51.6867422956708,54.825606074030055,56.77207144833024,57.734777961529446,17.853298350107668,14.14973347970818,15.05149978319906,18.129133566428557,9.542425094393248
13.979400086720377,26.60865478003869,19.084850188786497,10.0,20.170333392987803,6.989700043360188,54.82419050949068,56.766140578763775,57.98657549913149,58.97628190768751,59.68359647457444,60.00531685149625,60.10789110588318,59.837674211708,59.32112886538626,58.86456882725468,57.12933247108193,55.69788106233497,54.70051616086457,52.09134169725567,48.218801984752,42.03386491660478,47.41064888938512,51.44166183904478,53.1120269895076,55.16508932026517,56.46991537477122,57.49789633148835,57.85361871946609,58.02366597171862,57.80307228900799,56.666686471144274,20.0,54.20087833187218,53.44050205795227,52.175102642940274,51.86450587835641,53.33852158516895,54.862008726364536,56.48942258270179,57.76625647944755,58.88723004984296,59.155317393839454,59.30189242585973,59.3384449743673,58.90658502319782,58.02486380360497,55.61855970598055,53.11940249903973,51.430429191303794,42.47727832909723,41.31618664349126,48.2753081089534,51.959245475577056,53.42590444010776,55.22258999365211,56.500295634578926,57.7104997535661,57.816297341096416,21.613680022349747,15.68201724066995,16.532125137753436,21.613680022349747,9.030899869919436,21.13943352306837,15.563025007672874,21.072099696478684,6.020599913279624,18.325089127062363,16.020599913279625,53.33150926130523,53.82235036121773,54.435195757717125,54.11895681418429,53.3411784730804,52.37870341476737,51.2949654301666,50.24571861263604,48.91230722978062,47.09006929602064,49.0018135292317,50.0881300905209,51.82029266281666,53.07617965552097,53.63192523414264,53.05731747984794,53.26157599726778,53.42363454809173,54.33353735704972,54.06684921139146,53.85786745324573,53.61178011188781,53.79726008567859,53.51605005189558,53.36795831748887,53.62482474751175,22.85557309007774,52.473864498559344,51.46351329712529,50.65000518319213,48.56178878857711,47.645347817660806,47.00097704613054,46.567687792660166,48.59528566443576,49.60113872036686,51.22491117349504,52.57217642284207,53.16685188794964,53.728089378136445,53.84890796530554,53.42600310415772,52.868447808197175,52.41608731651182,50.79155911463914,49.226268614358055,48.05799799961821,47.59554535696884,49.541122015475935,50.61622092243773,51.1541744899857,50.83681747274301,51.17012631087,29.46452265013073,28.169038393756605,61.12216442500576,59.694201061645664,41.1965172203987,71.74214328563745,54.037191944157605,42.39999792886872,81.25846599267591,18.325089127062363,16.020599913279625,40.85219201044942,46.10074322140055,51.62794336533901,54.93905359977286,57.31443707556579,58.86556710359946,60.16047542103667,60.93049573582198,61.46911540248419,61.62049459406837,61.37315175061773,60.82273965743104,59.93747400116359,58.45669071893226,56.22956560006514,52.88090417403868,47.08250888591378,41.8822517270528,49.929818575440734,54.42926376633659,57.1707772762457,59.07893224727864,60.10958532851228,60.87816188361416,61.16678460497073,61.011147566132216,19.912260756924947,59.46643332200424,57.79680167847217,55.29847251446424,51.63700924991159,48.43220316097639,51.022552858370034,55.161293137865634,58.299550476782905,60.24783168330276,61.67838470768584,62.76431701237321,63.52489889807805,63.85147430618984,63.87477032458135,63.520692007242616,62.82679425999592,61.93847819973557,60.37898387314233,58.37528466106845,55.06694403035668,50.13292362869032,44.66941725717638,50.61003627050361,55.0385874895841,57.73523156411806,59.57996397604715,20.253058652647702,10.0,20.827853703164504,20.644579892269185,3.0102999566398125,19.138138523837167,14.62397997898956,22.87801729930226,14.62397997898956,17.24275869600789,15.563025007672874,53.00362841462312,56.62025522827433,58.908975310245495,60.944169694766266,62.2713902347447,63.31330303379693,63.988814066499735,64.17462558806466,64.13065282381191,63.88030116459972,63.072974578997375,62.05775015719854,60.70082217822054,58.59144304092297,55.66066091202416,50.39513261850213,49.37678340705568,53.01336065396815,56.194272748814925,58.66671239307387,60.35679835791174,61.13770268173457,61.61947473485688,62.118320301467485,62.07335131546436,61.58430646853322,18.129133566428557,58.9826706645176,56.88651146789067,53.42410836265728,47.60799311630719,49.05326264816519,53.14107491615459,56.94198789956856,58.87331989925848,60.96822450413899,61.859400050174585,62.50617585744354,62.77172637848174,62.82080322901336,62.50955708277836,61.61402145424493,60.51548032825736,59.33457422749099,56.599162000698506,53.52371636302952,47.948016292743525,38.37903944592942,45.39038441569298,51.236458737901096,54.439276143330055,56.68283388723757,57.62806058071882,23.010299956639813,10.0,10.0,20.043213737826427,14.14973347970818
19.49390006644913,26.60865478003869,17.24275869600789,9.030899869919436,16.989700043360187,9.030899869919436,54.85973981849324,56.6689688690788,57.72823936012997,58.79688112500051,59.54111718853092,59.99569835496335,60.10897548450238,59.87803859074471,59.49157670156822,59.05189062841749,57.6618969331016,56.374256813640486,54.962056818827925,52.37435653729489,48.624712845250365,44.689968090596025,46.423853705276855,50.53051539452106,51.97302616967655,54.71563060322314,56.12910948701885,56.91161090741182,57.94142844062856,57.979624099352776,57.97905699352701,57.425059654156136,13.010299956639813,55.49818332377044,53.864668604597966,52.24846304606369,52.29804666050739,51.25302306013447,53.290010356977135,55.44350864075774,56.835081186517854,58.28271177263908,59.08014009785467,59.3597707745349,59.35076284319963,59.06128622054368,58.47010303344725,57.01542082028082,55.19808312310944,53.522539295547176,47.83081356276696,39.03089986991944,40.194071080188834,47.12085425704258,51.319553205413946,53.72341156402346,55.62999059632161,57.20923815620435,57.60567977859979,21.367205671564065,19.084850188786497,16.989700043360187,14.14973347970818,17.24275869600789,18.325089127062363,0.0,20.96910013008056,13.010299956639813,13.979400086720377,11.139433523068368,51.63834963281328,52.703643536504046,54.33062229563795,54.26141872679366,54.10448225585827,53.20748477987173,52.265999052073575,51.16544653816021,49.94449137014036,48.94902849959432,47.48001860904084,47.85422379711513,51.43030422076794,52.51224409571832,53.11798347480244,51.85102822181722,52.54731713185465,52.65657276601683,54.09238034183494,53.62964756290913,53.71810148334408,53.677061975969465,53.22874378286886,53.76286722187332,53.74590725320048,53.229301284088486,9.030899869919436,52.66318735073827,53.58614328904606,52.75645298796561,50.32864442398172,50.67480023931482,49.05391069574008,46.34487346481933,46.11053830101913,46.27365856592733,48.34000831151053,50.33656925103955,52.04293665714389,53.040939668914255,53.78663121179316,53.34632659706511,53.25065948127544,54.01016054487847,52.08446731337013,51.145576114310856,49.65906915495192,49.05391069574008,48.86107022931356,48.47109740837239,48.83553557767556,49.351897419780784,49.12593997752106,23.180633349627616,23.384564936046047,61.12216442500576,59.694201061645664,41.1965172203987,71.74214328563745,54.037191944157605,42.39999792886872,81.25846599267591,3.0102999566398125,11.139433523068368,50.185548774461246,53.70500136438346,56.372755314936185,58.22050987210669,59.64544822271107,60.51030902964926,60.97022914896741,61.143473922428704,60.97747566928719,60.81966258333034,59.69013117862048,58.35117685898453,56.614956010720135,53.58492595204731,48.748353715241336,41.985746181472805,48.51582419433653,53.40067166132954,56.44605972314314,58.43589040030099,59.743500111466304,60.55082329178824,60.88510306997698,61.098275115263576,60.63957513528816,59.58518492537835,19.86771734266245,56.02689262215503,53.54156477915428,49.630555184914144,48.11742525441389,53.33376733701557,56.99779642681382,59.31948336227596,61.237422372247295,62.24661752158698,63.16646227664713,63.68475998962335,63.98787271937431,63.87660641966673,63.35924641735392,62.644636342048805,61.4180615625244,59.89962569709979,57.314316172334536,53.93099412214818,48.04118978424412,45.13284204543479,51.80621846445554,56.0527594851373,58.53031051482599,59.87516559444231,61.066300709613216,20.96910013008056,22.09515014542631,15.68201724066995,16.989700043360187,11.139433523068368,21.367205671564065,9.542425094393248,13.979400086720377,18.573324964312683,14.62397997898956,17.16003343634799,56.59423657106247,59.0915417446821,60.79135280782586,62.22136938654081,63.19159379483649,63.8195072200531,64.1224964920012,64.11470202132439,63.79070445521315,63.32728027678413,62.23906159342137,60.775633846575936,58.91230722978062,56.154544840308624,52.04928103799045,49.19961479683546,52.60083318988273,56.11564002088125,58.10110145344712,59.98557922225777,61.17812665866344,61.65085481257634,62.38760720057293,62.32691743651632,61.68052354080827,61.04879233261724,29.44975908412048,57.96827482237084,55.92969093667071,50.96395503691826,49.929818575440734,51.45494745066455,55.185205200474606,57.97113051363314,59.93270858477373,61.280352653330176,62.31284007132584,62.76695203452292,62.79900907349945,62.77301546935281,62.30533217419822,61.530293766876085,60.282022709959264,58.848836860484425,56.1789737560862,52.62975249143196,46.91656043498146,39.52162574214463,46.00951125994175,51.7535523038603,54.55565039007389,56.98261526764305,57.87883227592439,17.24275869600789,19.294189257142925,21.64352855784437,21.64352855784437,17.24275869600789
13.979400086720377,26.60865478003869,16.901960800285135,15.68201724066995,21.70261715394957,12.30448921378274,54.031376866263805,55.9684001269144,57.88203735701417,58.83600686448133,59.44339035110879,59.83284309093417,59.96813209483253,59.98261518611408,59.74461029768583,58.6794630307095,58.33010616134605,57.11217368758305,54.08907857830475,51.51262565953748,47.33590440675244,46.00243016285841,44.81112840841518,48.242885824595454,52.2124987910368,54.60335450624166,55.956560216100975,57.0743134998915,57.72891344487356,57.89615961909334,57.8122743994253,57.80979412363428,18.06179973983887,56.46153665323048,54.155492413423765,52.39534710403129,52.65725587638434,51.482601427364216,53.26507905792302,55.28078139742422,56.31055977958964,57.548687184350406,58.36254471065984,58.803544832890736,58.77295884967968,58.55897559875676,57.85023585045686,57.69888134029492,56.285043859408674,53.07985680193261,51.39441424404119,46.23766000133931,32.78296208091274,43.69215857410143,51.2074498322099,54.1522216082857,55.63162960927108,56.045942910014766,56.99388462552104,6.020599913279624,20.170333392987803,10.0,13.979400086720377,6.020599913279624,16.127838567197355,16.127838567197355,11.139433523068368,13.010299956639813,9.030899869919436,16.901960800285135,51.89658721049207,52.68599030910711,53.08668973109185,53.2687634401485,53.34946074529852,53.28041007236237,52.36207132699224,51.45445036137805,49.75606410341008,50.41570314751791,47.90179569070148,48.27885982789856,50.45514652065607,51.0539095031064,51.73725158627817,52.88164236873993,53.20034061554996,53.96119108574811,52.97858954609413,52.99223923366583,52.93532702929399,53.05836991663586,53.503352562310326,53.18624631777532,53.287321971013874,53.20935195468596,16.989700043360187,53.1085680564903,53.3593906903173,52.8880571402707,51.457711471831104,50.64401826826439,49.11455917197719,46.28388930050312,44.93444108733453,45.99664778788416,47.89608912189234,49.36614261975212,50.9181111240336,52.301064601518455,53.27616369153069,53.63801824724207,53.81607784045696,54.19876478384542,53.43440106092362,52.83393958770525,51.9725298299739,51.36111493979637,49.09438347305687,47.58306181725307,46.66377560933491,48.6026611739679,48.203985227039816,24.60897842756548,24.082399653118497,61.12216442500576,59.694201061645664,41.1965172203987,71.74214328563745,54.037191944157605,42.39999792886872,81.25846599267591,0.0,3.0102999566398125,53.04753265379709,55.6540031208193,57.528179657950375,58.9687054041404,60.02377755722005,60.66028341030478,60.89079520784822,60.80488313127575,60.354173295935134,59.68819979697406,58.25015648647888,56.36909949815298,53.767593954048806,49.59713789356144,44.6425102237956,48.31031077233856,52.88233571008831,56.11021924445161,57.84888196469896,59.24644146926611,60.19808116732776,60.62454121144494,60.701450409567855,60.4017693459418,59.70460782220663,58.20393925580946,18.69231719730976,53.23066376363904,49.590461647617055,47.60430023192519,52.41651057272109,55.83980480456036,58.58468017731183,60.51084960273002,61.92490789970663,62.942512302534666,63.56712914484551,63.788907906966784,63.77148280514425,63.45249992925157,62.81596902160267,61.83264147980119,60.22788690216388,58.56386272697036,55.08955051884932,50.557757430287296,45.75614999044009,50.12487118167585,54.3501733695858,57.2956972630197,59.32060074714333,60.494463550022,61.32910003567225,9.542425094393248,13.010299956639813,16.989700043360187,22.380461031287957,18.06179973983887,23.443922736851107,13.010299956639813,16.989700043360187,19.138138523837167,13.979400086720377,10.0,57.40351634584914,59.69315248748637,61.56721139075454,62.67738992394569,63.448561903268505,63.77616012600436,63.94442049188565,63.89115916022763,63.515740798304535,62.69256027417774,61.793248187428205,60.27328402268272,57.503309381199934,54.3683822078657,50.935792634395646,50.595331260353205,53.70500136438346,56.6441724993231,58.85426811640475,60.45714449844816,61.30095967385632,61.95196466886532,62.00709630374718,61.57350372599077,61.001092004534,60.14502477780133,32.14843848047698,56.4310905312698,53.64656038766022,48.30781075606361,48.63477512807633,52.14231697161375,56.10600549952153,58.57275189906407,60.18932143799371,61.343776275256985,62.21861865111667,62.600391726391294,62.5758090761495,62.46485039656975,61.86193249920351,61.52036870136567,60.20657065736928,58.276393305795125,56.33445225253459,53.07239236201639,47.85650098070644,38.89973638403996,47.83474787582247,52.72050574988612,55.12221311005913,56.56245817872514,57.50604808323138,20.37426497940624,13.979400086720377,18.06179973983887,11.139433523068368,12.30448921378274
19.294189257142925,26.60865478003869,6.989700043360188,3.0102999566398125,12.041199826559248,13.010299956639813,11.139433523068368,11.139433523068368,17.16003343634799,10.0,16.020599913279625,11.139433523068368,6.020599913279624,13.979400086720377,3.0102999566398125,47.41467697685545,13.979400086720377,14.14973347970818,6.989700043360188,14.14973347970818,9.542425094393248,6.020599913279624,13.010299956639813,16.532125137753436,16.989700043360187,14.14973347970818,15.05149978319906,13.979400086720377,6.989700043360188,16.989700043360187,9.030899869919436,9.030899869919436,0.0,0.0,14.14973347970818,16.532125137753436,6.020599913279624,6.989700043360188,12.30448921378274,14.62397997898956,12.30448921378274,0.0,6.989700043360188,11.139433523068368,6.020599913279624,16.532125137753436,0.0,11.139433523068368,6.989700043360188,6.989700043360188,3.0102999566398125,6.989700043360188,6.020599913279624,6.989700043360188,10.0,6.020599913279624,3.0102999566398125,12.041199826559248,10.0,13.010299956639813,12.30448921378274,13.010299956639813,12.041199826559248,6.989700043360188,6.989700043360188,6.989700043360188,11.139433523068368,15.05149978319906,17.24275869600789,18.129133566428557,34.06369835469268,32.04119982655924,31.15943176939055,28.2020145948564,29.89894563718773,16.989700043360187,20.170333392987803,21.64352855784437,28.020892578817328,30.170333392987803,33.14077991779213,30.96910013008056,36.38089721984506,36.27775375229303,36.40382044709568,35.29558673021163,34.16973172603036,36.04334073102911,34.13634997198556,33.69957607346053,31.212314551496213,28.72156272748293,24.62397997898956,20.5307844348342,12.30448921378274,27.85329835010767,18.325089127062363,31.911714557285585,31.18264726089479,32.595938788859485,32.387985627139166,34.92620722043192,32.387985627139166,33.106933123433606,32.75311354541812,28.72156272748293,29.67547976218862,21.5836249209525,19.54242509439325,22.50420002308894,26.06381365110605,29.29418925714293,30.56142262059052,30.66325925362037,33.26745379565322,32.17220655644519,34.01745082237063,34.01745082237063,30.66325925362037,32.87129620719111,32.474822606770545,28.35690571492425,17.24275869600789,15.314789170422552,26.020599913279625,61.12216442500576,59.694201061645664,41.1965172203987,71.74214328563745,54.037191944157605,42.39999792886872,81.25846599267591,0.0,9.542425094393248,54.91229984569927,57.2956972630197,59.24881193848928,60.67396733722813,61.66882822974159,62.33668618891134,62.78426614145446,62.77831919323099,62.50047032107564,61.69482220628772,60.606755585868726,58.8307630479262,56.10243764655256,51.90992443651148,46.42395265030891,50.31723465981913,55.24231201708297,58.34889082110135,60.41986472859897,61.666896656214085,62.62955100859281,63.03719919657282,62.96770680300152,62.58981182454589,61.83826807242626,60.561640144013474,24.345689040341988,55.61450826222479,50.9864718631707,48.52022279403127,53.37922261848264,57.62763314138857,60.42857731822633,62.21239180585275,63.70828472325654,64.69705550554666,65.22663412130926,65.50757136258643,65.51065794643034,65.25111696199741,64.61800956935508,63.64366545185771,62.26121273272382,60.26087301593692,57.312373198815074,52.92986666584101,47.34719841655679,51.3169884425924,56.4002901836088,59.33125224899929,61.35487895742603,62.66733221801656,63.58246550933666,20.37426497940624,12.30448921378274,13.979400086720377,19.294189257142925,9.542425094393248,19.49390006644913,12.30448921378274,20.37426497940624,6.020599913279624,41.38902399933593,40.8224665474367,38.89189612047073,40.59108817913594,38.28015064223977,41.37670537236755,36.63700925389649,15.68201724066995,34.90239485246288,31.84691430817599,39.98782269831736,28.23474229170301,42.58278015243032,35.31478917042255,46.5117136609885,34.68051791454238,50.35069344421104,40.69260986284746,42.27886704613674,35.85799009013001,44.200383061331785,21.33538908370217,48.48176796405804,54.98189210126816,48.7949155546445,57.5275887951976,52.523723723128406,29.86771734266245,31.73186268412274,24.955443375464483,54.50215225867894,60.157305918423376,55.096137644405445,54.91542378785222,49.9202302776385,23.54108439147401,39.62321972729584,39.97954004069403,46.01940543920668,46.83200185635447,39.07948521612272,36.90550461510359,48.46980035240416,44.2845877351558,47.73918029433617,35.39076098792777,40.618293072947,39.427519204298136,25.118833609788744,12.041199826559248,37.52893154884594,35.16403148447403,43.89254706848648,36.09380944250707,39.652957958116566,40.43283665570576,40.373069508970914,3.0102999566398125,12.041199826559248,10.0
16.989700043360187,26.60865478003869,6.989700043360188,18.63322860120456,16.989700043360187,21.13943352306837,54.32882743867508,56.28499277922106,57.76817367638623,58.78225845932623,59.49538812403787,59.78575814396399,59.9859626556126,59.89166722047145,59.52410754684024,58.75145797823093,57.927592832454366,56.57354208232092,53.998761143707526,51.25507290058338,47.049222912234015,45.7898284270279,46.05628222007618,49.60018647680244,52.300092951128335,54.75060713702007,56.02269487878501,57.00665649824906,57.659262242587104,57.46710466181738,57.5576817375055,57.568072063389415,12.041199826559248,55.98511462242027,53.23495484449755,51.65214639910329,52.62583968258176,51.44262773761991,53.48308758048469,55.75614999044009,56.84229375388591,58.14487989782294,58.79775188054451,59.04228516340078,58.89371744355008,58.58841458011384,57.801710822512746,57.27820937182024,55.62092923992783,52.42355049145863,49.508368686832696,42.29681842317676,33.91816923613249,45.83629453048577,52.196945265660645,54.46240390995722,55.84462397680633,56.55578271464301,57.18164419203305,13.979400086720377,11.139433523068368,16.989700043360187,16.020599913279625,17.634279935629372,6.989700043360188,16.020599913279625,13.010299956639813,6.989700043360188,15.314789170422552,9.030899869919436,52.22373060730304,53.16293323640374,53.69225137107623,53.729948054645504,53.70500136438346,52.98121361595208,51.88492565093906,50.520703260609984,49.01049445343407,49.8724159259084,46.36217004703739,47.66450028267501,50.84311688778334,51.78361020545705,52.23134960540402,52.762434531239066,53.21351908229735,53.51641726193522,53.25681878494295,53.00860587779354,53.29804522164069,53.31534591459401,53.37455267759818,53.61973237465661,53.71972469694093,53.07249939305207,14.62397997898956,52.52702578900777,53.33062183881288,52.31991755088181,50.66519730293415,50.372431790158586,48.26606002294447,45.26558954148693,45.15476441382376,46.809697184658965,48.50155922422093,50.20734085411515,51.780700224443066,52.916529583900186,53.59085724959798,53.34956116136852,53.12959735882106,53.87421863274571,52.23449212204231,51.444029466311854,50.235364077295365,50.02304322566113,48.10857291088488,47.38820182085683,47.88055185192676,49.12269895394915,49.71869350001505,27.664128471123995,15.68201724066995,61.12216442500576,59.694201061645664,41.1965172203987,71.74214328563745,54.037191944157605,42.39999792886872,81.25846599267591,16.020599913279625,16.989700043360187,50.29294474311634,53.67499419526957,56.13465481647863,58.03134689394531,59.42604240154611,60.3177392579392,60.844540148719645,60.97390944906908,60.91167671619088,60.607661891499774,59.45317392824212,58.10531580705039,56.38389407665336,53.4967569106195,48.84659448712559,42.99376533060346,48.4728879442951,53.342948829113546,56.00542742078443,58.1273693043815,59.44516723450733,60.32661463032448,60.66671732096951,60.79865444445979,60.49252919931803,59.29644700148615,20.5307844348342,55.889324523231856,53.39511065746308,49.81351908829629,49.21379500258833,53.15521132446263,56.52108002467372,59.09860249708644,60.86482626096916,62.17881996620254,63.0172474513084,63.46325585646719,63.70776510052716,63.61155323048949,63.2488510939623,62.40887816054759,61.164118024351694,59.806254903346456,57.1032895804263,53.694570651263696,48.094923769373416,45.96135068473789,51.620264324211774,55.666401549447215,58.15272173779829,59.742813588778304,60.79905190285889,16.127838567197355,19.86771734266245,17.24275869600789,18.69231719730976,13.010299956639813,15.05149978319906,14.62397997898956,15.563025007672874,16.020599913279625,19.912260756924947,15.563025007672874,56.18425716368712,58.66018998112144,60.83697865120929,62.129258101499765,63.1739572070473,63.55738017818717,63.91087965980337,63.93792208549396,63.670510623440265,63.00771296264615,62.1738733584836,60.813145364202434,58.459162241344686,55.75821498584398,51.79635080400107,50.55504472542908,52.36884759541678,55.97288118310298,57.87393164284974,59.90596335500767,60.90887693720365,61.76367093202479,61.98114980130846,61.409279931329046,61.41963724009813,60.85483238054158,32.80122896302308,57.80498770427527,54.80640665356866,50.54068888240246,47.31959248048951,51.52548231614438,55.33121018353637,57.98189869427137,59.83211637913215,61.11124337630628,62.04836249004038,62.44090990066488,62.42931074986021,62.34499567175968,61.95042666394262,61.47521743537597,60.34931915606809,58.342082734682194,56.40779477344857,53.36869818372684,48.310823418356776,39.62321972729584,46.46991537477122,52.12946290575986,54.68051791454238,56.49900241864198,57.41054640259318,16.989700043360187,18.325089127062363,9.030899869919436,10.0,9.542425094393248
14.62397997898956,26.60865478003869,10.0,15.68201724066995,0.0,12.30448921378274,53.91732346878811,56.00398899513135,57.88962672015175,58.86570244543916,59.4953149527976,59.80297955238154,60.0313856956402,59.96860456156453,59.69877919876456,58.65143077158784,58.33316715108717,57.13518263133647,54.13113597979135,51.34890779049843,47.63143362547552,45.81710781899034,43.88562971398075,47.83560579795722,52.38998998615435,54.62356063993517,56.14666303949031,57.08244936981738,57.65454707064385,57.89606092269152,57.78790640018859,57.93614396932949,13.979400086720377,56.42001289643578,54.00368728344007,52.8423441093223,52.374482230666864,51.79681026244821,53.49863963269555,55.21238796950411,56.63003233129642,57.4156520329655,58.29108135406403,58.8730947224956,58.81600323730464,58.57778625427297,57.98084105211312,57.74751202597546,56.34533694548523,52.96314103353241,51.33248217004145,46.371894221487615,33.87389826338729,44.13702012781114,51.43420785129937,54.23201622810726,55.75479971401239,55.9834504449308,56.92402707554479,10.0,14.14973347970818,9.542425094393248,6.989700043360188,13.010299956639813,12.30448921378274,3.0102999566398125,13.979400086720377,0.0,14.62397997898956,15.05149978319906,52.13081915773124,52.96333859527094,52.84047031603394,53.31654001824149,53.30212814929016,53.39352049045587,52.53640839507475,51.25328341096935,49.96060507127386,50.061107596064936,47.99740192185148,48.56686606525174,49.870223886305695,50.75671027807288,51.27733098357979,53.07829653285181,53.64515349851626,53.828829656474895,52.78097091746972,53.04992175509465,53.07842479529116,53.007215370660646,53.41301940650691,53.24004500231222,53.38743272318362,53.25819317028408,16.532125137753436,53.209310470632445,53.13759687549848,52.55393125707304,51.48346567656525,50.73296678485579,49.15009163904052,46.33357342778484,44.26592582305156,45.91976780398287,47.54539444397008,49.23787841731059,50.78924212432554,52.0581314067537,53.229838069483975,53.67678260367072,54.042947888227616,53.80965173585104,53.57972941336858,53.16827597595611,52.14952408098733,51.54320484875301,48.93362227087812,46.95096244273125,46.536369498005016,48.68932305480736,48.71251765791019,23.010299956639813,22.576785748691847,61.12216442500576,59.694201061645664,41.1965172203987,71.74214328563745,54.037191944157605,42.39999792886872,81.25846599267591,18.129133566428557,6.020599913279624,53.00391113081754,55.643168315793794,57.456001574747575,59.00636362392721,60.011142718538544,60.73580893632868,60.8888880400264,60.78509379730448,60.37232416587398,59.60282843865155,58.31412212923404,56.387307972786616,53.79169496092039,49.76666297985018,44.81299273332856,48.50848328041025,53.1074640133333,55.988561382493096,57.92170282979732,59.29421480380202,60.17341412050933,60.5914103441017,60.58266931170296,60.41119783536061,59.70088733747126,58.28893090004471,6.020599913279624,53.307870249867534,49.25043798276359,47.5743398993827,52.21095899417063,55.82046309128639,58.599892329224645,60.58713307846888,61.9419509444224,62.94540733239536,63.48986929035294,63.81457686047454,63.7425861828206,63.50489333702495,62.82988514596586,61.81165616786537,60.35072949839528,58.42874352863399,55.182506513085,50.4573751255501,45.969048408813606,50.08059095637702,54.29099540756886,57.10273953797136,59.278654639069394,60.65030431240173,61.43650778868132,11.139433523068368,18.63322860120456,14.14973347970818,18.129133566428557,3.0102999566398125,19.138138523837167,19.030899869919438,19.912260756924947,15.05149978319906,13.979400086720377,17.634279935629372,57.47593567536459,59.73712371575452,61.6080245230427,62.711547855528096,63.39743125620909,63.777295910923606,64.07664992913092,63.88908622109925,63.54769370312305,62.62226290098642,61.74584541859416,60.3306088761762,57.5487559156674,54.35366506612661,50.39719406143583,50.667879328845125,53.86695111775619,56.56930520727635,59.14980113487638,60.45452074173454,61.275715760479024,61.77585553678988,62.006513552218266,61.85574166248918,61.537981017778776,60.80224109257762,30.852905782300653,56.92710354918229,53.32054495108195,51.19575882036308,49.56922026642047,53.31005958159388,56.4033234004778,58.627382515061306,60.16053820155388,61.35665885677645,62.01574356780032,62.63636541933335,62.53362239833069,62.45696710450766,62.03405251863338,61.478398107474746,60.38022944268924,58.2082256216089,56.499624766108106,53.220972615216304,47.783972808879945,38.17565369559781,47.97475287537334,52.49687427805301,55.02372488311689,56.33101675400741,57.56788959086924,23.673559210260187,20.043213737826427,21.84691430817599,11.139433523068368,15.563025007672874
14.62397997898956,26.60865478003869,15.314789170422552,9.542425094393248,13.010299956639813,19.030899869919438,54.23236040742879,56.27007210742902,57.75062593040446,58.84874628198183,59.31828439335661,59.77744176645515,60.07884699959356,59.98479482130296,59.6980017679804,58.823565934652734,58.105550937578,56.96626318904392,54.61030064545281,52.0534784153913,48.22096127032932,46.23518056182058,45.15476441382376,49.101813479851984,51.92257929150897,54.481573091897445,55.85722355415626,57.01662086388313,57.61076448459144,57.91497664335331,57.85507788089226,57.934551084400674,12.30448921378274,56.62616190820862,54.09895944780431,52.405317763140616,52.823796377440495,51.1688987733376,52.874658053432285,55.112093477045406,56.29744875484591,57.65770598248406,58.40945003369198,58.920500573822814,58.79532822627937,58.68294628788519,58.07617549709245,57.60797051636207,56.14840290210189,53.49355246595203,50.9377178149873,44.90042800264223,16.532125137753436,43.064035803800415,51.075932011092895,53.84598901259822,55.42014568150033,56.36387585813157,57.2381100774591,19.138138523837167,6.989700043360188,10.0,6.020599913279624,18.129133566428557,13.979400086720377,16.901960800285135,10.0,6.989700043360188,10.0,16.989700043360187,51.152243004599605,52.5267102588598,53.389701712421214,53.57424060246103,53.59503471034107,53.29068219352109,52.35985225802786,51.3791402814413,49.92168977141249,50.27023254588704,47.593731797955535,48.13187209879112,51.180662217140096,51.826114955927366,52.55940322339442,52.298583905130286,53.02867511480743,53.2929412449251,53.614123859230304,53.08387245035482,53.46090753589644,53.39429576960647,53.297496476117374,53.24944712297192,53.54323611418732,53.07739858969554,15.68201724066995,52.73059174134606,53.63025003843468,53.15285844954545,51.08026895908694,51.15523976950022,49.624640460579016,46.74245530630025,45.86103235445237,46.24787275292108,47.55844377797332,49.19893590571552,50.78706882267515,52.35763205462942,53.53416091053356,53.47885946660894,53.737393183514456,54.37512745264804,53.17154123799028,52.53749808139813,51.57843441413738,51.30423835047637,49.65380463691727,48.46590685862033,47.07450941638602,48.1110560701793,48.722320490668565,15.68201724066995,19.084850188786497,61.12216442500576,59.694201061645664,41.1965172203987,71.74214328563745,54.037191944157605,42.39999792886872,81.25846599267591,14.62397997898956,18.63322860120456,52.98770137886117,55.63035883426256,57.61365446288147,59.13857279660579,60.07826268141992,60.61417794462324,60.8516209084933,60.8101371645852,60.38207127574528,59.68521239497602,58.16401064449344,56.32389460010542,53.99627002031893,49.779521212014615,44.78176754287997,48.546035682492985,53.16576256430314,55.91282813016388,58.03572502468676,59.27058133755249,60.21825797658445,60.77617870659645,60.60589064288224,60.46473702711434,59.72362544187906,58.22801399524532,12.30448921378274,53.07282047033346,49.582436581488565,48.218801984752,52.27693927597013,55.95330849805335,58.690115822850686,60.58228952796104,62.0004680238071,63.015794647374896,63.476509818159634,63.75408265182927,63.88343691948387,63.5454827580032,62.96466202714648,61.82668534906434,60.35761036517216,58.42100392773883,55.138831856110926,50.6766959832393,45.415917234937695,49.97408229646779,54.43302111325386,57.381754533915,59.332386868837006,60.55905587230721,61.4511246134466,20.170333392987803,15.314789170422552,16.989700043360187,19.912260756924947,16.127838567197355,21.95899652409233,20.043213737826427,19.86771734266245,12.041199826559248,20.5307844348342,19.294189257142925,57.59027638393715,59.871355832660605,61.59113714327769,62.65980363682611,63.38832851844802,63.77696103086491,63.96810069236369,63.89665147531748,63.546004888226335,62.7263445684242,61.690310373225216,60.253009486956365,57.75654130082594,54.619499943191656,50.87284391453761,51.30504235831688,53.87092482037254,56.68126753829078,58.63965497209844,60.51829879376655,61.25388215866568,61.85622887028781,62.08197534855324,61.663640913271536,61.39620005980368,61.0097434600481,35.70659670021534,57.18681016289956,53.91150435529573,49.60699043221426,49.92275091344532,52.51455705428966,56.05823088526645,58.65480634300109,60.14645684898859,61.47780480604625,62.140683110950775,62.59808345419063,62.6432140516415,62.60949587859989,62.03491157802161,61.389497095596575,60.30422406199065,58.306252325602,56.31591890933902,52.83583880507802,47.72277688159586,39.96861768490673,47.23061426317603,52.19440435989858,54.9995087761451,56.801623050877616,57.72269617605663,18.63322860120456,20.043213737826427,23.180633349627616,18.63322860120456,13.010299956639813
16.532125137753436,26.60865478003869,47.41467697685545,16.127838567197355,16.532125137753436,47.41467697685545,54.53578227278419,56.73821446783154,57.82934622471221,58.99286878605003,59.553533639579214,59.97844031129973,60.09720227826188,59.836948307923095,59.4456014732294,58.69910214742328,57.785686962206896,56.28979169273941,54.060664560197054,50.955807769626055,46.24787275292108,44.86076097372589,46.66976368509276,50.86163998032888,53.02090549672649,55.320622679610366,56.30046301286696,57.41961893325489,58.02098162882336,57.88282941867955,57.73965536245325,57.64225464245555,14.14973347970818,55.75618460739291,52.939919911202,51.54012918415095,52.550528895966345,51.79635080400107,53.96898190496217,56.07997284558552,57.25674011484495,58.39202676468736,58.98269811094848,59.22846337960309,59.02123149236215,58.491982174288495,57.6985714835456,56.54835668322306,54.68118305256699,51.389339402569234,45.67508647698799,29.20645001406788,43.73004004767274,48.95842271657986,53.42556896557068,55.32142624720333,56.6401169742383,57.48647670519605,57.80983007977781,21.367205671564065,20.0,12.30448921378274,14.14973347970818,0.0,0.0,13.979400086720377,3.0102999566398125,16.127838567197355,15.314789170422552,13.979400086720377,52.485862438551045,53.40721657313007,53.99777524488799,54.01072973025948,53.52668655744808,52.531925698784434,51.18889422490259,49.646272809377024,48.125657820089344,49.147978438103976,46.72734971642158,48.40369603634602,51.94494916135733,52.58656435310876,53.43071663338165,53.00212753589521,53.55244572706607,53.45744144364736,53.97441152208384,53.49875606293132,53.57036758080228,53.57999605384311,53.2479671762173,53.76868821638668,53.80256478364103,52.86449732965437,18.129133566428557,52.02512837386296,52.81605985443549,52.13623993416087,48.59306456235333,48.91760401456671,47.0658124394629,44.661258704182,46.22265844991523,48.63394245127093,50.29172667382672,51.54709959389484,53.25897247916396,53.96208067780909,54.53790607803249,53.34715053464358,53.26421891879929,53.72341156402346,51.71580201932064,50.13847995871832,49.071102602451845,49.07465106765856,48.2358507097326,48.45451535902862,48.96272621303674,50.10469569796392,49.959859979138,27.965743332104296,30.68927611682072,61.12216442500576,59.694201061645664,41.1965172203987,71.74214328563745,54.037191944157605,42.39999792886872,81.25846599267591,9.030899869919436,11.139433523068368,45.74841195063384,50.9377178149873,54.05115745457156,56.798292971668126,58.49512774003586,59.91248233008992,60.68625872321654,61.22859468073685,61.34869449632124,61.32784625069314,60.62237420092522,59.71900857078944,58.68294628788519,56.62342220766308,53.52307962842768,47.96359213984196,43.792148413786265,49.603042581351495,53.96582891683383,56.7833624673218,58.65991800126275,59.91389570081271,60.525038724611576,61.12272786669591,60.987329978972376,60.33763417846735,19.86771734266245,57.86207503947372,55.96140571688984,52.71530289310182,46.3753976055708,49.12992153036452,54.131052102400695,57.290942921430464,59.83484204942849,61.40717283597829,62.546536773404014,63.3275285609255,63.82576219516943,63.94284410218531,63.78176336082569,63.05948006840143,62.30567697448808,61.05160223858619,59.19614089005209,56.39231415782418,52.17220655644518,46.165070214142006,48.59600577798882,53.501413704348685,56.80474211631437,58.95466746790746,60.41885921420104,21.73186268412274,21.072099696478684,22.576785748691847,26.020599913279625,12.041199826559248,15.314789170422552,14.14973347970818,20.253058652647702,10.0,11.139433523068368,11.139433523068368,54.54596402984902,57.69794432485281,59.98908550507569,61.75716156210268,62.70686753505451,63.5757850318107,64.02633598172446,64.16575441490343,63.98487569261768,63.441149048079446,62.75413868194892,61.580306125903405,59.6736167634804,57.263106406767015,53.79205772700067,50.81365313006428,51.44244080627334,54.86267499287288,57.30273417217853,59.38770322834046,60.69202108713347,61.39175147973151,62.40693489964784,61.97742456886965,61.59145927854048,61.17202665074692,28.94869656745253,58.53774237068605,56.00019449679426,51.89012804600242,49.5178421396236,50.2672115939533,54.47134764943191,57.558779033423725,59.60197176224628,60.98114983625468,61.91107691136662,62.59452913357124,62.724294800919935,62.62347843524655,62.4308271667869,61.63811435108408,60.71837839519735,58.82174342927602,56.75640884960831,53.515837442417336,47.9049627696711,39.56168430475363,45.45616332913136,51.29667339229647,54.627393090627415,56.75570306945775,57.69415731372968,13.979400086720377,16.901960800285135,16.020599913279625,13.010299956639813,13.010299956639813
19.54242509439325,26.60865478003869,12.30448921378274,18.06179973983887,10.0,12.55272505103306,54.40357996815288,56.57415384008349,57.68588528179443,58.827823060041794,59.53918598013604,59.94810129217897,60.129927838943615,59.88257878438165,59.48579217876342,59.29096917515803,57.81315832924566,56.52069298485106,55.68495067193246,53.35357590149176,50.39120524145078,43.15403504634351,44.24391554410278,49.499751778296535,51.44091389903521,53.96119108574811,55.70771701445843,56.809697184658965,57.6453030047638,58.05422691710631,58.01695200096496,57.25850402253087,17.634279935629372,55.2454929912014,54.653977242924434,53.04559457935032,51.226253969093975,51.90009360091898,53.22124153141043,54.73411053133621,56.58538910987459,57.874803113337165,58.88249716973196,59.17655149945305,59.418094730088384,59.35489631700042,58.807798760056926,57.34704642282773,55.86691927785842,54.842784800765415,50.04639453229751,44.16074390922394,38.432327780980096,45.65056398811962,48.74626751617682,52.039163593896006,54.57495853804896,56.65393350279712,57.21112876399951,9.030899869919436,6.989700043360188,18.63322860120456,21.13943352306837,12.30448921378274,17.853298350107668,17.634279935629372,6.989700043360188,12.30448921378274,15.68201724066995,18.325089127062363,51.770629907614925,52.90241687047455,54.15322313681144,54.35291594314904,54.33501016039077,53.55987591676388,52.96834049728392,52.114649556268986,51.1304041808782,48.72505899345925,49.33740299496935,48.799555851227495,48.9753912400598,50.477420181806416,51.64902812078488,51.699828557798895,52.22138761477087,52.52799650724046,53.69447790383294,53.82524924095863,53.80169619829343,53.738017626350455,53.12249309603593,53.6167118521656,53.516765116492415,53.8246732201583,14.14973347970818,53.781307004038126,53.35854903045835,52.91320000676738,52.34340087615185,51.07820267248048,49.86063749997231,48.62900258572467,47.005739284858166,44.65932807742469,45.900500691470285,48.28324703223657,50.47294342036406,51.863120402138286,52.64009850624052,53.52880688189244,53.74102838435815,53.718452001273775,53.1761419263232,52.66149347025585,51.47196944857241,49.62056644766601,49.63457260116708,49.15995723626107,48.25140389159117,47.54233630120203,47.94522900355421,28.14913181275074,26.24282095835668,61.12216442500576,59.694201061645664,41.1965172203987,71.74214328563745,54.037191944157605,42.39999792886872,81.25846599267591,11.139433523068368,14.62397997898956,52.80771802290064,55.5497345833324,57.778797314739535,59.082989294045134,60.23065528703712,60.65605480360732,60.98719850448574,60.84777115027299,60.37092480741559,59.631968793905166,58.27475248657079,56.22530041176434,53.34101749583195,48.32061614590727,40.63333358951749,47.39073687563794,52.78728456860225,56.07508636507978,58.24719896486624,59.56409051344248,60.42884487879732,60.81982439970832,60.98221684184007,60.69275056472299,59.94800899294604,58.74598348380445,15.68201724066995,54.19765806330483,50.52501563413781,48.930845558369015,52.130659620657184,56.27744674722776,58.98226992687256,60.77594987371371,62.1056382825296,62.89843034111897,63.52079240255478,63.78682915371881,63.85979642056356,63.46736236451996,62.75733693458413,61.83486794334538,60.30599721965952,58.22011077083279,55.04260120777677,50.1663644669252,43.46372536824548,49.16022071490407,54.61033069118142,57.72639241811931,59.49011664114023,60.71089986274353,61.54314396563776,17.853298350107668,26.53212513775344,19.084850188786497,47.41467697685545,25.68201724066995,14.62397997898956,19.86771734266245,16.127838567197355,0.0,17.853298350107668,22.55272505103306,58.0329661554909,60.05607730472465,61.57155649638529,62.647356769369445,63.46781970649712,63.91556973879837,64.20065546711848,64.03210632223117,63.5807692186557,62.934980157805285,61.61677588757094,59.9672395174099,58.10612191586592,54.97202034015012,51.104617597450456,49.70109669935788,53.26673741673879,56.65416809806087,58.84387490566489,60.37415341608805,61.47001020227327,62.23497238911686,62.25896474680003,61.54795414480992,61.6700198748946,60.40143280095198,25.01059262217752,56.93537892975067,53.69735215355923,49.78582201932075,48.51729088928688,51.59918937555764,55.6141625229077,58.612296406922525,60.40054578097725,61.48669582818218,62.26893888771245,62.7711505220956,62.888841014739405,62.79541473212747,62.221507398379416,61.25962464061783,60.02122846225162,58.79239282004893,55.76005996108884,51.90300876177879,45.3620480312044,38.89189612047073,47.06290957258763,52.22867277775195,54.92269959928272,56.89685262138782,57.735414454985175,13.979400086720377,17.16003343634799,18.129133566428557,22.09515014542631,16.020599913279625
16.989700043360187,26.60865478003869,12.55272505103306,0.0,17.634279935629372,17.16003343634799,54.67656933223367,56.538653947074,57.7103452418713,58.738325000639605,59.5626690423157,60.047017523208126,60.02011330290738,59.785589325998586,59.304273609470144,59.09706829465677,57.63147858171244,56.06144803699377,55.23560486543749,52.69711366791274,49.12593997752106,41.931802735653456,45.99151357259189,50.26565947732366,52.17812830622584,54.67667289895786,56.175465371856845,57.24358623494625,57.987141624096985,58.21757791287115,58.18728539395276,57.48415196659316,47.41467697685545,55.549553068889225,54.62784198463928,53.11635208307389,51.95788990035873,51.9152925867408,53.28919587028904,54.87932676351194,56.53282960277458,58.04777791725358,58.62630411835343,58.98966937352523,59.13998653028544,58.83175775754773,58.217970700798425,56.36689450478631,54.26738921636634,53.21011933820934,46.29460569642289,35.11749711344983,44.05414666951864,48.87583545566862,51.47824669970896,53.93906719765574,55.78654106357093,57.5280185215354,57.94262126893018,14.62397997898956,20.043213737826427,6.989700043360188,13.010299956639813,13.979400086720377,16.020599913279625,19.138138523837167,18.325089127062363,6.020599913279624,6.989700043360188,15.68201724066995,51.20195403676202,52.3464886796511,53.694570651263696,53.776941010043366,53.66273496850445,52.67495567842788,52.12278183990371,51.13013635824771,49.9476134025852,48.72797039989599,49.00983989437245,49.50763910303574,51.432022250495976,52.63655001994769,53.440954371218496,52.29387435743077,52.92477593667784,52.940471613437154,54.353872247543045,53.99455654373081,54.09476620806971,53.69336478014141,53.14461333442225,53.37187617505636,53.292310456929656,53.28351057323378,11.139433523068368,52.86018361439264,52.60197839945111,51.89066199332117,50.35209533090941,49.68006364173257,48.4326393153455,46.40541061410289,46.65111737075051,46.22265844991523,48.94404685168554,50.72812167311912,52.305715283941645,53.380299584401065,54.16249299763421,54.07222593372313,53.987245041249366,54.181985071811496,52.89885366591884,52.1969190783383,50.65803712575022,49.175947749390346,49.27190653204442,48.81144901138885,48.70550206268082,48.00916313271131,48.82370828568111,27.067177823367587,23.180633349627616,61.12216442500576,59.694201061645664,41.1965172203987,71.74214328563745,54.037191944157605,42.39999792886872,81.25846599267591,12.55272505103306,6.020599913279624,49.6867436952078,53.25700342915986,56.1418510637786,58.18548524507822,59.54162398846681,60.35488173879155,60.93738884458054,61.14053582300566,60.97610225804178,60.714905978996754,59.69442938422869,58.43094429844847,56.60159412890489,53.73243118267364,49.38884819336736,44.81614592266936,49.30994851145845,53.47392471155834,56.56728573816232,58.48004887779621,59.73794953248895,60.53427660285442,60.78684418616148,60.93775980941587,60.55984238659812,59.58855226218978,21.13943352306837,56.012122903108825,52.76369880269439,47.753774027007566,46.6468897458024,52.94170717217838,56.75015365936141,59.31755773839768,61.14591303775177,62.29031577493426,63.05341264457456,63.64341019969115,63.95621997178274,63.87686611463816,63.41122789120264,62.661745241515845,61.47323799916958,60.02757681928051,57.53602207257448,54.38615120634788,49.11104317804036,46.33084490772176,51.84543802375664,56.02409457744527,58.42162860066619,59.89549925245338,61.02435420901021,18.69231719730976,18.69231719730976,0.0,3.0102999566398125,19.49390006644913,13.010299956639813,23.180633349627616,23.05351369446624,6.989700043360188,18.325089127062363,22.09515014542631,56.520770395575056,58.96090602340504,60.663259253620375,62.16917676331268,63.09952149779608,63.76441355720978,64.12726922607669,64.05498328114012,63.75502849535657,63.25624223414182,62.220244296260645,60.87000120795991,59.14322526319077,56.47533577668903,52.92699003043929,50.01339900866724,52.5267102588598,55.844149084702615,58.27372504399556,59.96405274485885,60.955671852263926,61.61060292952016,62.04378853572535,62.21212041697858,61.75188436425972,60.92210979355243,31.414497734004676,57.2733056497305,54.96078205364447,50.70026778096448,46.76593024518753,51.49012696727941,55.12577676845229,57.85766046225604,59.7279553741311,61.290466731631255,62.10560619004557,62.70204695771363,62.79479180587931,62.75623197319638,62.3555117102429,61.46210233640251,60.20946439882613,58.9839220454156,56.21599979689619,52.59163671340217,46.23507722111509,39.23295840655504,46.12465963953142,51.50919078008005,54.54956086105352,56.934604881929886,57.75541275732176,6.989700043360188,16.532125137753436,13.979400086720377,19.54242509439325,15.68201724066995
17.634279935629372,26.60865478003869,14.14973347970818,14.62397997898956,6.020599913279624,15.68201724066995,54.16923289055086,56.07734811736385,58.1384842093771,58.96808307042381,59.72019451462222,59.9182481190357,60.02746893155624,59.969667423819885,59.70355245850381,58.5208516740732,57.98426881271905,56.56731445757514,53.55116139076884,50.63051745747089,46.9369178195477,42.67289089431131,44.62517786751434,49.18711665382321,53.45514877835252,55.143697484166346,56.59856326025134,57.40138377698103,57.78627265698081,58.01503867494674,57.691955934278,57.25556377825106,19.54242509439325,55.34316808262762,53.71261865404476,52.71804446060571,51.56297708668773,53.27269000570726,55.06349416162233,56.26810342003725,57.69070700494021,57.98770077265603,58.83722742988259,59.09603627875151,58.982341293816944,58.342966926776974,57.41306845171356,56.775522062680935,54.81617457752877,50.38802900682286,48.12712866765369,40.258381642297,41.931802735653456,50.12077599531015,53.92239560398111,55.773734442096384,56.72999699024907,56.98422448256003,57.41828916607694,11.139433523068368,15.314789170422552,13.979400086720377,6.989700043360188,47.41467697685545,3.0102999566398125,15.563025007672874,11.139433523068368,17.634279935629372,9.030899869919436,20.043213737826427,53.48265911123662,53.951813127346746,53.36789832280986,53.462042716053446,53.15603032999413,52.65188231491744,51.32515834912638,50.04652343430104,49.14671002380751,48.32234198445926,49.7228617047618,50.67178765003041,49.475366463052936,50.81491328525699,51.80931183212941,54.16895019167698,54.23344193632787,54.58077058410578,53.18849781209405,53.6556285679556,53.22454990626711,53.42695016500864,53.6655369287421,53.17871200678319,53.25977215078921,53.53435337856165,12.30448921378274,53.29595148672084,51.27474115699378,50.179885710527685,50.69301714524998,46.71589343395642,44.88959437748713,45.50485183693518,46.21529392069847,48.64143080136019,50.53923150548575,51.75131856968908,52.49601880230748,53.07957898681535,53.42756169873222,54.51810988581845,54.12031921698219,52.59605823014383,52.9903853947173,51.95437449993786,50.81365313006428,49.03089986991944,47.98125584444266,48.4023786903128,49.410590140248615,50.308627284382354,50.52682401617118,22.27886704613673,30.090257420869104,61.12216442500576,59.694201061645664,41.1965172203987,71.74214328563745,54.037191944157605,42.39999792886872,81.25846599267591,6.989700043360188,10.0,45.7564961475522,50.672643289085926,54.18495188694671,56.582213344477104,58.42687230897816,59.78988985644983,60.72867987053517,61.21147676197243,61.421015097802886,61.21426219812528,60.7626641808558,59.85476772082318,58.385878060532,56.1507427089081,53.216315656424186,49.05714948389766,45.3773096841162,49.7222598778777,53.751146846922246,56.68028828324417,58.44356003730242,59.75303109595326,60.66754044199672,60.824377956825295,60.83572130050711,60.36798508518741,12.30448921378274,57.99042645372915,55.72445226993232,52.0494977761382,48.152389461965214,49.03594561100246,53.945987556636574,57.41562840961227,59.66499350211089,61.50201477567717,62.63427746619133,63.32588114226002,63.689938279292456,63.79620380418591,63.52079240255478,63.25408307933736,62.20003426156936,61.08957875738572,58.98980638297813,56.53325415664029,52.41807875084884,47.76207056424993,48.00332089797309,53.21094878951588,56.63007951029556,59.04118047143415,60.37608942982571,16.127838567197355,18.63322860120456,6.989700043360188,0.0,9.030899869919436,19.54242509439325,13.010299956639813,20.253058652647702,11.139433523068368,12.041199826559248,23.654879848909,54.22499557616591,57.4136278328868,60.23295681104337,61.66021679112245,62.843136277528295,63.48881721402213,63.98218736267432,64.1208068869416,64.02811426991948,63.475682751453,62.7682861656961,61.59282282018542,59.50669046082825,57.18439405077904,53.852003850266215,50.94610863032137,50.829899071480725,54.30413711892598,57.58240259730183,59.35713280113005,60.89742661986244,61.767060741804166,61.84408905601241,62.158389363371086,61.44991179136163,60.90318729968509,30.289777052087786,58.635637375067695,55.33478448258591,52.33082452758312,47.84888196469896,51.10848863002503,54.35788642809797,57.47505804211536,59.66288194394838,60.84193644325544,61.9858588980816,62.49640745360565,62.68814242422131,62.65389817969845,62.00560780661121,61.77681048320607,60.58152986082818,58.73074606368553,57.01686255916434,54.02929939098465,49.17132496831116,36.63512470415156,47.269715836828766,52.32106292614658,55.01164740496481,56.29598160225982,57.25083070605197,12.041199826559248,18.129133566428557,6.020599913279624,3.0102999566398125,6.989700043360188
17.634279935629372,26.60865478003869,20.96910013008056,10.0,12.30448921378274,16.532125137753436,54.06930018890937,56.32922719766198,58.10698160038154,59.12227372221817,59.63140151446781,59.89371940260124,60.059544287960975,60.00717296096556,59.571996155105005,58.43124346715263,58.00928676568677,56.53771910684735,53.28481538536472,50.61742665755283,46.739788016917686,43.74766670285203,45.920101162931374,49.70797676066656,53.73004004767274,55.32940283462585,56.50941499314979,57.30676514505113,57.5779142117237,57.56211493871738,57.1052522410138,56.92435333793581,20.0,54.55642619165029,52.624629555377794,51.77146758624016,51.73725158627817,54.05715089200449,55.789462014961245,57.07165497656838,58.20416910709521,58.757232025307566,59.236045717380144,59.58852838955889,59.13857279660579,58.42681615993015,57.58973930035663,56.76529918333179,54.81839475421644,49.770876985595045,47.29788235181539,39.20123326290724,43.13909382835271,50.43291527456002,54.11754350044887,55.668203510856806,56.70469438609153,56.67169868761091,57.08648611309897,13.979400086720377,19.49390006644913,47.41467697685545,15.68201724066995,11.139433523068368,19.294189257142925,15.05149978319906,3.0102999566398125,3.0102999566398125,12.55272505103306,6.989700043360188,54.49040026568379,54.79409737133976,54.24293471566806,54.275850961825,53.50867996286564,52.75311354541812,51.0615688696684,49.12546194579116,47.906580607462416,47.3837619112041,48.74423830586502,50.05527980709792,49.33740299496935,50.7505399469838,51.54804232732587,53.91206897447035,54.052455880666855,54.33264062345855,53.317693332066895,53.60875405159422,53.45798993624825,53.40112814175277,53.932258725020326,53.74444050045925,53.77184179676124,53.93703279320629,19.138138523837167,53.31617575023599,51.48189137969447,50.41558475038897,50.21706008805968,46.99360693585929,45.74922104783855,46.658623002031554,47.2366086669145,49.47717930000076,50.83835737807259,51.91554405604987,52.41651057272109,52.79039227061055,52.69872372594506,53.48213320483249,53.15577834474208,50.84207954453043,51.31900832003299,50.38111266530205,49.36739878637037,48.64985460659794,48.85999751389245,50.04020273253242,50.56313961432552,51.64923607567695,51.853494700759256,27.17670503002262,14.14973347970818,61.12216442500576,59.694201061645664,41.1965172203987,71.74214328563745,54.037191944157605,42.39999792886872,81.25846599267591,16.989700043360187,13.010299956639813,45.0607187492535,47.87609228552539,51.41449773400467,54.65917953211935,56.98073564566978,58.772699602582406,60.02156554708567,60.87519129780696,61.27208822121184,61.35067104552771,61.229311373671216,60.58066367817769,59.591530536891646,58.11602483510211,55.80080643863007,52.23656857099787,45.80069222725036,41.53052275067108,49.78582201932075,54.44033860307832,57.0384142265593,58.852548953472336,60.205104421575456,60.82988113384066,61.09870677862276,61.12729977255945,20.0,59.68183976349096,58.14301546143098,55.99011426597706,53.00756303918427,50.00208411336593,51.49160586760595,55.123961937067065,57.8212849222918,60.1880240447572,61.63235640142021,62.67476801134049,63.18867079531256,63.530128669414616,63.568922421613294,63.37282312644891,62.67202714795735,61.71132365481356,60.057144693318,57.85373262287629,54.51804850447591,49.8218527041636,43.79577433327807,49.85022082109535,54.68756319988081,58.02004993838072,59.82912248880099,16.532125137753436,24.4870631990508,10.0,25.10545010206612,13.010299956639813,20.96910013008056,17.634279935629372,18.69231719730976,19.86771734266245,22.944662261615928,3.0102999566398125,52.64978293493824,56.11532133890776,59.1882790856641,61.03680596407177,62.36585625698466,63.18551641633873,63.8888237082715,64.00708565411462,64.04580760471133,63.645031546659865,63.17129015112898,62.078747379139465,60.15514832890563,58.0909150161483,54.839009596528896,51.37670537236755,49.1277984897752,52.456138269054975,56.3930815285927,58.7249890957162,60.31062911204606,61.14460522832524,61.75316075818942,62.03870734687082,62.12403365848248,61.614054398007845,24.14973347970818,58.99621359557845,56.12741484459406,52.3624746722859,49.69103592673178,50.56908660920483,54.59335181234369,57.24784433742138,59.23471989301967,60.62104938422567,61.70514295681205,62.37906503971232,62.57498581298091,62.516615768343,62.181007306073575,61.72995603349722,60.71071918717134,58.76436088023623,57.26476174573558,54.37826636942306,49.35088892190241,37.92741785834749,47.01542082028082,51.89776567350445,54.87811222633905,56.03258075740997,57.169177394791866,15.05149978319906,17.634279935629372,13.010299956639813,18.129133566428557,12.30448921378274
11.139433523068368,26.60865478003869,19.912260756924947,18.325089127062363,19.138138523837167,3.0102999566398125,54.53908212759547,56.44684718395879,57.66817950056315,58.67373193882259,59.47247415675048,59.80805279745413,59.93863700912136,59.745932016556566,59.31423797068667,59.03288088660805,57.51184380495789,56.15371307939895,55.31076369475091,52.9971208574045,49.52332244169088,43.29702897153215,45.70659670021534,49.965992227001664,51.78012375922649,54.298329963825125,55.79804167973477,56.89554800865484,57.66377150208514,57.96785878831663,57.95101063481204,57.15037635885746,17.24275869600789,54.97174388410194,54.35541782772181,52.78966124664778,51.78919421035466,52.41867600312696,53.51651389099593,55.2448440020075,56.79784816290524,58.12563107279495,58.73670454541735,59.03724136590831,59.26421168229577,59.08104174061586,58.40699392164793,56.569190381133154,54.63119226079628,53.66542488503463,47.44652789820986,38.391636829146506,42.44920043912454,48.6023016834674,50.688164299222194,53.26159649121847,55.31133899119607,57.11217368758305,57.49335838200368,20.681858617461614,13.979400086720377,6.020599913279624,15.05149978319906,9.542425094393248,19.54242509439325,12.30448921378274,15.68201724066995,16.989700043360187,13.979400086720377,15.314789170422552,52.04730280256104,52.80453162611874,54.13542833884183,54.08165314532288,53.84949868019611,53.07187857632432,52.41539009870333,51.35736743509474,50.46581000223641,47.94690159172349,48.95300970772332,49.01360226244747,50.52743946382382,51.90849740555827,52.69384504815968,52.21742768832591,52.54637488582401,52.84692359751645,54.09026411558493,53.96063281728608,54.110014906753314,53.63333641439472,53.24496462400359,53.62672813862499,53.62670929725667,53.66280971090954,6.989700043360188,53.18791420341537,52.91164533009485,52.21082847781397,50.7750598534215,49.86054780769695,48.63108634672187,47.06179913992752,46.65111737075051,45.68201724066995,48.073185033320215,50.15778756389041,51.75453826250483,52.91404374109686,53.34905905779908,53.7408265085623,53.55675601938269,53.76025527573288,52.74788042843148,51.46481531566843,50.51171823995435,48.68056361823042,49.1557394025919,49.46550510569856,49.48452089645292,48.6693681773164,48.76962202168221,28.773713458697745,19.294189257142925,61.12216442500576,59.694201061645664,41.1965172203987,71.74214328563745,54.037191944157605,42.39999792886872,81.25846599267591,11.139433523068368,6.020599913279624,49.87541141497206,53.41351416999303,56.255686297173,58.151738127578376,59.52265353645046,60.28786719903511,60.88446542580999,61.06851868395698,60.94656267030399,60.62411993296322,59.61046917565409,58.2925036741122,56.54486504018103,53.33852158516895,48.83275223939279,42.76484782109384,48.1798822066788,53.15235409617727,56.2396012407283,58.23715436886529,59.52816166397934,60.30405804441688,60.82129125978752,60.81210443866623,60.473469192357854,59.581355886528925,21.73186268412274,56.08153621536164,53.21658486112403,49.77778460074753,48.89352133775998,53.52664799651101,56.847601095258405,59.30788623163284,61.063031123490354,62.19634029820454,62.986402417940255,63.51947163251281,63.83467252533536,63.69016295939822,63.24431448317839,62.50762666947558,61.30331516591855,59.77250194948711,57.39105365346547,54.01856999382871,48.60996436757196,45.65020928345294,51.85306954569373,55.8332575535599,58.24857722552853,59.74213156617437,60.8489071481379,9.542425094393248,20.863598306747484,21.73186268412274,14.14973347970818,17.16003343634799,20.96910013008056,18.325089127062363,21.95899652409233,18.573324964312683,10.0,16.020599913279625,56.6432695082786,59.15278447981383,60.636924324402486,62.04498739382781,63.03963065433199,63.70781688066992,64.0107090339162,64.02959304490275,63.69480993048818,63.19584873110106,62.05698214868291,60.68927611682072,59.08658701937114,56.32653642033184,52.78289343529933,49.898145430342026,52.5369653800219,55.89687159054962,58.10313184400648,59.70086407441639,60.857506794369485,61.92991227200065,61.93012391119245,62.083193283467,61.9004581030555,61.06645698992104,33.44392273685111,57.25562096864841,55.139629873719954,50.261326954722406,48.27246464097036,51.46252102092995,54.90409405533491,57.82937486044152,59.537505129986855,61.19931885456943,61.96593139738389,62.54720117414378,62.82968368269694,62.70804565407423,62.22082771278928,61.31402104622193,60.14006137092725,58.825211227817,56.06761743648775,52.54465898981778,46.37289547678175,39.24795995797912,46.36166821035606,51.64831505697767,54.63863139542141,56.68134213914741,57.60495613662843,0.0,16.989700043360187,16.989700043360187,13.010299956639813,10.0
18.129133566428557,26.60865478003869,12.041199826559248,13.010299956639813,15.68201724066995,18.129133566428557,53.8319937972461,55.9566483643864,57.83676372407132,58.853906243916086,59.58074369220074,59.9073655388145,60.14270558493905,60.002292469705694,59.77952578112828,58.84365953270038,58.48802855603908,57.20560323579856,54.27364372730054,51.88647295999718,48.46794674306915,46.65815427990936,43.96286546068402,47.52977535298367,52.14292685942703,54.186492505196014,55.7687093556865,56.72335268951278,57.30247554521335,57.46653656139791,57.32269083327439,57.38730627598944,18.129133566428557,55.69467547925435,53.42472029664019,51.87749088401127,51.29448192268063,52.08978517276254,54.0316858272777,55.69707403982909,57.15820400317036,57.85581083553423,58.734281446960495,59.33811116352405,59.36746912095899,59.08001127646368,58.488846629289775,58.20661134643595,57.055053570207896,54.037740458097545,52.82352435826464,48.50094594386701,40.77476919504342,41.95262958342062,50.25715383901341,53.34473856911537,55.0770613567621,55.277703472945134,56.319994726247714,9.030899869919436,17.634279935629372,14.14973347970818,17.634279935629372,9.030899869919436,17.853298350107668,19.138138523837167,15.05149978319906,15.05149978319906,16.532125137753436,20.043213737826427,53.59283255002161,54.15807727635543,53.76175322717833,54.248065265793805,54.109745184804254,54.23285204486265,53.44910759281227,52.24232552221392,50.58566464123409,50.32916782799792,47.65377934647205,47.92909731883789,48.40407234754438,49.10544367818869,49.72628590095014,52.43186924131472,52.814560869706455,53.50738261636892,52.20698954306091,52.603504875938896,52.45102855861096,52.85568560014417,53.54511799744273,53.36957786062101,53.63207578188511,53.91675953237296,6.989700043360188,54.17141071777272,53.61034299614722,53.08641235274253,52.94928933093567,51.317084648537744,49.810798143736406,47.89312720562536,45.973440990172215,46.724765454206704,47.31508183596026,48.54214921512205,49.76166500131975,51.30783914588956,52.18884585962195,52.96298736818887,53.328039214579015,53.0021492914654,53.01951892269426,52.3646924020492,51.519976980237416,50.45518562884493,47.704469720349366,46.08237120972169,46.6102664910262,48.27743948885873,49.04288071404978,26.127838567197355,18.325089127062363,61.12216442500576,59.694201061645664,41.1965172203987,71.74214328563745,54.037191944157605,42.39999792886872,81.25846599267591,6.989700043360188,6.020599913279624,52.85935183288204,55.49777921328038,57.3764499597953,58.83450765434431,59.81883814376704,60.49333560653405,60.74128628911447,60.5977123885006,60.07427698525323,59.29451624303116,57.85478608782483,55.77865040746374,52.570662921217874,46.98500712832512,36.36287252098513,47.78621481409864,53.27567345722923,56.30233568693217,58.22001262555682,59.59453537830616,60.43451092968788,60.91751698291407,61.11547803846921,60.82153568830662,60.074972825308336,58.955661820364114,14.14973347970818,54.8647723561277,52.264039774540095,50.222221045077056,52.96107707363154,55.833359576060566,58.5276353439252,60.357498373196606,61.75131856968908,62.79142234863289,63.35531112756391,63.59957219449755,63.544259729389445,63.16651674054359,62.52346139261395,61.49567948158315,59.94898462846707,57.95279233294615,54.32085379953403,48.945375849957465,42.47113641770865,49.93876914941211,54.33558633880874,57.46532228943985,59.47173361274703,60.85154237610092,61.60504545754131,6.989700043360188,6.989700043360188,18.129133566428557,21.367205671564065,15.05149978319906,11.139433523068368,16.127838567197355,16.532125137753436,19.294189257142925,15.05149978319906,12.041199826559248,57.51972343534518,59.81389081834466,61.6470966353988,62.61602080904517,63.50449026889002,63.81206986116165,64.0141725735059,63.8592803271502,63.47260717860007,62.65086105793702,61.8231477033948,60.15645557907955,57.37200596743288,54.10257455660077,49.95889555246152,48.92150277901364,52.79904098960141,56.18634782678324,58.82927908616617,60.43912559630435,61.319370516169,61.89212017809318,62.15636506113064,61.78864764031832,61.44726728706857,60.673245855426494,34.22425676371204,57.76394600429707,54.50847775480529,49.68991662307059,49.16190659980537,53.20189921163493,56.069238942029,58.61325277888098,60.344748424005495,61.30483654648415,62.15104875904597,62.62624298339637,62.5609904905794,62.35250611584401,61.80591760282358,61.43367716364853,60.284415142711566,58.19304349481133,56.511742750253326,53.060409629032165,47.71866632945405,35.30071568837378,48.11199527384496,52.89421712511557,55.3427112124112,56.3787481996545,57.40438487007131,21.367205671564065,20.0,17.24275869600789,13.979400086720377,19.294189257142925
9.030899869919436,26.60865478003869,12.55272505103306,6.989700043360188,3.0102999566398125,20.863598306747484,54.60897842756548,56.54350802480388,57.70316542538143,58.740792274580265,59.52526071556139,59.9867991199904,60.04864976517895,59.80059757991992,59.37132573141562,59.19396632563844,57.605589329947136,56.20952843173795,55.43821046691718,52.85712547162458,49.66765729282383,43.71585011499013,46.12455363519114,50.42752659005548,51.65045389726366,54.29753894477035,55.81107318275927,56.95209281438322,57.650968168907454,57.8353913333115,57.79251515805336,56.8952639593759,18.69231719730976,54.67337234450845,53.823953086704094,52.0006488546068,51.51093922785061,51.596423762134506,53.61909068937973,55.52499088134205,57.08755628300842,58.44037688501548,59.18375327463849,59.43447027808457,59.581896267623655,59.34284786406749,58.845285901124136,57.13343513306389,55.307118379816565,54.20925634858201,48.37417969449312,40.36029730656544,41.111616595775885,47.04708046987443,50.15778756389041,52.868918932240746,54.94640119870076,56.95846645670717,57.34851813846433,17.16003343634799,15.563025007672874,14.14973347970818,11.139433523068368,9.030899869919436,12.55272505103306,17.634279935629372,14.14973347970818,15.68201724066995,13.979400086720377,6.989700043360188,52.17431299267857,53.29682569297099,54.6607390044774,54.68385735708988,54.47934413876343,53.53531559077762,52.69459237816196,51.84535283818877,50.52924683707729,48.17433144111384,48.18470033122659,48.04064429951899,49.98346537396365,51.41954327933399,52.29479619262278,51.345117871082,51.98472885046272,52.208400158341774,53.913762391696494,53.678123426835576,53.82726471232437,53.83793830182916,53.31680308168973,53.799958506275416,53.96410338534941,53.761716697923696,6.020599913279624,53.422647268354126,53.61516301979154,52.99265351300494,51.33988936314759,50.79662322551058,49.44349402261,47.49504423876142,46.954291376895725,46.03620643970535,47.819850234022994,49.94299551726073,51.28011332575974,52.49467414272289,53.15659724336026,53.4136526936691,53.12737852482435,53.34487930390157,52.00656280185129,50.8283202754784,49.279705681273526,48.02376865596947,48.88651174765289,49.09775260520669,48.876173003357366,48.93056778945034,49.12041284369323,15.68201724066995,11.139433523068368,61.12216442500576,59.694201061645664,41.1965172203987,71.74214328563745,54.037191944157605,42.39999792886872,81.25846599267591,6.989700043360188,15.314789170422552,49.99274121938199,53.44614277007898,56.3059566132019,58.13688381451165,59.590876827823,60.30930679600356,60.84663842890479,61.0465164770352,60.91428469730489,60.58514089233782,59.51843415137439,58.13429526142114,56.17117815525979,52.93503981283645,47.0286117057293,36.40382044709568,48.420347924449,53.30383331080274,56.60047323902265,58.591527134695966,59.85567024422085,60.71543641095674,61.06305832354809,61.164118024351694,60.8312979791912,59.87024625964496,13.979400086720377,56.64363637103453,54.31410408098433,50.950577111928695,49.410042941189324,53.64320185775914,56.887400850625866,59.260892058811365,61.07781301648131,62.177260288046845,63.03517661937177,63.49725387325496,63.78171427295502,63.7002282073358,63.213780172090175,62.464377654625245,61.224586875246345,59.67368699149369,57.12822206836856,53.519295885752655,46.90284702512629,43.98113691730502,51.92458726731594,56.11895292790277,58.560337047186415,59.94901978241279,61.10768777768783,12.30448921378274,19.294189257142925,10.0,21.367205671564065,16.127838567197355,20.37426497940624,3.0102999566398125,13.979400086720377,15.563025007672874,10.0,21.95899652409233,56.58440706411126,59.081256389876096,60.83098595420894,62.07505648524933,63.09709567932765,63.75660688177678,64.11509940154176,64.04862782600782,63.747688691462585,63.266809059948045,62.19444628380682,60.79904467666721,59.09823369650912,56.05024765730023,52.27447048084791,48.46071009786408,51.72407337909087,55.60435113710196,58.00151164860622,59.68522640321771,61.09074108019571,61.7218477990444,62.21428844498196,61.995121895233176,61.95483969262953,60.82315647641793,31.37670537236755,57.7790580465642,54.93977777903741,51.0108688458908,49.172954009456895,51.36470062339167,54.92555063041343,58.102547027502816,59.66186803124894,61.38960747730893,62.16543007095869,62.69820110587023,62.894194822093525,62.645385101816345,62.20543472326508,61.337282322653,60.09175443665427,58.90949452110584,56.08365550303124,52.40853646906998,45.64571384835559,39.12753303671323,45.53118092150306,51.38902399933593,54.5910587948721,56.872194049525966,57.90789553587327,6.989700043360188,12.55272505103306,10.0,9.542425094393248,6.989700043360188
19.49390006644913,26.60865478003869,3.0102999566398125,13.010299956639813,15.68201724066995,13.010299956639813,20.96910013008056,18.06179973983887,21.73186268412274,21.5836249209525,13.979400086720377,6.020599913279624,14.14973347970818,19.030899869919438,13.010299956639813,14.62397997898956,3.0102999566398125,6.020599913279624,6.989700043360188,16.532125137753436,19.084850188786497,22.50420002308894,12.55272505103306,18.325089127062363,12.55272505103306,10.0,16.020599913279625,15.314789170422552,13.979400086720377,6.989700043360188,19.49390006644913,6.989700043360188,17.634279935629372,16.020599913279625,12.30448921378274,16.020599913279625,6.989700043360188,18.129133566428557,12.30448921378274,16.127838567197355,3.0102999566398125,13.979400086720377,0.0,23.89166084364533,15.05149978319906,20.253058652647702,16.127838567197355,13.010299956639813,15.314789170422552,13.010299956639813,9.542425094393248,9.542425094393248,12.55272505103306,12.30448921378274,3.0102999566398125,11.139433523068368,6.989700043360188,17.24275869600789,17.853298350107668,3.0102999566398125,9.030899869919436,0.0,6.989700043360188,17.24275869600789,15.68201724066995,11.139433523068368,12.041199826559248,6.020599913279624,17.634279935629372,16.532125137753436,36.18780024506215,34.76686742945645,31.64352855784437,30.10723865391773,27.611758131557316,23.117538610557546,25.888317255942077,28.60338006570993,33.52182518111362,32.54306332331286,37.60799311630718,36.32356046239073,39.33740299496935,38.603380065709935,38.0413943233535,38.24321124850771,37.1281800020785,38.21185882608845,36.04334073102911,33.71621927176022,31.089031276673133,27.39572344450092,19.49390006644913,26.48360010980932,27.7232170672292,29.89449817666692,11.139433523068368,36.72928690442723,36.05951157564873,36.26750853683393,34.39963935920905,36.50695979760612,35.436956323092446,34.49169732165201,33.51216345339342,29.37016107464814,26.24282095835668,13.010299956639813,21.13943352306837,25.158738437116792,31.367205671564065,34.166405073382805,34.572761860613255,35.42202782434028,36.09487689853285,36.54465333520146,36.12465963953142,37.6715586608218,32.73464272621346,35.93839661081272,29.49390006644913,30.74084689028244,25.289167002776548,27.90285164033241,21.70261715394957,61.12216442500576,59.694201061645664,41.1965172203987,71.74214328563745,54.037191944157605,42.39999792886872,81.25846599267591,44.42244527847953,50.91979818229391,55.04098256101878,58.12351751581686,60.53217549169848,62.41617446086821,63.86432077266222,64.82008276119552,65.50112484959223,65.80317336428995,65.76813978575669,65.39140987080043,64.61469262692745,63.30647701709023,61.27906853880979,58.08351437379464,52.410606158912,40.85575969718504,52.98508122725841,58.5661108939528,61.70990014853024,63.64038920211688,65.01867639760903,65.80233201461839,66.15544485778038,66.12311171922761,65.67890328952056,64.84251565900273,31.809855807867304,61.60444819853886,58.763477629890986,55.0415131083504,53.65596544941934,57.46927521042748,61.07077625385068,63.46988300987701,65.38551742065354,66.6619625886826,67.5451238851746,68.06702509346272,68.24215743751468,68.14219152508537,67.72629418571373,67.03604988873673,65.95603459480884,64.38882215344444,61.9878076080984,58.31584414956456,51.67674668194445,48.24984457921046,56.18159010776879,60.565561329057935,63.2701135975241,64.94779973017177,65.97443419570519,66.31103201404851,66.18754532333095,15.563025007672874,25.276299008713387,16.020599913279625,23.05351369446624,16.901960800285135,18.129133566428557,20.043213737826427,19.49390006644913,13.979400086720377,19.294189257142925,14.14973347970818,22.380461031287957,13.010299956639813,14.14973347970818,13.979400086720377,19.49390006644913,26.28388930050312,0.0,21.367205671564065,19.912260756924947,19.49390006644913,17.853298350107668,23.384564936046047,19.86771734266245,19.912260756924947,24.14973347970818,23.521825181113627,26.53212513775344,15.563025007672874,34.0226138245468,30.86359830674748,25.865873046717542,28.12913356642856,32.05204363948145,33.91816923613249,27.331972651065698,30.622058088197125,20.96910013008056,20.0,33.63423932917176,25.888317255942077,27.067177823367587,23.443922736851107,32.46744709723841,22.671717284030137,31.10252917353403,19.294189257142925,23.180633349627616,13.979400086720377,24.23245873936808,21.64352855784437,20.5307844348342,11.139433523068368,19.49390006644913,16.020599913279625,18.325089127062363,20.5307844348342,18.129133566428557,13.010299956639813,20.043213737826427,18.325089127062363,6.020599913279624,15.314789170422552,17.634279935629372,3.0102999566398125,12.30448921378274,17.24275869600789
9.030899869919436,26.60865478003869,9.542425094393248,19.912260756924947,17.634279935629372,15.68201724066995,54.04192060041402,56.257290502917535,57.97403972370002,59.03342347324431,59.60520245282211,59.97577274721369,60.22999218889193,60.069501283691054,59.81202731479998,58.73284554458824,58.3833077524761,57.05661906550357,54.13442269775464,51.26978380827077,47.3178210002384,46.088040641810686,45.13657000957838,49.046939111417416,52.88785612402505,54.76914191662672,56.143445093623086,57.11331352712209,57.58567498061157,57.71219901949533,57.38641847403714,57.51282954094662,17.24275869600789,55.71598206525296,52.69405524772128,51.01860442992212,51.62713725583078,51.98912640781824,54.18833059248584,56.145302297605454,57.43509764728429,58.3717225041667,59.05129090885861,59.57971998702348,59.3783923126258,58.99871367693631,58.23734988398731,57.84349787553951,56.46408627938996,52.88197787031108,50.75784116304216,45.05380636000395,30.74084689028244,45.48831473174153,52.14104388631157,54.435399086060094,55.92161206931415,56.29313758290553,57.04557155626497,21.13943352306837,18.573324964312683,18.573324964312683,16.127838567197355,11.139433523068368,13.010299956639813,6.020599913279624,19.54242509439325,14.62397997898956,0.0,11.139433523068368,53.40588855545309,54.2038652663623,54.07659387132946,54.31675700734037,54.16402495344702,53.739358038595086,52.66149347025585,51.05935755094967,49.33972940101611,49.45375019552896,46.472753613043984,47.36061687593125,49.71670061125605,50.591542993318086,51.40272291029186,52.80043139205464,53.40701838731677,53.367658335805686,52.897784134227805,52.95173307749872,53.26335860928752,53.24405933803544,53.623938726553874,53.87706532217342,54.05038846663224,53.74332176853415,16.127838567197355,53.5656313154525,53.50877676423018,52.8345727524505,51.54052518393131,50.5902163187976,48.33593293998456,46.23600719895257,44.77931182055328,47.1474876072506,48.52406791768789,50.09727022688623,51.23384441556113,52.562581992416256,53.22080712005082,53.24152765071127,53.31374651574694,53.15121908690162,52.12414017957467,51.36149586088531,50.01846164947594,49.55423149275055,46.67611698200479,46.01408060534684,48.14207628143024,49.55716606131057,50.53712127760186,21.13943352306837,27.067177823367587,61.12216442500576,59.694201061645664,41.1965172203987,71.74214328563745,54.037191944157605,42.39999792886872,81.25846599267591,10.0,17.24275869600789,50.443084409071865,53.89026023969621,56.04503610347007,58.05463475960388,59.43103573894752,60.40024874719302,60.93730484814276,61.11542093160884,60.93038356230805,60.45218109440525,59.58210188170767,58.17877922649585,56.28066921851822,53.06004469823467,47.44895100220962,38.29946695941636,48.30877247110405,53.44392273685111,56.526340344694,58.50960969297031,59.88184249728274,60.71016236415225,61.034732578823935,61.18392382626806,60.77240687432376,59.971560686170974,6.020599913279624,56.71498672818927,54.19666673085815,50.88224711184667,49.96730515435153,53.21600501487978,56.63332419542565,59.09292805540845,60.92311064160528,62.27711923739604,63.088897457725714,63.612239510420345,63.7576179912933,63.6616828326636,63.27877938158358,62.361062799839445,61.29133135944113,59.698430070418425,56.99777041760007,53.078146888551416,45.92243395937578,44.86430478854434,51.39554818042289,55.7612587748303,58.38412058786585,60.16450409022741,61.21429175095852,16.989700043360187,14.62397997898956,20.0,22.30448921378274,25.4282542695918,19.138138523837167,13.979400086720377,14.14973347970818,12.041199826559248,20.0,19.294189257142925,56.12499883603407,58.7471426828032,61.00991211442349,62.331101294718096,63.22144217341601,63.77216249514,64.12108601131064,64.12055969556457,63.82792133801836,63.05387702465112,62.37534941579908,60.99702735020095,58.60472766707127,55.42755735147118,51.6470966353988,49.13570155411496,51.7414124848429,55.30800121050569,58.26702455429879,59.97495599658018,61.1526160480172,61.85618355093774,62.186457715571855,62.28565626098761,61.6310320664219,61.1662002890305,31.078880251827982,57.889774983403456,53.74904077709513,50.39227669655346,49.44423446137135,51.41089018081178,55.27363056423319,58.14399439033679,59.90674881120153,61.2678382042396,62.11667738630975,62.62819490445011,62.68991945441342,62.55396502602116,62.12946290575986,61.5768941753509,60.548630657348994,58.50889347532878,56.80270228335192,53.58269962537473,47.71859289136792,35.85235063365775,47.076723510147474,52.49171442532892,55.082683903483165,56.486800022572,57.70631127777807,18.69231719730976,12.041199826559248,3.0102999566398125,15.314789170422552,10.0
15.05149978319906,26.60865478003869,15.05149978319906,16.127838567197355,13.979400086720377,19.86771734266245,53.885363441728046,55.92631917104661,58.10759939353152,58.97462138013063,59.67208082693749,59.95093084994042,60.1713563700752,60.01502229267998,59.72567529619471,58.65234302677487,58.22466227430921,56.9690306332573,53.9476678022632,51.37366772832867,47.88818618509576,43.44313661234556,42.79027805622721,48.0543288813214,52.977211274460736,54.84722536726284,56.49136167361534,57.38818597211039,57.74677515521205,57.97694698627775,57.779376697538325,57.41562840961227,19.138138523837167,55.42202782434028,53.92559785974669,52.40374496958233,51.318046590794665,52.74217907113656,54.43575879750257,55.6711345171354,57.37148892888538,57.93283178990869,58.78697545796817,59.19814721432141,59.27661848255548,58.73281065846172,58.00829760332232,57.3257467816839,55.90945438089594,52.28505582797279,50.46300019652969,44.96888152987568,39.16190659980538,48.15664067394746,52.52768104761324,54.7828505085033,56.29670505193638,56.507745999416855,57.14203980582728,6.989700043360188,12.041199826559248,14.14973347970818,21.13943352306837,10.0,10.0,6.020599913279624,18.63322860120456,11.139433523068368,19.912260756924947,20.253058652647702,53.36957786062101,54.01843226521209,53.38795031631805,53.72884398630008,53.52201819659416,53.24998142427288,52.07755511381972,50.83964618135202,49.45872163401318,48.870994386944815,48.70286828992591,49.63457260116708,48.5396576180009,49.71739590887778,51.01973782451714,53.646222775828576,53.902018371589904,54.30478187932045,52.88796780086574,53.531638791290106,53.16188486924122,53.3256973840392,53.52392858715318,53.451619235949735,53.44244863665512,53.86891169452432,22.944662261615928,53.791168896274485,52.259111895129095,51.45920144998375,51.60288413131288,48.81099218389017,46.32194003615336,45.76721335591952,44.526143350238776,47.11064498869347,48.46089580357984,50.352295563502125,51.68417924329727,52.528942748660654,53.20198232105004,54.25314083052356,54.33233633248872,53.04559457935032,53.56809558193979,52.73207368268184,51.40259713993299,49.860996250551295,47.483431044875495,46.812593326020185,47.92559770961451,48.50976883640715,49.6049456080869,24.4870631990508,26.28388930050312,61.12216442500576,59.694201061645664,41.1965172203987,71.74214328563745,54.037191944157605,42.39999792886872,81.25846599267591,9.542425094393248,17.853298350107668,50.11523924657067,53.74346850389508,56.21529392069847,58.136723742583925,59.47223876572414,60.455561049540734,61.053500623875685,61.31185436854483,61.14667685647233,60.60686510784567,59.870313378971225,58.50822612354004,56.26750853683393,53.18090477519685,48.16903839375661,42.17904874202665,48.63394245127093,53.49333875221649,56.248727883370734,58.33367710635826,59.57536894047013,60.41023773019628,60.94275424932056,60.82788600593972,60.52740869351248,59.78456715276436,22.671717284030137,56.34143611921708,53.046369912917896,48.71771358119236,48.84574480084643,52.897850987675625,56.5885530283061,59.25436894544988,60.96118876898554,62.39914815000717,63.26419638905663,63.68026416113676,63.85860163346335,63.69370987899966,63.32230352706241,62.66928690255586,61.46793237377488,59.92275091344532,57.4054031908781,53.81275767024982,48.09728013215906,45.39640565669429,51.38264794448402,55.5199252706517,58.18548524507822,60.02852180118936,61.11437607943954,11.139433523068368,21.13943352306837,23.117538610557546,17.853298350107668,18.63322860120456,16.532125137753436,15.563025007672874,20.644579892269185,16.127838567197355,19.084850188786497,0.0,56.05956537790242,58.66367690901588,61.06963233878112,62.35837645383559,63.261475575511454,63.75769843112749,64.14684780364676,64.0882857814002,63.88067437593765,63.119072140774,62.350759895453336,60.95885956241104,58.61073587304094,55.79020625709624,51.74609236706864,48.67944537195186,51.549866391537634,55.10008512940235,58.29821400614931,59.94810129217897,61.21742321139049,61.77960199223807,61.93853656478637,62.33493866837794,61.68186530520529,60.97772533376619,34.153072922255674,57.82083304661812,55.170401048156,50.43173584228276,49.29418925714293,52.22029378552614,55.81209852354842,57.97957569077072,60.0966246720279,61.10503516174768,62.117976300874375,62.63032844375967,62.748835308580055,62.686746010142286,62.169255828251,61.61996525422445,60.39982494382453,58.51114579568295,56.73509328929092,53.4532667127111,48.05324113958714,33.70883016777606,47.89756932285287,52.50166183061678,55.14653989080068,56.36107596847787,57.42582175417888,13.010299956639813,0.0,18.06179973983887,9.542425094393248,19.294189257142925
15.05149978319906,26.60865478003869,12.30448921378274,17.853298350107668,13.979400086720377,11.139433523068368,54.56696942683217,56.63248495990033,57.44991205284262,58.76617877140279,59.42326584246722,59.95646161491451,59.97694300978775,59.72416229182482,59.2813611976724,58.998494908897605,57.49587919150213,56.16283268466698,55.263651274825214,52.823796377440495,49.25776053836746,44.6520433758063,46.92009236142928,50.09472142562814,51.62041385148267,54.246366646501976,55.5874935870719,56.71029288832922,57.56944036296828,57.70251681653022,57.54715954101944,56.90777999124181,17.853298350107668,54.88631081744372,53.58926115850316,51.98860443081457,51.832698436828046,51.68739018431464,53.502363852904544,55.51276733593608,56.88957906888951,58.45594712872028,59.084362250292486,59.41161470942962,59.36697173048537,59.15009163904051,58.70172063603057,56.95050670582764,55.28340685532928,53.918803453567975,48.45178687215317,39.14448940698554,39.238654751855016,46.828487672897154,50.0062927088754,52.94882684578086,54.818580911005895,56.92291583594431,57.24014394791083,11.139433523068368,19.138138523837167,17.16003343634799,17.24275869600789,13.010299956639813,14.62397997898956,16.020599913279625,6.020599913279624,17.24275869600789,15.05149978319906,12.041199826559248,52.337396156012986,53.33842091351802,54.6354959645607,54.78614106664722,54.28423147600248,53.42805480837399,52.638845038959545,51.46723231498082,50.16029963076024,48.17095786890008,47.88910422834653,47.81166344847557,50.27989363879307,51.46481531566843,52.74307978319055,51.11275959100527,51.96322675974088,52.13836388325274,54.15849404568726,53.51450356367914,53.91437961917848,53.73634612199135,53.1893939156067,53.85781385858816,53.927690366446434,53.6292144819949,14.62397997898956,53.26182191829346,53.625201722887965,53.20096412110743,50.91040559372023,51.14110356531892,49.64589587489903,47.48203537246444,47.26727209026572,46.06982940624488,47.995955364223605,49.87710943130306,51.3660643098203,52.54492487724582,53.22196545379522,52.87214812106456,52.79157992217166,53.43408593803857,51.87977335945071,50.74746977218607,49.11285480312763,48.37417969449312,48.86998045671099,48.78826154535182,49.101813479851984,48.96311221581429,49.88995707002408,10.0,23.54108439147401,61.12216442500576,59.694201061645664,41.1965172203987,71.74214328563745,54.037191944157605,42.39999792886872,81.25846599267591,9.030899869919436,6.989700043360188,50.06145016376364,53.60563121699302,56.18095186331824,58.124440651393485,59.444653987306765,60.298592118713685,60.750035710094856,60.925697730633445,60.71493176538184,60.41977010187355,59.395292362850576,57.94069583981632,56.18923129009224,52.95490129563044,47.4664198192307,38.35690571492425,48.44632475043565,53.301397160787786,56.49772827300677,58.41816053089335,59.80479697309379,60.53923150548575,60.88377453896421,61.14035546579642,60.734837313138286,59.79675821887743,6.020599913279624,56.63128711820299,54.20846541601197,51.42029490853303,49.82244088786182,53.89180265177317,56.96811416723229,59.142992493676736,61.08069902956596,62.04871204888445,62.89311075714991,63.37867406096539,63.73453796888403,63.6119143444677,63.19141259690136,62.293513251980535,61.213171886382185,59.55183425912435,57.09945475778981,53.53456508354122,47.32088037606006,44.45292769425972,51.94028437352706,56.04460422427223,58.47546131822418,59.872751344561806,60.97851931010606,16.532125137753436,18.325089127062363,19.49390006644913,19.030899869919438,13.010299956639813,24.29752280002408,6.020599913279624,0.0,17.853298350107668,12.041199826559248,14.14973347970818,56.46123255944534,59.16479742244076,60.65602493119386,62.12328261063523,63.00568095086043,63.74512260210221,63.9950377700717,63.95488021901166,63.67515630013094,63.09506035137058,62.06165570403804,60.59287684021078,58.98304392111661,56.29185257633928,52.07680136869176,49.27288219198812,52.44133569558733,55.64497994088107,57.88910422834653,59.63463401515974,60.75334506587609,61.61848455442456,62.05144793287957,61.9199228751592,61.4565750199002,61.0103320009471,30.629578340845104,57.06131216836421,55.269657087905216,51.38621590097921,49.30872653792662,51.34572320618351,55.06624075011639,57.86260789739665,59.759948772375886,61.11593822517158,62.02044532418463,62.555566337511706,62.67387648191381,62.54534784642614,62.15197759733354,61.22214894963452,60.21746492873068,58.76781710695205,56.02652399069396,52.39754811505569,46.12529561124354,39.51386094880293,45.46505648166498,51.29902476925429,54.53460532917493,56.8595390901889,57.78690164858467,14.14973347970818,18.325089127062363,18.129133566428557,17.853298350107668,15.68201724066995
16.127838567197355,26.60865478003869,16.020599913279625,19.49390006644913,18.129133566428557,19.86771734266245,54.084197531516295,56.14923568054131,58.03277488177689,58.92346754348786,59.65147587291326,59.90479600231176,60.00618429110546,59.884608505355736,59.4626357122022,58.63042560505885,57.87194715520685,56.40601671200342,54.2180951006037,51.669419657783465,48.152389461965214,41.76814480674777,44.54067005278905,49.047912562722686,53.345281378162845,54.7401218516985,56.30779643275719,57.1812618985996,57.5148234319919,57.90865477844317,57.61603123258942,56.867872631083856,17.24275869600789,54.42142550402692,53.76503960252927,52.62413116968151,51.11534702749835,53.58308027491693,55.101614821992,56.33090556012844,57.81807056209821,58.23477489627145,58.984712205505645,59.27555643024021,59.26246211949837,58.87325797681255,57.83045572114693,56.82651307629688,54.99494631035897,51.4744443254818,48.33631516856378,41.28043673826458,43.39511065746308,50.05695181118511,52.87698740677577,54.9245026747516,56.23101398288857,56.82565623685386,57.23307871828162,21.613680022349747,18.325089127062363,3.0102999566398125,13.979400086720377,19.54242509439325,19.49390006644913,20.5307844348342,0.0,10.0,9.030899869919436,12.30448921378274,53.77410075844122,54.2749260074356,53.96464377702049,53.95824191880471,53.45556037151204,52.96720021961863,51.97746313161655,50.486049246855615,49.56706161396334,46.92247478903383,49.48554773029524,50.060807827160936,48.57627957426264,50.41534794644746,51.68358982196007,53.48709756097048,53.71970625473939,53.94082023003175,53.40178300813033,53.73362625666429,53.75563028854772,53.36909805894928,53.8454157362137,53.4799509869024,53.44692835067181,54.14011825406061,9.030899869919436,53.71396692720936,51.68347192809252,50.78750357001923,50.81613708598819,47.88910422834653,46.36528014083005,46.4408391857683,46.25734190996901,48.06722503076181,49.69229479862644,51.23492301422652,52.09099286957921,52.61084354924705,52.75196141785624,54.01071248331359,53.82499724125918,51.97206101260808,52.41546480596548,51.30494588523469,50.019758812442646,48.203985227039816,48.53241780329114,48.94316062684439,49.55331704165462,50.38322053381606,50.84376063140656,25.58708570533166,30.681858617461614,61.12216442500576,59.694201061645664,41.1965172203987,71.74214328563745,54.037191944157605,42.39999792886872,81.25846599267591,3.0102999566398125,9.030899869919436,46.568357800788114,50.81437326351849,54.24210083729753,56.61702915326278,58.44984488184781,59.7497659485084,60.67764354497428,61.19217936354119,61.33297744118917,61.05413777726461,60.69209885453876,59.71461868815968,58.06105323204325,55.96157080916172,52.63271439538633,47.68823025449643,41.87548920861271,48.85706030553216,53.78188880508564,56.57744056247376,58.44664149281526,59.66965875035987,60.64935824581629,60.89742661986244,60.821474582466536,60.54285486801291,15.68201724066995,58.29027023001764,56.15627102540717,53.038286724831295,50.031329643539095,50.26030450315255,54.15081908021853,57.55058834964717,59.62314867842993,61.31136310462607,62.53195721496049,63.25556094379472,63.54020994951167,63.636939428907326,63.4145292482015,63.100187296903634,62.11009683192848,60.86909470402135,58.9013978216894,56.30690203220341,52.20453293407978,46.16160312847583,47.39683079379692,53.25979265325383,56.66009446077017,59.04401744764843,60.41386762920365,10.0,17.16003343634799,18.129133566428557,17.853298350107668,18.325089127062363,6.989700043360188,17.16003343634799,12.55272505103306,12.30448921378274,9.030899869919436,18.63322860120456,54.38740069928567,57.65507619956058,60.0695568452928,61.58801992798473,62.83652367613848,63.5463273490664,63.91291223766743,64.06751315439627,63.88868535053099,63.40808253903253,62.71884801593483,61.36567427579662,59.545054192803626,57.16500826883856,53.84778001371604,49.887818434536406,49.92151288919687,53.782252391165,57.55805515404212,59.24385261665135,60.712934709257375,61.48251190601015,61.5478902873875,61.84830496325378,61.69523080449877,61.00909631717709,36.12041744645269,58.05132333129294,55.65683747106462,53.33819942767131,48.80133045616997,51.48170613077387,55.257404172317806,57.433592250295646,59.750465172534525,60.7911501108859,61.78715716829535,62.45158425322632,62.61055547812106,62.50338259419118,62.08011148892835,61.55112758789437,60.42374658943038,58.67267678225815,56.65469354547109,53.749718493614,47.93189497720696,35.87149498254344,47.09142707622797,52.07992317579137,54.87456552896858,56.13326914777916,57.36888689309211,17.16003343634799,6.989700043360188,47.41467697685545,19.030899869919438,0.0
17.634279935629372,26.60865478003869,11.139433523068368,16.989700043360187,18.63322860120456,20.96910013008056,53.9415212448986,56.03951561386656,57.87297494951269,58.77532592397381,59.51361807517263,59.80705405928374,60.02066227371798,59.8636187138717,59.5562089363616,58.88204213728639,58.040719307731486,56.72884419477225,55.02417559937786,52.71081507027925,49.46771481846191,42.611438677006674,42.31877187346478,47.59032933224261,52.2284647997415,54.02029123310338,56.01062140019138,57.1015207342029,57.567250876666265,58.08129915068156,58.00753497020451,57.41404535215388,16.532125137753436,55.65493629868862,55.0210469373055,53.68431935492839,51.23492301422652,52.705064813500144,53.824223150743,54.81621755946339,56.57385753067842,57.32451661893837,58.20839620100325,58.74166274259728,59.09804661177968,58.76901662271212,58.28833193135897,57.25552292750614,55.65376684144681,53.75392895566932,50.724263743279685,45.74875872503636,39.675947726718896,46.812593326020185,50.4489238347436,53.44792975988091,55.35600423850981,56.46702629698079,57.1463902154406,6.020599913279624,9.030899869919436,17.853298350107668,10.0,47.41467697685545,9.030899869919436,15.68201724066995,16.020599913279625,9.542425094393248,18.573324964312683,3.0102999566398125,52.1435631728006,52.96774846740312,53.08009186238258,53.3532548588238,53.24868665777038,53.08848159502481,52.51027102082388,51.65315564763216,50.484495726129694,48.97187076580153,49.90383258906234,49.9618320032566,48.545307234734985,50.03464840565138,51.08040441895047,53.29196450203092,53.56471402202659,53.89052621189751,53.170453090067376,53.79756804391658,53.44191783807624,53.281940201406414,53.25228227870849,53.185912663768384,53.11499565460373,53.70053941853111,20.0,53.74427545977228,52.42988412194795,51.90051417759207,52.19849003825283,49.73354182164008,47.87233703685299,47.15108778534286,45.37189226243645,45.479838053590754,46.85607399946172,49.11487866668563,50.56981036668113,51.90513783486192,52.763331052593074,54.06105668659937,54.38430003078789,53.57830070342652,54.18501816134602,53.694570651263696,52.734642726213465,50.82907386334711,48.84574480084643,48.30697709739533,47.817051227969614,47.074339054718095,47.66249212203172,21.613680022349747,18.129133566428557,61.12216442500576,59.694201061645664,41.1965172203987,71.74214328563745,54.037191944157605,42.39999792886872,81.25846599267591,12.30448921378274,12.30448921378274,52.802869220008574,55.55405238968423,57.613819976323406,58.96846309010903,60.10545874110679,60.652319158594594,61.00320908626063,60.85890396625636,60.44860267445601,59.58185801276653,58.44050748989031,56.522666527424064,53.49506758901512,49.11056350370062,44.74580452342379,48.30877247110405,52.85957665440576,56.06615648928464,57.8448391736302,59.25776053836746,60.10914489420639,60.54086143412903,60.716655422202095,60.295432602973335,59.55596360907238,58.3837362428048,13.010299956639813,53.6408174141107,48.97198082382968,47.37017616990194,52.04339788603701,55.867504157470485,58.657540408673285,60.675904331995625,61.92576930776384,63.00061525671197,63.55632518260492,63.80599942230441,63.735831683504536,63.39513649286999,62.772802176463415,61.85641863992988,60.396908689231374,58.40589072547749,55.40786057425353,51.252241913971694,46.656372674340616,49.69946806304058,54.21630246949952,57.35187562208651,59.265405097195945,60.631880693410295,61.398189733672,15.563025007672874,12.041199826559248,9.542425094393248,17.24275869600789,14.62397997898956,13.979400086720377,17.634279935629372,20.827853703164504,23.89166084364533,16.532125137753436,17.24275869600789,57.66681966798729,59.758897591443805,61.47194159818323,62.58592510257476,63.47510527188773,63.85280519958521,63.95655702833197,63.89392921823104,63.556914939492216,62.70304692756924,61.70497578878006,60.23743696030442,57.81198690380212,54.95569312229848,51.68500429879944,50.16607187621433,53.36741833553931,56.48892549034734,58.899652456184064,60.190917697793225,61.4923451289587,61.88169984940632,62.07925594353153,62.10171321769054,61.20214831815343,60.308230853499225,25.76341350205793,56.65285420133516,54.891552057857176,49.12753303671323,49.674590490637655,52.94188365187848,55.93624950359882,58.42737137972418,60.081763149849166,61.36969343457807,62.18104673117946,62.58091078632607,62.71786793720575,62.55976697318221,62.04069221521941,61.32659850327718,60.1144398502224,58.38897552779795,56.1603627105746,52.64935821782686,47.11064498869347,37.046651854545296,48.05364907466445,52.61757563662283,55.04421925147823,56.54446086717337,57.48591113335407,17.853298350107668,22.14843848047698,15.68201724066995,14.62397997898956,9.030899869919436
20.5307844348342,26.60865478003869,17.634279935629372,19.54242509439325,19.030899869919438,11.139433523068368,54.79258506599752,56.45934866539149,57.90989177830127,58.86820550899884,59.62248549962521,60.02905676828146,60.07200085231545,59.92149077841336,59.625573156024,58.90410398857483,57.921429496650106,56.45191304769927,54.46874096081164,51.6451940255139,47.05324784486743,44.88903085267769,46.00330230580766,50.095273792854165,52.59388388444642,55.045265899791424,56.20327643846156,57.30409171112241,58.13855754667571,58.11111645366709,58.0213652079768,57.86196135465484,14.62397997898956,56.24894421499002,53.797803526659045,52.08401042579736,52.71493102185657,51.07888025182799,52.98560538405577,55.35761083670969,56.49071865398702,57.99740192185148,58.810266871529045,59.04139709985009,58.93212306662215,58.615063331417296,57.91048204041145,56.79559618684312,55.04416487324459,52.60970067529068,47.854579685768144,38.14913181275074,40.17575868391074,47.34191551493303,52.59233011360983,54.77805453118017,56.2300622428795,57.24646091200085,57.800442617966965,15.563025007672874,13.979400086720377,3.0102999566398125,12.30448921378274,21.13943352306837,18.63322860120456,0.0,13.010299956639813,11.139433523068368,15.314789170422552,15.314789170422552,51.42595925939955,52.58706706832966,53.63596939130159,53.75563028854772,53.702539529610334,52.85685553208233,51.751202500152864,50.49838000622583,49.06685138141586,49.97988910290967,47.23061426317603,48.4072070067966,51.96612748028152,52.69188269483024,53.34956116136852,52.82073517893249,53.32941142492751,53.37932234876929,54.05032010555874,53.42517425646471,53.30659262982773,53.49302787709901,53.16986705131481,53.41351416999303,53.5469606845914,52.876606732504015,18.573324964312683,52.14700825097366,53.253617037224565,52.469415124832544,49.646272809377024,49.997610723238175,48.19346484080452,44.987101965211664,45.61697532653994,47.42072807250028,49.38769822783118,50.82771013236765,52.54238619672627,53.72037012466169,54.40008088525724,53.810807691875226,53.720591392086526,54.53166922267727,52.722896044543646,51.65686410527931,50.36029730656544,50.01080049156081,48.7655267265372,47.84795537856762,47.697686056711824,48.88095211261547,49.26224080104795,22.380461031287957,16.020599913279625,61.12216442500576,59.694201061645664,41.1965172203987,71.74214328563745,54.037191944157605,42.39999792886872,81.25846599267591,9.542425094393248,12.30448921378274,49.88830863152949,53.50102582886501,56.19464827546295,58.16153769230202,59.57942335445405,60.46300019652969,60.97722599045481,61.151496821621365,61.02749534904167,60.82027385801496,59.65280742015856,58.43890886483852,56.74304372888472,54.03261257846269,49.706908276983626,45.62649672211917,49.530683284796105,53.86957096238152,56.42208220777752,58.48029538356631,59.73157421579143,60.59500559922773,60.84590932891807,60.97891797710521,60.65102213845517,59.51508482520737,19.54242509439325,55.81362469366866,53.24663067987839,47.98961237880703,46.71672595620886,52.61961936421574,56.619498592960895,59.17175593541206,61.1706205455733,62.3732779386295,63.20234798358338,63.68764996537551,64.05289828193894,63.8974782643447,63.55003968198037,62.659137407578825,61.499884564914765,60.100220719693226,57.55927424980644,54.225717849058896,49.06986533454223,46.6185999172781,51.868546681609175,55.7605210824597,58.36416535893229,59.827346855049925,61.0076502240147,12.30448921378274,9.542425094393248,21.95899652409233,16.989700043360187,15.68201724066995,19.54242509439325,11.139433523068368,11.139433523068368,20.96910013008056,16.989700043360187,9.030899869919436,56.30725778175786,58.85673822146586,60.94486851005229,62.2620512354389,63.2785119633353,63.73591987728731,64.11325026421723,64.04437028063269,63.8579514168795,63.26480260321099,62.25114063848419,61.00861778250895,58.75622009698158,55.98042701776136,52.20134249570252,50.63626043102041,52.63252489402517,56.11018733750564,58.16161727301194,59.97295933371397,61.141170353653024,61.66307238786864,62.19283192112123,62.007577767143786,61.4814251548297,61.29796197569745,38.94869656745252,57.82278366528551,53.66626514239034,50.50151527340931,49.15167586522959,51.438669305836406,55.01672595257591,58.04793449373405,59.85764975056182,61.30032553220854,62.18519750596482,62.63928024595735,62.84369815540999,62.72080518896253,62.21635893166134,61.54064093089364,60.34263383578192,58.77717376393991,56.531825946804766,52.98138849758211,47.39864939776589,39.414120403735495,45.7923466734815,51.80068500901218,54.758483559508576,56.87496856123778,57.78369066817676,14.62397997898956,20.681858617461614,24.62397997898956,10.0,12.30448921378274
16.127838567197355,26.60865478003869,6.020599913279624,0.0,10.0,11.139433523068368,54.45107360258192,56.30835533958078,57.93600426595543,58.906098986162405,59.635484273501206,60.03440281795484,60.17736410476051,59.98728262747636,59.74666408490474,58.92301678375418,58.14825382398301,56.855563403593,54.28037553035308,51.46283113159587,47.37709352440768,45.9798023520062,45.94812275994005,49.53165088866768,52.40439412801645,54.8383967066475,56.10997461854168,56.937480477381854,57.76470176666227,57.72266682821598,57.52497882925312,57.52175258665684,16.532125137753436,55.68137161980492,52.98180381323208,51.062929121756575,51.83887384111103,51.34362010059577,53.777086613912985,56.042703445416805,57.29612627458874,58.40589072547749,59.17111472493697,59.564421803029965,59.32849550894882,59.01386932119757,58.36706961723729,57.82336437879265,56.23428141530777,53.50769246568348,50.29424364058016,44.4790189874972,29.429995933660408,45.03763453709425,51.79313323312545,54.16355876322896,55.742373639321656,56.44667986048189,57.05906455700312,3.0102999566398125,13.979400086720377,6.020599913279624,16.127838567197355,17.16003343634799,13.979400086720377,0.0,13.979400086720377,12.30448921378274,12.55272505103306,47.41467697685545,53.00343267724527,53.7345636999195,54.394037543861415,54.359876213262126,54.20300735183223,53.6657236618312,52.40853646906998,51.26589172820293,49.15937752697393,49.54290761701128,46.14865591497137,47.01231125127259,50.4730602640858,51.35743097907085,51.78150714721816,52.245978005479074,52.823796377440495,53.17129015112898,53.22419851107773,52.99352555088146,53.31989793936623,53.19682652743672,53.62851769597906,53.81477894569088,53.97691521154182,53.489781789100135,12.55272505103306,53.185578984125954,53.78079786417792,53.1120269895076,51.1724808846035,50.92021984447983,48.95731856870341,46.27744674722776,45.41142233721635,47.01619786477204,48.07724398699649,49.95920243872658,51.29870273806506,52.62510415525468,53.476285511387815,52.95929776786988,53.03422868435703,53.5143295492885,51.7818529253739,50.898486141735575,49.86054780769695,49.53624406532067,48.02315251404337,47.39327045152532,48.04030333677011,49.40182667104386,49.89449817666692,20.253058652647702,28.2865989653532,61.12216442500576,59.694201061645664,41.1965172203987,71.74214328563745,54.037191944157605,42.39999792886872,81.25846599267591,3.0102999566398125,15.68201724066995,50.428313676246574,53.77948837324936,56.175716813058585,58.01299411931698,59.55461646719431,60.486922858116415,60.903726971861886,61.14123046227554,60.96118876898554,60.603975068671474,59.495875900803725,58.127883954850944,56.28234600357725,53.16494539222311,47.26857559288496,37.8597012513201,48.60367956881816,53.65482368977669,56.387607309373095,58.52677577072316,59.8402161727475,60.76917022645524,61.03396592835843,61.23132991389014,60.91555116762728,59.870313378971225,17.634279935629372,56.606378404611874,54.40967298800163,50.98605658496943,49.7222598778777,53.32781719862915,56.813027580695774,59.15599258816137,60.99976054188777,62.29114611544401,63.10809037995584,63.58071399716217,63.789878861187645,63.70297831965398,63.2823603824954,62.49427799996701,61.24505855065764,59.75356432344124,56.9633279462964,53.14339206345329,46.246739187999296,44.6425102237956,51.710386419195046,55.76241116836443,58.47683686151682,60.08669993889144,61.180642362119926,21.64352855784437,21.13943352306837,21.613680022349747,17.24275869600789,16.532125137753436,16.020599913279625,16.020599913279625,23.117538610557546,16.020599913279625,20.96910013008056,10.0,56.28562613108777,58.90855654659052,61.03717879469013,62.31582991729834,63.32054495108195,63.81222873487765,64.12283433414737,64.12257717311137,63.865968714218695,63.17787010728424,62.3131995734341,60.89280408175916,58.52136447970892,55.67371075616899,51.1883657293999,49.66057213156599,51.9878076080984,55.59936534094484,58.09700416719211,60.05266762032507,61.24328123805214,61.73741169457465,62.30591959532028,61.95116663699976,61.434001827324025,61.36554425667092,20.253058652647702,58.086949786158456,54.17013075316437,49.49492468536064,49.127586128623655,51.255007841151006,55.50179415708499,58.13784412219952,59.96040785344256,61.3509956101279,62.18522113825924,62.65137289572661,62.739288602713486,62.60312330711392,62.12212382462024,61.60444819853886,60.46609478384056,58.6496293934672,56.61222817895453,53.198656703279816,47.79206749951978,37.59592308645975,46.61708593776292,52.06761131655965,55.03368436197435,56.71654096505517,57.69859361690372,19.030899869919438,13.979400086720377,13.010299956639813,6.989700043360188,17.16003343634799
9.030899869919436,26.60865478003869,16.020599913279625,14.62397997898956,6.989700043360188,20.37426497940624,53.79604615524194,56.18867773005534,58.10506722664976,59.10379444949663,59.64862790895375,60.00114638611591,60.17738078134308,60.12942623196626,59.817760360735065,58.672104886386094,58.39161167081255,57.11533917015309,54.18541578650475,51.623403316284254,48.20181748244902,44.08256929608717,43.59797551034401,47.822217215576224,53.207796031426646,54.73815303931871,56.32677926566877,57.215600201146025,57.44997455283553,57.76904484983418,57.527926440899634,57.314727229588975,18.69231719730976,55.30826986248976,53.38556091009445,52.108052561846506,50.6091304602851,52.93397915672395,54.67406818571323,56.07524719205445,57.66472335432732,58.20601404379666,58.895129143894906,59.48608549876436,59.51213625182862,59.16012059490272,58.35340458794471,57.73239943063252,56.43359885480207,52.75748884479195,51.39479225573261,46.23838290463638,39.37517892017347,47.36826599365048,51.8948189161741,54.45666463252473,55.93740066214235,56.1729082262883,56.94754324967783,15.68201724066995,17.24275869600789,11.139433523068368,15.05149978319906,0.0,11.139433523068368,17.24275869600789,11.139433523068368,12.30448921378274,12.55272505103306,9.542425094393248,53.830124356348136,54.46888064451491,53.940048982962765,54.34967888427813,53.77102172161794,53.68162251472978,52.60462554052271,51.24243308946649,49.82289328266,48.93922582086407,48.27013678162477,48.71409460622682,47.75042180833832,49.41193297297842,50.38481070082327,53.051105057258894,53.56310829218275,53.85042934063506,52.57145577356433,53.2520768948292,53.03129071513786,53.38253244046393,53.4993187650722,53.39101479615,53.62994881111922,54.26348573787508,10.0,54.130615913853546,52.71423367743581,52.14030108084064,52.21388153306344,49.54801906348716,47.572897199304535,46.458641994383456,44.80711021908802,47.07229419327294,48.267031026939975,49.75822268180293,51.24911592354914,52.17299658976496,52.86737076128718,53.86643409096423,53.74280815572503,52.63212217617574,52.9715842652341,52.102007653720186,51.00498057315739,49.23378743036038,47.04442237268508,46.93489516603003,48.379922453142576,49.31055936931362,50.03675902548785,22.87801729930226,20.043213737826427,61.12216442500576,59.694201061645664,41.1965172203987,71.74214328563745,54.037191944157605,42.39999792886872,81.25846599267591,21.70261715394957,19.294189257142925,50.18904286378933,53.75109191894228,56.12512602789285,58.10506722664976,59.41474163202176,60.42100403021885,60.96001909940891,61.13623192699946,61.0866276281578,60.45034918645638,59.6914602539541,58.26578810291706,55.986603082982725,52.9843604083526,46.9369178195477,37.61927838420529,48.28666340025827,53.65377525265342,56.52897777532445,58.502252126814255,59.85049053292422,60.61742665755283,61.119664948209305,61.02867440458607,60.75001013130116,60.08585269244602,19.49390006644913,56.926363279001954,53.86529284846264,50.66743243953238,49.86377556319226,53.199342820429145,56.676667786003215,59.15518550769423,60.88318276900228,62.34825432136602,63.08485016846002,63.61323187223508,63.726193076543694,63.61269318967189,63.291248084268446,62.392058516656846,61.36387268856304,59.630110677640815,57.14547690703996,53.26796542253948,46.59954211052493,44.58743577420048,51.37306627599863,55.54137705701172,58.24454523166615,60.19465248171649,61.35546386196693,16.127838567197355,18.325089127062363,16.532125137753436,21.072099696478684,17.16003343634799,18.129133566428557,19.54242509439325,23.117538610557546,16.127838567197355,14.62397997898956,18.325089127062363,55.94530662789344,58.82018799958574,61.01133681042107,62.405255361549465,63.20188051179733,63.84747917714259,64.14567594253981,64.1300202779688,63.92208757030331,63.10244982550634,62.36257550275643,60.96786655857652,58.619792302841645,55.73876052099341,51.48556385173586,47.70866733239471,51.00042977361967,55.14006872090936,58.56765130413103,60.06252051369365,61.197183184255984,61.812420165045225,61.89919623453381,62.16315041649408,61.4029492877597,61.11672412474064,30.93771781498729,58.13298037950109,55.1766162368314,50.33443861247556,49.27082791598414,52.360230588591904,55.539897674762855,58.16693261433826,60.10439892275444,61.22921320354776,61.94850547120793,62.7116525290425,62.72781173763295,62.5754058647092,62.2305181462839,61.50597118176484,60.628112913289854,58.46609234225856,56.86283149774842,53.638544402857605,47.6858630835746,31.274287778515987,47.73523156411806,52.62197083718354,55.25683463124718,56.30104322105709,57.47763607043044,19.49390006644913,12.041199826559248,20.863598306747484,14.62397997898956,14.14973347970818
17.16003343634799,26.60865478003869,9.030899869919436,6.989700043360188,12.30448921378274,3.0102999566398125,53.85180706777673,56.206200703728165,57.99332966467856,59.07859398891092,59.67264281795583,59.951831176517125,60.16293155504184,59.93082036896567,59.75885627345939,58.62772802200344,58.12783048751123,56.754346182830496,53.9933099541825,51.08301119816296,47.44801318683773,41.89209489582306,43.39650157613684,48.27401585429265,53.21875859529754,54.97080380188191,56.50198692982684,57.51502354038781,57.83114990700773,58.23474229170301,57.92951708250132,57.73552418580864,0.0,55.900500691470285,54.291076252116,52.944596124896826,51.320065976271245,52.92278228672973,54.27883543586693,55.52823901631537,57.118249377755205,57.634467127492464,58.41600330705893,58.940866680359946,58.93498221219906,58.50685436300732,57.710830831545294,57.00226769570047,55.54799173143028,51.71650408904814,49.79047326947965,43.612177125816814,40.85682943194615,48.93789493898054,52.97937693354251,55.28434597195507,56.57293979909714,56.96255886430467,57.47234635541353,18.129133566428557,12.041199826559248,11.139433523068368,10.0,6.989700043360188,13.979400086720377,18.69231719730976,11.139433523068368,14.62397997898956,14.14973347970818,47.41467697685545,52.71139665599768,53.51148632680683,52.95879239998644,53.35618349377605,53.035804863192666,52.93252033147824,52.15862185987261,50.88819785643924,49.79966989370279,48.68085784571733,49.609699529878455,50.21292690210029,49.19961479683546,50.56237658980227,51.54296131117074,53.95305420596037,54.25340179245783,54.64265934034075,53.27410024849527,53.62529596161941,53.18605864055056,53.088972095534,53.38227332855426,53.29237150493351,53.22138632554132,53.59228183542235,6.020599913279624,53.38251250932742,51.79810222878796,50.77585906367244,51.29045059887958,47.700268047235824,45.83448166541629,45.45183368215406,44.4870631990508,47.34479789425578,48.91520732274182,51.08406023909055,51.94694682333999,52.89883138669491,53.6611650807837,54.52634246496125,54.65460184676003,53.45061867720779,53.947825291966936,53.15393000601701,51.97349488287165,49.999739415493245,47.708078438557536,47.17112717176352,47.89756932285287,48.67991624758494,49.15953563718112,27.30782275666389,22.30448921378274,61.12216442500576,59.694201061645664,41.1965172203987,71.74214328563745,54.037191944157605,42.39999792886872,81.25846599267591,12.30448921378274,14.62397997898956,49.78750981332984,53.52390929447956,56.073316875169965,58.0350354716748,59.43193670219719,60.44823448588215,61.05214423212815,61.31603588872815,61.14779732555738,60.60125327384967,59.96501164902512,58.56296797123473,56.46170340529891,53.40701838731677,48.95698726959306,45.05760275920085,49.474386236029765,53.71041988638272,56.558843576086986,58.34427062265759,59.68492288119788,60.4065968851317,60.911451391969074,60.88224711184667,60.40434602023826,59.722889479373904,11.139433523068368,56.05341684824821,52.648272640913056,47.35359333001711,47.14949737697636,52.37805040456301,56.480055992249454,59.26557482353945,61.01139874312462,62.41258764827741,63.29043993717302,63.79362815455568,63.89326655003956,63.79183100175151,63.37890745572312,62.68814242422131,61.64048445524831,59.99253240429788,57.69041873946512,54.29243421553872,49.17074677453965,46.92406234833631,51.49711649687932,55.53020861135004,58.18508950792629,60.05112273128489,61.10848863002503,22.09515014542631,18.325089127062363,13.010299956639813,14.62397997898956,18.06179973983887,19.294189257142925,6.989700043360188,11.139433523068368,12.55272505103306,6.020599913279624,21.70261715394957,55.78586495565372,58.71225477751242,60.83748005707624,62.28988516549481,63.24267841351241,63.729951734404,64.08419413999363,64.14147403559303,63.79903688535767,63.13734170952981,62.46305764428157,60.94327504708896,58.67379087855645,55.92022338813483,52.48358317274963,49.72360230030325,51.99988164184678,55.208502028112186,58.32215025848477,60.07977236460832,61.15232960682033,62.146499611399896,61.98888465784755,61.97945415674106,61.33202199655256,60.77017784621543,37.88521887222473,56.921804311935546,53.89777211717643,50.0564802854602,46.97734853261521,52.15439270539796,55.51856044226548,57.9719342045573,60.09798362326421,61.19543563575864,62.0534784153913,62.61543582154468,62.71533543032085,62.61486502608448,62.09403477687612,61.66026123906562,60.603612261237096,58.47353605979782,56.78522931369314,53.7253090802583,48.120639819955855,33.93399695293102,47.90911166601595,52.80332473702885,55.327760294973785,56.40800332513259,57.4510603466555,18.325089127062363,9.030899869919436,14.14973347970818,11.139433523068368,16.020599913279625
16.127838567197355,26.60865478003869,10.0,3.0102999566398125,13.010299956639813,9.542425094393248,54.246366646501976,56.3020914708864,57.9920334587521,58.89965805142492,59.65325901837935,59.9627913978246,60.13417863370383,59.94592074804476,59.56311570330386,59.02959679100212,57.90721351040442,56.450802014592085,54.89543663673298,52.56895659650269,48.98094118959344,41.44792078497715,43.53531559077762,49.18166688041594,52.59835086602176,54.4544851426605,56.17642915075142,57.150736271527336,57.81190065140386,58.16917079859248,57.95925876420047,57.248008027248005,10.0,55.1295107997249,54.493765633205065,53.02003893983571,50.77400612423545,52.80855975162122,54.27799220543406,55.364940511162985,57.177911236062606,58.08996450011426,58.7902301288665,59.24114326237495,59.32940785930764,59.12075317819945,58.349754576846536,57.137743797897,55.31185030184496,53.2341712135042,48.91871830445584,43.85767093626776,42.82871245335205,49.00061102735481,51.61622514064392,54.1929472175346,55.72505665288831,57.01740632437213,57.45875466974444,16.020599913279625,12.041199826559248,15.68201724066995,14.14973347970818,9.030899869919436,15.68201724066995,18.129133566428557,3.0102999566398125,15.68201724066995,11.139433523068368,20.170333392987803,53.00634607756653,53.55422783325649,53.94544483843751,53.91545514887643,53.76286722187332,53.20796202313535,52.38998998615435,51.2165503058072,50.423746589430365,47.68882184567977,49.50700669792183,49.726147134680296,48.74365835730049,50.488960601246944,51.80401166165973,53.13972618860607,53.34686920767936,53.7580439398349,53.67573945493909,53.91614264306006,53.67432335220495,53.54023878007538,53.61926055647423,53.40144566505568,53.38434579109964,54.10625414598125,12.55272505103306,53.81990010956745,52.44153372551425,51.57145366807009,51.58401697466317,48.72191248076707,47.433215819500525,46.92644259969988,45.69198283347813,46.27007210742902,47.97031974365379,50.163730440614486,51.66444915720618,52.53047085711408,53.11474127709442,54.37999339121788,54.25850370898493,53.24235112560559,53.39383857043983,52.54850068972824,51.222158782728265,49.00066569375486,48.373990243420224,48.43220316097639,48.63893611903713,48.62947896210556,49.42826237142525,9.542425094393248,17.24275869600789,61.12216442500576,59.694201061645664,41.1965172203987,71.74214328563745,54.037191944157605,42.39999792886872,81.25846599267591,10.0,16.127838567197355,50.1573687447745,53.62604979786319,56.48360010980932,58.18171108331836,59.65495679566822,60.49737701710296,61.08476396969003,61.25265854274304,61.20449218143048,60.627417601628,59.86801283194804,58.51945946775828,56.148381817030725,53.17354941045566,48.13614343238298,41.71316824656572,48.31204071017892,53.31680308168973,56.335542960048514,58.34906866721046,59.69015449923722,60.56705182366477,61.01549466237807,60.90128203814526,60.58797900679839,59.7808551890125,18.325089127062363,56.49282272788663,53.14339206345329,48.81144901138885,48.6363805540643,53.08028417510631,56.815397122429125,59.37989542405488,61.1214164103069,62.42946713157342,63.23049863736624,63.69261140456787,63.87457101174608,63.7724868137336,63.34052245340551,62.71721984898977,61.46647017579217,59.91010204282566,57.38483266186232,54.08850262912029,48.44632475043565,45.28209432477408,51.44290811955439,55.77194125699613,58.273447140405246,60.02035537732976,61.18866301603362,18.325089127062363,19.294189257142925,13.979400086720377,14.62397997898956,20.170333392987803,23.838153659804316,15.563025007672874,21.84691430817599,15.68201724066995,14.14973347970818,10.0,56.28627981679231,58.92166979072933,60.9096659884002,62.1792301763528,63.20800974457741,63.86687624182548,64.1122226253995,64.10029434773682,63.86695111775619,63.23886469948654,62.203709397777885,60.87781417809542,58.870346625491536,56.12700167524858,52.42553850731757,48.52394590257785,51.390474664585646,55.654428391298254,58.23837293625343,59.89535689130507,61.25668931452196,61.86428818993352,62.15839728959311,62.3381845905905,61.7768941392028,60.71170728007674,32.889196056617266,58.009540889084015,55.10879984756117,52.22955657319925,48.1308036086791,51.41427822944146,55.289167002776544,57.74957605755918,59.85453869251411,61.31652341714385,62.16883676767494,62.50549783288867,62.78626036788068,62.77659630789744,62.33448201593851,61.50131404244082,60.42934847751187,58.92150277901364,56.31022461430349,53.00003849357216,46.8678815640688,35.37189226243645,47.15802853757312,52.31923018070007,55.02265936779207,56.61345023211802,57.597765935171175,9.542425094393248,6.989700043360188,12.30448921378274,11.139433523068368,10.0
15.05149978319906,26.60865478003869,16.901960800285135,20.5307844348342,0.0,13.979400086720377,12.55272505103306,3.0102999566398125,11.139433523068368,22.04119982655925,6.989700043360188,14.14973347970818,6.989700043360188,15.314789170422552,17.853298350107668,6.989700043360188,18.129133566428557,19.138138523837167,16.989700043360187,13.010299956639813,13.010299956639813,15.314789170422552,11.139433523068368,12.30448921378274,13.979400086720377,17.24275869600789,15.314789170422552,13.010299956639813,16.020599913279625,19.54242509439325,6.989700043360188,12.30448921378274,11.139433523068368,13.979400086720377,6.989700043360188,18.129133566428557,16.532125137753436,13.979400086720377,14.62397997898956,13.010299956639813,19.86771734266245,19.294189257142925,15.563025007672874,17.24275869600789,10.0,9.030899869919436,11.139433523068368,0.0,6.020599913279624,13.010299956639813,6.989700043360188,16.989700043360187,12.30448921378274,11.139433523068368,19.912260756924947,16.127838567197355,10.0,16.127838567197355,16.020599913279625,14.14973347970818,18.69231719730976,16.127838567197355,20.96910013008056,9.542425094393248,11.139433523068368,18.573324964312683,12.30448921378274,10.0,17.634279935629372,18.06179973983887,36.85024785105714,36.338722626583326,35.224442335063195,33.04705898212765,30.15778756389041,25.31478917042255,23.05351369446624,27.965743332104296,31.3640344813399,32.304489213782745,37.38780558484369,37.06717782336759,38.9768206179642,38.82638361696039,39.024380561986646,39.17452991929664,38.06790271584067,38.68115205327217,37.38780558484369,35.238764756381315,35.10813010512496,29.89894563718773,23.654879848909,26.53212513775344,29.46452265013073,28.325089127062363,21.13943352306837,35.31478917042255,36.364878963533656,36.95569227036186,35.573868820595074,38.33338388939397,37.017406324372125,35.56784782307025,35.165353738958,32.27886704613673,28.89861721258189,24.23245873936808,19.86771734266245,26.28388930050312,30.762762554042176,31.66133970305109,33.098430047160704,35.30711837981657,36.110857334148726,36.76236216763312,35.08664363052943,36.997510316895145,34.948500216800944,35.269850685599955,32.55272505103306,34.099331233312945,14.14973347970818,20.0,13.010299956639813,61.12216442500576,59.694201061645664,41.1965172203987,71.74214328563745,54.037191944157605,42.39999792886872,81.25846599267591,52.76967038147092,55.71723967813731,58.03593664771345,60.22256764156916,61.99370338135658,63.529238530216304,64.54783902119169,65.2033572956091,65.57570717340224,65.56827438438152,65.24871702950877,64.49113067937341,63.32474817931683,61.38746241592358,58.42370187068421,53.28601791186755,44.21686171824514,52.00637127236335,57.95476804945366,61.226253969093975,63.3568271275309,64.70077806333943,65.61344830523572,66.05912095130068,66.04215789785145,65.71131173799857,64.89834357473387,63.64824055396638,24.653828514484186,59.00113579639239,55.02597799680834,52.43181962438763,56.45422269349092,60.45364058754167,63.25358829290182,65.0183741770141,66.52280870394554,67.45000814621005,68.03604928157117,68.3338995555874,68.2933619894178,67.97736422639872,67.3421718039077,66.4069008670665,64.97704738727305,62.94734656223466,59.88652583173063,54.64158558692037,46.87181029584924,53.69484888167237,59.1141171655478,62.28113814642146,64.36495001693088,65.6734696661944,66.44049224095181,66.5250403620363,66.2428127057221,22.50420002308894,20.37426497940624,13.010299956639813,12.041199826559248,15.314789170422552,15.68201724066995,14.14973347970818,6.989700043360188,13.010299956639813,47.41467697685545,12.30448921378274,20.0,16.020599913279625,13.010299956639813,18.325089127062363,14.14973347970818,21.367205671564065,21.613680022349747,6.989700043360188,10.0,3.0102999566398125,19.030899869919438,9.030899869919436,12.041199826559248,6.989700043360188,26.48360010980932,30.37426497940624,17.16003343634799,29.329808219231985,31.88647295999717,28.457180179666587,22.04119982655925,31.007150865730814,23.180633349627616,30.881360887005517,26.60865478003869,32.73464272621346,36.29817196018516,34.51018452155458,27.671558660821805,29.82723387668545,25.670263661590603,31.900514177592058,17.853298350107668,21.70261715394957,11.139433523068368,20.644579892269185,22.380461031287957,20.253058652647702,12.30448921378274,10.0,22.55272505103306,13.979400086720377,22.576785748691847,22.14843848047698,18.129133566428557,12.041199826559248,6.020599913279624,13.010299956639813,12.30448921378274,6.989700043360188,19.138138523837167,18.129133566428557,19.49390006644913,19.54242509439325,21.613680022349747,19.49390006644913
16.532125137753436,26.60865478003869,16.127838567197355,6.989700043360188,9.542425094393248,16.901960800285135,53.98384498681442,56.006996069241055,58.07854881112437,58.8933868601001,59.73327398405874,59.96992107265957,60.16023684679419,59.93089097124579,59.61049767843398,58.64556762638169,58.13997737935075,56.57713492576445,53.678253762566506,51.03126103562384,46.54609657359271,42.22456336679247,44.327288399232216,49.097806062427686,53.63062654320038,55.1872577127348,56.64514112472457,57.57706453563646,57.89267568859015,57.94555660279666,57.74144553687519,57.31712026089741,21.84691430817599,55.23915470698113,53.67767653177464,52.39512193774311,51.10946425894159,53.38251250932742,54.85834952683221,56.21376759024894,57.64613196851607,58.08670689932234,58.96200925970138,59.17371577061427,59.01691480927581,58.42640437806179,57.40905612906624,56.82889330075712,54.973167444728574,50.78329918823649,48.30781075606361,40.97083696066521,43.49957098719464,50.40396614591807,53.89274201368468,55.90451708175539,56.95891261147024,57.10186778955139,57.544033836353385,11.139433523068368,17.16003343634799,11.139433523068368,17.853298350107668,16.532125137753436,11.139433523068368,6.020599913279624,12.30448921378274,16.901960800285135,15.314789170422552,19.030899869919438,53.474334529194365,54.04180073433905,53.49411584266746,53.5617314796287,53.09225488984801,52.63742558265306,51.35635060501115,49.88028026281555,48.78665387660526,47.90601794962826,49.73058545758729,50.64255770585972,49.29418925714293,50.85682943194615,51.76704628577672,54.20887737803304,54.23653755267815,54.59874769298969,53.32620219565641,53.75378257331701,53.18691354889846,53.34264711489784,53.707165885395455,53.32922983374456,53.366398186416895,53.75087220007504,14.14973347970818,53.26083815062741,51.45239926644662,50.1263478787029,50.47418959135573,46.50385242259184,44.64936429121733,45.522544052358136,45.94226757480914,48.35766645614345,50.30599721965952,51.67346877585636,52.59546099087022,53.13498124083558,53.44392273685111,54.55106881479762,54.26787690457996,52.70655548952985,53.056630036500806,52.010965650394674,50.98591815007755,48.83661435153617,47.66360788146932,48.2706541915429,49.27780849347374,49.80371569940896,50.17575868391074,15.563025007672874,21.5836249209525,61.12216442500576,59.694201061645664,41.1965172203987,71.74214328563745,54.037191944157605,42.39999792886872,81.25846599267591,9.030899869919436,10.0,45.500815244690656,50.6082622148416,54.1899362122406,56.62455608647872,58.59037971490928,59.85554004097981,60.83159922342114,61.29551978584071,61.450726596356446,61.30777808585432,60.89286772806859,60.01803782560565,58.3311968863477,56.38314505630271,53.10244982550634,48.37367447326565,44.05687786672778,49.47678739936936,53.708404911831565,56.7875139699344,58.57778625427297,59.78510108576113,60.73748401751543,60.9269433363982,60.90600132347002,60.41637794952615,12.55272505103306,57.98297680938275,55.782781027277785,52.22417303066394,47.73025397638804,48.47973456264566,53.82515924274455,57.38844746903105,59.71012222516799,61.52846146174814,62.6842561449979,63.43764943264213,63.77075926486349,63.80950721971192,63.54635613904858,63.286405095296566,62.26932264576618,61.187701715766906,59.11665675776801,56.51682068834268,52.36257550275643,47.12456077597646,47.76817367638623,53.17938039636056,56.73821446783154,59.07487140699857,60.47258118484785,17.853298350107668,15.68201724066995,16.020599913279625,19.54242509439325,25.01059262217752,9.542425094393248,16.020599913279625,20.827853703164504,20.37426497940624,10.0,15.314789170422552,54.20010238295232,57.4664198192307,60.17728072088705,61.684562324273145,62.99817709385608,63.5747611937158,64.05720037599852,64.16450274649111,63.96852042264072,63.55798127702218,62.87388954072827,61.64191006315981,59.51307398894792,57.209337247792085,53.80692318215039,50.10507723629342,50.60066710870536,53.71490862317323,57.468520698256775,59.565261916935725,60.78048069934094,61.80896250652036,61.84360332503388,61.95577823333326,61.491729086570494,60.88646306471225,32.40798771117331,57.811591566242456,55.25983682498495,53.35293379242173,48.39829865628981,50.56680026710762,54.88049861110849,57.660148093740816,59.70625776688294,60.88442645563083,61.99174907934865,62.6655271126321,62.72682672609592,62.63948837301879,62.16844402640521,61.9006403426522,60.68054068638866,58.910432293084334,57.07096451683687,54.04123560684874,48.75871190727366,34.8315920971698,47.180031682670176,52.55393125707304,55.165102541582165,56.39486489268586,57.47493376112545,6.989700043360188,13.010299956639813,16.901960800285135,11.139433523068368,13.979400086720377
14.62397997898956,26.60865478003869,19.138138523837167,19.86771734266245,19.030899869919438,21.13943352306837,53.879305777540594,56.17366295044071,58.03859129917132,59.02949361388429,59.6170625832999,59.84194601867405,60.18854388024916,60.13316370803672,59.80325675819296,58.55176188095478,58.38272796296736,56.94298013413429,53.85436454492493,51.09946208627703,47.2366086669145,44.51003078627362,43.69809358673543,47.99354336361152,53.20499396405866,54.88308120669045,56.38773701548689,57.34727041172975,57.65731869236135,57.940039882805166,57.77822509836472,57.67341422368662,17.853298350107668,55.72561447020499,53.44832240635192,52.27693927597013,51.30851396278912,52.814083811499245,54.36698423526565,55.92243395937578,57.28941913516242,57.99534215392269,58.774012961805965,59.1111764115108,59.18063904143214,58.795574664249145,57.95569298804419,57.6184442783761,56.04839249996856,52.10706348455223,50.53374277879662,45.20771656710284,38.20661134643596,47.76555910703262,52.69517614025949,54.99638977717397,56.28832195069134,56.50300722046529,57.29917670065806,9.542425094393248,12.30448921378274,13.010299956639813,12.30448921378274,12.041199826559248,16.989700043360187,17.16003343634799,15.314789170422552,9.542425094393248,20.0,15.563025007672874,53.33362624167495,53.9379273470366,53.587588433682726,53.77956113310477,53.486260831921925,53.144150134136666,52.2753964434891,50.76115915765855,49.27267680810882,48.96966901933155,48.09748204663544,49.17705018620627,49.01768809948173,50.17388146545963,51.312913768239085,53.6014828926583,53.85443606109892,54.29287061362138,53.03336478206032,53.290661836364855,53.26434180624731,53.1120269895076,53.56746532127147,53.58553466319947,53.695572197325816,53.7597802076158,18.69231719730976,53.66953126534085,52.62987100638281,51.91185437940112,51.77931657935193,49.14258511700491,46.7655644233987,45.35914097995172,44.13969971748061,46.87279192372905,48.68573911237082,50.48228099848808,51.70862855706599,52.81910165702457,53.36207489619753,54.21317592954531,54.24889799984455,53.1055312622015,53.470176013249485,52.72363839258539,51.4680376825898,50.06059369384634,47.35167584450715,46.892111540786544,47.621456823911466,49.46555422264336,49.797304306622856,21.84691430817599,24.16640507338281,61.12216442500576,59.694201061645664,41.1965172203987,71.74214328563745,54.037191944157605,42.39999792886872,81.25846599267591,16.127838567197355,14.62397997898956,50.32332628503514,53.82580718826259,56.18027166353193,58.18994139358949,59.44342490855084,60.45852416959342,61.098905734007246,61.29793298677498,61.13601795753928,60.58948837088502,59.85523921166724,58.45299629943956,56.39236399121147,53.38705444303256,48.416659966883415,42.10853365314893,48.64659380353636,53.35293379242173,56.30423806673585,58.33326277226176,59.63943578955934,60.511309036951,60.89617251830862,60.96056219946098,60.59148614415004,59.86524519016871,20.681858617461614,56.39348010925144,53.28448921908232,49.11525138080805,48.91832833551477,52.98689366733117,56.60258179206216,59.24036219951931,61.02154377555742,62.48003935793118,63.204105227347526,63.74661111859973,63.85134369924482,63.78096152278532,63.38269188626322,62.60954588798534,61.47727323801335,59.845759156024165,57.31573455834984,53.630268864448205,47.775138175784456,45.71126277084311,51.44826305416504,55.53992193099424,58.20475353128805,60.10376290757853,61.24141835566543,11.139433523068368,16.989700043360187,21.73186268412274,11.139433523068368,22.30448921378274,21.13943352306837,18.129133566428557,18.69231719730976,15.05149978319906,19.54242509439325,23.673559210260187,55.86030015223104,58.71645895559809,61.0555957231456,62.39627016377974,63.246760235217366,63.75991359737273,64.13312172317761,64.1689684845139,63.91350489373056,63.1096696967028,62.46706568873613,61.00217825843925,58.65542787271945,55.65772282629862,52.04261105431335,49.65380463691727,51.73821214752999,55.27088306091094,58.45205359532276,60.0294061870126,61.2895632052347,61.958094647008224,62.15674568083375,61.87458110235862,61.35248765879297,60.765275779667945,24.23245873936808,57.439211304983424,53.72271130008144,49.04228516340078,46.99820388416121,51.41700556997391,55.70268500491382,58.03179788819812,60.03229536321154,61.349496682716975,61.99799043167548,62.61331874487941,62.66410459355708,62.62246234790681,62.24489812284119,61.64277888897082,60.55930405967399,58.33450565598276,56.75155773392139,53.6595572266568,48.53241780329114,34.66719371681599,48.0033896758527,52.78369423328418,55.26263010650656,56.39678691765913,57.55500591662621,19.030899869919438,17.634279935629372,10.0,11.139433523068368,10.0
15.05149978319906,26.60865478003869,16.989700043360187,13.979400086720377,17.24275869600789,19.138138523837167,54.9342040586123,56.69450775138876,57.82834385521568,58.87633614200277,59.53369182577812,60.010592543010574,60.09811949500315,59.75038697543848,59.31223878552355,58.96643042422647,57.284803989624166,55.8249289732411,54.87647347517618,52.181808879554666,48.05799799961821,43.68640128576486,47.09693869727792,51.13786309757823,52.64895705796902,55.05543379461151,56.21562611202423,57.328864848706274,57.90060567978322,57.991288654820366,57.89572251799904,57.152158890094846,11.139433523068368,55.011825459901935,53.87982127432,52.122355606559566,52.162187008371376,51.98613105539437,53.91460885276008,55.735213963525496,57.02516697438151,58.42334598806851,58.92444124741034,59.17772725866587,59.15410916704087,58.83762474925628,58.14335511482484,56.00115433833298,53.73634612199135,52.56922100056084,43.7935991448763,35.487578285737044,46.143592854836726,50.11155826472661,52.490735562578266,54.63486860665847,56.16438752219388,57.6400267896221,57.88281527598792,17.16003343634799,6.020599913279624,6.989700043360188,9.542425094393248,12.30448921378274,12.30448921378274,19.49390006644913,15.563025007672874,17.16003343634799,15.314789170422552,16.127838567197355,52.13817807916978,52.954021466851,54.17999501007511,53.9641556842564,53.51030593949744,52.44212776112207,51.64867160351592,50.32924834609421,49.20175522010023,48.45253117495606,48.04793449373405,48.84370487526471,52.24740190060544,53.13403162886471,53.797803526659045,52.55831902012697,53.00110490114512,53.02157695941016,54.41817631815987,53.92740907966641,53.74634718244313,53.78515998451605,53.458205396533145,53.622750797831166,53.45067753998588,53.16006010689005,19.54242509439325,52.371917365751386,52.44794007085693,51.44041520079151,49.04217687268979,48.89368942897935,47.69214804537868,45.5985876625796,47.09651497467463,48.15006281903948,50.246703472520046,51.85046101708608,53.08976104534729,53.95291438384484,54.35286812240128,53.60042149746207,53.126363823025486,53.84175931926709,51.54804232732587,50.32078578473196,48.79531676370788,48.29753918924976,49.01027627804154,49.481389999809046,49.87996774847517,49.92084951671872,49.892228216884256,22.30448921378274,26.24282095835668,61.12216442500576,59.694201061645664,41.1965172203987,71.74214328563745,54.037191944157605,42.39999792886872,81.25846599267591,16.020599913279625,16.989700043360187,44.84242878958233,50.4847676323753,54.305668268595525,56.76236216763312,58.65507864315924,59.837674211708,60.68272340840011,61.1915357381524,61.36737368004816,61.35013005061951,60.71423916358542,59.76449025372322,58.65370512911088,56.54150541208285,53.47763117827486,48.07000286780912,43.65487984890899,49.462409617765374,53.91437961917848,56.80340046736226,58.68104025674917,59.96312866885002,60.60746931737757,61.06439771563696,60.94508861358064,60.39246714978952,24.84299839346786,57.88893475804443,55.93073299245204,52.522436208468434,47.14949737697636,49.58301029253673,54.2800513453181,57.43509764728429,59.85812990296415,61.37809691613819,62.490735562578266,63.26817824157338,63.87259518446997,63.97450021907759,63.74792506199525,63.17983985453151,62.32387417781728,61.1607883120903,59.117210266273815,56.645000076212106,52.40918491174666,46.466879343360944,48.27479125322984,53.65272656236418,57.02190919033121,58.88032269543498,60.32690465893582,11.139433523068368,11.139433523068368,17.24275869600789,18.63322860120456,12.041199826559248,17.24275869600789,6.020599913279624,21.84691430817599,13.979400086720377,17.634279935629372,17.853298350107668,54.84785123585394,57.8832961016684,59.86831277778141,61.55537952639099,62.75317114377381,63.54263104991925,64.08644552825857,64.15105119649635,63.99044317233927,63.58438374683766,62.72820104529722,61.44084844815541,59.95156329396814,57.50614062890519,54.04782418966643,50.02550490655285,51.38141584513705,54.85274128366071,57.30208757588545,59.49160111312212,60.8181735896941,61.42437335999062,62.27864603858771,61.97700035605291,61.73779593040529,60.93311346338929,32.29425847920695,58.34315137581478,55.3923924237364,51.79747064881858,49.21982838837776,49.49838708393327,54.38145052672369,57.43325503256406,59.32798349506839,61.06493471624369,62.00107350339724,62.58844564573816,62.76925952432321,62.79033287950608,62.39217869153438,61.50331759306997,60.46270740386338,59.20017349683886,56.4040291897128,53.03632293404996,46.76748464410772,38.58897957232004,45.22731060048578,51.169595526406994,54.38075369682566,56.81762982006568,57.855035180692326,12.30448921378274,18.325089127062363,20.96910013008056,12.041199826559248,12.30448921378274
19.294189257142925,26.60865478003869,6.020599913279624,9.030899869919436,18.69231719730976,3.0102999566398125,54.69929472165247,56.655444074365626,58.013028431882255,59.06225107204457,59.7654300682538,60.00099442050676,60.11219313939612,59.70956506354781,59.38553746913872,58.84659448712559,57.17192682710725,55.69534252906639,54.63068390308016,51.76661258257647,48.11695626474592,41.95788990035873,47.182109547318696,51.25975462026076,53.40689947148752,55.17227577850921,56.50426039234037,57.41829703571938,57.88776947066528,58.09783200949137,57.87421506707428,56.59323749188812,12.30448921378274,54.00657123425008,53.711122134860354,52.02654483281233,51.53464239579226,53.22488060518077,55.012510218558575,56.46452740892937,57.94610719266126,58.74765263235855,59.29073907791644,59.30160680009714,59.378347211244346,58.86401036921724,57.965743332104296,55.581863835219416,53.071921394120295,51.286738473085904,43.059529449605066,42.52027329652786,48.52339679215697,52.06615421510249,53.53292891312974,55.33693273421916,56.52568315302604,57.75156622602404,57.66967259666536,15.68201724066995,19.294189257142925,9.542425094393248,12.30448921378274,0.0,16.532125137753436,18.63322860120456,10.0,16.020599913279625,10.0,18.06179973983887,53.42045470481998,53.83042999305744,54.31045164704842,53.95740392027616,53.13557200573008,52.2753964434891,51.297704289602,49.95564999917924,48.94830928121998,46.99638303379863,49.02666343312217,50.12706495041576,51.56115852189853,52.73614641585728,53.46949230796109,53.20096412110743,53.46644362611959,53.42795619092466,54.15849404568726,53.99398523460417,53.82990859983765,53.71175036620767,53.6969813894988,53.3686781889992,53.32656562369088,53.67976164873463,0.0,52.772928318685175,51.43570591354249,50.296799710249374,48.69613027172129,47.71006563530642,46.50899780484342,46.72070136126592,47.9945772421948,49.92752284666042,51.3640344813399,52.5935731747472,53.01029995663981,53.42708826079584,53.53140768421906,53.69846425586201,52.98787599944235,52.278789951757446,50.87781417809542,49.6507464071812,47.87276232237037,47.920062572811815,50.04084812371414,50.4241798814325,51.10973335938744,50.9413907916344,51.34623289662437,28.94869656745253,25.76341350205793,61.12216442500576,59.694201061645664,41.1965172203987,71.74214328563745,54.037191944157605,42.39999792886872,81.25846599267591,14.14973347970818,15.563025007672874,41.505722476689975,46.14485917334474,51.6015627911373,54.83400417433207,57.30111750090742,58.90569112001005,60.14433587154882,60.94570693999506,61.47546480147848,61.692102137921495,61.44980604210171,60.858871893371294,59.85151528514081,58.38585286881574,56.152196548302975,52.78252730703507,46.93278356623039,42.2533513181854,49.87313145438823,54.46866335681293,57.07928534044814,58.95751733603929,60.19808116732776,60.83804227909028,61.08550141112411,60.98987564741053,21.13943352306837,59.478771032755176,57.79741472355952,55.31949998703928,51.82648571998779,48.12913356642856,50.81437326351849,55.246920426143554,58.12948766903135,60.19430780306169,61.70820363361117,62.76742051969621,63.51509516045877,63.82717475586733,63.82810661443319,63.55405540332371,62.87964000383836,61.93115689658333,60.40330920149291,58.35604338041904,55.22414236154796,50.26753828467797,44.82544881186436,50.370199036589895,55.02265936779207,57.68555229658296,59.56899006127202,6.020599913279624,11.139433523068368,23.010299956639813,20.681858617461614,0.0,16.020599913279625,11.139433523068368,20.043213737826427,14.14973347970818,23.443922736851107,12.041199826559248,52.58167780309634,56.23895081568052,59.01285004953964,60.89610185392284,62.29726114041853,63.30310260927468,63.93457620766641,64.16142363868951,64.15308794394507,63.88546107678295,63.00710454546885,61.99736807085739,60.52906997842869,58.4306139423954,55.43941460083804,50.808608849622765,49.74442605405437,52.83319323929981,56.10801711505651,58.66805229167137,60.33226267452133,61.25103737163303,62.07367731595219,62.09678514400429,61.94931785409197,61.24157498600215,33.21598430465344,58.059037019816245,56.33017767533666,54.25821047040522,48.45048403522757,48.105550937578,53.39749481680876,56.79547810749446,59.31544314148575,60.86882449369399,61.90894515202342,62.36730937819071,62.727700500461566,62.79239053624762,62.41642343510883,61.66099900847784,60.4290809479658,59.32646737724329,56.70795796672212,53.487019732510326,47.676752240279605,36.47578554212456,45.39640565669429,51.36111493979637,54.40255575374507,56.585779959512905,57.57427916378005,14.62397997898956,9.542425094393248,22.380461031287957,6.020599913279624,10.0
20.0,26.60865478003869,12.041199826559248,17.634279935629372,19.138138523837167,6.020599913279624,54.47140969438141,56.60281917760787,57.95004292212951,59.01517167853338,59.709959727078974,60.0134293155267,60.17292585823035,59.86618584881817,59.464522650130725,58.93996871919416,57.62555533703307,56.248150946364674,54.73755492696951,52.42802224809559,48.74829577879722,40.60395617319909,45.74841195063384,50.150955770808274,52.69405524772128,54.75457619804655,56.37294553348749,57.2329883796222,57.6235816276407,57.98679643472754,57.79691708180622,56.75419029708341,15.68201724066995,54.29590802223301,53.787648065259575,52.31413515926957,50.91979818229391,53.28986783283297,54.78072764175636,56.18261528774794,57.645922875464734,58.619147746235456,59.202094458639024,59.42304264904028,59.56566511389265,59.06525744652064,58.39625091810576,56.55100960883182,54.71557195104096,52.50090496693734,46.88277407021306,41.222158782728265,45.18461294931839,50.28579385471854,52.42784843246944,54.608452433538666,56.12923655854768,57.15743524423669,57.467493728817125,21.84691430817599,15.68201724066995,17.853298350107668,16.020599913279625,19.030899869919438,13.010299956639813,13.979400086720377,18.129133566428557,17.634279935629372,22.27886704613673,0.0,53.498833681354434,54.0146947094309,54.3407365378505,54.41440610054264,53.810807691875226,53.01951892269426,52.06299548384135,50.92317033402498,49.70988079724188,46.64764162441131,49.06862771404509,49.66057213156599,49.870223886305695,51.53781338564213,52.47138226100887,52.950522383955374,53.08611361778343,53.54557874253275,53.957980061633926,53.96582891683383,53.78588657879494,53.69150893975292,53.60678598112311,53.581348049987454,53.58254735621568,54.0831629942989,10.0,53.55261822091913,52.13955814830055,51.42264291170022,50.45330803841962,48.35062451008234,47.14170433319562,46.35534009471285,46.99152369724367,47.65109497206719,49.98368334404169,51.42342529740898,52.2809737627448,52.94624924079968,53.22477726447527,53.95446965140608,53.70624100841536,52.51862000836567,52.21205517674004,50.74033420211756,49.30979578356865,47.68230990620765,49.009621686093695,49.45670421145881,50.23783168301277,49.92310456984715,50.73472730436164,27.63427993562937,30.44539760392411,61.12216442500576,59.694201061645664,41.1965172203987,71.74214328563745,54.037191944157605,42.39999792886872,81.25846599267591,6.989700043360188,13.010299956639813,46.17105230502378,50.9377178149873,54.552058600773854,56.91160206392236,58.69631204242535,59.8114785397113,60.77132704761957,61.26499281066703,61.44538092731772,61.29485261656788,60.75506814668906,59.877636575,58.25652618893643,56.01194884241647,52.69667021376841,46.97246783954953,39.73958686106704,48.88179493918325,53.976498030186434,56.88733859976254,58.71969690077724,60.01119470002405,60.75414463118085,61.05389246724033,61.07077625385068,60.62190755023912,18.69231719730976,58.35047212560802,56.07481830688638,52.92016700278562,49.42409899659516,50.02304322566113,54.24170836853808,57.49080515124181,59.79047326947965,61.39093183907466,62.51264590850703,63.27567345722923,63.714402717782825,63.79185820940637,63.56567335342469,63.19807445825769,62.28771865486239,60.919285104755474,59.093420383613086,56.31232658710634,52.05152917040966,45.317981338753725,47.23233952857966,53.517847152526,56.94290989489541,59.0368076834604,60.60498774571173,17.16003343634799,15.314789170422552,23.54108439147401,20.253058652647702,18.325089127062363,17.16003343634799,6.989700043360188,24.29752280002408,12.55272505103306,18.63322860120456,21.5836249209525,54.72469749592912,57.938050471187374,59.99826681922464,61.69086357487024,62.80523055755933,63.6341791406931,64.09963539778491,64.17261719612804,64.0250383168584,63.6089716200193,62.63414723177564,61.52042684445921,59.79426354502184,57.431529322739785,53.90449343739813,48.931012211193085,49.66315415797497,53.98002542575099,57.246362663851485,59.2311806533294,60.72312407984953,61.87701169361716,61.939670358714814,62.25214398698167,61.67781515798679,60.94354066485386,27.965743332104296,58.1994382871782,56.373716333907325,51.78392701637166,47.01265686890952,51.19008310469197,54.85045331299261,57.65109497206719,59.61461436488782,60.96398982152265,62.07216834787246,62.58486426579624,62.77752427654739,62.768788941848975,62.37671645168655,61.59448076750951,60.41989232767218,59.00909794148835,56.61590277392524,53.11334193440135,47.23857762392835,34.80868923687168,46.31950826259217,51.65499543843402,54.70827824696186,56.66758460690664,57.685641095135736,6.989700043360188,19.294189257142925,21.64352855784437,19.084850188786497,13.979400086720377
15.05149978319906,26.60865478003869,18.69231719730976,20.170333392987803,12.55272505103306,18.63322860120456,55.03530573060228,56.71703117438621,57.89587762342296,58.97803521940428,59.650986438463406,60.081626765418896,59.96925193250638,59.86397721828106,59.37879820398336,58.78044728783066,57.31625022025177,55.85562241029359,54.10358759860466,51.05339839805286,46.43156465619707,45.09068045017162,48.108035824848656,51.53098068204445,53.13909382835271,55.30417431407058,56.470551692925866,57.299039194408216,57.86044764192677,57.861243650543074,57.544171445262585,57.04171973546995,0.0,54.81931114136436,52.340640242701504,51.08514285432421,52.704459080179625,52.30032309849931,54.640556324052,56.59659538882132,57.606531411037,58.92876185831,59.36791622135098,59.41731008880101,59.20716943393153,58.68838329043611,57.79553203936304,55.90908678454397,53.35283345430318,51.18205184303016,40.86253023817161,36.29919035503542,47.6789761601809,50.987302300463845,53.78545063681527,55.53713157596179,56.64409725724003,57.69001957106309,57.78062210887994,18.129133566428557,16.020599913279625,6.989700043360188,16.989700043360187,47.41467697685545,18.325089127062363,16.127838567197355,15.05149978319906,10.0,10.0,10.0,53.093597136278575,53.816925520581634,54.38766953051691,54.058072225614566,53.44237000392211,52.16031236919906,50.89145314564689,49.22398446589296,47.48691826488454,48.756457198482494,46.49802009508604,48.49542252005016,52.53129532722966,53.38269188626322,53.90307928680451,52.90473138671566,53.34891845839644,53.472753590891,54.22790035300493,53.75674585472368,53.81746650650453,53.91993072259713,53.64175632770619,54.04248563878207,53.984417631348826,52.816786448714375,13.979400086720377,51.60459526993592,52.503150757991605,51.4091637693907,47.54906137502776,48.18153285123701,46.84072994969725,45.97739051839585,48.06722503076181,49.83175072037813,51.00549740786547,52.11910420101903,53.61444508086328,54.11784639211327,54.39233189514388,52.85145321479239,52.23301204624672,53.17933862502551,49.87496445820455,48.74760048117548,47.91781848301057,48.87639802057557,49.50077501772212,50.043084737549606,50.97691040361552,51.221535976174565,51.52691867222691,15.05149978319906,26.63700925389648,61.12216442500576,59.694201061645664,41.1965172203987,71.74214328563745,54.037191944157605,42.39999792886872,81.25846599267591,12.55272505103306,18.325089127062363,40.88809166461293,46.78454641420398,51.397531856953535,54.81697683684119,57.33554347554794,59.01719800194982,60.10361449063426,61.026137667715645,61.41038174547215,61.75637039110257,61.28169781696066,60.781395004280576,60.07155231771392,58.513513144882346,56.38499240621076,52.66083456049559,46.95516698826566,42.76783384700269,50.04733972482256,54.40381629102565,57.21807318847233,59.09868801158797,60.1299952774803,60.9763520014848,61.246672176986095,60.86882449369399,11.139433523068368,59.39652016613417,58.127429461480176,55.73629214521813,51.30726064793677,48.52851912478015,51.237765309154,54.92750613799871,58.19651837734927,60.19220176222453,61.648407167637615,62.77351769833099,63.57343957096533,63.92822476114151,63.93801153085195,63.53526940946179,62.85052964647942,62.05431740428824,60.37818779495756,58.24836921420967,55.11590614668538,50.09811949500315,45.42800538310105,50.60130999531045,55.25192571660221,57.61004921916876,59.689655410702414,6.989700043360188,11.139433523068368,16.127838567197355,19.294189257142925,9.542425094393248,25.05149978319906,10.0,25.514499979728757,16.532125137753436,0.0,11.139433523068368,52.97248244823556,56.5199284798534,58.98390009447191,60.92317033402498,62.35892899311058,63.30695567438225,63.9473213048106,64.18939500262638,64.16924120494505,63.794360584748674,63.09050082212144,62.061026188959154,60.5977123885006,58.42924238440694,55.4041081916469,51.22255208822284,49.90716145160225,53.73561119121171,56.32280096287222,58.81125486557335,60.25047670110873,61.3354976559655,62.01600566844096,62.02961587205945,62.07925594353153,61.60379982443477,30.809870469108876,58.49849809275139,56.672035121798665,52.93340452648696,47.34479789425578,48.21179327170964,53.77382755941038,57.092037938856535,59.05731135991984,60.90159963978557,61.83140532830474,62.51790257726818,62.76837570543524,62.79426464464231,62.41589559277239,61.74440121518335,60.65542370519139,59.16582901703969,56.76806968546569,53.66342628667525,48.073185033320215,39.89182751255547,44.55179975545529,50.97524539012628,54.37401719156305,56.786458262237616,57.83521260468288,10.0,6.020599913279624,16.532125137753436,15.563025007672874,17.16003343634799
17.16003343634799,26.60865478003869,19.138138523837167,12.55272505103306,17.16003343634799,17.853298350107668,53.77424645756417,56.0912892055503,57.88243340590378,59.03699742486019,59.61706732656956,59.90019455431128,60.22835666319175,60.07927345957941,59.824272795810685,58.67525232811272,58.30194609887162,56.96947570412711,54.019000367605855,51.091227541580864,47.55951041004132,43.85838550083999,42.78685022725684,48.48976908342888,53.36527774658304,54.84473522405251,56.34487346481933,57.36971462095427,57.71364765192038,57.92479240044241,57.67770125206429,57.486298519275095,16.020599913279625,55.77106738570742,53.62305252479854,52.349675419724775,51.21182175370243,52.48691588836184,54.43583699169995,55.83113721029375,57.36984194970128,57.97087413265331,58.64996128242581,59.18217022301687,59.12338986672295,58.70527971693784,58.031900380360725,57.51215187148924,56.09783238250132,51.99231185477459,50.54570925182847,44.85409076322577,38.06247827195791,47.92426711834622,52.59405118046215,55.020076457529726,56.37963792305093,56.451047842863325,57.22255395004164,20.170333392987803,12.30448921378274,15.563025007672874,16.532125137753436,11.139433523068368,12.30448921378274,6.020599913279624,16.020599913279625,16.989700043360187,13.010299956639813,15.314789170422552,53.30829603970468,53.9384183962902,53.37469244957095,53.64927908168675,53.46767508218991,53.18783082434451,51.99810008953807,50.72176344478966,49.21842481405858,48.66435033179107,48.47554151880652,49.304650807842485,48.56656401248949,50.00872055785865,51.04623660435326,53.683780120844666,54.09535824136663,54.11232371541069,52.82089396079587,53.40563083333371,52.797809769969646,53.138081860390926,53.631247704712365,53.3891047249129,53.71976158110907,53.82125152225321,17.634279935629372,53.607183451836434,52.44487411937512,51.777615244772974,51.44860529638068,49.09004788766717,46.74769314015427,45.73080570652593,44.25534220498263,47.177121000984016,48.778894253714846,50.48861134175054,51.73454340642349,52.68451596266842,53.450697160734606,53.98554534676609,54.293032231413314,52.98250320245903,53.507595640147365,52.56864409822452,51.28153616066725,50.0549367523217,47.90538487241897,46.86466450156474,48.35690571492425,49.414816173444905,49.51929776148323,23.05351369446624,28.432327780980096,61.12216442500576,59.694201061645664,41.1965172203987,71.74214328563745,54.037191944157605,42.39999792886872,81.25846599267591,6.989700043360188,9.030899869919436,50.42547949812416,53.85995712917297,56.189116406075485,58.19322783871334,59.45913976289497,60.47879342778024,61.04877868786194,61.31136631568177,61.18878192498933,60.63889290295692,59.81253974462789,58.45387059863416,56.440849041750255,53.31848226509501,48.16718430207881,42.4809593109413,48.59558572626054,53.41665954723568,56.344420011953446,58.368081538531904,59.6504357587688,60.50449748217933,60.92078199705127,60.94219493384677,60.59076219967029,59.742578579570285,22.30448921378274,56.38089721984506,53.2006315959498,49.046939111417416,48.86270702112662,52.78481510245281,56.687296747347,59.23597322182164,60.98332167847684,62.43253405345281,63.19704078105776,63.72851087056832,63.79885579735564,63.721177696247736,63.35111530604912,62.67399145256589,61.53444108174831,59.797345260435804,57.30208757588545,53.58302317961245,47.97586045160276,45.68588895162371,51.25370644779095,55.50630653664427,58.17343869170273,60.11862130619435,61.2389670076365,20.5307844348342,24.14973347970818,14.14973347970818,16.127838567197355,17.16003343634799,6.989700043360188,15.563025007672874,19.49390006644913,9.030899869919436,13.979400086720377,19.294189257142925,56.01587439082011,58.72054828364593,61.00487719883461,62.35323623717342,63.24004500231222,63.76393164161753,64.06766635759926,64.13954736015184,63.89275619117594,63.148047896677454,62.41937269365706,61.09688203383168,58.48727185487575,55.7359211881736,52.0990356105161,49.16585533002349,51.93269339059651,55.4906459872272,58.566425061164125,60.08546094474485,61.076745518807726,61.98974995073507,62.32100439206866,62.03364739686122,61.79469060527372,60.78316501594867,23.26335860928751,57.58240259730183,54.77483016074943,50.23869501388332,47.28069571159562,51.85612973359531,55.58392932521655,58.0109760637113,60.04652343430104,61.24087989579462,61.94177043012755,62.4739824309771,62.631418514779725,62.61189567976565,62.1215136727899,61.674464221525234,60.68067435396087,58.34493186023492,56.84627262346096,53.49830973007569,48.44725627973226,34.37750562820388,48.188656435302384,52.78417464120808,55.304558435846765,56.476372122701136,57.59846812665217,19.86771734266245,22.576785748691847,3.0102999566398125,19.294189257142925,19.294189257142925
