0,1,2,3,4,5,6,7,8,9,10,11,12,13,14,15,16,17,18,19,20,21,22,23,24,25,26,27,28,29,30,31,32,33,34,35,36,37,38,39,40,41,42,43,44,45,46,47,48,49,50,51,52,53,54,55,56,57,58,59,60,61,62,63,64,65,66,67,68,69,70,71,72,73,74,75,76,77,78,79,80,81,82,83,84,85,86,87,88,89,90,91,92,93,94,95,96,97,98,99,100,101,102,103,104,105,106,107,108,109,110,111,112,113,114,115,116,117,118,119,120,121,122,123,124,125,126,127,128,129,130,131,132,133,134,135,136,137,138,139,140,141,142,143,144,145,146,147,148,149,150,151,152,153,154,155,156,157,158,159,160,161,162,163,164,165,166,167,168,169,170,171,172,173,174,175,176,177,178,179,180,181,182,183,184,185,186,187,188,189,190,191,192,193,194,195,196,197,198,199,200,201,202,203,204,205,206,207,208,209,210,211,212,213,214,215,216,217,218,219,220,221,222,223,224,225,226,227,228,229,230,231,232,233,234,235,236,237,238,239,240,241,242,243,244,245,246,247,248,249,250,251,252,253,254,255
2.356194490192345,0.9420900981075855,-2.111215791078119,-0.4636476090008061,-1.5707963267948966,2.356194490192345,-1.3227195682872848,-1.242479643372142,-1.1931430076679501,-1.160260932463403,-1.1387358802866512,-1.1220402955936715,-1.1143493102446729,-1.0957855757958652,-1.0701478607951431,-1.017093960453864,-0.9236910669590607,-0.7631796083778697,-0.4537835444593545,0.09122871441141531,0.6042014882425495,0.8727459724260475,1.0055170739820392,1.0819439843093455,1.1218381063243739,1.1508102905961128,1.1535289134687505,1.1383158995708076,1.1213079209735815,1.131080308281402,1.1553409241352715,1.1985416101332274,1.8157749899217608,1.583824905694239,2.220666773370402,2.945585977746872,-3.0680910988666175,-2.9117962998438633,-2.8584225777868237,-2.8446240143229753,-2.858067093249197,-2.8721784030437187,-2.8718536615251824,-2.8810614837081263,-2.8786416119143774,-2.8526862172789875,-2.7988870829580317,-2.6971734350727603,-2.419208474061149,-1.956576225340912,-1.3934345164793551,-1.0166790512069137,-0.8517965967241652,-0.7592807722579399,-0.7250567107825698,-0.7165416751996511,-0.7039461259452221,-0.7028225138941577,-0.6940383015921828,2.8198420838985214,1.152572003522731,1.030376862511674,1.1071487177940904,-1.030376862511674,2.5535900265120266,-1.5707963267948966,-2.2142974111167746,0.0,-0.7853981633974483,1.2490457927910927,1.3020053574402195,1.3362456911382832,1.357948476538305,1.3916534173008281,1.4177848783233795,1.477515365945346,1.5421156677444772,1.6330259042216386,1.7778550333033711,1.9638543468049647,2.2000296673561985,2.4486269852311024,2.6559257759976185,2.834470118426648,2.9580974101716606,3.0510606586721485,3.124421288985863,-3.1007469310827673,-3.068612212434744,-2.9972403348545296,-2.9712840738946484,-2.9194296523456305,-2.850654257078669,-2.7925801869888676,-2.6899364696453225,-2.586329424753806,-2.111215791078119,-2.325471314221061,-2.1922126576116066,-2.0571008953899503,-1.953961496722151,-1.872160914028679,-1.80494004672896,-1.7368584630520232,-1.7291349276683268,-1.7143336251784906,-1.7176831788666889,-1.7166163989296432,-1.7381534888861665,-1.739830706166959,-1.7436799153361155,-1.7438064791134837,-1.7287168768296686,-1.702864422555054,-1.659845906676802,-1.6110288406075794,-1.5577818774596706,-1.5180979128045804,-1.5241211244969186,-1.5511481995920775,-1.6076559808037478,-1.6797382905320053,-1.8070415914795264,1.8925468964861685,-1.1071487177940904,1.3998859806674213,0.10505990541239481,2.0698423143972327,0.10505990541239481,3.1365694169543206,-1.589976625594497,0.8097159987489635,-1.1071487177940904,-2.677945044588987,0.10487694677562807,-0.17427043242876533,-0.4457923721822077,-0.7016252273567515,-0.9188468972086397,-1.1329041337151196,-1.3644338844763837,-1.5673539996443775,-1.7967759589448873,-2.003628684360263,-2.21993264932713,-2.4646778026956366,-2.7666603413500206,2.4061528935425316,0.7594971822928005,0.3970794441421767,0.1983617426489512,0.015654298427885485,-0.18044802831351298,-0.3017150859042876,-0.47070782234536596,-0.6167801475236028,-0.7440643261968197,-0.8859750759588308,-1.0094540498181401,-1.1429983543823583,1.2490457571036249,-1.499488866150284,-2.524401275597614,1.90459448536296,1.6654035658557917,1.519371119480691,1.421422260507257,1.3365230387975193,1.2252961642873084,1.1411912967769418,1.0456210031504065,0.9788254764824568,0.8860342407874024,0.8221463008233926,0.7690549011560173,0.7401615354356769,0.7954312669466849,1.23291813616794,3.025006644699738,-3.0466409527462295,-3.0360432229777357,-3.0401804915034236,-3.096316174226419,3.140126378981439,3.1010195299424392,3.073811524882217,3.0424424003514074,0.4636476090008061,-0.98279369971713,-0.7853981633974483,-1.5707963267948966,-1.3258176636680326,-0.7853981633974483,-2.2142974111167746,-0.98279369971713,2.356194490192345,2.0344439357957027,2.8198420838985214,2.1044450902457754,2.1222753150717066,2.119406926028588,2.133948750278703,2.1325618570153995,2.159156059030962,2.1712739260491154,2.214297410924086,2.3003358589204224,2.44453081625993,2.695487120781382,3.1094493857926997,-2.6860859735725473,-2.34950562980427,-2.1556949683765962,-2.060114896523252,-1.9921316932664521,-1.952871131618237,-1.9154705508175005,-1.8766214369041936,-1.8696860327787748,-1.849837830908244,-1.8286486079893558,-1.7593685785934403,-1.6935617790642585,-1.5479989743065923,-0.12435499454676144,-1.0341561332005818,-0.6726102506735202,-0.319874366532518,-0.10974096570343456,0.06527569648597784,0.1614026322137543,0.23408980600312182,0.2653839840329903,0.28848890823832635,0.3120134809747178,0.33613804403192415,0.3703341340623536,0.4196211471681832,0.4812898177444968,0.5831006990333116,0.7650849396773,1.0216193506574063,1.3562283767720382,1.7046073092473253,1.972070339592597,2.1626288750419618,2.2624816209805108,2.3211478563568395,2.3568982195336945,2.36286995566506,2.3621193690438504,1.7359450124768907,-0.7188299887935686,1.5707963267948966,0.9272952424730189,-1.3258176636680326
0.3217505646679414,0.9420901199473617,1.5707963267948966,-2.896613990462929,-2.896613990462929,0.3805063771123649,0.7503414555509275,0.7507625206766878,0.730726334759277,0.6940199182131149,0.647062950506268,0.6058844419174394,0.5464857005679755,0.5056727715459141,0.46993076124166466,0.46589229004044,0.5095124971986495,0.6238875898681739,0.9056078506711364,1.428899276776987,1.8867665742744284,2.107362267072712,2.186890682642082,2.1970145837215105,2.174417779217104,2.1329476647469976,2.0729736343611465,2.0156560576968943,1.963613465067466,1.9051950176281038,1.8584095184739506,1.8627543746336608,-2.819842099193151,2.150122350351511,2.91688148249776,-2.706083314840831,-2.4958032210268266,-2.460552159864268,-2.468173844871838,-2.516107622239856,-2.5775677536259898,-2.6446892046303505,-2.7042939823613947,-2.7678444167415015,-2.815328375534624,-2.871619194126834,-2.8495843846572217,-2.755709999219452,-2.416560609762731,-1.748158137179227,-1.2209407440071558,-1.0538013297557942,-1.0193627523493405,-1.0318561161197364,-1.0767697778585492,-1.1278176325473523,-1.1701963665661181,-1.232630412345553,-1.2670618572863832,2.677945044588987,-0.6435011087932844,0.0,0.6435011087932844,-0.7853981633974483,-1.446441332248135,-1.2120256565243244,2.677945044588987,-0.5880026035475675,0.4636476090008061,2.0344439357957027,0.20311521448077247,0.163212943974705,0.1333921855020022,0.10814099488809838,0.09391645011668602,0.08648890000012545,0.12597409406065838,0.21702993943419185,0.3887877794298304,0.6392397593455841,0.90572902597473,1.0942104557988321,1.2356237637287524,1.294201695405838,1.3108273054225807,1.2997089387602163,1.2755668665372242,1.2600516024423805,1.2281908660942813,1.2124817134159733,1.2073670607772344,1.2259693260910276,1.270144027515469,1.3544556627712536,1.477556019141627,1.6116296488303343,3.141592653589793,1.8415535465360524,1.9251609018616642,1.9619794474332506,1.9480958720050063,1.9233854118720548,1.8966962317118656,1.8614905333905953,1.8036233554118362,1.7592756093525668,1.7258372082787472,1.6932804176600122,1.6762666882216923,1.6795509614137387,1.6808471255545294,1.7002568694069486,1.7219776597698426,1.7435663278987699,1.7004156894471583,1.6630195251515794,1.6128365530590747,1.5340623740055366,1.4388933813380504,1.325334568475567,1.2085901016103393,1.0656295829219546,0.9216054135594307,-0.3217505543966422,-1.5707963267948966,1.3998859803948434,0.10505990499662941,2.069842315228035,0.10505990499662941,3.136569417430501,-1.5899766276450562,0.809715992973034,1.5707963267948966,3.141592653589793,-1.0714496168907777,-3.083964224749375,2.1421338030687953,1.7302697007089125,1.3883809173528896,1.0893237881237445,0.7967613014951519,0.5143427153849703,0.24630757547194904,-0.01478386973348065,-0.279848247971472,-0.5528691927548482,-0.8168014130216725,-1.1255449130077957,-1.504228165442978,-2.225240894086879,2.6130209366328336,1.8857902126260102,1.5016228022861617,1.2343741241627841,1.0007876899411055,0.7919585284932699,0.5918446803897489,0.3949814628297549,0.22118854147937955,0.028321036185313793,0.0,-0.324945416487298,-0.5087782238977464,-0.7385574264609015,-1.9394922139421313,2.5333567464863793,2.2537101652719924,2.072994924827819,1.9121724572416665,1.768191889392951,1.6249677366689865,1.4958762860217685,1.3650132704935818,1.2436570636810504,1.1374605036394536,1.032710248355612,0.9548111996574525,0.9143412905397723,0.9496200733132593,1.4610693387854077,2.699799507937449,2.962607713631965,2.969768036447796,2.927391951538134,2.8602724306675014,2.7864556911457363,2.708301143895843,2.356194490192345,-1.2490457621269553,-0.7853981633974483,-1.849095974172123,-1.8157749899217608,-0.982793723247329,-0.5880026035475675,-2.214297435588181,0.0,1.1071487177940904,-3.017237659043032,0.9786932860716006,0.9886269989623198,0.9704036708105146,0.937026706259498,0.8974467047489033,0.8594511005827133,0.8071001824834955,0.7748380573950779,0.7473297356788274,0.7483780621261792,0.7901039980207791,0.8928118366664924,1.125816344405459,1.51917050968943,1.9477584049076901,2.2151346282166484,2.3478909918143254,2.3866071145196925,2.388606338420865,2.393157633848023,2.3533168366306487,2.325305444116183,2.2834937514552025,2.256598064568402,2.2254701638888608,2.2517798628024894,-1.1071487177940904,2.3764962621943306,2.5841863411907644,2.962891218186268,-2.891046123635152,-2.6361284322086163,-2.4942578707613126,-2.441059631332434,-2.4382222666855897,-2.4592761387482325,-2.486546794888112,-2.5240597116212764,-2.567588638021924,-2.6086683198889093,-2.6254087394964634,-2.629264309373049,-2.589236151062056,-2.4957767046792374,-2.2305595385704273,-1.8290485531686287,-1.439595598970518,-1.2145056309240891,-1.1279910612694244,-1.111521860355139,-1.1308002195253755,-1.186713317472834,-1.2455521197805153,3.141592653589793,0.7853981633974483,1.7681918866447774,2.761086276477428,-0.6947382761967031
1.5707963267948966,0.9420901192813388,1.892546881191539,-1.7681918866447774,-2.356194490192345,1.5707963267948966,-2.2606237959716657,-2.1604361254495523,-2.094595392706318,-2.045879265777073,-2.010198798160054,-1.9644045808977748,-1.9268966346532825,-1.8873337992397161,-1.8311269002995312,-1.7743646599503557,-1.671042257221835,-1.5069733524457944,-1.2450932250414328,-0.7282521862696211,-0.11783168155893468,0.3253606459906062,0.5474906882529278,0.6674077336483545,0.7345360962245968,0.7791089400909808,0.8291064244718158,0.8562377374420672,0.8876618978733851,0.915581425188634,0.9576266049940074,1.0104611517077005,1.9756880971732453,1.22812832846725,1.6376607852963188,2.536746334289442,-3.0544016879871227,-2.8372064848234753,-2.7004567620770024,-2.652472856057966,-2.600092565831986,-2.5767973220271267,-2.5542123272995285,-2.5341140397712074,-2.497856656161087,-2.4747494789601534,-2.417043671736137,-2.3307649074871692,-2.1512284930915166,-1.81839736076594,-1.134432386293403,-0.47915023819600966,-0.17645865584738263,-0.024569723642055157,0.06204148723232208,0.1273395644069285,0.16895474766918622,0.2100474024540484,0.25021277366084316,2.896613990462929,2.356194490192345,-1.1071487177940904,1.5707963267948966,-0.4636476090008061,-2.356194490192345,0.24497866312686414,-1.3258176636680326,0.7853981633974483,0.6435011087932844,2.214297435588181,2.6929178791263237,2.7627849102366566,2.8371148481738335,2.890619202447065,2.929000685832427,2.9889433214644163,3.05954911575743,-3.13867721006219,-2.993190114393218,-2.833046615582055,-2.588947001050926,-2.286539904357405,-1.94664567281985,-1.6688076352044048,-1.4563353173165414,-1.3222854974134097,-1.2123649778587222,-1.1297886838565068,-1.0460592372550848,-0.9941528477214256,-0.9209258693983918,-0.860623603252656,-0.7863680949017827,-0.706396248099942,-0.5831886550776896,-0.44530104940779075,1.5707963267948966,-0.08345589819063333,0.13832661779152303,0.3270353066499591,0.48148899962025216,0.6037034344885639,0.7069801641311894,0.761012762025734,0.8180921485342667,0.839399647390577,0.8817458372348236,0.9066533596047013,0.9407383402828322,0.9723774199914957,1.0142270947373904,1.0754501452168548,1.126454438340883,1.1982839699623316,1.2739289550926713,1.3573593717343284,1.4032179464892196,1.4576953245868915,1.5111327147318285,1.5083775167989393,1.4931495436242428,1.445291246816018,1.3843998395403698,-0.7853981633974483,0.7853981633974483,1.39988598306658,0.10505990995600561,2.0698422848653344,0.10505990995600561,3.136569417081864,-1.5899766262117219,0.8097160026543093,1.1071487177940904,2.356194490192345,0.8865015318602444,0.6073052038142888,0.3582608665728984,0.13016888086543488,-0.07292241382165272,-0.2762412063260454,-0.48508681190028946,-0.6826038585142798,-0.8654527160182934,-1.0597238704035377,-1.2604901908225252,-1.523808992563506,-2.0060278231297346,3.0750244911747227,2.131305868279019,1.7340366102427824,1.5096481637372565,1.351052697715156,1.2120256695178435,1.073749664883796,0.9591459384721087,0.8411960575352252,0.7293200259352848,0.6359824557061851,0.5428466851445265,0.40400186066392063,1.8157749899217608,-0.020267494206992264,-1.8086322563861217,-2.596365523186618,-2.803568658634413,-2.8951709904859615,-2.9695402165122085,-3.0453870750944203,-3.103588146563535,3.1208639156658275,3.0802446704705746,3.0372475945054025,3.014360700576837,2.9930877655261594,2.979193733265187,2.997479951439054,3.1167015303617336,-2.486486643939367,-1.1379082345564804,-0.7756897333458938,-0.7179763852388116,-0.6733844488463508,-0.6594224202726554,-0.6585779168354438,-0.6505432250793182,-0.6562508512337588,-0.6527936581954665,2.1112158270654806,2.0344439357957027,2.0899424221164837,0.6747409422235526,1.373400766945016,-2.5535900500422257,1.1071487177940904,2.214297435588181,2.819842099193151,2.356194490192345,-0.7853981633974483,-1.205749948999698,-1.1469287032946105,-1.1071487177940904,-1.0661637883908348,-1.0227723977943037,-0.9790201574678781,-0.9232175443935421,-0.8653021730487743,-0.7650365688101513,-0.6376575098050312,-0.42606370065600485,-0.0650638390916854,0.4134805212628599,0.9090471051861532,1.239823382124645,1.4491222900882519,1.5638903593653524,1.6490674687263247,1.712851041668449,1.7742893660277013,1.8250475371403967,1.8794611276755666,1.9372136436629013,2.0062682117666104,2.0819463585464493,2.200879341635907,0.6435011087932844,2.656187851663998,3.090224002189815,-2.7046647331253584,-2.2989504987046216,-2.076026854215438,-1.925547839516271,-1.8149568828834455,-1.7341298220178363,-1.6814535520028022,-1.6256467461375428,-1.5761343545306368,-1.5319019220760335,-1.479615786393884,-1.4037566465368032,-1.3102733299938631,-1.1566132969173493,-0.9409173319766126,-0.5243903589498503,-0.0278350373202402,0.3919712885617556,0.6379610009475318,0.7897956712118808,0.8865015316879548,0.9467732530784831,0.9815724344061737,1.0043288576031013,0.7378150462050708,-2.4668517113662407,1.1525719845340088,-1.165904556416548,0.6747409422235526
0.4636476090008061,0.9420901071342166,-0.3217505621344226,2.944197096715982,3.141592653589793,0.0,0.9098763736795511,1.0010863561800083,1.0489842174878472,1.0915447249371215,1.1243058730805044,1.1636995996554564,1.1745653934474092,1.1992214105356769,1.2377010393655097,1.2844814502664257,1.3797913362081355,1.5055903907980335,1.7691829626772222,2.264663537283846,2.9466877541557994,-2.897740120063233,-2.684987159867707,-2.581652860699237,-2.518516732156151,-2.46909811270064,-2.45295026262892,-2.4350732500710284,-2.4167485855778277,-2.403629693846334,-2.381428472698089,-2.339735055092048,-1.1071487177940904,-2.138137650197863,-1.7594355382808498,-0.8752840312472973,-0.07650543487334288,0.1307059473992516,0.2282228028744413,0.2862099868250754,0.2984989297713633,0.31814047767937964,0.3283868616662172,0.34972767360394336,0.3605480687391484,0.38313041179162405,0.43617462682484665,0.5139706249108237,0.6663792908111003,0.9952930494140485,1.672664719514428,2.3293061095853886,2.6251355173738107,2.7939350494472284,2.8470950439340967,2.8982022858449166,2.94161553679996,2.976630161888843,3.0131975524802725,-1.5707963267948966,-1.4056476451976858,-2.265534623287417,-1.5707963267948966,-2.819842091455371,-2.4668517189152945,-2.677945044588987,2.553590038137948,-1.1071487177940904,1.1071487177940904,-1.5707963267948966,-0.9508811915610692,-0.8745620392063036,-0.8157429828208234,-0.760097433762343,-0.7175254846618037,-0.6540827420568337,-0.6049024197882455,-0.5326311243806179,-0.41223261406041367,-0.2504824117883044,-0.027177773985117976,0.23521535208021377,0.5491528967931143,0.8131687877726931,1.022246907857712,1.149377127752129,1.2704938771361765,1.3590526847356128,1.439836611816097,1.5083775167989393,1.5658702581143842,1.6170133912232865,1.6811673364012372,1.7655195317619565,1.8710004572923877,1.9942158201214641,-2.0344439357957027,2.292348926968283,2.4764090458076353,2.6625022644169394,2.78591256195452,2.9185303612838,3.0097245141833415,3.1005972473670975,-3.137516589463046,-3.1185302568874604,-3.0702851906665742,-3.039766215289023,-3.0136644200755502,-2.987865389302303,-2.9576151836780937,-2.929309104643683,-2.889857336819712,-2.839973632593566,-2.797078946236225,-2.7571577258456,-2.7094661528845085,-2.6495166617201047,-2.629439456564639,-2.6199962442267353,-2.6327496922992344,-2.6717145738276247,-2.731946559969373,-0.4636476090008061,-2.356194490192345,1.399885977922669,0.10505990977868833,2.0698422866181776,0.10505990977868833,3.1365694171991616,-1.5899766258154013,0.8097159879955925,1.3258176636680326,1.5707963267948966,-1.3657963495504082,-1.6167687571752294,-1.852320920142538,-2.0737877588940297,-2.291093216530236,-2.4963095504921466,-2.708876575725005,-2.914909182685481,-3.109290966008407,2.9469914954279623,2.732847997266163,2.402139134901315,1.6038421450597269,0.2186689513359046,-0.33733949095523424,-0.634419118351861,-0.8266119181743157,-0.9802758685113772,-1.117920260799053,-1.252279402010017,-1.375122773860731,-1.4967134018410533,-1.6277582798511185,-1.7380502559331437,-1.8611339162909613,-2.0050406612883047,0.24497866312686414,-2.779048390586307,1.5707963267948966,1.2366450340684327,1.0878791291504892,0.9813063911888061,0.9002747463226977,0.8390694537555341,0.7562802029205723,0.6928618183193342,0.640531554986592,0.5938313373691083,0.5607439516708345,0.5340390657633164,0.5437466494041758,0.5552129498516302,0.7681584752786805,2.1587989156910457,2.948065547901671,3.0884215274744258,3.1139317263726634,3.1305171564276844,3.118685610484618,3.1148675477871337,3.109493590683357,3.100845117953139,3.1012919051941408,-1.5707963267948966,1.0303768447308541,-0.7853981633974483,-1.97568809173438,-0.7853981633974483,-0.8960553921203978,-0.5880026154518451,-2.0344439357957027,-1.5707963267948966,-0.7853981633974483,-2.553590038137948,2.466024057212572,2.51745317665565,2.5466958070384735,2.5719086027624503,2.613358374106154,2.672298318678117,2.7057762828959158,2.781088619323737,2.8732645003175508,3.0165344171681103,-3.006702489334252,-2.618219716251149,-2.1428258401569935,-1.7228971178297954,-1.4578179378990002,-1.2837846096212955,-1.1734827517701096,-1.0988285892922018,-1.039840273409916,-0.9638319379345966,-0.933485205012471,-0.8861950183689516,-0.8341760314637848,-0.7679672849796951,-0.6851123759255398,-0.5493744767704531,1.5707963267948966,-0.09009160145534792,0.3063671301167948,0.7659831243843672,1.1172408916839662,1.3388280901982126,1.4909158394090682,1.608739063177885,1.6626041159749376,1.7133291089336677,1.7595053333135882,1.8044996295364324,1.843669766768911,1.8878382591413279,1.955902135713542,2.035498812301291,2.1806990426341986,2.4000809530107596,2.7833317989782103,-3.017237659043032,-2.6008521249323655,-2.3218731742294327,-2.2000442734180417,-2.1169628818870008,-2.064674124956172,-2.0402465910785748,-2.0258170000531828,-2.7610862818138284,0.0,3.141592653589793,2.7610862818138284,-0.6435010964128359
0.4182243232492283,0.9420901318240009,1.8925468965417915,-1.951302693320881,1.5707963267948966,3.141592653589793,1.1889643814704354,1.2397002445995302,1.2602590379762773,1.2568347034485876,1.2360968434641244,1.2319534078515713,1.2109495893981943,1.1971403736639372,1.2001289679181748,1.2069281141895993,1.2620822130289868,1.4012498468349448,1.653447842074492,2.236550063443965,2.840367085298498,-3.1222402305952603,-3.003631675925259,-2.96053723080244,-2.9391233340133613,-2.9457151992332435,-2.9645520934142198,-2.991625338828439,-3.0164367985988143,-3.047310366222175,-3.057438130892602,-3.052899779023038,2.677945044588987,-2.8460022254017203,-2.1494358861348,-1.0940490122120496,-0.821990698630512,-0.7293693157267238,-0.7082934375952205,-0.7313463864324667,-0.7540790323725104,-0.7950286661001943,-0.8208101024726941,-0.8520771241183186,-0.8681621682620235,-0.870366606911347,-0.8494131277233697,-0.741947276903271,-0.46841705489805263,0.10513851119572137,0.8349659006401727,1.1312266436021838,1.24427253224469,1.301367049426159,1.297683727461714,1.2866104174011732,1.2776518606249305,1.262397577214798,1.2572362037800413,-1.1071487177940904,2.7828220001414152,-1.5707963267948966,2.356194490192345,-2.8198420838428984,0.1418970576742144,0.7853981633974483,-1.0303768626425522,0.7853981633974483,2.191045837670019,-2.2142974110277773,-3.0946909604229673,-3.0797033835910206,-3.069782379983658,-3.0540353537770826,-3.0427936753100107,-3.011831385497513,-2.9549681563484373,-2.8667660048585026,-2.703913232683664,-2.4811219140501235,-2.227719431220974,-1.9632733783585172,-1.74347781024866,-1.6046816583199304,-1.5089417985214266,-1.461069343719946,-1.4211825048863722,-1.3946311519847552,-1.3753415725882912,-1.3448659370752367,-1.3102781565677517,-1.27748450579165,-1.2087299170318218,-1.1376141305144212,-1.013272074612478,-0.8808253086691766,-2.0344439357957027,-0.59143902087749,-0.45215386142059183,-0.35576487345932434,-0.29467787698528486,-0.25224247495391067,-0.21671287307627052,-0.20218529847296668,-0.2065360757884407,-0.21118777582151493,-0.21312093410409488,-0.21666155040607735,-0.21016329392037109,-0.20313394632534587,-0.18937005155518602,-0.1722649864696973,-0.14265101624814577,-0.10244385546006916,-0.09641196197347524,-0.0814924313024505,-0.07087500060800363,-0.07424345281937664,-0.10746816262349244,-0.16757838791105176,-0.23866629167758546,-0.3103061242562412,-0.42134484201093036,-1.5707963267948966,3.141592653589793,1.3998859830994053,0.10505990711090599,2.069842278467826,0.10505990711090599,3.136569417212186,-1.5899766278097787,0.8097159867049311,-2.356194490192345,0.0,-1.927015978690752,-2.4585749742185325,-2.7889041926129083,-3.071254337770354,2.958414150496373,2.706550588862313,2.4710309450661,2.2231746319357715,1.9871343997263278,1.7822082712450642,1.5416450671469086,1.301075234305345,1.0274698730225902,0.6489955305743991,-0.2543680484309566,-1.6756732670204366,-2.191045820363943,-2.460152253158774,-2.6879370244297878,-2.8713723580266586,-3.0494845376814324,3.0632462687048574,2.9173136605096426,2.7770172049845776,2.6363574202267603,2.47766507007171,-1.8157749899217608,2.1413790998659543,1.9042651017260783,0.3217505543966422,-0.8541156825167495,-1.1436683300654367,-1.2901554396525092,-1.3959284251126336,-1.519192250481421,-1.6247623218010891,-1.7112789532198724,-1.796755546949132,-1.8787378525752576,-1.9595841048757652,-2.024536276994611,-2.0771226181493785,-2.0836239329118285,-1.96592394053758,-1.3883809236304079,-0.08145204193484867,0.17835649723442665,0.2400820793000417,0.21157422104098736,0.1802383155691387,0.14171546907387683,0.10933306885456599,0.06416413823973914,-2.356194490192345,1.849095991592556,2.265534643254557,1.5707963267948966,2.2142974110277773,2.896613990462929,1.8925468965417915,1.5707963267948966,1.2490457570480016,-2.356194490192345,-0.6947383164596601,-1.1121882647320467,-1.086190006347394,-1.072046090563501,-1.0668774795978886,-1.0751636993593356,-1.0588964343555032,-1.0697829704582509,-1.0622351490600808,-1.0253946683351836,-0.9546635896229908,-0.838845151255027,-0.6115197658304715,-0.2734609843812518,0.1950914160382996,0.5659914778458406,0.7747884670053622,0.8996525010875004,0.9660008573516016,1.014307484520022,1.0393485390348836,1.0381808578815903,1.0418466210474573,1.043756314107153,1.081923601587963,1.1044820852806898,1.1596065148891772,2.129395655936438,1.4327369778158512,1.7339811429977063,2.147594942936021,2.560110417024972,2.8187456068690193,2.9634997251463244,3.043935355943245,3.08846230310749,3.1010106034514617,3.115425342717755,3.110819610615671,3.1202435852570676,3.1249583276196575,3.139582606083742,-3.1023970512745196,-3.021297169061619,-2.8805527541199925,-2.5779048751195965,-2.1360903048012547,-1.721106291754746,-1.4288992721907328,-1.318159857632772,-1.27213475165148,-1.250591368380718,-1.2617749302021084,-1.2884811008158539,-0.19739555394593783,-0.4636476090008061,-2.0344439357957027,-3.0309354342878794,-0.24497866312686414
0.0,0.9420900849621927,-2.0344439357957027,0.0,-2.498091544796509,1.8157749899217608,-2.8658719853677828,3.1094287183662597,2.776451010776022,2.411616199016468,2.0356815702900124,1.6643849364159482,1.267215255595772,0.8820382517875157,0.5093673700516304,0.14129355473122185,-0.22243288035396078,-0.5649044165368564,-0.834038498074709,-1.002141119673633,-0.8385692811649521,-0.5263923597841443,-0.4849713999448573,-0.678077308977394,-0.9790406278282106,-1.3147944859794451,-1.6978663786688868,-2.0898101142008767,-2.4747371885102183,-2.8674885649742605,3.023906946251318,2.6329645723113666,-1.7126933813990606,1.8521003817759718,1.536484854947958,1.2973770507563316,1.421236577517527,2.3107712389494512,2.3399546512776177,2.0706818183907085,1.707165923511094,1.3175305384039058,0.9438753337361104,0.5424594519493988,0.14674353699597945,-0.2521967507935497,-0.6394106602256734,-1.0317209065398312,-1.3894765533473925,-1.726740979830947,-2.0004714389450395,-2.1679729613906566,-2.0525505776670325,-1.7218116746761134,-1.7060599796921099,-1.9152858961934587,-2.1988347436135376,-2.553181716410309,-2.904568005006188,1.1071487177940904,-1.1071487177940904,2.677945044588987,-2.761086276477428,0.0,2.677945044588987,-0.7853981633974483,2.601173153319209,-0.7853981633974483,-1.849095985800008,0.19739555984988075,0.3250618147546554,0.1923408502514136,-0.06355067295213539,-0.3439691201516557,-0.6658896630480057,-0.9983608811953135,-1.3618844905575587,-1.7195661243251368,-2.0719874874641535,-2.422641650810477,-2.7443127047536273,-3.0696581624390125,2.937519918954771,2.697096721853587,2.4720173039088937,2.313635752195448,2.1582232311397895,1.992029063114069,1.7470556540035351,1.5103657955864318,1.2082520760003803,0.8834434218534425,0.5709264416262879,0.21866893453113795,-0.12205690731098018,-0.4695647076361138,2.356194490192345,-1.153970203041054,-1.4775424171996554,-1.7945405321524488,-2.108513148399249,-2.4001476424755843,-2.677945044588987,-2.955073612711248,3.0149081453820985,2.720969817612818,2.4067990281436433,2.083894127286391,1.7240565282852274,1.358151414072561,0.9806198107496725,0.6140609960196141,0.22073399574304273,-0.17883175071827137,-0.5819420619256463,-0.9861737415137256,-1.3928811209575984,-1.804715539775318,-2.2502101019061858,-2.6789047460036195,-3.1114393840284316,2.738681048675469,2.2906514457299054,0.5880026035475675,3.141592653589793,1.3998859714492111,0.10505990627497547,2.0698422909206506,0.10505990627497547,3.1365694174264687,-1.5899766269084823,0.8097160062321735,0.982793723247329,0.0,2.063871265888721,1.4184284546325356,0.7557876414398479,0.13503074681791394,-0.5131241099143253,-1.1765734106884966,-1.9705774365396809,2.6901395547793197,0.9085807976326286,0.1256877382993363,-0.5125216810130891,-1.123744694258342,-1.6959351733294894,-2.271083135815117,-2.820666500783947,2.918173152382285,2.3718038741543053,1.8324623551992443,1.2602702869686315,0.737195600326566,0.13148753963486282,-0.5087298265185212,-1.3089739382190348,-2.9424334196381743,2.04754361474016,1.3405327871513295,0.3217505543966422,0.24330921663667535,-0.2637264510321528,-0.758959689122179,-1.2411061154300222,-1.7140015538794406,-2.1878802356753813,-2.642012806925325,-3.116845230685401,2.726579228263531,2.2802538290811714,1.8672358290005389,1.5083775167989393,-2.677945044588987,-2.8330863736425806,3.0322383648671636,2.6248137060543484,2.1890041951091037,1.7649895565358404,1.345710672522362,0.9169472923009047,0.5226976949364558,0.09042958153660137,-0.3044014839688548,-0.7001883167659627,-1.0705350297502232,-1.4208371667521094,1.3258176636680326,0.7853981633974483,2.0344439357957027,-1.5707963267948966,-0.5880026035475675,2.896613990462929,-1.5707963267948966,2.158798930342464,0.16514867741462683,-2.356194490192345,0.24497866312686414,-0.5846310677700328,-0.9445979088105656,-1.3064085276813855,-1.653057084002781,-1.9798817684227492,-2.2871368417110007,-2.572665645957595,-2.7809198155943253,-2.8865268945170532,-2.865786745348765,-2.8376471603113864,-2.91661132328808,-3.093087041441209,2.9327617542094844,2.6327213216474754,2.305916680968712,1.9710369838288708,1.6300111390240961,1.280895222978659,0.9435981515298485,0.576843755221887,0.24184654845978237,-0.10134650604130076,-0.3818526460174561,-0.6605934570846294,-0.8325608030886263,-0.8760580505981934,-0.891539806612247,-0.8577354966556145,-0.9750379322637425,-1.1942402652102118,-1.4727717809658516,-1.7823552345645983,-2.107933755818411,-2.4767783580724863,-2.8469694012669478,3.077280750156956,2.7079032239877816,2.351493392417788,2.0034926456483366,1.676532583414383,1.371472918833709,1.156726386376741,1.0768549867652262,1.0962795658557647,1.1659045405098132,1.0890973225587453,0.8826275283986255,0.581653523438633,0.2349984720562857,-0.1250324309363261,-0.5188252172082995,-0.9192430697876384,-0.8621700546672264,0.0,-2.761086276477428,2.498091544796509,-1.5707963267948966
1.1341691891247179,0.9420901337011687,0.0,3.141592653589793,-2.1587989186746155,-2.677945044588987,2.6851651399832406,2.7618160337629925,2.801188865733911,2.8157295059705865,2.809347743011577,2.7962106506359565,2.796377597773003,2.783041602653741,2.776993176858308,2.7896324522363587,2.8198421147253914,2.8654211091888473,2.9549923504474718,-3.1071235521098988,-2.595426085386666,-1.86607135241574,-1.44315186851682,-1.2852929517438105,-1.2093726824926516,-1.2066419274666351,-1.1881366356507297,-1.203857376607707,-1.2125307730235646,-1.22755470735399,-1.2433356295424307,-1.2616633944617803,-0.049958396478461654,-1.2766133648766795,-1.2310929740248966,-1.0773851828989949,-0.4457923533397327,0.7434060308565338,1.095865702982801,1.1618885134114976,1.188417278215845,1.191887373734961,1.1933683111959055,1.167012345920398,1.1530401319996082,1.1371554975125673,1.106594105732806,1.1022074621311277,1.123447761199002,1.153363609535944,1.2764141585424857,1.5303771767927135,2.123725574558192,2.7966503785097077,3.1276270817455165,-3.0118001111978687,-2.938643410662124,-2.9161081579113644,-2.90421839150682,2.356194490192345,-0.7086263006795832,-1.0516501985469546,0.4636476090008061,2.94419709082295,-1.0516501985469546,0.24497866312686414,-0.4636476090008061,2.896613990462929,-1.5707963267948966,-2.1587989186746155,-1.3368196659585054,-1.1536268416011017,-1.0276635493158857,-0.9542907951519052,-0.9085246708946166,-0.8950314116964685,-0.8598605795956261,-0.8513815202137465,-0.8248749538242518,-0.7872921090232605,-0.7271141613159469,-0.6565479209621279,-0.5480619030415319,-0.41415771507629073,-0.22649002904770701,0.00645152378018104,0.23180819850967443,0.4126355751654022,0.5425793338039472,0.6431697620515281,0.7228449030310252,0.7813248875109546,0.8292723978028086,0.8620232472960363,0.8950049763834612,0.9243238466717515,1.5707963267948966,0.9871604963417538,1.0566865519443334,1.1113830091558787,1.1961324380097265,1.2765617491967494,1.3673032872719426,1.467040985035395,1.5515342617281556,1.6405297524113664,1.7081512196201267,1.742638353949104,1.7790471330409856,1.786881304233836,1.7757341575826509,1.772240447471847,1.7540818111104814,1.729385921158784,1.7027831439437426,1.6616172217334744,1.628353502007474,1.5905176345994063,1.5351719923500233,1.490073244881957,1.4409884922455793,1.3979357142717723,1.3499675457929279,-1.5707963267948966,0.0,1.399885978416095,0.10505991031350263,2.0698422923308124,0.10505991031350263,3.1365694172226974,-1.58997662578071,0.8097159771100043,-2.677945044588987,0.7853981633974483,-2.8093529830891653,-3.0741767242273568,2.9319528065689626,2.6879265736984284,2.419025578128034,2.1677782894174875,1.868028624348136,1.3549154678079796,-0.39060704010757935,-1.254054083720725,-1.5980622958517576,-1.8409168157600682,-2.0407980973541373,-2.2362517893868787,-2.420308813673398,-2.592172499632556,-2.7656634426349993,-2.921461718125321,-3.0947747667708967,3.016820469048396,2.833979981736764,2.614305583343126,2.3868597101683453,1.615409562613548,0.23154378505857934,-0.350103000441235,-0.7853981633974483,-0.7644222345479404,-0.8850668479270605,-1.0045205232006886,-1.123721811909636,-1.2206515365068722,-1.317902251934207,-1.412645435313914,-1.4969152954300107,-1.574393433564777,-1.6409756715512813,-1.6657480378642244,-1.7396282409877852,-1.2890244734782301,0.9495518166204536,0.9659709112773468,0.9322827107162925,0.9019340080811408,0.8567863026153086,0.7884624792558538,0.7470633615999862,0.7143500669870407,0.6709056984653994,0.6410927433050883,0.6392397850533986,0.6356887449822667,0.6474982125741556,-1.8925468736074371,-2.1587989186746155,2.356194490192345,0.7853981633974483,3.141592653589793,1.5707963267948966,0.7853981633974483,2.356194490192345,-2.356194490192345,-2.356194490192345,-1.735945000110009,-0.27141628342869617,-0.2563793136205091,-0.24467107602973395,-0.21980870841051103,-0.1909112987383895,-0.13137594279015155,-0.04652134551824074,0.09167059509704187,0.3319716426756141,0.6846171507254672,1.0919355195838825,1.4341862282900502,1.6919942639692247,1.8251643774124835,1.9166329332940988,1.9781739077456437,2.0206326611766405,2.0474640303425393,2.07466069626914,2.090353909061124,2.113531511480934,2.160116432920913,2.1990215776329243,2.2767700854906257,2.392236542691937,2.5530341832347827,-2.498091532661946,-3.070844786534865,-2.6432141437891365,-2.3673051398958065,-2.190108623596826,-2.0754435135929032,-2.010577180079333,-1.9774839580838008,-1.9505855979410023,-1.927826363910375,-1.9076007414478104,-1.8945942584803888,-1.8760446977335627,-1.8546737282969379,-1.8115027208113863,-1.751151196605287,-1.5979543340974274,-1.3435149287798829,-0.9355635111484137,-0.4980448718569593,-0.17029703823772915,0.007342012087696172,0.09728230665028269,0.1405662819440271,0.1608377061763657,0.14967996883492057,0.12606402872236822,2.0344439357957027,3.141592653589793,0.0,-2.111215844910426,0.0
2.5535900500422257,0.9420901502685148,1.5707963267948966,-1.5707963267948966,0.3217505543966422,0.7853981633974483,-1.6255361071474643,-1.5796233353604117,-1.5599153632251508,-1.5717796106832012,-1.5875857938538591,-1.6103704966669616,-1.6425622660397876,-1.658717941226758,-1.676510089813351,-1.6806464359630264,-1.641892910290053,-1.566843778174973,-1.3842019320102337,-0.8544704649901643,-0.0437966739988533,0.30882722200593576,0.4578577659440195,0.5062447594886675,0.5256486120191601,0.5066590686856266,0.4785647192744534,0.4442371693508024,0.40631749706778914,0.36859704032067275,0.34346811279860046,0.32827984539747446,1.8157749899217608,0.38845728179622735,0.739277015285527,2.2078666773967575,2.6495614817525253,2.763624360227601,2.7560069533776446,2.7398861809813724,2.7012760383637406,2.656289690266765,2.624322693401038,2.58993768015107,2.558177202112953,2.5336882260080986,2.5294698387340073,2.568804962655647,2.71703129137534,3.109345770418765,-2.2717801887941045,-1.7749303228244686,-1.5915785549326027,-1.5145942325521982,-1.5267518817756305,-1.5387217706294496,-1.5459567168989798,-1.581600228331831,-1.5913000869801521,-2.896613990462929,0.3217505543966422,-0.8960553845713439,-1.2490457723982544,-2.5535900500422257,-0.3217505543966422,-0.982793723247329,-2.677945044588987,-1.4056476493802699,-0.7853981633974483,-0.7853981633974483,0.33921202151501567,0.3459528294700165,0.3518762455750245,0.3558987486399734,0.36853511896104063,0.38451538685242137,0.41529822496905927,0.4643654798151168,0.5808997213438215,0.7361107516540387,0.9653985841919078,1.234685469394929,1.507532451476985,1.6939028800220137,1.822633015542896,1.902176572233661,1.959239042094487,1.992567264893253,2.007183348865764,2.032659296003227,2.0506005192732193,2.0787069698681058,2.120247178851692,2.1773232683582737,2.2608527922504225,2.3599871668222514,2.356194490192345,2.614619373717582,2.7768578306121374,2.8913136830062762,2.9770170387123702,3.0472568520010435,3.098276114783646,3.130970898855344,3.1314627541908537,3.1270798842487473,3.1401433792077524,3.129845764297662,3.1190400864595604,3.1057824215684984,3.0988555322738836,3.096948795034919,3.10010023359294,3.120603370916092,3.1273370009688026,3.128690143786507,-3.1258281946844657,-3.109196585263622,-3.1229467966387694,3.1320691316935463,3.073735832668913,2.9993438530776424,2.9144144358584887,-0.7853981633974483,-0.4636476090008061,1.3998859781685298,0.10505990577634226,2.069842289574007,0.10505990577634226,3.1365694170573173,-1.589976626687482,0.8097159575266435,-1.5707963267948966,2.356194490192345,1.0718692662073623,0.780725281772553,0.48333868905827065,0.2331083703428613,-0.0068142046401515,-0.2419403159516689,-0.49162164928137847,-0.712154176967175,-0.9487404808325812,-1.1659045317011254,-1.4043022156799403,-1.6769531344337638,-2.0020125639232873,-2.690656192549895,1.872245096706785,1.3351024487750114,1.0303768347998234,0.8094577081343517,0.6001864895839417,0.439616806282687,0.2567878621358991,0.0914870126468207,-0.058595875980284325,-0.2074210020458538,-0.3581844996461647,-0.5199132166528218,0.27829967045225096,-0.9570262049721865,-1.741944926823791,2.772259005799037,2.4213762012569884,2.205512882255666,2.060532271472344,1.9566328319920063,1.8360540822890605,1.7370509603240918,1.63974397044466,1.5545155407094193,1.4626812007318637,1.3822725191738974,1.3253461906984803,1.2705656254869957,1.298743037347272,1.655498840023371,-2.937934138611875,-2.598959140369145,-2.5829933546066366,-2.5950257186488406,-2.6502956043265335,-2.6920106310346603,-2.7365289617132955,-2.7683495074151745,-2.8099020721628145,1.1071487177940904,-0.7853981633974483,-0.0767718894853711,-1.373400766945016,-0.4636476090008061,-0.5404195002705842,3.141592653589793,-0.7853981633974483,-2.0344439357957027,1.2490457723982544,1.5707963267948966,2.3459559551942175,2.356194490192345,2.380219447168032,2.3744692137115737,2.3716837956097425,2.392175474173308,2.385436617618598,2.40585539881562,2.451146219387731,2.5343915585014734,2.6709170494177124,2.9342416773456095,-2.9339278785172573,-2.4853417475820656,-2.177114371980124,-2.0076569006272433,-1.8970626491671538,-1.8378967599067908,-1.7972253437547774,-1.7699969416113421,-1.772509649386654,-1.757948972202715,-1.7555288010366705,-1.7261882835248452,-1.707074450491555,-1.6360157417303687,0.19739555984988075,-1.3646180545116313,-1.0549397000388894,-0.6007550850233829,-0.19335789398805017,0.053063692891840854,0.1869792817086936,0.2756056182111114,0.30088459447910965,0.29914678965154684,0.3105548010412681,0.3128758791571585,0.3074949042464259,0.3082627155209603,0.3128428391723291,0.3410152492103667,0.4189489770221832,0.5587917923880996,0.8725554355302351,1.3063599711035183,1.7651444436441188,2.0576058027454844,2.1756426738875403,2.22055602850423,2.232717477377432,2.208235782646817,2.1741224563392767,2.4668517113662407,-1.5707963267948966,0.19739555984988075,1.5707963267948966,-0.19739555984988075
1.2490457644475934,0.9420901172256056,0.9827937110155431,2.1293956492851205,0.7853981633974483,-1.5707963267948966,-0.7328999606513289,-0.7116339652816845,-0.7011165480544865,-0.7087108187585324,-0.7284093516489888,-0.7335038678967242,-0.7560611992008706,-0.764046945921005,-0.750785966136638,-0.7323729291974481,-0.6527033150883531,-0.47478078330839474,0.056878088272429704,0.9300125951026419,1.3687963583085674,1.4895622761882579,1.5577018376308782,1.5728144875464014,1.5743424111079616,1.563149916985818,1.5327037450518628,1.508642895827027,1.4661570937232389,1.4391932361360915,1.4276714268441235,1.419257703395183,-2.15879894257425,1.8061201299411882,-2.7971187325721965,-2.3602430397255523,-2.3138577882810325,-2.293657566270071,-2.317661246753324,-2.33897953757435,-2.39134923454365,-2.435081817246387,-2.4756772080302456,-2.5176032770454397,-2.5499929332949276,-2.5729659172075086,-2.5743969342849695,-2.4967705318344042,-1.9225106618159935,-0.3001711576681284,-0.055793097854960054,-0.016244057859365564,-0.029403287994579145,-0.04678456569358288,-0.06500964667455741,-0.10738815492174944,-0.1350262711538428,-0.17399953595046525,-0.1777990593867157,2.15879894257425,2.0344439357957027,0.9505468494073838,1.3734007700029622,0.0,1.190289955165746,-0.4636476090008061,1.5707963267948966,1.2490457644475934,0.24497866312686414,3.141592653589793,2.0919694844266843,2.076950941013998,2.0697827577150862,2.078715353639117,2.099844758606011,2.156094987121924,2.2740921349364713,2.483886522283097,2.893637801878182,-2.9323131042861474,-2.589937661701793,-2.413541397433689,-2.324161273685225,-2.278227835369978,-2.25812014877963,-2.2367655696384516,-2.2281365560075748,-2.2272215732022373,-2.214297445829032,-2.175907533555919,-2.1285941023311663,-2.0158845711381126,-1.8817945990956335,-1.660243118474404,-1.3986055014612084,-1.1303778532179034,2.0344439357957027,-0.8469888451532107,-0.789736518905949,-0.7430847199056068,-0.7251839542852581,-0.7357669813509236,-0.7310427491797769,-0.7080259375756919,-0.7259325548619951,-0.710270996254481,-0.673442239966005,-0.6158699345145989,-0.518902988347973,-0.42645969044866333,-0.3164314433881497,-0.2253632254490077,-0.14899332786375777,-0.14331952619799554,-0.10084720708745686,-0.10395461673761465,-0.14412298248540611,-0.1883156641290975,-0.24395979690927622,-0.29654579470576914,-0.3734673484661424,-0.45568418168888813,-0.5342496473811296,2.0344439357957027,-2.15879894257425,1.3998859836775415,0.10505990922155489,2.069842300506449,0.10505990922155489,3.136569417360251,-1.5899766264266695,0.8097160173818734,0.7853981633974483,-0.7853981633974483,2.7411518790850673,1.82160017033888,0.6576571637935218,0.007812341060101111,-0.4021139951568846,-0.7042642705330674,-0.9814213396444831,-1.2454193344055433,-1.4896739358634408,-1.7393932610875624,-1.9567957874657016,-2.194253602670456,-2.4502121814265814,-2.7345900584149985,-3.0872982398832463,2.606767513410689,1.6509811692596923,0.913937245063458,0.48905755207927665,0.2230994160640379,-0.011188343919826852,-0.20179006555543322,-0.3646957122661356,-0.5375119486901827,-0.6966522880347971,-0.8325659256040695,-2.677945044588987,-1.148096993065354,-1.3372613073309498,-1.6305841393167582,-2.3613226359146346,2.5471176665270465,2.0143124288566465,1.817241987450204,1.6343751176463037,1.5157238659095684,1.406024789500786,1.296467811071612,1.20385045709543,1.1119563792706215,1.0382044494690998,0.9720375806330166,0.9078591930193874,0.8457078619429921,0.8037447246573244,1.0102868188868073,-2.859037676703588,-2.7597807911724503,-2.7858416137632207,-2.8243263817988864,-2.8753406136486825,-2.911270913926393,-2.9560558258495484,-0.14189704983376764,-0.5191460995683804,-0.14189704983376764,0.24497866312686414,-0.9272952307226695,0.0,-0.4636476090008061,-1.0303768452317494,-2.81984209124249,1.3734007700029622,-2.4668517191229826,2.349792572911492,2.392993789638976,2.4153414213927755,2.4149503269450956,2.398751162928052,2.4039669088673095,2.3801260774066724,2.3706463702996348,2.3651361350547844,2.3810394380421163,2.4147093452183346,2.51958956190563,2.7497815168663906,-2.9121016161569795,-2.126962570703038,-1.8183364629986682,-1.6672700984802857,-1.619360786618932,-1.5839136365380169,-1.5680690609829195,-1.5858202380989301,-1.591168405710244,-1.611337017551823,-1.6156711871811853,-1.6113783813123004,-1.5850341372526668,2.356194490192345,-1.3904663288923613,-1.062420034645175,-0.3947911148823197,0.17645863977951812,0.48538331488115843,0.5933969931356978,0.6501261894173028,0.6597667627797985,0.6590463431094896,0.660387865449317,0.6410124632813569,0.6467705370460622,0.6355647960991829,0.662132474199806,0.6944730790997639,0.7662224292652182,0.944444382160728,1.3135947551046148,1.9719529929430548,2.4583309181759265,2.688026615914993,2.7867735107122256,2.809712210113942,2.814453390044409,2.7869133945487077,2.7624608478428487,2.245537261261707,-1.8157749899217608,0.8519663102869133,1.695151321341658,-1.1071487177940904
0.0,0.9420901586374458,-1.249045780075363,2.356194490192345,3.141592653589793,3.141592653589793,-1.7809974364414651,-2.2122341650982533,-2.6661603456860012,-3.1237214551914034,2.701390076293338,2.2505649913571175,1.7780254166452973,1.3161593690524624,0.8591195262194571,0.4112095134958647,-0.0127381641226045,-0.40778471924411774,-0.6095335676651971,0.4036339262150458,0.7266422935371416,0.4054340932076598,-0.010621755556036547,-0.45929036235517556,-0.9345492282844631,-1.3672422502259651,-1.8726580077707453,-2.338581168059283,-2.818262327483792,2.9877614863752107,2.5103913593118476,2.0366927875772274,-2.356194490192345,1.0162932479499673,-0.7188300050567458,-2.9982525924057013,2.820640202648047,2.315812393106603,1.8321222962577404,1.3680713613869189,0.8713518869365953,0.4013492043933826,-0.07130746554107402,-0.5496949167493055,-1.021885846833246,-1.4913841030492638,-1.9405926639166058,-2.373401202127011,-2.6617051498315902,-1.811913989059456,-1.1490667584651246,-1.4559197213779975,-1.8864863357622343,-2.316480287948944,-2.7982077914466927,3.035634009904536,2.586814349330927,2.1376143099321823,1.6866389871458365,-1.3258176636680326,2.6344941520944785,1.7681918895975115,3.141592653589793,1.5707963267948966,1.735945000059735,-0.38050638240692275,2.498091532513135,-1.030376808460527,1.5707963267948966,2.356194490192345,-1.2159963964544533,-1.656265347831235,-2.0619095853341376,-2.4881043585622633,-2.913154312906567,2.962497884650026,2.5706338742368406,2.208453810361342,1.9203175191108446,1.7296670596354475,1.643395778505764,1.5971060446145258,1.4806024179040225,1.2348287278042946,0.9099119331817934,0.529556268383303,0.1361191576128335,-0.2730087176663837,-0.6730767134551113,-1.0743246690248935,-1.5060593278721783,-1.9213226067321707,-2.318923598011149,-2.677945044588987,-2.984049646145522,3.0294218070197876,-2.214297447871555,2.6011731365643938,2.405822595225787,2.1303031135128783,1.7814948695756372,1.4225080214093873,1.0055475187173315,0.6001865094700229,0.14874040309031236,-0.302793171735867,-0.7443557437044946,-1.1878553792574027,-1.6149372478523663,-2.032718304653864,-2.4311290120114526,-2.7888328544537506,3.136592695240481,2.7905617750978813,2.442769985052627,2.06546022775748,1.6707262172612392,1.268387330032841,0.8152400639211277,0.3292317189167718,-0.14458831314094256,-0.6782405052945267,-1.189737472075509,-2.356194490192345,-2.111215845129266,1.3998859736620646,0.10505989998229515,2.0698422805563617,0.10505989998229515,3.1365694169648903,-1.589976627568655,0.8097159692447681,-2.1587989185315277,-1.1071487177940904,-2.119103480161673,3.123007433137862,2.2580853010369135,1.4758446225552326,0.7260086432271898,0.015515995668024652,-0.7136855115246006,-1.4027949683860186,-2.0947156750864573,-2.7996152242975025,2.7600113676554794,1.9878455361417888,1.1007385472456535,0.10070349272543244,-1.0096328964352088,-2.048491552197612,-2.880416697713393,2.65753972404825,1.9771240155724992,1.3496876237935,0.6998394133999585,0.07940826029521014,-0.5273017338372583,-1.1215362234284112,-1.731826410283316,-2.366067271655376,0.0,2.3984973027055276,1.2679114457033942,-0.06997900091311225,-1.0163663188762246,-1.7423392323087175,-2.356194490192345,-2.926777266108481,2.7838923298344915,2.229886390455847,1.7037424314598089,1.177516935498568,0.660589047735738,0.13903875881339484,-0.3785998062183309,-0.8984444752314794,-1.417900621573374,-1.975688108621405,1.2178059419639309,0.3089307217187934,-0.20778337768507896,-0.6832617344758857,-1.18886584893543,-1.676974455870068,-2.155499687233485,-2.6511702687710756,-3.131681083784473,2.8198421068702597,-2.553590061853162,-1.9513027092018194,0.0,-0.7853981633974483,-2.8198420889570057,0.5880025917366312,1.789465274475217,2.1587989185315277,2.9764439803249547,-2.356194490192345,-2.8087368200828577,3.0430828943979815,2.594030387346781,2.144027604985913,1.6991867084848369,1.2611745492402056,0.8134719051906639,0.37983358658515365,-0.048505611580324196,-0.44872333963357225,-0.7853981633974483,-0.9686836676152218,-0.7669500669234703,-0.3333929829024809,-0.42449711024023584,-0.7215464930261168,-1.0970734988275996,-1.507648544603919,-1.9542381131639843,-2.3602872004953106,-2.828639540248009,3.0199940486207035,2.5775580391616386,2.1548194229736475,1.7326808119471646,1.3348747777260446,-2.8198421068702597,0.781708127724196,0.8450675038425745,1.159976636749106,1.1873061689547977,0.9312090703894661,0.5623582073389917,0.1967670259007689,-0.24886970159985816,-0.6737895876894843,-1.1049289562520244,-1.541878769850656,-1.9798079068488974,-2.4123732014538106,-2.831929044463377,3.042284919488898,2.6813814447392335,2.418428588021551,2.400413403865161,2.722668296480139,2.8132391145652123,2.590593033986792,2.2170985304860733,1.8236789591923561,1.391441456190077,0.941121592781941,0.4744198536933837,0.5880025917366312,1.5707963267948966,-2.214297447871555,-1.7681918895975115,-1.4056476535300582
1.3258176636680326,0.9420901291971534,-1.7681918896028228,-0.9827937350795104,0.38050638241644635,-2.4805495131363418,2.9108870761173486,2.9871894628786855,3.0251564858670146,3.0397160934740857,3.0417559070267086,3.049821576173064,3.033357169593754,3.0238959059379837,3.01802452721729,3.02869378419691,3.045197106418706,3.0504993045482443,3.119263858861669,-2.8915054704265386,-1.2649174460912016,-0.6784096992877794,-0.5513929988858589,-0.5193235260557909,-0.5123270429953052,-0.5225642463934389,-0.5530116818041003,-0.576259479667714,-0.6191785938020032,-0.6421355262236516,-0.684651777307951,-0.7229228997978229,0.9272952056961435,-0.8772888210267941,-1.0867895780203962,-2.6155262374659016,2.6389313916412047,2.474232934875811,2.3824142540232742,2.327900171051311,2.2665753488666356,2.2217079085058717,2.17972001213197,2.1417449420323997,2.106332078942392,2.063254390610017,2.021909768611859,1.9690232996766632,1.9171724406200923,1.756144292711414,-0.8779167689569658,-1.1760052009634783,-1.2238794626878506,-1.2550797231419524,-1.3072758537986588,-1.3325167028911404,-1.357827138573761,-1.3835424147833177,-1.4011842510659263,-1.5707963267948966,0.3217505467057244,-0.12435499454676144,0.0,1.5707963267948966,-1.892546873500621,-2.9764439803324194,-0.7853981633974483,-2.8198421068840687,-2.761086271173347,-0.14189705921871487,1.1946657248814867,1.2037151719002135,1.2080915298778616,1.2355438010338708,1.2510907663707138,1.3008902106316247,1.3399694176981256,1.4309215133394164,1.5686318279450873,1.817046434367014,2.2007263677334654,2.6006443266482204,2.932174667625167,-3.1371580928533165,-2.984387884886403,-2.8666828125088113,-2.8007056895826663,-2.760304009494556,-2.715079674454252,-2.65948558827162,-2.622098676233273,-2.5756393922399288,-2.507209840388993,-2.4262343349240947,-2.3175539077001472,-2.1794856645437397,-1.1071487177940904,-1.7802395005655245,-1.5452205103687007,-1.3448371202242597,-1.1313809664910175,-1.0412459919544357,-0.9656851015646577,-0.8992860114695371,-0.878376905588061,-0.8659686812032362,-0.8463360422514209,-0.8537845137769808,-0.8424789445713945,-0.8377367890496773,-0.8257802474856506,-0.7995215114525718,-0.742904088262041,-0.6595503142237392,-0.5157847509910892,-0.3815540368917874,-0.2779111810009674,-0.18653821316466537,-0.17559216029496794,-0.1647339193316243,-0.20032237540121745,-0.29239268705101046,-0.38144050269964436,1.4288992675761818,0.9827937350795104,1.3998859762067484,0.10505990397354577,2.0698422991207797,0.10505990397354577,3.136569417138038,-1.5899766266017612,0.8097159695773453,-1.5707963267948966,-2.356194490192345,2.0050406344034686,1.061064844381372,0.47184417505701776,0.05669593192879629,-0.2928492703610537,-0.5645693878129997,-0.8315192833978056,-1.0767570442758303,-1.3367911493736835,-1.5750576647166448,-1.812060298649166,-2.0833719349488655,-2.389701490914549,-2.7641767659059435,3.0228359154217483,2.402574733004105,1.8331031461348575,1.4112933210830712,1.0884364973551621,0.8568646281436302,0.6195794881370369,0.4439457209090631,0.2805148995488088,0.10356076255749716,-0.06605759479138862,-0.24624554368626422,2.677945044588987,-0.7600624369235741,-1.197521898870392,-1.855428645113483,-2.5564444521655165,-2.929062021392282,3.1052450305394967,2.933841480681574,2.7926973754804223,2.682126609579504,2.583263303741464,2.505485595083935,2.4168411051560414,2.3397350878579144,2.2766952985459743,2.214708600135468,2.1564160800224146,2.0256141734203736,1.6183794274618402,-0.9672739155039556,-1.0808389941542467,-1.1189507726739314,-1.1717353915646003,-1.2072231233500674,-1.2401363938739025,-1.2655407495324,-1.2864814607815478,-0.9827937350795104,-2.21429744789365,0.0,1.7359450000522705,2.356194490192345,2.677945044588987,0.0,1.5707963267948966,3.141592653589793,2.761086271173347,1.2490457800891723,-1.8465345072286508,-1.8009227658636906,-1.7697217169368693,-1.7596252861545627,-1.7465653751082273,-1.7200129779109543,-1.7220035161709242,-1.701715786762771,-1.6850295615060549,-1.6427439972856186,-1.559807757641657,-1.4299627277752562,-1.0698658220413102,-0.25405753226569183,0.4764674063289992,0.7117063692200352,0.8492437052403674,0.9099866917166086,0.9466648594146299,0.9758416697355793,0.9825359371671291,0.9866114581291621,1.0110304855651235,1.0237936660007763,1.0488932517529095,1.0860365175448208,2.9996955943710786,1.2898142748442947,1.6112366915085594,2.2798261705923637,2.951715751406613,-2.966807260423159,-2.82432635427232,-2.73201597276664,-2.702161763394131,-2.6815121970952367,-2.6569999145712835,-2.640646213482437,-2.6222473179919183,-2.6147287064292812,-2.586394361148897,-2.560163285694506,-2.483523355504605,-2.3644198989860072,-2.10156984129899,-1.5676516829948803,-0.8532936627857777,-0.4121909199287054,-0.24804093416269482,-0.17532408391292284,-0.14662355589076342,-0.14263252749168417,-0.14515134594147971,3.141592653589793,0.6947382560238037,-2.49809153249104,-1.0303768084280347,0.0
0.19739557127422858,0.9420900960606532,2.356194490192345,-2.158798930342464,1.7681918980691251,2.245537297997282,-0.5682868648342729,-0.8472660027362782,-1.214880460705246,-1.6079637976542727,-1.9918181870955194,-2.400833433302887,-2.7932347084783946,3.1010870184746273,2.6934476721690506,2.2939095578193447,1.9073632838047496,1.4952867941367392,1.071860234997765,0.6199583849670569,0.06953943695420259,-2.040578848276253,2.972392681341329,2.448342018103992,2.004264410736754,1.5667257928543785,1.1517288203530378,0.7205741304916011,0.3052925320666405,-0.12132630259032257,-0.5537673023020492,-0.9969845410928756,0.5880026035475675,-1.9713612097429056,-2.5438342636767177,2.9584818287636034,1.7308504277805234,0.7500147173099234,0.04079368144067969,-0.5091421049399659,-1.0006925638579143,-1.4640606470428272,-1.8992955127487952,-2.3492138110975804,-2.784761693329003,3.0498011123049187,2.583337825329422,2.1055541833082563,1.562075617219612,0.815691942694525,-0.6112993797754654,-1.7513800293028692,-2.4145352857445155,-2.909727990755584,2.9094338033707854,2.470097768415626,2.0572320220619598,1.6428866006731357,1.2384537916956602,-1.7681918980691251,2.714965193014481,1.2490457723982544,1.8157749899217608,0.0,-1.8157749899217608,-2.356194490192345,-1.8157749899217608,-1.5707963267948966,0.0,-1.1071487177940904,-0.5709068371686814,-0.9335581748085658,-1.2978851186432563,-1.6611159605666963,-2.005812163346557,-2.347076205855712,-2.6502335841976596,-2.94127952104455,3.1258636129293476,3.0210531147988178,3.0239278399124685,3.04782455510244,3.030351666367205,2.884268941830596,2.660490444303967,2.373060358474641,2.0796805408975407,1.7719371763054517,1.4559731033441277,1.122870675953335,0.8240754052844332,0.5206328234390385,0.23009995515672527,-0.040586837123767636,-0.2755406915678519,-0.5242592765103892,1.5707963267948966,-0.932081957947033,-1.0799102620816967,-1.2469493625263333,-1.463282989993807,-1.682800043175973,-1.9106171873558875,-2.1877041425731605,-2.4990902335513736,-2.8208390968758845,3.1276831960558718,2.760524789704274,2.3855657895168587,2.0076142168197038,1.6275913662128256,1.225794161918676,0.8621700631067883,0.5480789300999258,0.255549098033616,0.028361187765585834,-0.0776644755142563,-0.21547023717579836,-0.460744836308111,-0.7812829664070542,-1.1776200676091106,-1.638489351624484,-2.1555689905156137,0.0,0.4636476090008061,1.3998859830901107,0.10505990650687472,2.069842291340156,0.10505990650687472,3.1365694170686655,-1.5899766270451359,0.8097160030644007,0.0,-0.4636476090008061,2.428716667765136,1.7307094451331073,0.8657932424912618,-0.6117269778276736,-2.23826093058605,-3.075512533746315,2.5252087471587124,1.92321211297628,1.3391502095461003,0.7710254386137179,0.20986505852783008,-0.3513622544461376,-0.9011573574486045,-1.4561410482946404,-2.031509245759399,-2.6379663743365827,3.0004063264786933,2.1893393525797036,1.0528542812525818,-0.12740531098773372,-0.9703816416622305,-1.634539639863261,-2.215724461346811,-2.7431445980924827,3.0181156156376603,2.5130972459213687,-2.5535900500422257,1.5053875865192887,1.00093233143153,0.4813972378403253,-0.09921024648980631,-0.7397677828055237,-1.6651102795557207,-2.7709514506766286,2.521343206530218,1.8297157763985619,1.2799239941620688,0.7622597832169001,0.29261402674635,-0.1740145162282551,-0.6307346562234161,-1.0877962868361861,-1.5264828481798347,-1.9506469547993295,-2.4144375499731296,-2.9013119546318835,2.8644673904287274,2.0024913485657905,-0.15410811787767548,-0.9380475150376277,-1.4610243251181085,-1.893817544805306,-2.3047177910358423,1.4056476493802699,0.0,-0.3217505543966422,-2.819842099193151,-2.677945044588987,-1.5707963267948966,2.976443976175166,3.141592653589793,2.5535900500422257,-2.0344439357957027,-0.4636476090008061,-1.6155425580514022,-1.563104170643499,-1.8214140254199729,-2.1322376965934455,-2.4790159609858784,-2.8346752035599354,3.0909389396542184,2.7285554158882337,2.3578836913355516,2.013879856816992,1.656451488760433,1.315427495058226,0.966799002844355,0.6559670518547484,0.4053093142414166,0.42312924040631933,1.194468198883256,1.562828367867373,1.3621432816689523,1.055086648290582,0.741233680930322,0.37651766859618635,0.021760596903599574,-0.3428789586807706,-0.7146736921601751,-1.0739399297040517,-2.245537297997282,-1.8105118856421758,-2.1716517147736067,-2.4949919707835417,-2.7456147221911493,-2.839070514983808,-1.5871883011827066,-1.4255675449449083,-1.6803357352261634,-2.0245104835698906,-2.3657510839042577,-2.7427089098167055,-3.114441226958395,2.784972502235163,2.401209076051162,2.0188066419386153,1.6344510693168999,1.251303101516906,0.9052399840465688,0.5495165131745703,0.26836620774991554,0.4545154130564185,1.8679771653581136,1.7234456650013272,1.398378230596016,1.0126244816472054,0.6084915355518163,0.21866895286295457,0.38050639759740224,-0.7853981633974483,-2.245537297997282,-0.5404195264793817
0.9827937388081911,0.942090141313258,2.819842099193151,-1.892546881191539,-2.0344439357957027,1.9513027039072615,1.8364158652440319,1.7177837454607012,1.624708791134525,1.4790047954353027,1.337750845183992,1.209869209489366,1.0567107374242128,0.911393812219381,0.7882256722383891,0.6711813529148981,0.6100039767944504,0.6351737383481231,1.141034070916711,2.1181481441153425,2.2976754925027465,2.2467741226564644,2.1359777202487527,2.011812855523653,1.851930618976122,1.6955611007086364,1.5110199667467652,1.3189815630029273,1.1169256843611866,0.9217242367075357,0.705421162760235,0.4390799170402913,-2.976443976175166,-0.8393996796856166,-2.5258621694115453,-2.9851436200895374,3.018757421879099,2.772071668328334,2.5502530268948598,2.343761736444824,2.1147245838084436,1.8925468736351356,1.6728343348475456,1.434452393611919,1.1852292860635725,0.8890814609869314,0.43738722684999276,-0.559380581535821,-1.81825023618394,-2.3345868381669708,-2.6548994621887174,-2.9248245187747473,3.13350657666523,2.9235939486057396,2.707225380331644,2.5028140761072626,2.3113696630202942,2.095465348090106,1.9149272966977764,2.356194490192345,3.141592653589793,2.976443976175166,-1.2490457723982544,1.1071487177940904,2.677945044588987,-0.982793723247329,1.1071487177940904,-0.7853981633974483,-0.7853981633974483,0.0,2.730792542116077,2.556529329924462,2.388382085687097,2.239085738261068,2.116103365267672,2.0810052559996874,2.205998874581217,2.861642820555851,-2.8375170219720363,-2.760139319436783,-2.8169266453903408,-2.9320782678348998,-3.099345678571377,3.0212971697277915,2.8586396176832745,2.697469778830867,2.5267575323405564,2.3644285432406416,2.2110602807523074,2.1199269476428637,2.0527345871734917,2.13195973056074,2.418782897842477,2.8083483576088883,2.999695598985629,3.012605677853682,-0.5404195002705842,2.7733639682613593,2.6166132843755,2.4364193969019325,2.2601163118126806,2.0661335867447006,1.9002853375024578,1.7456437776313283,1.5964317346254346,1.502492282470001,1.462578790018247,1.5385494436714473,1.6916108152964127,1.8046720427472938,1.8038565855639521,1.738727606636146,1.5915089938423799,1.3992149912282512,1.195000955885915,0.977672703843562,0.7350103056338138,0.49696858979140734,0.2434794164726071,0.007075353913744349,-0.20065287687345085,-0.37054406944267543,-0.5186542296072663,-2.356194490192345,-2.214297435588181,1.3998859724736294,0.10505989910287086,2.0698423019821277,0.10505989910287086,3.136569417375589,-1.5899766258705332,0.8097159742661041,0.7853981633974483,0.7853981633974483,-2.4087775473327624,1.1722738754167246,0.24084644889962606,-0.1859018085960941,-0.5476883444466862,-0.8878118275500783,-1.2508873936867437,-1.5878595165801008,-1.9239448553473446,-2.2571964033928946,-2.5744783770537345,-2.9027922002283746,3.0493442058880404,2.6868733798745548,2.278929296615336,1.531343125068429,-0.6055446414107345,-1.1659045165936104,-1.5530766636999132,-1.8488359724829493,-2.140802614342815,-2.4239729950834965,-2.6791119182914658,-2.950077883564745,3.08267600369968,2.8319458004941067,-0.1418970606729005,2.353154951786455,2.091884177797448,1.8965954285394875,-1.9974238303134448,-1.727688298862542,-1.9491252302415851,-2.1565605424000727,-2.3764619940622755,-2.5905548800290528,-2.795945331036332,-2.9996956037610283,3.0856417784931582,2.8857480485902025,2.7040828528332264,2.548184701122563,2.4025189463322394,2.312585795782313,2.397107325934995,3.0745790567695663,-2.4851052504143047,-2.352463194778489,-2.4344130006477984,-2.553179536439349,-2.7006683959061273,-2.841344172326088,-3.0019495313718885,1.5707963267948966,-0.1418970606729005,0.0,-2.819842099193151,3.141592653589793,-1.7681918866447774,-1.5707963267948966,-2.896613990462929,-0.7853981633974483,0.7853981633974483,-2.7367008516097013,0.6027712754974035,0.5217768322691879,0.43634887377214704,0.31737201342558885,0.19540195066554933,0.08288658337837557,-0.04408905949390142,-0.15067576242212855,-0.2434794086808784,-0.3113389852420889,-0.3244902830148881,-0.2313383654365579,-0.005304990034079078,0.3397434907229304,0.6086893204209882,0.71018907092529,0.6958677991623168,0.6507005811380889,0.5861688560938154,0.4924199172670259,0.3729484643369606,0.2543680731055004,0.15007279559743567,0.03475943997017464,-0.048798437398198814,-0.10917177811997739,3.0419240010986313,-0.07357214596166922,0.17670884921149674,0.5399764379120328,0.7853981633974483,0.9169346269182792,0.9188988929568502,0.8704886933543823,0.7717003762175632,0.658197506114176,0.5441978317358646,0.4189686075464177,0.30517421364794983,0.18336762421527467,0.09761503219946256,0.029482071523854188,0.02016533344425281,0.10967054852689577,0.40735223513096586,0.8037784380914458,1.061309311486254,1.1306989541584247,1.0949258319963324,0.9971006703744791,0.8814090668115817,0.7372922468265999,0.5893430795117772,0.0,1.373400766945016,0.0,-1.0303768265243125,-0.6747409422235526
1.4876550970109668,0.942090123481207,0.0,-0.2186689476689664,-0.7853981633974483,0.0,-2.374491701495018,-2.38675267684085,-2.433998116853039,-2.4806336338640382,-2.5384626195457227,-2.587248235822083,-2.647217016285669,-2.7061562498831564,-2.7590475524991938,-2.7950201679543087,-2.8187861566779904,-2.78636178261109,-2.569461716951487,-1.4846789120261714,-0.7428173855424111,-0.6026129173687699,-0.5913456503490478,-0.649909705369708,-0.7135465871307469,-0.7846884351932544,-0.867359435055918,-0.9560875352911222,-1.0571010863726376,-1.1719044452102867,-1.2766719063103713,-1.4136071480156434,-0.4636476090008061,-1.886257659337748,-2.9652264987979327,1.9993343899540332,1.6316965359410072,1.4451459952088057,1.3025660604184834,1.154550483371282,1.0365591275786714,0.9033607384391609,0.7689290677607131,0.610433701403838,0.4486337075649881,0.2655502925296,0.018631384661080955,-0.37885803106049826,-1.086893658046445,-1.8948887913935677,-2.428126415460758,-2.716800604291729,-2.9365049399864653,-3.0997816758499286,2.9982906071588977,2.8581825826496794,2.708930242134388,2.566581028849986,2.4219431999857797,2.5535900617789236,-2.8198421068220045,-1.5707963267948966,-2.896613990462929,-2.677945044588987,2.5535900617789236,-2.944197090805738,0.7853981633974483,-2.896613990462929,0.9272952057954462,-0.4636476090008061,-1.6969346466997055,-1.8084847127154564,-1.9250733467547192,-2.025866584566503,-2.1593629611782172,-2.262785202203209,-2.356194490192345,1.1071487177940904,0.5218342993075832,0.4287055224296587,0.30478172427409556,0.2024428321404058,0.11647717775865023,0.008684645459838564,-0.09563066491607451,-0.19787152709166184,-0.2974815689464724,-0.3794872816845274,-0.4462277514302607,-0.4906445242104961,-0.4647865689059898,-0.30219315907989197,0.21866894730996153,0.9423250377765217,1.1731150382246225,1.2145300422740368,0.4636476090008061,1.1189052061762268,1.0432925144205296,0.9504024297906674,0.8471125628446317,0.7522514927652455,0.6621808285993689,0.5637625150230007,0.5009110675195568,0.475906175391333,0.504973363012895,0.6325858632872934,0.9612284365521789,1.260587738725795,1.4371884543677311,1.4117936368349058,1.370426798228143,1.2832204924519057,1.147647529348379,0.9862719443655108,0.8452137208774121,0.6790524111425139,0.5128976417208283,0.34603728117834753,0.1830187569504332,0.07845498821027638,-0.00790497374799152,-2.356194490192345,-0.5880025918108696,1.399885969040131,0.10505990816965158,2.0698422885614787,0.10505990816965158,3.1365694174710885,-1.5899766268961242,0.809715998688305,0.0,-0.7853981633974483,0.26560355035433447,-0.0051281599876559026,-0.11900029395150052,1.5430256899661987,1.9917868906280733,1.867641004291003,1.644829574671066,1.43031369762307,1.2184646079389776,1.001886487701865,0.7773822841203676,0.5657580058497926,0.36601068697917516,0.15375239915372346,-0.038076823843064704,-0.2607636501238213,-0.493152909142499,-0.8946389308266297,2.87534059907352,2.3859476241367483,2.155367250011363,1.9671579765303007,1.7919969031124376,1.6185741469020998,1.4598547703185916,1.2949442091493502,-1.5707963267948966,0.9887960799295726,0.8431849979668622,0.681298253691797,0.5000687437481297,0.24199803901689076,-1.4352686140473436,-2.690139578735637,-2.9137356085707946,-3.081182377013881,3.0624701546848905,2.9300136518282645,2.821028362257822,2.698471626299847,2.5961960026449615,2.4794118249904242,2.3837666631357797,2.308039004284741,2.251399245893169,2.234842464436526,2.510049120247863,-2.1692152065006094,-1.7516347139714166,-1.7208232918401507,-1.7718427042281422,-1.8338432570568732,-1.8987435482907347,-1.5707963267948966,2.356194490192345,0.0,-0.9827937075983982,0.4636476090008061,0.7853981633974483,0.3217505467677885,2.356194490192345,-1.5707963267948966,1.5707963267948966,1.249045780027108,2.7028155243568484,2.8102983732287448,2.821147014593707,2.80582255760246,2.785725640484408,2.779837617964798,2.7359216511919637,2.7027147551699437,2.6807859665277207,2.6685898215672457,2.675580965608401,2.7252929514893416,2.8516784724619626,3.115420620563786,-2.7194205894535854,-2.250210120546603,-1.9759405862701085,-1.8637087121424434,-1.8213545890729619,-1.7912901014283895,-1.8155280745652986,-1.8307854101722372,-1.8501195293358814,-1.8770072031355336,-1.8963395271607553,-1.8946433226193051,0.7853981633974483,-1.8545295858291693,-1.707995984079958,-1.4461199931716162,-0.8786230914316764,-0.4474328235804939,-0.1868843868120646,-0.08150915307595305,-0.047363393636307725,-0.04786759965886987,-0.06920538508276783,-0.10794877381244729,-0.14128617790972764,-0.18414669637431968,-0.21349301563256637,-0.24316988657480992,-0.2359922372482017,-0.1980280661621123,-0.01813860033345123,0.43563134119679514,1.1223829984555331,1.4926946520562758,1.607000973681837,1.6415734287819765,1.6119557504107067,1.562297948049553,1.5037528182359021,-1.7126933798732897,-2.0344439357957027,0.3217505467677885,-0.8960553771285596,1.768191889578952
0.6947382761967031,0.942090105301275,-2.0344439357957027,-1.0516502125483738,-2.356194490192345,0.7853981633974483,1.7892936577743503,1.8054370123590908,1.797100533504128,1.7736971397172354,1.7436716314670149,1.696417580593508,1.6750354166346453,1.6448446660154141,1.6092389168160846,1.5872922922840749,1.5868721122432872,1.6307244819161044,1.7840396163933028,2.5879113313827955,-2.5755377447975314,-2.388332321373942,-2.3371037310257012,-2.347598713366394,-2.3635533107505573,-2.4346845928296768,-2.4713387615557427,-2.5430641230105,-2.625810593435992,-2.7102385391029507,-2.796175583557082,-2.8835047633127706,0.0,3.064820762320015,2.487509929175433,0.9695619813237406,0.33195428189059645,0.15906150200805794,0.038076825589803395,-0.09980084019693539,-0.20356832095466174,-0.32388426381860713,-0.43936088728459144,-0.562476234388668,-0.6821914688787778,-0.8347796461923638,-1.0078909116232797,-1.25593166203339,-1.721496882601447,-2.5090708333396696,3.0645641546787394,2.65591293336909,2.4282345555791727,2.281897841392181,2.13284539128231,1.9923754824977156,1.877432678171021,1.7504215421489253,1.6287424330883902,3.141592653589793,-2.761086276477428,2.819842099193151,-2.976443976175166,2.976443976175166,2.356194490192345,0.982793723247329,0.0,-1.5707963267948966,1.695151321341658,-0.40489178628508343,-2.1948193797716535,-2.29951766656031,-2.4004460259252087,-2.48827378343622,-2.582100321873509,-2.6691390099901016,-2.7482515087076114,-2.8398394331663015,0.3805063771123649,0.08314123188844123,0.023947516922207607,-0.048485177804274616,-0.15911639522354445,-0.23076325458583996,-0.3073185667651055,-0.3767628288536429,-0.44684246848576414,-0.5237950066931014,-0.5946224445417021,-0.6383614174626897,-0.65788860518221,-0.6355529403512182,-0.4907974856863775,-0.057229106344660725,0.6643709435882433,1.0263653867232936,0.5404195002705842,1.133041008615208,1.0951436448406402,1.0337421984345438,0.9736632246061944,0.890509788816638,0.8168908981627019,0.7506050603356647,0.6620439190795248,0.6071710089895335,0.5796781340286301,0.5809963487631586,0.6851196309249798,0.9280004365024742,1.2919926355744036,1.5206815833569045,1.620106970307914,1.600765937616435,1.5434593885370722,1.448696119858756,1.3173719185412023,1.1827737513545744,1.003790637063892,0.8653379426972989,0.6941791484942754,0.5365518788161501,0.38332963330398945,0.7853981633974483,-2.761086276477428,1.3998859778384805,0.10505990460505617,2.0698422966043952,0.10505990460505617,3.1365694170408602,-1.5899766274469442,0.8097159699908383,1.5707963267948966,0.0,1.5037328683592275,1.6657480331376529,-2.8125429587494537,-2.8133696976658555,-2.984482388242833,3.103333819538606,2.9326857066071588,2.7283162447307583,2.5345003030797275,2.3154008073244796,2.111468033869717,1.9220949290934326,1.7404775510740988,1.5457493737769001,1.3551035626097814,1.156464921588903,0.6121524969450833,-1.923786714621807,-2.2560020032807886,-2.4306329659408603,-2.6027225787914126,-2.7509856098921066,-2.8767753236840043,-3.0541870552263606,3.099632563785888,2.9731631480516327,0.0,2.70598924444235,2.5559305957975162,2.3949681512161693,2.14741730801028,0.4444192099010989,-0.6543702459705546,-0.8834434406912876,-1.035583304991048,-1.1381633006368856,-1.2547751059182564,-1.3748977718147644,-1.4814641661872658,-1.5732624130410258,-1.6523272541170906,-1.7225780705471956,-1.7879813190187397,-1.8590865707418887,-1.887255925273138,-1.7970154647687948,0.2821237321427154,0.6486424516665438,0.667777805245835,0.6237904001571308,0.5590601448040289,0.5254303991539002,0.48115354450075015,0.8760580505981934,2.0344439357957027,2.761086276477428,1.5707963267948966,2.0344439357957027,2.356194490192345,0.0,-2.356194490192345,1.1071487177940904,-1.5707963267948966,2.5535900500422257,-0.7647292725462259,-0.7083069873364765,-0.6971560664564452,-0.696191552313541,-0.7147786383882707,-0.7296556763738791,-0.7306683597036034,-0.7404246953707446,-0.7367165905740518,-0.7067838705841978,-0.6640461628266846,-0.5272450319729264,-0.3177665117307893,0.13234873367848482,0.6579928478587844,0.998417451867806,1.176397569094357,1.257779174806681,1.3249496083305095,1.3377465583953447,1.3521273809209546,1.3595680316996988,1.3466772724275946,1.348372033767614,1.3492488626767327,1.3850824785352527,-1.2793395323170296,1.5381618689402585,1.741147484214248,2.156391230340074,2.693682244094239,3.097568254151026,-2.9819459839291316,-2.883196265391075,-2.8332027668720685,-2.8254776062206903,-2.826510599938509,-2.8497131334015635,-2.8597761524259577,-2.869323829873412,-2.869847591415789,-2.864061043588804,-2.8276206804207136,-2.754897430411886,-2.507683576746497,-1.9880331649242045,-1.3442161535680521,-0.9805067060797662,-0.8369441200564149,-0.8046602291301428,-0.8145596774232512,-0.8504352106538152,-0.8863524927322869,-1.2120256565243244,2.677945044588987,-2.1112158270654806,-1.7681918866447774,-0.5404195002705842
0.17985350821282917,0.9420901029149501,-1.1525720065164964,2.677945044588987,1.8925468736733688,-1.6814535452182422,0.8495302931489336,0.8631101842466292,0.8621700597555318,0.8480073370933968,0.8303357713748842,0.8144758753677104,0.7806970846577385,0.7465826847101227,0.7216548616367298,0.6960600296452291,0.6751562832017951,0.6695850255423973,0.6981204097852843,0.7878795260776946,1.3130910851059894,2.80519112000243,3.12389538595532,-3.122961269066185,3.136919790370476,3.1338207889913643,3.0724191272546117,3.0280389023897967,2.9638417238322354,2.8985839477195574,2.8308453159645683,2.755147855129489,-2.553590061608641,2.5330185680713218,2.4139337567872703,2.1637452919485636,1.5965638170182221,0.5393832403466919,-0.14747226515588505,-0.4082649954103587,-0.5999721359565848,-0.7178631230378709,-0.8431537836845201,-0.9531472610976582,-1.071352839880966,-1.1859471183257377,-1.3027131867076553,-1.4347374090456448,-1.5967870079038442,-1.8249210738163606,-2.1183011808527623,-2.6250349574359713,3.023860079791551,2.5086856019393355,2.1754640561120855,1.9348591156935877,1.7602981501381694,1.632411208562038,1.5030575191089093,-1.1071487177940904,-2.0701430791223454,-1.989020647073297,2.7610862712924833,0.0,-0.9272952059725402,0.0,0.0,1.5707963267948966,3.141592653589793,-1.8157749899217608,-2.1504518773997354,-2.3013568997744516,-2.4088883039785967,-2.508770203889082,-2.6264319211641913,-2.716910463398099,-2.8248126688364903,-2.9269997819135978,-3.0037855530264572,-3.10797303822873,3.060520740297743,2.9399508441351974,2.3715779044972933,0.09536204329711233,-0.20687394546760518,-0.359403989030206,-0.4571602149035155,-0.5407177380242426,-0.6120994423521224,-0.6921732411009959,-0.7834450204703902,-0.8524909663408196,-0.9443825435146762,-1.0043099341148416,-1.0494280093052204,-1.0925156512494858,-0.5404195179603962,-0.9914703021595039,-0.5863162630822303,0.15214832601529918,0.5418814957502923,0.7293239669081443,0.7207633809761266,0.6702633595036545,0.5968436976563344,0.5033203880324213,0.41215365777392293,0.3115468537718484,0.22044370376140504,0.12029547913684963,0.03600501686336022,-0.047301969961151276,-0.10762845703823258,-0.13386510354822262,-0.07105455734392951,0.07574765203564077,0.35989995443757833,0.6197178688162077,0.7228097457323438,0.7150916840822064,0.6387785896998304,0.4587276188628494,0.2873969302634946,0.4636476090008061,0.0,1.3998859827464225,0.10505990387014445,2.069842310816938,0.10505990387014445,3.1365694172486376,-1.5899766261158703,0.8097159971553821,0.4636476090008061,-1.1071487177940904,1.8219720932723642,1.5767017701420891,1.3391962260303685,1.1265847238061588,0.9054494252809362,0.7075740328953191,0.4974692994786214,0.2975379299039842,0.1036990819987943,-0.08391462756516223,-0.23494135082315892,-0.36120375757303735,2.5484221081586296,2.374759985285435,2.2234186634637694,2.042847122582682,1.8944905336988647,1.754303884360647,1.6168409711061411,1.4740840577404932,1.3330704890961627,1.1944191569590024,1.0534651115432045,0.9252382783999867,0.7746127633067866,0.6063411825137122,2.677945044588987,-1.1220729948400383,-2.3599119483784934,-2.6016684722192003,-2.7895483329962056,-2.884184792399022,-2.9913505829005467,-3.0939466203478214,3.0865105879727266,2.979103544566322,2.899118683583401,2.8083483426993805,2.719528957129643,2.6298308683796576,2.548636108400404,2.434819926731826,2.30361143389812,-0.6393858924450267,-0.8125653612625366,-0.8972105529311273,-0.9678620274349051,-1.0347057901480297,-1.0967982915178498,-1.173680935088493,-1.222612237380613,-1.282740889922227,-1.336724216414631,1.4056476534441453,0.7853981633974483,0.4636476090008061,0.7853981633974483,-2.677945044588987,-2.356194490192345,-2.356194490192345,-1.8490959943111442,1.5707963267948966,1.892546881191539,-1.4288992676798304,-2.170686937152031,-2.1959795878694073,-2.233838942673331,-2.2643190057548868,-2.2853855648182075,-2.2958872349836184,-2.325125871767022,-2.3257097258285406,-2.2867874866736813,-2.187444384693258,-1.930989476898551,-1.1956894645917002,-0.454719284793257,-0.1939147181483204,-0.07326313285304578,-0.0074848903273316905,0.0025031236933728456,-0.006864881107370311,-0.022336711277865063,-0.0186894125869455,-0.04570619085855057,-0.046006061068637555,-0.05606946479220521,-0.02674521404254823,-0.02076852496487434,0.06536130961577447,-0.6610431410912897,0.5601747539095369,1.2503737876045775,1.803826346954996,2.0789689516914405,2.1794856024016402,2.223769396401949,2.2582430866589895,2.247183072615829,2.2473593152961757,2.240278111049152,2.2152571456344314,2.205614030125317,2.197241522987879,2.206128474966741,2.2217047165586403,2.3068354111984637,2.4718662994598746,2.958481840581623,-2.5036870222780427,-2.069931994882002,-1.9102964884335603,-1.8674951772123511,-1.857258382338778,-1.8689822200954946,-1.9006413621682774,-1.9421302665138644,-1.8157749899217608,0.519146128126222,-2.677945044588987,2.819842106711321,-0.24497866312686414
-0.19739555984988075,0.9420901060172592,2.819842099193151,0.8960553845713439,-0.5880026035475675,-2.677945044588987,-2.7151146498563916,3.1048155513866615,2.6229720017803992,2.1264527101186332,1.6222530085576292,1.1301289630994846,0.6199704123555863,0.11307765749833017,-0.39112543238578956,-0.9034451306791336,-1.4019036874667479,-1.922710134234887,-2.470023575068156,-3.045615157950098,2.3946370966436086,-0.39358704334387634,-1.1401735585904267,-1.7000358289728408,-2.2509246806775853,-2.7817885294802305,2.959749711485346,2.416515414899026,1.8768044076869053,1.3274695245312595,0.7734864828893001,0.1998525634084625,1.4181469983996315,-1.0253363225580407,-1.6977023385289987,-2.5001199733761856,2.837496763935506,1.7355365090850574,0.7951880517387581,0.017321102243710564,-0.6729120255153659,-1.303017563015173,-1.9211105611004222,-2.5315266027616374,-3.128606370486486,2.533973573192814,1.9196624554773105,1.2745425465434945,0.5992033520024272,-0.17143954846114975,-0.9802110943326813,-1.8675521061708995,-2.76176126535993,2.7106606486718587,1.9604371833077354,1.2823925828497427,0.6553483471677244,0.03242106699160771,-0.5764201235948949,-1.5707963267948966,-1.0303768265243125,1.1071487177940904,-0.5880026035475675,2.356194490192345,-0.6747409422235526,2.1112158270654806,-0.4636476090008061,1.8157749899217608,-2.158798930342464,2.8632929945846817,2.960091714078009,2.342903642016931,1.762245671812121,1.1794062999972321,0.6014881450311194,0.024039083451956145,-0.563795038664245,-1.1544065943957587,-1.7668396137602453,-2.4178857259047217,3.0666345424434,1.6960119029907983,0.1886392205227689,-0.6860948805177747,-1.3561800466117575,-1.977948854500039,-2.5566596125755248,-3.124982885417896,2.5948429477197332,2.045023124180049,1.4873088358712367,0.9297407579220243,0.3791586603802664,-0.14584960631881455,-0.6625629436334123,-1.1722738956238172,1.5707963267948966,-1.4722158117747284,-0.5109495747031548,-0.7605725214692605,-1.2237757336216806,-1.7476186622666223,-2.3001603838199816,-2.8481899054487463,2.8720594030359017,2.293915982181728,1.7368271495711123,1.1647390623202691,0.5949931486528937,0.04275467857732978,-0.5027065816867716,-1.021967994143835,-1.468589613363813,-1.808003137783258,-1.8441516534362568,-1.8819371933173419,-2.135814461950256,-2.5877089634527803,-3.119274931099294,2.5702551976703,1.9674358749088643,1.326249449762064,0.6662737533240417,-1.7359450042095235,0.3217505543966422,1.399885979234888,0.10505990342888523,2.069842297770862,0.10505990342888523,3.1365694169186784,-1.5899766277886118,0.809715996754397,1.7359450042095235,2.356194490192345,-0.2649013076049842,-0.9599132270344577,-1.647688453877395,-2.3287132678759135,-2.999867793676397,2.61674455046909,1.9407456866271948,1.2832840683726525,0.6166876269013541,-0.03267781288942041,-0.689181422284205,-1.3739410105759813,-2.1824538292593427,1.6780751803412657,0.27051338867642555,-0.48080031287166397,-1.1114130970277443,-1.7150319219189132,-2.338241684954476,-2.937506915792042,2.725690292312102,2.1324751167946743,1.5328525084506273,0.9399196889300545,0.32733263661459855,-0.2765751621976187,2.0344439357957027,-1.7312748748235927,-3.016422666456913,1.5145177908445282,0.6109311886354967,-0.0439856986037648,-0.6740953537603402,-1.2486736115747918,-1.830661590562663,-2.4059081919810352,-2.9622594051336466,2.769165454037362,2.2221965031432527,1.6640502351389441,1.0962934634386918,0.5228438047291531,-0.09329562243645619,-0.9936040992729861,2.896613990462929,1.9347752862090764,1.3178813243767247,0.7552262278630583,0.1953318144447959,-0.35109759510081495,-0.879117596823673,-1.410267893774164,-1.9336196357769695,1.5707963267948966,-0.3217505543966422,0.24497866312686414,2.999695598985629,-2.677945044588987,-2.356194490192345,3.141592653589793,1.9513027039072615,-1.2490457723982544,1.8157749899217608,0.4636476090008061,-1.9092179163517655,-2.408632558806457,-2.908140235614432,2.8624728432314774,2.3609791243416614,1.8706485128650727,1.3603027099671714,0.8719736835075889,0.3781422953533311,-0.08369663666793167,-0.51333041271016,-0.7526825814483765,0.39762797319348325,0.5917761752932306,0.20252373273552013,-0.23589460814657717,-0.7063054854212023,-1.1792406551585402,-1.660785183154366,-2.1349707577919745,-2.6319782299006014,-3.105580109703403,2.7014555664899027,2.2277330992862594,1.7653998870005527,1.3289667179019224,-1.5707963267948966,0.629027611115659,0.9537499384852012,1.514404563539189,1.3734007547565854,1.0106975215913259,0.5933970149704986,0.14636839712458152,-0.3305396744879836,-0.8078000625158932,-1.2823751161379082,-1.7663479924854493,-2.2471645064583736,-2.726771165556305,3.085720294773893,2.6138455295033887,2.1779812381938384,1.7915404358819438,1.6205772275960146,2.1677942016672933,2.4855324204223446,2.227260363368407,1.8054370076313688,1.3301094818310497,0.8549940882251655,0.3508227697032541,-0.1651486826753074,0.5880026035475675,1.5707963267948966,-2.761086276477428,2.761086276477428,-0.6747409422235526
0.4636476090008061,0.9420901225025305,2.677945044588987,2.6011731166207266,2.1112158637639635,-2.896613990462929,0.8133055351530396,0.5640037715267385,0.33796943625254156,0.11510757210160329,-0.06336456564683622,-0.25081712866394523,-0.4593295265486083,-0.6556469291613866,-0.853140952454081,-1.0593763546865667,-1.2654272261637205,-1.5185959174549022,-1.7827539644196748,-2.153911990828417,-2.773415284779488,2.447339125497823,1.6676787692952142,1.2555462255355185,0.930439837046706,0.6779777476729592,0.422200645812946,0.1861600803833773,-0.04912710412048244,-0.2796619133220542,-0.5270908815038065,-0.7764240345783446,0.4636476090008061,-1.355881758299196,-1.7044041946012591,-2.144789349825374,-2.6795723750510323,2.9999582678872807,2.443351754475173,1.9766410415533207,1.5946013536496988,1.2511749504192975,0.9540412269791885,0.6539010558717935,0.3585456144801507,0.06715035170517905,-0.22949924118597498,-0.5607942880035033,-0.8941675116996975,-1.2725853989277311,-1.702489656794219,-2.1852411267134784,-2.654380382035507,-3.0909114546102363,2.7818748560709956,2.398348749702858,2.0736395294376617,1.7562824248386042,1.4482496569650025,-1.1071487177940904,-2.677945044588987,0.7853981633974483,2.7367008565482585,1.768191892643568,0.0,0.0,0.7853981633974483,2.356194490192345,0.7853981633974483,2.356194490192345,3.0461654921115904,2.740429866711254,2.452464195525463,2.1788400642102173,1.892546895870932,1.621684032217,1.3059789808623687,0.9853911083308382,0.6226320004770773,0.1611193950668643,-0.40874466739949616,-1.07537459551691,-1.6945734563376462,-2.1630701289298826,-2.548733562827895,-2.865186224826752,3.112742442335789,2.8467827896066433,2.5867870479906228,2.333017195001215,2.0590334257947975,1.8049528891128763,1.5404588161445392,1.2561147143355957,0.9460315877887521,0.514199750658867,2.446854418302873,-1.4659193930024796,-2.258188165306573,-2.696480510860264,-3.0533270183198,2.94927033060659,2.6722794084654677,2.4057406915845787,2.1244258510279797,1.8464587124414926,1.589463936432974,1.3124527366390477,1.0397854521564067,0.7618731045634956,0.4940854125999327,0.233884449466861,0.05109185920047895,0.23860931949639447,2.1368512016374464,1.9957179098237854,1.7466124913202463,1.4475706321769288,1.1371485464312912,0.8123492550071176,0.48891866915347687,0.13063857282096003,-0.23130584914561772,-1.695151321341658,-0.4636476090008061,1.3998859733839453,0.10505990469653305,2.069842303975569,0.10505990469653305,3.136569417165638,-1.5899766273685128,0.8097160156317358,-0.7853981633974483,-2.677945044588987,2.8724251552891826,2.570067321872464,2.2402125156138646,1.9119448189629078,1.5884509928926007,1.2787767999574864,0.9559310097147002,0.6470962209329534,0.3267573445185522,0.03173537327721231,-0.2614289316684446,-0.5680185865128741,-0.8842704087372482,-1.2036224994083702,1.9480453849015653,1.557283634718427,1.2675934000764162,0.9940957095140763,0.744295796072227,0.5030211811866709,0.2446788923313655,-0.01577538957138875,-0.24645793342165823,-0.49750379153248986,-0.7330267368156768,-0.97350894391592,1.8490959799144024,-1.4975331888773453,-1.9558021133119488,2.7445132072606087,1.4936019580631923,1.1513906711331365,0.9174715588284506,0.68989520269335,0.4636476090008061,0.24214937198200798,0.05729383981530422,-0.14816000949330485,-0.3465058705709934,-0.5299328103398095,-0.7076044719527183,-0.8942333177054261,-1.042721859212929,-1.1902899496825317,-1.1153452186606099,1.2540962305290448,1.201152118871518,1.099259331636923,0.9286188511797995,0.7610127865089216,0.6056969436214409,0.4390047221611379,0.28362189372372976,-0.4636476090008061,1.0303767898258298,-2.944197087741122,2.1815223163065567,0.4636476090008061,1.768191892643568,-0.5880025795524069,2.2142974605431487,1.768191892643568,1.2490457879951087,-0.7853981633974483,-2.0078230093453002,-2.1153480529800026,-2.242968478903323,-2.3775002704180745,-2.5095594313855027,-2.6272930258489824,-2.783060759693902,-2.9236273680241656,-3.05285830732287,3.122204501370182,2.98552947136236,2.9553698113226368,3.0321417090140286,-2.7233683175788714,-1.755534331489383,-1.528804218811239,-1.541958171030326,-1.6380599701543557,-1.7432594030800468,-1.8601181897643424,-2.005867098270706,-2.1377552530707997,-2.2880550214074376,-2.4232418429035247,-2.561402415658376,-2.7051907905529164,-3.050932767667479,-2.962253822892679,-3.062006512471154,-2.918422614503179,-1.0943288799807702,-0.7829650405916445,-0.8533407791148501,-0.9610401770617606,-1.1092957794422855,-1.267664987168205,-1.420931312167379,-1.5877589860914634,-1.74698399567071,-1.9169870851218058,-2.069838696236648,-2.248237712654123,-2.414416399765076,-2.5887514546092065,-2.7407992001524115,-2.9405251378693977,-0.013512691070282223,-0.1102888950665477,-0.30636713674312904,-0.4933786365600381,-0.6839983055526339,-0.8683138917536869,-1.0697645648606444,-1.5707963267948966,0.41822433601092196,3.141592653589793,-2.8198421147900055,0.9827937472424897
1.4288992721907328,0.9420900975413767,-2.677945044588987,-0.5880026035475675,3.141592653589793,1.2490457723982544,-1.2125820480785021,-1.2395781947584483,-1.2484458839490749,-1.2658676672093248,-1.2982052160259294,-1.3216778577591237,-1.329174965510535,-1.3421002550899392,-1.3365124578921,-1.3000273340401782,-1.205466574548089,-0.9297361926293111,0.03354445914668337,0.8966534437860064,1.118407176225568,1.1817143492350748,1.2051270895418456,1.2094732532265047,1.2016816077120156,1.1748493288978994,1.170310936051497,1.1381748219182564,1.1144656581841819,1.1010647558337021,1.0964324570807866,1.1106791684338033,2.356194490192345,1.4288992792182982,-3.0986083923027214,-2.589439651194941,-2.538487368634473,-2.5116730441130266,-2.524770613117783,-2.5411080228039444,-2.5600187646739054,-2.5953883913075813,-2.598012351939156,-2.610612802267193,-2.611860510955973,-2.600624583066004,-2.576568061492452,-2.477249144926382,-2.1268524067366252,-1.2268271983304369,-0.48754013371319926,-0.2624979654507768,-0.17478538234441196,-0.11575921715830549,-0.09995234304588559,-0.08097438730564421,-0.06148020939071756,-0.06094560222132938,-0.044613236388188184,-0.3217505543966422,1.695151321341658,2.819842099193151,-1.5707963267948966,0.3217505543966422,-1.5707963267948966,-1.0516502125483738,-1.892546881191539,-2.356194490192345,0.7853981633974483,1.892546881191539,2.198518518414714,2.236841850594028,2.27152654140081,2.326500273011573,2.3655399973767595,2.4073033947681197,2.4998521312624002,2.6008946754207427,2.731751597541443,2.900055471872347,3.141592653589793,-2.9051882658446644,-2.6597999364969427,-2.4628306916827616,-2.3021235333797847,-2.1816629824920226,-2.0786691923516702,-1.9896463433433784,-1.935997760950749,-1.8644824544043612,-1.7931937025602755,-1.7407388187094668,-1.6498539314719094,-1.5862034283140727,-1.4853826721333638,-1.393968546397604,-0.5404195002705842,-1.1737169055133896,-1.027078690834138,-0.8865813509576564,-0.7629929629273978,-0.6200294738527572,-0.5189208020727918,-0.42057767934960666,-0.36308439153602395,-0.30678006876206104,-0.2765552136385619,-0.24914215838866047,-0.2594870099363097,-0.25699824171679525,-0.2599573129852379,-0.26438115578893046,-0.25502398586282193,-0.23691838937802184,-0.2057617246737957,-0.1627273643251551,-0.0923293378379694,-0.03833737252134749,0.011079878702253973,0.03897746580751064,0.04234754972590177,0.00573059634502813,-0.05438757316539659,-1.5707963267948966,2.819842099193151,1.3998859729461601,0.10505990899297775,2.0698422657269386,0.10505990899297775,3.1365694173129492,-1.589976627933532,0.8097159648019988,0.0,-2.677945044588987,-2.1545526809715536,-2.4810948692386257,-2.790987635126932,-3.039385937082831,2.992627825412698,2.725816675694144,2.4793569546101737,2.2281630285279697,1.95332154576214,1.6659527662798896,1.267100545433453,0.7181679970022289,-0.015808959731658453,-0.7051113398488781,-1.185398917866811,-1.5060016638732012,-1.7517600100505981,-1.9641028238939415,-2.176896511228235,-2.3622550224636467,-2.5386260504483493,-2.7178787841006855,-2.9062610619185647,-3.0892522133215747,2.963211662464081,2.640772094464136,-1.1659045405098132,1.5741633173338394,0.9529765344282495,0.5031407631968086,0.23804636918360964,0.014748192592889738,-0.16152395488204258,-0.30707339919694554,-0.44909770846665864,-0.5774961890900564,-0.70058188197737,-0.8295253369142468,-0.9649118556974754,-1.1349391242207147,-1.3311834745048547,-1.6823996224430835,-2.272590908213725,-3.110106998055764,2.657733784690439,2.353491809018562,2.1621061005140993,2.0057517380225165,1.8854798585276376,1.7892392463442472,1.69911955196314,1.6117733766645677,1.512468401016556,-0.4636476090008061,-2.356194490192345,-2.677945044588987,2.5213431676069717,1.5707963267948966,2.356194490192345,2.819842099193151,2.356194490192345,-2.356194490192345,-0.3805063771123649,1.5707963267948966,1.0448522152501458,0.972644639188587,0.9015164012422963,0.845228011361156,0.7876386252375598,0.7255844549857379,0.655131584032313,0.5911757751826303,0.5127555399352598,0.40232109182680825,-0.20487671226495413,-2.3511694346864473,-2.5453052324716143,-2.6388345396151554,-2.6997094009408036,-2.7636243461036107,-2.8016373148187492,-2.845772874707849,-2.867336637719142,-2.9077112383117574,-2.939784764447451,-2.9662122838301577,-2.9920158109221946,-2.9759419660293327,-2.9694018450843416,-2.9043180011691843,-2.601173153319209,-0.916077739180957,-0.3835814052928754,-0.3133582297163972,-0.3164697688898552,-0.30200862401559486,-0.31735719110574434,-0.3239050725200944,-0.34517699577886196,-0.3709844532038413,-0.37537470963551445,-0.38159825085340426,-0.3914207940966254,-0.3904712935707145,-0.3585889263439821,-0.28813248696858873,-0.00704213704732414,0.7853981633974483,1.7064887039438992,1.972515346750161,2.0634814177892067,2.100043143761134,2.098106622181203,2.0900610315414476,2.0689960934774487,2.0239343938670666,1.9943383195044453,-2.8632929945846817,-0.7853981633974483,1.1071487177940904,0.7853981633974483,3.141592653589793
0.620249461107055,0.9420901391918293,-1.5707963267948966,2.976443984467088,2.9996956020536403,-0.5404195363648341,1.1164712901930955,1.1461598547824585,1.1614758776270542,1.1862541945640181,1.1963983906522466,1.2291592530289452,1.2823553139372736,1.341964603196013,1.4513096588936065,1.6149372506811657,1.8979304016601106,2.311448241276394,2.690676974213248,3.000226954990874,-3.0919440471539597,-2.9725854644084815,-2.905640542542882,-2.858703843828421,-2.8205008637363678,-2.793181741923555,-2.751511465716632,-2.717498195411126,-2.6757252817655717,-2.613310306854689,-2.4857899117116413,-2.2597207362162375,-1.7126933783310494,-1.4398964747022105,-1.0183492017912135,-0.7826659167135861,-0.6206139263304042,-0.5539764075134509,-0.49227415329204743,-0.46157295402932047,-0.421879357916597,-0.39401627127160405,-0.3612527455707601,-0.3157386135047641,-0.2509309678068823,-0.15704376254509775,0.020700975625920503,0.3186059035142438,0.7282086752180168,1.111704472007796,1.4297762041300681,1.6016084900425314,1.7172331905840943,1.7721674853626386,1.8235429859243848,1.858435479461402,1.8918077867801748,1.923088795822008,1.9792514259413645,-1.2924966735784855,-2.4668516964003318,2.9996956020536403,-2.7367008567253612,0.0,2.356194490192345,1.7359449959176017,0.0,0.0,3.141592653589793,3.141592653589793,-2.258812539898436,-2.2184498353426023,-2.183785380421565,-2.1358184318530755,-2.095713191336294,-2.029727006810178,-1.9266543815105313,-1.7730698941465108,-1.5384102446210974,-1.2736428266420834,-0.9883976395464588,-0.7506295759901097,-0.568650195712045,-0.4485625456963921,-0.3705148167611209,-0.3309729464824009,-0.2933803840732055,-0.2462710756485773,-0.2098044217502954,-0.18010782574714623,-0.09952109532060692,-0.03209170648181961,0.06990386572237496,0.20547542303529923,0.395109491148444,0.5951241435248346,0.4636476090008061,0.9469610297205073,1.0816765252637595,1.1557471188526507,1.1850498209464866,1.227673552209012,1.2490457723982544,1.2444161719727873,1.2611494580165565,1.2644444411891822,1.2876713145170418,1.3153101710117778,1.371516108703945,1.4525998369060176,1.5445441518602103,1.6468823463799245,1.730069203893592,1.8099239964496048,1.8260679753419884,1.8330146635189983,1.8052120019275506,1.7525295215403782,1.7097260286375067,1.6339177791819066,1.5520191904859073,1.45323075345768,1.3824400648108988,2.0344439357957027,-1.8925468658514835,1.3998859770039676,0.10505990277565141,2.0698422656532873,0.10505990277565141,3.1365694169887894,-1.5899766270170934,0.809715985271012,1.1071487177940904,1.5707963267948966,1.2454356981178147,1.1222609155124166,0.9448057801011743,0.781327636799901,0.5880025846674986,0.41032534291801104,0.2386943790433819,0.07882791358524935,-0.0696121049194087,-0.20902295328202475,-0.32343971676735994,-0.36599250543979855,-0.06965456998574877,1.1682968918497738,1.6187943639083282,1.6233793859078938,1.5646108384710768,1.4739958920695588,1.3742581670070644,1.2690604823561034,1.1912657921924996,1.092795662362067,0.9911235744950562,0.9206223195068418,0.8779993146749417,0.8464043740817846,0.0,1.2703191659743434,2.392827330379315,2.8985278540956494,3.010626179690129,3.020796365736778,3.001907984396131,2.9617391464340876,2.9237510720981867,2.8780476841832314,2.8335936767202865,2.7949187871369596,2.780215277243588,2.7755608695816063,2.8228816001003367,2.918349700714665,-3.08106063352699,-2.44685437739309,-1.8425304099056072,-1.5506479193589533,-1.4450482546296917,-1.404132491797323,-1.382817638277335,-1.3899841468222438,-1.3937347238505757,-1.3996477286435036,-1.4060170601384465,-1.1071487177940904,0.0,2.0344439357957027,1.1071487177940904,1.1071487177940904,1.1071487177940904,-2.356194490192345,-1.1071487177940904,1.8925468658514835,1.8925468658514835,-1.5707963267948966,-2.394061832523081,-2.355383440575546,-2.3374173579168027,-2.315416494107238,-2.2909841823789563,-2.251922869260954,-2.211034384321612,-2.1421337897510337,-2.0268683169468606,-1.8467925033956127,-1.5383887233747116,-1.1071487177940904,-0.7055004892441702,-0.42613170499811537,-0.24458182807917517,-0.1422864645450856,-0.06785682504403942,-0.021249597634885434,0.01707411368296135,0.061234134486180786,0.08604897056030661,0.1344710593271848,0.17921573862081044,0.253098010717092,0.37846258035724145,0.5752156061164034,0.7853981633974483,1.2608272505627809,1.643784719611754,1.92078798219362,2.10222507632427,2.2059831753299624,2.2931865006552954,2.3460646278500987,2.3931639286190776,2.433976514687825,2.4646248489976275,2.506774975793493,2.549470006173577,2.617922324896874,2.7368791355506477,2.9161199051744187,-3.1071894072041926,-2.759927067613456,-2.349373308031554,-2.0679346732504453,-1.8838890905175345,-1.7766305175216606,-1.7126933770031043,-1.677497617804846,-1.6617920171966447,-1.6478460336882672,-1.6354608988168147,-2.356194490192345,1.0303767904300625,0.0,3.141592653589793,-1.1902899391031825
0.3217505467766966,0.94209015183656,0.0,1.5707963267948966,0.3217505467766966,1.3258176636680326,-3.10842404469116,2.7347714127377625,2.2947652899229825,1.8436941811745187,1.3887546469676249,0.9604925662199375,0.523575738076317,0.10927294311148357,-0.25732370053210935,-0.550284632944028,-0.770473924474705,-0.8695364055352627,-0.9171991748530108,-1.064658796988594,-1.3361429466159207,-1.678183035781151,-2.064143711144987,-2.4809503745539487,-2.9093372768050223,2.9406189079135996,2.495726968021376,2.0616824006022942,1.6346193033900396,1.2343212593049873,0.8736848012629523,0.5774396025215333,0.6435011209851975,0.3902886814480371,0.3771116317779522,0.20444645647318954,-0.09932244691890126,-0.46820486386769733,-0.8690733063579772,-1.2802735479338503,-1.7338628656140709,-2.171403330151269,-2.6070927025990653,-3.0329083687532683,2.832208979648038,2.4523780442364345,2.127359387407457,1.8799642708926405,1.7506498301341133,1.7015528490598646,1.5778716802894668,1.3243863712758535,1.0202191542130643,0.6353947301445084,0.22456691844794513,-0.19954198690436062,-0.6335746969183192,-1.0647466476245067,-1.4948826386159138,-1.735945000090634,-0.9505468325742957,-1.5707963267948966,3.141592653589793,1.5707963267948966,0.0,-0.24497866312686414,0.0,2.761086271222293,0.4636476090008061,0.7853981633974483,1.2085956631247443,0.7765015814541849,0.3426054692433117,-0.07967886003569845,-0.5103040397235636,-0.9159642668060096,-1.3261917788720752,-1.6960119065032144,-1.9863954657131444,-2.229488432781016,-2.4149502942231433,-2.607709013062847,-2.8560020425524173,3.1122432862994405,2.754716931487435,2.3719992785998247,1.9471349851550621,1.5125965474372913,1.0733155022369445,0.6513418689095887,0.2110933391700213,-0.1918775304135264,-0.5907612088770291,-0.9479717301675105,-1.27259327827842,-1.5707963267948966,1.3258176636680326,-2.142261745594564,-2.444571283228931,-2.8063214791994167,3.0906164487935786,2.662761847694418,2.2177327727904617,1.781572001047182,1.3000121855291304,0.8318512082984956,0.3781422975386117,-0.0793592081730059,-0.5205169379418619,-0.9537607748768473,-1.342543740493206,-1.726214773842427,-2.116023483609648,-2.5103666357020655,-2.910234036123074,2.9374977730643317,2.4647705281338235,1.9672849333832385,1.4352686098417902,0.8921338595275126,0.35167255656071755,-0.2170008795577773,-0.7853981633974483,-1.3258176636680326,1.1071487177940904,1.3998859733615363,0.10505990599049667,2.069842287739816,0.10505990599049667,3.1365694170946936,-1.5899766268675404,0.8097159970532968,2.356194490192345,1.8157749899217608,0.519854343416874,-0.1415699412228002,-0.8129673671629211,-1.463799117447957,-2.111814641220374,-2.745337022425412,2.886410260811114,2.2613078911915125,1.661456215994316,1.0796327349539585,0.6060947347856734,0.44513123836344143,1.1156955200078433,1.0867433830469653,0.6407078029220608,0.09654106161824372,-0.4666963807224032,-1.0337316559164451,-1.6085934402804392,-2.1778152873337375,-2.744143103684323,2.9839900832136177,2.4370364756839136,1.8980921179685641,1.4015137364913923,0.989850059545701,0.0,1.505847157225022,1.5796456535796723,1.2350361953440037,0.752692907973983,0.2688897942507242,-0.23218163387035792,-0.7393347960819231,-1.2644043246521681,-1.7728959779280171,-2.281126912076877,-2.7663218470155635,3.0361222937118386,2.584659648537992,2.1919320900841677,1.9846458863588605,2.055946002290673,2.244238542819976,2.1235374997875067,1.7939096824457264,1.3794574334487337,0.9450612698863516,0.4670317247186758,-0.008254528858250437,-0.47650037970283937,-0.9498837922724508,-1.4210280544940743,-2.356194490192345,-0.7853981633974483,-0.4636476090008061,0.0,-1.1071487177940904,-1.3258176636680326,-2.356194490192345,-1.8925468735715931,2.0344439357957027,2.677945044588987,-0.5880025918245743,-1.7419896669897235,-2.183410325000013,-2.624787822973812,-3.075536748547913,2.7615141839088455,2.3456128718410993,1.916563638596911,1.5401607534764157,1.2170370095622653,0.9952113819179045,0.8819957925906055,0.8575162357288614,0.7423625248175415,0.4931956639970367,0.16137511692989695,-0.22497477781220715,-0.6279946972071544,-1.0613791979627358,-1.484431613181484,-1.9172501654112286,-2.36085282757335,-2.7788602799682947,3.0939483244119814,2.7261392128890076,2.391978715231469,2.1435973895412412,0.0,1.913501909624785,1.8227713692304233,1.5981867344981915,1.271223277352362,0.910076767683961,0.5118449385123505,0.11578303925881311,-0.3331733300990706,-0.7661168288087036,-1.1957753487667415,-1.6142023457898744,-2.0379161400322747,-2.4278753227912646,-2.769589916578799,-3.0521765455766463,3.0369260347887423,2.933989197934099,2.833371423709461,2.624104900846587,2.3384448906122226,1.9788268231331423,1.571852292598488,1.137296917500198,0.6942605745414449,0.2320542077341135,-0.23120091720075328,2.8198421068130965,0.14189705917613152,1.8925468735715931,3.141592653589793,-1.5707963267948966
0.0,0.9420901344457809,1.3734007701679403,2.7367008904208565,2.9764439716456508,-1.8925468895711424,-0.016434505754355993,0.032554022962756626,0.06804294334987954,0.10898671299180465,0.14097045614112613,0.18483264896456383,0.24165641150607786,0.3041686928095073,0.4008573726019918,0.5480371965763144,0.7494424392750821,1.0776770434696454,1.4978422515232435,1.8869145784790222,2.156533081306324,2.325360116243623,2.4587433822272806,2.545100896447709,2.6037321619754383,2.654819415084724,2.704676638259469,2.7443425042354566,2.7931193248470874,2.853202781255381,2.9356648718982217,3.0650196435777715,-2.9996956040133913,-2.695642286318915,-2.2358990110759542,-1.8091494398147656,-1.5016635164009626,-1.3173538922443007,-1.1944017538897327,-1.1222385459202737,-1.0532237600823167,-1.0049419936746256,-0.9616328859633996,-0.9232143469658081,-0.8679956305261017,-0.8098537227344698,-0.7135736474286567,-0.5785937749211093,-0.3708913103794705,-0.07345251621757447,0.32957307310268186,0.7177723472582971,0.9982177896266936,1.1845643509177588,1.30835339191478,1.3957086193208232,1.4617961088948639,1.5155988283038366,1.569904266366396,3.141592653589793,3.141592653589793,1.9756880899638334,-2.677945044588987,3.141592653589793,1.5707963267948966,-1.5707963267948966,1.3258176636680326,2.2655346249708876,-1.1071487177940904,-1.2490457640186508,-2.6038474841553287,-2.5026291131919365,-2.425882052412499,-2.3676881955673905,-2.3189776028335713,-2.270420351405913,-2.212160677799516,-2.1599447169059864,-2.0675950644377523,-1.9484691764936466,-1.7981297664499882,-1.5820318097056507,-1.3204302331168034,-1.0411353639488845,-0.7965833869725275,-0.6173025504228479,-0.4744303774819912,-0.3781124884945381,-0.311334279283549,-0.2531459060977815,-0.20307501313817908,-0.15914943102504922,-0.11475507948031015,-0.06947275565305193,0.014370267920164903,0.09722178081139844,-2.2142974221808154,0.36738962932797453,0.5450706420786972,0.7239721468942678,0.903083821879737,1.04800725853151,1.153826516293647,1.226990536009118,1.2823016133934089,1.303307911921415,1.320770028110229,1.318242054117366,1.3266882348948867,1.3191063527968603,1.3390214125378623,1.366442906599775,1.3912182745822332,1.4441434454129631,1.5185915529437997,1.6044914327883415,1.6793177172080165,1.7068552492297675,1.7378521855423346,1.7135088260208347,1.67394457493579,1.6076728063946968,1.5227371708122968,0.7853981633974483,-0.7853981633974483,1.3998859803456989,0.10505990001799508,2.0698423138162707,0.10505990001799508,3.1365694171184066,-1.5899766265605537,0.8097160103354168,1.5707963267948966,2.0344439357957027,-1.7645947735425787,-1.955051022446576,-2.151552706394312,-2.325254501422959,-2.4845921919705716,-2.6186343043189706,-2.7302989259995774,-2.7306119312927963,-2.356194490192345,-1.2511161775272637,-0.9486111041144587,-0.9153605637262638,-0.9670929136695731,-1.056596589469119,-1.1546826731583284,-1.2530915961302915,-1.3566492383533788,-1.4421118085550637,-1.5372228145337896,-1.6101554645031113,-1.6779264990065128,-1.7097186792213446,-1.7038259406849339,-1.5449400222322127,-0.6146629519221655,0.29026488719571497,-1.5707963267948966,0.5240179026783703,0.5147115548133511,0.48507664542186674,0.4358769536625721,0.41543939837813443,0.38301042561767173,0.3457754845605733,0.32667663347483905,0.31242516128429315,0.3142631734061287,0.3576325624665556,0.4843751108488495,0.8217457507763313,1.4989203592873124,2.1200218824371095,2.382540675557647,2.4939409630319322,2.540350165886358,2.5685988412068115,2.5816176761912497,2.5840250355546672,2.596280709842341,2.5977428775569447,2.6107852590475664,2.6321256246501803,2.6711058568271273,0.7853981633974483,0.4636476090008061,-1.471127675963062,2.8198420908135473,-1.5707963267948966,-1.2490457640186508,-0.9272952314089778,2.8198420908135473,1.8925468895711424,-0.5880026164392653,3.141592653589793,1.8605725808150593,1.9051248225383266,1.9320530780526088,1.9797859612988964,2.0397163133921437,2.1273744894681146,2.25209452844702,2.4427357641149356,2.742596751234645,-3.107850191616513,-2.703471431449365,-2.3843719192552095,-2.1975031321685714,-2.070056005279034,-1.9698786405738438,-1.9062984563662788,-1.844512017686579,-1.8023529745107454,-1.7566872828601754,-1.6899592609635745,-1.6333799804123263,-1.5515308882478487,-1.4523324842162948,-1.3006050865844052,-1.0744850518819118,-0.7422683284667525,-0.4636476090008061,0.02053423855256583,0.2901821024680215,0.4700704224360284,0.5836969406059117,0.6722336873589679,0.7472740669926857,0.8054588478148377,0.8607559534355331,0.9085318477664873,0.957635132240079,1.0215616303611381,1.1016304309418952,1.2109689405263415,1.3814262727135649,1.6082268255130765,1.9536343729516705,2.334268164419953,2.675478940730689,2.9131483471327093,3.0705660866731717,-3.1039392257346305,-3.044001562860923,-2.995284912612917,-2.9672835709285468,-2.9481724016764117,-2.9216700841126815,1.5707963267948966,-1.6614562146824945,-0.3217505627762458,2.9764439716456508,-1.1071487177940904
1.6704649759930146,0.94209011027606,1.8925468978214126,-0.7853981633974483,-1.5707963267948966,2.5535900244578045,-2.3986584704615206,-2.3473354040508023,-2.3036666536742345,-2.251892623131593,-2.203585716056279,-2.119731620010327,-2.0529021737558053,-1.953527796794393,-1.7950107362597405,-1.5693616075706411,-1.2044756441040407,-0.7841371491090628,-0.38811970301502957,-0.1066884114854744,0.07728682196415339,0.21377518719691863,0.310670666428886,0.3791287645158254,0.4321818748207912,0.5155016928396183,0.5541693436857565,0.6331464644324314,0.7239485837787117,0.8389967464100725,1.0461401216899653,1.3779120182913291,0.9272952446094097,2.3172169947069765,2.6363318177173336,2.8449087804485633,2.991515503998006,3.0650463405782555,-3.140685212832122,-3.062006512714385,-3.0171284592749257,-2.947410221517307,-2.878779989178411,-2.7939556475807747,-2.6699084778102122,-2.472918136969354,-2.1619534797834,-1.7423703506576942,-1.305221338771335,-0.9823448970443389,-0.7577597985239527,-0.6108195409531177,-0.5180064155769135,-0.4232915142125398,-0.37593864374118285,-0.32033212501934033,-0.2523809433249101,-0.17348582226952342,-0.07833400901192758,2.356194490192345,1.5707963267948966,0.643501082185487,2.4668517275905066,-2.677945044588987,-1.1071487177940904,-0.4636476090008061,-2.356194490192345,3.141592653589793,2.158798955926885,-2.0344439357957027,2.271027083147924,2.33394593386778,2.4271518685189286,2.5219682415244438,2.624073010401747,2.794836347538511,2.9943999640669654,-3.012713782067471,-2.67321322320725,-2.3838372391940874,-2.147594882650869,-1.9907182252771378,-1.8554724461168324,-1.7707182035844775,-1.6856729338915146,-1.6271880878933538,-1.5625660601316291,-1.4919844568794554,-1.4078852089751288,-1.2904607000674466,-1.1549042712813364,-0.9881127937598052,-0.7865332678445633,-0.5469739841204655,-0.31258585015060053,-0.11315097652491732,-0.4636476090008061,0.15825366493991272,0.2565354996573514,0.3170387236397909,0.35578442627291285,0.41017189820408256,0.4677105444363641,0.5144513092470225,0.5674049727552549,0.6415968613658611,0.7387031585295972,0.848858023513469,0.9937973855931935,1.1427948281039193,1.2732770701303946,1.3674762896276595,1.435541553794267,1.4759848616969713,1.4859564769506723,1.471127678952738,1.456493114468255,1.445846802567705,1.422911327744319,1.3784007368910864,1.361534237700189,1.33230405305274,1.3198546938022453,-1.3258176636680326,1.8925468978214126,1.3998859748982706,0.1050599101158185,2.0698422979646733,0.1050599101158185,3.136569417101233,-1.589976627116045,0.8097160023295638,0.0,1.8157749899217608,-0.38588267385872704,0.15037142920138033,0.24573509729336,0.193070325934295,0.08770545717914316,-0.021862405919160378,-0.17905131418056916,-0.31185741778699605,-0.43840308368772346,-0.5618077184829486,-0.6805212163360059,-0.7907571789756356,-0.8466029237867004,-0.8535654657553701,-0.5894995857822781,0.5776295560447593,1.158175224540316,1.2688114243559716,1.2495500618757207,1.2130959828069108,1.1450210206964095,1.082083010134715,1.0049303317338587,0.9520073876306171,0.9114199696158113,0.8707517790424832,-1.2490457557683805,0.8750448950471585,1.0339463918878484,1.575977627699674,2.565834324543042,3.0364265316673964,-3.117700141161656,-3.072396376232068,-3.0769009535711964,-3.095551914107919,-3.1105647878658154,-3.1226375774532142,-3.1177422151365013,-3.1144363528979078,-3.0900110639635425,-3.054740459115732,-2.9677791613959807,-2.739873632667194,-2.3408784002628913,-1.6470811230378433,-1.1625902937430144,-0.9132680662879963,-0.8156918949109021,-0.7587073399755069,-0.7194625543288125,-0.6995338602884534,-0.6742052485854476,0.4636476090008061,0.5880026291319886,1.5707963267948966,1.2490457557683805,2.5535900244578045,1.2924966615143614,-0.3217505710265161,1.0303768656534251,-0.5880026291319886,1.5707963267948966,0.19739555345377593,-1.4039647805194306,-1.3103860536948522,-1.2541974165139504,-1.1972884265415025,-1.1454183082683072,-1.0681422524345043,-1.0227129651305746,-0.949183826146229,-0.8497744859100904,-0.7227496351526681,-0.5033993878271518,-0.15729707524937483,0.2808377343110803,0.7114112136075826,1.0205274652673082,1.2266210815285359,1.3640630014636401,1.4621853496409793,1.5267453261515191,1.6195986058755751,1.660796437493999,1.730498424694138,1.799410522939749,1.8820209658840559,1.9978690360333222,2.1796439823174985,-1.2490457557683805,2.7867050816418626,-3.072259518879976,-2.7062719626529774,-2.4185023287567193,-2.251199170445885,-2.121361313641703,-2.0004961233393406,-1.9447472857733348,-1.8688634347930346,-1.8134720682360035,-1.748505918196486,-1.6842714384389585,-1.5891029133330814,-1.4576001992201724,-1.2840222759278295,-1.009666853342367,-0.6613172874920908,-0.23747129829387403,0.11773257616937399,0.357726561500127,0.5238825879774289,0.6079813523290512,0.6769996278082289,0.724959042915794,0.7647461795998569,0.8058661283236886,-0.4636476090008061,2.819842082563277,0.6947383198160433,0.0,0.7853981633974483
1.4940244340521223,0.9420901108988126,-2.677945044588987,-0.5880026163890733,1.9513026981507247,2.466851722224099,3.0294487178953853,3.0688372848468064,3.1071482790459837,3.1394187440276724,-3.1065449237985083,-3.0427161433723096,-2.995655960911626,-2.9043433054750127,-2.7762265119158847,-2.545828742206134,-2.218686561622194,-1.7186038151038434,-1.2719175992708347,-0.9923426966387806,-0.8094705397846275,-0.6933723213635722,-0.6218001982368419,-0.5662327640943206,-0.5092473745270181,-0.45035818982720127,-0.40608292017623265,-0.35729743708350387,-0.29309598264511577,-0.18839106193595978,-0.013676958892654655,0.2788556823603248,0.6435010954381185,1.326351277306,1.6803391283425329,1.894265088064329,2.007963346002531,2.096617092981717,2.1528583898258096,2.204013691818968,2.2491372532796716,2.29573861513924,2.352867820447627,2.4094873252349864,2.5171675222575254,2.6806885002186074,2.953735158377369,-2.884155246182962,-2.4134960405726615,-2.035220326972524,-1.8027978140415786,-1.6652387548673857,-1.5624457903014184,-1.4881280178625074,-1.442214913862532,-1.3983443244755043,-1.346010373983661,-1.2901350723226401,-1.2183724340110997,-0.6202494995184624,-0.4048917805285464,-0.7853981633974483,2.356194490192345,2.356194490192345,-0.5191461193831252,0.0,-0.7853981633974483,0.7853981633974483,-1.1071487177940904,-2.896613990462929,1.1329520725094,1.1811031428963834,1.2420783096854964,1.310802248097932,1.4003726434729233,1.5455357439609794,1.7090129514338437,1.9879475005202039,2.322650066779626,2.6575237172380843,2.9122080000323174,3.108906751620397,-3.058754569933016,-2.9696413509606856,-2.899432338308387,-2.8441198792452376,-2.7944701046691005,-2.731834712214714,-2.6724805978029367,-2.573487947691101,-2.4658277154031154,-2.324081214714549,-2.1278763899612647,-1.9001637182223026,-1.648605024450755,-1.4227081009795657,-2.356194490192345,-1.1179851300531618,-1.0401388116083223,-0.9765561087869687,-0.9297272552973588,-0.8953529039123875,-0.8615621568392341,-0.8194099520470199,-0.7836590485467985,-0.7324244971745972,-0.6529132775346738,-0.5521648379764972,-0.40777233692721154,-0.2756800017085154,-0.13616288665406415,-0.014899559814123813,0.06935546436718423,0.09079903215906764,0.11604075058389221,0.11179192524227582,0.0888890155681619,0.05672142480923329,0.01188399070350923,-0.035446139906486165,-0.06933313134410478,-0.11017154462905832,-0.1353067968607295,-1.5707963267948966,-0.9827937104058233,1.3998859874650418,0.10505990070491596,2.0698423054044137,0.10505990070491596,3.1365694173392846,-1.589976625629652,0.8097159751020873,3.141592653589793,-2.677945044588987,-0.09259162737553138,0.1016096387606538,0.022955150384049963,-0.10118581636702274,-0.2592425054057389,-0.39428166058277797,-0.5583446430716698,-0.7149553045647977,-0.8544807875845997,-1.0067756375274641,-1.142586204111966,-1.2469158442290167,-1.3541119871210732,-1.3866708812484672,-0.8129141302183686,0.8717967009211637,0.9865250515345234,0.9403180672456835,0.869111253357782,0.7994817691359793,0.7071415594792404,0.6222320048671759,0.5439294672329044,0.46318722720368505,0.40221001820043234,0.35800837163592725,0.0,0.34132745862080827,0.47096007399468803,1.486093817931405,2.5821210882850636,2.7508608256802605,2.7797813235176614,2.7613215284426205,2.741237281769463,2.7024263714732415,2.6791690418689114,2.6456981777023665,2.633670210398727,2.6119816549951285,2.6199859740949347,2.65902177780257,2.7459463405282656,2.984562875687906,-2.6853114141414087,-1.8915191404496268,-1.499488859616922,-1.3534269237190293,-1.2968105525225275,-1.26917727823794,-1.256542738413827,-1.2436694766537981,-1.233807841452667,-1.4056476448683894,0.32175056274362096,0.7853981633974483,-1.1071487177940904,1.5707963267948966,1.2490457640512758,2.15879894318397,0.35877066112319844,1.5707963267948966,3.141592653589793,0.32175054326733754,-1.9625179280634246,-1.8971130754221108,-1.8502801211247708,-1.8151679617584213,-1.7779157926712668,-1.722541728706945,-1.6858099542323883,-1.6227495313526104,-1.5292976738879842,-1.387635640835833,-1.1745069849471768,-0.7668244633215683,-0.2438736999605507,0.18202341495901908,0.46496688720754337,0.6146629543896326,0.7267284464962666,0.7974917671599048,0.8597984409101179,0.9268129774198451,0.9654518989556479,1.0158564887652246,1.0773241873962869,1.1517925511666742,1.2595717205788641,1.4241599619278595,1.1902899554390687,2.085099871374724,2.5592776928586387,2.954697012450319,-3.0897404377192697,-2.9292606061763755,-2.819560173052355,-2.7338257730021973,-2.679277062999307,-2.6283288279875787,-2.5789111305385095,-2.536000811016163,-2.4707940555010968,-2.392248544901214,-2.2777531503117916,-2.110590675144595,-1.8399638319228901,-1.4334963781542658,-0.9827937333314559,-0.6166769340288074,-0.38558568535374255,-0.24612387632187555,-0.15988698957379147,-0.11278313576686737,-0.0768799757266455,-0.05390707554962771,-0.02950907144816474,-2.8198421103224556,0.5880026163890733,3.141592653589793,-0.19739555663950445,-0.4636476090008061
-0.7853981633974483,0.9420900856844372,1.8157749899217608,-0.3805063713746059,0.7853981633974483,0.12435499454676144,-1.0833529686359806,-1.1262042814911202,-1.164446659214181,-1.21116572156473,-1.2645084533431201,-1.2980310638901307,-1.3328105567652624,-1.3428442359516974,-1.3088886583470856,-1.203230105556358,-1.0125580757031416,-0.66310645307464,-0.27675723377972633,-0.009273304299973327,0.12008691801555146,0.16286877162600502,0.17467221541157746,0.16216785505737913,0.14432395606483447,0.09999167923456308,0.06896938228941854,0.03536057843465014,0.000949667298053157,0.0010869561227644727,0.044531481862452475,0.1489724090636298,1.1071487177940904,0.8022315803996118,1.2245311354622406,1.4597683244877602,1.5654559233254088,1.6078164410110931,1.6043474038804713,1.5781899074957373,1.5365991354852433,1.4916667436586244,1.4582539959751755,1.4264416066448782,1.4269470355450216,1.4360457423692985,1.50023696672757,1.6731892736994054,1.9589330818900055,2.3577594498943983,2.6578135118851645,2.8164751054452486,2.8907480432294412,2.923043075769228,2.913679649029992,2.8836102225044495,2.856757147835181,2.814371379295252,2.793062797448629,-1.7681918834448733,-2.356194490192345,-2.736700873042469,-0.4636476090008061,-0.5404194806947004,2.2455372609016195,1.1902899554202908,-2.0344439357957027,1.5707963267948966,0.9827937104477125,0.0,-2.171726808013781,-2.203440930923416,-2.2371365544550543,-2.268984557403072,-2.296858317480509,-2.3011200719862135,-2.2945032381333403,-2.25206625289027,-2.151388438391834,-1.977296189791565,-1.7390030968095467,-1.5137155458779283,-1.3505708300603234,-1.2569611699189762,-1.2178059216520816,-1.202317227925014,-1.2162033965707966,-1.2464193776782835,-1.286627007035145,-1.3103310324884896,-1.3464858631903955,-1.3451570520396219,-1.3307773226359285,-1.3021534268429957,-1.2162543375347172,-1.0943289062917267,1.5707963267948966,-0.8299695618090884,-0.727915389342496,-0.6893094626856396,-0.6634616829333777,-0.6869519867326246,-0.7272275732327244,-0.768058861652349,-0.8439630392383518,-0.8943920987106162,-0.955900398141398,-1.0124736276239463,-1.0465785611929312,-1.0666766652078576,-1.0699601143180004,-1.034319792016937,-1.0053424357862515,-0.9792440499630769,-0.9575338051646305,-1.007557965906843,-1.0662133118987176,-1.1638797807395502,-1.3063422953022905,-1.4348723265636136,-1.5782311339550177,-1.7285210002456224,-1.8905321171624216,-2.158798943142081,-1.8925468895112896,1.3998859775669192,0.10505990497915915,2.069842293579805,0.10505990497915915,3.136569417245982,-1.5899766277260077,0.809715998799162,-0.6435010954816832,1.8157749899217608,0.8113465379539924,0.5356233640858719,0.2682560690138985,0.005502007815039825,-0.24341568686307205,-0.4825673401368479,-0.7313463967013663,-0.9624291254296266,-1.1805571288578822,-1.3831835314739052,-1.510868170258878,-1.3294408341400192,0.2136689825615694,0.4714599624097838,0.3648450035159674,0.20047058572526555,0.03212262145401037,-0.13967413000296997,-0.32374259666385324,-0.48679372550490313,-0.6707164888443493,-0.825748929476404,-0.9707461200908042,-1.1253167273801008,-1.237756875259324,-1.2936590191368218,-0.7853981633974483,0.2429665945068736,0.7526642596442618,0.7582963506897804,0.6976759841877795,0.5831211723082225,0.46851375820508245,0.3645136897661818,0.23125540328346136,0.13179639248048725,0.02450489750524935,-0.07448879324709677,-0.16112211764537512,-0.22249851193024558,-0.22426871176430224,-0.0634983378193702,0.48603191600256135,1.1889844542371422,1.4928296900100404,1.5379955960989353,1.515022965037183,1.469343093350626,1.386678462948103,1.3113259239447959,1.2306495789948542,1.1731524369717963,1.0959893459288104,0.4636476090008061,-2.9996955973216792,2.6011731728950926,-2.677945044588987,1.5707963267948966,2.2142974222765797,0.1973955566499767,2.356194490192345,1.2490457640785035,-0.7853981633974483,-2.782821992436756,-0.6040890706657486,-0.642808086475386,-0.6877171349725478,-0.7356761487358056,-0.7786039347972787,-0.8002218520628975,-0.8329812696861061,-0.8194461443649447,-0.7510769024334022,-0.555604145957819,-0.22679882992436518,0.18302998869377074,0.5173418628613494,0.6604146324586219,0.732372940051357,0.7311429987271896,0.716227671522488,0.6963699767280918,0.6756322975160579,0.6421936931707043,0.599074808705652,0.5830922396229778,0.5708660777429239,0.5976206526016076,0.672057233184353,0.821220999372422,2.7610862822151874,1.4628997725378787,1.795229934566472,1.9644365759804214,2.052978859656897,2.100245258335423,2.0989314385262863,2.09509254140986,2.0493435046198014,2.0172213881808467,1.9857670289389469,1.961190421158254,1.9533367987159767,1.9521911277111512,2.008306093317128,2.1148956807281145,2.3492340744185607,2.691184146822349,3.018425075427079,-3.046208021644707,-2.936329934887892,-2.8904084095237983,-2.9042819423103947,-2.9369234440508483,-2.98217825384703,-3.0476515574032823,-3.1109229454444525,0.0,-2.191045826269206,0.5191461193663696,1.8925468895112896,0.4636476090008061
0.7266423491211923,0.9420901551758125,-0.4636476090008061,2.8198421144896835,-2.498091520322056,0.7853981633974483,1.4492608737892028,1.3854483835160327,1.308966870638505,1.2237938963745392,1.126529221230078,1.0367572637639955,0.936813866343495,0.8390295920667018,0.748878519911683,0.6566129902311839,0.5880026035475675,0.5156008138746078,0.4661921245312633,0.6561231872678471,2.6429398921037097,2.893019474111945,2.892041554466147,2.8394649295426335,2.758007338708254,2.679339734810485,2.5743351234036855,2.4753551534071816,2.3725418091412815,2.2696465633225764,2.1762672417237043,2.082883330628816,-1.8490959800277313,1.8986390575819403,1.8483279392444791,-1.904040626290027,-1.6521613604077856,-1.6927373324718453,-1.79458275088866,-1.8822748101407487,-1.9818608736154222,-2.0838682378282303,-2.1817026414303,-2.2723244260034527,-2.3578780013837632,-2.43398396046656,-2.5034357359347044,-2.5619371129400292,-2.551949367735035,-2.4468543564598444,-1.1631648234682626,-0.3821955841367853,-0.2955519871212782,-0.29649405078256275,-0.35361227324892386,-0.4200125181446587,-0.4899573464343866,-0.5606167259800485,-0.6244103552008934,-1.0303767905324692,0.5880025800144403,0.0,1.3734007610617336,2.356194490192345,0.7853981633974483,-0.32175053910010964,2.761086265928095,-2.214297460062634,0.0,1.1071487177940904,0.9827937073095496,0.9475969835897003,0.897783482262608,0.8568895720979215,0.8154836624998749,0.7862950300651522,0.7554554541525202,0.7430781879432102,0.7791716015779284,0.8859481547989385,1.0411014294899477,1.308011344450154,1.6255361033647804,1.8526883885076852,2.003905374628763,2.0647376818968612,2.0955214474145274,2.0871588734914903,2.053979651640363,2.03613979659548,1.989020663850095,1.9429516566477825,1.9004865418502679,1.8674951886115267,1.8773965347537853,1.8896650483013484,-2.2455372839418968,2.1133140251652165,2.334921102691695,2.559687575406052,2.7211401403210966,2.7885099582403434,2.7954319018003475,2.771462767199209,2.692551408648421,2.611260257607831,2.508295279425129,2.3990786198484404,2.2991697792261205,2.206402047324927,2.138994740056867,2.0699845092721088,2.064254046156105,2.191686829995793,2.320011176791142,2.468276907208917,2.5473789546989787,2.5225012296209344,2.43345972457374,2.299369484177093,2.1376877083039347,1.9454111847728548,1.7439332141130033,3.141592653589793,-2.356194490192345,1.3998859732616826,0.10505990447048298,2.069842297577562,0.10505990447048298,3.136569417006453,-1.5899766264055726,0.8097159864879323,-1.5707963267948966,0.0,-1.2762987046116867,-2.0344439357957027,2.6476512975008557,1.7315590706143138,1.2951401725275073,0.9634911048798046,0.644454706598466,0.34784646517061324,0.07070003460361446,-0.20525525768904185,-0.48265866295210325,-0.7475693023742538,-1.0139775832574025,-1.292090318302516,-1.5873085876452158,-1.987018147711043,-2.5311677146539973,2.7238417841283384,1.8214659909476922,1.3587546584688532,1.0157437410534758,0.7411791972365234,0.5053352500770669,0.27326536152258335,0.07130746553823461,-0.14623542176849977,3.0419239980696147,-0.5603389052236163,-0.784364030818557,-1.0253643102581156,-1.3859001248173335,-1.9269342865549157,-2.841736398012231,2.6550264112542603,2.1928283387957075,1.9175938460424702,1.686804267168897,1.4891491177344378,1.3016652256582437,1.1331475897646166,0.9691163275467206,0.8145926834673378,0.6501858373580085,0.4892830098038652,0.29128271225622493,0.06241880999595735,-0.3360352927892744,-1.536910997680844,-2.631556680949972,-3.0070716561990216,3.0675234550381516,2.9075874787329314,2.761536540255812,2.158798906809337,-1.8157749899217608,-1.2924966735620618,-0.7853981633974483,-2.0344439357957027,-1.712693378339754,-2.356194490192345,-2.0344439357957027,1.4288992752500393,1.1659045299604802,-2.356194490192345,1.4906114825952932,1.3379825220613903,1.2214160037054704,1.1090705479446363,0.9996782984866498,0.898478365869441,0.7846468732294686,0.6778685247063738,0.5676530759799193,0.4641703720219093,0.352400352837131,0.23911705769376254,0.1230198731214177,-0.03714506845794632,-0.3788313340149301,-2.9663262817065568,3.0352339662231964,2.890321467146063,2.785301941678648,2.6926067779159197,2.5702551955051947,2.4719883377678866,2.356194490192345,2.2562380218037448,2.161782223022136,2.0616662872260254,-0.4048917968344164,1.8754498112360263,1.7849608054072676,1.7003000174204168,2.999695598985629,-1.686439659435591,-1.80731087811958,-1.8835571736982188,-1.9741572515354906,-2.0864088847749698,-2.1817616514472253,-2.280218679739942,-2.3764193263478792,-2.4669945230533727,-2.5484674393697326,-2.639263945264313,-2.713048644232458,-2.8003173481608714,-2.8035265534428104,-2.6434015818879972,-1.1449458355830289,-0.4867204374699187,-0.4521028225282189,-0.5384758648206612,-0.6258464428244049,-0.7371501076203569,-0.8478571463524495,1.6704649823150752,1.0303767905324692,0.24497866312686414,-2.5213431924121608,0.0
0.960070362405688,0.9420901027089299,2.356194490192345,-2.62244653934327,1.5707963267948966,0.40489178628508343,1.6526642186628109,1.44412949671434,1.2470509052340844,1.0429592336382751,0.8410524759819318,0.6613222468419055,0.4433551895311575,0.2374438068061077,0.034434205093631244,-0.17756541224435363,-0.4071983635337809,-0.7297066811293108,-1.355892830037361,-2.9209994089620532,2.604566285415912,2.218258518827373,1.9645697214622655,1.745275139575937,1.529923291517099,1.3308108067186193,1.1047515903882996,0.8830249669916814,0.6492591921639688,0.4169259228532583,0.1606634859744659,-0.1322366036230216,1.8157749899217608,-1.114093056820762,-1.9994820494130567,-2.7678658125461135,3.0058933174359415,2.688354551593936,2.400112409797263,2.195667492911823,1.9126110746540688,1.6769360346317224,1.4410937849626984,1.2090078481331472,0.9718850408489297,0.6896466740664146,0.35803822628269877,-0.09037811574617274,-0.8917910387295386,-1.892546881191539,-2.49859966301171,-2.883408943533702,3.125225066315332,2.898507336626521,2.6700711632818104,2.451109071215013,2.241528920289326,2.016901868452604,1.8228365945470042,-2.356194490192345,2.4668517113662407,2.782821983319221,2.976443976175166,2.356194490192345,2.0899424410414196,1.5707963267948966,0.5880026035475675,1.5707963267948966,-0.7853981633974483,-2.0344439357957027,2.8146912923776846,2.6363878939882675,2.4518611688134393,2.308866129578685,2.1540008854738195,2.052596257096183,1.957822582992447,1.9309894667533318,2.207637231293178,2.8870334516520164,-3.039385938054736,-2.952658821365495,-3.0328613912345577,-3.131789046231393,3.0274322625666783,2.910038178490328,2.7678185701188274,2.6298383145570905,2.473358748386152,2.3799748959569698,2.252959207686005,2.168743881771602,2.113349529737283,2.1490634963662543,2.274410118976855,2.435037466159414,1.2490457723982544,2.741811542812251,2.7458018504495487,2.6928692958823333,2.6096948540174627,2.4685856800095904,2.3433196625459343,2.2429472241373514,2.049889307620846,1.894016743206604,1.752747838933934,1.611067583944166,1.5173493372323672,1.4511778245676172,1.4413306535835433,1.4284631571031174,1.489471392383377,1.5302388669032916,1.5267477035293584,1.4069049876161288,1.305166551046728,1.1061262059029267,0.8868259770618028,0.6722472111312674,0.43520426534547496,0.18671634676064383,-0.06692403138046409,2.0344439357957027,-2.158798930342464,1.3998859685146166,0.10505990863211247,2.069842321756384,0.10505990863211247,3.1365694172435687,-1.5899766267681805,0.8097160227917789,0.4636476090008061,-0.4636476090008061,1.1572542293847057,0.35375932026082346,-0.5773420170913601,-1.3880110722916958,-2.001601518865901,-2.4991614770411963,-2.978909446719032,2.877288150054791,2.4587494042268943,2.0605516837777804,1.6584705346260824,1.2594388477793987,0.8418751407848442,0.39985223332671244,-0.08275268241375573,-0.6357026239189969,-1.2727207638740274,-1.906310230515068,-2.5197683786870018,-3.02257634341635,2.790188041864906,2.3898159187217685,2.035407304218386,1.662397306225726,1.3177897431288128,0.9731901711164439,-2.0344439357957027,0.2381739516907186,-0.17425022804871634,-0.6592769177867852,-1.240800979350911,-1.854817637640247,-2.4435627206026886,-2.902396358202658,2.9212890679209336,2.5665203971855592,2.237217226583456,1.9285591731056142,1.619629648701794,1.3299498861592434,1.0446469993716498,0.7514081504537288,0.43495543862379926,0.06515801249655548,-0.38265074150114975,-1.0057471884987297,-1.756463700691056,-2.432966353605049,-2.962640329786915,2.931897268467228,2.620763303301333,2.3462938258590107,2.088679966600649,-2.976443976175166,-2.158798930342464,-1.5707963267948966,-1.5707963267948966,-1.4711276743037347,-2.8501358591119264,3.141592653589793,3.0419240010986313,1.5707963267948966,0.5880026035475675,1.5707963267948966,0.18390206746428997,-0.1271512034048792,-0.38602024350536834,-0.6337015987447709,-0.8682553871030269,-1.066745166917067,-1.3193942621150412,-1.5441228129298776,-1.7824886427873028,-2.0191945775857434,-2.3041581714627606,-2.617413040590492,-3.0928508005379336,2.3846106271933643,1.476848775990407,0.8726758529400999,0.4962447534853198,0.21055270245801871,-0.025269346201688987,-0.2325311686723041,-0.4816448137435117,-0.7074213523954394,-0.9327699545121114,-1.140153458757293,-1.3731807589299327,-1.6098074785544734,1.1902899496825317,-2.2548789824358297,-2.9252068016377692,2.1822513954331644,1.3597029990265497,1.0400228578896842,0.7315469158962884,0.5371082424230833,0.28386954783743146,0.06894648434784906,-0.13481334628217323,-0.3334273017985639,-0.525970495299705,-0.7291572850953546,-0.9230080122337612,-1.1264333148176346,-1.352908921818894,-1.6731563548484716,-2.2960262186602534,1.7992929628596657,1.3619180110560796,1.1388282551973943,0.9023597574327569,0.6885670512484223,0.47503304907229615,0.24773564636639794,0.038197971783640594,0.7853981633974483,0.16514867741462683,-1.5707963267948966,-1.5707963267948966,-1.2490457723982544
0.7266423491866462,0.9420901324619025,-2.111215863336465,-2.7610862658462776,2.5535900737578685,-0.7853981633974483,2.0063614124054103,2.01890365491743,2.0339968785900577,2.0417056771432383,2.0407200286821343,2.0504529338835504,2.050709996642333,2.0586327566372833,2.0619867906398954,2.0645155617121533,2.0946249137301507,2.117258037360152,2.3874343380602343,-1.18530245141433,-1.1501329705458,-1.1833834758363533,-1.1643253976400574,-1.1648978215149757,-1.164978917644855,-1.1796387347976631,-1.2001337748162173,-1.2260942905448262,-1.263215638288346,-1.3002941636987917,-1.3550755883104457,-1.4427648772752073,0.9827937469629717,-2.2848870146756823,2.742199638154266,2.3242419182351703,2.1483158995119065,2.087458477056987,2.0496615505023423,1.9973181568667682,1.9752141070975202,1.9388170321565916,1.9211325884846906,1.8980529687127152,1.883783705781218,1.8622531212727638,1.8458363047111748,1.8246340977453552,1.6614562127321033,-1.2563806136190065,-1.3021871889255487,-1.3091971954357475,-1.334793356902586,-1.330367847304288,-1.3245461985044231,-1.3338246082198222,-1.323772677946056,-1.3263958585553994,-1.2963240528998465,-1.5707963267948966,0.0,-0.3805063877435157,2.7610862658462776,0.32175053898147465,1.5707963267948966,0.6435011334575531,-0.7853981633974483,-1.1071487177940904,0.0,1.5707963267948966,1.4265178839221477,1.4616428648838484,1.4917298058300585,1.5498634234365856,1.5929858967469448,1.669598933261535,1.7691500542194885,1.914580262724617,2.110830771975892,2.4004460101046816,2.786030185189397,3.113176530333102,-2.8798406571615023,-2.685784615117087,-2.5521580682439184,-2.4482935040425504,-2.3658611838262886,-2.2843683063677305,-2.226750827839991,-2.135032921319524,-2.070742705461787,-1.9796080294580225,-1.8532472588061915,-1.7508115798223303,-1.6020972543176546,-1.439480878606576,-0.5404195365415686,-1.0527669154645813,-0.852177721486428,-0.6600862238271918,-0.5191461351817116,-0.3757181914605029,-0.25780433792073754,-0.1593841687846226,-0.09402796219965473,-0.01964033226272531,0.038918392437353136,0.08873434153003584,0.11848995746132256,0.16887420991233407,0.2154186929600892,0.2607373922379815,0.3259998261479023,0.40585180304113005,0.46716043331396623,0.5438324350915482,0.6478114243086371,0.7355479520998506,0.8093586922436107,0.8716580601201912,0.8984511539362773,0.8834805553991985,0.875650050679117,2.356194490192345,0.0,1.3998859761193525,0.10505990243518573,2.0698423090734797,0.10505990243518573,3.136569417351601,-1.5899766261352402,0.8097159995891565,2.356194490192345,-1.5707963267948966,-2.9019084373633968,3.075308740612329,2.8012107357010487,2.5658111717692265,2.3261517477485736,2.1077945421604216,1.8844169862567355,1.6524326670341396,1.4018151931431704,1.1201350173512068,0.7565437024493068,0.2739049658096998,-0.40702217483903996,-1.008095073787513,-1.4533140782408251,-1.7461690294568981,-1.9933887181409464,-2.188223046505748,-2.378523280585886,-2.5342396780277467,-2.6941543715187133,-2.850705787255238,-3.021595280672252,3.0774059165752647,2.8551349473346472,2.5095852997481667,-1.1383885271616572,1.4223366134104216,0.8904521783011918,0.5445294815566257,0.33540961571291694,0.15955172206262463,0.023670888684656572,-0.08305402271711591,-0.19340675769067972,-0.2851177324718824,-0.3799075819014369,-0.48043512606242594,-0.59394388041423,-0.7285489041788871,-0.9197195720456389,-1.2776722983022666,-2.11794973486551,-2.9776365907988707,2.980165577879413,2.787460541112795,2.6738298438686443,2.5880160055907906,2.5096623055271623,2.4603953681122417,2.4033982193831456,2.3663636173842137,2.319599188059047,0.0,1.5707963267948966,-2.0344439357957027,-2.0344439357957027,-2.6011731170482246,-2.111215863336465,-2.819842114608319,-2.356194490192345,2.819842114608319,0.16514866908210388,-2.7610862658462776,2.200453800546087,2.1802242062266943,2.162332496327969,2.1492702504442356,2.13291288570187,2.1232018878788397,2.104659291560526,2.090145616093637,2.0599486283952015,2.0084275176632143,1.593014892806396,-0.9406601423774784,-0.9982843350087451,-1.028194112203523,-1.0421184221956108,-1.0675448042893312,-1.0674100908099284,-1.0742686658384164,-1.0617065273102684,-1.06149519082616,-1.0601710088349383,-1.0513837069844292,-1.0499738797198221,-1.0094874361331805,-0.9629212810537137,-0.7926973129517259,0.17985349732605138,1.3808080348551057,1.685571167942324,1.7978588126596482,1.8393525420760275,1.8827706417672667,1.9033322929339747,1.910880493662986,1.940232468728158,1.946777846044118,1.968982918416868,1.9893993075318284,2.0159702868727223,2.0715044193779786,2.147749636714428,2.2985077708381136,2.6271413353910376,-2.7787260228375557,-1.9933711577597095,-1.7242000251792808,-1.6056659120135213,-1.5378670574166224,-1.496933002982995,-1.486813029074768,-1.4711276743037347,-1.4745137613075274,-1.4745189666451233,-2.356194490192345,0.0,-2.7610862658462776,-2.896613990462929,-0.24497866312686414
0.7853981633974483,0.942090137824978,3.141592653589793,2.601173153319209,2.819842099193151,3.141592653589793,1.3754768976430982,1.3488106353593798,1.3217258517945443,1.288324412509173,1.2425321122167654,1.2217041808259965,1.1731320759952262,1.1525720106614457,1.1422220418410836,1.1878116452955418,1.3274871021390855,1.7059958971990523,2.4661782856022505,3.0404464640739053,-3.060470262097753,-3.0031647925676186,-2.9870244898059846,-2.9828025974703007,-3.001464465645536,-3.023126577966032,-3.0611878584787804,-3.1058548951080573,-3.1273079110444395,-3.1318572172075374,-3.124081308315047,-3.0385110525472956,-1.2490457723982544,-1.9523665310209135,-1.1881455758440662,-0.9631627538447612,-0.9096010071995843,-0.8956176400104352,-0.9123343340876475,-0.9275255026837966,-0.975878602058454,-1.012769767092734,-1.0239227605368564,-1.0295210220518627,-1.02818116520999,-1.0029780624663411,-0.8684043868157121,-0.5789693915934455,-0.019081652696194946,0.5297277473304882,0.8127665183473904,0.9178681191140352,0.9552337600132633,0.9827937516887111,0.9699739047725146,0.9645337713014405,0.9649663949737574,0.9537562213015178,0.9670469795369817,-1.5707963267948966,2.44685437739309,2.0344439357957027,2.819842099193151,1.892546881191539,1.3258176636680326,0.6435011087932844,0.0,1.8157749899217608,0.7853981633974483,-2.976443976175166,2.786546889301149,2.8036232283461717,2.8213391155885983,2.859300337745453,2.8953561197809896,2.967995470221776,3.032959039864108,-3.1347900373634716,-2.9728021125922455,-2.75781001194278,-2.5503468359022943,-2.356194490192345,-2.1914543005103786,-2.0658173925996954,-1.9766625815116596,-1.9179991794695672,-1.8713636138725849,-1.8189607064691864,-1.7965583042661388,-1.763191926864371,-1.749480922581699,-1.7194175841908885,-1.6728931965766942,-1.6107136685769015,-1.5191755615499447,-1.4188402885014693,0.4636476090008061,-1.1212820566087758,-0.9431362425036145,-0.8092930207784935,-0.7148566967117684,-0.6684133749052721,-0.6556097643177126,-0.631717610392558,-0.682063806229178,-0.7150136986699732,-0.7514489468508423,-0.7903437204877525,-0.8302398452173516,-0.8429139552539934,-0.8430768772385202,-0.8089925823962247,-0.7073809183521883,-0.5685810632222478,-0.48981396661138576,-0.42264496820297703,-0.4157858669240489,-0.4431663277317573,-0.5451716671592707,-0.6376072840568678,-0.7624795329540552,-0.9038881571087248,-1.0547814308535395,2.677945044588987,-0.6435011087932844,1.3998859837654543,0.10505990149313836,2.069842303205734,0.10505990149313836,3.136569417197872,-1.5899766268790718,0.8097159931828602,-1.5707963267948966,-1.1071487177940904,-2.9267772520177546,-1.974590437342636,-2.0038021782647597,-2.174386113810251,-2.36394627147821,-2.5475417299058574,-2.766632036666119,-2.9733316994385963,3.1093909030756284,2.9322763865517865,2.7502533709014694,2.560658733953317,2.3981380466734032,2.2455372440634687,2.1332942495020393,2.1451011750619595,-1.6243165976128344,-1.6818615417796048,-1.840645500756408,-1.9538975676523913,-2.1102232933423712,-2.2582535824893624,-2.370130874780533,-2.5049602069153987,-2.623502949640383,-2.7608441199025937,-0.3217505543966422,-3.00020013995225,-3.1034250400562455,3.1099826321902393,3.0466409430796952,-0.6123221603869126,-0.5762269219098461,-0.5936100276995464,-0.7230526664733321,-0.8130045396597756,-0.8991405822932761,-0.9884665585048644,-1.0880052811650192,-1.183502727859614,-1.2626930430103631,-1.3465615721243869,-1.4141944561025415,-1.4575109888526598,-1.4745041342525003,-1.3593171976860396,-0.12576941770592232,0.8010708586898542,0.8540730726107948,0.8660954663483431,0.8236858720873688,0.7819077491850662,0.716433915120008,-1.1659045245230282,2.896613990462929,-2.44685437739309,2.896613990462929,2.782821983319221,3.0309354361851395,1.5707963267948966,-1.8157749899217608,2.1112158270654806,-2.896613990462929,-0.5404195002705842,-0.3788107193781093,-0.39668817537336815,-0.42572210380595393,-0.4814281748699741,-0.533034111644813,-0.5816772099278543,-0.6579251463766337,-0.7242500347956335,-0.7878877711867699,-0.8395039477452546,-0.885066834541115,-0.8945516295157381,-0.880051169831087,0.14784935211815742,1.697472855878791,1.6972572191317474,1.6660590022955735,1.6290959483961607,1.5609065388966892,1.5242491977792652,1.4368778261704518,1.371036708420774,1.315654016477326,1.2711631834163095,1.2319597754733744,1.1892342439381136,3.141592653589793,1.3010107258209598,1.903535458472622,-3.1370264750924286,-2.8020398121634744,-2.7537399453209046,-2.768999304228622,-2.7966208909840677,-2.8430271829848346,-2.898040525951608,-2.931645453694547,-2.9768504336339925,-3.017559580237971,-3.0551419980380454,-3.0733416067382935,-3.0699911294705924,-2.983740893515404,-2.7589194373448738,-1.9843129843362368,-1.321103910793382,-1.0761129534921798,-0.9892208608457157,-1.0047414065349562,-1.0231944583189605,-1.06193593446039,-1.1288924126308866,-1.1886230130796658,-0.7853981633974483,-1.2924966561264704,-2.819842099193151,-2.896613990462929,0.0
0.0,0.9420901516810373,-2.677945044588987,1.9513027039072615,2.356194490192345,-1.8157749899217608,0.2787992523847144,0.25461081372124983,0.2229630175670791,0.20062250437760384,0.16700138467505146,0.15161878670241666,0.13289626901822651,0.12756947566436508,0.15243554283778388,0.21375255435903184,0.36918076093625707,0.7742875470166316,1.5789928645036437,2.08440230951369,2.265285545156023,2.36274461438818,2.3808470447397667,2.3752161748898626,2.3599795077427155,2.356194490192345,2.3324441643829004,2.322061415035229,2.3091378273852112,2.3098415205870526,2.3684055775636588,2.5249157384615692,3.0419240010986313,-2.494103514210401,-1.9573376489839263,-1.7955075069108999,-1.709397735809685,-1.7058907673182089,-1.6931632516004207,-1.6935450154534633,-1.7200204201341482,-1.7146395383002853,-1.7170223558640894,-1.7035263360504416,-1.661034213786693,-1.5784152269152136,-1.3891964857393688,-1.0270909571972617,-0.5067755965456802,-0.0980884628992591,0.14365760875832737,0.26299473536893886,0.3253935221964413,0.35922783891995447,0.3642458499050121,0.38225996898014447,0.40782796745520883,0.4406253844938079,0.486424053699153,-2.356194490192345,2.214297435588181,2.44685437739309,1.892546881191539,0.3217505543966422,1.5707963267948966,0.0,1.1071487177940904,1.428899266063242,0.4636476090008061,3.141592653589793,2.3632740286816425,2.405082554972882,2.470161674160083,2.529834908167501,2.5887026601968293,2.677311327017651,2.78407398186871,2.9188413765318724,3.0806924465569403,-3.0236244300665645,-2.8425654721822173,-2.6654261485784225,-2.512298989948215,-2.3777087293249535,-2.26881077352495,-2.185182233147888,-2.1133240503978827,-2.042327341521156,-1.9720618060373665,-1.9097215591074441,-1.8724153587149184,-1.8260361205695603,-1.76931295035455,-1.7107837701542095,-1.6344046682233715,-1.5251427921928418,-1.1071487177940904,-1.2613763378469323,-1.0968131693966585,-0.9475502887972558,-0.8368233640141957,-0.737598570318304,-0.6763741666235205,-0.6512953903346101,-0.6508200391562109,-0.6792948138998893,-0.6949105264319198,-0.7370798929313961,-0.7641678066281047,-0.7974194337878336,-0.8131353075021384,-0.782635775844461,-0.7180156543302636,-0.6326158559941624,-0.5021773104530722,-0.3721809280188234,-0.3150191683196128,-0.3077654578879974,-0.34985561239052243,-0.4388592840920853,-0.5594549440014257,-0.6989766783672224,-0.8574697480784285,2.677945044588987,-1.2490457723982544,1.3998859808385489,0.105059899948058,2.069842291731501,0.105059899948058,3.136569417419212,-1.5899766255758419,0.8097160079352361,2.601173153319209,-2.819842099193151,0.3671738136038182,1.5263811118499813,1.7501662680607035,1.633215136790854,1.4711276706636411,1.270714206823872,1.0776565336230102,0.8927100853483586,0.7073505447229208,0.5293688062805056,0.35696104052922756,0.19335789049769309,0.033114184255752195,-0.1091534642723097,-0.21629365681420648,-0.022468127580685133,2.008808537902524,2.1915542093931237,2.12177878709176,2.0177495254433895,1.903277188524413,1.782789395640634,1.6623079026189966,1.5486356781771373,1.447106659399643,1.3475681484619066,1.5707963267948966,1.1713581461226577,1.1259258814688842,1.125328543234799,1.4486011594478359,-3.115511613340816,-2.827088336732532,-2.8387077910297593,-2.870059793318193,-2.9518892470828764,-3.0064853808926664,-3.07421015568938,-3.1309923432250866,3.092821835909709,3.0342007278707928,2.970577610645902,2.9509002185378024,2.961025247802823,3.0085253857092753,-3.0661061066767616,-2.3259007045750515,-1.5007357430304091,-1.2397002314090944,-1.1653867013103927,-1.160543752810025,-1.1824219216419156,-1.2109191600084053,-1.2490457723982544,0.7853981633974483,1.8157749899217608,1.5707963267948966,0.5880026035475675,1.152572009849668,1.3258176636680326,0.5191461331003402,-2.356194490192345,-0.7853981633974483,-1.892546881191539,-2.310853529694873,-2.246371976934483,-2.2380679699293404,-2.255508706660293,-2.2800305388829565,-2.3173500775282836,-2.343759174833677,-2.3870349933863673,-2.420933720794773,-2.453670543142939,-2.4820385797627913,-2.471071084599716,-2.3818299268224483,-1.885554000171517,-0.4275808018467287,-0.0891006402372217,-0.020329915696113136,-0.037020118456644754,-0.07578913477191104,-0.09915562026684022,-0.1499383106272953,-0.1887481160973791,-0.22904376441526278,-0.2639637313263785,-0.3053702322121248,-0.3158977817411612,1.8157749899217608,-0.20656027191102277,0.16037544053233124,1.3375511521533303,1.8898171161166444,2.011486773523818,2.036230723214801,2.0329740596812487,1.9972656880399096,1.9693612497281627,1.939564681863311,1.9013914688996036,1.8672954986697672,1.8346099839029935,1.8263931264862305,1.8260361205695603,1.905833222958385,2.1360041443460376,2.8278633168339495,-2.6440118270296917,-2.375854839524308,-2.292755135656258,-2.282879834104119,-2.296858235235782,-2.3390967153814612,-2.3815819952699924,-2.4319528523357774,-2.0344439357957027,-1.0303768265243125,1.9756881289269386,2.0899424598952367,-0.7853981633974483
0.6747409347657131,0.942090108272791,2.8198420915488653,-2.5829933313749627,2.356194490192345,-0.5880026153080073,1.2303086175040328,1.2921792028837684,1.3422760357225731,1.3778589618665733,1.4168353250202272,1.4556294344382492,1.5001092516285295,1.5417588464965835,1.590379076013108,1.6644370111678526,1.764783166357447,1.9288474038627028,2.176161009939769,2.6849257324993756,-2.8975442180027615,-2.42119157654284,-2.1666949912165268,-2.0315412011689182,-1.945870778860552,-1.8880626052435072,-1.8257857931652677,-1.7844347655075754,-1.734328337195733,-1.6930504839839422,-1.6424496028398639,-1.5843273013928862,-0.6747409347657131,-1.3962384498773783,-1.2026655547744276,-0.8334893593040721,-0.13432144517007585,0.4825132906698587,0.8274785957312504,0.9743148716377428,1.0877605569615008,1.156484027429157,1.2204600320428356,1.2682532829221207,1.321444912985237,1.3646546307980245,1.425715106595069,1.487023380078696,1.5834361021658754,1.6939325591212404,1.8807972672307527,2.130404943335508,2.5223025484183195,2.922923707715851,-2.9586608868818947,-2.688863643197264,-2.4974110714609905,-2.3603524490732957,-2.2557870163439437,0.0,-0.12435499454676144,-0.9827937114868893,-0.5404194822840297,0.9272952302324695,-0.4636476090008061,0.0,2.356194490192345,-0.4636476090008061,3.141592653589793,-2.158798942102904,-0.5820925370878924,-0.29745865803839283,-0.036883634733911194,0.16651106740328192,0.31315477462535185,0.4348515643153855,0.5381539969537,0.6302060379799916,0.736720974228507,0.8188363999869412,0.9130902000605405,1.0186233152498505,1.1308813476537698,1.2513133395514244,1.3863948969348523,1.5334153732777798,1.715394075337422,1.8982286424650359,2.109633050960184,2.303038561433002,2.4966386213025267,2.676377655806268,2.825161212360017,2.965549470847263,3.087591157271971,-3.0935946131822916,-1.2490457647539686,-2.9347353491527235,-2.8629225756639127,-2.7991196816768404,-2.7421912852229466,-2.677945044588987,-2.609181258228869,-2.5486194707673437,-2.4539214217705823,-2.350958962756522,-2.214297420087689,-2.069139205888032,-1.8998947666384696,-1.7572832325731689,-1.6445147876417157,-1.5707963267948966,-1.519838657056929,-1.4893794785333387,-1.5015829720564307,-1.5224747309939917,-1.5514325498587473,-1.613760524592379,-1.6395852588278297,-1.6906492355015321,-1.7292627133161218,-1.7818896563460915,-1.8254617301682203,2.944197096680022,-0.7853981633974483,1.399885987652681,0.10505990949200411,2.069842280486023,0.10505990949200411,3.1365694173763976,-1.5899766256107775,0.8097159543346486,-0.9827937114868893,-0.24497866312686414,2.5763438340108125,2.376985448853508,2.2321290973874754,2.0921487410549835,2.020555943403074,2.756435131112893,-2.005163590185745,-2.012535086222741,-2.066280320167833,-2.1707529541617925,-2.297885033113218,-2.4099543295322694,-2.5179908609551256,-2.620056655217396,-2.7124977039180393,-2.8184913817023785,-2.920612343568672,-2.9936350722737486,-3.075436746492983,3.1189336423268013,3.0843864167418484,3.08609414683874,-0.36574729981376286,-0.3420285810976551,-0.39123557128792813,-0.4501609448483081,-2.677945044588987,-0.547562249275587,-0.586127146543377,-0.6326127125204307,-0.6829873719996048,-0.7128798351530039,-0.7436766488379796,-0.7727672383394553,-0.7915031102281012,-0.8006408960463125,-0.7853981633974483,-0.6665578129197589,0.21711132078853634,1.6255361083893665,1.858973360227199,1.9086745260240054,1.9186476482011117,1.9278481970712424,1.9271294643370314,1.9291437973624577,1.9213395155865243,1.9150557784353666,1.9363816740711286,1.9434831844784966,1.9616245890843163,1.9801797171258861,2.02430916637343,1.7681918837046675,3.141592653589793,-1.5707963267948966,0.0,-1.1902899549544528,0.9272952302324695,-0.32175056204092806,3.141592653589793,0.9272952302324695,-0.9505468490761676,2.2655346230421856,1.6919670368834991,1.7123863459711377,1.7342375513072184,1.7525452364541445,1.7919370744912209,1.8361463846956896,1.9216786407532265,2.139879707646882,2.647651278549683,-2.4789779752979784,-1.9923176995150176,-1.8090705975978076,-1.720005863682126,-1.6741501472968559,-1.6352972710100104,-1.6159337159494738,-1.589476552745643,-1.5727361886385798,-1.5431899281304642,-1.526034579958632,-1.4925688310811291,-1.446126571510923,-1.386293601426603,-1.2653146650263094,-1.018007319838566,-0.4266274931268761,0.21866895126990846,0.882216799521292,1.1055435909292064,1.1952109249694158,1.260264975836257,1.3151513989364696,1.3430303605887035,1.3761348741318384,1.4083072148821505,1.4401022722613535,1.4785988507446512,1.5256347483406425,1.5718797500256032,1.6437435847070097,1.7700704123998618,1.9912016752887636,2.4252668367369887,3.0848712294845315,-2.6602569924662736,-2.3941199918179237,-2.258504522932446,-2.1905193560379614,-2.131074012339561,-2.0861080063566266,-2.066020482705153,-2.0488150951307,-2.031374122281035,-1.1071487177940904,0.7853981633974483,3.141592653589793,2.356194490192345,-0.5880026153080073
1.5707963267948966,0.9420901102650543,2.0344439357957027,0.7853981633974483,-1.3734007698725854,2.8198420915814704,-1.3461227700561127,-1.3770620847134594,-1.4086358580258131,-1.4505668245523702,-1.501905517815745,-1.5367186161218296,-1.5915583701156493,-1.6230601218448917,-1.6314562767193406,-1.6222606119536251,-1.524934790215353,-1.2698761035887298,-0.548549404883225,0.13587633144033218,0.40087306241613435,0.4578577655487486,0.4649845025949412,0.4530969670630715,0.42899482795372545,0.3824253538717293,0.3452543486215725,0.2928221415111719,0.23564478642385145,0.20261894697821076,0.19379845666780252,0.22660963938219725,2.4668517187922703,1.1172835089780302,2.151815810547177,2.3969881706295366,2.40877755746944,2.414562534406747,2.380717875289854,2.3439359121478898,2.2825243094271475,2.2234295920575318,2.1830723952294915,2.139892863768812,2.1275337413449336,2.130150641658229,2.201146481512177,2.4301335361577134,2.9606159864277353,-2.669611896165598,-2.401209113542794,-2.277552634622952,-2.2387658916376916,-2.2311253729034743,-2.243628872642872,-2.27223391661746,-2.2939269250595222,-2.3322913674448227,-2.337951513792613,3.141592653589793,-0.6435010966145952,-1.1659045457592483,0.0,1.3734007698725854,-0.7853981633974483,1.2490457647865736,0.0,0.0,3.141592653589793,-1.5707963267948966,-0.6852971816911662,-0.684486824005662,-0.6915860514362648,-0.6805212401663856,-0.6721869239723623,-0.6232687110760263,-0.5810269237188899,-0.49044685849400305,-0.35407186378603,-0.17670885339376918,0.043883983039165075,0.24164851424883152,0.3911940073653475,0.5170884900393633,0.5829691039866192,0.6514532147988523,0.6839399188978605,0.7040018766891694,0.7033784419706917,0.7191917081444655,0.7342545108353333,0.7384527866109315,0.7693352575270476,0.8046265889105788,0.8699810064945772,0.9553555153365723,2.677945044588987,1.2046166555822038,1.3573960429469372,1.4650470362110255,1.5690602174427257,1.6139006012657873,1.628048918629225,1.6461252197455951,1.5899983547724559,1.5587163772471304,1.5107592743284004,1.4434661976804133,1.399756694810343,1.3468918251511965,1.321921582651535,1.3075751182132995,1.3460224447349467,1.4347231245343786,1.5190291446300477,1.6017143041919482,1.6358672378759194,1.6153677279011482,1.5327833296023445,1.430444865944268,1.3093473116849466,1.1659045405098132,0.9932372151213926,0.0,1.8925468888032198,1.3998859749399046,0.10505990717947791,2.0698423238610832,0.10505990717947791,3.1365694171099063,-1.589976626448365,0.8097160186318728,-1.5707963267948966,3.141592653589793,-2.5431737532403456,-2.7175843190087132,-3.008288297540902,3.044076849162054,2.8001569226005745,2.5699234437250587,2.3233424246381236,2.0934470892184573,1.86090562188036,1.6304991172459276,1.4112243514909446,1.1863327129232437,0.9414017058659823,0.6766336973223217,0.2215287914465298,-1.8799952357111709,-2.5409485118226067,-2.827023309237992,-3.0701355818863734,3.041063120629161,2.846836945773074,2.676080528006722,2.527447324342153,2.359070773346313,2.199274017897362,2.0474961208111826,-1.446441332248135,1.7043632625578986,1.5023550082319572,1.1243144458427028,-1.116717821543891,-1.6649378305117433,-1.8679616498406708,-1.9942602779129568,-2.157065083730877,-2.2813346396868317,-2.4031042647081975,-2.5206386385590798,-2.6431197363198384,-2.761323148797223,-2.8654276902389966,-2.9676019952921195,-3.0554135472157595,-3.132217928614064,-3.0952682033688723,-1.0891326591213244,-0.5596318062190936,-0.6091634616102809,-0.6831567441636983,-0.7658354575888867,-0.8374925404808886,-0.9196744886116768,-1.0021662914822762,-0.7853981633974483,2.1587989420527425,2.944197096667482,0.4636476090008061,1.5707963267948966,0.718829994232824,0.321750562008323,0.0,-2.356194490192345,0.7853981633974483,-0.9827937115370509,-2.2762175021809954,-2.3111798723133954,-2.3596787862406035,-2.417667687699832,-2.4725890596781555,-2.5275012030343493,-2.59831329939294,-2.6546304361520336,-2.687175536309877,-2.7096453145984425,-2.7045659899824326,-2.558164623412018,-1.9908747926371142,-0.949379983633938,-0.6290012878565873,-0.5687947461602458,-0.5609489189950994,-0.5890321060962258,-0.6227843322515659,-0.6585467512442915,-0.7251799729298719,-0.7756762493571207,-0.829476603814918,-0.8566498781467815,-0.8892839177817308,-0.8788407898205857,1.2120256648658922,-0.5989911727732554,0.025526368090032836,0.7114591174320799,1.0128731462487326,1.1219155742342308,1.1280614342376136,1.1110397373088086,1.0694630670195397,1.0158006219768556,0.9810934580297156,0.9354322933946618,0.9006742531492508,0.8595230899921452,0.8488964857551501,0.8547730658818213,0.9520742231594562,1.1938342233550248,1.7580502533022788,2.3679126690117562,2.630155396386059,2.729182211992406,2.7407620759524836,2.7138577594535525,2.6648821363680852,2.5909304208275845,2.5253866976793304,-0.7853981633974483,3.141592653589793,2.2142974234094916,0.3587706619290043,0.7853981633974483
1.3045442659541389,0.9420901527592471,2.677945044588987,-1.5707963267948966,-1.5707963267948966,1.3045442659541389,-2.2692159719514815,-2.26818709254687,-2.2764244611909548,-2.2777531290268738,-2.2720211504324537,-2.288914845191314,-2.250801339445136,-2.2444941080068714,-2.202423768783164,-2.1336433370051937,-1.968712455887858,-1.5023320674124077,-0.4554510570937752,0.12877974356467414,0.31005518871372534,0.39723707711337314,0.44354653326225535,0.46013265614905025,0.4674602015336278,0.46737895199064206,0.4984860622171488,0.5010663245897439,0.5263427829812389,0.5407006420108212,0.6097134821781529,0.735646713631066,1.7681918895672355,2.0603281349016522,2.822559475370323,3.0542820418664873,-3.131996019297106,-3.0945316675752577,-3.0662895006978292,-3.066333334328321,-3.03347927917939,-3.0094333711150303,-2.98675075861172,-2.9560792942320586,-2.9107657556990807,-2.8244556622475914,-2.659466663416096,-2.367087282087293,-1.8554435582719742,-1.3374993803722772,-0.9705327756076373,-0.754681571432681,-0.6499734964678501,-0.59572287890286,-0.5317240390509498,-0.4675342932970618,-0.4246218960852657,-0.35706611248523573,-0.29277889031621884,3.141592653589793,-2.677945044588987,2.356194490192345,2.0344439357957027,3.141592653589793,-2.4980915326390836,0.7853981633974483,-2.7610862712371587,0.7853981633974483,-1.1071487177940904,2.896613990462929,1.9298809510202535,2.017302750545354,2.109081793726267,2.183853799515193,2.2568845827125226,2.318333809616415,2.4520918354249504,2.5703458986014693,2.7263653167791966,2.8987425645511857,3.100949613098196,-2.9694018507053945,-2.741088954841226,-2.5393962148978324,-2.365672895923476,-2.228798348352504,-2.1083829734536432,-2.0008864847137127,-1.8994972421977365,-1.8341939659220328,-1.7306668514695416,-1.6648575608100478,-1.5929840860566575,-1.523621054552891,-1.4329136268447213,-1.3323965201571712,-0.7853981633974483,-1.070158355362741,-0.8939354626246475,-0.7186451114479205,-0.5690574891398913,-0.3849281380161627,-0.2579378023755502,-0.1920480172407301,-0.12057786506793235,-0.09923375152919527,-0.06097084475046329,-0.06493747430798907,-0.06540874757581458,-0.074106465724661,-0.06463476123127275,-0.03754942781943398,-0.015562945631198935,0.03962682058142691,0.1234736714471793,0.23799021299663486,0.35783897380024327,0.4176751718533288,0.4989270981903206,0.516945535819899,0.4771148317660818,0.3926609988220742,0.3024292778977642,0.0,-1.5707963267948966,1.3998859877591023,0.10505990047534701,2.069842293151464,0.10505990047534701,3.136569417334363,-1.5899766257036136,0.8097159912536571,2.4980915326390836,-0.4636476090008061,1.8058085467733136,1.5584512750317279,1.333310320818916,1.1256162901588878,0.9111392645731266,0.6878947335626382,0.5054351068649637,0.31926917518123116,0.1272547429949836,-0.06529167764817861,-0.2776720902811569,-0.504441284319778,-0.9070959493882915,-1.8707434611209592,3.135710368678454,2.6686860638230496,2.435237393214137,2.2688357233750214,2.1151455760164297,1.9549109419659911,1.841743185289812,1.7150747624275933,1.5775347690577974,1.4641641967665846,1.3463627145893464,1.1887850645541806,-1.2490457799966452,0.7027840599942735,-0.22810261945155513,-1.424946726263004,-1.8213129177705645,-1.9977808462987463,-2.1238806590576393,-2.236206290035498,-2.3243581140622975,-2.4186666405770194,-2.491232609899429,-2.567645322135495,-2.6334913706990326,-2.711394604926944,-2.7652132380839913,-2.8682373446367597,-2.963294362143952,-3.1127544951463513,0.6701220406167239,0.27542611816789464,0.15394465679536568,0.08210480755953732,0.041404894887613175,-0.006313047478753632,-0.052824371541330566,-0.09541891800440742,-0.142664503529718,2.2142974477456066,-2.356194490192345,2.356194490192345,2.191045800456003,2.677945044588987,2.356194490192345,3.141592653589793,0.7853981633974483,-2.553590061732058,-2.265534583061394,-0.7086262792790969,-0.6146629390868763,-0.6273081641505284,-0.6535230411038664,-0.6734157792193699,-0.6867845236928994,-0.7103045141428004,-0.7094026658327631,-0.716774251352123,-0.7175643755687687,-0.690674430901869,-0.5890230031943444,-0.017239671420336267,1.5434059187474702,1.907179979660969,1.9835495847155988,2.012089937340676,2.019976383319944,2.0050699323082513,1.9982709883761436,1.9859943313660617,1.9918409483628643,1.9927632219784575,1.9857504925977634,2.00542536009849,2.030283064855323,2.1274344338820956,2.191045800456003,2.941029218257439,-2.3345260778293553,-1.8983367193886715,-1.7615878864740644,-1.7043456914054353,-1.6812000658036903,-1.6634594867508876,-1.64297121003079,-1.6377203604584096,-1.629605250212982,-1.632114705628618,-1.6235887040306192,-1.6091955240273337,-1.558812879390524,-1.4812477209008286,-1.2846039007669052,-0.8238407677848706,0.08347094223193982,0.597938391302717,0.7779169931463369,0.8332599095271074,0.8738762632418487,0.8859880774360737,0.8740248304712366,0.870286427572989,0.844683449158304,1.5707963267948966,2.0344439357957027,0.51914610957059,-1.0516502172243065,0.3217505467982514
0.8621700404126295,0.9420901176593864,1.5707963267948966,-1.5707963267948966,3.141592653589793,0.0,1.2081594787884258,1.136325455673219,1.0722615050433422,0.9810474840708132,0.8876236175677107,0.7913504802336615,0.7172002050751071,0.6404665632445025,0.5703832775754878,0.5201245923412215,0.5036263222752361,0.558011626551993,0.7823021947121988,1.4848020301186573,2.128539102121523,2.303807989247352,2.3330062882640044,2.30589369768651,2.2550628791229417,2.166839672926779,2.1003603000992004,2.0092346687537908,1.9094014231184282,1.8250875180109762,1.7410769342467278,1.6651581069097547,2.5535900733430092,1.6155939239400707,1.8860110196446207,-3.0802661435640073,-2.639290269090812,-2.559292061389921,-2.6093831452109035,-2.693393243174001,-2.772838401058756,-2.8817169495360995,-2.967984958378072,-3.0649140226125575,3.132787849162289,3.055151102249224,2.9926254485063644,2.9356566383332017,2.9889433233871205,-3.138096164256889,-2.6698969199870257,-2.1033644526062405,-1.783885659650975,-1.7095388113643153,-1.6966651584225556,-1.7277889825656154,-1.7794627061192314,-1.855382025667153,-1.9223887688789858,1.4056476575670314,-0.16514866922786522,-0.6435011330260995,2.356194490192345,-1.5707963267948966,-1.2490457875437635,1.5707963267948966,0.0,1.1071487177940904,1.5707963267948966,-0.5880025802467842,-0.9552822478113211,-0.9470195217040375,-0.9643052513920429,-1.0014831422141834,-1.0456125614909872,-1.102774808737629,-1.134242364519928,-1.1809422469280595,-1.205631485076044,-1.229728954055058,-1.2014626469602772,-1.1623809294209693,-1.0577626218315554,-0.9201193179681092,-0.7586982507584579,-0.6103869366701882,-0.5087617795404611,-0.4396584232374852,-0.43251580832864217,-0.44365027916173594,-0.46119810817033613,-0.5121016527855451,-0.5404195263858775,-0.6067797452515467,-0.6594148603690192,-0.700454526553507,-1.5707963267948966,-0.7619388208164775,-0.7530711345427175,-0.7239781758878332,-0.6756954388522254,-0.5746157515790776,-0.48032819280080263,-0.4186329817634864,-0.39121408986758544,-0.40853640330331736,-0.4533764992303376,-0.5276270076807106,-0.6235394906469001,-0.733253435842327,-0.8499953403265953,-0.961632872887642,-1.0829599053180936,-1.192308093049271,-1.295205225640006,-1.3712164165934317,-1.4281940529667638,-1.464160121969556,-1.4557003362585363,-1.4778967985766123,-1.5461099843240358,-1.6264662999882364,-1.7509214197157554,0.5880025802467842,3.141592653589793,1.399885978332838,0.105059905241669,2.0698423021104455,0.105059905241669,3.136569417255158,-1.5899766265671826,0.8097159791479618,-1.5707963267948966,2.896613990462929,-1.0377041006623517,-1.369913752977152,-1.6787857893656932,-1.992103120437687,-2.29546719346944,-2.5967797876790457,-2.8854915658798475,3.0946298213305123,2.7943846327550323,2.436379334422572,1.4056476575670314,-0.5718377352923246,-1.0323754805933536,-1.331503003815747,-1.5981332656439005,-1.8389604200772796,-2.077463742684618,-2.3018464803992083,-2.5321753091362504,-2.7677648379263817,-2.9702682806529666,3.0913103986860655,2.8549911086357582,2.6122648438148874,2.3134398171651234,1.7429871487284825,-2.819842078999138,-0.6823165631683323,-1.024212830088406,-1.2780049235778868,-1.4634165866047213,-1.6769301106608823,-1.8503415381236152,-2.024477456653182,-2.2049930818174737,-2.3742105427026052,-2.5348254987757617,-2.707327772872315,-2.8687291461543682,-3.0253675578964923,3.0854268857734857,2.7686049397349177,-0.15991312192937468,-0.4831832977637361,-0.5947004212668635,-0.7370897210050164,-0.8866217057840888,-1.0463541782765429,-1.1839609218729588,-1.3120254310699213,-1.4513227465133207,-1.5731246111916886,-1.6942258172252702,2.356194490192345,0.32175053925113317,1.2924966735050718,-0.5880025802467842,0.09966865549027296,-0.9827937465481125,0.24497866312686414,2.896613990462929,-0.7853981633974483,0.27829965328982476,2.9441970879147163,2.921747538803388,2.8205497933505574,2.714872852476339,2.612636178338669,2.499044607209199,2.411387021296829,2.312651376891546,2.2446592881466927,2.213264366984018,2.3122345687850556,2.978978821535158,-2.290595319389755,-2.044846692608844,-2.0397630400520823,-2.0882433586115354,-2.18924455190379,-2.2708240768006713,-2.363668171629405,-2.447499302132101,-2.550481817670368,-2.6363219117392025,-2.721568152792791,-2.8042620487137695,-2.8540563190934276,-2.8792957578858065,-2.7785432761970696,-1.8157749899217608,-1.765766674357948,-1.2727380362746261,-1.1443326054284826,-1.1556282227701777,-1.1805219851695379,-1.2378635828521807,-1.317574793834576,-1.397821190258139,-1.4970212933199583,-1.5726145066045696,-1.6552760319978472,-1.7359449977409709,-1.8027382725257386,-1.8330777744665379,-1.82007974621553,-1.6822546193452628,-1.3323642061607852,-0.6930688187782672,-0.35195509135811787,-0.24863272317884558,-0.25053417398674677,-0.2992463196091423,-0.3801298852919195,-0.46950040754510214,-0.5824998921981248,-0.6925381781047316,-0.41822433582480023,1.5707963267948966,-2.0344439357957027,-2.761086266032249,-0.6435011330260995
0.7853981633974483,0.9420900893759325,0.0,1.5707963267948966,1.1071487177940904,-0.8621700617644936,-0.7593519425373566,-0.9275441018029048,-1.1086294703918738,-1.2860156961090523,-1.4692559866319197,-1.6300674803097022,-1.814675187396501,-1.988391022753705,-2.1301557629627292,-2.2391560696948547,-2.3037783202957134,-2.242154009604239,-1.9135411726561373,-1.4545907144773216,-1.2499523954618086,-1.2127713894386825,-1.2867219469955298,-1.4249549273950475,-1.6001603829037991,-1.738193571989516,-1.9329872676885376,-2.105909141204551,-2.283065044626125,-2.460861096646052,-2.611376871322226,-2.7430701763251046,-0.9827937116460268,-2.7191588338742947,-2.0607536714180226,-1.5326792052279448,-1.4220396282791268,-1.517169863747574,-1.6733293878601416,-1.8184933128757514,-2.027061898615742,-2.198425766062084,-2.381569745747439,-2.5661111097756923,-2.739909412870907,-2.901115081283679,-3.0163123708361708,-3.0886467903547987,-3.0106841727031206,-2.690466734327441,-2.297438713784428,-2.134232021600054,-2.112268064331603,-2.2038177762930045,-2.355162483189437,-2.505039447368206,-2.6637228037554004,-2.8183257917502416,-2.981446934947921,3.017237659043032,-1.5707963267948966,-1.7359450082856567,-0.9827937116460268,2.1587989419437665,-2.0344439357957027,0.7853981633974483,-1.5707963267948966,1.5707963267948966,1.5707963267948966,-0.9272952300669665,3.131521051722462,2.9989439978256502,2.8757773792045,2.729746446062507,2.580929622418912,2.445709834256323,2.298656560186765,2.1771601560330742,2.098293807975077,2.0501906613378518,2.0527345874651264,2.09520555381481,2.159402804154659,2.2249352960755213,2.2185659286420756,2.179570244548401,2.0954476863527023,1.987542259829593,1.8753452122150103,1.7401226357541393,1.5825913234673707,1.4345489279512005,1.2766012511011975,1.1404910566348834,1.0110517066089741,0.9036908276136231,2.356194490192345,0.7740026379292714,0.7689571757331687,0.7699195275917085,0.763375298276456,0.740735171138568,0.6471112283335068,0.5378355208502001,0.3699958079640078,0.1758076776883945,-0.004398798562444223,-0.20321622013501783,-0.4048917669340747,-0.6113772400734947,-0.8062540666580003,-0.9987882340185664,-1.170035619714034,-1.317952668283385,-1.3956853442257562,-1.5023020544279606,-1.5870992289022137,-1.692353145620334,-1.8786104999673243,-2.0593498286252583,-2.294359728382438,-2.563023735223371,-2.870219602634858,-2.5535900384409236,-1.5707963267948966,1.3998859819407683,0.10505990560755074,2.069842312367589,0.10505990560755074,3.136569417233619,-1.5899766255807772,0.8097160229548294,-2.356194490192345,-2.0344439357957027,-2.129821559396475,-2.5527919843166504,-2.983470494104002,2.891817865678336,2.4858969904409602,2.1083829797743743,1.7019607521066744,1.3125441075678714,0.9323823765374547,0.5404195071947472,0.15824033616869387,-0.25422054122857257,-0.8730848214185853,-2.8291011000612,2.3599680415174356,1.8742268493366172,1.4948798728090145,1.147942413010951,0.8209818393938484,0.5042502703214871,0.16162135296128835,-0.14855727971180915,-0.4692480372065679,-0.7919770308897289,-1.0998139006259318,-1.4227043780959987,1.3734007698453414,-2.2890311081003722,2.413822911443687,1.0875912968046288,0.6351530734855646,0.31769103412674,0.0067566537567740614,-0.27126034111224423,-0.5741752191601183,-0.863530581886398,-1.125169704902815,-1.3922002557896418,-1.6442749126633864,-1.9179524558474939,-2.16855471971489,-2.432966381462123,-2.6662496824249318,-2.8739763511404495,-0.09868826586060224,-0.34653886443394183,-0.5736056886897434,-0.7891812560890041,-1.047419178332982,-1.2798302073856356,-1.518275970828482,-1.7590178368518856,-1.9974238422693322,-2.4668517187231638,-1.4288992706825634,-0.3217505619374887,-0.1651486814907601,0.0,-2.245537261661526,0.4636476090008061,2.356194490192345,1.3258176636680326,1.5707963267948966,-1.5707963267948966,1.3581199441099023,1.149217172526184,0.9312431920457015,0.7184007790913842,0.5151851514535362,0.3271392777509836,0.11642250596307704,-0.06990114774493343,-0.23728651259353145,-0.33608076999637176,-0.2895036799882354,0.24667070184256878,1.0132075988379092,1.1474291875531912,1.0543344218416504,0.917160406843082,0.7448300185546384,0.5549567874404682,0.359784993128396,0.19800469428515546,-0.020917451721892022,-0.21086492083428662,-0.38137574110959843,-0.5422302998369065,-0.6662390082821426,-0.7346953679787995,1.8157749899217608,-0.34097896687751866,0.12641260425385883,0.3299777454312911,0.318413517983255,0.23374318086890142,0.07524049788012652,-0.06084915935991657,-0.25973168865976415,-0.4332529792770085,-0.6122325774373673,-0.7887925563716911,-0.9622332221053285,-1.126232266475492,-1.254117583549669,-1.362480767625451,-1.3544556580831575,-1.1798844904035628,-0.7659621638701328,-0.4915074604389754,-0.4184076804902646,-0.4832281802768925,-0.6337115355189478,-0.794208528097206,-0.9814532418372603,-1.1787560128819228,-1.3812393379329362,1.5707963267948966,-0.1973955569495553,3.141592653589793,-2.677945044588987,2.356194490192345
1.3258176636680326,0.9420901619820825,2.819842099193151,0.6947382761967031,-0.7853981633974483,2.356194490192345,-1.3334220780959336,-1.360307438001204,-1.3917493602348574,-1.4287464311016018,-1.472924338817712,-1.5228420459529974,-1.5494725453482818,-1.5894359792085446,-1.6108390155026024,-1.6021667840831437,-1.5340031208791545,-1.1992784773038276,-0.017542059871718047,0.6786625120563637,0.7944069167770564,0.7893197016270294,0.7853981633974483,0.7579688784732683,0.7317995856827223,0.6764298156145542,0.651767383763782,0.5962372641776444,0.5433264799231156,0.5178929853556115,0.49899631914835063,0.534955060062414,2.356194490192345,2.2612428019312203,2.9459302036833477,3.0169163189880774,2.988092739536463,2.973442487477951,2.93430158485939,2.880990260330577,2.849683987943417,2.7953648682921273,2.7666379228859452,2.735976250335178,2.7233683176904258,2.742487234329035,2.8743654771570877,-3.1029852367623803,-2.352558140285743,-1.7561442767905915,-1.5294573598827366,-1.454011729442624,-1.4303889587956806,-1.4392279066007383,-1.436540670144821,-1.4628547336901427,-1.4728649834264154,-1.490151343928264,-1.4886137668446893,-1.892546881191539,-0.3217505543966422,-0.24497866312686414,-1.5707963267948966,-0.982793723247329,-0.7853981633974483,-0.7853981633974483,2.677945044588987,0.4636476090008061,-0.7853981633974483,0.0,0.37712116278381574,0.38533513116025564,0.3846566588403843,0.40265463993835066,0.42598426401174744,0.46876265706272774,0.5520689368644754,0.6708127948250385,0.8379812134741619,1.0740546702441642,1.3158859456048277,1.552393496401644,1.7170736653322096,1.814184533072118,1.8939546663744582,1.9479225670364693,1.9838918346336225,2.0053823680789633,2.0060950283557166,2.021533858687111,2.0599547830476532,2.0886745564566382,2.1583658714585034,2.2265960789620185,2.343174359647063,2.476734027518721,2.432966381462123,2.795581200314456,2.941251595859754,3.045290400527741,3.1115014045028784,3.1338648320912865,-3.132717146785204,-3.140151732424397,3.1329721778962067,3.1209770183854886,3.088771742574303,3.0668911528338825,3.0678434842724602,3.0768683753067245,3.1233391030126807,-3.1263100002660726,-3.056739415555635,-2.9825694629421924,-2.9334848797178275,-2.9096962951244567,-2.9153192868162296,-2.9714878566450995,-3.0061679965944648,-3.0968112911655266,3.092612254402017,2.9923156526922083,2.888517022947823,3.141592653589793,0.4636476090008061,1.3998859841581686,0.10505989941389407,2.0698423022262427,0.10505989941389407,3.1365694171591225,-1.589976626227203,0.8097159865172527,1.5707963267948966,2.0344439357957027,2.0589145557863824,1.6231501898330265,1.2529217056622453,0.9742469110958452,0.6939753176560928,0.44866450143408043,0.2063985346046497,-0.04170934436948724,-0.27739325458090686,-0.5152449488280224,-0.7781623815469303,-1.0621963066463325,-1.4015227496600555,-1.9226130154435257,3.1337188005282797,2.2550028407153073,1.8668205526596082,1.5791818746757316,1.3389316580065056,1.1500267172536989,0.9775503296924463,0.7982887835125717,0.635360540041612,0.45995986630185276,0.29670762459016564,0.1272789580118198,2.2455372690184494,-0.3089307359898129,-0.7407849014639081,-2.248504621102411,-3.026716053654576,2.938099619610309,2.7532739167741904,2.603527294760958,2.4603786403835612,2.3355077740182364,2.205179161679756,2.091390686434238,1.9744186869947054,1.8554341969093968,1.747236869881014,1.6483106096017652,1.532563601240989,1.4136860660647435,0.5104883116261033,-1.7267522133209692,-1.8715174825908427,-1.9929930382287862,-2.1051918105888863,-2.1814128012419873,-2.27656694806162,-2.3498251456566064,-2.4254522295265,-2.819842099193151,0.0,1.3521273809209546,-0.4636476090008061,0.11065722117389565,0.3217505543966422,0.3217505543966422,0.7853981633974483,2.5535900500422257,1.5707963267948966,-0.7853981633974483,2.849118412755413,2.8087268771987013,2.757775009014918,2.71123243227564,2.6530125703801746,2.6007763392129326,2.562558444602751,2.51547620433762,2.4960693081263496,2.519058323845715,2.606220780640347,3.0281576609234704,-2.0751737444945655,-1.5673120204476512,-1.4442041981407148,-1.4489538912607598,-1.4562923735242645,-1.4837441606998631,-1.5005211810535601,-1.5400204839524738,-1.5655276716637354,-1.5998204326748207,-1.6356703572411913,-1.6392532245483407,-1.63311801069917,-1.5649024855054738,0.8960553845713439,-1.0071251760825868,-0.2055653177492262,0.24777781767571536,0.4154393892827472,0.4853244168507508,0.5193019579264835,0.5151989418357259,0.49741854743155606,0.46236334996696293,0.43934390677947605,0.4131288481783442,0.39423811025006955,0.38156366902983907,0.4014135206410859,0.43424433081124314,0.5787890938734626,0.8859750551083435,1.5445851023018176,2.0811860887929163,2.3197960134160045,2.4037775815537485,2.434862615402,2.413319278872353,2.3745799417025997,2.320883092938328,2.268722815027054,0.4636476090008061,2.356194490192345,0.16514867741462683,0.5880026035475675,-0.3217505543966422
0.7853981633974483,0.9420901609678487,-0.4636476090008061,2.356194490192345,-1.5707963267948966,-0.32175053931751896,-0.7761391310924546,-0.8097360844246473,-0.8427473654026659,-0.8969397201580913,-0.95360493302832,-1.0045835455373517,-1.0673969525783908,-1.1177747291523608,-1.160839875564444,-1.1858525752133744,-1.2040933823531832,-1.1615867938073334,-0.9158743792498416,0.48126691779250974,1.0728879623018441,1.166631795049254,1.169970683719738,1.1405934941379168,1.1027627600541856,1.0493859638234888,0.9869444957650615,0.9237934839749918,0.8616003948886777,0.7923771075300329,0.7262338442837649,0.6810440126190849,1.5707963267948966,0.628426856256138,1.2304143955965985,-3.0894012851217014,-3.059304657702598,-3.0573178504428475,-3.110244041822063,3.116487145621838,3.0480749524888164,2.9715340318781798,2.914426842213084,2.8554002374416956,2.8102229643204106,2.760538170990659,2.738759875023957,2.751107381190553,2.859037700194041,-3.056796478347984,-2.236765579395835,-1.7200539211798989,-1.5458638396264368,-1.471317715969834,-1.4792951650880675,-1.5069376983639433,-1.5372268546394696,-1.5779561094652268,-1.6084256160163173,-2.356194490192345,-0.5880025803489162,3.141592653589793,0.7853981633974483,2.761086266078032,3.141592653589793,2.0344439357957027,2.8198421142722743,-1.1071487177940904,1.8925468661124156,1.1071487177940904,-0.026269071932792324,-0.009536496006456313,-0.022867677677981015,-0.02200133891362719,-0.02770375339911341,-0.02807564971944432,-0.033569472155427,-0.026589476788961702,0.004347798781971714,0.07026059026662909,0.17613724899475042,0.3255673269439371,0.5079346279958109,0.7184252976867022,0.908688965704646,1.0670336117994046,1.158187936294527,1.2229734671762837,1.2438984186769018,1.2805488779742147,1.27656175859167,1.27660123904482,1.2828369199000396,1.2732169032640637,1.288286587509456,1.308712584894896,0.7853981633974483,1.3883979004591143,1.4834004720681009,1.578909738789724,1.6930647322702792,1.8057803276115196,1.9128744709362795,1.9913234716044812,2.011975793292777,2.035199792999111,2.017730360574183,1.9792202123870615,1.9351276397507604,1.8803770766785353,1.8254210014697891,1.7681918899887272,1.7153388810473513,1.685751198461334,1.654689861878221,1.6531099122316812,1.6552941065443694,1.678564309606885,1.6758300608071504,1.6587149967064612,1.6106525112067043,1.561622271369896,1.4739218253091448,3.141592653589793,-1.3258176636680326,1.3998859820221015,0.10505990226138716,2.069842302634503,0.10505990226138716,3.1365694174388867,-1.589976627580697,0.8097160059988114,1.9513027143066577,-0.4636476090008061,-2.4767699116300212,-2.776497238547846,-3.0797248073113197,2.9374076723866205,2.669933568876059,2.411890093935396,2.1341931675873953,1.863454565377214,1.5837826086979276,1.2223390083328145,0.6225343167624534,-0.8233545807919208,-1.6759120364529205,-2.0827335150772495,-2.36040203580613,-2.5959861983672883,-2.8185439531800673,-3.009620830948707,3.059847508775707,2.8832968955814726,2.6701975573607726,2.482336240957526,2.2979545963760475,2.0693828300397956,1.8226284842767888,1.462056647357565,2.356194490192345,-0.6778013889406534,-1.1778041694297177,-1.4449345540629799,-1.6407753278898916,-1.8115514840896199,-1.9653111379518449,-2.0973331969420417,-2.2534887146341114,-2.388645461711779,-2.524773892216849,-2.6531859738134544,-2.8005662020929782,-2.9406746061839817,-3.098015609756016,2.9380013848055317,1.0240074676027124,0.053347393636062876,-0.14698421419241917,-0.2877970017204444,-0.4048918045697358,-0.49633041799878336,-0.6256907022118602,-0.7312113651883537,-0.8272898347461007,-0.9210627736568077,-1.0088393004993064,1.5707963267948966,2.356194490192345,0.6202494615301881,1.5707963267948966,1.5707963267948966,-1.1071487177940904,3.141592653589793,-0.7853981633974483,2.0344439357957027,1.2490457874773777,3.141592653589793,-2.1305521905261426,-2.1947097305704064,-2.264970645433415,-2.3288789013733053,-2.39094870905672,-2.439787943376582,-2.505084443700766,-2.538099047075464,-2.5475941367164316,-2.4728289451541605,-2.041823905836271,-0.6538864846431912,-0.2724631445639526,-0.20773227585893206,-0.21977739080169834,-0.25819987240624154,-0.29684466930491865,-0.3552998551544354,-0.40016335940692294,-0.43323690544727844,-0.4977589957363157,-0.5460874749143796,-0.5788184453352166,-0.5880025874093748,-0.5783926656903546,-0.47654254638762517,2.158798907143813,0.49027572361025723,1.2420036293076466,1.4452465905817726,1.4948365605514369,1.5164565731196287,1.504628000063022,1.490707695800861,1.433317081157879,1.3818849493420602,1.348497625186293,1.30463439897615,1.2734983559950697,1.2416615512737676,1.2412082168193492,1.2685814831860864,1.4085974991018346,1.7987633934880738,2.4980915283698883,2.995155807129016,-3.111114291500894,-3.042539009659668,-3.057393225958416,-3.1025500043067757,3.130264610739105,3.056372417730652,2.988716307689126,-1.8925468661124156,-0.9827937464459805,0.5880025803489162,1.5707963267948966,0.5880025803489162
0.5191461189858246,0.9420900988381887,2.677945044588987,-2.5829933313236553,3.141592653589793,0.24497866312686414,1.2918817505318585,1.32704225456743,1.355381392350945,1.3764956050864938,1.4007837172784876,1.4403289397575518,1.4800410270228868,1.5240677747140985,1.5910247814285163,1.6937681925796961,1.9218272145718889,2.4231496697045283,-2.994676828063562,-2.466393421010045,-2.217185194362105,-2.0983063633363943,-2.0121733151746515,-1.9688710898671686,-1.9356057165809704,-1.8761986534478206,-1.8636764644221862,-1.8284598705011454,-1.7920813542141498,-1.7640676311574164,-1.6914724805178833,-1.5684433900565664,1.5707963267948966,-0.5272223142190764,0.4252050022345527,0.7568345012703804,0.9136378949127612,0.9827937068519077,1.0391370264345738,1.0915655826451214,1.109101820004313,1.1439940477601398,1.179598410120306,1.2198273180466979,1.2790902368593138,1.3511426484480717,1.489689199926735,1.7212401892915892,2.1372776023108724,2.743400196042609,-3.045994535292548,-2.774122333340962,-2.602287962980434,-2.50929557383886,-2.4433854404290622,-2.385125338695915,-2.330398812405389,-2.2711289803344665,-2.2062041000775823,-1.1071487177940904,-0.8960553920848708,-0.3805063718010787,-0.32175056209800745,1.1071487177940904,0.0,0.4636476090008061,-2.601173171440068,1.1071487177940904,0.32175056209800745,2.1587989421907183,0.24927444898936688,0.3316663265104844,0.4159906230020054,0.4983157846401133,0.5685810588679266,0.6643585785306015,0.7774460489475817,0.9170820316824181,1.107916773950757,1.3392818423013675,1.6055985166659237,1.8715289668255422,2.110595101137965,2.309059642640492,2.4670913493434146,2.5841927136754297,2.6890831797921297,2.788273638340641,2.882366244203013,2.9855528128959414,3.0824331133522804,-3.0968248949020136,-2.9867373530725554,-2.8309752266844685,-2.676448055293695,-2.508562367381951,-2.356194490192345,-2.1839002141862363,-2.0314544096217593,-1.8853006352785215,-1.7908377293318618,-1.685433455585271,-1.5830844948511458,-1.5129579354234852,-1.445291243320528,-1.3839856861849769,-1.299849483303917,-1.2310392435268176,-1.143454215422945,-1.052758856772101,-0.9714715265107382,-0.8901347589023458,-0.8270407493298306,-0.7564407453301997,-0.7110369717540931,-0.6695713752005672,-0.6426539857278702,-0.6207578690686822,-0.6146629367447259,-0.6305584294806325,-0.6378543393537364,-0.6816463100747313,-0.7239046808949082,0.24497866312686414,-1.5707963267948966,1.3998859775871038,0.10505990495135305,2.069842293804615,0.10505990495135305,3.1365694173905685,-1.589976627853839,0.8097159727139444,-2.0344439357957027,1.3258176636680326,2.6675647999008976,2.445470592433905,2.2401537649603718,2.047111532964155,1.8422380783500107,1.655698121019947,1.4451727005253645,1.237050705082312,0.9579761206034556,-0.3916999334678556,-1.8499762798131931,-2.129040300833655,-2.3108422072646637,-2.4514931513771496,-2.5776866919159587,-2.710382041364594,-2.8182598072246954,-2.9154297541893373,-3.016929216776539,-3.0964106585578737,3.099888085317993,3.006224889911304,2.8902958528420943,2.7854547180962532,2.6823503000445337,-0.014083575593743819,-1.5707963267948966,-0.4786062210547258,-0.5540824458605184,-0.6087637698239636,-0.6568966938147601,-0.7049951290938474,-0.7380440349244732,-0.7693739026739018,-0.8147535295282554,-0.8525536649804673,-0.8839999921301149,-0.9126686229283597,-0.8963905215427684,-0.8248208853141505,-0.5936100366329886,1.0341081688233333,1.6843409372834348,1.767234952012941,1.818436907748014,1.8273819085322471,1.8252374465021595,1.8317648005157086,1.8251229441991044,1.8124510434610517,1.81603671427333,1.81968339328032,1.8289563374739848,2.677945044588987,3.141592653589793,-2.4227626594204628,-1.3258176636680326,-0.7853981633974483,1.5707963267948966,-1.5707963267948966,0.4636476090008061,0.0,-0.6747409347100258,-3.017237659043032,1.5323102440506715,1.561956778368075,1.5785739474200315,1.6067854264611197,1.639438318950785,1.6963731789894585,1.7450784372525836,1.837048385424425,2.0229501671058396,2.4634733642923106,-2.7877170670628186,-2.159767912179825,-1.9517369327322291,-1.8404298522188351,-1.7676278739696298,-1.7226043798635802,-1.684812165061785,-1.6487131310686507,-1.6176702838024435,-1.5589434330303231,-1.5388072428005994,-1.4815010058549265,-1.4293104602114342,-1.3384696912073037,-1.133145054868986,-0.7454194487165581,0.4636476090008061,0.6137700984193116,0.9416888049608158,1.1078645439527182,1.1990471246705157,1.2626956236990998,1.3202406077303437,1.3686838232092307,1.3993325554369025,1.4415568222560122,1.4813042778490384,1.5247367415601742,1.585128312074495,1.6676056151312488,1.810610155938578,2.0441054464378987,2.508204228361665,-3.1357103687342427,-2.626630654231921,-2.386488255676538,-2.2417019833771388,-2.1600077535633195,-2.1235853081116423,-2.0935466098676074,-2.068781598435725,-2.05527425583192,-2.035616263685148,1.1071487177940904,-1.0303768446451713,2.8632929916785064,2.8198420914917857,-0.6747409347100258
0.16514866880263815,0.9420901340509573,-0.9827937477583741,1.695151321341658,0.32175053846446305,-2.191045786941751,-2.5140849296181735,-3.0227811093747508,2.74911178431032,2.2432748284327335,1.7247409971728955,1.240498967993266,0.7201709832766572,0.21832175189284847,-0.25151246175406305,-0.6951514141669749,-1.0268265520566189,-1.1037357950187732,-0.7284029066424361,-0.6735078798521942,-0.9882608781690816,-1.4153840089299086,-1.8914788780901501,-2.3937812536789886,-2.9119502182932546,2.847459397514875,2.315515660454179,1.7945208313311134,1.2617197891313319,0.7329040364876249,0.23374317576331027,-0.24169280263720652,0.7853981633974483,0.3535419572073753,0.6956158631973945,0.2952750329966785,-0.17947632835033403,-0.7190425621627605,-1.2518347346589056,-1.76604826258671,-2.3329143714020746,-2.872828990905645,2.8760598647756583,2.33681428040789,1.7970613813215919,1.2818209119717285,0.8232349727103702,0.5170319784125781,1.32770090153521,1.6362200659069783,1.2737321078528592,0.7794102080887318,0.2677394163331341,-0.254035947601023,-0.8039738177640652,-1.340855706984111,-1.8687813070739616,-2.4048257814370633,-2.9228152176230293,-1.8925468652593598,-1.8490959797878648,-2.677945044588987,1.7359449955975348,-1.5707963267948966,0.4636476090008061,2.0344439357957027,-2.356194490192345,0.4636476090008061,0.16514866880263815,-1.1071487177940904,-0.44715428495375553,-0.9741071827181053,-1.4828719408964548,-1.978491443847135,-2.492877352506051,-2.9536282330168935,2.9010891458728714,2.5676135520808425,2.453447691448211,2.464554985065302,2.3726403834836276,2.0757829223973854,1.6817797068071516,1.220940728881687,0.7300800714797944,0.23102967790376278,-0.2896530076758595,-0.8009871084895327,-1.2950499888708016,-1.8038335556565877,-2.2840974502910365,-2.7440202256783253,3.1274593187226105,2.7995746020147245,2.5784983901590683,2.410099042852452,2.158798905831419,1.886411985763555,1.4880668464360765,1.0286219914867365,0.5175227647598926,0.0138008809948286,-0.5230753504589055,-1.040068908732237,-1.6125970608996478,-2.157683258735082,-2.682568527694184,3.09938800165885,2.6214522664619557,2.213338662642452,1.8773830141357857,1.648252992874763,1.3476829757836526,0.9546717157227458,0.4883950434357811,-0.044685681953881916,-0.6198052433292225,-1.1913481580719443,-1.8059667989864754,-2.4355728413879585,-3.0649884679176753,2.5664445439541947,1.9533720348047543,1.1071487177940904,0.0,1.399885974891616,0.10505990376406389,2.069842278069871,0.10505990376406389,3.136569417421492,-1.5899766281184875,0.809715970481162,2.677945044588987,1.2490457883304336,-1.1383885263546145,-1.4272811560486507,-2.046054420264374,-2.7568881462432384,2.8209619200651943,2.1243155313100166,1.406082441018996,0.7098380669029173,0.026595904755655465,-0.6680821887795678,-1.3486298829015715,-2.037237226012493,-2.734124906361651,2.8216182880564507,2.0001436764156355,-0.2165503147019529,-1.891082767602183,-2.625244189960258,2.977302088298239,2.302885337214944,1.6443349723294547,1.0131437957744445,0.36505678764449645,-0.25819373768631276,-0.8942904576746887,-1.5358106060568484,0.6435011342847717,-2.8414214748471656,2.7299945599089814,1.7907106042217371,-0.19908189964609269,-1.5211916604033158,-2.2775317895067704,-2.9253551003112177,2.7000216537522923,2.0787697443537048,1.4761890858294655,0.8721980996753282,0.2871932561736396,-0.30884364954380134,-0.8992382846514335,-1.5030078476208137,-2.092230795719602,-2.7101919418633607,2.8177456437986077,-0.11787210015059839,-1.086646849016385,-1.690552486022647,-2.280865606582833,-2.8705812406101825,2.8430937393260147,2.2682675269602153,1.6946903323420206,0.5880025790365224,2.4149503041178995,2.999695602172065,0.7853981633974483,1.5707963267948966,1.03037678903683,0.7086262871226626,-0.7853981633974483,0.0,-0.7853981633974483,-2.553590074553271,1.1471737561272148,0.6166365863161692,0.07860143925114578,-0.4565317773666948,-0.9866114821582546,-1.493080425547854,-2.031773713961017,-2.5566528539627047,-3.0593180712738075,2.7412354962805123,2.3280095710098476,2.134112599300289,2.610480014135596,2.8715383454757384,2.570255158524106,2.1445799241336387,1.6554420697872878,1.1497352945077848,0.6272700014916477,0.12545571012938447,-0.41884867177589347,-0.9361525613300854,-1.443557763228887,-1.9388259857883743,-2.439869628231352,-2.8809902540485925,-0.9827937477583741,3.047608059501612,-2.8060412118026803,-2.8221165313117615,3.1166394322372497,2.6677988266645913,2.182729014857337,1.708085115624393,1.1885383648154908,0.6823566920876791,0.16880422193716904,-0.3328702528711557,-0.8322388456780935,-1.3168961736128906,-1.7766033700609374,-2.1764441660987117,-2.417408236871667,-2.4398696214881297,-2.268015109273992,-2.3761348760924754,-2.7117203851958283,-3.1344921807931625,2.6730735131671555,2.171849157828141,1.6638822915374343,1.1429521131465916,0.6136617232944135,-0.32175053846446305,1.0636978284147032,-1.2490457883304336,-2.356194490192345,-1.3734007608172543
0.6202494859828215,0.9420901268721528,-1.5707963267948966,-2.819842099193151,0.0,0.0,1.2472242612871547,1.2549012699827824,1.2481531667316899,1.2449498461313022,1.2373219791777215,1.2345625862961696,1.24841565114277,1.2610085954583141,1.2774682824017467,1.3123956490409512,1.4288992738320012,1.757356385681719,2.6202662973141337,-2.811878652258889,-2.5548284552248632,-2.4715407415046755,-2.4335175100263133,-2.4256739910314344,-2.424523709576469,-2.4368867410920427,-2.440716646697031,-2.464268513825736,-2.4888805291234974,-2.5159118981453212,-2.5267436445840237,-2.5246193175551435,-0.4182243295792291,-2.330559091221882,-0.6125375566103034,0.12435499454676144,0.17185784614948793,0.18977074346610592,0.17427043157795502,0.1450963684606613,0.1209785307891886,0.09299523904609926,0.05870589355341428,0.022218565075587168,-0.005825176743266002,-0.029009716561486078,-0.03171350296414077,-0.014439430000545497,0.09790030773846166,0.6573890831361117,2.1315850090158794,2.4565753914504698,2.5347935744016277,2.5398427046131586,2.529628165412139,2.502051541587154,2.474669548005653,2.458525297153025,2.4371318434516738,2.214297435588181,-2.0344439357957027,3.141592653589793,-2.0344439357957027,0.0,-2.158798930342464,1.5707963267948966,2.677945044588987,-0.6435011087932844,0.16514867741462683,0.6747409422235526,-1.5536747129816841,-1.548924814969896,-1.543827915791145,-1.5403295660315601,-1.5515679284475639,-1.5574910725783369,-1.5317971586139774,-1.5028054492591099,-1.4358744246121138,-1.3179022596922252,-1.0895521877915784,-0.7047059024292572,-0.2543680552853118,0.0898051833233388,0.2983595072001682,0.38196664829280996,0.45356603492739384,0.49394135508898046,0.5254408498222837,0.5271608183680365,0.544305996641936,0.5526507080058856,0.5570390685125549,0.5754848456877645,0.6234978665009564,0.6942990221829856,3.141592653589793,0.9802197460782215,1.2498568125363319,1.5494662299363944,1.78515494619438,1.9734866857955122,2.0763211054624615,2.1142452826948035,2.1261174942975094,2.092204900573234,2.065101800093516,2.0132349901375077,1.9640757324102283,1.9103352741996213,1.8729009941450896,1.8428193891228066,1.826798172190906,1.8516340653128078,1.9549019715882539,2.1566981304632193,2.4082023652919338,2.5956073337937826,2.6963565512291625,2.665445689051731,2.589937660579669,2.4672597257197744,2.2957178646338874,-2.498091544796509,2.356194490192345,1.3998859734704188,0.10505990786893242,2.069842283598803,0.10505990786893242,3.1365694171853455,-1.5899766271484155,0.8097159698800609,-0.4636476090008061,-1.5707963267948966,0.2198636890777166,-0.07290426773883259,-0.35057882718380157,-0.605256809982693,-0.8473024260370123,-1.0887780875438486,-1.327316916710693,-1.577704679667587,-1.8640202512604653,-2.1941302889231054,-2.705852416027365,2.7497032377374726,1.8668515859762884,1.3593454649336008,1.0546532094185106,0.7993908270996011,0.6044605148264645,0.4105449295992125,0.23235848563164413,0.07076496025725149,-0.07960669020157271,-0.2560958221317239,-0.4371955786552216,-0.6344074878382421,-0.8605575297145224,-1.2462446616714222,2.0344439357957027,-2.775770544573809,2.931577862821805,2.64902748131339,2.445737703140536,2.296421880148519,2.1679006441292676,2.045442566278941,1.9352613040758757,1.81749531701695,1.7025837023998651,1.5884001425621992,1.4795206024675784,1.334178676957962,1.1569989199526376,0.7796510854461863,-0.262747386202065,-1.3048735524502086,-1.573084652253511,-1.7526720677792478,-1.8692952661010298,-1.9709200518218155,-2.051338733481197,-2.1366718028513425,-2.2139311864816174,-2.2862620028229466,-2.3483765769754155,-2.5127963671743605,0.0,-0.4636476090008061,0.16514867741462683,0.40489178628508343,0.4636476090008061,1.1071487177940904,1.5707963267948966,1.1902899496825317,0.19739555984988075,-1.4288992721907328,-2.873296660744672,-2.90865890742898,-2.9592375436465392,-2.997600819561968,-3.0266792377905216,-3.0624443030645745,-3.085819288840837,-3.1053309521932135,-3.134866297557907,-3.0771658141642395,-2.2011977482684038,-0.4061417697263293,-0.3444739353763739,-0.3489121131182464,-0.3595221120020423,-0.3832682469674744,-0.4061509072661258,-0.438810447391284,-0.4593203235870679,-0.47945654412784167,-0.5057540652570612,-0.524247483895912,-0.5408110279712808,-0.5344965636568205,-0.49872095705165825,-0.35686008307555006,0.8621700546672264,1.675177477234584,1.9602270405824636,2.0655219975825254,2.072296324489481,2.082899394059973,2.073639534398262,2.0605016657931188,2.05261025775403,2.0414240018242418,2.032539171321181,2.0199521940438285,2.0208806924567826,2.045016700625035,2.124376668905244,2.2691006885572933,2.6900342610758194,-2.687378712868131,-2.0863453451463063,-1.903657552298052,-1.8180455076119117,-1.7843830190519239,-1.7896755474642676,-1.796341300531525,-1.8145296574231444,-1.8353523376296725,-1.8510195080233047,1.695151321341658,2.356194490192345,2.819842099193151,2.9441970937399127,-0.7853981633974483
1.1659045515534368,0.9420901087649464,-1.1071487177940904,3.141592653589793,1.1071487177940904,-0.3217505704098968,1.736110987104399,1.4774074685482264,1.2363658364822059,1.008904272427343,0.7515011442704363,0.48269292052251656,0.20150324645602757,-0.1232076353923473,-0.5154182703006401,-0.9687693810753226,-1.4760891406072094,-1.9638898758940426,-2.3601392259219756,-2.707803420281803,-2.9940688969374816,2.9992594865146796,2.755681894990778,2.5094656801381205,2.2790000904332195,2.035830264806689,1.7686274337381278,1.4589060589196121,1.092765711233259,0.6506638808006406,0.16958815196161098,-0.35838877782068523,3.141592653589793,-1.1930851737416817,-1.5108681694044175,-1.774613275168488,-2.049725675488309,-2.278656025167456,-2.4936863042923654,-2.7169617718534647,-2.9536947776342677,3.0692085105709546,2.797876554990049,2.4498791813176064,2.0160973741317982,1.3729248149856257,0.658985563323916,0.09747607441245536,-0.2821628921109003,-0.5807872459282618,-0.8264515825301388,-1.0409584477140694,-1.2519924400356883,-1.4425807532689514,-1.6223145168134725,-1.816639859718553,-2.0134036577200027,-2.2325216703151214,-2.43822792954089,-0.3217505704098968,0.7853981633974483,-1.7126933846017114,3.141592653589793,-1.1071487177940904,-0.4636476090008061,-2.601173190997453,-2.896613990462929,2.7610862875210516,-2.601173190997453,0.4636476090008061,-0.8741758813225285,-1.042006024054206,-1.2193205480912652,-1.3823092042287712,-1.5693798971504573,-1.7666342423335075,-1.951903320302493,-2.475034816189941,1.3611564672353273,0.9685089776394543,0.746491620759591,0.5535472831996994,0.37720751811514214,0.2036247223518198,0.042984259491443265,-0.12435499454676144,-0.28777547968471806,-0.45111344795233227,-0.641928457261985,-0.7788500805480273,-0.9559785406588636,-1.0982557000256625,-1.1782261821716116,-1.1406290272018162,1.0020684598436669,1.0587993415156842,-0.41822432297582557,0.7865986501022451,0.6086543609082439,0.4338715073522645,0.24869186926191789,0.050181052205369094,-0.13135767646990604,-0.3110394178535581,-0.5354956075670825,-0.7234376400015302,-0.9152122933623943,-1.0895293819786498,-1.262093683863869,-1.1071487177940904,0.20632390431802597,0.49461111708273914,0.42229189980203363,0.2415983744041848,0.024091722185924928,-0.2222553133857489,-0.4769177271198782,-0.7481944777959307,-1.0306884646907908,-1.3194420782606402,-1.6188143068369556,-1.8942951414953413,-2.2071800905325247,2.2142974099669743,2.4980915704177153,1.3998859750072905,0.10505990615472115,2.0698422979142355,0.10505990615472115,3.1365694174845276,-1.5899766267697601,0.8097159992301807,-1.8925468972047934,-2.15879895497824,0.6079240383737671,0.011267128427574599,-0.5465244416123969,-1.011982501168111,-1.4423560206096744,-1.8467854543312485,-2.248744767434911,-2.6363024453605077,-3.048066621166803,2.8111199101771884,2.364783236300778,1.8752558153774221,1.3706991058301838,0.812495680731265,0.2769862899149177,-0.25104707610942184,-0.6925395941526905,-1.1039538478081015,-1.494519727039291,-1.8248739241163707,-2.175359195206358,-2.5048319047085625,-2.822607805715361,3.0968856217975445,2.735573473073807,2.3539371443146333,-0.7853981633974483,1.4046767801284528,0.8451559649193381,0.33324429840401554,-0.11955694676448271,-0.5184555237780343,-0.8491414543673529,-1.1355648392140716,-1.4366770708770202,-1.7028605664407814,-1.9749958759448143,-2.238362810046337,-2.5206735562667553,-2.8065951776614764,-3.109765488739963,2.795703032322093,2.334041531293234,1.7573278842315125,1.1491660189111872,0.63969883878424,0.22877813305780023,-0.0941358382048001,-0.38631902157738157,-0.6388411373324216,-0.8891035263272592,-1.1097551209707717,-1.3269980289397656,0.11065721922105985,0.982793698611553,0.8960554001940303,0.0,0.0,0.8621700697385246,1.5707963267948966,0.0,-0.4636476090008061,1.3258176636680326,-1.5707963267948966,-2.728722721561977,-2.953759372126098,3.107157453373298,2.8945368982370017,2.680523481251083,2.464855719425265,2.2231504756245553,1.9747664646216025,1.6848961340155142,1.3531917754873595,0.888479764203644,0.33782184958976785,-0.2592488258295002,-0.7578362137048905,-1.1334584290184937,-1.4548628411193867,-1.7170317444107701,-1.9633958662024353,-2.1785982862126216,-2.389783982093735,-2.6204079065068187,-2.846914775685372,-3.1104570019129976,2.902065185489377,2.5895516073202987,2.1995926264001397,-1.428899268988082,1.1052986081567362,0.5707891152481406,0.1537911396652836,-0.1909440313382162,-0.45585052954649175,-0.6966341188164988,-0.9221301952332895,-1.1390104351911843,-1.3715110518316573,-1.5863201932046864,-1.821654504432847,-2.05371865188187,-2.329698912712112,-2.6624476243402446,-3.1098868661408803,2.6146152372084286,1.9748418516974628,1.4455807421440845,1.0374206760515958,0.7212660446474292,0.4530781248161006,0.21402110763691043,-0.025612772811793624,-0.2708547475590696,-0.5194662658470692,-0.7626172639489377,-0.7853981633974483,2.466851726988927,-2.111215789387237,-2.432966396533421,-0.3217505704098968
1.7359450001721501,0.9420901046364247,0.4636476090008061,-0.4636476090008061,1.5707963267948966,1.5707963267948966,-0.4918091996767567,-0.9915195188992504,-1.3028493776517316,-1.5810598951956072,-1.8393651358448282,-2.077268001250565,-2.322759848676067,-2.5686016319104783,-2.8008662735145653,-3.0465964293340884,3.002907436621129,2.756600178521871,2.5131788785749163,2.2376773812383237,1.9412190077735878,1.5744727808997703,0.7038186461623158,-1.0502793857978068,-1.6364162662149213,-1.9386679849223658,-2.241116609797114,-2.516790390186845,-2.775604696137846,-3.03896784470075,2.9847287878474797,2.7165428329745382,-0.519146128035706,2.1477896484538213,1.8548976250090476,1.5193266761248336,1.1326156824395968,0.6284390628606505,-0.03819797288948878,-0.805711367069123,-1.5577762297651312,-2.044695212606519,-2.4615718909190027,-2.8161142431499635,3.130982972199823,2.81098565895695,2.4881043364051956,2.18739242986553,1.857148503004563,1.4896973821098323,1.1293354827846158,0.6938182959797232,0.22284749505941967,-0.31889749606361467,-0.9138732018170717,-1.447986522549337,-1.9171370009253665,-2.329371689746985,-2.718298049871283,2.677945044588987,-1.0303768089498637,-0.4636476090008061,-1.9756881336845065,3.141592653589793,3.141592653589793,-0.9827937347383146,2.245537276305416,3.141592653589793,1.5707963267948966,-0.7853981633974483,-1.7900600403183247,-2.206791073905611,-2.5527663194097614,-2.8855723449267154,3.0703826727275065,2.742797253803884,2.422901230215765,2.0980658949790105,1.7600739800022984,1.389924495829249,0.9403949300591666,0.2594220866745038,-0.6671780318691397,-1.5590781129007794,-2.152640441616273,-2.561649767731772,-2.9205269562590193,3.050132554123963,2.7485649881907417,2.473516959280721,2.175375864631506,1.88671847324019,1.6073996898466067,1.335805795549294,1.0706932946288263,0.7979648389983427,2.944197090867166,0.4403055544258075,2.117585134716903,2.5422107720612392,2.352079288704285,2.0867218413344553,1.8004830691845877,1.5481415925498692,1.2372507842613476,0.9439427353039062,0.6637791478890112,0.3698279062280864,0.08894597988850043,-0.1890624132561109,-0.46102980650828135,-0.6931649465077434,-0.8158336931121964,-0.8666520661361898,-0.5206509818400863,-0.2670938035365247,-0.3011584962806715,-0.49066804772037026,-0.7706933461874349,-1.0580250986307655,-1.3915483960413941,-1.748502649407232,-2.1163118331108177,-1.5707963267948966,-1.292496659334154,1.3998859701995152,0.10505990584625854,2.0698422995912877,0.10505990584625854,3.136569417299333,-1.589976625971782,0.809715994253762,0.0,-2.0344439357957027,-3.0407454502553537,2.4307685542267157,1.7881657256679535,1.2608272555181366,0.7773338506907339,0.3386443898049444,-0.11182291866088408,-0.5433264770669559,-0.9550658652096208,-1.3775547259612793,-1.791744671363416,-2.217334896772486,-2.66490230285039,3.119751466488488,2.5231646620340182,1.6874195145072355,0.7325226958489739,0.0,-0.5692345696860418,-1.0151399038667905,-1.4347656331261536,-1.81193690490517,-2.1836839735326685,-2.5315081922321427,-2.881076237302633,3.054073062183401,-0.29145680544174346,2.3269345149249814,1.9384099547948106,1.4757229961732992,0.8355842801738994,0.11558733639188361,-0.6347412087699573,-1.245591539445848,-1.7512299830430749,-2.168874162159165,-2.5079075684882883,-2.8314425156134306,3.1387717867265867,2.83347960846126,2.5256866418707675,2.221641253764281,1.912555035657431,1.574812369572772,1.1777383124660097,0.695179205747164,-0.009132166041889345,-0.9089486416266489,-1.6120100909747819,-2.148425881960908,-2.5086339110229305,-2.844528431540195,3.1401620393561696,2.466851704079274,-0.7853981633974483,-1.2490457798673948,-1.5707963267948966,-0.3805063822634965,-1.695151321341658,-1.1071487177940904,-2.8198421066622914,-2.1293956354246246,-1.5707963267948966,2.498091532845884,0.874859729241792,0.3758933682892952,0.023525072417947414,-0.2636820558888493,-0.5234104507649732,-0.7582861739304552,-1.030756913599363,-1.2907306658691493,-1.5491546847832947,-1.8048014979139329,-2.067710460910946,-2.333627172298372,-2.627794077971841,-2.967052817204592,2.849149675935082,2.093673744166703,0.7817081445470235,0.08338826500315424,-0.3606587866227349,-0.64003435810831,-0.9463082852768638,-1.2173454854156234,-1.4790757941910477,-1.7301479635032349,-1.9960373262623385,-2.245197489566895,0.6435011207439094,-2.798658843948421,-3.0939314053466753,2.833634348761298,2.3605804253259577,1.4550371111147475,0.35279646558635996,-0.2542205465778187,-0.6822303678783306,-1.009145462200067,-1.302143188422852,-1.565465887029477,-1.8382730158561256,-2.1026690156782584,-2.352695508611808,-2.6161870192554413,-2.8809171229330373,3.121541864308506,2.8286914274709822,2.5026266506753716,2.0005585866882853,0.8403885193514214,-0.36828558029386427,-0.9198947829257905,-1.2726634330904523,-1.5933988587171728,-1.882343157252467,2.158798918851479,-0.16514867337725359,0.4636476090008061,2.4227626698318305,1.1071487177940904
0.27829965605606577,0.9420901117578141,3.141592653589793,2.819842107008122,1.1071487177940904,1.428899273753727,0.28587845327706407,-0.41549207524540616,-0.9835620951051153,-1.4753065542314048,-1.923171193166229,-2.3673880593873573,-2.841137856428986,2.999118569521142,2.5625718378130404,2.1139015936833485,1.6676464418527657,1.185610133773542,0.6879038260761997,0.0927983961399659,-0.6714474056023435,-1.726000579857049,-2.8053007584345573,2.7227921749343214,2.1240546178135338,1.6173021510511851,1.112224833666735,0.6283794008853887,0.1461673175927399,-0.31868052267029534,-0.8032761898950589,-1.300515429457885,0.6435011212972377,-2.3734483242345537,-2.9444566177936546,2.6937404287566524,1.949413557175116,1.1984490322406722,0.44794209495290777,-0.2304024335298909,-0.8881478727650459,-1.4659193880646628,-2.0270288457515435,-2.5871006103038856,-3.124702367207577,2.5897111693125585,2.012545725190985,1.411945815194161,0.7974234768195677,0.16514867741462683,-0.48565477375891947,-1.1211175346232967,-1.7479477515302886,-2.316567677862114,-2.9142488267202116,2.811198950208782,2.268011758237544,1.6929696158828231,1.1323837447232556,-0.6435011212972377,2.303611432035534,0.8621700473119598,0.38050638250200003,2.4668517037418787,1.249045780213225,-0.7853981633974483,-1.7681918896505355,-1.2924966707388308,-1.5707963267948966,0.927295205497659,-0.03817240155320024,-0.5253668601863154,-1.0120792218299883,-1.5079859756384524,-2.028455979825141,-2.576362685623577,3.002825479066052,2.0110669177944285,0.7592261270080398,-0.1718812470408945,-0.7829167387541393,-1.3308159633717618,-1.8216001663849801,-2.300218557034963,-2.7684896241860835,3.0665944414490705,2.615211286596439,2.1666493181175612,1.7175968046541605,1.2993052238672311,0.8592114738378962,0.4217070141004334,0.09103400285322336,0.6979028500930612,1.9522003617866324,1.5932925315101976,2.896613990462929,0.7439125543445129,0.3137059527315742,-0.12646574575780475,-0.5712799790472993,-1.0165646382897071,-1.46712312494773,-1.8883654935602432,-2.333762345556282,-2.75062946055655,3.141592653589793,2.830968197342104,2.694435301239653,2.891438052154872,3.0547039644170404,2.861613469570116,2.529342996670032,2.131181631130193,1.6817592675294781,1.2090018007905665,0.7287531558764871,0.25100268924134317,-0.2633527884850205,-0.759541827950696,-1.2551129886361614,-1.7499086826019479,-2.2106629794996584,3.141592653589793,-1.8157749899217608,1.3998859830677195,0.10505990848579244,2.0698422947576924,0.10505990848579244,3.1365694172359935,-1.5899766269087123,0.8097160178504303,2.677945044588987,-1.1902899442928965,2.636470862098583,1.9000907579296389,1.1071487177940904,0.1856313899382065,-1.0772037775938827,-2.225744201795542,-3.13879154041558,2.4223716564775493,1.7619275382714708,1.1461471873021107,0.5694001120792688,-0.02400499120559059,-0.5899640057115346,-1.1545270215206498,-1.7348959066392564,-2.3202817716072417,-2.9392710243700035,2.678865003975211,1.8748496027347377,0.8862314882467041,-0.1980079273040179,-1.087297608166588,-1.7444040209975276,-2.3690142946375934,-2.935118220614228,2.817900345974479,-0.5880025915245356,1.7672693812227507,1.25095782385652,0.7237939806322851,0.18598920432508365,-0.3881677837222235,-1.0435339653583116,-1.8102955863230457,-2.7936384095805376,2.5775089047701027,1.7979294031646371,1.174200156272809,0.6054499059776673,0.09284967043898398,-0.4084889022858424,-0.8732807130391893,-1.344823392623222,-1.8281200443574783,-2.3024827323727495,-2.7999771575445354,2.9659079827497035,2.3770643216751175,1.5589858523890276,0.4386006681825856,-0.6469257534084526,-1.3217946892266386,-1.894809312065833,-2.0344439357957027,2.601173134931042,-1.1902899442928965,-2.677945044588987,2.356194490192345,-2.2655345824933155,-0.7853981633974483,-1.9295670056298204,-0.7853981633974483,-1.249045780213225,-1.5707963267948966,1.5283975079749659,-0.13131543548303115,-1.0768549578753155,-1.6578935050261427,-2.135755603694104,-2.5792344765141633,-3.0461737295088835,2.8041533478407255,2.389285836914486,1.9670082312918642,1.5306169592332373,1.0963964461055984,0.6630181554605517,0.20835158531602707,-0.3133037113792182,-0.898125767076713,-2.065595323023909,2.774083800954678,1.940208136085311,1.4024583304511418,0.9210554531031925,0.4662249130477201,0.037058207852700066,-0.3776385056578134,-0.8020300722421284,-1.2266116846087078,0.7086262794829369,-2.118429587297069,-2.555066058064293,-3.0217681050069043,2.698416330048926,1.8988360947326093,0.48447789528328106,-0.5544299776553533,-1.2453004734293052,-1.744393519991632,-2.214529596289013,-2.6602758323309907,-3.0823478881036315,2.7716191253422062,2.3321788718745147,1.891963124004723,1.4623727397772452,1.004495733408775,0.5486837529076367,0.011363147156660404,-0.6664652638830121,-1.7532117391206334,-3.11969834118519,2.33294286305619,1.7536826248248145,1.240693652588575,0.7722217580067274,-0.7853981633974483,2.1112158454536476,2.1112158454536476,-2.4668517037418787,0.0
1.1071487177940904,0.9420901222974533,-2.0344439357957027,1.975688097040757,2.9617391587587814,-2.356194490192345,0.7603464401204253,0.26452789854835806,-0.09508809489938153,-0.37100899992007985,-0.6112993615995439,-0.8452754974422217,-1.095764024274249,-1.3199389618556554,-1.5519468027260677,-1.7843891833600662,-2.0357989396499225,-2.312239406350872,-2.594912299272908,-2.988943326665246,2.7210655278614033,1.8270299213038237,0.9953114995138282,0.4856220840844026,0.0953620452295034,-0.18542149558345383,-0.47862773811066883,-0.7526230154415398,-1.0145453207312316,-1.2829019475156203,-1.5541002902712595,-1.8401604114718293,0.1418970484023311,-2.49929203562344,-2.878440417882328,2.94168453692563,2.428930243334849,1.8706033052808992,1.3410679228626081,0.8895946120779508,0.4630291839125635,0.08984753809686062,-0.2688404927225995,-0.6086014115974806,-0.9467352643876068,-1.2997214866221594,-1.670587364962773,-2.0712724000149803,-2.466647146290513,-2.9006516541928473,2.9518587691823113,2.5369741401689434,2.140367831142568,1.7609293046101375,1.3770318335028284,1.0376230884571502,0.696031079053124,0.33333944647282127,-0.025204743255287407,-1.7359450042095235,1.4601391018393952,0.4636476090008061,2.356194490192345,-1.2490457723982544,1.2924966794913566,-1.892546881191539,-1.7681918866447774,-1.0516502316309364,0.0,1.975688097040757,1.373811285496339,1.0897423499252432,0.8091225390367669,0.5378355062147722,0.19473245115777837,-0.1816947376288082,-0.7343476627148718,-1.7452172136187951,-2.6836349028881297,3.071790980465049,2.6971052144699037,2.396028472783224,2.1189296854526978,1.8645403452758613,1.6150652194887505,1.3717226142937273,1.1309537603342388,0.9116118760862497,0.6781948234799191,0.4675235590803976,0.25790500536798167,0.0728193424778522,0.08639855409092291,2.2605963853667337,2.2349530058742877,2.0533947196881064,0.0,1.6095647697998192,1.4015383193827498,1.1629395047448476,0.9315089633454382,0.6966828406415818,0.479624946506515,0.265103058822111,0.04350487085466037,-0.13912579027068034,-0.27232308651253095,-0.2972799194704224,-0.03627440369592289,0.39983110339599204,0.5926037986774303,0.5171355745759769,0.34226050782229095,0.14250569125174228,-0.12030970964252793,-0.3721247285859102,-0.6498704381404622,-0.9172052813367411,-1.2049633889693492,-1.4877901041274886,-1.7674549572950708,-2.0071398089569787,-2.2376046454623135,1.8157749899217608,-2.677945044588987,1.399885974802013,0.10505990931855627,2.069842301536411,0.10505990931855627,3.1365694171408607,-1.589976627249073,0.8097159822056873,-1.5707963267948966,-2.356194490192345,1.2659932994688707,0.7737125613805893,0.24709729014295953,-0.368228684141126,-1.2043471455672792,-2.2322775172514846,3.1168627130023343,2.537772944751866,2.0712109343079987,1.6736071526389233,1.2726016260182629,0.9009525275505242,0.5514171750770627,0.19178813466325817,-0.1657605476981322,-0.5155885922846783,-0.9006513743482131,-1.3110517638956838,-1.8389324119765298,-2.50385331282825,2.9142740571504655,2.116023498707935,1.5512760312404548,1.1365077382673454,0.7554174810070536,0.41322635056184964,3.030935428634292,-0.2027381358774685,-0.5086474265772027,-0.8165236184154837,-1.1269924864117644,-1.4798373984895414,-1.8717165544288215,-2.344916771451712,-3.0618896505445137,2.432966388537298,1.7987633851576312,1.3367679552432503,0.9645225649563741,0.6335156918837035,0.3589218300214103,0.08522023193606405,-0.1742448492819525,-0.4239676486916299,-0.6885591846709087,-0.9528753257236388,-1.2402996271819184,-1.5973601257709003,-2.0916569674016117,-2.868583948662776,2.4057166448357106,1.7709376306100688,1.3812622282491365,-2.677945044588987,-1.5707963267948966,-1.8157749899217608,1.8157749899217608,-0.4636476090008061,-1.5707963267948966,-2.356194490192345,3.141592653589793,0.7853981633974483,-1.1071487177940904,0.34877099453013627,1.31146458046368,0.0,-1.04563223525377,-1.5056206991011116,-1.7620360264460815,-1.9992215590884965,-2.244276903598002,-2.4650317055850675,-2.685097383194655,-2.8980759682306916,-3.11111428971018,2.9508593667736474,2.733780703266166,2.4886075521581885,2.2139190951519656,1.8668627270110911,1.1789851871764934,-0.23013496477010997,-1.0175767088643375,-1.3310532217076476,-1.6132305746136641,-1.857258376353717,-2.087128569013527,-2.2853910403401145,-2.5118690265604724,-2.7066079332310067,-0.5404195002705842,3.131469265311724,2.9056343567946454,2.64832406788649,2.3169988831863737,1.8121518229064157,0.6242072623780683,-0.32066711675890314,-0.8197643119263494,-1.1186037479722144,-1.3675357258248675,-1.6114156831699875,-1.8260598147836737,-2.0476881737921877,-2.262776939829387,-2.4852644886769286,-2.713547650630319,-2.940575562603332,3.0871771553795497,2.7673210559125825,2.3521784337628784,1.502939503589456,0.23356146028161454,-0.3555115830659992,-0.7478730977890015,-1.0303768351081644,-1.2951460729288944,-1.8157749899217608,0.4636476090008061,2.356194490192345,2.356194490192345,-1.0303768265243125
0.35877065342682485,0.942090112570098,-1.5707963267948966,-2.677945044588987,-2.94419709965142,1.7681918807332702,0.6217107763219438,-0.24031395619006604,-0.8646709240594921,-1.408668131133247,-1.9162293769192988,-2.411770022439805,-2.9067547404119294,2.8821908653669093,2.3903584388603405,1.8919579508571114,1.40078842611559,0.8763598355615272,0.338518633057706,-0.27341927591182785,-0.9984280905603369,-1.9733285001498977,-3.121987323441424,2.21759308631917,1.553067687524068,0.9539742607265644,0.38274351412863017,-0.15519699229463757,-0.6899368871244952,-1.216361556727474,-1.745810431826722,-2.2823089164837445,0.0831412361284192,2.8531127156788094,2.2377918246640713,1.587019092758,0.8605253273503134,0.09461995329604636,-0.6608843874523683,-1.4227643730208066,-2.1370342336981927,-2.816554188339005,2.8162960272901083,2.1833038480919327,1.565574442359959,0.9288504326490743,0.29945863545289175,-0.34452096841888563,-0.990831564543182,-1.6494771898816025,-2.3002826829887133,-2.957354227215219,2.691480604809678,2.0744676686483543,1.442997926699208,0.8396925706706979,0.2146262403573465,-0.41314676430876557,-1.0477780078673102,-2.2142974109963096,-0.7853981633974483,-0.8519663380546311,-2.356194490192345,2.356194490192345,2.8632929887847123,2.94419709965142,-2.677945044588987,1.5707963267948966,1.190289960282476,1.5707963267948966,-2.75794474657026,2.992592328534657,2.4452901679893904,1.917485027266731,1.3253906765651444,0.6862479433694341,-0.17060978522414733,-1.4688256482701987,-2.658515485808399,2.8163819125981155,2.208250369770173,1.6590735622177704,1.1188470900340852,0.6133316309810907,0.11250604746369898,-0.37346040336573083,-0.8666475036870382,-1.3521273694628901,-1.8322586248646902,-2.2905953112045965,-2.7789220019217584,3.1172072445084535,2.896613990462929,-1.9359977802950503,-2.009719450664855,-2.3470761669808184,1.8490959915999776,3.0097226128566397,2.525410842695415,2.0442429513795153,1.5638173777035966,1.0808389866955308,0.6068467512056648,0.13934196248356157,-0.32654285286452855,-0.7696926295883129,-1.1639437463705071,-1.4579279383668768,-1.560627186080467,-1.4888374756099152,-1.5089036430727258,-1.7930884425860436,-2.1751018377805114,-2.6499277713549487,-3.124950639824809,2.6576129351594098,2.136409105287675,1.604796823062391,1.0614289967576187,0.521938844898089,0.003724377445030775,-0.5301497795320753,-1.0191413653752524,1.2924966619898155,-0.9272952425934837,1.3998859688918104,0.10505990666338715,2.0698423013538836,0.10505990666338715,3.1365694171909717,-1.5899766272720894,0.809715969733109,2.158798953988495,2.0344439357957027,2.796037069524813,2.048056984243166,1.2558024300762403,0.31171744899972725,-1.0541011854719664,-2.422300099335544,2.9098096985186825,2.144236892115953,1.466544446196538,0.7915080905017297,0.1708665283000993,-0.4420293566835945,-1.058917548511595,-1.6665411006682493,-2.266338981728405,-2.8938477624249543,2.7426623615826884,2.037303805533684,1.235221769780019,0.14465187111015132,-1.0829598900533721,-2.0572970977955563,-2.7727754322265032,2.8457026034808854,2.238039000209468,1.6801148621283144,-1.7126933844730445,0.5606869788224014,-0.007151248091614886,-0.5603813627956027,-1.1332014517241058,-1.7298686951318887,-2.41400780621971,3.04070930513482,2.010839560329377,0.9328782960058746,0.08870888368561919,-0.6107259703908855,-1.2085997855630515,-1.7599099540771206,-2.2920784423120595,-2.8018982350124157,2.9728951009756517,2.4447515249053113,1.9337382969752122,1.4069369830549454,0.8508781698951071,0.2532958167070268,-0.5521836472449049,-1.8144452244668687,-3.0340096399297902,2.5031420064037704,1.8954623130539878,-2.9996955959116454,1.2490457570283344,-1.5707963267948966,-2.677945044588987,2.5535900263961953,1.9890206500360148,2.677945044588987,0.8621700691330333,3.141592653589793,3.141592653589793,-0.6947383165112465,-1.3841820154863955,2.9365167575820195,1.9851772012707458,1.3857143706255008,0.8883249042765232,0.4007934561616217,-0.0887061592806814,-0.5650415041370833,-1.022104014773566,-1.4975607064783656,-1.9622014355582156,-2.4299839106071537,-2.903527773049168,2.897777235954863,2.3732471051862065,1.8095967744814418,0.6732874778799738,-1.3329603984843021,-2.079526152035391,-2.625230137949417,-3.137263676690616,2.6892836313939905,2.206097329101533,1.7493859529606552,1.285629944060081,0.8405050173523313,-2.2318394767287595,-0.10518567657365385,-0.5587444941489734,-1.0514326828272147,-1.565681281985271,-2.3149480528943083,2.333210057430441,0.9574687642697258,0.29899489785079914,-0.22498132930795386,-0.722121875691155,-1.199733303104522,-1.6582223085255936,-2.131891384048401,-2.5950815090981516,-3.0614936016695404,2.746242550880181,2.266880478842023,1.782182746305035,1.2526214327172256,0.6264137950503302,-0.3754251206203154,-2.095832428571013,-3.079173843593836,2.596493006794824,2.0399755296780615,1.5180928831311822,-2.896613990462929,2.111215790900965,0.24497866312686414,-1.5707963267948966,1.1071487177940904
0.5880026035475675,0.9420901249441876,0.0,-2.62244653934327,-2.922923707715851,-2.677945044588987,2.3006960192214283,2.011848931420613,1.8936314828425882,1.8057169389771142,1.744349729833477,1.6882592056764314,1.6248481053411707,1.5743709317761108,1.5042281612428932,1.44848934581475,1.3895920842930407,1.3114204009703998,1.1978085997586594,1.0553432764997521,0.8208224929701168,0.38342522786088523,-0.3475585058231579,-0.9455684661005865,-1.3084841009436639,-1.4999473731963369,-1.6575346680041265,-1.7880897559807427,-1.8878520787569504,-1.99667511970449,-2.1059714094978044,-2.2234528176411423,0.0,-2.5104782881423398,-2.6723895068275567,-2.892652295327915,3.123189823285628,2.8228908495268823,2.490389054395988,2.1765485378276606,1.8739580345414657,1.6162841321506967,1.4156740600838669,1.1988180100871655,1.0053330412379355,0.8118277690404085,0.6120154710890174,0.3850888084716006,0.14229818493653407,-0.10495205276999621,-0.3987356690850162,-0.6785542647740141,-0.9305028836146128,-1.1462991952183932,-1.3513402817400382,-1.5416670386588738,-1.7034238441577156,-1.8601840837090824,-2.0006480590920797,0.16514867741462683,0.12435499454676144,0.5191461142465229,0.0,0.3217505543966422,-1.5707963267948966,0.0,-3.017237659043032,0.4636476090008061,-2.2455372690184494,-1.5707963267948966,1.0413205421928708,0.9260749827489481,0.8288490539677454,0.7434299623932837,0.6519575425772686,0.5736056996138921,0.46788741541690204,0.34834837034169686,0.21694861300036422,-0.0377179513228817,-0.8017901341583968,-2.137126042303167,-2.5559246987575697,-2.727776961548579,-2.858724088813903,-2.938118888122276,-3.014527641035014,-3.097743229977593,3.112446391819129,3.063360686937611,2.993983040259878,2.92353161224267,2.8745541759148514,2.8272129667634087,2.807367362772309,2.849215605036178,-1.3258176636680326,-1.520418820398463,-1.1194368934473116,-1.0743735858989565,-1.1049653228600456,-1.1580826871803145,-1.224014177378929,-1.2839586741493951,-1.3866625939393888,-1.4641718075018118,-1.5471448249537592,-1.6222129563849947,-1.7006680568735253,-1.758146555431157,-1.7922555575320753,-1.7028152737099795,-1.4811931517080532,-0.9021067367722315,-0.458614078994241,-0.3402180992409695,-0.3073974692376792,-0.38120422279447574,-0.4853345533424968,-0.6227046013850485,-0.7554531998009518,-0.916131946058721,-1.093226609402976,0.0,-1.5707963267948966,1.3998859870124716,0.10505990064273087,2.069842271856701,0.10505990064273087,3.1365694170749916,-1.5899766262585628,0.8097159833994114,2.922923707715851,3.141592653589793,-0.9539951080890942,-1.4731350314809544,-1.873973155291076,-2.185365365033164,-2.4506494207546274,-2.6826304197563386,-2.9325286938927895,3.1282955655274325,2.9124038642864556,2.6897604147147973,2.4533682774818883,2.207116222446985,1.9049640606997438,1.5050604532266252,0.830311787560322,0.03786068655531388,-0.5221886906145428,-0.870903441027664,-1.1572127081414487,-1.3274871096976475,-1.5169269291868428,-1.6731214678490849,-1.808530769289201,-1.9510866357349035,-2.09209363673425,-2.247480264943013,-0.16514867741462683,-2.618979484490965,-2.9154163339653976,2.848680273214862,2.111922521897042,1.467193066750014,1.129167170535686,0.9395537881142803,0.7677101087279922,0.658405852237226,0.5561381497792401,0.4683669911389578,0.3789796603588464,0.29687233648783556,0.22538612623669566,0.14919941711363321,0.05571152324745175,-0.07553171076736655,-0.31883511623236915,-1.2399825633492032,-2.5079596544476552,-2.8397824720783222,-2.990489872284361,-3.070844785347519,-3.129813093553352,3.103963364355349,3.070981193458693,0.0,-0.2914567944778671,0.3805063771123649,1.373400766945016,-0.982793723247329,-0.7853981633974483,-0.24497866312686414,-1.5707963267948966,-1.5707963267948966,-2.677945044588987,-1.5707963267948966,2.58048644178595,2.5982946261486877,2.5969077818630346,2.5783810530690183,2.571344913984258,2.5628102313903067,2.5267398231418583,2.514652336763888,2.487848644119531,2.4820762118312603,2.441645205007834,2.4520536019265107,2.433217522264172,2.4057166579422566,2.5294401664022077,-0.8533561846663389,-0.8414723413947527,-0.8488487666806231,-0.8727819178088547,-0.870450051313812,-0.9069745821637516,-0.9244222353659034,-0.9476722830871983,-0.9616894059278348,-0.9933829029158111,-0.9978302057319267,0.0,-1.0790859077554096,-1.1061990663585441,-1.1811458649872013,-1.5350972151666988,2.387240416634229,2.148235927779816,2.0950556143757724,2.029235633441168,1.9927791444441365,1.9717566413675,1.9322036999538064,1.909265756425977,1.8758866173037034,1.8505496566155333,1.8101282255498272,1.7792165315030926,1.7410517354562185,1.7041006818931408,1.6050508332674631,1.35640085979412,-0.9215371064681822,-1.3192924667671488,-1.4266419368437016,-1.4881448147486869,-1.5610047177488269,-1.6116338243805934,-0.507098504392337,2.432966381462123,-2.601173153319209,-2.782821983319221,-0.4636476090008061
1.7681918896921915,0.9420901175905553,-0.3217505464733657,-0.3430239318162401,0.16514867313177467,2.7610862710130997,-2.2271261575728674,-2.1779353434757813,-2.157900462954416,-2.1306149156024787,-2.1311708550862107,-2.110921368619642,-2.122733334592303,-2.1253948929162525,-2.1296041754390194,-2.126652649979857,-2.136777758031976,-2.160972809430707,-2.14254797151,-2.3323894661620472,1.036202020254725,0.9706340935432425,0.948056879146794,0.9197687645122643,0.8884797591931907,0.8646191867543229,0.8272585105848308,0.7879988881017658,0.7328150673052689,0.664495390499675,0.5769640517410993,0.4604830717025129,-2.961739160135936,-0.10755251676867836,-0.7055681741021712,-1.3587727734081538,-1.7471073254404674,-1.9706159814487063,-2.1092757408258263,-2.2050069826284147,-2.317896141489326,-2.398690876187862,-2.5028014537090857,-2.6224465566796704,-2.7632829752394246,-2.957398669339014,3.0462649319907467,2.61435660006844,2.093138273923243,1.638691807573176,1.3417201351248516,1.1486678714346255,1.0041552748371394,0.8865237398891661,0.8006475583749936,0.7080725729002456,0.6147149397565478,0.5243582513805711,0.415074738574055,0.5191461093706604,1.7359449999266714,1.446441332248135,0.7086262795848717,-0.7853981633974483,1.5707963267948966,-2.9441970906924984,0.12435499454676144,-0.4636476090008061,0.7853981633974483,1.7681918896921915,-2.6687266904754394,-2.7193696616404686,-2.7567434413819254,-2.798465389910369,-2.8526172339545814,-2.951449187093234,2.3765997934343943,0.3459150410195846,0.2535892406933902,0.20144412249052215,0.152367873885088,0.10948570908556253,0.08536893388872122,0.052918580803526204,0.02542594596471959,-0.0046511291784344004,-0.028592819601356106,-0.026894098745579704,-0.009900667147169074,0.05740811363517396,0.23008615785658157,0.8827327228791514,1.818477689192222,2.171257317214607,2.282643181820985,2.3080061623065316,-2.356194490192345,2.2794226206162445,2.2558701773410963,2.237796611742951,2.1950618446566468,2.1824990068990955,2.1707983748600994,2.1893682251512208,2.232819720102992,2.3679933372307675,2.6924192981749435,-3.121765223317506,-2.734811682533823,-2.5499193859660885,-2.48375886470795,-2.519336669796348,-2.556593040847674,-2.6091602054626817,-2.6763817615448087,-2.7613093416490373,-2.824008755023074,-2.9038445310075596,-2.9576101177840104,-2.9851002692271527,-2.969514676540557,-2.8321365657164392,-2.6167968801862638,1.0516502174242361,-0.8960553768413179,1.399885974433317,0.10505990389250562,2.069842305389783,0.10505990389250562,3.136569417017589,-1.5899766266694486,0.8097159649302863,3.141592653589793,1.9513027093715902,2.5547992529825883,2.311907460014245,2.0129803019097436,1.6784862003736905,-0.8478169964130428,-1.374251844511642,-1.6211316054528755,-1.800663885500105,-1.9554944474291007,-2.1190604233713577,-2.276551136961123,-2.425641320933582,-2.547449774982426,-2.6833717068928733,-2.803871501824949,-2.929688862646755,-3.0640783706761923,3.0713719110379856,2.670698785955682,0.2471764644925583,-0.08443824695860239,-0.2205589144918028,-0.34533963548781443,-0.4348248280121669,-0.5101146215194675,-0.6000064910199359,3.141592653589793,-0.7331908267363942,-0.7968393099127938,-0.8506763135633213,-0.9139949351795451,-0.9775672835969444,-1.0676305737872933,-1.2246603596077734,2.190270016839908,2.072791485360437,2.000421437742018,1.9474367390969747,1.9292950193689629,1.8859680408972628,1.8732105414993963,1.8347600493978047,1.8189620335178813,1.7992193379632089,1.7900074990863875,1.7938586102546412,1.8349834394805464,1.9829943378809043,2.673250237813111,-2.005627091319126,-1.770158447317125,-1.7191050799322136,-1.6915775895597962,-1.249045780321531,0.9827937354369853,1.8490959828100924,2.0344439357957027,0.3217505464733657,0.8519663215638728,1.428899273775388,0.4636476090008061,0.0,-2.677945044588987,-1.7681918896921915,-2.9584818333849783,-2.354190482415251,-2.1423497662868396,-2.0398106048361693,-1.9800058806571195,-1.9355475127535382,-1.9235275486905574,-1.9005042933498875,-1.8862011209891243,-1.8635094017862706,-1.8578699902732336,-1.8036657988301747,-1.761673780183374,-1.6379847594564274,-1.3837347396313635,-0.554729783268513,0.40489180929278396,0.7256640389967158,0.832885180777334,0.9168930569925962,0.9478202144131916,0.9773603198904367,1.0095315434513359,1.0257191358273832,1.0495054455082107,1.0835542835854717,-0.3805063825766937,1.194835383157813,1.3080489314691062,1.510111435727636,2.072274490197428,3.106723072662731,-2.710158447178745,-2.5025686159120406,-2.419379167491172,-2.3502948168265387,-2.3157992449766653,-2.2892216265773753,-2.2521821434207303,-2.2296023329994683,-2.193767191080286,-2.16565190702719,-2.1177568672938367,-2.031207710358604,-1.9060335357124474,-1.5500380626060362,-0.6684958712456666,0.1418970609427854,0.4277349040849909,0.5267925367548087,0.5715393248040045,0.5955659366030023,0.6065143764419632,-2.356194490192345,2.2896263320259207,-0.24497866312686414,-1.1071487177940904,0.0
-1.5707963267948966,0.9420901158469662,-1.5707963267948966,1.5707963267948966,-0.8960553690067746,-0.4636476090008061,-2.0352751927750425,-2.2856438097635143,-2.579529825095899,-2.888450906319813,3.0981818645546615,2.789754619176549,2.4758219417548544,2.169180936719025,1.8465123575073639,1.5359789421322572,1.2231711992713634,0.9077247455808866,0.5562303717232351,0.18822150370890378,-2.86701738575522,2.804917834203066,2.4880626393988168,2.1489785737519367,1.8228212546085656,1.4946082101274223,1.1457276152354054,0.7874211195248134,0.4269470337396495,0.07181145969400306,-0.3044194235801491,-0.7021067205592141,1.39094281934465,-1.6770887687457916,-2.422762648491978,2.911039720219819,2.0274018058605483,1.3815186555558299,0.8791397123351489,0.4510336152738942,0.018559353258003005,-0.3843634521147755,-0.7830922434588079,-1.18067889030911,-1.59600107293247,-2.028999355155762,-2.4936087081971565,-3.0697003118896378,2.507010489172474,1.593519688624892,0.7803561772031926,0.15278545166246096,-0.3531345219299074,-0.8012140698630197,-1.2130502592403622,-1.615326457196636,-1.9851180484283482,-2.3746153823849734,-2.73992763450199,2.677945044588987,-2.0899424312237684,-1.405647658003882,-2.0778948251669758,1.5707963267948966,2.677945044588987,3.141592653589793,2.553590074586353,-0.5880025790034403,0.4636476090008061,3.050932762466011,2.8288508735432365,2.4830440570573207,2.141164529177006,1.8162600747042656,1.4787151183919336,1.1697533475662771,0.8607046197489404,0.5816824908648441,0.5066075952834476,1.590793659874998,2.125974925757464,1.9381200635314095,1.6519430490973475,1.3408671674525665,1.0294860208163479,0.6990939760328603,0.3729519096866389,0.03734917251355082,-0.288152166944977,-0.581168368931705,-0.9074302880172164,-1.1972342843312156,-1.4509119327586537,-1.6114060418526341,-1.5077883600072777,-1.1224147128133601,-2.0344439357957027,-1.0721435465312252,-1.3177206831650032,-1.606536580405319,-1.9140279491965608,-2.249387406057591,-2.5894536939896446,-2.9128060029280665,3.0073228009643866,2.669136739616907,2.3479302294793643,2.047224742585032,1.803310805269211,1.628942765482253,1.575783816359864,1.650838853950796,1.6264233353268838,1.413379453127317,1.1800067547921447,0.8626634024242607,0.5058671434983175,0.12401022558867883,-0.279071857526382,-0.6845939830693978,-1.0972340336380868,-1.520316597839727,-1.9228024847082428,1.5707963267948966,0.27829965298485365,1.3998859813534537,0.10505990317032075,2.0698422774648693,0.10505990317032075,3.136569417202122,-1.589976626721863,0.8097159816152086,-2.356194490192345,-1.3734007608089835,2.1541693110295284,1.3463803022788259,0.7920795942508798,0.2662520551925568,-0.25443668367254474,-0.7273851822618354,-1.222480961674785,-1.6925383546634734,-2.1635770205491687,-2.630252637320199,-3.0747467818863603,2.741580950263931,2.2776048279342,1.8090836392083902,1.2174773050604177,-1.5216555881017495,-2.3148956866748422,-2.8096085361910466,3.0348569882981478,2.621090827611075,2.195904855727074,1.7962935128885913,1.4140321233141,1.019628496912965,0.6317793636038826,0.26171349372151165,1.4288992753814693,-0.4916930586654241,-0.8651507032299627,-1.2254567004432986,1.5707963267948966,1.1972403365040112,0.8406004765564833,0.5045830015726225,0.12679487015222607,-0.201364731512793,-0.5569718128606789,-0.8910416669899449,-1.2279824002332327,-1.5620914327465043,-1.8888568747751207,-2.1883783092491105,-2.4888994519392806,-2.7369996186352945,-2.89299737963619,-2.4006096978909386,-1.4536875749681082,-1.4633944954574167,-1.6971611400983846,-1.9762390672643226,-2.254875939086442,-2.547033685693115,-2.8415515971682623,-0.24497866312686414,-0.7853981633974483,-1.5707963267948966,-1.292496673810043,-1.7681918927808096,-1.97568812408252,2.1587989057983368,-2.0344439357957027,-0.9272951924757195,-1.22202530923696,1.9890206629529643,-0.8856261273063786,-1.0728539446542733,-1.313581880051499,-1.582148724801585,-1.847021548212766,-2.117807186433425,-2.3920453960098507,-2.668814685230119,-2.9374455113955635,3.096218410372145,2.872591852958588,2.700291715350862,2.6526585855409617,2.798167818014228,-3.0709141146327847,-2.926432452282213,-2.9938765058500767,3.112993488264874,2.8958542924358324,2.657462962027412,2.3820145644715245,2.1030607751437627,1.8271950533650327,1.5682582609787465,1.293613156812367,1.0497562863379337,1.249045788351937,0.6321039033423413,0.5367348948126871,0.6392612818126341,1.0885528788836265,1.3752156397712783,1.3206834313716957,1.158243716726988,0.9100268562555793,0.6496404468790554,0.3859067071762524,0.1010225827803224,-0.17657161864934282,-0.4669002107621184,-0.7527139373526148,-1.0361238826651666,-1.272038753379312,-1.5120405050057037,-1.6515829170039387,-1.5148845141716054,-0.7912460639180386,-0.5122579168537371,-0.6200602553203649,-0.8557046174387362,-1.1346646981487025,-1.44267895618169,-1.756824944347901,-1.9295670145489572,-1.5707963267948966,1.8925468652378563,1.670464982445204,-1.1071487177940904
1.5707963267948966,0.9420901294088845,2.8198421072289577,-1.5707963267948966,0.0,2.9441970906492174,-0.9987473325943944,-0.9320022751061586,-0.9080028397966272,-0.9107757976582999,-0.9143208041291897,-0.9182800759264541,-0.9414968931188448,-0.9573215341788343,-0.9722025443032433,-0.9870953988300076,-1.0094321266000377,-1.0029522860086026,-0.9996950797498293,-0.9634469934216453,-0.5044412901579302,1.2934141001015735,1.6457998790789168,1.6915368806284319,1.7035379841849336,1.6895125649684413,1.6509241807969626,1.598053448791973,1.5477677674060943,1.501777338546651,1.442600912621619,1.3801947194940996,3.017237659043032,1.1819752885357862,1.0293369915979111,0.7490116762554295,0.07796663050360166,-0.8967009682496256,-1.3925516424785018,-1.627720058693443,-1.7540124684953708,-1.8836975364646893,-1.9611626906696678,-2.045621846628001,-2.1192492024911416,-2.1984257498327753,-2.2676972167009115,-2.3763382836418634,-2.4720526191488523,-2.621945788761377,-2.8388874242215523,2.8806366445294946,1.648360612160928,1.1493771143521874,0.9368187260872561,0.7915455993844223,0.6956743348656708,0.6025632695732313,0.5358900792473392,-1.712693386220545,-2.5829933454694283,-3.030935435355827,2.356194490192345,1.5707963267948966,2.0344439357957027,0.0,-0.6435011216505753,1.0516501977130375,1.1071487177940904,3.141592653589793,3.0020253944877986,2.9501046479653965,2.878640249822948,2.83362566698907,2.7880507152220533,2.747077861537133,2.703407115886347,2.654693433483597,2.614805594642407,2.583231799824738,2.5782174308273933,2.6103039804950057,2.703325914459929,3.0545118499775032,-2.2649453224214424,-1.7188282716922856,-1.5726938577436786,-1.5230757132761124,-1.542993525965798,-1.536257220385459,-1.590401657534451,-1.646555726258772,-1.6746614916817877,-1.7272141407640762,-1.762665054754837,-1.777304156883113,-1.1071487177940904,-1.7628812647353191,-1.6697867841081349,-1.4755440533045459,-1.1418880976206303,-0.7470197112845882,-0.4851960021231361,-0.3370428983130336,-0.3101038219055872,-0.33336948926249804,-0.35577853666336307,-0.42239693263485656,-0.4911036487349941,-0.570040454113659,-0.6394484419378683,-0.7134224082765038,-0.7686493285641905,-0.8151684419662489,-0.8307711953353294,-0.810360114211602,-0.7143107294391755,-0.6003731360682663,-0.47044253750459614,-0.36166670947184043,-0.3143977461192082,-0.3628233391532006,-0.428671067326275,2.7610862709354924,1.5707963267948966,1.3998859805488417,0.10505990064607844,2.0698423123797647,0.10505990064607844,3.1365694172825704,-1.5899766273806377,0.8097159996711134,-1.3734007638543209,-0.4636476090008061,-1.5853143626835158,-1.8259055071076211,-2.0736395124523814,-2.2945759500569656,-2.498912536500946,-2.708478541304918,-2.8932554842918905,-3.1091365236605295,3.050932767047721,-0.24326045356610648,-0.4239041856394423,-0.5910569397404387,-0.7724118817387607,-0.9322965661314853,-1.061235070625174,-1.196881369583314,-1.3244917603540294,-1.4506687744858826,-1.5833670932350385,-1.6718451539375834,-1.8027978184365228,-1.8925468576810642,-1.961264408138213,-1.984485530839596,-1.3223089099048038,0.4314949539244475,-1.6373644916374204,0.5065045653180849,0.42767160814184524,0.3558471408102223,0.30926037881713875,0.23109066337808115,0.18107805583271558,0.13993951797687232,0.08965908077335906,0.040842658074457694,0.016459419052460015,0.006578852647781772,0.02385664449518733,0.14920952831718268,0.5990605929418119,1.663019530057681,2.153475090171069,2.27242152502224,2.346002293271253,2.3505870974837033,2.3529686982477,2.328610145262923,2.31207458661571,2.3056485609894755,2.285085538407253,2.290595283438585,2.2909841973356673,-0.7188299825544238,1.4288992673692484,-0.8960553767315322,2.356194490192345,-2.245537276858261,2.1112158459732617,-1.7681918897354725,2.356194490192345,0.14189705942564823,1.5707963267948966,1.3734007638543209,1.4805613571266294,1.4982289375427005,1.5065370930327646,1.5089745964185397,1.5167206566836624,1.545851402730294,1.5630273382867104,1.617059588967837,1.723194739458867,1.932186166096299,2.3669467306882646,3.0076685755805266,-2.8268842504307745,-2.6081387820896844,-2.4950604991459495,-2.4437161997004764,-2.425118676286137,-2.4093487226179717,-2.396720533883897,-2.3712687611959424,-2.379099967444361,-2.386125624917773,-2.366056126906704,-2.337636854887588,-2.2984653664434154,-2.157930831276172,-1.661456213336969,-1.4416104530851297,-0.7812659599027721,-0.3544941455833267,-0.19212937339295194,-0.06757489893615744,-0.0248704921755149,0.015719229782531638,0.01856122510263473,0.009244729008393314,0.020878635668408897,0.018850869914627186,0.018896681610108712,0.02996378066087782,0.06760514923198042,0.10810402998880195,0.2441754595294325,0.4712893397206042,1.0309277957516176,1.7308875859595403,2.1003021922703344,2.299651048380798,2.3495389871401944,2.374113721910967,2.3739590740411733,2.353799263063285,2.329456693860313,2.6135182318106684,-1.661456213336969,2.0988707485740212,1.5707963267948966,-1.1071487177940904
0.5667292175235064,0.9420901064563887,-1.7126933813990606,0.7086262721276703,-1.1071487177940904,2.677945044588987,-1.7649151631919093,-2.2133151176330235,-2.6802814984183945,3.1169063120119866,2.633449770226107,2.145882265911341,1.6573785951870121,1.1548939744667663,0.6788752304895331,0.19811931835742919,-0.28551265780360185,-0.7323080024384927,-1.0275399547019446,-0.3923401442155158,0.24811344909667657,-0.06761685563248682,-0.49718251396371843,-0.9873391250373732,-1.497060349660282,-2.0003305114144188,-2.516194366604471,-3.0432518956041084,2.705628922056205,2.1663814418658855,1.6248996435665204,1.0372129245728448,2.432966381462123,-0.40143842063473095,-1.8358391866923511,2.949544636349063,2.1392677277667453,1.4858592658067253,0.8960553845713439,0.3202756441817589,-0.23399297874050923,-0.7965501020970962,-1.3594776206686074,-1.9070913023361251,-2.499124602280253,-3.095883189730154,2.5612822060178746,1.7642907360842977,0.4636476090008061,-0.970572109566815,-1.8758310983152544,-2.554526836990636,3.1281706412169816,2.5406290399960727,1.9841098471964411,1.4281915611255334,0.8779898220825849,0.3464572301063588,-0.19627070549279554,-0.7853981633974483,-0.4636476090008061,0.19739555984988075,-0.07677189126977804,2.1112158270654806,-2.356194490192345,-1.373400766945016,-1.1071487177940904,3.141592653589793,-1.5707963267948966,-1.1071487177940904,2.902208029208596,2.377802142365994,1.8555044777184326,1.3443150398608537,0.8284749824087909,0.3396316733162607,-0.10397155192465832,-0.40291159085351574,0.09259162980755102,0.6092329825184986,0.3135651847614544,-0.1443024731006692,-0.6215133384030818,-1.124690796011385,-1.643447061539674,-2.1652713421190466,-2.6902606955960446,3.087417774308345,2.5725126233845987,2.0825219479322317,1.6158586364058138,1.2147584234868942,0.9095536481210325,0.8784045460960087,0.9859507766890623,0.8471596347708326,-1.892546881191539,0.07450789082766139,-0.3935270129766475,-0.9023844547820884,-1.43114527184913,-1.9467124780931369,-2.4707466567217367,-2.996118291859542,2.786631730224002,2.2772343844968694,1.8283337394638377,1.4274901608640982,1.122616074057806,0.9005755206849788,0.6760796295095483,0.36944563232268696,-0.03458258377567234,-0.4902993082198308,-1.0133502236795682,-1.5630843978265667,-2.1258788384938385,-2.693086578076066,3.010302719218778,2.423450392152989,1.852275615958734,1.2663368336950052,0.7135221938411134,-2.356194490192345,-0.7853981633974483,1.3998859778384805,0.10505990086815298,2.0698422966043952,0.10505990086815298,3.136569417056646,-1.5899766260742754,0.8097159716454201,0.0,0.4636476090008061,-0.7754974968094598,1.7483924940783846,1.0435740298452698,0.33216684432761184,-0.37308293269189935,-1.0553006825372793,-1.73202549987287,-2.39299381003828,-3.0478286668692816,2.5940842519953025,1.9457612191759293,1.2971619483447476,0.672578783430711,0.05210698211772847,-0.5121987661864283,-0.9925733625563598,0.953995103006878,0.6030876660921438,0.04563040452217762,-0.5504506914532052,-1.1338414056033839,-1.7239894745037818,-2.291946280366545,-2.8701249037653103,2.838185489773642,2.2754695280571875,-1.0303768265243125,1.1681416732430239,0.655086662277759,0.19798903159029446,-0.0628103526541007,1.0455527271406917,1.0821539241751703,0.6944445904489059,0.1964142058960226,-0.31738376992623585,-0.8384305475831336,-1.3507921061622166,-1.8619509822049325,-2.368169965588025,-2.879341754161458,2.901349083810243,2.427501954977635,1.98133520417583,1.5776927695064735,1.3754401930774018,1.5658702582664736,1.8633154438193185,1.7163933308792685,1.3633877433149892,0.9213153813725109,0.4558352783932104,-0.012525441500469518,-1.892546881191539,1.892546881191539,3.141592653589793,2.498091544796509,-1.892546881191539,-0.9272952180016122,-1.5707963267948966,-1.5707963267948966,3.141592653589793,-2.356194490192345,0.4636476090008061,-0.5112307315677103,-0.8552432133141892,-1.2734311673979721,-1.701300359905285,-2.153589276911552,-2.619930384011236,-3.092578586900237,2.716855783359451,2.249574749886567,1.7994317106394182,1.3513489690387348,0.9601917784263184,0.6538716983030111,0.5713374798336268,0.7246036075226594,0.8001754128049406,0.5792872278908385,0.22291665943309708,-0.19865079360831894,-0.6431314838435094,-1.1037097024009703,-1.5707963267948966,-2.041638056285995,-2.5071335155291337,-2.9723190732295577,2.8669075985754513,-1.5707963267948966,2.0454174322068956,1.7817434273664596,1.7704466742553984,1.9974238199217726,1.9696242569469975,1.7023627308046045,1.3241416990502268,0.8867794795159172,0.4330725571528352,-0.028309586935345993,-0.4941003691428456,-0.9710193446663596,-1.456327873719449,-1.9019994610136395,-2.3758855844830413,-2.7756940969086163,3.1216947818440444,2.9291130797024194,3.0294819450673636,-3.015542738406721,3.1339737536897663,2.797721823579969,2.3890615765073204,1.9233494279301713,1.440479826665763,0.9528215529218489,2.601173153319209,-2.677945044588987,-0.16514867741462683,-2.129395642138459,-0.3217505543966422
1.7506498354864763,0.9420901188147035,1.9890206465444857,-2.356194490192345,2.6422458995198497,1.2490457723982544,0.3975987439551828,-0.1464218984899261,-0.7226494641084157,-1.3016288307038983,-1.8879199524508867,-2.480391075872257,-3.0657888168651866,2.6119429722248277,2.0227073923273844,1.432266256377575,0.8539600765970352,0.2760307952830234,-0.1714451088556233,-0.11354460873532152,0.8716037237383594,0.5629509272243793,0.04041914995222683,-0.562139662280863,-1.1674429924574792,-1.7526361959917864,-2.392491420148214,-3.0248242116456594,2.631104314684005,1.986117432701995,1.337499359215138,0.6585115168261875,1.8925468732459132,-0.8527806658458061,-1.952304712317931,2.458714439015139,1.3358244808705013,0.5333226387235481,-0.18146770960555247,-0.8530602845659323,-1.5251659228811105,-2.174361875842637,-2.8381949018114705,2.7735363523075156,2.1055967702155742,1.4191132779445286,0.7147086732010446,-0.04946457003127572,-1.0506052866238087,-2.5290551069260925,2.26641217587343,1.384511420552904,0.6239710938258367,-0.06438457302086464,-0.7298550385633282,-1.4061592530994853,-2.0582703581162387,-2.6969558886226657,2.9477647444006863,2.356194490192345,2.9229237133245283,2.9617391448982135,2.2974386543252416,-0.40489180820405185,3.141592653589793,-1.4056476536752025,0.32175054645101653,-0.8760580714391791,-1.9513027093870035,2.6344941671875524,-1.4960332104197895,-2.131280594642866,-2.752144138588864,2.91347300946371,2.2817056873612183,1.6651102766159709,1.0686040108402304,0.5049085774523696,0.1076898692264848,0.27738221445910216,0.746378909009557,0.4370581475309802,-0.060880191974536015,-0.6435011087932844,-1.250428875784205,-1.8719407549318754,-2.4927489497956827,-3.1147174044034216,2.5457441084660166,1.9551001626491846,1.3356669966313268,0.7526375242392779,0.2219856887177617,-0.2464456466777088,-0.514760194613948,-0.5756269815615908,0.38050638259210695,-1.0870710736612343,-1.5665410332153207,-2.1386403724908885,-2.7508705060962466,2.9283193563794323,2.3041025823327135,1.6524412597252445,1.0283874501765924,0.40151568746531274,-0.21236650778458294,-0.797335125589348,-1.3454884719525395,-1.8456168709937244,-2.248869481407479,-2.5752049607633545,-2.958244695393406,2.8848608757707077,2.3429899501356326,1.7433183776898993,1.116192401765057,0.4503740480504641,-0.21453989682755092,-0.9186248921018629,-1.6121837212917687,-2.3384867789956005,-3.039095958392399,0.9827937354713686,2.976443980470099,1.399885971311518,0.10505990499340424,2.069842273784614,0.10505990499340424,3.1365694172097207,-1.589976625578155,0.8097159541868708,-1.8925468732459132,0.32175054645101653,-1.0999024704842908,-1.9003187491034885,-2.698955534840579,2.783567681161231,1.9745468325128637,1.1902899438374737,0.41924665726802623,-0.3408508565559894,-1.1001999850313087,-1.857356856323899,-2.6058269805845327,2.936715926686491,2.222923200490283,1.5061805275403721,2.265534582150614,2.988943325194528,2.3622796156476733,1.659880315963845,0.9693660836245356,0.2905875733179039,-0.4120770748578225,-1.0948036736373377,-1.789227849824377,-2.4654352750258837,-3.1378843886552508,2.4876222161864026,-0.588002591323528,1.23111048352261,0.7111547020742456,0.663700393821554,1.6373644888831538,1.3064315771391788,0.7488112693396997,0.1312855707385252,-0.4898010048343089,-1.120999734005271,-1.736850799766514,-2.3661711430035273,-2.9711144724629284,2.6917974037173344,2.1049019628808545,1.5251726339516565,0.9688914398413383,0.515695726778634,0.22503827971233767,0.4090700225077309,0.533844573772155,0.21866895351128945,-0.2609282267810963,-0.8092713587076453,-1.3740852188397013,-1.9659146429220948,-2.5505379007139086,-2.1293956349963232,-1.4056476536752025,-1.446441332248135,-2.0344439357957027,0.9827937354713686,-0.7853981633974483,2.4980915320835075,1.8490959947950565,-1.5707963267948966,-1.7359449999145906,2.356194490192345,2.129395648668412,1.6243609971919808,1.072646588430589,0.5124420341208109,-0.052298836975738276,-0.6197340612989916,-1.1950292645241556,-1.7698303288553778,-2.330965545963215,-2.879116486179627,2.8815363108879453,2.4459002232689038,2.175202620495973,2.1587988939546254,2.197241505340903,1.9474885751011002,1.5280872684033668,1.0119547450149347,0.45967061228756456,-0.07636366781323234,-0.6693646313533479,-1.22700006217077,-1.8037755506592705,-2.375410941825149,-2.943065021105253,2.7861942064320315,0.0,1.8569485897031368,1.619657161784828,1.6143824093197925,1.6424556006933153,1.3768681579984094,0.9502331598710535,0.44489366066953245,-0.10992615798519126,-0.661494016847537,-1.249557791898011,-1.8254104539611828,-2.388624808428905,-2.9737821641442306,2.7504671925786077,2.2017733586659314,1.6834458833201111,1.2427493350442145,0.9850159296239035,1.0407810712121863,1.1176993128553672,0.8257933762254764,0.35589207568057785,-0.1767482305824594,-0.7424287428651826,-1.3271228548026672,-1.9181540662083385,1.1071487177940904,-1.7359449999145906,2.265534582150614,0.9827937354713686,2.677945044588987
0.12435499454676144,0.9420901147984521,2.0344439357957027,-2.677945044588987,-1.1071487177940904,-1.3521273827877722,-2.300951222577652,-2.7507026842444375,3.057910543407843,2.569188114102363,2.080340706320004,1.5974934821469655,1.105074034631835,0.6095192993113844,0.11908263584866968,-0.36753212857390083,-0.8365783867259577,-1.3204035385907675,-1.6981040708239759,-1.4078698751348242,-0.21264491358683849,-0.4804729565125219,-0.9394941262026184,-1.4357686469145083,-1.9309465062353413,-2.430161651266996,-2.945575319915941,2.8258225011390556,2.301018012497641,1.7718501581017276,1.245520508022947,0.7102710186953184,-2.896613990462929,-0.5522723855224788,-1.5367958295718562,2.719341500582225,1.7596031471430433,1.1053881729159816,0.5165155551078592,0.0037878605868436853,-0.568894643775415,-1.0905231938488715,-1.6185769820869464,-2.159984491199476,-2.6963856104656143,3.0378532877140154,2.5033940532981096,1.9323101267049823,1.31749145542454,0.3217505394621017,-2.073937065400554,-2.9145718354346686,2.775655238290073,2.207913286506988,1.6573267050063003,1.1383885632338044,0.5975002809269921,0.09377406359532622,-0.4367443520660424,0.0,0.6747409344830896,1.5707963267948966,0.6947382970071289,-1.1071487177940904,-0.5404194816024084,-0.19739555679835205,2.819842091259176,0.7853981633974483,-0.9827937110412138,1.4056476450916346,2.6223135756312286,2.1110500119210767,1.6067918537519363,1.0963517955864106,0.5853786298538833,0.09261355907036309,-0.4105448924633849,-0.8887468467346163,-1.3085474600402494,-1.6409512778669582,-1.5922522621096071,-1.2018367884420307,-1.2104742975322165,-1.5401752713700192,-1.9729251988879404,-2.4508372130668796,-2.944799372615666,2.8429541770627575,2.346996360007002,1.8421445119714468,1.3480099885291787,0.8457965871426033,0.374840702629651,-0.05085021269180099,-0.4266275044833064,-0.6939111431354096,0.7853981633974483,-0.8738622962309988,-1.04517781134833,-1.3708675280789744,-1.7950994210163504,-2.253626835587933,-2.7433785635528896,3.0465452332132226,2.5180178532919357,1.9878228243734004,1.4762338363803775,0.9643556707352735,0.4722588123834415,-0.0068304950225557175,-0.44740608081269256,-0.8151436256913178,-1.1367971382991144,-1.4440075901433171,-1.7562730140684943,-2.1400444550880033,-2.5807678134307057,-3.0710030642864266,2.682255380332564,2.1146595217709696,1.5455252462768791,0.9420000208614095,0.32996954764836306,-2.5535900378361105,1.2490457644642794,1.399885980557657,0.1050599103131575,2.069842305545863,0.1050599103131575,3.1365694175024372,-1.5899766264200088,0.8097160014268884,-0.4636476090008061,2.4468543565826644,1.024436298284264,0.3011422429469312,-0.37591439287447387,-1.06172543697657,-1.745825598779342,-2.396427013810146,-3.072113141745338,2.571109093979468,1.9431947745472162,1.3268923659452867,0.7565813113515074,0.30904708196419867,1.048007266600629,1.5203341517768065,1.046876947956247,0.46954974541565236,-0.09893519461719828,-0.6733801155975827,-1.246912039704682,-1.8317406643897578,-2.4076952925317516,-2.980971195629002,2.748891767569107,2.2032694136373263,1.6687917244204928,1.1682785521321772,3.141592653589793,0.6066051057394559,1.3101939420707143,1.3699067257079645,0.9963815564605494,0.5565061648702864,0.04597569814774444,-0.4594170653343283,-0.9789177740401865,-1.5093513514696644,-2.0093679209004733,-2.5235637253867425,-3.0055001026274137,2.7876477794957935,2.3212742130902964,1.8793649551886824,1.576559951497636,1.557463784346891,1.9284595882616182,1.952418136198073,1.667401882742803,1.2826299712800948,0.8377880716590468,0.36628436871418124,-0.10223300899265851,-0.5912688002739553,-1.0750138090086858,1.5707963267948966,3.141592653589793,3.141592653589793,1.5707963267948966,-2.819842091259176,-1.4288992706039378,1.2120256652190913,2.0344439357957027,0.3217505623306171,-2.0344439357957027,0.5880026157536827,-1.2598812540909092,-1.7185342532857701,-2.1862440630460234,-2.6577997166021032,-3.1208935396095496,2.7022401199116937,2.230565598872544,1.77219945509454,1.341280338222461,0.9456617868386883,0.6219070629841346,0.4923603634941768,0.652368570656352,0.7853981633974483,0.5790742470819916,0.24742450567178567,-0.16889914994830127,-0.6047671511088714,-1.0501396681286197,-1.4975821679729107,-1.9734065685226818,-2.4427699904724305,-2.8862540069969844,2.944398254520683,2.521751604856005,2.141112119109857,-2.356194490192345,1.6023392596142834,1.645799879258897,1.7329002006182606,1.640682328833778,1.3509695937141135,0.972239102193361,0.5780176420899997,0.12330690411010727,-0.3239939394050786,-0.7677278458948946,-1.2324124679607062,-1.693297649683215,-2.1519731088885865,-2.5827680989400212,-3.01941936510894,2.8858781988042908,2.592843028725682,2.5693563978368337,2.740545357537049,2.777396558623068,2.5369412236347095,2.166351677603175,1.7433742897899211,1.2825987159073835,0.8111350512159523,0.32259779893003715,3.141592653589793,-0.9827937110412138,-1.7359450084981585,-2.5535900378361105,-0.3217505623306171
1.249045782912401,0.9420901185229917,-0.16514868167711888,-2.7928216384940465,1.4056476451177777,1.5707963267948966,-0.34877101831906177,-0.909994013335317,-1.4755225031684118,-2.0703865529270487,-2.6591599202493095,3.0261794683363563,2.4227626539681686,1.8212174254331865,1.2266339946322544,0.6442118536442563,0.047310433844689734,-0.5400941013681869,-1.073827717882892,-1.5305496155020346,-0.11202896164728238,-0.19816776539794215,-0.6726102465123389,-1.2575201358344934,-1.8597027638684884,-2.4615481934306,-3.083272453759682,2.5880689050407746,1.9556720001699104,1.3337357538654275,0.69838096184776,0.05953221875190501,0.8760580299146258,-1.2901554369285901,-2.051819761079421,2.9664816650880703,1.0060453586485372,-0.06492410584785493,-0.7882552734317357,-1.4734307594313214,-2.139892877875999,-2.7988762639427525,2.8501358424644363,2.214719461841844,1.5770789662249618,0.9322157706387302,0.2968446600335547,-0.3566749596432848,-1.0067126210900974,-1.6937030945388438,-2.505294286841792,1.332551560835399,-0.01619291664674116,-0.742801005491513,-1.3983955645244852,-2.069415118362973,-2.6939516629328053,2.957130888872166,2.325105678280785,3.141592653589793,2.7468015189586987,2.642245927891518,1.5707963267948966,1.3258176636680326,0.8760580299146258,-0.24497866312686414,-2.677945044588987,-1.4056476451177777,-1.5707963267948966,2.9441970967728395,-2.2304752243817156,-2.821434472706375,2.8471049373463506,2.2242473168906876,1.6104356091424739,0.9958853886545123,0.38263972441652067,-0.22397335441139687,-0.8145161512418896,-1.397747877822759,-1.9372455196313718,-2.4118745900788205,-2.6471605821458377,-2.5197683583497112,-2.4980915323736403,-2.8314245827719158,2.9448009592142355,2.3804050104595214,1.7869342551227714,1.1974006217283504,0.5869432698357238,-0.024686341878197432,-0.6338203105212155,-1.240823334969016,-1.8282876688619323,-2.398127921776564,-2.8198420913075406,2.864257323021347,2.502826776200307,2.251845160242143,2.0293678409034794,1.6681439030282164,1.2270093672585283,0.7121702428587108,0.12330802818901315,-0.47987039189771313,-1.0964713333400566,-1.73074195766937,-2.367134995126932,-3.0018336468408555,2.641325700720174,2.0259934610475323,1.4165394485631075,0.8425441222505942,0.2968446586850757,-0.18428849200981254,-0.6218879521661932,-1.0823959708511879,-1.6005358385992374,-2.1366997812361763,-2.7545754557825712,2.886163060064485,2.191495076857197,0.7853981633974483,-1.7359450084720156,1.399885983972955,0.10505990670171252,2.0698422931642813,0.10505990670171252,3.1365694174615495,-1.5899766278997878,0.8097159807274298,-2.5535900379105176,1.1071487177940904,-2.3285771673672992,3.1306241727073107,2.3105409967178283,1.5324939005968516,0.7542006882047653,0.006593310668412347,-0.7277697351758843,-1.4478671839421904,-1.9735872677601969,-0.9936041407142421,-0.9786096556680575,-1.6042100683283897,-2.273526186337913,-2.982687384129867,2.5902842954538006,1.8895551210214232,1.1807257246767142,0.493652861109101,-0.2021287319897798,-0.8724919450688903,-1.5540020407520017,-2.214297472016142,-2.844896530734975,2.849063189840299,2.4621788496879997,2.879879149687014,0.7853981633974483,2.712414167965396,2.1454663893944432,1.5337762091234795,0.9055218822398364,0.28740602638948937,-0.3484966287815168,-0.9587890895982106,-1.5963226950519476,-2.21740992856018,-2.825578177904816,2.8677202766396452,2.297724647447572,1.7691009784963068,1.37408523389953,1.4403930173501696,1.6924631575279392,1.4753129176844169,1.0297101725397362,0.5047572675749024,-0.06885649062827416,-0.6205140178927048,-1.2164960113623455,-1.8126027098565793,-2.391391249375857,-2.9860574373353597,2.7157726793608554,-2.356194490192345,1.2490457645126443,-0.4636476090008061,1.9513026984689097,-0.5404194817162076,-2.677945044588987,2.356194490192345,-1.249045782912401,0.4636476090008061,1.6614562172274492,-1.892546889077149,1.2651215725364116,0.6947382761967031,0.12538912057539134,-0.4636476090008061,-1.039316987488638,-1.5905854102207069,-2.152624190908514,-2.6904444101655427,3.094093195324451,2.7319465320263516,2.5833487154893775,2.6764591746182536,2.5907351346119722,2.2184946882706456,1.7518889862321365,1.232287576405526,0.6763435168577709,0.11076154678325956,-0.45844971597285794,-1.0100029903378314,-1.5951158568258343,-2.1532463649739015,-2.7102825539360826,3.0501814485519017,2.53261964642134,2.1093242884137497,-2.622446534490587,1.6804734718172427,1.6879050787437073,1.4729883257979928,1.0863929384424058,0.6326094245421651,0.10626485594202092,-0.4130915367903963,-0.9787204205768374,-1.547012265470685,-2.1091293981607095,-2.676362123135246,3.0523614571558877,2.492738510913071,1.9436408451085834,1.434170925421959,0.9863760922871799,0.6814575590203144,0.5824879646531101,0.654743635812086,0.47820967612042226,0.07199075908187687,-0.4152146605682649,-0.9711306456124997,-1.542034417592878,-2.1358884013351336,-2.7339611481321664,0.19739555681695384,-2.5535900379105176,-2.677945044588987,1.3258176636680326,-0.6435010961763081
0.0,0.9420901149480032,-0.9827937119422563,1.5707963267948966,-2.677945044588987,1.1071487177940904,0.8566134617234448,0.8867259590399168,0.9197196133472884,0.9459100981903548,0.969692511700925,1.003475501593701,1.0310707901710114,1.0572885878814318,1.1041901506612435,1.1866269675260903,1.2697896934809367,1.4288992787225523,1.9407023925487352,2.942813967470902,-2.797149060162792,-2.5229482732550452,-2.4217719327066036,-2.3842701575294205,-2.3485776629678714,-2.3341097399746187,-2.319246328810629,-2.3214594446366004,-2.308135323295054,-2.315690940070555,-2.316924444563221,-2.3052830906574244,-0.6947382954709255,-2.3332977251363225,-2.2896263125436294,0.7853981633974483,0.8153619793831914,0.7779909017876049,0.7602638007656763,0.7491567236590181,0.7217898322331728,0.7168189902567634,0.6879779956296104,0.6679290465564659,0.637548803400445,0.6085099684543399,0.571600689317785,0.5214344365703073,0.4756952243155553,-0.16183742432237883,-2.344290251315387,-2.4828835981245514,-2.5245325016616675,-2.580713070239487,-2.6206128127499726,-2.646075554500742,-2.6600125521241758,-2.6662676045276372,-2.676684024820533,1.8157749899217608,-0.5880026148526403,1.8925468885398362,-0.9827937119422563,2.0344439357957027,2.0344439357957027,-2.553590038737153,2.2142974238309057,1.1071487177940904,-2.819842091844854,-1.5707963267948966,0.11942893096356494,0.11492938784242418,0.11811430700511459,0.1309338458515746,0.12066627747182937,0.13296871592572831,0.15880052196336164,0.2000837301302507,0.3482409122378024,0.710130796597781,1.4530010026508828,2.0770896719187824,2.3891044074070837,2.489769344988015,2.552596006610133,2.5658568049988517,2.588019171321268,2.5950018270200936,2.6204965932755666,2.6101404810837345,2.638067528673385,2.662784231038056,2.703356566135803,2.8258540424990546,3.00149093343753,-2.9779598853016243,-2.0344439357957027,-2.255323420041559,-2.0139726363824164,-1.8778889032623653,-1.8261222998368798,-1.7648372139662205,-1.7673470423799023,-1.7700791778303984,-1.781317303855744,-1.8024515585746894,-1.8115182061260229,-1.7925772849201769,-1.7706249749701386,-1.7175078455490982,-1.6279422801378165,-1.508539228760065,-1.2977875987881435,-1.1173264928384998,-0.9790927900870713,-0.9077781900419829,-0.8664803976769561,-0.868669738158497,-0.8984444583445937,-0.9518194435393028,-1.0249336528901054,-1.148702600812499,-1.2329181379430565,-2.356194490192345,0.9827937119422563,1.3998859698434014,0.1050599086563045,2.0698422942001127,0.1050599086563045,3.1365694173918555,-1.5899766259310004,0.8097159780763276,-0.7853981633974483,-0.7853981633974483,2.977017046586604,2.7680617669378305,2.602710450679486,2.4141210847424643,2.233280200719073,2.0653374252685115,1.899349477034535,1.7474387491447387,1.5963226952091396,1.4689988848689184,1.365246763945054,1.3344232913636955,3.064820759294246,-2.4041925462364118,-2.473030840060856,-2.5793867113822557,-2.675552700528278,-2.7594107759835715,-2.8468857464074855,-2.9565608426149232,-3.0364477457080308,-3.1350310676215165,3.0631025467481656,2.9960072808218277,2.933993365417351,2.8658846075714277,-0.3217505617449395,2.8442274921489377,-0.7075416498720357,-0.627385865346142,-0.7043042915563484,-0.7294565969646122,-0.7731629211158915,-0.8152104160079928,-0.8690017227111521,-0.9224021280016135,-0.9523683470480087,-0.98356594457311,-0.9974100873222457,-1.020841192274866,-1.0142425087770852,-0.9848118527275395,-0.7742874729261664,0.9827936917897355,1.5802300089785586,1.6682519807522664,1.6903858738877489,1.7078624927429613,1.717926828402101,1.7090169358291925,1.70952213429378,1.7054840798419573,1.712693379673222,2.677945044588987,-1.5707963267948966,-2.356194490192345,-1.5707963267948966,2.0344439357957027,3.141592653589793,-0.7853981633974483,1.7359450081815762,3.141592653589793,-1.1071487177940904,1.1071487177940904,1.2494725710242025,1.300119529914213,1.3145888313157692,1.3609790542188402,1.40668070738398,1.477821911782826,1.547167048355431,1.642590522706141,1.7813228477593173,2.0184999581429,2.376236343402795,2.8779775777954884,-2.9544589903321667,-2.669646452375877,-2.462405993582664,-2.3219612765472126,-2.2186077828466906,-2.1418207729344476,-2.076338881238205,-2.000512979555261,-1.9546568883352458,-1.8669114536547595,-1.7962073938958738,-1.7196150930510412,-1.608360348506822,-1.4539146750561218,0.0,-0.8969834397838617,-0.41368921662970776,0.036296898538099455,0.3711289853042223,0.5797892281478666,0.6872462946020347,0.8166675717351078,0.8628367040086886,0.9252205285829204,0.97373146311812,1.024222446503468,1.0700090748654014,1.1218104199619872,1.1883573182679505,1.2707071522612463,1.4523063702655514,1.7364766355323138,2.3591975082575574,2.9880927453464134,-2.917764694728936,-2.7323250654121303,-2.652199642893688,-2.584602710532843,-2.552890022704877,-2.52162224457051,-2.524809117103359,0.3805063720445738,1.1902899547503227,-2.553590038737153,2.158798941647537,-1.1071487177940904
0.7188300152452604,0.9420901193462199,1.5707963267948966,0.5404194829620462,2.0344439357957027,-0.9272952297714182,-0.8899294270585313,-1.2445525408370297,-1.6262139789546806,-2.0019599751369794,-2.378917859135728,-2.7322262220709925,-3.112230464264935,2.8034816666873157,2.4393357526393085,2.079491618005437,1.7623253024277767,1.538678860359397,1.4608961053692215,2.0886892848379213,2.483900331983362,2.326454966887318,2.041882696354514,1.6747509472272089,1.308435301682117,0.9377983999769244,0.5432626348083944,0.14502530423112112,-0.2515647392579385,-0.6590539638681949,-1.0720460720011045,-1.4711276721849578,-2.2655346222863635,-2.3312886334833616,-2.9713807204894134,0.3259699403159578,-0.30823784601978854,-0.7266423182897047,-1.1459641780547085,-1.5743361351326217,-1.9874280558184156,-2.415189112937114,-2.8313562088840825,3.0254036438666674,2.6205525800847487,2.197966834103233,1.784686861862634,1.3805144661257276,1.0343608768122736,0.6452964226881144,2.593043219400463,2.687748655461788,2.33436393070974,1.941802787554675,1.5350334066296296,1.1182056315555307,0.7101436936334244,0.29647622363847537,-0.11008628318925712,1.5707963267948966,-0.7853981633974483,0.7853981633974483,0.5404194829620462,0.7853981633974483,-0.5404194829620462,1.2490457650421256,3.141592653589793,1.8157749899217608,2.5535900387251047,0.7853981633974483,-2.275165807654288,-2.6593812295246173,-3.0458337939038413,2.8351530331870998,2.437288339162107,2.051833492779096,1.6647021518099696,1.2899586171756086,0.9501256186342041,0.6310794160081233,0.43054710791031053,0.41581180320044786,0.6022873627854413,0.6589776593445298,0.5387027470124278,0.24981421725068026,-0.07882791346226169,-0.44645352997860127,-0.8203886192642874,-1.2011120107109985,-1.5950572098727327,-1.9878455732675178,-2.378673604843351,-2.7635635689867355,-3.108271656927763,2.8592791047381514,1.5707963267948966,2.436886777226743,2.349658674159019,2.3027475179452015,2.1467427727256605,1.9226381276179043,1.6053908973174837,1.23862947838099,0.853667955049891,0.42470625163253045,0.011395517581649217,-0.41926137498446825,-0.8529484917971711,-1.287256526806648,-1.7008009809992748,-2.089942426792979,-2.4459526640709557,-2.770274387217815,-3.013583593554613,3.0436613110768356,2.870459625134277,2.580586182880146,2.241474084544986,1.8230935325228013,1.3584147978693288,0.8441539739375096,0.34032947971402067,3.141592653589793,-0.7853981633974483,1.3998859691945926,0.10505990510840656,2.0698423106443244,0.10505990510840656,3.136569417154721,-1.5899766271033235,0.8097160041475275,1.5707963267948966,-1.5707963267948966,2.4565506675440383,1.8552139818990105,1.2619089934074479,0.7044940885372539,0.11749638922708527,-0.4305106003935086,-0.9811703474048423,-1.4860576485872823,-1.935322317818008,-1.7263911549927482,-0.5440426570624296,-0.805263107078916,-1.2888764239626203,-1.786881289375612,-2.275702929715436,-2.792001182856003,2.999903629020439,2.506865714353633,2.0150349927581424,1.5295825619958008,1.0466602397597162,0.5713374543394629,0.089383833695008,-0.36189809708659615,-0.754840022897625,-0.2606023978520122,-0.12435499454676144,0.7218705065050403,0.2981448848358967,-0.1458496021121838,-0.595670492832987,-1.0311112392413488,-1.4672543142848569,-1.9126615187528027,-2.356194490192345,-2.7990598465632157,3.0571037131264664,2.637310004210896,2.2439916673562386,1.8960721433345447,1.792647433489784,2.8681316833761485,-3.136897852468774,2.840393278482682,2.47890323760775,2.094297446699512,1.696052229131969,1.2939406970995242,0.8728935030494616,0.4844210094334101,0.08053163163802557,-0.31067776507369,-0.6924464607568835,-0.321750561752771,-0.16514868139091268,-0.11065722386516229,-2.1587989416595854,0.5880026148646887,0.4636476090008061,2.896613990462929,2.7610862815506203,2.9441970965691926,-1.768191883815497,-1.8157749899217608,0.30195114799020367,-0.0525830604549141,-0.4229630794434228,-0.7897649495915133,-1.1348865724183472,-1.4629082847224293,-1.7935198094031874,-2.0475028994824984,-2.211024144193212,-2.2191283566909528,-2.048912384974137,-1.9925835963276146,-2.0891007112136797,-2.3383846618017823,-2.6305229797052028,-2.9537402737034384,2.991148800231225,2.639050164471504,2.2881361485912586,1.9483447488259373,1.5934115178419228,1.2635726082758763,0.9318496786389638,0.6315930048004462,0.3957129261821986,0.2724275437805806,-2.498091556566315,0.3538755895163016,0.3474683734780024,0.21492365187108806,-0.00657885247848674,-0.2761649825927843,-0.5967990017901225,-0.9249804239709113,-1.2835629315096435,-1.6356403553364982,-1.9797041356130525,-2.3415613830148736,-2.687239497533237,-3.0155238639435873,2.9614477729183784,2.7147988665992444,2.563113575051708,2.5646596952401635,2.779694556503197,2.813096860552442,2.6678813369637515,2.402534672834931,2.0778948468628906,1.7325822620707163,1.3549979254830022,0.9789574113206757,0.6005542382131668,2.677945044588987,-1.1071487177940904,-2.1587989416595854,3.141592653589793,-0.321750561752771
1.5707963267948966,0.9420901254526984,2.9441971022283284,3.141592653589793,2.1587989190245755,-1.5707963267948966,-2.1369501690639163,-2.1188911324543693,-2.1273956417107303,-2.129684626530008,-2.140338333443772,-2.1474012286824093,-2.140401002506156,-2.139687432525018,-2.133953167161737,-2.0963801147095817,-2.0357210651708653,-1.8788491148854525,-1.4501726579484906,-0.38050639123003116,0.18648691501991352,0.3605201245397326,0.4230607946514548,0.4435329879402834,0.41571388304512896,0.43294052873575994,0.3881943006345166,0.36358661208015763,0.35427914965842255,0.3206901069715597,0.285943145533505,0.25720157097554136,0.9827937345652175,0.16925121813412725,0.0,-3.0299893578677275,-3.064820761627627,-3.1336772515821387,3.102757384670871,3.0667751537337087,3.00489261689059,2.9642836856460337,2.935333055275234,2.8969678316548295,2.842520642982659,2.7978490170196513,2.755524143969563,2.737822343614573,2.7566732407581154,2.903756725621909,-0.9362435350321638,-0.8094898861393228,-0.7947436896524597,-0.8085824123270651,-0.8526044605793579,-0.8921338206795765,-0.9289354556918287,-0.9564460289586824,-0.983888178612888,1.5707963267948966,1.5707963267948966,1.5707963267948966,1.1071487177940904,-2.498091533025905,0.0,0.0,-1.5707963267948966,1.1071487177940904,3.141592653589793,0.0,1.2910132983793696,1.2625056646370008,1.2538922571762536,1.2312258773669755,1.2045407632833136,1.1712255447445172,1.1581316553112087,1.1498057625899283,1.216589653702863,1.3193284841986168,1.6038724945425733,2.120008586341846,2.6762149549107637,2.967085349383444,3.1093457707466876,-3.1344371406998346,-3.132276152728786,-3.1359904715171742,3.1402871713591307,3.1220892743663855,3.0983692646469914,3.0710576885154706,3.070179276803176,3.0871909405549913,3.137811953207393,-3.0618534126129844,-2.677945044588987,-2.5836694721976787,-2.2499296328186293,-1.9602398958073122,-1.841984168301591,-1.764854857167947,-1.7586243731013964,-1.767588014930968,-1.8224863175272186,-1.8772465517998556,-1.9166221648587791,-1.9731465848466605,-2.0168401141231223,-2.0583222972022317,-2.085321852225327,-2.0815295049388416,-2.0172254722515657,-1.8956049826789685,-1.7284867365369714,-1.546991299752397,-1.4479995737063212,-1.4051803630421167,-1.4412074908669275,-1.5159884274956503,-1.6105763258622348,-1.7611709324167422,-1.9398199382734638,-1.8157749899217608,-1.1071487177940904,1.3998859744767407,0.10505990372772889,2.069842298743958,0.10505990372772889,3.1365694172133742,-1.5899766276642786,0.8097159829030021,0.0,1.5707963267948966,-2.1269025695532218,-2.3594412394753665,-2.5647726526724264,-2.7633470162513394,-2.9490396744862846,3.1241652242886344,2.936098161788626,2.788312687783971,2.659928968394783,2.655440784630358,-2.857798548148059,-1.5873237470057997,-1.5020787867150274,-1.5628389345396265,-1.6881409231764588,-1.83949934108885,-1.9552992500506141,-2.0623377689473212,-2.1817482229483907,-2.302030659424162,-2.420249763591864,-2.5307316543375813,-2.6293108745338025,-2.6836921101158753,-2.753273944508059,-2.719120283621136,-2.8198421065497783,-0.23046781281083722,-0.2375659112805103,-0.30041862497499694,-0.3666641559170884,-0.43911265200248295,-0.524105043590668,-0.5809993950248573,-0.6603504671426106,-0.7301682507523054,-0.7885660686473279,-0.8311493389847772,-0.8480896175041585,-0.8446174009787225,-0.7695264443526242,-0.17891717383191,1.1902899496825317,1.4788057685173341,1.5464702253124234,1.533500196117,1.5088601424132002,1.493295199244633,1.4561119102908515,1.4388137118369284,1.4245324874761247,1.3881977700562635,1.3723036747729271,2.356194490192345,-2.8198421065497783,-2.553590061360114,1.8925468738349114,2.677945044588987,-2.7610862916980365,-1.5707963267948966,2.8198421065497783,-2.245537247486857,-1.681453548865942,1.1071487177940904,0.5153351612961967,0.5240536993590952,0.5223723816179942,0.5274705913393185,0.555124307198816,0.5690786116955621,0.6244859727262,0.7104716459294016,0.8587704759929233,1.1748183910018744,1.6849926580288381,2.165630591243248,2.457396640375232,2.6396658640261728,2.7336365205028454,2.7875951948317814,2.822554222142012,2.8449551289496706,2.848405748967223,2.8925379243071396,2.892936490642741,2.926536204755326,2.976668900075187,3.0619492717438996,-3.1100046512639876,-2.9082736508009304,2.8632929973607677,-2.1638536746453814,-1.7324176781848735,-1.4610693323984392,-1.2962210405959753,-1.205594859052753,-1.1647219300608755,-1.1003210819398481,-1.0838394463684384,-1.0642214336710905,-1.0350435855449176,-1.0147347567932397,-0.9946254695353121,-0.9590693604893644,-0.9019841824293565,-0.7812141172879246,-0.577535430946119,-0.21758826742736784,0.3355647678395771,0.7657928253023627,1.0011240202712308,1.1271153437318255,1.1735438035761045,1.20390446880646,1.2098953011718565,1.2098356948474192,1.1894150655377729,2.214297447358785,2.356194490192345,0.9827937345652175,-0.7853981633974483,0.14189705313283843
1.670464980740282,0.9420901279043413,1.5707963267948966,-0.6202494939220949,3.141592653589793,-2.356194490192345,-2.1696344148934816,-2.1211822885806555,-2.084532199831275,-2.040655021108206,-1.9945877763201132,-1.935531124334763,-1.8981700815430258,-1.8408776066177417,-1.7778069815623383,-1.6847174089259027,-1.5374753316279879,-1.2780231602329626,-0.6965239575005644,0.2970642260629451,0.7203343396465117,0.9634910892457174,1.0759697344484112,1.1411712280261037,1.1665501312398572,1.2172032676054878,1.2327302072260726,1.258937091312641,1.2846553927648738,1.313207989527453,1.3366760688453643,1.3467404352056018,3.141592653589793,1.4483352719801708,-2.819842099193151,-2.0036844239509697,-1.8595917799487343,-1.863937848341471,-1.8558489913193927,-1.8255546273203962,-1.8522229186534354,-1.819640043397824,-1.819640043397824,-1.8003236740313218,-1.8045395069433734,-1.8134439798302426,-1.7990232440286287,-1.754511963698397,-1.640745711029251,-0.8238407620967194,1.0215498230415196,1.1489250386740673,1.197513285124076,1.2160906634448736,1.2009213757185253,1.2246379179875635,1.2394138495647087,1.2597520005029865,1.2712837170304239,0.32175054705281453,2.601173136039614,2.4980915330463844,1.5707963267948966,2.0344439357957027,2.7610862714127196,1.1071487177940904,1.7126933858053575,-0.7853981633974483,0.24497866312686414,1.9513027089719703,-2.1764345114151227,-2.1580419413812675,-2.1291223855185573,-2.0947655492083532,-2.0835549349605103,-2.055479626893953,-2.01677273029535,-1.9619406012164033,-1.830579581056697,-1.5536158865853873,-1.028838371305703,-0.3924770834445618,0.019045316017529273,0.2530756416880355,0.3331751860182865,0.39265275762620166,0.4294279257632949,0.4679003115735402,0.5087518014307462,0.524916896110695,0.551024790044888,0.5818727550743533,0.6303655570797057,0.7388273445045089,0.8780805929129544,1.0873492975938919,2.356194490192345,1.8018870034080157,2.132026465932526,2.3352635407682794,2.437978830660423,2.5357264056398923,2.557010274436294,2.575201699729166,2.572803391294733,2.5473156284409173,2.5548056331572306,2.558376799582797,2.574994965748221,2.604522100900431,2.650288144309244,2.7650446975592944,2.935824094863029,-3.1051849082054988,-2.888033860676178,-2.7524144105850565,-2.677945044588987,-2.6398468852750194,-2.672597514774939,-2.7205388107293995,-2.787787456408658,-2.896613990462929,-3.0057060479001776,1.1071487177940904,-2.944197090915363,1.39988596968846,0.10505990572493268,2.069842282053984,0.10505990572493268,3.1365694173158465,-1.5899766272539366,0.8097159692889085,1.1902899446178228,1.3734007641204666,-1.5990374031752195,-1.7733586017960794,-1.9104513100327383,-2.0517621752533524,-2.2194642910277183,-2.3462375061384195,-2.4925384359434517,-2.6090145377265563,-2.673885521290153,-2.7031335144925417,-2.5127963874989,-1.4723501678483042,-0.619553603998064,-0.5374731508176536,-0.5554937406447137,-0.63379266958022,-0.7098918501240747,-0.7559948740327938,-0.8169458859710347,-0.8882784972749245,-0.9517014075672756,-1.0184315577695557,-1.0777908371474698,-1.1024317828559491,-1.0970096580734658,-1.0505291352490116,0.0,1.1201349782575887,1.46198411484394,1.4863416107766003,1.4739344031766157,1.4695048206534311,1.45039033210122,1.4381546944740917,1.403725393588394,1.3783836782547303,1.374501480947652,1.3837347539735005,1.4098392417856427,1.4444147019013591,1.5312130530878112,1.8025792702230774,2.8882284308447903,-2.5405189053552975,-2.3359543490994326,-2.254624947168213,-2.218285455944508,-2.167972990253438,-2.1573506762135746,-2.1338382868924346,-2.105404359922012,-2.0825052906337707,-2.052645066428906,-2.5535900613404223,0.0,1.7681918894693265,-0.19739556267442995,2.356194490192345,0.0,-0.4636476090008061,-1.3734007641204666,0.0,1.1071487177940904,-1.3258176636680326,-2.4020986135238616,-2.35042374545281,-2.3084548696666065,-2.2581762603792463,-2.1921880129921196,-2.1112158099198366,-2.0351115059273908,-1.9182108919088683,-1.729451596721023,-1.4156291784366393,-0.945162277261421,-0.40165815952229805,-0.019653489534970772,0.23783592637041986,0.38347551048315726,0.5084494814974972,0.593205470937495,0.6640063037036289,0.7264553335449343,0.8085385027558228,0.8518586104008847,0.9326992044498028,1.0344528881537196,1.1546999799289983,1.318464852699513,1.5426042299644465,-2.5535900613404223,2.296225069576154,2.7695860649633888,3.1093457709916823,-2.937876954167405,-2.7859567670412813,-2.6809035866124256,-2.5693817631937086,-2.511539591478839,-2.434173414910544,-2.3577868477748596,-2.2824694390668276,-2.206610995461535,-2.1311562227160334,-2.0236916607005413,-1.8682828215061118,-1.6112805233257719,-1.225002314507187,-0.6673061045450085,-0.16422189668272733,0.11260368998221858,0.28874631115837374,0.3833067096806211,0.47089386885216483,0.5395640914057426,0.5762739092040255,0.605699882693521,3.141592653589793,1.1071487177940904,-0.7853981633974483,-1.5707963267948966,-2.0344439357957027
1.076854940329082,0.9420901402651332,-1.7681918897097444,1.9513027094030644,-2.356194490192345,0.4636476090008061,2.846014126482622,2.931952790045229,3.0307152576625622,3.125609998559967,-3.058536476374737,-2.9561114197562985,-2.8499163950971034,-2.723115186841334,-2.5598423824997543,-2.3344836018603434,-2.0829820198749918,-1.756902049966953,-1.353502893137821,-1.001948491167924,-0.7048879562758487,-0.5123083023698916,-0.34383703035765395,-0.2184078183765134,-0.11228201471075674,-0.017775906009248117,0.0547098640721312,0.11279154748642176,0.18655520845998286,0.26006805484775386,0.3743336092450134,0.5352305131686013,2.8632929975918193,1.4331442429572536,2.2443911458182955,2.643049271541803,2.8192562833199526,2.9421827179021385,2.998113050347756,3.0742659936002843,3.095039095175857,3.1156244655544376,-3.1192250211625905,-3.08384635124608,-3.021483916777616,-2.929746218029873,-2.775896455054491,-2.3966348945476192,-1.4419799106679345,-0.7452411789961577,-0.5104883131468021,-0.3979350307654572,-0.3276676372935317,-0.2692749136252785,-0.25732371289850703,-0.22851829279153937,-0.18958470153367138,-0.15686904672581597,-0.11003848465417504,-2.356194490192345,1.4940244331813202,0.24497866312686414,0.9272952052513496,2.356194490192345,-0.4636476090008061,0.0,2.6011731345688225,-0.27829965599797396,2.0344439357957027,3.141592653589793,2.557068315219143,2.599468523332073,2.6315648072926625,2.688418252777912,2.7608699737840094,2.8762017182726534,3.069798454017426,-2.891297719147776,-2.411501347601369,-1.9427691728647138,-1.6131438787404737,-1.446441332248135,-1.3495373560297577,-1.279628984053913,-1.2377232324463605,-1.1947697531998895,-1.1552313115116808,-1.1202681033127582,-1.0830677374763245,-1.008217156950745,-0.9153287021486487,-0.7600871213324081,-0.5221744266144729,-0.1830387594939473,0.17137913957469897,0.46816565702562324,1.0516502174523208,0.7706806141612836,0.8303291340347762,0.869073298814357,0.9011573862410968,0.9105948846098718,0.9152779518075982,0.9462988100741331,0.9556468218855473,1.0022424873171807,1.0911244607008168,1.2490457617730355,1.4436661273314917,1.685970620910259,1.9029752313444723,2.0487609784093426,2.130697278524166,2.151773291117909,2.1519808445863844,2.1243550956166963,2.07512619057207,2.0413926477167474,1.9552992665395863,1.909805166793157,1.878763288803369,1.868962979627416,1.8765415059001787,-0.4266274953101403,-1.1071487177940904,1.3998859824771022,0.10505990097504377,2.06984231253815,0.10505990097504377,3.136569417216085,-1.589976627529144,0.8097159966483193,-1.5707963267948966,-0.7853981633974483,-1.8766751737911862,-2.0649577307382914,-2.254077456745948,-2.438862778715426,-2.605596568571927,-2.756355386741319,-2.922596426356587,-3.053273391516746,3.0724598451469256,2.929612563887902,2.830891372688806,2.7297194583309334,2.696172182950477,-2.4905159376332313,-1.0040671117714417,-1.0600014941985934,-1.0947270032170051,-1.1885727135958215,-1.2788313335586832,-1.3466420336167808,-1.4411898567253056,-1.5213317544250549,-1.5719211857470217,-1.655776355771799,-1.7188526619588458,-1.7698782223687142,0.1418970530103811,-1.7706773692983957,-1.3212094105638779,0.8467246850937996,0.9284309567415583,0.902272027583727,0.8815369096965672,0.8658830819142284,0.815691934833751,0.7912205319310416,0.7632747293089238,0.7404763408014333,0.7081380514954785,0.6962192778539776,0.6995759714701381,0.7366922443385361,0.8621700778935112,1.4793851235297248,2.9607336321790707,-3.003882859799703,-2.9190627307953037,-2.8676755854146108,-2.8766793026926347,-2.864431949762636,-2.856862216930133,-2.8481307451162285,-2.842738867638446,-2.356194490192345,0.7853981633974483,0.24497866312686414,-1.5707963267948966,-1.2490457803671684,-0.9827937355071968,-0.32175054642772816,-1.8157749899217608,0.7853981633974483,3.141592653589793,0.0,3.050163828135615,3.0941036316325206,3.1359904713563216,-3.1014648134067726,-3.0632648592942666,-2.9927026953677895,-2.9437381615430303,-2.842990233625429,-2.695279807279507,-2.382417966507515,-1.8934753841847878,-1.2849009232999058,-0.8289795927210136,-0.6018719551695282,-0.4480328937005972,-0.3613898367250687,-0.2806516017834729,-0.21724587964465486,-0.14933853718896195,-0.0699318591708653,-0.017922609920753115,0.0688211814899273,0.1589701367152904,0.3158732112977278,0.5292208285421601,0.8494306131938435,2.0344439357957027,1.7140765135234088,2.0471677972561797,2.29183038289141,2.440489755776091,2.5680448224739094,2.6804326052237735,2.7875045524964226,2.8513705263926616,2.9192364869005187,3.0163523135294374,3.113083270488962,-3.0470833757108196,-2.9043105193598944,-2.700585017618519,-2.4544052537734324,-2.095266235148476,-1.703231512015268,-1.3426936962703746,-1.1034968725285659,-0.9075933352670309,-0.748971134635504,-0.6576511120153202,-0.578128808573969,-0.5018505538211467,-0.4421626569936426,-0.3829470890227956,1.8157749899217608,0.09966865406916486,0.5880025912876997,2.356194490192345,-0.3805063826081679
1.4801364359118474,0.9420901032195388,1.8157749899217608,0.3217505394219404,3.141592653589793,1.5707963267948966,2.781618236620029,3.1368307847051833,-2.8491704243276788,-2.662073386887326,-2.508681174419351,-2.412701863422669,-2.3280823941610276,-2.2593459917244574,-2.2018039021372457,-2.135897203243965,-2.080547945155473,-2.0167412480374103,-1.9169322712194299,-1.7775374063768399,-1.5942112495194622,-1.2529983157446773,-0.7228233237801874,-0.1753942264988737,0.162116083198993,0.34103512330882885,0.45277846050184717,0.5383586263903122,0.5907736220787448,0.6427959171428345,0.6822034757835767,0.726949536802356,1.5707963267948966,0.8465034194552412,0.9490930485384567,1.1213178001770712,1.3964829343200593,1.987845557230437,2.588216146666668,2.963062775913717,-3.130440698877209,-3.0149449610387293,-2.938738344804763,-2.8873630159988437,-2.8349871270760585,-2.794118787190804,-2.741429304196715,-2.6858188793921642,-2.6161622749164515,-2.517011331949033,-2.37640575861534,-2.166206189653667,-1.8198781181434034,-1.3959759564657948,-0.9840421424367184,-0.7151289228753543,-0.5358533241228696,-0.39752711867674045,-0.30789463225288266,2.356194490192345,2.521343191890273,-1.5707963267948966,-2.9764439842695998,0.0,-1.1902899393551505,2.498091520836985,0.0,1.2490457873729561,0.7853981633974483,1.9513027142346429,1.4436661304991802,1.707098694421722,1.9222411095344212,2.089235981364714,2.223214078189121,2.3242812370891297,2.427327361296399,2.5080527360055083,2.602128633039883,2.674880702001707,2.767950178666238,2.8701262147891846,2.9669961193264753,3.1036894675024462,-3.0257987790602034,-2.833120171973757,-2.619684120156302,-2.384972517458336,-2.1602398518803314,-1.9537372608409183,-1.7630944763840297,-1.6408079374601716,-1.529422797766852,-1.4404127598657217,-1.3727197313092623,-1.3135299224672012,-1.1071487177940904,-1.2259593085884697,-1.1852549547193827,-1.139521541826143,-1.0783106007632872,-1.0161284360691503,-0.8923468048753831,-0.7330968984579336,-0.5171021604055299,-0.27857943972797666,-0.0656694616018547,0.08242898296036573,0.16514867741462683,0.2012887414516449,0.20069588938298522,0.1824273616298657,0.13552770873150735,0.061557349650426495,0.010512096018096266,-0.06428896936954966,-0.12455511722318167,-0.18581594305910465,-0.22142720868378363,-0.18863921698870129,-0.02621122386114195,0.21588084830554857,0.43182313245631965,2.1587989073044613,-0.7853981633974483,1.3998859809341018,0.10505990303879202,2.0698422725148973,0.10505990303879202,3.136569416810955,-1.5899766259913102,0.809715968921949,0.7853981633974483,1.7681918924042785,0.003846134960812282,-0.16960851013921116,-0.34810360805831914,-0.5088842143504129,-0.6529469664447539,-0.7999744126181455,-0.9239702300025097,-1.033794961016638,-1.137007106559034,-1.226741039912721,-1.1690165892292523,-0.9107872724137345,-0.27944776529806886,0.36397894939295394,0.541024468745072,0.5293726842045732,0.5292467624014418,0.49309767738866594,0.4377913244011292,0.3790923487715397,0.3297730392579573,0.2782996670418489,0.2673893718948191,0.23697171487087376,0.24497866312686414,0.3360473108522592,3.141592653589793,0.9299524481944047,1.5005602904118671,1.9291303185387283,2.0929195888320917,2.2352916972927583,2.284609081611584,2.3080665353405365,2.3314417499452516,2.3408739280892115,2.369665194557675,2.392044085051037,2.4235211530555416,2.4916653278547343,2.57772326815861,2.7655725657420858,3.0175863386078334,-2.886834348556924,-2.511191211233683,-2.1894779220708758,-1.9525454224110192,-1.7984627352990192,-1.688106175724792,-1.6177836610845582,-1.5354128697337284,-1.4746398811067838,-1.4118644717398101,3.141592653589793,0.4636476090008061,1.5707963267948966,-0.7853981633974483,2.356194490192345,1.3258176636680326,0.9827937462853321,0.0,0.0,-2.9764439842695998,-0.6947382369187957,-2.3079049588268843,-2.163275165999165,-2.041988367193799,-1.9136253104949466,-1.8069631125628092,-1.696582196350123,-1.5693257395445812,-1.4543048610560556,-1.317799505902657,-1.1552597140539567,-1.013131959449352,-0.8186747971366839,-0.6008912799537617,-0.34669739940096395,-0.09120964164133863,0.16813175870771294,0.39943820124481627,0.6005805721876076,0.7786566909444734,0.9293686563306672,1.0583316554644777,1.1816990919889374,1.286218717151943,1.4079561546407118,1.5062423445024475,1.622591706270639,-2.6011731180846147,1.888613760580151,2.0760865354299476,2.306427226117764,2.539098336056316,2.8400159101082205,3.1242533518052675,-2.9004749762177653,-2.689924733177875,-2.5198272576743967,-2.3933520868896196,-2.2819946609558093,-2.1794856521741015,-2.090518159224188,-2.0027990655179657,-1.9107689895232067,-1.805022721279391,-1.670744657375754,-1.5235129845453144,-1.3386924920203642,-1.0749594730226502,-0.772026000036979,-0.4581278845520239,-0.1789973474202701,0.04086310153424379,0.20938539725181057,0.31908152082999935,0.7853981633974483,2.896613990462929,0.643501132752808,-0.7853981633974483,0.0
1.5707963267948966,0.942090113067161,-1.5707963267948966,2.356194490192345,-0.5404194650361909,1.1071487177940904,-1.3075116388254435,-0.9359738712455722,-0.6223746460219216,-0.40351690919712757,-0.25604963861776375,-0.11257717429700291,-0.03938848562952527,0.06110031860893741,0.13992467492387384,0.2171283064736923,0.30273541851678615,0.3967086688466312,0.5104313025102498,0.6725369115144604,0.9215118944514954,1.3531759709687554,1.9493419327918118,2.4668517113662407,2.7928216446247776,2.969623967030737,3.090542154645742,-3.106405099788708,-3.039204048383639,-2.9743237121835535,-2.905862283002045,-2.845840963557315,0.0,-2.6687839334786423,-2.5236655080235084,-2.2883741073444734,-1.872415375937845,-1.1664316773136936,-0.5954098982646456,-0.30379668935016124,-0.14071642701306858,-0.04363425829306888,0.04051835303429528,0.10888864855580296,0.17995172434154685,0.24952407868057824,0.3173964414451319,0.3919923522067344,0.5028432155265915,0.6396188733900805,0.8604960936773896,1.1698934903947575,1.6081123298795938,2.0917761756279214,2.4534125384592844,2.6876390128465473,2.8435089643184464,2.960191857379847,3.0585457887241536,-1.5707963267948966,-1.1902899600098538,-2.356194490192345,-1.5707963267948966,-2.0344439357957027,-2.214297411628793,1.3258176636680326,-0.24497866312686414,-0.5880026265854411,-2.5213431433238087,0.19739555409041273,-0.9936040983619897,-0.7581940094319594,-0.58564411504447,-0.43222604820595667,-0.2947916334423186,-0.1495753860771457,-0.058689583902557456,0.03565934855562838,0.14687053330417182,0.25814684596583803,0.37889830673009234,0.5148543077331196,0.6772156546434215,0.8712791100079881,1.0884941428285042,1.3429392728245924,1.6261924581464362,1.8762439730618967,2.0875235763676945,2.2871221716104646,2.4307685779762505,2.559213893134044,2.6678228622316715,2.755743323435028,2.8344162584126766,2.9079551350411434,2.0344439357957027,3.0445427274661876,3.127722167936534,-3.0612574433183695,-2.9331274397331115,-2.7783147548368614,-2.5572956943107226,-2.2805589486050315,-2.0405788394898123,-1.810027918479928,-1.6731659562436823,-1.5780320906391494,-1.5338250725234708,-1.521453690826163,-1.5257598063469222,-1.5421645370913983,-1.573290087270154,-1.6060297797026992,-1.6391420915864743,-1.6682567322989854,-1.6700624828165904,-1.6182606542277778,-1.4876550973544131,-1.238370045682687,-0.9647681145978695,-0.7559948475825099,-0.6943554103430549,-1.5707963267948966,-0.3217505693712601,1.3998859812599371,0.10505990419519498,2.0698422972848856,0.10505990419519498,3.1365694173196363,-1.5899766256514476,0.8097159843822823,0.0,-0.3805063667850429,-0.7811428386963098,-0.8728935012726085,-0.9990873113424479,-1.119619731241122,-1.2373140812970813,-1.3470490267299349,-1.482788951621876,-1.5805047602274256,-1.6733162909311827,-1.754144290293241,-1.7882949980490004,-1.7947343307424974,-1.6389831314853036,-1.1294380301731957,-0.3756402346504254,0.01574672957140945,0.15028679205346956,0.155131121843696,0.12412579277376141,0.12174403071599281,0.07619948276802528,0.06305871982331468,0.046582819506791925,0.024994792870656982,0.03440982122292728,0.08178438045809619,1.1071487177940904,0.3207012191104714,0.6708574443784261,1.2784490583243575,1.8353620374703936,2.058581566050714,2.2007196629739654,2.311369679781228,2.3435369338917735,2.4128183524890625,2.4481331654628895,2.4894212338279167,2.5335272324783586,2.59769818632822,2.68414172773607,2.8071039143327963,2.9946022579027614,-3.031239474045727,-2.6172382493046524,-2.1817833696772984,-1.8490959787088095,-1.5884935947795333,-1.436877827563837,-1.2965792031457521,-1.2002215210332035,-1.0845719171218335,-0.9952444432122057,-0.24497866312686414,1.5707963267948966,1.5707963267948966,0.7853981633974483,0.0,3.141592653589793,0.9272952419610003,-2.9441970994993807,1.5707963267948966,-0.9827937002094556,-2.356194490192345,-1.7194151051589461,-1.5179445691910112,-1.3444780192703483,-1.1849136776915348,-1.0520098282509356,-0.9005467328481811,-0.7864092928452426,-0.6369090643045794,-0.4964776156945365,-0.32420756996036854,-0.15871962470658021,0.03637909055069129,0.2622968819595541,0.5267870647514065,0.7987307475750136,1.0648696979511916,1.3380408437628344,1.5922599343117716,1.8352847119276996,2.0289869761713253,2.1873852748703624,2.334230482142357,2.457219264391635,2.600298264899079,2.7183854005597334,2.8474732657198363,2.214297411628793,3.137200295706301,-2.9492796367663536,-2.731683006553765,-2.465347918981419,-2.11973836968703,-1.8047230538111652,-1.5038573785512799,-1.2532254669582972,-1.061545431805372,-0.8948079907643557,-0.755424796054343,-0.6299337348546898,-0.5188573119668671,-0.4078279466714706,-0.3001443912628063,-0.18077240284239432,-0.044787953897080846,0.13440490725365467,0.33058035901718263,0.6097619473274942,0.9426262129836567,1.3075620035368265,1.604314341310866,1.8679982327027747,2.0531787358258766,2.1928499711563654,-0.4048917759577609,-2.6011731885536022,0.6202495102659847,0.0,-0.5880026265854411
2.553590074692281,0.9420901018626708,1.5707963267948966,0.0,0.4636476090008061,1.0121970258536144,-1.7781733939744107,-1.5880359976085041,-1.4935942316976039,-1.479509606955445,-1.4917123949852853,-1.5086709081057168,-1.5495980880209992,-1.5855522003090319,-1.6427829322674776,-1.6888728683449203,-1.7206641248703527,-1.7646567715076593,-1.8006445817491625,-1.8136309041108152,-1.7441063489613708,-1.3473197256542635,-0.16514868219301643,0.3742315010920093,0.4601784083072451,0.4507865935131725,0.4151113214849418,0.35364434440418824,0.29403910283458906,0.22686709655587228,0.16242964471854315,0.09135542354883233,2.677945044588987,-0.02394751664660045,-0.09162633763534754,-0.11527612888605172,-0.00375938091710575,0.7483780447140873,2.1815222911841055,2.3146211236630587,2.2991455911066887,2.2428680909784884,2.201745805365138,2.130877562264066,2.0785611619039908,2.0162167640907254,1.9601913338888748,1.9097961467348064,1.8679883385388998,1.8554512089343222,1.87039860411052,1.9416056743222359,2.1386403772485654,2.518808341950358,3.073278072103569,-2.8684322435225638,-2.72763530402186,-2.681141616553879,-2.6613620683840153,0.8960553689396006,-1.5707963267948966,0.0,0.0,-0.38050638816239046,-1.1071487177940904,-1.3258176636680326,-1.190289938632506,-2.8198421152156867,-0.4636476090008061,-1.7359449955486932,-2.2275781499494056,-1.9666906752211544,-1.742601715461123,-1.5850625438498565,-1.482270907144684,-1.397654775526386,-1.3701755860088307,-1.350058015339071,-1.3497777576122527,-1.3567720402214192,-1.34285562925003,-1.3449620431347107,-1.339958570921464,-1.319588603088278,-1.2959582312048052,-1.2480291566207296,-1.1919960837482593,-1.0980477075676918,-0.9720771924288877,-0.8144190453168414,-0.6607945233141808,-0.5179747630805583,-0.398459911188544,-0.3287796617927871,-0.2702008919007022,-0.24449744546115718,-0.6747409578552961,-0.27395605457321537,-0.3123637350094556,-0.36106218094299125,-0.41431461318217194,-0.4616555571388211,-0.5104548259429159,-0.5467109697015063,-0.5762767433921774,-0.5679607748401732,-0.5101584801325203,-0.3987828569284079,-0.21358251841447476,-0.06309304603193244,0.052333126805912594,0.08804961298738236,0.04662444645643854,-0.03451010050681287,-0.14267648497419244,-0.28157980911692154,-0.42951454021786295,-0.5908345980804014,-0.7587492852406985,-0.948350428547932,-1.1202243736490836,-1.3055024420344044,-1.4720402954811072,-1.5707963267948966,1.446441332248135,1.3998859711704317,0.10505990715800391,2.069842283935265,0.10505990715800391,3.136569417243859,-1.5899766264002566,0.8097159983604744,-1.5707963267948966,0.0,-2.623524104235689,-2.9726910076709534,2.992288330835312,2.664445387509775,2.3249546567620767,1.9497531007570046,1.4819894296893872,0.91049009341296,0.1382869651915949,-0.6233107044658174,-1.199905024236358,-1.6231176083548036,-1.9668435120483314,-2.261995610048323,-2.522969758981052,-2.768480899429671,-3.019629996064736,3.038246987579194,2.8183200338375833,2.563224645979344,2.312743578216841,1.998788693136388,1.5228625917867673,0.9008248046369511,0.009389395292212638,-0.5523034982370926,0.4636476090008061,-1.1746491519354805,-1.400349319045546,-1.592658732085026,-1.7331952325577566,-1.8963236065603764,-2.050648986917613,-2.170785991096869,-2.3138745051911074,-2.4624920609681715,-2.583459227748195,-2.704254764680504,-2.8093790987195257,-3.019397485230402,0.11408576818559236,0.0237109711248212,-0.08375422379332502,-0.22196247209891856,-0.28639243756223054,-0.3861909620004943,-0.47605259020188884,-0.5673443855229622,-0.6663465794962838,-0.7346221655796454,-0.8040400754155751,-0.8579476992194053,-0.8933106490467896,2.782821965760277,-2.356194490192345,2.0344439357957027,-0.12435499454676144,0.0,-2.944197087577398,0.7853981633974483,-2.446854419419415,-0.32175053837410633,-0.24497866312686414,-2.1587989056924086,-2.2438644719111127,-2.284065509163588,-2.323045238227767,-2.3465580325480366,-2.3760804902377406,-2.38386907971026,-2.3876801386260613,-2.338935024057438,-2.24940698025297,-2.024700018856299,-1.6060381381771236,-1.148468874423564,-0.8252494579237319,-0.6559057385167998,-0.5951912688708867,-0.5866789760652066,-0.5950159149611369,-0.6100818998153568,-0.6320540218439201,-0.6529313428377429,-0.690384839544796,-0.7180156805316534,-0.7254256767131492,-0.7229287684397117,-0.6978041907791832,-0.5843810949356514,0.8441539772731507,-0.05483756608131689,0.371017279846865,0.6847709901238314,0.8658868476783531,0.9637214900202123,1.0044835900374218,1.020969618948715,1.0042695460772473,0.9779438784519551,0.9645766337472141,0.9404307930463616,0.9167585219559616,0.8963348459025394,0.8990925782882663,0.9162890002981761,0.991252534688019,1.1086592768579453,1.3808080311770867,1.7399507988485006,2.1285551459035035,2.367986385376779,2.488555052209035,2.547090323387453,2.5510491356130953,2.528357197671546,2.496007828980968,2.8198421152156867,-1.695151321341658,2.677945044588987,0.4636476090008061,-1.5707963267948966
0.3217505647182653,0.9420901328613985,-1.5707963267948966,2.1587989184328995,-1.5707963267948966,0.3217505466554251,0.055243274432170676,0.1837763341133394,0.24497866312686414,0.23993932688342118,0.2469838229962425,0.23826013092092388,0.2166769189492695,0.17686064871626392,0.13983062070469232,0.10600979321595114,0.08589921186891261,0.06735159675767623,0.0920812090807613,0.19075555255829268,0.7057547744525149,1.8826461971209347,2.288729478879716,2.3841695518766706,2.359592002897155,2.3361015122768136,2.2803170407452855,2.22144974497399,2.1685547237515195,2.0973568318148397,2.0376388292867955,1.9731445201368893,-2.5829933452046285,1.8787496417837901,1.8913168734094445,2.40565904813519,-1.8965954493761088,-1.8157749899217608,-1.8410579831204097,-1.8803907861073512,-1.949118352170266,-2.0110837051638106,-2.0741091447228515,-2.1380406771975635,-2.2012402921859513,-2.2489380636640557,-2.28425408740139,-2.296649568134997,-2.271526546219448,-2.1221421419861106,-1.7008009759170533,-1.0071543881115066,-0.536661703009811,-0.38472028200693753,-0.35225246965026863,-0.3545490622859921,-0.3650915362704217,-0.39486276775017026,-0.41922349279598736,-0.2782996560838973,1.7359450000250818,1.7359450000250818,0.4636476090008061,3.141592653589793,2.0344439357957027,-1.9295670055489946,-2.5535900619517906,0.24497866312686414,-1.9513027092460322,0.3217505466554251,1.0079411574651072,1.080570123898016,1.1250628820726272,1.1433421045898566,1.1557962290291377,1.171300418067639,1.1879718274297508,1.2143396724862026,1.2588815254269687,1.3037760702331387,1.3800566228127007,1.4713777010477747,1.5883147497375472,1.734558681004892,1.890258547115429,2.0472637438260173,2.1894213637958004,2.3170354368088986,2.422415130085903,2.4943809986239778,2.5554165533725373,2.5726597368019024,2.5876054606866012,2.601173166344195,2.5907466828468015,2.5918988415917745,-1.5707963267948966,2.5765284012633427,2.5723918102206884,2.5841482109100573,2.646835985882076,2.729355342042304,2.8648475219175116,3.055366307475572,-3.067534797664695,-2.9730874782009633,-2.9057938539299815,-2.913917222851672,-2.9522138011021846,-3.0237735106365324,-3.1168941202053677,3.0621581601567467,2.944995175623994,2.813648099682815,2.7057602617640772,2.5892215263680898,2.506706343510667,2.4645299767949527,2.508990283010097,2.6900473197424626,2.954792723132769,3.0681953302458305,3.0202406524382113,-1.3258176636680326,-1.1071487177940904,1.399885980996949,0.10505989858160553,2.069842275215955,0.10505989858160553,3.136569416947412,-1.5899766262674901,0.8097160027813436,-0.24497866312686414,1.5707963267948966,-1.1631648109841919,-1.5923314592906939,-1.9443871908772465,-2.280782242302428,-2.580610526491093,-2.885159243679033,3.1128843251078235,2.8286914412282154,2.5394991461529868,2.2155899707002282,1.8859571954509509,1.4493628608950089,0.7597627727792431,-0.06271955941922826,-0.7705477928400984,-1.2968682037329426,-1.6259550460383885,-1.8839356687732625,-2.1211822847679875,-2.3482423572801734,-2.5648762800918066,-2.7730419554553603,-2.9726641621180536,3.096750938104563,2.881848096592346,2.6333412609681353,-1.3258176636680326,1.6932573871000784,0.7057193098351828,-0.011151954586122604,-0.4244970944248148,-0.6613841409303692,-0.8461728307936037,-1.0214969746536688,-1.189309306021172,-1.3488338641034208,-1.4740744924379452,-1.6000433036610553,-1.7409857700085511,-1.8780395709117403,-2.0221339387800663,-2.1379859365880356,-2.348731928913782,2.6671927514672156,1.0338855729944258,0.7622541539823652,0.6339195295108416,0.5404194827845409,0.4294894197070402,0.3246205762494868,0.23418875926924954,0.14272145656410007,0.058198175037448334,3.141592653589793,2.5535900619517906,2.896613990462929,-2.0344439357957027,1.8157749899217608,-0.3805063824511355,-2.819842106934368,-2.089942436277594,1.1071487177940904,2.9617391500815304,-0.24497866312686414,-1.170249873399763,-1.2032512970828608,-1.2632701025027868,-1.3039274982484559,-1.335065971108846,-1.3609228278812047,-1.392276480488885,-1.3944596602587158,-1.3723462873807464,-1.2861176571479649,-1.1288549268136399,-0.7162564895120805,-0.15060195396636794,0.21418610211731093,0.4245893247084657,0.526915097429554,0.5834231061680432,0.5748261971742902,0.5661720413190848,0.574190449869498,0.5537160595945856,0.5439228279010877,0.5339835596193491,0.548848114218516,0.5868361906919102,0.617998086167568,2.2794226062084184,0.920777598584465,1.2852171130680292,1.6938276929795408,2.0261625371777994,2.222781205247279,2.319174380523508,2.386267471366761,2.3872810429141773,2.395038897972837,2.3891811018271434,2.3866599344467394,2.364012375979968,2.35396734046984,2.3626460251330217,2.375618492504319,2.4381572100774083,2.562940433001133,2.791406637372472,-3.1061851144732526,-2.6925343716728687,-2.4057166498829607,-2.2697056060470153,-2.197153105549456,-2.17626436732634,-2.187547951925713,-2.2228442345732016,0.6202494734294961,-1.5707963267948966,2.896613990462929,-0.7853981633974483,-0.4636476090008061
0.0,0.942090132798142,0.0,-1.8157749899217608,2.97644397209754,-1.9756881078774913,-0.2267988466977315,-0.066769900180962,0.03204031283401213,0.08984753818845682,0.1315436715292822,0.15813069899944443,0.16712375491107695,0.18076056848747624,0.18749489231542882,0.20560892815172913,0.22814427205246288,0.2694987949041037,0.3164157047344464,0.48548878584523214,0.9363447716002639,1.9726669885478432,2.514930833697871,2.649843417295907,2.748832004397769,2.776257211966262,2.7942066947317388,2.7991773143895635,2.804505867923598,2.798966357037694,2.797726190070676,2.805573031662575,-0.38050637190987624,2.881328563924541,3.0127762446026365,-2.896613990462929,-1.726160575345169,-1.0907343218436505,-0.9072676543752928,-0.8399249591365766,-0.8077944350483482,-0.793617117270033,-0.7809817849428099,-0.7758632910684962,-0.7540660091794942,-0.7393700755796636,-0.7097075791576981,-0.6615775480557278,-0.5762269145417686,-0.441898005039215,-0.22638851077409575,0.17782511359954273,0.7363092536811934,1.1337339091659242,1.369790688961351,1.5104364403510693,1.5942066820004095,1.6538650269342035,1.702548962643106,1.5707963267948966,-0.5404194825209168,0.0,-1.1071487177940904,-2.7828219915861894,3.141592653589793,3.03093543333585,-0.4636476090008061,1.5707963267948966,0.0,1.5707963267948966,-1.2089401510680653,-1.0148380677770572,-0.8666894283992393,-0.7489663050138282,-0.6412139815917304,-0.5474748131052688,-0.4640155390398644,-0.38455129706229757,-0.3081581579320455,-0.21982924145395277,-0.1303618777824396,-0.030347822678196648,0.08181507647761399,0.21185897560270528,0.36113737582552985,0.5279942394334538,0.7083724438133224,0.9016659505838178,1.1018577459817818,1.2959427621033255,1.4619040202672982,1.6029460488234937,1.713482022291407,1.803689064556147,1.8700935817164652,1.9280649400117864,-1.2924966649431404,1.9994931169105605,2.025547374443622,2.060117496505501,2.0828448593784943,2.124432366319734,2.203487030477853,2.3242904064211567,2.4961051667393592,2.7387275963226823,2.9692729869831163,-3.1182452488160064,-2.992049187471561,-2.9325066024558115,-2.92386928177163,-2.9612530065873317,-3.0050035309565186,-3.074619796197286,3.126388101005205,3.044688262508961,2.94253804057914,2.8622964745761554,2.7951670477415327,2.7431585691633584,2.7942860852634017,2.972093812872704,-2.9822410186888724,0.0,2.863292991738037,1.3998859725856285,0.1050599041773651,2.0698423241658093,0.1050599041773651,3.1365694173900085,-1.5899766270519151,0.809716015296354,-0.7853981633974483,-0.4636476090008061,3.141592653589793,0.0,-0.6435010967235104,0.0,1.8925468887351475,-2.677945044588987,-2.714965141862238,3.141592653589793,2.356194490192345,-0.39479113398351784,2.0899424456836404,2.843093717110462,-0.9827937116417771,-2.5535900384366736,2.819842091649542,-1.5707963267948966,-2.158798941948016,3.03093543333585,1.2490457824563992,1.73594500828715,0.9827937116417771,-2.677945044588987,-1.2490457648546456,0.5880026151531196,1.3734007698464037,3.141592653589793,0.8760580308116788,-2.356194490192345,2.0344439357957027,2.0899424456836404,-0.8960553919309621,2.0899424456836404,1.1071487177940904,2.6011731710688766,2.1815222790333264,-1.1071487177940904,1.3258176636680326,0.0,0.14189705611288567,2.356194490192345,3.141592653589793,1.1902899548850203,0.9272952300713861,-2.8753406021177574,0.4636476090008061,1.4056476453026434,1.1071487177940904,0.8960553919309621,-1.9295669887985005,-1.1902899548850203,-1.2924966649431404,1.8925468887351475,0.7853981633974483,2.214297423518407,0.0,-1.5707963267948966,-0.5404194825209168,0.6435010967235104,1.1071487177940904,0.0,1.5707963267948966,0.7853981633974483,1.8157749899217608,0.0,-0.7086262650278031,-1.8925468887351475,-2.677945044588987,1.7454685207403118,2.97644397209754,0.32175056194025103,-1.2924966649431404,1.5707963267948966,0.8760580308116788,-2.97644397209754,0.8621700617670934,1.1071487177940904,-1.5707963267948966,-1.5707963267948966,3.141592653589793,0.9827937387213982,0.4182243264684627,1.7894652708938719,1.1071487177940904,2.9441970966413002,-1.3734007698464037,-0.7853981633974483,1.2120256647912928,-0.5404194825209168,0.0,-0.09966865099737815,-1.1902899548850203,1.5707963267948966,2.191045825010597,-0.4636476090008061,-2.8387077809195285,2.158798941948016,0.5404194825209168,0.3587706620036038,-0.5880026151531196,1.5707963267948966,-0.9272952300713861,-2.1587989148683953,2.498091556866283,-0.9272952300713861,1.8925468887351475,0.5880026151531196,-1.3258176636680326,-3.070285188038654,0.0,-0.7853981633974483,0.0,0.0,-2.677945044588987,2.356194490192345,2.6011731710688766,0.7853981633974483,2.761086281679917,0.0,2.0344439357957027,-0.6947382959832179,-2.158798941948016,1.1071487177940904
0.0,0.9420901194464739,1.9513027093146673,1.5707963267948966,3.141592653589793,0.0,-2.1949475475736575,-2.3460938536410554,-2.509618418589867,-2.725030623720752,-2.955572439163033,3.0873661147521774,2.822470204764444,2.5595229585376305,2.313236345041382,2.0727305110014487,1.8490959901036723,1.6710748540517704,1.611147085807087,1.8631890138733702,2.5790946970654995,2.727593674151297,2.5968297329577577,2.405616564204966,2.1715687410825404,1.920754858537558,1.6386743455174313,1.372338526553527,1.0954977581390015,0.8196253335228979,0.5621497719860308,0.318868702191016,2.089942455516629,0.1411863233668991,1.2188925029992743,1.615593925320349,1.5058980714324692,1.2935352854440474,1.0412067185963325,0.7907457138784066,0.4897825564157491,0.22022093658801195,-0.047856151125345345,-0.30678829915358236,-0.554620376630365,-0.7791314499400483,-0.9582588038370532,-1.0130874934359775,-0.8639311356214822,-0.48748247693280794,-0.34444359526171864,-0.40074417222047637,-0.5509183634294827,-0.7349957681743797,-0.9864243973852855,-1.226422689716309,-1.4721329481304244,-1.7203560710421493,-1.9522810191196152,0.32175054655590407,-1.3258176636680326,-2.0344439357957027,-0.3587706788631621,2.15879891827979,-2.356194490192345,0.0,2.677945044588987,0.32175054655590407,1.5707963267948966,-2.356194490192345,-3.095711195008341,2.9816514994194447,2.786766941390155,2.5707796366377793,2.380301479010488,2.2096026273220732,2.029084479391392,1.8655264451904503,1.7580502493910444,1.649421783510986,1.5809870572632836,1.51835102679093,1.4470790881923694,1.3748598998935784,1.2619363995162476,1.1456099949426282,0.9953251280261415,0.8260373941696286,0.6277031732969847,0.43624618944348087,0.20294335809725442,-0.005342781065043777,-0.23155812435070677,-0.4467715825850684,-0.6474891454906162,-0.8540161130614068,2.8198421070338893,-1.148002741092314,-1.2132009431444852,-1.2688919391281621,-1.316565000702239,-1.4112150433370643,-1.564989191222139,-1.7499972077500292,-2.0229502057756643,-2.29677087406489,-2.594576549626146,-2.9048905372232663,3.0661286691692857,2.7404706313663167,2.4110678559932412,2.126731829777891,1.86123181283949,1.6770611822514208,1.6226366321042645,1.6453998776017573,1.6344913659654792,1.4996257936130097,1.2069653651783778,0.8589494361894575,0.47912624729909725,0.046037909663929316,-0.40814911953842864,0.0,0.24497866312686414,1.3998859691369994,0.1050599021217801,2.06984228106945,0.1050599021217801,3.136569417197967,-1.58997662740399,0.8097159963690017,-1.1071487177940904,-0.24497866312686414,2.759310090200129,1.814313000471255,0.7159448215424645,-0.318701801662311,-1.0994565812957244,-1.74741433970792,-2.36824208766522,-2.9259509501031813,2.819842099193151,2.2911435418407615,1.7785474962132164,1.2550797068681259,0.696444316506448,0.13372627805202922,-0.5243207330460258,-1.3395154253001258,-2.2416974906640563,-3.0810606365623463,2.471138503480564,1.8721155045858922,1.322435007597536,0.8337121686980061,0.3882581500092302,-0.07908543033671171,-0.5251999624378654,-0.9649464353278807,-2.8198421070338893,-1.9038778440159783,-2.464106974875802,3.1120653727925043,1.9513026991006788,1.0283177940735617,0.3119556968852021,-0.19255298345672606,-0.6675887143080207,-1.0655332177092809,-1.4408057129012648,-1.8217347777249098,-2.194819361158782,-2.5580843934583504,-2.9154659977707915,3.0377274921538864,2.7063349827946253,2.335315822868978,2.0435622069610573,-1.849095993690059,-1.8520285292849867,-2.1167185411740377,-2.484891005132413,-2.796469729515742,-3.109703331555165,2.857798560439297,2.549962079001648,-1.8925468733508006,2.356194490192345,2.677945044588987,-2.356194490192345,3.141592653589793,3.141592653589793,-1.051650198073164,2.15879891827979,-1.5707963267948966,-2.601173134870413,-1.3521273864555934,-1.6512673429601155,-1.8744017689063805,-2.10387651677286,-2.3447412295125396,-2.594894465508923,-2.8155402109574257,-3.063727000610322,2.9871521539060404,2.8048456394558623,2.6488423149220957,2.534372523160388,2.5043294480832134,2.5754898892711724,2.6923325383812386,2.7451513826875287,2.72336835357211,2.6368938738373853,2.488745996193443,2.3213922862612293,2.1502429766584146,1.9299911231248232,1.7332084941670982,1.5204188220123176,1.3246415377710754,1.1387473926825604,0.9662185167083844,-1.8370483807708917,0.702053572034136,0.6921846313259198,0.7190400651425695,0.7759940694709431,0.8553120595005118,0.8047194108200985,0.7354397760181034,0.5665345850650535,0.372566639495908,0.1759161360306766,-0.034219002018315424,-0.2635948450615115,-0.4817682920307513,-0.6891234923813614,-0.89014378026358,-1.0668334163772917,-1.1893999870714147,-1.2362181492501276,-1.1894769486571708,-1.072887966625895,-0.9507781805662097,-1.0003600977785279,-1.1251815905644968,-1.303026185158575,-1.527393755178727,-1.766731413966905,0.2186689403393033,-0.4993467296706913,1.5707963267948966,1.5707963267948966,0.4636476090008061
0.661043159587678,0.94209014350443,0.5880026151263289,-2.7610862816679074,-0.24497866312686414,2.1910458249823583,1.3326164181983318,1.5336452870630866,1.6313709292946095,1.6631471894793575,1.6480417030919485,1.6301604546055062,1.5896959664110064,1.5442773461634607,1.5029657624888748,1.469720145833669,1.4359361396099162,1.401224683695481,1.371275054301809,1.3612011210332466,1.4894944589934926,2.3432082218930432,-2.681913273177105,-2.5054264058350597,-2.4645158860777303,-2.5032728598047504,-2.5496375177558237,-2.597956645209332,-2.6379330631829463,-2.686946428195324,-2.7400478344495998,-2.7942066957350895,-1.5707963267948966,-2.8804537731887505,-2.9038668017191953,-2.8632929743886035,-2.4220332392248975,-0.7394054874257678,-0.4238957922452142,-0.3798915666980871,-0.4076315054576269,-0.4537111812373833,-0.48735858251355285,-0.5256395143771024,-0.5694702304358941,-0.6122996812988367,-0.6540618707131292,-0.6878112715700528,-0.688967930576997,-0.6724785051331252,-0.6179663812110026,-0.44987909853207353,-0.03384124234222992,0.5850286379431118,1.0117866792648973,1.2021004356826492,1.2966288885909798,1.3150291355582504,1.316269510687796,-0.5585993221086812,-1.5707963267948966,3.141592653589793,-2.819842091666956,2.356194490192345,-2.356194490192345,2.677945044588987,-2.521343155402332,2.356194490192345,1.5707963267948966,-2.2142974235462693,-2.356194490192345,-2.090298362125335,-1.9188362447536835,-1.8056322964477778,-1.7357870952621628,-1.6858416210276177,-1.661680313905828,-1.6344046708529563,-1.6145525865584889,-1.5951052640499324,-1.571603429104061,-1.5430256904265527,-1.4942314875888232,-1.4490916061425774,-1.3738179586037496,-1.2617222070622585,-1.1094906312455362,-0.932331575927849,-0.7224732488016976,-0.5013306081217008,-0.336253976705201,-0.22001813780191856,-0.13309115607997157,-0.06937206840028537,-0.05400150343150121,-0.04884264884708509,1.22777237820095,-0.09342799527764674,-0.12079171557281242,-0.1449494060019515,-0.17309418164555737,-0.19683155197885807,-0.19483583309875527,-0.1493888963940296,-0.05831703134857969,0.12285638894124211,0.37946939285788756,0.6329321051250824,0.777012625201619,0.8290036151727884,0.8163959788842438,0.7505863189268748,0.6612895100236349,0.5507027094409067,0.42670341999733047,0.2873844337637648,0.15034110200447284,0.007838584885891705,-0.13825408591538335,-0.26060240344679964,-0.35119145965180343,-0.38925100012296654,-0.26184678986603827,-2.1112158093567874,-1.3258176636680326,1.3998859712875729,0.10505990175055513,2.069842288259295,0.10505990175055513,3.136569417070069,-1.5899766256441963,0.8097160064696464,0.5880026151263289,-1.5707963267948966,-0.4636476090008061,-0.24497866312686414,3.141592653589793,-2.863292991744608,-2.896613990462929,0.4636476090008061,1.1071487177940904,-0.1418970561094029,0.0,2.736700872495189,-0.4636476090008061,3.141592653589793,2.819842091666956,3.141592653589793,2.736700872495189,0.3217505619228371,-0.3217505619228371,-1.2490457648720594,2.944197096634603,2.356194490192345,-2.7468015196392486,-2.896613990462929,0.27829966184518484,3.141592653589793,-2.819842109228077,0.0,0.0,0.16514868148284031,3.141592653589793,-1.8157749899217608,-0.41822432647564367,-1.5707963267948966,2.4668517187088694,-1.1071487177940904,-2.677945044588987,0.4636476090008061,2.1587989419212255,1.735945008277737,-2.677945044588987,-1.1902899548730108,2.677945044588987,1.9974238384795135,1.7681918837500872,-1.1902899548730108,1.5707963267948966,0.9827937386856773,1.5707963267948966,1.7681918837500872,-1.47112767579407,-0.7853981633974483,-0.8760580308573546,-1.1071487177940904,-2.7610862816679074,0.27829966184518484,1.5707963267948966,1.5707963267948966,2.0344439357957027,0.24497866312686414,-2.1587989419212255,-0.6435010967513727,-2.819842091666956,1.735945008277737,-1.1071487177940904,-0.6435010967513727,-1.1071487177940904,-1.3734007698397062,1.1902899548730108,-0.9827937116685678,-2.677945044588987,-2.1587989419212255,2.356194490192345,1.3258176636680326,2.0344439357957027,-1.695151321341658,1.5707963267948966,1.637364490903738,0.7853981633974483,-2.553590065480574,-2.944197096634603,1.0516502079168693,0.5880026151263289,0.2662520514666777,-1.1071487177940904,-0.4636476090008061,-0.8960553919139729,0.9272952300435239,-0.7853981633974483,1.1902899566031706,-0.24497866312686414,-0.7328150984600117,0.5880026151263289,1.446441332248135,-0.685729531770985,0.9272952300435239,2.7985687049958465,-2.4980915568384203,-1.1902899548730108,3.141592653589793,0.0,0.0,1.8157749899217608,0.5585993221086812,2.0344439357957027,-1.8157749899217608,2.677945044588987,-1.1902899548730108,-1.1071487177940904,2.1112158093567874,-0.7853981633974483,-0.5070985072324105,-0.9827937386856773,0.0,0.9827937116685678,0.7853981633974483,0.4636476090008061,1.5707963267948966,-0.4636476090008061,-2.356194490192345,1.8490959886400815,-1.8157749899217608,2.553590038463464,-2.1587989419212255
1.7681918926778077,0.9420901194088375,-2.677945044588987,-0.1651486689357741,-2.976443984654019,2.1587989062103445,-1.7970154447513238,-1.5143262160289153,-1.3740046383160376,-1.306565388666059,-1.2624459116527065,-1.226929883452355,-1.2271057083681267,-1.2180959083656309,-1.2143793983559066,-1.2146950467880848,-1.2053619225762555,-1.2005849208494201,-1.163473818189013,-1.1285560252163516,-0.8541157406358976,0.7978974947729537,1.3789408824771463,1.5001177949933375,1.5449539388083446,1.553759966580491,1.5330568155982807,1.5204715877633097,1.5086948338771702,1.4790302497262637,1.4605001638901134,1.4506461475602845,2.5213431930435313,1.4254409250396238,1.4331186567911853,1.5789928643129723,-2.393214615234277,-2.062408645864899,-2.0344439357957027,-2.039958591880608,-2.048591567480019,-2.0825004959994744,-2.0976406262924443,-2.12329537055608,-2.13700145843976,-2.1519007716275085,-2.1450066862292605,-2.135740275215943,-2.082455065220351,-1.9957847106000803,-1.7031768267439213,-1.0734536384797642,-0.3278961990155658,0.015064774177730288,0.13565201368401983,0.19174590939708647,0.21579156496273977,0.23761232209702807,0.24420957955178912,-2.6344941551166556,2.8198421148790285,2.7828219661292173,1.1902899388646844,1.8925468655056612,0.0,-1.3258176636680326,3.141592653589793,0.3217505387107646,0.0,2.677945044588987,2.161080313016952,2.2951457483363122,2.388627215408477,2.4520411996637126,2.50517735050592,2.5592397324390763,2.601897919975388,2.6389385691375336,2.6946499209484567,2.75557130043669,2.8399514847453204,2.9374586620027006,3.096750935958456,-3.0234049813853083,-2.7757530633190064,-2.4997228795736595,-2.243117730812194,-2.036368245982424,-1.8645541879265335,-1.7289028632934011,-1.666140458733365,-1.5985138904854956,-1.560649073908766,-1.5379484662013971,-1.5082126746035731,-1.48255423011641,-1.2924966737089845,-1.4531159926652628,-1.4174055271731751,-1.3615912330162705,-1.2676606463519384,-1.0967940467640567,-0.8565181426111199,-0.548277873475203,-0.31628612191695465,-0.15207913853292226,-0.06751750560844272,-0.051033969700005635,-0.06299822474119202,-0.11129715248068392,-0.17194918570555415,-0.24964172615353267,-0.3289133175686623,-0.42406902737462265,-0.5004899253750369,-0.5868420456864026,-0.6318258437883562,-0.6042613262085815,-0.4787563660265002,-0.17021191814369435,0.18150094496438562,0.36015714572560126,0.3485640725641729,1.5707963267948966,1.2490457880841321,1.3998859783504758,0.10505990894434274,2.0698423023068933,0.10505990894434274,3.136569417280686,-1.5899766268864852,0.8097159813490127,1.5707963267948966,-2.356194490192345,-2.258582824935122,-2.7311862114233354,-3.126756947715913,2.815622701724525,2.490039380015156,2.1781685656320118,1.8320386344604929,1.5050683540468683,1.1372601040331454,0.7367639682842774,0.25532037405499586,-0.23783591971805632,-0.783283999309181,-1.2086720068140826,-1.5596609302343982,-1.8545904392156922,-2.092197226595182,-2.309886154127504,-2.5197910136324086,-2.6973224849862367,-2.9121821274225135,-3.1066992256999635,2.9801598921980457,2.7302989035668057,2.398722036153026,1.555982595424848,-1.2924966737089845,0.07366718640025412,-0.22150581790232876,-0.3876384114527128,-0.4983826746753859,-0.6375041845097614,-0.7464568182196335,-0.8131954045634945,-0.8988331239344445,-0.9863708344648772,-1.0512579744301793,-1.100639478182287,-1.1179644336394032,-1.0973724819809678,-0.8984669339156558,-0.15342392926385126,0.9547019600792503,1.1218535267143062,1.2291808439713086,1.2408969567163148,1.2241364082890345,1.2214333502049244,1.1976532451796416,1.1881747729100527,1.1855752222496476,1.2048640083775837,1.2467884374338747,-2.7828219661292173,-2.356194490192345,-0.8621700399040473,0.0,-1.1902899388646844,-1.8925468655056612,-2.498091519699104,1.2924966737089845,2.944197087706882,-2.896613990462929,1.1071487177940904,0.3018855970200863,0.38669289739487067,0.4725494605550179,0.5630259174562398,0.6518691132072221,0.7711811342318726,0.8526138232405607,0.9594767024620828,1.0926968518631248,1.2353045825609281,1.3812186510972804,1.6114715548856076,1.8759667753451181,2.1317632596555494,2.407639576621185,2.636334520499888,2.8246267472639808,2.9545396734748492,3.07840146319903,-3.1015224758653055,-3.041815080381887,-2.9809422172660316,-2.9272567431326872,-2.8560956237731707,-2.8013940172033585,-2.703898567163019,0.7853981633974483,-2.4283993889830446,-2.1700887859020965,-1.8397584030571101,-1.476697533425977,-1.1534784373496139,-0.9475586375623135,-0.7808485992635645,-0.6923776996803759,-0.6256238242901935,-0.5543859763255775,-0.5147347426734561,-0.46161096606373003,-0.41898226490133444,-0.3678139027139946,-0.3060450430869805,-0.2080026906395979,-0.09235590701149955,0.1216376069658125,0.4085993737915689,0.8035230863893849,1.1899167999686517,1.4565697077097033,1.6415895454504443,1.7424569218118413,1.8004525479009892,1.838745252039562,1.47112767119762,-1.8925468655056612,2.7610862656595807,1.7681918926778077,-1.1071487177940904
1.7681918866447774,0.9420901032986857,0.3217505543966422,-1.7681918866447774,-0.5585993153435624,-2.356194490192345,-2.958280666670345,-2.8789835732056797,-2.9283555849712943,-3.0547965434551165,3.071938077981573,2.8904316981967564,2.715298223509455,2.5340007268146016,2.33173897558147,2.1280394287743496,1.940094357143285,1.748042098936866,1.5602333391135181,1.419120518210422,1.3328187059801484,2.4280704749962534,-2.991357122333603,-3.013509803379238,3.129203906896653,2.923384109124294,2.723124182928888,2.5032450242209103,2.2958163895798593,2.0700615866734657,1.852785456363248,1.6469399107061355,-2.356194490192345,1.2068924402221812,1.021795108292986,0.9281896559801419,2.0963801218398124,-3.0871011954991032,3.0393859260395715,2.8460193903722244,2.6317478894956374,2.4138229069189014,2.19972991404434,1.9822090237309096,1.7666785269335368,1.5594431030404379,1.3503181605326384,1.1543047172067795,0.9867320232519833,0.8318762986647604,0.8056852724022091,0.9744186772929064,1.5421303465508225,1.9251526619524815,1.9763697774877074,1.8638662337529717,1.7123932652809046,1.5301532833149862,1.350572165648452,1.5707963267948966,2.896613990462929,3.141592653589793,1.7359450042095235,0.0,-2.601173153319209,0.3217505543966422,2.356194490192345,2.0344439357957027,-0.12435499454676144,0.6747409422235526,0.7049271418158688,0.7158344442393471,0.659102987979334,0.5414844574640018,0.4092250570105134,0.25066663708397935,0.11414018186074722,-0.04758310060899787,-0.19185545380979058,-0.34623313306072867,-0.47613620792330885,-0.5943774695976234,-0.6947382526178731,-0.7645866682345025,-0.7874515524724778,-0.7809928974177602,-0.7129922921908703,-0.6524723553962689,-0.6266188007819483,-0.6497408496285516,-0.720510478452793,-0.8269766380676059,-0.9586786374465041,-1.1214756020745555,-1.2868562130100816,-1.4599388238526665,0.7853981633974483,-1.8340326665524596,-2.0191612802897283,-2.1970943640940477,-2.368788289871017,-2.4815034619201697,-2.5588833320452675,-2.5535900500422257,-2.4810702355136436,-2.4209686231507073,-2.3961731585630206,-2.493535781897303,-2.651490351720214,-2.861602515122541,-3.101781412782719,2.92345962503723,2.6465116129013517,2.3533454898681527,2.060943736448172,1.7638069561736964,1.4757160314305149,1.200329174780505,0.9541482581560756,0.7893044008376041,0.7669306247601334,0.8869583618999541,1.0270412688721338,-1.460139105621001,-0.4636476090008061,1.399885984157321,0.10505990768362956,2.069842296037593,0.10505990768362956,3.1365694173478693,-1.5899766272722522,0.8097159623452105,0.5404195002705842,-2.677945044588987,2.643977532302007,2.0649476499155077,1.507480489869769,0.9887151897992226,0.4532793204009343,-0.08335730402585201,-0.6326023808918232,-1.21709317655703,-1.8180580952513201,-2.500808907307949,3.092290532978563,2.3978371056069796,1.743326551365688,1.2189257613806548,0.7319036496486212,0.2813924281526917,-0.14189706100048852,-0.5459274108006482,-0.9621521654819059,-1.3534269277358724,-1.7488451309806712,-2.1587989149912854,-2.6922752690894756,2.9981985837736804,1.926027191123368,0.9197195910343964,-1.1071487177940904,-0.1668286453607735,-0.5791385532175292,-0.909452218482846,-1.2181883595181806,-1.5329135843942914,-1.8311268996339591,-2.0972221307040484,-2.3720661812270696,-2.648214034118842,-2.8877811307003616,-3.1024927854172204,3.009709564435567,2.998891102487047,-2.550674600894596,-1.7581166606149001,-1.7828379806101822,-1.946132546553821,-2.1180806945859185,-2.3416378423665525,-2.541666904552765,-2.7703522390660327,-2.983243701446197,3.100325773955869,2.915394162834685,2.758112513834162,2.6056929105227957,3.141592653589793,0.6747409422235526,-2.0344439357957027,0.6435011087932844,1.1071487177940904,2.5213431676069717,-2.677945044588987,0.7853981633974483,0.3217505543966422,2.896613990462929,1.9295669970654687,-0.6887365789370499,-0.8080358091738429,-0.9296717746279893,-1.0180776001216887,-1.130595998471966,-1.2380086807038129,-1.3212093996953294,-1.3968339701991195,-1.471456618988544,-1.5196043422459813,-1.5000334538275073,-1.4574629305992142,-1.3984263133906147,-1.3370531570977802,-1.2791606979453662,-1.2779335158898308,-1.3236862241930127,-1.4037100938710583,-1.488772187993451,-1.61538917172346,-1.7553391171287744,-1.8816481299009122,-2.0329704469383465,-2.155944527359246,-2.289275177431341,-2.3668633392105107,0.16514867741462683,-2.426430507008593,-2.3841201852284515,-2.2138706400954073,-2.069988384577821,-1.9900805343160899,-1.9932566805418752,-2.0550423416990977,-2.170415635067617,-2.295075588710784,-2.4373168696257603,-2.5877803934656107,-2.7454326431538503,-2.897555389889638,-3.0448880227878994,3.115813611394473,3.003869046519902,2.9281025009627077,2.957894867976822,3.084930681912593,-3.016422656333803,-2.8473008774699484,-2.788183335801035,-2.8202899369628134,-2.909727994066354,-3.0491417241065797,3.0686020602678896,0.3217505543966422,0.7853981633974483,0.40489178628508343,1.8157749899217608,1.5707963267948966
1.3045442896137005,0.942090089210123,-2.356194490192345,-0.7086262648050121,1.5707963267948966,1.892546888971863,2.3080389631905693,2.6166963304513797,2.7574554200029366,2.837384166604755,2.8827540714856226,2.916008667458721,2.898828004190631,2.9086790475962085,2.8997731531477444,2.887023176879653,2.8828861262762517,2.890010327637613,2.871156523903878,2.916095476618331,2.968788067017934,-2.9457869206283536,-1.037409041657578,-0.7468684981417205,-0.6962975333847863,-0.6801159157367398,-0.6929352838043404,-0.7110757526567185,-0.7465329207645174,-0.7624466832553387,-0.7832099879144322,-0.8231596638888199,1.212025665050707,-0.8823848018480009,-0.8762928345002292,-0.8483071740451291,-0.7610127680399701,1.3258176636680326,1.8292512689468856,1.8806584119007945,1.8547673944020227,1.8294647926193404,1.8150418538611484,1.786182034213703,1.7638059471297836,1.7377477976790163,1.7192131583302137,1.706202448136159,1.7025465241309565,1.715006660900091,1.7736312874238649,1.894959432469423,2.2080933253163266,2.9016986981194104,-2.796134333981491,-2.517056618395257,-2.4013615032658944,-2.3484065131527005,-2.329831435439019,-2.2318394860698,-0.7853981633974483,2.356194490192345,0.11065722022507564,0.24497866312686414,3.141592653589793,1.892546888971863,0.7853981633974483,0.11065722022507564,2.0344439357957027,3.141592653589793,-1.1807089652925808,-0.8463437587110401,-0.6175022074701474,-0.46539280408507055,-0.3464804764366533,-0.2617837997544096,-0.21743740784830903,-0.1767088661705748,-0.13718595653598115,-0.10600255289452322,-0.06419737536110974,-0.018516402196036317,0.03527947451136982,0.1117124406353337,0.18663835576380253,0.3019711479020393,0.4539076531143195,0.6613173147071411,0.8711706942507575,1.122453640305025,1.325084805982693,1.4934956156589738,1.6266313079595687,1.7076333418606342,1.7597379840322294,1.7889436220037145,-1.24904576461793,1.8026609818214812,1.8028055597400074,1.794477762102129,1.7797628400635517,1.7805871091226426,1.786363536834671,1.8280522308046405,1.8886137668181413,2.02366488610981,2.288650327863304,2.5800700279302147,2.7931422379523423,2.918257308800301,2.9575223832570035,2.939723381202,2.8799761222393814,2.801001794965867,2.6989143420251227,2.5886169637938137,2.4694704355966595,2.337263896648479,2.2042050384974683,2.0763525769047306,1.9589500544899505,1.8802018398696831,1.891374543584985,-1.0303768448309574,2.2455372614278892,1.3998859760184772,0.10505990951812956,2.069842286280423,0.10505990951812956,3.1365694171654193,-1.589976627468334,0.8097159805788607,0.5880026155172972,2.8198420914128266,2.08918371249182,1.7056657954838843,1.3652884534081788,1.0206305419389583,0.6452442757350242,0.26100781924801575,-0.20609100149188314,-0.7201642341656408,-1.1979477471073932,-1.689359877695478,-2.127653987385894,-2.5014633967217406,-2.8086693715965434,-3.080938397146721,2.9396585342490718,2.7086662604842573,2.4738680705985683,2.2503963193251484,2.017899395143311,1.763297959078366,1.4460002187231968,0.9628230141582454,0.1814151960235166,-0.5363245008958477,-0.9741897577001372,-1.2778839373192237,-2.356194490192345,-1.6537910778986111,-1.7956849609332444,-1.9208638425844597,-2.035077664709977,-2.1434792078413394,-2.236420427234981,-2.3158363780934823,-2.4008197930653203,-2.4477574576057406,-2.4533928830451046,-2.3834251168405274,-1.7837346776773488,-0.3162861308858227,-0.09633949266079968,-0.08271241568051438,-0.08228798772467785,-0.11889056903443447,-0.13833238415402838,-0.17248024736915463,-0.2068268387302326,-0.22318804839443107,-0.23945387805993962,-0.2402264850280788,-0.2200025015933679,-0.15184698473272454,-0.04087701356568646,-1.1071487177940904,1.5707963267948966,0.6435010963447657,0.0,0.0,-0.6435010963447657,-2.2455372614278892,-0.927295230450131,-0.6202494985995632,-2.2455372614278892,2.0344439357957027,-1.122072988994572,-1.046123561820899,-0.9654202445003699,-0.8833158526058695,-0.8033245293679531,-0.6810169874149882,-0.5867050120828875,-0.4477639269442078,-0.30037888940158936,-0.10467438568102448,0.11065722117389565,0.3514448005062058,0.6181442491618978,0.8677801187273987,1.0417658609853917,1.1645492709870033,1.2895060054612812,1.3856745183176677,1.455700336432683,1.5140012844550843,1.5578938176471677,1.6056785724206875,1.6550558093747088,1.7386724398967084,1.803992088515383,1.9307745195139234,1.5707963267948966,2.3066482946965103,2.671378524327464,2.980500750062901,-3.0331635092591984,-2.802644789379922,-2.66131951925398,-2.5425119528933395,-2.4922228457139526,-2.4457161282540896,-2.3901135911578515,-2.3608027597533696,-2.322365298849576,-2.2891670389995253,-2.239351087344384,-2.1734990687294338,-2.075533240225253,-1.9297505478197763,-1.7054723235672475,-1.4070580919112106,-1.0080591315754046,-0.6695753682699278,-0.4440707187168625,-0.30312991281068,-0.22037185982390994,-0.18208412376539712,-0.15893758284145232,2.896613990462929,0.9827937112775995,-0.5880026155172972,-1.24904576461793,-0.4636476090008061
-0.5880026035475675,0.9420901333728868,2.896613990462929,0.7853981633974483,0.5880025875686403,1.1071487177940904,-1.416982175684192,-1.3715161205390611,-1.4204249068432069,-1.545485277791752,-1.7087093427594044,-1.8796208446124398,-2.059517035668139,-2.251503589909494,-2.4435090086529185,-2.639050190420797,-2.8190203930922966,-3.023446274062242,3.1370575373310827,3.0538187639538035,-2.6314669336854926,-1.372295798817334,-1.3030943005554028,-1.4237179670567939,-1.5989578922263876,-1.7939495507870324,-2.0153566869762347,-2.23111131325947,-2.4459233900606097,-2.6735803735190675,-2.879982899512237,-3.090573137152569,-1.2490457723982544,2.797819216202195,2.6901395509173307,-1.1999050647137373,-1.1790963819903073,-1.3683756893856942,-1.5849999174211895,-1.7781108165407962,-2.0106389010835275,-2.2258125036246246,-2.441916414327896,-2.665848837309708,-2.8626519584345655,-3.0620506892013823,3.05093276583683,2.8981132345708875,2.8674908655114764,3.0553022818122897,-2.522777901027474,-2.109881897377693,-2.1022642979403674,-2.2196517973137935,-2.3839245993710056,-2.5677842823744776,-2.7509398782838392,-2.9437230868741913,-3.125529778201064,-0.5880026035475675,-1.695151321341658,-1.3521273882524625,-2.1815222702720853,3.0309354362157643,-2.601173153319209,-0.5404195002705842,1.1659045243931356,2.158798930342464,0.3805063771123649,3.141592653589793,3.0277716006843094,2.8890970463918566,2.744961305040878,2.5998332748427497,2.439335730170726,2.306014192063183,2.1647993909082444,2.0453426853281504,1.9546541880712223,1.8833434749063225,1.878172331721426,1.9067159549059916,1.9900454244461048,2.080430471600177,2.135790468092224,2.1418138716850534,2.08680016662274,1.99255810464291,1.873559784790048,1.7571415674220736,1.5866236833551408,1.434731998677049,1.258128450420649,1.0977311861709063,0.9510223361014915,0.8027192685725979,1.3258176636680326,0.6089730073495084,0.589374985873528,0.6525917361475165,0.7464568498536217,0.8082033498720054,0.7833405602245119,0.7111248812925598,0.5459612171041996,0.34659215285163214,0.1363089950692967,-0.09873450562087173,-0.3469304133846706,-0.6008464239026193,-0.845028908399927,-1.100321095162122,-1.3389129609448773,-1.5438214212408525,-1.6602723156695327,-1.651545212709327,-1.4704847916881223,-1.3405327946792047,-1.3858827801413591,-1.5882026936163272,-1.8785542687524206,-2.2060905268862476,-2.5774049884802626,-1.5707963267948966,1.5707963267948966,1.3998859738974367,0.10505990169629108,2.0698423096311536,0.10505990169629108,3.136569417361029,-1.5899766264617363,0.8097160223895556,1.1071487177940904,2.0344439357957027,-1.2910378700606522,-2.1137474585354012,-2.869446769562422,2.7195876140104933,2.1095862741485707,1.5567127517507,1.0052303579585977,0.5254580253166997,0.01900008892474568,-0.4911132212071913,-0.9798219443331555,-1.5314227464274563,-2.1864162320382032,-2.890589970461644,2.6425207317264787,1.936664120982844,1.3619981865173878,0.8702019971192689,0.4376794415079953,0.026589476981427985,-0.3798688339188292,-0.7460859284574695,-1.1024539327228775,-1.4811931456878282,-1.8157749899217608,-2.1719357336366336,1.1071487177940904,3.096169372883313,1.64210379052574,0.4610636442447613,-0.057955505232792984,-0.3814040443374847,-0.7133011179857167,-1.0036820432392484,-1.2803448423277541,-1.565154637731594,-1.8250818383024368,-2.0870611262115175,-2.32543498163646,-2.557013027245212,-2.735864971804599,-2.887330416077352,-2.892696276609852,-2.56440042078194,-1.8802882910917114,-1.658291664247277,-1.7151486609575872,-1.861500954028573,-2.027036659925652,-2.2151808128005124,-2.4025580786210057,-2.590110179245909,-2.760105667223952,0.0,-0.14189706083594597,-0.9272952180016122,0.2782996707631907,-0.7853981633974483,-0.982793723247329,-1.892546881191539,-0.5404195002705842,-2.782821983319221,-1.5707963267948966,1.5707963267948966,0.15097903240862395,0.10228564033786794,0.01756773830073298,-0.09390582032550576,-0.1889166933357912,-0.2680115908971354,-0.3681307642398191,-0.49011555987197175,-0.5642531798895144,-0.6614298255521984,-0.733511078853036,-0.7756423604059778,-0.7589493439666426,-0.7159448166435888,-0.6162969460413176,-0.5165721210500014,-0.419756878675724,-0.4290771069423825,-0.45233444103069087,-0.5047438605474617,-0.6302491886148522,-0.7601162204288023,-0.8893631670746994,-1.0251412902120398,-1.1575014001717587,-1.2883139297938397,-2.819842099193151,-1.4533536623523702,-1.4809178119404267,-1.4014595181272156,-1.2292260771926762,-1.0310707588988755,-0.9315565553409669,-0.8899991085432296,-0.9681197047942466,-1.050124972131541,-1.1795726476175603,-1.3298017206333628,-1.4616939907029223,-1.615667965525873,-1.7571024861525668,-1.8972322524806162,-2.0113872207224146,-2.090108360495501,-2.122664631287374,-2.0749041849376644,-1.897445369522309,-1.655929231295467,-1.5172431426796187,-1.4969708039809249,-1.568185366693907,-1.6887729465298749,-1.8371414576352747,1.892546881191539,-0.4636476090008061,-0.3217505543966422,0.7853981633974483,-0.4636476090008061
1.0303768265243125,0.9420901167441986,-0.24497866312686414,-2.5535900500422257,-0.5880026035475675,-0.4636476090008061,2.1485865403329347,2.5004280151157747,2.692987467711889,2.8023000262941715,2.863799740205561,2.9077973711069944,2.9222494048586656,2.9416654407559273,2.934354887574642,2.9578838330060697,2.9731807494081517,2.962961655155942,2.9744549260655044,2.9958088813230126,3.0463592198840823,-3.0503830165741816,-1.2734311703741978,-0.5216586698210471,-0.4435018582143785,-0.41943542202726647,-0.4284252372758081,-0.43447817602105365,-0.43521923518893946,-0.4504244829002805,-0.46410051256275003,-0.4830030677043328,2.297438667476622,-0.5104883398029888,-0.5201634273096861,-0.5462810854999404,-0.4721219759973977,-0.10168884920946722,2.315233795688177,2.386374004554709,2.382822585974855,2.3636990490898313,2.359252588342685,2.3431007842004967,2.3349476987301783,2.320688632553221,2.316987066411642,2.3049731340377413,2.319224081719452,2.3341447980860526,2.378692945097594,2.456874489804739,2.655860274602607,3.124927529600593,-2.3948226091993425,-1.8984033368333435,-1.6787493922073853,-1.601477233520101,-1.5473714324632273,-0.5880026035475675,-0.5404195002705842,-0.3217505543966422,0.0,2.819842099193151,-2.356194490192345,2.9147938055359073,-0.6747409422235526,-0.982793723247329,0.5585993153435624,1.2490457723982544,-0.4859042178667513,-0.11197938820700262,0.2011769112130125,0.4602806075698499,0.6200983464262202,0.7553990743997328,0.8346592589988917,0.9057973019633466,0.955780170223677,1.0141802060980916,1.0733643622525448,1.1193432421206218,1.1730472775742422,1.2420484478381464,1.3208620303423413,1.4219641155048128,1.5350499730488254,1.715185077859694,1.9089220907569566,2.1701782354877386,2.4283581117089876,2.658215402731944,2.8652249883515766,2.9845942654422664,3.0799565418345165,-3.1238306757506367,2.896613990462929,-3.0653903984193223,-3.0549726489204763,-3.0485410186273594,-3.05143185196085,-3.0455852169772033,-3.0405792159062237,-3.0244838981974356,-3.0024967172925483,-2.9291905660505573,-2.756248733741678,-2.5043081600049506,-2.2214497586389164,-1.960504879206072,-1.8030853251718966,-1.7431755208525168,-1.7338105330593823,-1.7873932787050875,-1.8545450948218258,-1.9504833748928898,-2.053922011537649,-2.1617267103510733,-2.286787442339558,-2.41714251149586,-2.5513398037630037,-2.684200547069871,-2.8017221650773565,2.356194490192345,0.7853981633974483,1.3998859876962177,0.10505990437796532,2.0698422902701603,0.10505990437796532,3.1365694169722373,-1.5899766274574512,0.8097159917397213,3.141592653589793,1.5707963267948966,-0.39623934636720837,-0.7423213688123605,-1.1003461065930344,-1.4503628779490785,-1.8394054606010932,-2.293775705908689,-2.795750369728655,2.979459652246195,2.500719649797778,2.0892193672840893,1.7501938319415522,1.461395069875185,1.185217825181191,0.9276923787356041,0.717513963769902,0.535538096339001,0.3141276850019569,0.08736826325908746,-0.16514867741462683,-0.44684248108143354,-0.9147828519657282,-1.6276968649602173,-2.4098342628547216,-2.8428265510064508,-3.1083638899070283,2.975384279047251,-0.4636476090008061,2.702010427699282,2.5870970905305377,2.489377832880455,2.409111148312175,2.326036056720102,2.2631623831212746,2.20229643688228,2.175010208898024,2.1684987708242507,2.3004901003646374,2.8632930053743317,-2.121869904672145,-1.809405641327851,-1.6926387643958614,-1.6687722153150983,-1.669588709563698,-1.6964951482615551,-1.697979671594537,-1.7025424206080886,-1.709313748614556,-1.7098115488930061,-1.6888167161462322,-1.6405587108650164,-1.563923582627418,-1.4566699067207267,-1.294100263648933,0.5404195002705842,-1.7126933813990606,-0.2914567944778671,-2.356194490192345,-0.24497866312686414,-2.356194490192345,-0.7853981633974483,-1.892546881191539,-2.896613990462929,3.141592653589793,-0.14189705460416394,-2.266054789254196,-2.173083653556792,-2.063721706136992,-1.9575282914113332,-1.860883265603692,-1.733966755223624,-1.6101460861287813,-1.4721415245576692,-1.3085474590859292,-1.0694142194310108,-0.8410590952606823,-0.5568348772924926,-0.2665995061971001,-0.04283093418310283,0.1423530537585278,0.295200021645546,0.4059287593082794,0.5182641291413526,0.5942642329687958,0.6646108035471218,0.725835645656489,0.789313582764666,0.861426357952616,0.9422707949688872,1.0444669006971246,1.1840257812928434,3.0860941483440762,1.625287779587123,2.002754248875665,2.350363645238022,2.620027348259649,2.8472259205574773,2.999143014047722,3.1052663208760243,-3.0970361745840314,-3.0363560212050262,-2.9686729042212097,-2.9194515011346973,-2.8617229272133113,-2.8096965941636998,-2.7458018562851194,-2.6638907991646126,-2.5456357038577333,-2.3777575200526146,-2.1341965713753397,-1.8062565033171474,-1.4285909092373372,-1.0750138449383764,-0.8156919373064733,-0.6496053305156035,-0.5476883138506555,-0.49319563383176257,-0.45628128696812736,2.289626326416521,1.1902899496825317,-0.7853981633974483,3.141592653589793,-1.5707963267948966
0.5404195367327851,0.9420901249905721,1.5707963267948966,-2.896613990462929,1.1071487177940904,1.0040670801016292,1.3764073623676258,1.740119560413622,1.932568803859031,2.0421066230063247,2.1183834424844186,2.166381408733101,2.2266171685797884,2.2604429891410756,2.2781174304597505,2.3052183025395925,2.336621161141163,2.373303072785373,2.38528987481924,2.4195243245727998,2.518593398444125,-3.0758978524647427,-1.129003157577364,-0.9256477672019487,-0.8765500279465123,-0.8749285215144106,-0.8388092256710812,-0.8364944939683604,-0.8302954966707501,-0.8370762326881955,-0.8329106628804238,-0.8169666205608088,-2.9441970877797448,-0.8260078902141502,-0.8082252688623479,-0.801269849720126,-0.5280744355795746,2.2822554626821385,2.2750873390674577,2.2773787335053077,2.2858880177208585,2.287765644019987,2.2947439031096257,2.294528683012489,2.3086114009028593,2.308136546674172,2.318187408708637,2.351975118662102,2.395570597624731,2.4514339149992033,2.609766929714304,2.912065296334662,-2.5847577804156043,-1.8195063144799861,-1.4994888648064812,-1.3557814564596447,-1.2759288105008872,-1.2202700612665962,-1.1833730523388857,-0.6747409573420264,0.8621700400823465,1.5707963267948966,3.141592653589793,0.5404195367327851,-0.7853981633974483,-2.5535900738828943,2.446854418039477,-1.1071487177940904,0.8519663162023446,-1.3734007609848482,0.873443964605557,1.131534117532594,1.3084095311400055,1.4379480810381973,1.5366387645770385,1.6101234472647805,1.6912010092925887,1.7629176795416488,1.8329804393461575,1.91124976331673,1.9924003536169916,2.089547398778116,2.215471152822742,2.3607774075945023,2.556899905236183,2.782821983319221,3.077395279736278,-2.8991098179616737,-2.6222433449959603,-2.4120369870783347,-2.218413691747522,-2.101461010978774,-1.999247203907275,-1.937829377318622,-1.874530796543823,-1.8162265517366702,2.0344439357957027,-1.7477406142537164,-1.7044404809841536,-1.6715410593099347,-1.6128276303071671,-1.5226242564260308,-1.381166997979144,-1.1941040574575876,-0.8835888335874071,-0.5613185570445698,-0.28625574064422254,-0.119118425303814,-0.037167471375019974,-0.014250816982291017,-0.028784959956477642,-0.05419457705588395,-0.09833189371764248,-0.16868282552306177,-0.23592913607865434,-0.3150691522982194,-0.3945864856925562,-0.4600761970307055,-0.49205914067307943,-0.4753430242180301,-0.34353885483635493,0.029841885862768733,0.43575783218664854,-0.7853981633974483,0.0,1.3998859740870417,0.1050599084374963,2.0698422895623616,0.1050599084374963,3.13656941720991,-1.5899766257051282,0.809715959228951,1.8157749899217608,-2.1587989065017954,2.8586918091291476,2.51905831196278,2.202602090230765,1.9165718268412313,1.6072969635637129,1.3014322381935448,0.9598190620245738,0.5926408058529175,0.16635860247684645,-0.35415814946276125,-0.8523084765794903,-1.2760122671001248,-1.6471503352394548,-1.940129995515059,-2.1697621197468386,-2.3630156642882594,-2.531638525799825,-2.695058300850477,-2.866491262987186,-3.0125268892628103,-3.134148621759362,2.9712840705765347,2.718541674604369,2.2941274225618136,1.0768549502929619,0.2830957943678147,-1.4601391037311917,-0.1396682279692145,-0.27223578657137665,-0.36186280507270785,-0.4264978283769769,-0.49021941534337976,-0.5471108790449792,-0.5760641161385374,-0.6014043135339557,-0.626595368019983,-0.6156199004400584,-0.5693968960810801,-0.4620653262535109,-0.13953671218946018,0.6573890855965393,1.3354443320100966,1.6437562889524142,1.7539071415911045,1.8357074516480278,1.8806241888842468,1.911911492329421,1.9459111993914842,1.9830538007104486,2.0356302026318196,2.097870556059563,2.1772773118887634,2.2718877804565105,2.1910457876483638,2.677945044588987,2.0344439357957027,-2.0344439357957027,3.141592653589793,0.6435011335875803,-1.5707963267948966,2.1587989065017954,0.0,0.6202494608534671,-2.2142974603824768,1.6662797308164163,1.790788402237696,1.914174118479183,2.0385834775226575,2.1447811571137643,2.255225663099083,2.3878234577219724,2.5198641263681427,2.6676005903843483,2.819842078531237,3.0433696123906193,-2.9747795343141807,-2.6691819071991123,-2.3516559572434,-2.04670252523511,-1.8070415880978468,-1.594530742106392,-1.4567502473725713,-1.3296210583487227,-1.2259890707845464,-1.1438163990403853,-1.0531973908132977,-0.9682936086231881,-0.8789950850197368,-0.7837231170774202,-0.652657869330273,2.408777544954033,-0.26351066023509534,0.013915603346799367,0.42265496793175805,0.8034267595175807,1.1197762847493946,1.331213306758294,1.5165566484704291,1.6430684233745911,1.742942675872122,1.8331867457877673,1.9029168994327093,1.976920265585145,2.0547786442988203,2.129064691228554,2.2306893944058577,2.3634015626326548,2.5018498693387357,2.735543192927458,3.043146486642587,-2.8219562754289265,-2.408153603470279,-2.0946806941275447,-1.8692952498035897,-1.7397138314550307,-1.6334280984510952,-1.5644269857487456,1.7975951783311275,-0.19739556581004836,-2.677945044588987,1.8925468656951043,0.19739556581004836
0.17985350477088613,0.9420901249457032,2.819842099193151,1.9513027039072615,1.2490457723982544,2.0344439357957027,-1.767583245335814,-1.8469294896080666,-2.1327703990824323,-2.4937223741022216,-2.8785540405967556,2.996076789685872,2.566797893500258,2.1345449129278835,1.6811249294374417,1.2315037296821845,0.7837370306865924,0.3375248824105856,-0.118448256041144,-0.5543075268065174,-0.892790097126917,0.5239193430772691,0.9875669699568437,0.5556305080344293,0.13695242606369323,-0.3154348560999219,-0.7755785168316299,-1.2440374797039049,-1.7121242378022177,-2.201019359509681,-2.6664181836775525,-3.1259689249693166,-0.4636476090008061,2.2007030989732894,1.7097755196852762,1.1639437531582582,-2.216269844795936,-2.732488601524227,3.046098546572533,2.57827638470415,2.0944532491545482,1.6205065838591253,1.1439443833455911,0.6724019223546015,0.2093637606891304,-0.24788693597501288,-0.6912290709217083,-1.1161241624569922,-1.5238411433225876,-1.8880337010949348,-2.0344439357957027,-1.600344376009439,-1.24328768158164,-1.4228653363330381,-1.775334623310603,-2.1841726579193805,-2.6154721453044534,-3.0479254957651447,2.7982891719716534,-2.601173153319209,-1.9890206435431783,2.0344439357957027,2.677945044588987,1.5707963267948966,0.7853981633974483,1.2490457723982544,1.5707963267948966,-0.982793723247329,0.3217505543966422,1.373400766945016,-0.4129709538922307,-0.7363681116975515,-1.095521348836744,-1.4744769402090225,-1.871175194339653,-2.2602870844671274,-2.6599109165811505,-3.0571572729518213,2.848196792377715,2.4694277619185554,2.111609986650886,1.787648613647809,1.5206908084016415,1.3002829392793485,1.1538289439400453,0.9775780137601997,0.8040006746888153,0.5582924535736813,0.28648050181316065,-0.04355042824335031,-0.4173757137994981,-0.7992861424296742,-1.2178523415972784,-1.633444864053589,-2.0508024083238783,-2.4650739423424244,2.0344439357957027,2.995299683371044,2.5976396348085955,2.23110257891489,1.922994336883689,1.6984508614993443,1.5543706991034598,1.4256259549026906,1.2063726910999266,0.8888966768738352,0.49060862394184285,0.03975804661950168,-0.4286460124138885,-0.9218541525312707,-1.4255094533482682,-1.9352134128120202,-2.4580628959291566,-2.9885074741251865,2.7717862629555476,2.2724045807817563,1.813327616466493,1.4364001253534822,1.2442725494514806,1.236059498712902,1.0875729105685468,0.7074611193188439,0.20922155968680936,2.356194490192345,2.5308667100831674,1.3998859682748017,0.10505990603457997,2.06984229575602,0.10505990603457997,3.136569417314068,-1.5899766258457693,0.8097159961067113,1.892546881191539,1.1071487177940904,-2.677945044588987,2.706156260964184,1.8700426643475712,1.087151380636033,0.3173452668706778,-0.4196124447623668,-1.1722738707161204,-1.9256000711183265,-2.7157421555251706,2.7029398415247727,1.7877359181032764,0.7913861029292509,-0.25887953104491473,-1.1633664888440516,-1.9360704540232592,-2.6617521223608787,2.9721005330733186,2.311604621771255,1.6843872384054894,1.0904571045534825,0.5076391509986837,-0.09946280384629078,-0.6974897108503413,-1.2716131027389603,-1.8712734990721112,-2.6575397383592394,-0.9420000269243074,0.05156714728617355,-0.58408104407469,-1.1443775506306566,-1.6911139966787143,-2.2180878831068247,-2.7126533368183567,3.069446708502518,2.564006353434977,2.067055537445777,1.5945636410296449,1.138634365601199,0.7172888829878192,0.34421870676395644,0.06792256317691374,-0.004587123933433282,0.14816001386107203,0.21866894196930844,0.019228399099707208,-0.31901456871724626,-0.6901459007093563,-1.088015676442455,-1.4996913327053627,-1.9174434407926022,-2.3215262846029128,-2.7276888582949157,-3.1174496171669777,2.356194490192345,3.141592653589793,2.601173153319209,-0.14189706082717382,0.0,1.5707963267948966,0.0,-1.373400766945016,-0.3217505543966422,-0.982793723247329,-0.982793723247329,-3.094970164942964,2.8812681267203586,2.5490116943286143,2.207487684157996,1.8614067909540286,1.5029156141594806,1.145910455520013,0.7907648176519303,0.4458453327696959,0.08871914353312074,-0.20564972450003888,-0.4644240240059064,-0.6861461457513773,-0.8505561750969652,-0.9493162349107407,-1.0841935874662678,-1.282452383762057,-1.5679634732854357,-1.8830309243023204,-2.2234295905980015,-2.594803798574621,-2.9845123896017784,2.920623115911197,2.5073984008121406,2.149172281437493,1.7751330165031414,-0.6747409422235526,1.1494731635416569,0.9337259872252708,0.7795331699647052,0.7515377604115377,0.6385656833183393,0.49947458185684074,0.23179115476378012,-0.09439319914686352,-0.44843965103801553,-0.8289692127764967,-1.2138993660938464,-1.6037212958706932,-2.000173999426233,-2.37801913482498,-2.7480873875028586,-3.115897376534234,2.823612498335532,2.5606695623755424,2.383660131183397,2.3065458985559957,2.2761191847661313,2.1456625599578456,1.9504316388867329,1.643056358276818,1.2794504822101491,0.8983636805662129,2.5535900500422257,3.141592653589793,1.1071487177940904,-1.5707963267948966,-0.6947382761967031
1.071449645109113,0.9420901298451149,-2.111215790129525,-1.9756881022539237,-1.9756881022539237,1.3734007729826239,0.149209537368082,0.4151529247345624,0.4284862202889356,0.29945110939989894,0.10729747177119424,-0.0989289257885341,-0.3537593315288992,-0.6080363748295421,-0.8600441208855234,-1.1171007893833786,-1.3845435095353094,-1.6636362839435275,-1.9135161628968707,-2.2037629522153166,-2.4500653915218225,-2.3473451510883594,-0.09559811959788467,-0.28299628452923176,-0.5193732783190189,-0.8026203496164704,-1.086206548867066,-1.3774236145014975,-1.665553028485054,-1.9610129574328978,-2.24620602410943,-2.5295023211984784,-1.6814535460544286,-3.138114406829752,2.788992842400457,2.2865398966373722,0.16514868975686312,-0.7752462136702465,-1.1692696474563686,-1.4893130443498956,-1.8010347864780283,-2.108100576199778,-2.397172252106809,-2.683857150338185,-2.9609019900009947,3.056982516722273,2.794380698524631,2.534461947859768,2.300270453157222,2.1289198873777067,2.16080293856061,2.8095331817763105,-2.8343016064263438,-2.8185297621285113,-3.001377681320123,3.0523316703457195,2.815608964673427,2.5561528439995227,2.3099597457321344,-1.3258176636680326,-1.292496661866094,-1.1071487177940904,2.677945044588987,3.141592653589793,-2.356194490192345,-2.265534644166109,0.0,0.8960553998862523,0.0,2.1293956562488243,1.3974453551707118,1.2658894867591735,1.0750408687377757,0.8754366561061104,0.679939467223465,0.4899573283930054,0.2586943314990494,0.06064311885985265,-0.14912847168573543,-0.3372659713723711,-0.5011814439497719,-0.6293732873905082,-0.7191097861210245,-0.7405110491604368,-0.707859674721425,-0.6582112106379554,-0.6392513949080796,-0.6850245040016151,-0.8056954613325416,-0.9460138019425764,-1.1316558237910532,-1.358454482551224,-1.5698978544402022,-1.8104251605979966,-2.0518541281718754,-2.284380414625731,-2.356194490192345,-2.7471272724947506,-2.9642972386049484,-3.1346289774372678,3.040735345689159,3.0357769462365485,3.1312624418101898,-3.06974682668967,-3.1353524851382994,2.991105049378328,2.767558004337623,2.485222725425558,2.187347787773668,1.8723963179624534,1.5440408927355298,1.195969765065524,0.8500057205180221,0.5083938401576129,0.16922677702991024,-0.1562612190409801,-0.41620550156014063,-0.5510158754401924,-0.41822433408240267,-0.11111074223601625,-0.18964378414974523,-0.43801220945636216,-0.8299031703081046,3.141592653589793,0.4636476090008061,1.3998859816386617,0.10505990440557374,2.0698423037379263,0.10505990440557374,3.1365694170818874,-1.5899766270066131,0.8097160031420155,3.141592653589793,-1.5707963267948966,0.63857500857218,-0.02563540805018414,-0.6209767267304086,-1.168320799085658,-1.685208894944307,-2.1741528062365236,-2.681018794326469,3.1024927876424035,2.5890468602136507,2.0976879127668675,1.4743225538317308,0.6548320847207174,-0.5522183493769864,-1.672850185277656,-2.361430025722601,-2.88236627603882,2.963835191143304,2.5478817569472905,2.1379191920139693,1.7885708199456212,1.4007376954118222,1.0569977488830802,0.714863233515876,0.3825572116785028,0.09339143924607186,-0.11594351626342687,0.24497866312686414,0.7064260525555788,1.0835928459140693,1.0048630733177866,0.8238407561167913,0.5442349519166979,0.2856612021884855,0.04203130588885286,-0.2553688358117431,-0.49297592763035886,-0.7588737869705972,-0.9932230278903105,-1.2199958243662326,-1.4181469943480465,-1.560895659603739,-1.6450003646376594,-1.6285831538043511,-1.5793188469110668,-1.4580172591856375,-1.424075045175818,-1.4920123636782543,-1.5922216186029994,-1.7617836728249214,-1.9295669903520842,-2.1084495830459216,-2.295554644626859,-2.47872173724906,-1.5707963267948966,0.09966864938269059,0.5404194633346285,-0.27829966492880254,0.6435010836768339,-1.5707963267948966,2.0344439357957027,-1.735945012694811,1.5707963267948966,0.4636476090008061,3.141592653589793,-0.3395603624357229,-0.4296556653891982,-0.5507329442362762,-0.7152519945356125,-0.8776123633426728,-1.0492836833892663,-1.2582138194073986,-1.4419635592630695,-1.6299378040411376,-1.794378587421125,-1.9515465410814963,-2.057695581880097,-2.1076359089401198,-2.0555490113945605,-1.9451982310012,-1.8757215523113937,-1.8600673152134688,-1.922972257254665,-2.0312473680141867,-2.179776911230399,-2.3645624656894713,-2.570927877179465,-2.768908129380397,-2.9681159752122612,3.1171595889934895,2.9398537986288793,1.8622530982301495,2.679698397016979,2.606195588525884,2.6435029127648972,2.726200636327826,2.85434955236539,2.8667606881640495,2.8330160025384767,2.7135134992239025,2.570005601890828,2.399527785188663,2.214840813379618,2.0139663050557695,1.828120030996023,1.6396220906368058,1.4472770501643115,1.267664996865052,1.120710737340711,1.010083138256677,0.9540659763014837,0.9914847308995536,1.1196147056030246,1.2191777064694356,1.2388938531630815,1.1732692415252148,1.0251051746325017,0.8393996775948824,0.40489177545902705,-1.1071487177940904,0.6435010836768339,-1.5707963267948966,-0.16514868589991447
0.9097531396317666,0.9420901135073324,-1.9513027141685446,-2.158798907451911,1.3258176636680326,0.3217505395177828,1.7748143131736982,2.09092090719918,2.2238140138369697,2.2524021521884934,2.268639202225002,2.2613163879244085,2.2417295743300594,2.224879041337064,2.207166011021799,2.185804014177101,2.177912852589995,2.1637988656870335,2.1262442312688656,2.1068899612550918,2.087027014692897,2.356194490192345,-1.6113146820943949,-1.3491997513816343,-1.2757456536330742,-1.3072856560794395,-1.334042281819123,-1.360922821680771,-1.4006365494604058,-1.4271866701951412,-1.458297942067185,-1.4943792974836805,0.7086262861313027,-1.575208063135487,-1.6413312891544944,-1.7094360619645015,-1.7656034523657615,-2.480549515259845,1.851884084408439,1.5644872621072825,1.4803266625726246,1.4032521227948376,1.3650196155201264,1.3162193521306313,1.2790191404398805,1.2401174577789382,1.200995746368387,1.1547805381622638,1.1372148428431348,1.0904835756751525,1.099598500697519,1.0928809717862213,1.1876537502170161,2.0831857776867717,-2.585565654954609,-2.4860800951826,-2.46937777347724,-2.499035260586821,-2.521966828467684,-2.0344439357957027,0.14189705162839197,0.24497866312686414,-0.24497866312686414,-0.7853981633974483,-1.249045787277114,-0.5880025806570144,-0.9272951941954366,-0.9827937461378822,-1.5707963267948966,2.5535900729327787,-1.0726796039773216,-0.5642681834109176,-0.3827435233898733,-0.2986403038497426,-0.24073814219868966,-0.21527075633735998,-0.2035746769257534,-0.19984413555196298,-0.19350263839330553,-0.17996391187486177,-0.16774214643714863,-0.14775913165038473,-0.1040532150272102,-0.03497652223048472,0.062004674579489,0.2038332251178041,0.5091420964041727,1.0014831380961695,1.3695447453857945,1.6624308700732937,1.7861540214214215,1.877501719424684,1.9314106533607505,1.9457027728130751,1.9440564685480088,1.9368528472547974,0.7853981633974483,1.8937708540495017,1.8747972670873359,1.8605689246064125,1.8267248792436919,1.851947941891683,1.8968883908144925,2.004480165364961,2.295159306441827,2.7796339095013947,-3.0723604149493497,-2.8811686073406357,-2.8482474831208617,-2.8780566866551904,-2.942271543179193,-3.019779861049481,-3.1272669860556483,3.0343568826998433,2.901976809361406,2.753537041736137,2.6032809394248724,2.460166030008244,2.3207483384527055,2.1493205200824486,2.0626055216586607,2.107231775406469,-2.7895483436424815,0.4636476090008061,1.1071487177940904,1.3998859744389025,0.10505990850292755,2.0698422959282565,0.10505990850292755,3.1365694169814597,-1.5899766270701974,0.8097159784984599,-1.3734007612223773,1.5707963267948966,0.8883387835084566,0.5851657658469919,0.29799693839484565,0.057458806210161306,-0.2033580034365746,-0.4380122114906582,-0.7105383173776111,-0.976252525795781,-1.279339535811514,-1.6802472689770511,-2.5535900500422257,2.7744188153093106,2.128468453090063,1.8093280935671645,1.5754691899467037,1.3828451504944095,1.2186839088498524,1.071707698595922,0.9342880961909217,0.7979402824513556,0.673428267112446,0.5609821444689105,0.4409017765243605,0.3480364188186086,0.2811437959982459,0.13824299100750026,2.863293000199346,3.0707892233431937,3.0133933729302007,2.9152041372480677,2.8831850453528096,2.8175001778772644,2.7486814647348616,2.7136932221462384,2.6452245922806856,2.610480021451917,2.5700673218739767,2.5431092564638784,2.533096690885319,2.560654810236189,2.615025551202332,2.765198065528756,-3.0515589358284854,-2.2341623659947785,-1.720356063902133,-1.5246752119049096,-1.4417996487734612,-1.4024820941716745,-1.4031791929732234,-1.387131238665816,-1.3745423133547452,-1.3535209843427678,-1.348082595862197,0.0,2.356194490192345,0.16514866937200018,1.1071487177940904,-0.4636476090008061,1.5707963267948966,-1.5707963267948966,2.0344439357957027,-2.677945044588987,-1.5707963267948966,1.2490457525597742,-2.086041302343034,-2.0310193034879824,-1.974261061682432,-1.9557943890970326,-1.9418753783640472,-1.9218594776986222,-1.9107843543024479,-1.8912963461002632,-1.8650309087245773,-1.8198699724301977,-1.7132840444656343,-1.5374753295955519,-1.1448328425088825,-0.43582180439894064,0.10994446133293645,0.30632401349858995,0.4374594385811988,0.4919826042681017,0.5425177014094374,0.5543075164531498,0.5520592089417745,0.5587049274630834,0.5713374844172469,0.5782884641540721,0.5931062144990514,0.6448134594137366,-2.896613990462929,0.8292173139525798,1.0579460111270436,1.5889761416711947,2.22259867441201,2.6460409704146226,2.826449947085493,2.922771786480048,2.976443976175166,2.9826873952235395,3.0142543756506566,3.0302134132068,3.0510154856126555,3.054080887405149,3.066908764054927,3.0848849587286034,3.1340074637052115,-3.1061137218933053,-2.9500909332089913,-2.686439993163443,-2.170691350381706,-1.5053163048018148,-1.1408556459901447,-0.974081445809502,-0.8973657123960271,-0.8736040389355101,-0.8770245015046704,2.356194490192345,0.7853981633974483,-0.7853981633974483,-1.1659045302485307,-1.5707963267948966
0.5070985266893381,0.9420901328212598,-2.0344439357957027,-2.356194490192345,2.8198421065790327,2.4668517329834545,0.4491857863846842,0.47385132337113967,0.343143690932335,0.17188805069568536,-0.0023724747884911464,-0.1799493603818838,-0.3816158427628737,-0.5659097354064858,-0.7737308967952101,-0.9713160680272612,-1.1554822328150252,-1.3638915420697517,-1.588948644803449,-1.8283225965404566,-2.0957247846759963,-2.503446239183784,1.801887011038862,0.9455065385202525,0.6351374876937247,0.3712727057197496,0.13436221483742267,-0.0831412298186157,-0.2990359397227153,-0.519580844250877,-0.7404284952552388,-0.9609765381671188,0.0,-1.4418855609565044,-1.7039657506836312,-2.0195987699435527,-2.45945289069137,3.055320839086743,2.025614154255975,1.3202042420274138,0.939427114736698,0.6242587600003456,0.3632914294911461,0.13017883364574948,-0.09359794111453176,-0.3229597650296059,-0.5384208294799899,-0.7651501970792787,-0.9696866678119284,-1.2034948631281526,-1.4150247144868429,-1.68439904555384,-1.9903548767651804,2.730528114034676,1.27509199035778,0.9516649973059947,0.7184059039434946,0.4778310370314205,0.27295100767452063,1.8925468738056572,1.5707963267948966,-2.677945044588987,1.5707963267948966,1.5707963267948966,2.5535900614051203,2.0344439357957027,-1.5707963267948966,0.0,-2.677945044588987,-2.356194490192345,-0.2173693954241612,0.08708080559798398,0.12635033364897394,0.031174927949597798,-0.07380933399076116,-0.21306247815622248,-0.37836274523273256,-0.5257249327067557,-0.6730623814884652,-0.8215728422358883,-0.9641912128846946,-1.0950606718502371,-1.2081994006316679,-1.3060093492932001,-1.3729818315843985,-1.3886931137771128,-1.3537273851099814,-1.1946704037006866,-0.968341236069416,-0.8522440222027123,-0.7958507312996999,-0.8422231601367344,-0.9018896277862762,-1.0099134923300164,-1.1463308570257364,-1.2938874744616826,0.380506361831231,-1.6314116370536211,-1.799042946650818,-1.972833678604174,-2.1600728134081706,-2.320831880716869,-2.4698700765166057,-2.6035169181558624,-2.667805963969317,-2.6873639064417,-2.457041679921384,-2.235398188277299,-2.1193457292454245,-2.1734729240298543,-2.3368804227119417,-2.538055327877276,-2.7695633118720213,-3.0513621366789248,2.966100407663586,2.6608283081741426,2.370479214775933,2.060862228490925,1.741531551233852,1.4263547499505098,1.1145015172608725,0.7853981633974483,0.5481913548064047,-1.5707963267948966,-1.1071487177940904,1.3998859787224371,0.10505990437402246,2.069842316876815,0.10505990437402246,3.136569417005971,-1.5899766268784927,0.8097159780630626,3.141592653589793,-2.356194490192345,0.6972876740941216,0.24273651724562695,-0.18025438308814304,-0.5899073607706451,-1.0204104074976277,-1.457157599294889,-1.9322005681154844,-2.4576414320715307,3.0799424819636565,1.9071089521806857,1.046980497814893,0.40442209614510927,-0.08617349482594874,-0.46832046640502883,-0.8377131233133671,-1.1915177003857012,-1.5097437713954522,-1.8229150465818507,-2.1295648911373206,-2.4446628678351665,-2.7323251207922494,-3.0311943031478146,2.9079943790701486,2.5670481585071543,1.9258678817915038,0.16743178097759193,-2.356194490192345,-1.1484096956433318,-1.4384093746992794,-1.7200838166919483,-1.9688854876325066,-2.2100477116036816,-2.4436511588883234,-2.656315481384528,-2.890788806240831,-3.1160879817671208,2.9711776007907775,2.786428351656044,2.628296430778401,2.5127963779327427,2.5020702986532872,3.141592653589793,-2.111215805113635,-1.9981310425294392,-2.0880376910716154,-2.251140469406646,-2.3938336164433687,-2.556007846394361,-2.7354508498209777,-2.902863914884491,-3.0619422444167017,3.070395373524877,2.9009108336235716,2.6011731620084815,2.356194490192345,-1.5707963267948966,2.6011731620084815,-1.8157749899217608,-0.32175054701076067,-1.8925468738056572,-2.1587989189795693,0.0,0.0,-1.5707963267948966,0.3729241189293212,0.2343952540626235,0.08391463226881314,-0.0639332338408181,-0.21562985226281292,-0.3732001078723869,-0.5293834936180362,-0.666590944552207,-0.7853981633974483,-0.8810404293295964,-0.8790203502678187,-0.5866194933772768,0.029231439815169038,0.48769795647557523,0.552303508469875,0.46527892691131706,0.34650026387251615,0.2071039944203742,0.07465959156541398,-0.09565599962236222,-0.2641782927750153,-0.4292574773918968,-0.5850457744081271,-0.7327299407730138,-0.8737749400948102,-1.0004611939428611,1.1071487177940904,-1.087591334351199,-0.8370762376028534,-0.2264622630606348,0.2067301715897307,0.28140786229602055,0.2203871583802376,0.10924078662702935,-0.03953982120962949,-0.18863923063125568,-0.3454849611659206,-0.5039188755637357,-0.6716243566546888,-0.8290825216507398,-1.0022005657089574,-1.1490496314027003,-1.2819628276819,-1.4089930414885596,-1.4020987692231792,-1.2319325383859003,-0.5761765885819325,-0.055318098601238236,0.006507500654302283,-0.052583062798024646,-0.17788953828914456,-0.34406205236043735,-0.5329556728481725,0.32175054701076067,-2.356194490192345,-1.5707963267948966,-2.5535900614051203,-0.4636476090008061
1.46013910467758,0.9420901334097735,0.7853981633974483,-0.7853981633974483,-2.356194490192345,0.4636476090008061,-2.1292545022990765,-2.1966338240429444,-2.250755415316884,-2.314718931470121,-2.373967462706042,-2.4570819886249566,-2.5004486366126843,-2.5676609621113187,-2.6318410200537,-2.669759704551891,-2.7075934242928237,-2.698066160158577,-2.5372871106120845,-0.247097299868913,-0.06896937690920849,-0.09047397480360453,-0.13265199323204346,-0.18718662367437028,-0.2544123270274729,-0.33336205881343733,-0.39751283687784594,-0.4641175514903866,-0.5286329443199843,-0.598234177769904,-0.6609158940602403,-0.7252613529053206,0.11065722211731671,-0.8253768536843639,1.5253730464162822,2.0323692540248186,1.9812201025958798,1.909028905205857,1.8418178327351398,1.7792841976157694,1.7088323966646197,1.6351902893513723,1.5953062300867251,1.5405971752636387,1.4867252987432515,1.4414209762818193,1.422418071151765,1.4310579223386155,1.552521599404584,1.8828384463575347,2.7277952419636957,-3.0156395811842818,-2.8322211061100546,-2.7877675397185815,-2.792357606927846,-2.7955860564085486,-2.817427476055631,-2.843546647864034,-2.8849809755006093,0.9827937351489484,-0.4636476090008061,-0.9827937351489484,-1.0516502173090214,-2.356194490192345,1.1071487177940904,-0.6435011211709686,0.0,3.141592653589793,-1.1071487177940904,-2.2655345827003144,-1.2281759408107573,-1.2151949787777734,-1.2002679162912693,-1.2103642940527375,-1.2337147647173181,-1.268240639938168,-1.2676466512064841,-1.275257004590485,-1.2572088490902271,-1.2098049403516071,-1.1145286723894716,-0.975335133677493,-0.7654315469730228,-0.5013463623287897,-0.260330590045471,-0.08457618030288522,0.028563658848359045,0.10662768995127994,0.14113193772587995,0.13987014974511247,0.15293182118959775,0.14034879471882458,0.1385829234888597,0.13907120754597976,0.1501765214892167,0.15573016455760758,1.1071487177940904,0.21725202071200345,0.3073423122469144,0.4139458922891505,0.5418122473974508,0.7024940828954508,0.8116715121472518,0.8911619273510983,0.9497556719253866,0.9368490867203035,0.9389547095301609,0.9196076020698443,0.8727516621360383,0.8196589596846057,0.7512852631846924,0.6744964939979299,0.6116668331759114,0.550594904956246,0.5080434882588164,0.4675614757565364,0.468057715072901,0.47359753490773876,0.5253301118888103,0.5469059048371651,0.5810822949443514,0.5098332234264515,0.42687946273265387,-2.356194490192345,2.0344439357957027,1.3998859753975608,0.10505989926621313,2.069842294213863,0.10505989926621313,3.1365694173262533,-1.58997662723857,0.8097159875132168,-2.0344439357957027,-2.7610862711422195,1.632030461464493,1.2872321544704424,0.9685089881644019,0.6705215772548022,0.35132771404001534,0.02272335967979905,-0.3123237161888665,-0.7089267463523387,-1.208605402940927,-1.925819698515736,-2.7026548324726845,2.942928061375873,2.481386649156208,2.1550932900022812,1.8650309048609544,1.6067090256478602,1.3704189437128775,1.1499360345504746,0.9415956780287349,0.6914952643616623,0.4781920381954996,0.22550963627343615,-0.05959522349299033,-0.4650802700332658,-1.0696908942186796,-1.8751921554977993,-0.24497866312686414,-2.8778127784378698,3.139723496871051,2.9241023628116465,2.7460359398200143,2.5840902779587855,2.4198252696451,2.2603524732833624,2.122451322922959,1.9646995504990452,1.817374985432112,1.6577972500488496,1.4781659971455807,1.171638451136689,0.39896066339000863,-0.9519815856987207,-1.4697898867106718,-1.7088644348107724,-1.8652312603355155,-2.000668599733303,-2.1188626283772027,-2.2446127295046834,-2.334649550241852,-2.416284674618428,-2.5023030416610896,-2.5996404140007807,-2.6837402036571,1.190289944347323,-0.32175054666058966,-0.5585993083898072,-1.5707963267948966,-0.7853981633974483,-1.249045780134307,-0.4636476090008061,-2.677945044588987,-0.7853981633974483,-0.4636476090008061,2.214297447965865,2.6067061361575066,2.5382865912953205,2.4806439138337617,2.4209771284440214,2.364950816811342,2.322772274143653,2.3172846765076858,2.3462610285230525,2.4818448375415616,3.093684136463113,-2.122791458177188,-1.8110228285458059,-1.7170317540707773,-1.7240089029167276,-1.752396163893094,-1.7893482727828087,-1.8354220723892494,-1.880678013329746,-1.9144411960266996,-1.962591713591063,-2.006883126080596,-2.031519973164392,-2.0444214120309225,-2.0094322437738574,-1.9374045621049647,-1.7035339380222905,-0.2782996560858462,-0.4947989978714518,-0.1644214026354705,-0.039473956908782526,-0.010024727311056948,-0.0031645465181761004,-0.03684531969572703,-0.052856185614145214,-0.09005675137706867,-0.14304912789289165,-0.15878813425121935,-0.19238436907971357,-0.21479827900197337,-0.23881252276803208,-0.2261984732275937,-0.1724971667952684,0.0450822170838192,0.5585993227609016,1.259591880241051,1.5915402376996401,1.7197611552228007,1.7470310271512748,1.7303829487340017,1.7051925290327734,1.6560811768467938,1.5941060092347512,1.5183444789256908,3.141592653589793,-2.99969560053284,1.5707963267948966,-0.5880025916459483,0.7853981633974483
0.7853981633974483,0.9420901481073771,-1.9513026933118902,-0.7853981633974483,-1.9513026933118902,0.9272952425828748,2.9508832864372714,2.4462674454631457,1.9522601734330278,1.442872043944575,0.9299608763425866,0.41981603587058364,-0.10343224280909186,-0.6128636950882383,-1.1231331347209663,-1.605782046114446,-2.0867522147066198,-2.5479276234551587,-2.3107712057024665,-0.8970396315355936,-1.2712643284069036,-1.7604878627342349,-2.261494589069879,-2.765851545140974,2.9984143742706566,2.495903370601813,1.9711886887355783,1.4368591421725303,0.9186248897157212,0.4084517611979992,-0.11798041516988406,-0.6403207664427781,0.09966864944892671,-1.6364911287711033,0.837981261223877,0.3512435250012746,-0.14993021257278927,-0.6691285267458801,-1.1907716571228018,-1.6948589649562176,-2.232125514762088,-2.751391286882697,3.0328720108864435,2.5195961099877944,2.022008198029358,1.5455791225663305,1.1004765887174313,0.7045951934634896,0.5491529255205941,0.9525481759248048,1.15480997937979,0.9012347658710237,0.5003212467653896,0.08698921245592559,-0.41772803455653396,-0.8948229845313751,-1.37132262134946,-1.867819302220143,-2.3403467398388895,0.9827936996114993,-1.8490959915974756,-0.9827936996114993,-2.2142974110069185,-1.8925468965548282,3.141592653589793,-1.3258176636680326,-0.7853981633974483,0.0,3.141592653589793,0.7266423322054284,0.2852464730817473,-0.1728423063093829,-0.6428237871722746,-1.1056845825495252,-1.5719211856832993,-2.0265700843971453,-2.4775040228257423,-2.9073988788405716,2.987863149650655,2.6426951881162766,2.394112587555673,2.1932232943686083,2.0272571649379243,1.7876699377470902,1.5057885988829862,1.1426925312139538,0.7367550564275619,0.31413648285230966,-0.142966963311417,-0.5866132397324287,-1.0484254158392023,-1.512634148788796,-1.9569468201141083,-2.390524447427862,-2.806855826098728,3.0750244892701364,-2.498091569377771,2.386911075249023,2.086106113295817,1.7749512142699566,1.4748990015729826,1.1046876766225875,0.7130607972487227,0.31411709624005374,-0.16489880108532162,-0.6302758663389582,-1.114821190094398,-1.6133841946618586,-2.118449442156315,-2.611104879981706,-3.107789108769406,2.667660606979785,2.202524352215107,1.7429871422199004,1.304131568112243,0.8923953739805798,0.49979147358130527,0.09117508431252817,-0.36916664549263967,-0.8303775879525185,-1.3331216356123672,-1.8747972592519437,-2.4647881543874073,0.55859932915326,1.5707963267948966,1.3998859817666307,0.10505990103081231,2.069842309869298,0.10505990103081231,3.1365694171736473,-1.5899766273185265,0.8097160240285194,-0.32175056975993166,-1.249045757034965,1.8211153936863922,1.0207580355538597,0.2274023364897375,-0.5253668702821773,-1.269990888144006,-1.998278032556745,-2.7650258561349115,2.764646251390344,1.9806573815406652,1.168798885298175,0.21828388614676228,-0.9416698266984083,-2.217622461101196,3.0064982074054734,2.1457957473948794,1.3643852284440274,0.6402804916944403,-0.047162642436347976,-0.732919106199932,-1.3864719097059928,-2.0684572517837303,-2.7402794028553483,2.8768603588677846,2.17319057238207,1.41378800011005,0.5205375724260202,2.356194490192345,-1.900318765973447,-2.8624519393568018,2.6490110157275772,1.9437120973267348,1.3046783752316655,0.6594482995746861,0.07847546490204083,-0.5456550209272554,-1.142888949656865,-1.7354920052730296,-2.310869165905993,-2.928987788461823,2.73367240562046,2.053729388719347,1.1361261157726212,-0.7784052694305008,-2.001935101597965,-2.7356638731949188,2.9218776818222434,2.333146993326181,1.7838072110653163,1.2002272329071517,0.652291557447353,0.11014069982317734,-0.4330664383672735,-0.9709640679623749,2.6224465298889386,1.8157749899217608,-0.7853981633974483,-1.5707963267948966,-0.7853981633974483,-2.553590026406396,2.356194490192345,1.7359450125140043,-0.4636476090008061,-1.8490959915974756,-0.4182243232438524,-1.1219546078858293,-1.6351880568632737,-2.15400711234467,-2.6564172746939043,3.1220997102447803,2.632778035223374,2.1273956286496225,1.6660031135298798,1.2429202965873367,0.991470296298957,1.1790963979428633,1.7120298048873372,1.565420034482544,1.1875121922501575,0.7419472852634954,0.2494926249089653,-0.22696023379299118,-0.7164683824412937,-1.2109236015786629,-1.6836481371721965,-2.1977297582484057,-2.6760948985157214,3.1253903677055996,2.684484771612235,2.2729560061047325,1.9572048328860103,1.5707963267948966,2.020434342725515,2.147988531065781,1.9144678549154415,1.5337762103821992,1.1055854379496275,0.6404367996287919,0.19033685670569683,-0.3152147095510147,-0.809696861037944,-1.2922620830896956,-1.7647245037502604,-2.257715653441128,-2.7196674447168596,3.121290874303212,2.6904997817115737,2.4123152743077108,2.3707565458097166,2.594803809001798,2.6109527863003734,2.3288529115262375,1.9610465870523943,1.475537195119762,1.001090935873789,0.505803273651588,-0.015542790378278395,-0.5347899249473138,0.07677189398094675,3.141592653589793,-2.0344439357957027,3.141592653589793,0.4636476090008061
0.4636476090008061,0.9420901139313083,0.7853981633974483,3.141592653589793,3.141592653589793,-0.4636476090008061,0.19104459895926362,0.17315343209392342,0.15157566491640723,0.12842156621355746,0.0889617915998674,0.08704130544585914,0.04125624728025708,0.005530916888615671,-0.02365685745486944,-0.04542327716380541,-0.054152612034873766,-0.04900704803834902,0.010100667049133934,1.3310532100154007,2.6231371325360797,2.7192651936980914,2.7108513146080653,2.6919791898447847,2.6512451647040427,2.6480626294130993,2.588895469318292,2.5480276933340016,2.5196132905613435,2.4756910351692727,2.4440900218160437,2.4088978969967525,-2.5829933382462307,2.3385751519247404,2.374883919999262,-1.4743225488001743,-1.0227173965900416,-1.0556355853162944,-1.094437541025339,-1.0996811016669685,-1.1571942703428704,-1.1863477905443158,-1.2185182338854736,-1.2469638842782258,-1.2827408828018816,-1.3073223458035343,-1.3138043367113945,-1.305607239273641,-1.2621715078909113,-1.182795960755263,-0.9197195872609408,-0.2612679480180055,0.47459609535857744,0.8367364102576367,0.9403948935541312,0.9916196573124089,1.0056190873925972,1.0299603017307173,1.02824545926792,-0.19739555984988075,-2.5535900500422257,-2.736700882981555,1.5707963267948966,2.0344439357957027,-1.1071487177940904,-1.5707963267948966,-2.158798930342464,2.356194490192345,-2.677945044588987,2.356194490192345,2.7504889534099353,2.9020933794292474,3.0146866442292986,3.067498842587522,3.10490026903943,3.1319311183161322,3.1276885675295736,3.139272472068161,-3.1248277565405145,-3.0825418856393836,-3.0465123637813787,-2.9779320632954,-2.8717435030893625,-2.734652737244658,-2.5396431045504855,-2.281172176535361,-2.016901882760014,-1.815264516335212,-1.6408900361457068,-1.5005860183198707,-1.4462462829253218,-1.3963754525023306,-1.368338188198167,-1.3368062279420592,-1.3104490350546931,-1.3025585157869102,-0.24497866312686414,-1.2667150051384921,-1.209561310331409,-1.1746332896103793,-1.1102785932771244,-1.015023545953177,-0.8896697850536798,-0.7412867748215001,-0.6265609399420502,-0.484090861608778,-0.3889870084721267,-0.3140080167522516,-0.2938693280004129,-0.2846109396996197,-0.2964127970168655,-0.3289743498772186,-0.3765259821566017,-0.41562965596582396,-0.47888299018617125,-0.5286245025268604,-0.5760305487990734,-0.6067221822934572,-0.6583489850756128,-0.6792413638177308,-0.702070117039917,-0.6747409092159224,-0.6674903074655777,0.3217505543966422,-2.819842099193151,1.3998859801468189,0.10505990476800496,2.069842308724724,0.10505990476800496,3.13656941712502,-1.5899766278294045,0.8097159895655434,-2.158798930342464,1.5707963267948966,-0.1957191179662678,-0.508172607872088,-0.8056656596587775,-1.149547540414002,-1.5126096574238796,-1.9385847847763396,-2.6127111040560225,2.8111466620748433,2.1214126225621786,1.6993930708332088,1.3506469921339332,1.0709996341529129,0.8573667004774175,0.6292423701168425,0.4269908253500268,0.20622471557279778,0.010525927780061462,-0.17344613978102974,-0.41145624281518073,-0.6341804617877902,-0.9858564960757343,-1.4409342740350815,-2.074027227958879,-2.7625179194821627,3.062578614336193,2.7268357201140305,0.7853981633974483,2.32306374451166,2.1781825954575638,2.0344439357957027,1.882838454716479,1.7785063825119503,1.644896215574992,1.5328997864303517,1.3820585600623183,1.2355041910129665,1.03781558298873,0.7118468835974051,-0.21510706137021862,-1.2353947561359429,-1.6503622139091174,-1.862475227192128,-2.0074234801726436,-2.10019265805836,-2.2077793305508235,-2.292829896930575,-2.38099694322332,-2.42334228022883,-2.504907884571199,-2.5709927898877107,-2.629286645837092,-2.685185469771665,-2.735174165094309,-0.7853981633974483,-0.7853981633974483,-0.3805063771123649,-2.5535900500422257,1.373400766945016,-2.158798930342464,0.0,1.5707963267948966,-2.677945044588987,0.34877099473469014,-1.712693375337347,2.9697414023076645,2.9398040650757595,2.9124421965419054,2.890449681113588,2.88696798654299,2.9441971018492286,2.9967801577062043,-3.019131593345819,-2.044824170119474,-1.2407357203388067,-0.9857967126752649,-0.9265300786799365,-0.9105403668071307,-0.9109650117938582,-0.9236687662246387,-0.9293872539524666,-0.9390260615337409,-0.9569894655119038,-0.969818438043842,-0.9474338916002717,-0.9775598386476306,-0.9528692010909812,-0.9058172669638004,-0.7913152452747068,-0.529342388149695,-0.039819576934178924,2.0344439357957027,1.0482624642014793,1.2246326605118376,1.3024300973249003,1.3401105836755038,1.350893922953723,1.3528443029643902,1.381316174063006,1.3450420083993,1.3436002271722336,1.3417420077011246,1.3478447374933078,1.3526017233052865,1.3794097064821251,1.449018646029992,1.5860125442557016,1.9299310299775163,2.5837619615386545,-3.1075149429410103,-2.8459010460542107,-2.740279390816946,-2.668076937919055,-2.696722187874594,-2.691237560301223,-2.7130254290019167,-2.742167816735247,-2.7768578505183883,-1.2490457723982544,0.7853981633974483,2.356194490192345,2.356194490192345,0.0
0.9827937349147141,0.9420900986479834,1.5707963267948966,-1.8925468736077387,-2.8198421067769512,0.5880025918801824,1.5514081748601707,1.3446233381329535,1.148279718748621,0.9260811623376771,0.6971448666617224,0.49794108116305236,0.26730943231757004,0.04647812859380576,-0.1632402806592068,-0.3698355144888739,-0.54790298031027,-0.6523309220829014,0.8850668369130072,1.5979389822525678,1.4328603608361186,1.2298732118906957,1.0189472705564968,0.8080187495593597,0.588325289429704,0.3809299114821429,0.14571747496158857,-0.08087209938471408,-0.33132961324172266,-0.5617269010399945,-0.7896534718612582,-1.0137980156056081,2.1112158449097174,1.6052654289653003,1.4191908295975137,1.1812982561775114,0.952883773363089,0.7305310119233329,0.5150728266823593,0.2830957900333033,0.05475505677918665,-0.17054297151092393,-0.38990295740066805,-0.6028243636618763,-0.7928846812804364,-0.958839967998299,-1.077745415494835,-1.000480586392524,-0.31968016668482907,0.3270275500152784,0.37660394892186355,0.2685463702438784,0.10543577479939391,-0.051884150414643115,-0.2546402106638118,-0.4621595095587927,-0.65788860518221,-0.8580548650981638,-1.0338370484396824,-0.7853981633974483,0.19739556276672712,0.16514867331527536,-1.1902899444523245,2.356194490192345,1.2490457799820547,-2.356194490192345,0.0,-0.4636476090008061,-2.4980915326624284,0.0,-1.1141529385075133,-1.2815516683603623,-1.458753192384465,-1.6264260728073185,-1.7913528327620991,-1.9250200939908435,-2.0522137507540785,-2.1396929829764137,-2.1459341763441064,-2.0591966887186257,-1.9219268241988487,-1.8033532685998057,-1.7697905964684089,-1.8153463557702476,-1.8950282648161498,-2.0155187565497767,-2.153991258023835,-2.323419334785255,-2.495776735850051,-2.636670601141132,-2.795372956353436,-2.932313107627938,-3.073269922336211,3.101958249493237,3.0451188769355166,3.011624040969971,1.4056476534796212,3.043012137513146,3.0313852765514233,2.986595913979309,2.898758077096429,2.773351833555304,2.6286109910961226,2.4643066167580403,2.2776812676887093,2.08723243194419,1.8906881497041066,1.6753519252996307,1.4882031948185601,1.3066954701391946,1.1324046596240012,1.0133185854695927,0.8711904407285612,0.7747224089681367,0.7016252174068898,0.5984188876107567,0.48251331661336794,0.3044398529206953,0.07403324224869662,-0.15952398343054722,-0.42251400798360933,-0.6973382082170367,-1.0102145987292008,0.0,-0.7853981633974483,1.3998859704123008,0.10505990347823885,2.0698422926066864,0.10505990347823885,3.1365694170058798,-1.589976626135114,0.8097159893383047,1.8925468736077387,0.0,0.9884434007904664,0.3329860332236101,-0.2118562522426642,-0.7059479197084958,-1.1748124312957835,-1.5942154683174805,-2.0579600813488796,-2.498091544796509,-2.9417640031806784,2.884954065964685,2.401765528580726,1.8549302309246098,1.199905045417902,0.3049923543863742,-0.6290905725002253,-1.375160302172047,-1.9121237850890016,-2.3734570613497317,-2.793532390001625,3.1174646080310717,2.740121626048095,2.3715463812626725,2.020416801960245,1.6282044433947704,1.249045784023721,0.844539659874034,-1.5707963267948966,-0.3203480258074164,-1.2961489476958525,-2.212679308304336,-2.8087409264626255,3.0463403775369278,2.6818360893506634,2.3519482161600997,2.0133028040314214,1.708948078244405,1.398099816055191,1.1040999359249797,0.8001339503474199,0.4927804531814559,0.1861319487282673,-0.13082739093444204,-0.5523035089415442,-1.7063240395497603,3.018836376688274,2.4344193460721986,2.1154843457456973,1.8144841082587329,1.5302171102706652,1.259933104389824,0.9986380770009683,0.7404750603605516,0.504056842213085,1.8157749899217608,2.0344439357957027,2.158798918675079,0.7853981633974483,3.141592653589793,1.2924966706515968,2.6011731354749728,0.5880025918801824,-1.8925468736077387,2.356194490192345,-0.5404195181148206,-2.439657726299705,-2.6566018256520816,-2.8780462777915323,-3.090469276818777,2.974597597816997,2.7840758182690366,2.5682679187603386,2.379845994453296,2.2109165344687325,2.1081280531013618,2.1193457292454245,2.7437182998714715,-2.8057585141289443,-2.7164773661607495,-2.813435663702835,-2.9771647812603246,3.127860682043022,2.9262685791105323,2.739651507744391,2.5670915558811536,2.345068344989666,2.1565358207822407,1.9585086749554887,1.7806698219213406,1.630874319529525,1.5440851239788889,0.9827937349147141,1.8816646042587586,2.445508513219093,2.665963046190772,2.651946175039187,2.5667521363789363,2.4025612444414643,2.2361962010702605,2.049694186308599,1.8549833087127376,1.659394033782873,1.4548492094594248,1.2672255761364666,1.0846752125787524,0.9290558053529352,0.8007815769913595,0.7672183718494556,0.9139372109705103,1.440268567373515,1.822410590124702,1.9039715137909987,1.838322257658143,1.6709330932053927,1.4715343037773263,1.2669010008278196,1.0396673403344845,0.8237425690281243,-1.735945000110172,2.0344439357957027,-1.3258176636680326,-1.5707963267948966,-1.5707963267948966
1.1071487177940904,0.9420900885562498,1.5707963267948966,-0.32175056951088765,-2.5535900267895406,1.5707963267948966,1.3667783476619222,0.6795925886166077,-0.0032362345005347852,-0.6996880893376347,-1.4019870878783989,-2.113375679559245,-2.8089154850945177,2.7771731337560484,2.0820584998941465,1.4084939424707008,0.7653205204219902,0.20321621043051785,1.4711276743037347,1.5020972639687953,0.862734381623062,0.17266056006570946,-0.5270127618802974,-1.2242238425242056,-1.9181632615726065,-2.621881420560812,2.953209906103283,2.237379630462283,1.5275216035063313,0.8316927538531745,0.1204989662532845,-0.582798832495797,1.1071487177940904,1.039072234669467,0.4498960025628702,-0.2765790874454056,-0.9994588427284216,-1.6987484247122895,-2.413685032410158,-3.115624466600563,2.458176301172292,1.7389395698275578,1.062410529978006,0.37976085976648377,-0.2904189934717318,-0.9347694983685306,-1.509761122882187,-1.9273286080209693,-1.652803770067327,-1.5086358447386656,-1.9746763021484057,-2.584182140153784,3.066770076400611,2.419424796651427,1.736332011225055,1.067655591029993,0.4034190118824192,-0.27420196076063413,-0.9344169059395585,3.141592653589793,-0.5585993289294003,-0.5880026268002526,-1.3734007727581867,2.896613990462929,2.111215791502552,2.8198420840789056,1.5707963267948966,1.7681918808316064,-0.7853981633974483,-0.5404194647076556,-0.46090789232593743,-1.1123569993100888,-1.7711592395017366,-2.417927964913572,-3.060480682456684,2.5992436092276585,2.012492776114738,1.4519559840861205,0.9902147159414516,0.622880284969803,0.2917027428719955,-0.06861250390101083,-0.5126102781947935,-1.0458425792411377,-1.632828440322882,-2.2426586294391093,-2.8671818653460877,2.780986561042516,2.128570522308836,1.4991108627387326,0.8602089520812806,0.23923161625751294,-0.34959146304471966,-0.9262222358813308,-1.4493497108539013,-1.9509044458073757,-0.4636476090008061,-2.8896585056154676,2.909784446471738,2.3737840306154796,1.820553405923,1.187876694180291,0.5622129903707281,-0.07119962200575232,-0.7584337637603814,-1.4172525435859207,-2.095729171839936,-2.763130077526199,2.8488577040179117,2.200799524959667,1.5567127516743473,0.928179753929313,0.3402384387328545,-0.22601761555287486,-0.7853981633974483,-1.3566183701659702,-1.9711315436694914,-2.6150177600986915,2.9437151627952964,2.244382075190532,1.501256893369004,0.7421039534014444,-0.05328285361743746,-1.9513026934836446,-2.0344439357957027,1.399885978002926,0.10505990761903126,2.0698423091048017,0.10505990761903126,3.136569417453307,-1.5899766268071873,0.8097160140837836,0.0,2.976443968005304,-0.7237480103830604,-1.8888838809324817,-2.9521514571784193,2.3512194371882433,1.3948567038680966,0.46847460451446615,-0.4551992712384133,-1.375714818502905,-2.296266361094867,3.0572070553591524,2.1221629039964096,1.1276524782397717,0.03113180842455188,-1.2615974122102536,-2.718364185849216,2.3180108127696997,1.2436982376922998,0.29560457526753225,-0.625179420307565,-1.4908438590723467,-2.363359166687877,3.0783676790483097,2.2560019753997365,1.4157002278142472,0.5554937591369694,-0.3245516661905313,1.3734007727581867,-2.391682499044437,2.5256561648495817,1.0560122279427502,-0.0437039317002826,-1.0026915849864875,-1.885713294155896,-2.6821644302670857,2.783153111380228,2.0023693669649907,1.2302588318555834,0.457568662245387,-0.3273215202735358,-1.1152248985158157,-1.892546881191539,-2.715412407962506,2.6876534684884548,1.3554386150771311,-0.8638882611800164,-1.9882721593024255,-2.848274111631587,2.658521811141221,1.8725787571276584,1.1437177640819252,0.40621366515397284,-0.3148646623833309,-1.0471558474093554,2.896613990462929,0.38050636668874804,-1.5707963267948966,-1.7681918808316064,-0.7853981633974483,-2.6011731888821377,1.3734007727581867,1.5707963267948966,-0.32175056951088765,0.5880026268002526,-0.7853981633974483,2.832319185412718,2.132561880047244,1.4414980753348619,0.7385698244231451,0.05001513691700695,-0.6545265494400114,-1.3396315382321449,-2.002261905411535,-2.6664418714882845,3.0303783337176005,2.567673617305589,2.6207784728050236,2.9363999939365812,2.6220946856836096,2.048441265727959,1.3961241209529467,0.7341379753874716,0.07010012510508104,-0.5926095370341738,-1.265716129318431,-1.9560776875832553,-2.632000360214247,2.9919877062390627,2.343739602188245,1.712273561262352,1.1487206665052894,2.1815222668390133,0.4601934011158203,0.538420841070029,0.3315541413459378,-0.13905981143848783,-0.7096948358584737,-1.3432047553890254,-1.9893340847435494,-2.6603441901508806,2.938029766524025,2.282138676532701,1.6046042810475596,0.9461790875067297,0.2824221465760753,-0.3712151226955348,-0.9867152984162416,-1.502960021080455,-1.8575817236627472,-1.8120367002074962,-1.8558660931096582,-2.263534121031993,-2.8193741412660867,2.829811109534192,2.1797993514139398,1.4996940591169918,0.7925641878944673,0.08161974044272663,-0.5880026268002526,-0.4636476090008061,2.9441970995530835,2.677945044588987,3.141592653589793
0.3217505443304887,0.9420901488237003,0.0,0.982793723247329,0.9272952180016122,-1.2490457723982544,1.3092582271046889,1.302607556811443,1.2849313720896904,1.2677874145342467,1.2567825612695789,1.2385680911677983,1.2195213731182155,1.199843100065185,1.1913166374589068,1.1832070221506912,1.1947186233087361,1.2140196507910932,1.5409544430687587,-2.338855203127824,-2.1983731026832656,-2.203201000375085,-2.2165932578346057,-2.221820289802617,-2.2461195478038527,-2.281854735248652,-2.297438689691582,-2.3303453775593774,-2.3517658080827695,-2.3692328373958613,-2.4091569596362463,-2.4317348799067084,-1.1071487177940904,-2.5562782001775504,0.8050035239656681,0.6467584390796134,0.5939470588148743,0.5709144195621491,0.53565405776871,0.5137209351378352,0.4919218288623457,0.4611030973933941,0.4507617455830664,0.4470892571903097,0.44040982508566523,0.44098666045551815,0.47734536990901627,0.5519950821008367,0.8087856900374648,1.584979772998817,2.469797236728817,2.7987636372311826,2.922478863986575,2.964246148367861,2.9957817205748856,3.0164636690771838,3.0313232757506423,3.0405709801339516,3.052583610910324,0.0,-1.0303768265243125,-0.7853981633974483,-1.5707963267948966,1.5707963267948966,-0.982793723247329,2.5535900500422257,2.9441970937399127,-1.5707963267948966,0.0,-1.7681918866447774,-0.916635293642938,-0.8728278807654453,-0.8182582736228188,-0.7988653503771741,-0.7702222766280762,-0.7388180099250511,-0.6962496184364149,-0.6440826613698708,-0.5511172804607161,-0.41707114286208274,-0.20468220053852137,0.05480789558356816,0.39299971814226164,0.7070249938755586,0.9371281462065714,1.089621297793948,1.1958540532012742,1.2812307041142486,1.336401082328825,1.369643391751774,1.423031459186893,1.4562792620332807,1.501988107687292,1.5561988231269908,1.630473806950341,1.7085661897030782,2.677945044588987,1.9585934726542742,2.1465221109807477,2.3352635576852263,2.512634349618996,2.708153048232576,2.8458263488933513,2.915756807203914,2.9879088041400776,3.004582686238085,3.0330165921825483,3.0380275125169867,3.0288650388858076,3.021783980484304,3.0053854364214496,3.006147119128738,2.9974696644556262,3.017511786893542,3.071149790128118,3.11687241592805,-3.06234719083509,-2.9711836298863594,-2.8699536360292623,-2.820849157018335,-2.8090263857488558,-2.851327735330311,-2.9315699807265214,-0.6435011087932844,2.356194490192345,1.3998859698707873,0.10505990134316004,2.0698422968788566,0.10505990134316004,3.1365694171354184,-1.5899766268674747,0.8097159748030662,2.5535900500422257,0.19739555984988075,-0.821164452611297,-1.139493320330981,-1.4221043634212993,-1.6745886672519394,-1.9233332178413494,-2.184740154051657,-2.4585082604174895,-2.72203408168528,-3.0317997301216866,2.84726138237916,2.3091703713615033,1.5575227705718124,0.8949324214160314,0.4636476090008061,0.1370661729006912,-0.12254463386134752,-0.32737132840211,-0.5141700936382008,-0.7004106748945735,-0.8667455853778392,-1.0389950589122838,-1.2161489396016072,-1.4043810267590409,-1.6207547225168393,-1.9291903350382589,-2.44103434273322,-0.35877067027057225,2.4872223893538963,2.0977395404600303,1.8496603274920924,1.6835563951263182,1.528841953166706,1.403612844847196,1.299490852344042,1.1907784831391441,1.081735725308597,0.9881412848174544,0.8926034784350472,0.7695721333957114,0.6337664122637698,0.35977571358393395,-0.31656924582971296,-1.584684322259928,-2.0993931093432856,-2.280216463936864,-2.4100189586943777,-2.4990206178812624,-2.580099009775794,-2.641849618010632,-2.692546491817978,-2.7409682629401995,-2.788602263345495,-2.834483606106222,2.677945044588987,-2.356194490192345,-0.5880026035475675,-0.4636476090008061,-1.1902899496825317,-1.2490457723982544,2.356194490192345,-0.4636476090008061,1.892546881191539,0.0,-2.356194490192345,3.0130778295429512,2.9948491148151777,2.9811343692082843,2.9661113874572957,2.961628744199922,2.95758674536496,2.9696732526109275,3.006787678854366,3.087667710545924,-2.9395110968393676,-1.9451299481414352,-1.0658336566705682,-0.8151291863806819,-0.7294565896977631,-0.7044374502621568,-0.6801979240896847,-0.678383631069388,-0.671024707519283,-0.6627294943552439,-0.6629043875635279,-0.6583784588070429,-0.6537869705662017,-0.6289803501768384,-0.569313208269209,-0.48757043082311624,-0.2961996355286503,0.7853981633974483,0.9041035058869641,1.4460739485538705,1.6916617977388275,1.7948759410829904,1.85572967348093,1.8823431369293955,1.910143066937654,1.9201963251940435,1.9163186217102042,1.939204472339923,1.9504272049095208,1.9660576008687847,1.9935975775151968,2.0369176452918696,2.113375643038565,2.3271118098543173,2.7846197065476717,-2.642245931909663,-2.162982975555029,-1.990099026294412,-1.902263898285511,-1.8780873691850264,-1.8476737097400706,-1.8523751049205557,-1.875530916984366,-1.9015399524495322,-0.5880026035475675,0.09966865249116202,0.0,2.356194490192345,-0.5404195002705842
1.4382447958992104,0.9420901075058634,-0.6747409578736111,-1.89254686515023,-2.356194490192345,2.1587989056635273,2.309059631269632,2.115611050824084,1.9252956380753603,1.7256677406629322,1.5212031772721435,1.3374498875650482,1.1327735352555275,0.9275071966607489,0.7356238247733464,0.5718671109888502,0.4479420832673791,0.5293963143351108,2.5924397525747107,2.6292032193912336,2.4768539965299836,2.2960262545714314,2.1069288183340724,1.8999816938750955,1.692896533018573,1.4994228790618698,1.2795222998705753,1.0626815455062477,0.8525459797772047,0.6227674761029267,0.4271896021942511,0.18673877589301136,1.2490457884395632,2.995108472833493,2.7606918103921827,2.5424472693301183,2.334848486206597,2.110334798638209,1.9072472995980085,1.7142794199062332,1.4920860316992328,1.3051594590524835,1.1136453476078128,0.9387644376340485,0.79153300753359,0.7253611346168075,0.9416238206305175,2.007423496827189,2.388183568324241,2.3484226335281204,2.235127739708821,2.0840668926901484,1.9066124642643878,1.7259108489060522,1.533540843825405,1.3714227051422345,1.1983557465468255,1.0558992791975994,0.9312331738258283,-0.9272951923355174,3.141592653589793,1.89254686515023,1.89254686515023,0.6435011344593792,-0.19739556601961541,0.4636476090008061,-0.7853981633974483,3.141592653589793,-2.761086265414456,0.2914568180247441,1.1193176420335835,0.9712101808045891,0.8341040845722182,0.7308476051387026,0.6371553515319649,0.6156513928806745,0.6563889393204619,0.8233162610681791,1.0158006172542373,1.150672306614842,1.1928918373946233,1.140070961591589,1.0528543334596778,0.9328817358112927,0.8033602848453522,0.661043157701614,0.5223491530495715,0.3897802894857687,0.27465350773237546,0.18557928485757275,0.10341654742132717,0.06348048675681983,0.0745145614687579,0.11957469895783884,0.18568150306378767,0.23547874903510937,2.896613990462929,0.15792774936371756,0.06798584916468127,-0.0555669657370492,-0.18772734882796485,-0.3283054352670156,-0.4865364214495474,-0.6447030514616909,-0.8029402297726589,-0.9635093772344092,-1.091175630044332,-1.2030613839665785,-1.3079920266582854,-1.3708764243641847,-1.4075787650556593,-1.4333911024695134,-1.4953583644889332,-1.6120487059518942,-1.7365220336371825,-1.911311430750712,-2.109772820227961,-2.327076538658896,-2.577963583280888,-2.8204258597225107,-3.0837729406030556,2.946785528155727,2.670303287240222,3.141592653589793,2.677945044588987,1.3998859741733016,0.10505990504411315,2.0698422958754312,0.10505990504411315,3.136569417290412,-1.5899766278717724,0.809715969648313,0.4636476090008061,1.2490457884395632,1.1513676427706556,0.2798171082100128,-0.8576127967693666,-1.8580777957989678,-2.544704988646219,-3.080798096071477,2.711961325176878,2.2792611014905337,1.8592826967847356,1.448374940530687,1.044403953224733,0.6345679445161415,0.20594739403930462,-0.23568054098260643,-0.7562205866776676,-1.372825057434698,-2.23245182289926,-3.126256433436189,2.4892873261492476,1.9607141718895438,1.5381185148903418,1.1475248849799127,0.7870760009926979,0.44802387470041877,0.11793360270206374,-0.2110067709672369,2.677945044588987,-0.8890256063080425,-1.2947319277344864,-1.78546036328097,-2.5653958572482716,2.6373019817698147,1.8735102154350678,1.373796498097931,0.9944865608776716,0.6600242708350275,0.35957033297454855,0.07440975642401035,-0.19903691625708556,-0.47603971041975296,-0.7420865929267123,-1.012598991396583,-1.2767368565466948,-1.5831160329060145,-1.9077741250675508,-2.4890962788262203,1.6337053340187808,1.0369628936118163,0.7086262812432645,0.4229219675716313,0.17367120250192727,-0.08278450225417593,-0.31303889385895467,-0.19739556601961541,2.0344439357957027,1.3258176636680326,0.24497866312686414,-0.4636476090008061,0.40489179734805525,-0.7853981633974483,-0.7853981633974483,-2.0344439357957027,-2.896613990462929,0.4636476090008061,-3.0622681914777448,3.032998977978605,2.828899205888831,2.632830877725392,2.4394419878408358,2.2634529280941447,2.061241652558469,1.8749828247543892,1.6992978091280162,1.539474977776407,1.4199644784612098,1.401383281523756,1.6929129427797613,2.6151473927988658,2.934354893807611,2.9027189228043597,2.795750366236066,2.64807531827878,2.468826328566283,2.3090040811800354,2.1202123261128345,1.939223142501435,1.7749813000229486,1.6060550748111153,1.4532229816618962,1.3292979243983083,2.875340579759929,1.296102414712467,1.6473239016770347,2.2287891674098272,2.490443539184833,2.4978199442652995,2.4067937481160255,2.2915179617042467,2.119307811380424,1.9531075255401693,1.7888395853122643,1.611265906528912,1.433016215382136,1.272356964027147,1.1108940403953633,0.9772088897993643,0.9047448498446781,0.9641548832276429,1.3435217439172056,1.9662269682665845,2.1904049160533106,2.171470233359802,2.0413088188348656,1.8867824878960975,1.7032962007369836,1.5076748747464281,1.3085189624779505,3.141592653589793,-2.677945044588987,-0.7853981633974483,-0.9505468668250094,0.9272951923355174
0.9420000369168228,0.9420901022096747,-2.0344439357957027,-2.1587989426614755,2.677945044588987,3.017237659043032,1.978855646260591,1.9003187637489591,1.8427598931923515,1.7569827276001913,1.6646084109520078,1.5766344590448398,1.4753888906473942,1.386614210857886,1.3056932619083785,1.2251909513718007,1.173663600762041,1.1286916344823055,1.1668782697632303,-2.6692872541798653,-2.539305310853177,-2.6297368367298763,-2.7045276312260462,-2.772647708083816,-2.854834404240397,-2.931245439987818,-3.040056233591234,3.138765139956701,3.0296251093619957,2.945277719007484,2.8414801930800055,2.735629521399852,-1.1071487177940904,2.5154890388988655,1.2120256652995103,-0.7688979980887414,-0.9033785916292684,-0.9850419180968254,-1.0869785209074325,-1.1771920188624874,-1.2889232905332377,-1.3995786335025115,-1.4776955734178123,-1.5650382333435777,-1.6351902840366932,-1.708174367135551,-1.7615057121698623,-1.7815244319008559,-1.7186982547272356,-1.41504333716196,-0.5810194713770895,0.012460414283338387,0.14888994134457242,0.1862008699108797,0.16452730973282093,0.12098346727426197,0.06769302105610323,-0.0037878606994138134,-0.0715721381873397,-1.7359450085378247,2.1112158082246406,0.3805063715900497,2.1112158082246406,0.3217505624039995,-0.3805063715900497,0.7853981633974483,0.7853981633974483,0.7853981633974483,0.9827937109283178,0.0,1.303584345140758,1.3072690712237551,1.271113503166273,1.2365982771004609,1.200159853681811,1.167190556918882,1.1252462667728487,1.094174914472202,1.0856635739332399,1.0941777200919403,1.1670903084296822,1.2702728482095225,1.4559951758688552,1.6913586767445608,1.8980581687998597,2.0617808706154364,2.1726808990784687,2.2165006925446717,2.2059831883345558,2.224412346723309,2.1625571650180757,2.1407415013325117,2.121801471636794,2.081640964355575,2.064017999040913,2.042870692139189,-2.4980915576082805,2.0632506402279494,2.1191197201069163,2.1978267263527136,2.2945758989956486,2.407170683962257,2.5015637345294235,2.5837014097605873,2.592676297203641,2.597905983515594,2.5657336781118154,2.513773393183872,2.430710634992441,2.3580360988642517,2.260750758694885,2.1840036807983885,2.077610831223687,2.0047497105296594,1.905894249717109,1.8566267695611027,1.8082401447286838,1.805674340558836,1.8081705628528206,1.8044118354957617,1.7818896620175293,1.736882220467908,1.649067471932021,2.0344439357957027,3.141592653589793,1.3998859881188144,0.10505990596700719,2.069842279720468,0.10505990596700719,3.136569417307547,-1.5899766263279058,0.8097159870179023,1.5707963267948966,-1.8925468891988961,2.771579072121668,2.405055363765585,2.0454324902878245,1.7181702810557757,1.3812488806034238,1.0350337384161337,0.6604978164208728,0.23397664644729554,-0.2905421530060272,-0.9729687087118115,-1.8435207760776897,-2.480794141604281,-2.960974039255556,2.9651258489790595,2.6495510965139766,2.381399234876337,2.114429868105366,1.8665389731757516,1.5966526325891217,1.3749376427981488,1.0994367770769786,0.8248042368985259,0.5093735657574316,0.07950240197560914,-0.5164038774134762,-1.3405224785502845,1.7126933765946464,-2.4014191029165644,-2.702548584838107,-2.9524522784936003,3.137898089169647,2.923423202957047,2.7298205873709867,2.5762359075649353,2.3782677640446384,2.2170808194976304,2.0369884720088227,1.8473798797468526,1.603959521151532,1.2502181045220113,0.4822213198085199,-0.8773887215253828,-1.3739647825504924,-1.667713951231639,-1.8393087195222255,-2.001613166522179,-2.1495484867224097,-2.2857231346738742,-2.4337223917959943,-2.5508314511541257,-2.674698291637705,-2.778258192303913,-2.8953824705984945,2.8198420911857935,-1.5707963267948966,-1.1071487177940904,-0.16514868174292813,-1.8157749899217608,-1.5707963267948966,-1.3258176636680326,-1.5707963267948966,-0.5880026158665788,-0.5880026158665788,-1.5707963267948966,2.083031430538886,1.9898715680647339,1.9171636647965562,1.8416374840488368,1.75268431528867,1.6997988549459189,1.6308166026739528,1.6330857070512432,1.7434035636914365,2.356194490192345,-2.9354713230765763,-2.628380248606996,-2.5493023335506555,-2.5728534116830275,-2.6210997571304624,-2.6971734537928636,-2.762389439259738,-2.8250913880315696,-2.8900833080778208,-2.9471373017648417,-3.027152346674839,-3.078458279141952,-3.1240505940497894,-3.115003175923011,-3.082118218843812,-2.8845226968564526,2.896613990462929,-1.7543359664483507,-1.4128488324414663,-1.3020126354334207,-1.2980470318780328,-1.3114833960864192,-1.3601740249798837,-1.4022316762154399,-1.4754598265094572,-1.5540340490187372,-1.6048320294296203,-1.6648131025765456,-1.7166841740026484,-1.7563241365793272,-1.7758536891387608,-1.727558927058354,-1.577448112919017,-1.0926569972386675,-0.4318112489493599,-0.09013968444893627,0.01664201349544837,0.03507332949938279,0.0009242141752547003,-0.06426780909966963,-0.13722369079015118,-0.23360525019347422,-0.33220644933411403,1.8490959767350756,2.4980915576082805,2.8198420911857935,-2.356194490192345,-0.3587706614953863
1.7681918866447774,0.9420901378315618,2.356194490192345,-1.0636978374390673,-2.356194490192345,2.356194490192345,-2.755572451154893,-2.8224029170712703,-2.9128299776993494,-2.9826332216984355,-3.0552532131139474,-3.139856544284431,3.0719805471751838,2.993055976316681,2.9242232489219937,2.86474496834015,2.795699084053309,2.7766332846397854,-2.31007338020096,-0.9125769029117712,-0.8875622296038823,-0.9150021011866015,-0.977126060093005,-1.071189486442499,-1.1630189409494263,-1.2435846654339748,-1.331609989632499,-1.4154914679785702,-1.5075619658554915,-1.6163344427397537,-1.7002926642408442,-1.8078789205758277,0.19739555984988075,-2.914793810908502,1.1516109048834773,1.0340820524005492,0.9531793922618687,0.8409471332650688,0.7533528557239141,0.6606020349841241,0.5792285743422358,0.5192647296182208,0.42901021883619916,0.354217776993158,0.28968017385453426,0.2442409269278655,0.26353218923195804,0.41167134980524966,1.0444039437684285,2.016901887944346,2.3170685701719846,2.379618058424797,2.3658281186753243,2.302237075414545,2.2586390963711347,2.200944231052517,2.1493528460872136,2.1125234653156544,2.077114642778295,1.8157749899217608,2.356194490192345,-2.976443976175166,-2.356194490192345,-1.5707963267948966,0.0,2.677945044588987,3.141592653589793,2.9617391486969313,-1.5707963267948966,2.677945044588987,-2.5929929843500354,-2.617440299996297,-2.6396546658145636,-2.6649819960973735,-2.6973063800314696,-2.7185318636223035,-2.6986240286528886,-2.6522272546824346,-2.5549815359324013,-2.3820390606699373,-2.104750396961085,-1.8383162561242923,-1.610101916541036,-1.4793986534785104,-1.4025895598250555,-1.3902642488391994,-1.3845062901737872,-1.3868272073666,-1.3880865457625173,-1.4202584859023946,-1.4206271144119935,-1.4292346266606977,-1.4428369043097038,-1.4151217683176576,-1.344449047473619,-1.262816088504229,-1.5707963267948966,-1.003783986003784,-0.8603868323340473,-0.7382866236622165,-0.6647413093701947,-0.6075345963815383,-0.6015676529606302,-0.6348033699760423,-0.6513649461522028,-0.7109357627032147,-0.7542971068233505,-0.826321645876769,-0.8812029564742195,-0.9281575124642492,-0.9797634246216212,-1.0110971092896737,-1.001869319100359,-1.004389885508385,-0.9364482578143283,-0.8835789552535134,-0.8435687256277075,-0.8499848251631137,-0.8698871055140392,-0.9467017224122429,-1.0628427244242264,-1.2174772930263107,-1.3707126061684705,-1.373400766945016,1.5707963267948966,1.3998859754106578,0.10505990069440023,2.069842283856696,0.10505990069440023,3.1365694175209438,-1.5899766258871464,0.8097159668877473,-1.892546881191539,0.19739555984988075,-2.908671977523016,2.9441970806620055,2.585232478315695,2.239905137899654,1.9062585674104815,1.584370154278815,1.290283392250999,0.986085914521366,0.677004533709316,0.33571937648244127,-0.02831487155213717,-0.47991651207443403,-1.1287502976556585,-1.9279303263449785,-2.5765569042916643,-3.0914164615510824,2.8393382326122603,2.5453935158559,2.2969974885423556,2.05018184092056,1.8264412444007136,1.5958537388819465,1.3682087187599403,1.1244572429384174,0.8664385332337762,0.5675846541808617,-2.158798930342464,-0.5212047604871501,-1.3882364780417509,-1.964341093082579,-2.341827698522398,-2.5858654348433596,-2.79477297283934,-2.9964571614873763,3.1188692931431223,2.942463248117349,2.7778618495830605,2.6152280742475607,2.466645381024555,2.3023412240712178,2.110191599358414,1.8907547747213358,1.4552906588412013,-0.025635407893345098,-0.8750448781220709,-1.1810877634042949,-1.3667783466207764,-1.5110037432412105,-1.6345396414993731,-1.7675633587592285,-1.8841815547839202,-2.0057908126162562,-2.1187634991751523,-1.5707963267948966,-2.0344439357957027,-0.7853981633974483,0.24497866312686414,-2.819842099193151,-0.3217505543966422,0.4636476090008061,-1.7126933877745403,1.5707963267948966,1.892546881191539,-2.677945044588987,2.9601646734951523,2.883558638262543,2.7956460563295917,2.7151974753630204,2.6425502893239936,2.58005696358036,2.5319768915604306,2.4866284516393957,2.464770577448709,2.5047517998285374,2.7809007334201055,-2.5552055765572605,-1.885337942170358,-1.7268665708630295,-1.6986039603916478,-1.709059447287815,-1.748214319610279,-1.805956411778217,-1.8739856477104722,-1.9213347403108088,-1.9808241225240941,-2.0285960399394254,-2.0757880250665757,-2.1097365433266564,-2.111215854340259,-2.0633551918234714,0.7853981633974483,-1.36553723053047,-0.6602819086088775,-0.33121401612247214,-0.2074962369576563,-0.18269728800753637,-0.2059360077230579,-0.23354827149272991,-0.27861890163931013,-0.3233941242706502,-0.384621022481287,-0.44324227378436876,-0.4927303027412396,-0.5359087385317587,-0.5461127521118672,-0.5411096323871764,-0.4330533384917818,-0.12435499454676144,0.5823529468494304,1.140045559952527,1.3218868761634974,1.3519973025650422,1.33925255746611,1.2950999059004076,1.2218894802032285,1.1477684474574807,1.069623703406749,-1.5707963267948966,2.9441970937399127,-1.1071487177940904,-0.19739555984988075,0.0
1.5707963267948966,0.9420901215922012,-2.677945044588987,-1.5707963267948966,-0.8760580505981934,1.5707963267948966,-2.7813537697228723,-2.7489156898485647,-2.724805507440542,-2.6997994725208923,-2.684460868498162,-2.681851278802208,-2.6525510989987238,-2.6363397026298485,-2.6160681354944892,-2.593242498386747,-2.5498427252186238,-2.493644321957679,-2.193099197982104,0.1485048937811364,0.39060703204073316,0.46540046445596217,0.4916715578259358,0.511593410610737,0.5263308604981913,0.5373214155524357,0.5384320931624395,0.5459535615142364,0.5526295499482794,0.5603213345722874,0.5609306472021718,0.5720914448546383,2.819842099193151,0.545655080965354,-2.4905159321453136,-2.5697873541176817,-2.5485491604782573,-2.5466032288067377,-2.5455058765511,-2.5283180055816143,-2.5308666824848283,-2.520432015386735,-2.5057354444202122,-2.474237554701868,-2.4591700657060054,-2.420310518972109,-2.363680997470003,-2.2624039009857992,-2.0125894923123404,-1.4259838285559576,-0.4177508231744623,0.04062803935280619,0.23260532798647213,0.32313880671642486,0.38546128937111146,0.4433015740379337,0.4927873525234647,0.5352640335542307,0.5863870988176535,-0.8960553845713439,2.356194490192345,-2.896613990462929,-1.1071487177940904,-1.5707963267948966,2.677945044588987,-0.3805063771123649,-1.8157749899217608,1.7681918866447774,2.356194490192345,-2.761086276477428,-3.0542338632027906,-2.9615337907825405,-2.8876856645492923,-2.8133062512987066,-2.76394720587372,-2.6984741158710253,-2.6225811794056697,-2.5436097205014634,-2.428744040844878,-2.2760283778556754,-2.0702790961033113,-1.8148221506793936,-1.4924010628469548,-1.1613235904191637,-0.864389109633723,-0.6339838227356268,-0.4714094325451033,-0.3514862523586501,-0.2519313974097973,-0.16006463254660044,-0.08047100939499637,-0.014873044930769528,0.05916431907773955,0.138305485463418,0.24160134875465974,0.3394440057486047,2.0344439357957027,0.6067671795957538,0.7928238071020794,0.9949573196882037,1.222345908503002,1.4124989022800702,1.5968321089772841,1.7477865516753799,1.8412611051654053,1.931040470907902,1.9895711599551196,2.0308661395827707,2.0617692717661833,2.0952855462908695,2.1076503523428842,2.1096983595681222,2.144789321714126,2.1641129170337905,2.229453652910829,2.295802906530079,2.3938479008805564,2.491216981057977,2.604964585157656,2.7207939459620887,2.764737807105919,2.808058141212861,2.788080216831007,-1.5707963267948966,0.4636476090008061,1.3998859691403944,0.10505990739048349,2.0698422707064648,0.10505990739048349,3.1365694173632557,-1.5899766274549088,0.8097159734054901,1.5707963267948966,0.16514867741462683,-2.6293192863093804,-2.8831377221777292,3.1346362442473614,2.915411781661655,2.686141578626233,2.4617687919356106,2.2417238627729015,1.9830827419394486,1.634709157000532,1.2100771068767653,0.5635033928680752,-0.1675324631258414,-0.6490721100994917,-0.9928169752229408,-1.2413872842629343,-1.4563729517432422,-1.6122164747207615,-1.7576395269253504,-1.9053769713189403,-2.0508743697209835,-2.192677686597447,-2.3439320110791604,-2.5111504871828574,-2.763270617508688,-3.1384380899717272,2.5795436065402297,3.141592653589793,1.3964333353352245,1.144506010267251,0.9648423117518949,0.8283404783080786,0.7367209545700837,0.6444527952188015,0.5685782813910746,0.5017691459036884,0.42723087502728097,0.364642667910487,0.29175953880996913,0.19188380047706563,0.0395274224859099,-0.27898741680588834,-1.4263547484202526,-2.3622184831928807,-2.5791890226228005,-2.705401769614746,-2.7780657802005306,-2.822962213996501,-2.8622107352995334,-2.8840537626352605,-2.9135443902874507,-2.922923705378698,-2.940757743918055,-2.948406608054019,0.4636476090008061,-0.4636476090008061,0.0,-2.677945044588987,2.0344439357957027,-1.1525719972156676,2.601173153319209,-1.892546881191539,2.976443976175166,1.2490457723982544,-2.2455372690184494,-3.020484402113713,-2.9995594224567417,-2.990846271737014,-2.964396351139341,-2.938919552807349,-2.901849559407316,-2.8531782988042966,-2.7676288672389813,-2.6049044792858678,-2.178101519249155,-1.1071487177940904,-0.4406961170714508,-0.2017177394285523,-0.09453221465841584,-0.02245485320811906,0.02080865007647033,0.07216362794678312,0.10386516755858571,0.13427633750879817,0.1856629388902957,0.2194367698582229,0.26733545924562946,0.3275545265008821,0.4184838036751141,0.5451143196381111,0.7949216690638273,1.7894652726688385,2.0401827829083636,2.570925737156688,2.8203413426990642,2.9717443753787616,3.0513909267118073,3.1112988928508702,-3.1074872798045488,-3.0718670391073015,-3.032182832556679,-2.9851912129003244,-2.932855412041521,-2.8945179947066952,-2.830728155762179,-2.739453991245133,-2.611649469985463,-2.3774678604984105,-1.8354099367270933,-1.061912131133037,-0.5728522655601199,-0.34533107371908756,-0.2182920941901779,-0.15975960776266887,-0.10799107065295319,-0.0708489618523863,-0.057345900278578464,-0.04453659849894858,2.158798930342464,-2.819842099193151,1.5707963267948966,-1.373400766945016,0.7853981633974483
1.1383885543010568,0.9420901078432777,-1.5707963267948966,-2.1587989424717544,-1.7359450084711658,-2.677945044588987,2.3959565310748308,2.3432674421282793,2.29673291617876,2.2330829005002557,2.15951747894336,2.090485607504872,2.02078584677724,1.949235020226563,1.8940294655057155,1.8314914606313153,1.7884104379198014,1.7526361935412365,1.9941070842713777,-1.9584658895519198,-1.852795095224345,-1.9109497082364018,-1.9714524771969961,-2.0322735783618424,-2.079147191967087,-2.166876721059881,-2.2385209174747196,-2.3181310886238835,-2.4164532926639968,-2.4902457530958158,-2.57497292401231,-2.6605626976002843,-1.8157749899217608,-2.866842221255648,0.49934671525237906,0.22790933906754438,0.11479243823413222,0.034631815987770986,-0.043011431533444035,-0.14379699156715892,-0.20339788771704156,-0.29411940406794895,-0.36225617877465793,-0.43561755494904947,-0.4843726626631255,-0.5317240672588056,-0.5543720958018855,-0.5348162613079955,-0.3805063833263855,0.2642600397606911,1.133619112658785,1.4915108198319385,1.548618817224958,1.5693512410304087,1.5502181186449195,1.5035796080119244,1.471127672285219,1.4163476291790733,1.3776692749012798,2.8198420913091122,-2.819842109705202,-2.677945044588987,2.129395649225235,1.5707963267948966,1.695151321341658,0.3217505622806808,-1.5707963267948966,1.1659045459470812,1.1902899551197996,1.3258176636680326,3.053395527928928,3.0482970263413494,3.025307427140214,3.005027304674227,2.9822410112096644,2.9683211045672024,2.964922904026761,2.9650966652291966,3.004295036063404,3.0759593606607916,-3.0946956557642347,-2.8936378072545166,-2.6351279883532763,-2.3957054152430826,-2.1945165324571168,-2.066502925802289,-1.9802840155648196,-1.9510574221055281,-1.9480672139418902,-1.9462666312590446,-1.9629879380150037,-1.967910337118075,-1.9716991714222365,-1.9921764101513897,-1.9706630226492234,-1.9594732989655685,-2.356194490192345,-1.8305280254537017,-1.7103933549559265,-1.5860332427778776,-1.456730506325117,-1.3333363079736702,-1.2430902323842234,-1.1992395720223603,-1.177976010984578,-1.173842338459241,-1.2145766684024373,-1.256627753777451,-1.320595785449476,-1.3863800384867884,-1.4555352335071914,-1.5178156529699813,-1.5773860170918044,-1.6208439448472018,-1.6422491198599924,-1.6577326101442016,-1.6215142157661189,-1.5788824039267608,-1.5572470203802664,-1.5542232593847933,-1.5872783504966457,-1.640762796799106,-1.7607846126570463,0.7853981633974483,-1.9513026984699937,1.399885979639855,0.10505990253964483,2.069842280267111,0.10505990253964483,3.136569417166497,-1.589976625517211,0.8097159763416417,0.3217505622806808,-1.5707963267948966,0.8140527527051625,0.4602082283706527,0.12194957339978034,-0.19155147725925162,-0.4963632075561318,-0.8089786932358135,-1.1258305553031307,-1.4676440829936181,-1.8600958799442076,-2.320811030516214,-3.0201460284429054,2.456131485811036,1.8482779910566005,1.3822579342863923,1.027577460833572,0.7406193434749584,0.4822213083698809,0.2427725536065577,0.0012690348248383593,-0.21894940968511403,-0.456928118190421,-0.6828340644481583,-0.9347870614430075,-1.2441472904284376,-1.6293802378525286,-2.2670459579446502,0.21866894401887413,2.6040999461444914,2.2388192188121296,1.9673115665780128,1.7368822241766093,1.5396375827103785,1.3722212394199642,1.2047755277802619,1.049340417166986,0.9110305518316449,0.7551616319691185,0.5909991857879263,0.4086729598494057,0.19077314514574628,-0.1532942815921173,-1.1918166565036434,-2.3419097285584245,-2.768023208955451,-2.977392449403543,-3.132515747300255,3.0071001948020735,2.880915796697432,2.7584857461683154,2.6449030710168517,2.5341693163576267,2.4534665700948466,2.355350613767948,-0.9272952306160738,-0.7853981633974483,-1.8925468890755774,-2.4980915574109703,-1.9513026984699937,-1.5707963267948966,-0.16514868167626934,3.141592653589793,1.5707963267948966,-0.8621700620874979,-2.0344439357957027,1.2684607925795433,1.2035522510646568,1.1382536493334703,1.0759783939586451,1.0121970295934808,0.9610436946594765,0.9270140839751765,0.9050288068092015,0.9699647699521802,1.2710202582174832,2.236085765713444,2.887424615192373,3.0669452901003034,3.102971989636989,3.0947711638929376,3.04467502579543,3.0117660882269615,2.952040764518244,2.92534411443318,2.868020534446822,2.8243263913167778,2.7830451962064373,2.7489451731761463,2.7544996893516287,2.7860435025206063,2.934556729238613,2.5213431548220444,-2.2722338983285386,-1.7928037113777948,-1.5989812328476365,-1.5682223297867117,-1.542707982278258,-1.5653467894279054,-1.6039516689534177,-1.6370020739435756,-1.6904075227754376,-1.733410155872682,-1.7823426372203623,-1.806273586401196,-1.8380894864747923,-1.838504897462794,-1.8021478366094363,-1.642568256049488,-1.2010744321795406,-0.48755303277025525,-0.08008862773751663,0.06270482212181165,0.11773257442052959,0.11054844452826036,0.05710582921370035,0.0073228961678761546,-0.07364990454622991,-0.15541124722351765,-1.428899270613925,2.1112158085148023,-2.5535900379129357,-2.1587989424717544,-0.19739555681755833
1.2924966796641522,0.942090102842471,3.141592653589793,-2.0899424216770672,2.356194490192345,0.0,1.0124546050313021,0.6687991521296897,0.3278604658754144,-0.024406661400446204,-0.37776665897129097,-0.7353448760599209,-1.091866098162559,-1.4413276556294734,-1.7846343899212556,-2.1094385686201447,-2.4171171359138386,-2.5914268784397985,-0.8775731833277659,-0.715632068617226,-0.9977759420414869,-1.3381212967064136,-1.6876153297474707,-2.033472611879374,-2.3834795284539356,-2.7536046504028127,-3.11265861499575,2.7992854919914816,2.4313771918375497,2.067764933015055,1.7109994302614193,1.3337288946635464,2.214297435588181,-2.504791618398083,-2.898773825364667,3.02928526840538,2.652493622936468,2.2890686051048763,1.909913217872535,1.5586879381398624,1.196363876041541,0.8329117533586363,0.4899573341425812,0.14749973773979858,-0.16258982312087653,-0.4525779679500265,-0.5788620863546285,-0.28913257226995975,0.48212601068089406,0.5265749129645818,0.2958197687061393,-0.004273478361789658,-0.3144904489201231,-0.6348898906226167,-0.9736854655880864,-1.3053199429223363,-1.6327788879546279,-1.9398089357258765,-2.246271489508637,2.356194490192345,-0.7853981633974483,-2.677945044588987,-2.498091544796509,-1.892546881191539,0.0,-2.9441970937399127,2.0344439357957027,1.1071487177940904,-2.9441970937399127,2.5535900500422257,2.356194490192345,2.053052752223384,1.754178983969351,1.46386117070277,1.1905204934977986,0.941280331667138,0.7416473206354866,0.6082125961734344,0.5800662378471394,0.5910814065901194,0.584626110566502,0.47377187378580804,0.2812321888053074,0.046037906211945326,-0.20953677514713392,-0.49702070220795685,-0.7822134337246814,-1.0741657590758102,-1.3647370483475958,-1.6500918148384591,-1.906978879505676,-2.1615504992851444,-2.3840579800935484,-2.55120001063171,-2.6986889734510022,-2.8046457248646752,1.373400766945016,-3.092336748741005,3.0091488614051025,2.7800149774916902,2.5163568857480674,2.227781541626322,1.927156277735014,1.615015270234851,1.2886370475564601,0.9539760899963533,0.6396411613699552,0.32918535938068133,0.03813730262131567,-0.24581583197575488,-0.509301140549723,-0.7144132353915786,-0.9255198120805517,-1.1638607568957922,-1.3832929317209044,-1.6662500433860976,-1.9727602420466934,-2.317915357124496,-2.7029175466047297,-3.0949733153751056,2.776679569071265,2.33756310439375,1.9075833484522076,0.0,-1.5707963267948966,1.399885980235052,0.10505990477423346,2.0698423091880076,0.10505990477423346,3.1365694169721894,-1.589976627660998,0.8097160155285186,1.1071487177940904,2.356194490192345,0.0147048226499991,-1.3094703436312045,-2.2252946182046904,-2.967398538231765,2.6568146589771175,2.0488544773610777,1.4562835347790082,0.8783234841023617,0.3039197882673269,-0.26729318205730107,-0.8236677878930807,-1.4225299287942865,-2.064881716746377,-2.7991196838307992,2.609516206561221,1.4960295897435965,0.5439494951784537,-0.18956962321177856,-0.8005868447098855,-1.377842543105892,-1.9159394736471267,-2.4272425856522424,-2.9153542455094303,2.8620474348409477,2.3690016714573168,1.8816346129619554,-1.892546881191539,0.7698553632177576,0.024470640558212405,-1.0303768182976265,-2.201027353315284,-2.960316345764342,2.701750051757128,2.188855231904197,1.697485431493362,1.2505597581839958,0.8064306598845586,0.3732148219273431,-0.055108464283536794,-0.4927547261588949,-0.9168258542890558,-1.344256483803573,-1.7859414920495988,-2.353439680503838,3.032033127810757,0.8501224353565306,0.16566019065927182,-0.2902901703739003,-0.7303876383069857,-1.1404892024500324,-1.53049557830431,-1.9247289355112336,-2.3137434004176622,1.1071487177940904,1.373400766945016,-0.7853981633974483,-1.5707963267948966,-1.0121970114513341,-1.8157749899217608,-1.8157749899217608,-2.819842099193151,0.0,-1.7506498215526431,-0.6747409422235526,-0.6298033459999675,-0.9834341320020471,-1.336667621867485,-1.6840127193879961,-2.035726523818709,-2.378902251197079,-2.72357971675701,-3.063231498455564,2.909345917763675,2.618878125982977,2.393592021550703,2.403512940893456,3.0146198681806684,-2.8829990888260637,-3.0013659762463485,3.0361727036136488,2.7450753512667068,2.4342961880926266,2.1003094458698968,1.7749303254422428,1.4390740245628861,1.104843677332786,0.7796178773651595,0.4816438905454122,0.16942772192915007,-0.08337567062747261,1.8692952651847676,-0.280939165971325,0.04093275494676849,0.38237904536388095,0.3251175397129955,0.14373866836716673,-0.13648520361214717,-0.4298321253615391,-0.7546831776414611,-1.083528304152999,-1.4036307638695915,-1.7346678625357224,-2.0542611512602487,-2.379300909233883,-2.678854528917593,-2.9612873234529142,3.1064312725871104,3.0690385288774475,-2.9095477839598405,-2.5355545018370824,-2.5430376945765603,-2.7372174774093154,-3.0156800304183173,2.9463507086637217,2.6154334307238356,2.255576581448844,1.8995713407021464,2.5535900500422257,1.7681918866447774,-0.9272952180016122,-1.1071487177940904,0.5404195002705842
1.7506498228277996,0.942090092846116,-1.5707963267948966,0.19739555683740045,-1.030376844953604,2.896613990462929,-2.7389159071579288,-2.777468314683595,-2.8479177475496704,-2.90120714399488,-2.956026742187606,-3.015327341382982,-3.059546624017185,-3.1210405633656997,3.1179004055483897,3.073777725790275,3.044055787850651,3.0032416792760714,-2.97924117022579,-0.9438226543494539,-0.6657904379262164,-0.6402277752352706,-0.6745036220785776,-0.7355286819022845,-0.815123383513903,-0.8764596517416801,-0.9375605686145622,-1.0055425909534617,-1.060872070831533,-1.1411239796051655,-1.216139517381775,-1.2776094286015276,-2.677945044588987,-1.4457688326778233,1.4876550927457797,1.5530204218999142,1.500693477420144,1.4109371246093638,1.3445040175138467,1.2729822796078178,1.2117749176177934,1.1617640331238834,1.1017213611954029,1.037789452632337,0.9809122825287508,0.9447338176769974,0.9291368371124771,0.9772134185087077,1.1190215142124922,1.5323537379306433,2.413757972190908,2.909647289231975,3.035865915239562,3.0630146264937586,3.0658217684173352,3.0388273293801547,3.0120741977879235,2.9962334089455336,2.96645098191344,-0.7853981633974483,-1.1902899550842205,1.8925468890239878,-1.2490457645658053,0.0,-1.2490457645658053,1.1071487177940904,1.8157749899217608,-2.677945044588987,1.7359450084432797,3.141592653589793,-1.604397122006455,-1.5819344798858443,-1.560522715696513,-1.5664295421766292,-1.57825092779349,-1.6035357183538528,-1.5999360604224082,-1.6005848885663554,-1.5576391911919842,-1.4919733929422834,-1.3891132843618381,-1.2306429620807233,-1.0016260717696341,-0.7318506524280809,-0.5088295821519799,-0.35549535117202724,-0.25026761162183525,-0.18099448090407158,-0.14616498375794343,-0.14790193067866617,-0.12315989863272275,-0.13026770566413748,-0.13833593255391824,-0.1298620538756613,-0.12035181418785992,-0.10589607694470382,0.4636476090008061,0.0032362345673049883,0.0949517067599654,0.2217809741577859,0.3525193662251118,0.5011726361694028,0.601721258688407,0.6689193425956416,0.7230500188589738,0.712154152454985,0.7041112814847122,0.6777607728415278,0.6432227934969336,0.5887766181258153,0.5379649177455205,0.46702595740838854,0.4174043863927484,0.3647648069626204,0.35077267286533964,0.3183141317671503,0.339159824045429,0.3478608837415633,0.3842258173712133,0.4322032099539433,0.4188227777326073,0.345339645162223,0.2627849860725866,-1.5707963267948966,-2.6011731717485005,1.3998859818863565,0.10505990541662706,2.0698423065704183,0.10505990541662706,3.1365694170693357,-1.5899766259624377,0.8097159948855869,-1.2490457645658053,2.356194490192345,0.7944340644129883,0.46109659347395615,0.14164433361503975,-0.16627069873896236,-0.4636476090008061,-0.7853981633974483,-1.0845281489219527,-1.4249205156597937,-1.8648557650185447,-2.4609311178642415,3.0940095505705623,2.2940982436711534,1.7891821520918483,1.4187693793327258,1.1245580260386314,0.8264709547014952,0.5913885809544898,0.37420344937882294,0.16708624278239512,-0.07353700439246665,-0.2785016030734062,-0.5191460888921682,-0.7696626718110838,-1.1262622699490124,-1.6245080580726456,-2.3354259669254276,2.2142974230562626,2.724661321711675,2.423125830634384,2.2002945365461137,1.9766006725017866,1.8283125670276192,1.6705844152183966,1.5064071443845728,1.371518414856091,1.2118761832901441,1.0723689240178846,0.9171604401726432,0.7366180001543974,0.489957333962713,-0.0061348922311181804,-1.356400861046836,-2.1543692938929584,-2.4327058168324216,-2.6142861611888413,-2.752002915325468,-2.8773043925158253,-2.984581397208463,-3.067216066377745,3.109857278589342,3.020214237131187,2.9155690644712324,2.8322762504452887,-0.5880026155974891,-2.356194490192345,0.0,-2.158798942392386,-1.7126933829655504,-2.553590037992304,-1.292496664834144,-2.677945044588987,3.141592653589793,0.0,3.141592653589793,1.8590326883375659,1.8071833133272348,1.7380758042571234,1.6868870425842766,1.6461040900146995,1.6049170870827187,1.6023647827476137,1.62213457748916,1.7287612132347805,2.151815783038215,-3.109171587431276,-2.626569449386213,-2.5063983179501497,-2.4901830957531,-2.4846534216512555,-2.5082199371360034,-2.5352097974028878,-2.5818563363772493,-2.6229867893874808,-2.6661112737421275,-2.695305851993743,-2.722360248767787,-2.726797279319265,-2.7140738821665265,-2.6609056458266473,-2.458700697702366,-2.6135181986702114,-1.3361429601197776,-0.937090075137482,-0.7695265063804146,-0.6945772800896352,-0.7000602001856897,-0.7042494667085015,-0.7353515889341437,-0.7596191447319426,-0.7876007742122324,-0.8252423290488938,-0.8534612239823238,-0.8811353466666924,-0.8939810056866243,-0.8798531252160429,-0.8296371717276505,-0.6398959078276604,-0.15741687026270895,0.5258976975617704,0.9213955739575074,1.0653095480028951,1.094497834087272,1.0894514335824685,1.0658531767167578,1.0156885997516658,0.9625652837068519,0.9008412400477548,0.32175056222909126,0.0,0.5880026155974891,-0.9827937111974075,-0.5880026155974891
1.7681918836456518,0.9420901323834721,1.5707963267948966,3.141592653589793,-0.5880026155440699,0.0,2.2628787879404038,2.0288600081938335,1.7840577111898017,1.5432477429092115,1.3018675415037408,1.0666582477935196,0.8310155580317777,0.5873726915356464,0.3616941599567828,0.1672539367607836,0.020585328206631538,0.10409993975918444,1.7126933786265357,1.9230192417592127,1.7554393812199744,1.5603176680869577,1.333211789450445,1.0853915196888928,0.8312770107341827,0.5851967819629761,0.3266766164663808,0.0765093997162636,-0.16428136598464171,-0.41789987616910473,-0.6602492305592484,-0.8954172318975965,-0.2914567830316634,1.672714686622539,1.4004212185140679,1.1550679727441493,0.916043941501396,0.64559994635571,0.3946263704585322,0.15622935411951855,-0.10449854758082984,-0.33138549075073215,-0.5568047017156175,-0.7773983308638174,-0.9788509427494452,-1.0959132196611299,-0.9839660736640714,-0.20359127311390707,0.28255495406605097,0.26547199837070534,0.15239840999378357,-0.048219964683501274,-0.2617932222151787,-0.4785288847774349,-0.705539536072938,-0.9169863400702654,-1.1247324843534692,-1.3085684083030975,-1.4892653974711807,0.7853981633974483,-1.5707963267948966,-2.5535900380457233,0.4636476090008061,1.5707963267948966,-2.356194490192345,1.190289955060274,3.141592653589793,1.249045764600528,0.0,-2.0344439357957027,-1.8527008719722085,-2.049530019721618,-2.2188274039449607,-2.375766479268099,-2.5355220615056218,-2.640845729260303,-2.6711597349168477,-2.6169969891004,-2.481556555219554,-2.38190744755548,-2.343174374235799,-2.409714735642788,-2.519215180932089,-2.6539633336874373,-2.8270199068271435,-3.017093719867253,3.086915169353086,2.912476506655511,2.749252518727895,2.586641935715989,2.4561640711843125,2.346093836278837,2.288118067285821,2.2518133413356662,2.262288689204206,2.2648055542503625,2.677945044588987,2.1515526956918856,2.036521492452891,1.884453551896445,1.6963075708302535,1.5270661770369176,1.3258176636680326,1.1192032729353818,0.9074302645975003,0.6984888950446252,0.5075383308042781,0.33513802424144584,0.17732904539116728,0.04480430276360837,-0.06561409494308607,-0.14467740697624004,-0.24652266403969322,-0.39630093718417925,-0.5479794792715521,-0.7399123184086585,-0.9775194926467945,-1.230110963027775,-1.4970006190550589,-1.78528762932579,-2.0954950263134657,-2.4034675592560215,-2.7287487722891397,1.3258176636680326,1.7126933767204249,1.3998859842439497,0.10505990056519078,2.0698423189994104,0.10505990056519078,3.136569417033352,-1.5899766264673596,0.809716002083355,-0.7853981633974483,-0.7853981633974483,0.5198231726222248,-0.5964234605806976,-1.818677740460935,-2.662482379414691,2.978287306490105,2.4163627630014393,1.9009973847016652,1.4388657136486023,0.9799551185885431,0.5309904983123902,0.09425460090668836,-0.3644681031069884,-0.8406828403962218,-1.3559036235845014,-1.9825745507779469,-2.76875696243726,2.538505003163712,1.6656032730209265,1.0671700147265675,0.5447245215388783,0.09618012050155912,-0.3217505543966422,-0.714679094060937,-1.0786663536800172,-1.4575266243276186,-1.8446686800070073,0.7853981633974483,-2.6407005654839133,-3.1311491691796793,2.5139034748320355,1.5167948247832799,0.44441921157831105,-0.219230586004367,-0.6798768281098099,-1.0689728314354625,-1.447426067254565,-1.7691520331410342,-2.099368039587426,-2.4079282116136165,-2.721557608787594,-3.036178402595843,2.9206754450334294,2.6199561619510727,2.286364925583339,1.8560667152707842,0.7409829862744632,-1.2490457633245364,-1.6687959996447865,-2.00695947248547,-2.3190959223915053,-2.5974831261319578,-2.8886493317477573,3.117412299732431,0.6202494775528473,-0.5880026155440699,-1.1071487177940904,-2.0344439357957027,-2.2142974231118187,-2.1112158087178896,-2.677945044588987,3.141592653589793,2.356194490192345,-0.4636476090008061,1.5707963267948966,-0.19395915060298846,-0.418095101682903,-0.6675468214308804,-0.9123256791711847,-1.1387358778833272,-1.3649621375612397,-1.5993599855059262,-1.8299111476934307,-2.0361161729928337,-2.2309122078428363,-2.3590680036336726,-2.3796443477954274,-2.0323252834734817,-1.2881179228706483,-1.102856918415703,-1.1645568206894625,-1.3331144962301051,-1.5287856606981272,-1.7490213012029414,-1.957331784074426,-2.1884411362776173,-2.4071019395780087,-2.611295837133291,-2.821683721460969,-3.0104810064104157,3.1256577478796848,-2.613518179305688,3.007920216576497,-2.906306728043726,-2.4550772683063595,-2.267320289308089,-2.3186486716653776,-2.4656012837118984,-2.626155541997704,-2.837624096213586,-3.039427228982613,3.0328598560450986,2.818342841865065,2.602437007284965,2.390924648296062,2.1993701842603377,2.0193948800004753,1.9154436230359289,1.9438792371889755,2.303850540351331,2.8002716271355674,2.9579970453241513,2.8851202497199546,2.7171406618420915,2.527625331166533,2.3043168304732435,2.069292212221249,1.8214578637158032,2.356194490192345,2.5535900380457233,0.0,0.9827937112508268,-0.5880026155440699
0.1973955568529576,0.9420901201343388,2.21429742312098,0.7853981633974483,3.141592653589793,-0.4636476090008061,-0.815749383452712,-1.0407133979610494,-1.2901953323577784,-1.52466103268626,-1.767309595360733,-1.9998613662937559,-2.240777523257253,-2.48826786572909,-2.729981377314492,-2.952393616681621,3.104365910545208,2.925977141284473,2.926777256335424,-1.9226129984947937,-1.4405848889260073,-1.5455723178570437,-1.76229804393001,-2.007260317641672,-2.260194210426449,-2.5086129449729477,-2.761466934704175,-3.005230062951864,3.0298802091821213,2.7619464734476717,2.5182230432270813,2.281423305728836,-1.5707963267948966,1.7563907058438695,1.8981965338199427,-2.059916110066133,-2.200932495181047,-2.481583616542429,-2.743359611486648,-2.983378393060798,3.037938636543404,2.799274313694171,2.5552950597582527,2.307976544761364,2.0677812921723855,1.823388312400435,1.620963402778193,1.4421402785242574,1.331454566703429,1.3839119372542137,1.8389071151842118,2.3977218406982663,2.4925276060403805,2.3834958859790465,2.211974561412513,2.0193528480446514,1.8075694758280887,1.6090348524182367,1.3956462845006357,0.3805063717385716,-2.7367008887998825,1.1071487177940904,3.141592653589793,-0.4636476090008061,2.158798942330157,-1.8157749899217608,2.677945044588987,0.0,-1.5707963267948966,-0.16514868162651902,0.7627263317663864,0.6191357197041237,0.4625420602691685,0.2754739107861975,0.07777910761953818,-0.11137924327755401,-0.3282954120980984,-0.5170319501734101,-0.6833236059622054,-0.8281884037192963,-0.9595715376120056,-1.0369517291553174,-1.068469687060577,-1.028563260901448,-0.9739704246036427,-0.9417135401512154,-0.9789007925494033,-1.0736884079258142,-1.1924170490842176,-1.3652921286037543,-1.5277848953886877,-1.7121780048139292,-1.911484002625214,-2.0958132082641576,-2.27576603258095,-2.4787120653977244,0.4636476090008061,-2.79141375630845,-2.9204748744595945,-3.0394755996133447,-3.104365910545208,3.1047875759675327,3.0463649894273095,2.970733189608937,2.855541213857698,2.693897281600689,2.5218818831382745,2.3166318247767417,2.1067248481604226,1.8763174815213133,1.6255755213403607,1.365882106428332,1.1120131575755472,0.8580400782287413,0.6230136462504039,0.3764034457476297,0.1843980270600198,-0.02984188429713532,-0.22905431691749933,-0.38545411146408304,-0.5819051319129446,-0.7853981633974483,-1.0319768344188627,2.245537261416498,2.356194490192345,1.3998859828827925,0.10505990171067583,2.0698422818741977,0.10505990171067583,3.1365694173872662,-1.5899766259681336,0.8097160007168589,3.141592653589793,-2.0344439357957027,1.566843778092502,1.0500443492789844,0.5481235109962632,0.04793373519469017,-0.45329420047425234,-0.9480355273637074,-1.488482743451707,-2.1188911138201103,-2.9192438724167022,2.365718035304711,1.417566785745761,0.6837884902565737,0.15024509728055724,-0.33223005695307073,-0.7983844351048491,-1.2389628040464777,-1.6490933818278675,-2.0561924276217085,-2.459744327002417,-2.8685839379818128,2.9792125215498184,2.5260534442687943,2.0309596438687456,1.3258176636680326,0.43587697804662245,-0.4782332881381962,-2.7828219918583996,-1.679199265012818,-2.0987519106673616,-2.4892143427938573,-2.871342905408056,3.087258052698264,2.737818922004992,2.4134235988741493,2.0669768453984068,1.7231160543124038,1.3820212324814005,1.0255992300438663,0.6027712737901116,-0.022723359715280722,-1.4959364790841299,-2.5523764473292077,-3.0806602177455646,2.8415516118435917,2.495653246380718,2.183333891438144,1.87732341731898,1.597338763180346,1.3144183714931692,1.034540322730093,0.7533631136436821,0.4806914326954695,0.2036740193958219,-1.9513026985334683,0.0,0.4636476090008061,0.5404194819364658,1.5707963267948966,0.0,-1.1071487177940904,-1.5707963267948966,2.5535900380545327,0.7853981633974483,-2.265534623429634,-3.018254951851431,3.021761379017286,2.768017210990184,2.5359787488972256,2.3086113672222104,2.1028826986028037,1.91896006819303,1.787588078934808,1.84277029791872,2.3879298769003254,3.032713210138229,3.099950074491205,2.9688126865554785,2.790740736919728,2.575906372370944,2.3771906408219516,2.1561659582616497,1.918953695918396,1.6896234554913505,1.4745554117340787,1.2457094121447452,1.0541429984838038,0.8551725289993823,0.7057351648795177,0.6151235826678272,0.7127293992533074,1.1071487177940904,1.4519559741219445,1.5667395538056443,1.5027198658020184,1.37694266404376,1.1853573245123061,0.9701235974742126,0.7824894773082434,0.5447815244820782,0.3307683280936628,0.11673073888307466,-0.10884821961461694,-0.315815916876612,-0.5167377533406962,-0.6672130968542055,-0.7925923017822148,-0.7619125364619036,-0.43797563986716886,0.020054618822269957,0.17011881456529088,0.10935429224584935,-0.03946845895029558,-0.23801096597561358,-0.4560568582931023,-0.6943132547675297,-0.930874760425786,-1.183026148984834,1.5707963267948966,0.0,-2.7610862818512216,-2.896613990462929,-0.1973955568529576
1.9295670056128726,0.9420901133762978,1.3258176636680326,-0.4636476090008061,2.9441970907401025,-1.8925468733920332,2.327883465874911,2.0156780992192247,1.693360272578109,1.3715957112017616,1.0447299047907173,0.7355053446205425,0.40785683636674885,0.08947599241941247,-0.221061279757657,-0.5337082094758042,-0.7683349738680911,-0.8766692876820106,0.0,0.7793376377727839,0.6001559904407573,0.34234984057935675,0.04051835029420098,-0.27545021416176824,-0.616260491025223,-0.9308141761643628,-1.2809152552572618,-1.612979083569068,-1.9365200177238544,-2.2649968647540986,-2.6011731349674303,-2.9189316941177963,-1.5707963267948966,-1.1659045189939343,-0.9652516688947079,-1.2520945404240675,-1.5591882249090876,-1.9016493669088412,-2.242048486649148,-2.5595459056731995,-2.907222338751782,3.058451421701352,2.742277818756465,2.4401888178816376,2.123380701195172,1.8546609083245338,1.6545505586139597,1.6596307349895418,2.2121606781569216,2.651417299826683,2.6023794181077538,2.3767478209835247,2.123263444647479,1.857867694006825,1.5365555705289669,1.2421083306440033,0.9499430502794596,0.664908397887593,0.3755230224704438,0.7853981633974483,1.5707963267948966,-2.819842106992657,0.5191461286456112,3.141592653589793,3.141592653589793,0.3217505465971365,-2.6011731349674303,-0.4636476090008061,2.896613990462929,2.6011731349674303,-1.0344129248188771,-1.3089327213630888,-1.5750157111392644,-1.843040955322009,-2.1137814385230262,-2.358009359315218,-2.5835968468885726,-2.7756138406920794,-2.873645707808859,-2.905964352832808,-2.8751465439027157,-2.9015424965116567,-2.9646311705266277,-3.1084817281410144,2.950318324396283,2.703950712943732,2.460658663423448,2.2029073368921632,1.9449333793770642,1.6859965454448549,1.418336286489425,1.165037823803343,0.9346856359426983,0.7472487332320472,0.5677700696132438,0.44646434692244347,1.2924966589601556,0.20227356686937387,0.08253267942184193,-0.05865457649350578,-0.2914567884719309,-0.501858403243219,-0.7647114460567468,-1.031989388503471,-1.3392525646211024,-1.6371000584833435,-1.9295670222164507,-2.2213895235376184,-2.5254982711825047,-2.8183200090752054,-3.0943423830155425,2.9412231240592352,2.7191202741359004,2.503910611770126,2.287853682138618,2.053408965398597,1.8051786292041048,1.5707963267948966,1.2426764205294587,0.8987941699354558,0.5415827808120998,0.13270493142766335,-0.27593958655984785,3.141592653589793,2.356194490192345,1.3998859820390512,0.10505990350718186,2.0698422863967427,0.10505990350718186,3.1365694171643552,-1.5899766266929374,0.8097159572196772,-1.5707963267948966,3.141592653589793,-2.97104348054417,2.5154559327590205,1.8607318384031597,1.263949803188661,0.685600764410823,0.12293540155066913,-0.4462882492467285,-0.9955807585474326,-1.53936014662214,-2.0828059052429335,-2.6453861349959014,3.0071429911574747,2.2708169764786406,1.3112272493668389,0.2385092545614453,-0.6658000016513272,-1.3487144185350806,-1.9378400507697873,-2.4583190568234046,-2.953501692543824,2.834729362352966,2.3598642130769383,1.8870126417367374,1.4321900899401,0.9478103121615895,0.43198397818540607,0.0,-0.8702999243170959,-1.9900287421982834,-3.0606885505534067,2.4715107177909856,1.9263262778230021,1.4385597222560202,1.0006965631010554,0.5589951931285079,0.12568772968168213,-0.2629510513387224,-0.6697980236831673,-1.0581225817265678,-1.4665419085592368,-1.86982352640589,-2.307111153693861,-2.7870256230206905,2.470448823450001,0.42285393305142144,-0.2580072283607531,-0.7141985142415012,-1.0891001436520888,-1.4894255925767657,-1.8547795832152008,-2.2070352432315787,-2.5787997737716166,-2.9420962481315667,0.3217505465971365,-1.373400763945206,-1.2490457723982544,-2.1587989183432246,-0.7853981633974483,-1.2490457801977601,-2.356194490192345,2.356194490192345,-2.0344439357957027,3.017237659043032,-0.7853981633974483,-0.9374483941098977,-1.2688968667548437,-1.5945032247492712,-1.9181985141033921,-2.227166239646672,-2.5313844596070667,-2.8547074903991683,3.140288873373945,2.8691295166471313,2.6464969025181753,2.5897295311543322,2.9118889273213298,-2.805280012392126,-2.727627871855973,-2.911087739939633,-3.13891528369538,2.8671545772532117,2.5769118435515206,2.267784739554686,1.9785940481271302,1.6572294290296268,1.359131318215512,1.0739140011058779,0.802345683820499,0.5493967178526667,0.3402860227318702,1.0516501981492854,0.3436309743510573,0.7256025760661922,0.8879312179627369,0.8402629438043189,0.6309231411247788,0.3758588552331364,0.11996905054403775,-0.18814269044548398,-0.4757380562807934,-0.7775858470574863,-1.0672425031037451,-1.3670378232320288,-1.6585552002825124,-1.9204995628095296,-2.16488711383319,-2.3099549495885356,-2.2952718192807193,-1.9269462775015394,-1.6458975330879515,-1.6653411983350377,-1.838879450067777,-2.1238501892638317,-2.3958562452292824,-2.7075631737974124,-3.020674765976073,2.934560392436874,2.677945044588987,-2.0899424554405077,1.661456213356338,0.5880025915483279,1.1071487177940904
1.004067138525334,0.9420901305238746,-1.5707963267948966,0.6435010839274313,2.761086287195468,0.5880026274570421,2.1560384124854624,2.1573143514393447,2.1614806217736917,2.152640423552295,2.129970382218803,2.1255551726889497,2.0977868681078298,2.094930592231899,2.0849425033953337,2.092743542757502,2.148505167623205,2.4258490746274157,-2.2896263166364417,-1.6013211947616275,-1.4813495416361233,-1.485425887023965,-1.4829807030896025,-1.4946341350890537,-1.5045079207308512,-1.5218770507506194,-1.5413001419068397,-1.5774851897154947,-1.6191457150353863,-1.6531919379773865,-1.6763093240756235,-1.6782242816595798,0.5880026274570421,1.2210810315682172,1.2796707826820817,1.2651301718856052,1.2111142485182087,1.2185053878858512,1.1898664150599705,1.1645020432121365,1.1373567155122517,1.1013961150019655,1.0989142139224504,1.100764581164639,1.1281982358184992,1.181870687000776,1.3497831149743076,1.8653427051948617,2.896613990462929,-2.895170996975128,-2.7732763149877275,-2.714455341446646,-2.677368030611386,-2.6491316276666925,-2.6384665591336733,-2.6390705506777716,-2.634494173944728,-2.62189656813849,-2.58698969208672,0.0,-1.4056476409796435,-2.0344439357957027,-0.7853981633974483,-1.3258176636680326,-2.356194490192345,1.373400772922384,-2.356194490192345,-1.2490457568570958,-2.5535900261327513,1.5707963267948966,-0.25485817889118906,-0.22827378243871244,-0.21270598035671856,-0.17069567660842525,-0.11065722530901524,-0.004255293273117216,0.1050484489237529,0.29200826416760134,0.5497930273789602,0.8917910174783754,1.20517817038377,1.45091505264398,1.615102288406266,1.7171868221796502,1.806187557222807,1.8741248321179675,1.9254599379083548,1.9708692386466646,1.9992281616057974,2.0674053082272237,2.1272694940324386,2.2009764983872278,2.3039617293161374,2.4421887839022056,2.635775949740126,2.830526782494285,2.0344439357957027,-3.0521126117837434,-2.905316641736346,-2.797061214420696,-2.692768752022241,-2.667869842427831,-2.6242850692613793,-2.588198681190443,-2.588198681190443,-2.5626498411715457,-2.548895240304867,-2.544908999373041,-2.5078791589814755,-2.470448803541735,-2.3992832398642525,-2.3160971245482544,-2.1992575436617003,-2.0730426385764344,-1.9784770820186723,-1.9084414840816784,-1.875004801547496,-1.8721415477444288,-1.923576054175289,-1.9706602355404021,-2.0570112508990164,-2.1375255372265376,-2.2493967755837017,-0.24497866312686414,2.5535900261327513,1.3998859717089467,0.10505990098943135,2.0698423100228736,0.10505990098943135,3.1365694173198793,-1.5899766275387357,0.8097159987576955,-0.7853981633974483,-1.768191880667409,2.2224939826930665,1.3492204162231496,0.7879170626317135,0.4235747609310391,0.13897309017683554,-0.10265739326230926,-0.36046719756900525,-0.599389702869106,-0.8414241166939754,-1.0853240762030845,-1.33320973139684,-1.6099919307264923,-1.906799462639953,-2.3208110294003763,-2.9764439860100453,2.5545940808889007,2.001833173640291,1.615638042281668,1.3189596473547753,1.120799735321152,0.9188416317998785,0.74578757288578,0.6002190331021521,0.42718051005206875,0.26396373716735344,0.09173498988476173,-2.9996955958773976,-0.3622805399036631,-0.7966336469109451,-1.6268599684064202,-2.4137225479623226,-2.819842082752918,-3.0627583035695007,3.0732699212154113,2.9257002660215594,2.819065102295556,2.7046822801442767,2.608619203958363,2.5050844545733475,2.40624541716575,2.3292323002967983,2.239085753340607,2.1038765081674367,1.8940239778303007,0.7949216867952225,-0.6491507839751995,-0.8987315384204426,-1.030376819799268,-1.134539129999064,-1.204920705560059,-1.2694214332956701,-1.3127601613120563,-1.3517825142224358,-2.356194490192345,1.1071487177940904,0.3217505699378008,2.356194490192345,-0.3217505699378008,0.4636476090008061,0.7853981633974483,-1.2490457568570958,-1.5707963267948966,2.9764439677745402,-0.3217505699378008,-1.985403525002766,-1.993811594215317,-1.9964574619574327,-2.013698153774153,-2.023382436209153,-2.0195196842311978,-2.0445983587627516,-2.0398639213779863,-2.012154646404754,-1.9440011233990488,-1.8264128660390733,-1.4159282996632785,-0.5009110266185467,0.10965017203105358,0.3566569942165559,0.4124954615902418,0.4685203405242261,0.47342386566447764,0.5037627138418823,0.5118998890134653,0.5221020788766567,0.5208202239485652,0.5154125924345344,0.5496817696777032,0.5833125099455826,0.6605194637052361,3.141592653589793,1.1389851021858024,1.8107625080080745,2.449555242248792,2.697705325385564,2.862551162210847,2.9278121881618007,2.9711165404986564,2.990706525889213,2.9842770638236424,2.9918394150167367,2.9941001393399738,3.0159776784089987,3.029909792607855,3.0688949075928704,3.126966037272674,-3.011132190902123,-2.7450423320137194,-2.0737822296754223,-1.4267237857453299,-1.1071487177940904,-0.9535337677314726,-0.8957080399867472,-0.8882036889897266,-0.8865370697372918,-0.9123709953468563,-0.9357345579680566,3.141592653589793,-1.5707963267948966,-1.1071487177940904,-1.7359450126101497,0.0
1.2924966795439448,0.9420901069368547,-0.1418970483744594,-1.304544284832092,-0.5880026035475675,3.141592653589793,2.7639996078553084,2.774021911686731,2.77287605179463,2.760228799201653,2.735511253059147,2.7093137800711795,2.698475145616042,2.6832410971588625,2.675719111341042,2.680717018720094,2.707264935215498,2.797118744783833,-2.8605719069979383,-1.2027468520264006,-0.9340901339270627,-0.9249803868477267,-0.9085808255387245,-0.9105216367817732,-0.9175889228762214,-0.9531081408165242,-0.9653818275309437,-1.0050382991837963,-1.0360596742082793,-1.0569310038157775,-1.0841402173566754,-1.1034174209702199,1.3258176636680326,-1.0573972483212042,1.7532117448943882,1.790556587806765,1.7546905810760058,1.7496811076107033,1.7257129965022522,1.6915593834218563,1.6714220121424825,1.6319015972864779,1.6210214281715687,1.6059292583871232,1.610625813306286,1.6116494982017107,1.6715568829814842,1.7550347456308935,2.109840295443237,2.9441970937399127,-2.6826993457755632,-2.4196543222844444,-2.316611228937822,-2.2602388301535123,-2.23141068683003,-2.216768231055772,-2.2025709069707413,-2.196710759670142,-2.183381689231601,0.24497866312686414,-0.3217505543966422,-0.4636476090008061,0.7853981633974483,2.601173153319209,2.356194490192345,1.892546881191539,-2.819842099193151,-1.5707963267948966,-2.356194490192345,-0.24497866312686414,0.01170297600392548,0.06138849014127194,0.08239223686697904,0.12132511699713852,0.15874320196225603,0.18285773423410234,0.23334432418741533,0.3071718384305816,0.40769515707171256,0.5585993004109369,0.7683058308964488,1.0521942779163822,1.3420551088684647,1.5890129343268926,1.7900406421107111,1.9176672281125322,2.028685842167078,2.088461435160206,2.1342252422336374,2.1717542241229233,2.2179965685560616,2.2538979752557964,2.3049343182960276,2.3657727621795543,2.429035559800838,2.5220768447787987,-2.896613990462929,2.774152913906972,2.9554241580932916,3.13576747660871,-2.985188294292437,-2.848926869138781,-2.7510772234826404,-2.6730189511823443,-2.6279866607982494,-2.6045662741578175,-2.584176941396025,-2.5873973007399647,-2.595118474375214,-2.6042003858279186,-2.62302469045826,-2.6391874346823854,-2.635021655179969,-2.593700477120936,-2.554838503991297,-2.4833505953344996,-2.383811763507818,-2.3314376288929246,-2.2868079931561662,-2.2658820603277854,-2.282044958881097,-2.3111122518215397,-2.39736972132393,2.498091544796509,-2.601173153319209,1.399885978855185,0.10505990956810018,2.0698422719750424,0.10505990956810018,3.136569417156608,-1.5899766266200437,0.8097159959107086,-1.1071487177940904,-2.356194490192345,1.9522764009643163,1.6405519613813897,1.3406933634002456,1.072706607107086,0.8136925127578897,0.5526313198266875,0.31406685782114024,0.047313149033044934,-0.25877087956704625,-0.6062088762443496,-1.065771078983858,-1.774089030072558,-2.5299130892237627,-3.094009552426963,2.8338272038921914,2.54370897654652,2.3207635540607323,2.1308582624777275,1.926147674271685,1.7459959965651435,1.5789483200125176,1.4003592303665493,1.232415294715742,1.016809114840711,0.7419472805436884,0.32403889636303845,2.356194490192345,-1.15415239844987,-1.6452441140099947,-1.9178169553980438,-2.1162046878511362,-2.2689791038359184,-2.4118447281228574,-2.5242748952294995,-2.627722790708012,-2.7357583584607816,-2.833982569546491,-2.93328844553246,-3.0466409440471884,3.0955725351779018,2.935932826411405,2.530866678051225,0.9253228591763625,0.21459289504610235,0.014422077272495922,-0.11299184851993505,-0.19878870209635519,-0.2804967162994956,-0.3525431208252148,-0.40871015820979356,-0.4684322527219042,-0.5086752857368203,-0.5564039291889499,-2.677945044588987,-2.819842099193151,2.761086276477428,0.3805063771123649,1.5707963267948966,1.892546881191539,0.7853981633974483,0.4636476090008061,-1.5707963267948966,0.7853981633974483,-2.356194490192345,-1.162322392984179,-1.1842351458061717,-1.2027709443359138,-1.2144892912885532,-1.2228320869763984,-1.2333593414064765,-1.210941058984804,-1.1824089133127342,-1.093517633872358,-0.8671825333720622,-0.24626401226219288,0.668289423933414,1.044868563127296,1.1704937655852228,1.2382470497057576,1.2538093889453017,1.2719968188734152,1.2759384890345622,1.281545533894685,1.275795245774676,1.283220495772019,1.2897280517198828,1.313742196702836,1.3519943532712815,1.4332095912504668,1.5707963267948966,-2.677945044588987,2.540358317377836,-3.110514580457226,-2.848207400038437,-2.724364909019009,-2.636239728368004,-2.601504054128249,-2.5829933678646615,-2.568094921056517,-2.577991702289869,-2.566332464619422,-2.5619020173388694,-2.5506086958391414,-2.527560089001085,-2.4783603727014016,-2.3961731566593305,-2.200830223630731,-1.7546712494065713,-1.0881550584116375,-0.5972501529430916,-0.3743336202033335,-0.26701616374553444,-0.22379538043612707,-0.20607214368889878,-0.21275840903303528,-0.24119607686957595,-0.27125672703844583,1.892546881191539,2.1587989463160664,2.356194490192345,2.761086276477428,0.6747409422235526
1.5042281630190728,0.942090113811069,-2.356194490192345,-1.695151321341658,-1.5707963267948966,2.7367008673047097,-2.8500156403855765,-2.8334005803240876,-2.8210498205492867,-2.8230093694420715,-2.8212605531703687,-2.79687794481166,-2.8030768066628102,-2.8016240676283974,-2.7856032147636873,-2.7620287820686267,-2.706922403033561,-2.5411080510543185,-1.06472134689198,-0.14472991325634604,-0.01372911465361465,0.03683425416983497,0.06250351765252453,0.06897704914501106,0.058444004602595315,0.08271241768103908,0.06068748847367823,0.05132101703821341,0.029295644285974445,0.014264368018884803,0.012986283250407045,0.027693748334372957,0.4636476090008061,2.627986662540896,2.9528108091274703,2.9896408028295274,3.0053187893485447,2.9801565556363827,2.981015371135957,2.9824690669089464,2.966497470666765,2.973129264679167,2.9675717581803753,2.972521623168114,3.0048769013114573,3.047253848543985,-3.0836102238323537,-2.6759569781988692,-1.7378300043182113,-1.0812398839647894,-0.8187720849711297,-0.7196249205560304,-0.6697744809009534,-0.6180136065049315,-0.606440678465815,-0.5903329429838103,-0.5683291949852854,-0.5265834226756598,-0.4787348842063455,-1.373400766945016,1.5707963267948966,0.5880026035475675,2.356194490192345,-1.1071487177940904,0.7853981633974483,-0.4636476090008061,-2.677945044588987,-0.9272952180016122,-0.24497866312686414,-2.819842099193151,2.009924327173379,2.065180969341721,2.121012057613446,2.1797416372142395,2.2423297556650565,2.3496094382414205,2.4451108671578883,2.595831934780105,2.844994044659681,3.1393753624029084,-2.803770805919038,-2.5049435289670994,-2.2907966805899918,-2.1187506749983394,-2.003996482394145,-1.9170317598128293,-1.8401676562384135,-1.7769283900810577,-1.7183643997281812,-1.636054949192244,-1.5630942968731891,-1.491833978691254,-1.4024792456624322,-1.2802696130957931,-1.1142463659742627,-0.916612677044922,-2.2655346029916,-0.48412257231132844,-0.3009202367632887,-0.15303999725416076,-0.015599358131043108,0.0709849213763898,0.1461368886478213,0.1963254706362713,0.22720567929518568,0.23878578390292513,0.268894364957269,0.2763064490152414,0.32126582406933984,0.35722625650114,0.4189619350053162,0.5084606151327455,0.6114358196021448,0.7086262721276703,0.8477120096745377,0.9606474951923597,1.0307722549737275,1.075134842896918,1.068353083327715,1.0354096776836208,0.9993211357858639,0.9221837353410344,0.8184296511930735,-2.432966381462123,0.3217505543966422,1.399885974914882,0.1050599066607072,2.0698422849951843,0.1050599066607072,3.1365694175797953,-1.5899766268892466,0.8097159767911551,0.7853981633974483,-0.3217505543966422,0.7687330604474917,0.24032320915502123,-0.12331476743736083,-0.42718957227462206,-0.6882417779029488,-0.9065207138096434,-1.156689162735168,-1.3797088818747831,-1.6084551243725997,-1.855057843275824,-2.098870764052534,-2.382854839009716,-2.79181207559098,2.9237321180229876,2.195431757371798,1.5586757085274074,1.180936488699902,0.9229060784161728,0.7204671830768322,0.5493499830578562,0.3819897066381391,0.21726049368037123,0.0742325367691257,-0.0859942899685251,-0.24458183033153086,-0.41229906945788264,0.4636476090008061,-0.9931668029741962,-1.7391864921784643,-2.5386657688263274,-3.027247688031092,3.036823045943223,2.865548281201929,2.7428691305555817,2.62790243167083,2.528668035723332,2.4444889382119435,2.356194490192345,2.286165322938173,2.209710294754695,2.123700311312699,2.0324114207404755,1.894809306609414,1.4181469983996315,-0.5088842011947624,-0.9308287395861139,-1.055183773161664,-1.104933052090255,-1.1741215658188946,-1.232431000572034,-1.2762736803512398,-1.3133659566654345,-1.3400047046536112,0.7853981633974483,0.3805063771123649,1.5707963267948966,-1.1071487177940904,0.21866894587394195,0.0,2.9441970937399127,-0.3217505543966422,-2.9441970937399127,1.373400766945016,-0.3217505543966422,-1.7535444908780955,-1.7421334979528684,-1.7476482038716525,-1.7467145635119172,-1.729801179898321,-1.7050356706409169,-1.7024655701797449,-1.6737473823613578,-1.621366669982279,-1.5289046836616045,-1.314232360059561,-0.7179331221117372,0.15898436946677194,0.6429929793992363,0.8253768505207384,0.9193567305269132,0.9735817909448955,1.0029957825680154,1.0160040891050757,1.0642109931074084,1.0713106144224616,1.0943545180187477,1.1213352202273084,1.1559371584560196,1.2244865095521968,1.332682535954222,3.141592653589793,1.973349842743207,2.6793695432292486,-3.0498696105504473,-2.8198420886434357,-2.6813599615683135,-2.597002749302075,-2.5359898024959673,-2.512364314107529,-2.4881063523055427,-2.4645013846140063,-2.452557904825189,-2.428881745376365,-2.3955337749344188,-2.328337925190848,-2.2412810751738177,-2.09062956329981,-1.7138132115526425,-1.0553432360166477,-0.414138565610532,-0.1067356688775793,0.054990370069179305,0.10504324486368635,0.12528027647178666,0.14104846091749706,0.14574813133821582,0.14713870535946222,0.7853981633974483,2.158798930342464,-0.7853981633974483,-1.892546881191539,-0.19739555984988075
0.4636476090008061,0.9420900942471769,0.0,2.4980915572491975,1.8925468889744694,-0.3805063717448268,-1.2341214887240273,-1.683543648624844,-2.15155269648133,-2.6155777333660004,-3.082728872527571,2.7423449587605027,2.283775162011279,1.8149568712237232,1.3651803340258304,0.9209817232919454,0.5426446962042415,0.42529711382528773,1.3084658134222764,1.6273397644467509,1.3035629073264123,0.875650069867623,0.43375427655796706,-0.03537336669709885,-0.5040057408490257,-0.9681899630095389,-1.4524559081465185,-1.925656680744589,-2.4090552526202655,-2.886473092484172,2.928388118624996,2.4811013614572084,-1.5707963267948966,-1.9837960321733836,-2.302060249739955,-2.746801507691081,3.056527117424857,2.599843357086039,2.118909521877693,1.6418738044345347,1.164659560277452,0.6894090252088824,0.23358393980983946,-0.22699385598659338,-0.6466556621516437,-1.039708959702249,-1.3120254249880605,-1.222473961859053,-0.7117063262250892,-0.7160359227769482,-1.0052803276779445,-1.3862936025822752,-1.805790939842241,-2.243006563984444,-2.6886294436896887,-3.1373508974056827,2.712480275643513,2.2755457171407487,1.8535757862576958,0.0,-2.677945044588987,0.7853981633974483,2.677945044588987,3.141592653589793,1.9513026985397235,1.8925468889744694,-1.9513026985397235,-1.5707963267948966,-0.9272952304543008,2.1587989423162033,-1.2745179655431582,-1.6985572995483829,-2.1045909107161447,-2.5143314275432704,-2.9162133078717987,3.0000984941295528,2.6868074187665107,2.415584014202492,2.231084470831817,2.1027479863505416,1.9334751382255722,1.7171895126012788,1.4486577315794664,1.1103538372754718,0.7351611401921598,0.3317702745813629,-0.06478071512919896,-0.4641902245419598,-0.8737317442893089,-1.2698760758114926,-1.6592744054900297,-2.032515916261299,-2.3729153516179293,-2.686393390108824,-2.9663833514208897,3.0602193413736476,-0.7853981633974483,2.530267701150473,2.2519508892684947,1.8995537885971425,1.5061275892856865,1.132065695292758,0.712126315841646,0.28514001940437683,-0.15376314809997552,-0.5822970850718858,-1.0291522072226886,-1.470533050803655,-1.8858768780914994,-2.30636043797146,-2.678809349204215,-3.0586234813392044,2.884380549403301,2.5554840261933593,2.1802197008722284,1.785811208291151,1.3811392164593181,0.9212685797410848,0.43815739940990356,-0.06001368204196185,-0.5960024510327344,-1.1271882012521557,-1.69149391360544,-1.5707963267948966,2.0344439357957027,1.399885987491963,0.10505990837858663,2.069842287408738,0.10505990837858663,3.1365694174114602,-1.5899766270079632,0.8097159716498076,1.5707963267948966,0.4636476090008061,0.3419498155473996,-1.0077152512460594,-1.9655874304180299,-2.764881336634216,2.7542239928784014,2.0344439357957027,1.3352513372824224,0.6306025400295034,-0.055833151997649356,-0.7364395104645722,-1.4511613176391922,-2.1805582741494893,-2.958390947431997,2.439335733531534,1.3142797056963964,0.16392916500178503,-0.8545944490138342,-1.676689408488056,-2.4104235277392494,-3.078612990754175,2.562605574759174,1.9378774735509539,1.316886501259725,0.7080480527062999,0.09675575886942653,-0.5250271763107113,1.5707963267948966,-1.898802389394098,-2.8333547863867756,2.103876485929956,0.913304957092735,0.06379537782753565,-0.6091990198801375,-1.2130900457609803,-1.8078637696916455,-2.365685152224582,-2.9205328787799,2.8081381627764643,2.26843403827782,1.728008666022389,1.1872199096751537,0.6438810331006619,0.08090410638465828,-0.5166951309823861,-2.1236375728845287,2.0850336550733495,1.4391674825927343,0.8841263505789346,0.3400326181443945,-0.17380111702429732,-0.690296433592033,-1.1855043398372467,-1.6890641029621096,0.0,-2.356194490192345,-0.11065722022475781,-2.0344439357957027,-1.3258176636680326,-1.8370483639720832,-2.2455372614253464,2.677945044588987,1.5707963267948966,-2.4980915572491975,-2.677945044588987,-1.4820810102187625,-1.9413327304295356,-2.4025683778393314,-2.87123258693986,2.954665889076271,2.4942976225227,2.0462637059213575,1.5956727093995184,1.1769608454983813,0.7904232502500553,0.474636141356934,0.43320014791491346,0.81703319755194,0.9771667850401624,0.7407351706598561,0.3927606687222353,-0.014200228609206883,-0.45024111687388924,-0.8818292829727148,-1.3228198118020342,-1.7731618508240383,-2.218550497988369,-2.6683580200269694,-3.0941566428484593,2.785892874816715,2.401711674673768,-2.5535900380684864,2.021062754049576,2.173241385766337,2.330293530136253,2.1712206221053343,1.8525681927281243,1.4682005360778245,1.0594853754663163,0.6226351531225807,0.18554590528426898,-0.2641077609373413,-0.7104534601814033,-1.1473677234362356,-1.5929943445842474,-2.004106423247931,-2.3832149213258753,-2.6942606243934577,-2.8646586485271692,-2.6669715406804797,-2.4861991634225435,-2.623098138361943,-2.942110496471688,2.946346704934803,2.511750366757392,2.057695574761005,1.5937996631866682,1.115946121872096,0.9827937112735898,1.8157749899217608,3.141592653589793,-2.976443971968177,-0.7853981633974483
-0.7853981633974483,0.9420901100176405,0.5880026274925584,-0.5070985102656362,-0.7853981633974483,2.0344439357957027,-2.5707189908665398,-2.9103770106145483,3.0315849255472456,2.6696464764744765,2.3051063380353924,1.9413968593509925,1.5797602303528593,1.2199681051115003,0.86175218456929,0.5296909103736879,0.22446319158972886,0.02334206236963355,0.4591431511312402,1.535634946472838,1.4173455488490396,1.0732213494507876,0.7474676799227392,0.4018138773648028,0.048208235342757,-0.31941801776599366,-0.687268744848712,-1.0681886689412927,-1.4592331921990955,-1.836463898979598,-2.202290036830575,-2.5656990516231994,-0.5880026274925584,-2.956244712991378,-0.8272341931857073,-1.1084610482810207,-1.4820968720971366,-1.8237227999783314,-2.1904625428890596,-2.5686879866258203,-2.9332685645699907,2.9638351911107215,2.605692888049719,2.234115514964631,1.8892052015591254,1.5645169745833736,1.2893884351996083,1.1084874002602778,1.2535300536160292,1.8097941973242622,1.9610668845525607,1.7694403084931423,1.5090861616238243,1.194305992930759,0.8705678036935267,0.5318921461589925,0.18345845553280457,-0.15370752119123723,-0.4865519867936227,-0.3217505699608864,0.7853981633974483,1.1071487177940904,0.3805063663784041,3.141592653589793,-1.1071487177940904,2.1587989542874553,-1.9513026931733009,2.9441970997261597,2.677945044588987,-1.5707963267948966,-2.432562818282789,-2.7367008432003757,-3.067154183589673,2.9001533311563157,2.5842122848539972,2.29592272672502,2.007581220770038,1.748946917113864,1.5305496183234044,1.3680857068221224,1.2694510975554472,1.2201194718297885,1.155528080024954,1.0121970193055552,0.8202677132058049,0.5958053326915209,0.3316172430087702,0.02823383236297616,-0.28205455547465413,-0.5725981597943034,-0.8820440408739453,-1.1876659193064887,-1.4784423415231847,-1.7730448370650909,-2.0205075502793526,-2.2521300137970264,-2.896613990462929,-2.6395024735320107,-2.7928216235662946,-2.9804774491559707,3.1198175125845324,2.8635243122868506,2.6114708769619304,2.3180773781992428,1.995160031089085,1.6758929037915342,1.320415952915462,0.9648968346848792,0.6161982193630046,0.25794570767179603,-0.08015575825320566,-0.4167821039691745,-0.7303573709422475,-1.0422681444353503,-1.3126303445867036,-1.5583900154286978,-1.8132702829187792,-2.134925043357939,-2.4544175470797547,-2.7947867059525335,3.070824952908203,2.680207476009741,2.2563454885079057,-0.7853981633974483,-1.76819188065853,1.3998859816063345,0.10505990075584652,2.069842303677243,0.10505990075584652,3.136569417205775,-1.5899766268970996,0.809716015881834,1.5707963267948966,2.356194490192345,-2.5913908535682246,2.997240316307604,2.328383227046375,1.7090551439146406,1.0867895385447475,0.496244767756071,-0.10737973838543428,-0.7061990601975846,-1.3258176636680326,-1.977731892655506,-2.714965155757619,2.6579809807157,1.6164078268744246,0.5669932778349636,-0.2555045889900694,-0.9443300147515789,-1.5509969346758836,-2.1112158369968026,-2.6676797294686927,3.095932507015504,2.5634509295063244,2.0467132638475762,1.5377752998338714,0.9727027610632915,0.4103001967606585,-0.2507799115328359,2.2655346438158457,-2.2887294733662666,2.955816535589,2.240918357686657,1.6611295213080794,1.1457997284845454,0.653658467174336,0.19072264167671413,-0.27701534898363406,-0.7188299909153065,-1.1690640921278324,-1.620623815151099,-2.0808128077958252,-2.5504988809161935,-3.0156478345759092,2.7418115598181254,1.530817641992154,-0.4988237006196953,-1.1271460337116395,-1.6168559128291484,-2.0566470910793226,-2.486853119572671,-2.9063224223029698,2.9677346257521626,2.5515557503424318,2.1672757679993917,1.769050252479518,3.141592653589793,2.0344439357957027,2.677945044588987,-2.553590026097235,1.1071487177940904,1.5707963267948966,-0.7853981633974483,0.0,-0.7853981633974483,2.677945044588987,-0.16514868582773187,-3.045584144581439,2.8755221872379386,2.5186949506506324,2.152528560869186,1.7943179998759071,1.445077076059966,1.1027018481580877,0.7822568029501151,0.5141615922078103,0.3243345359549284,0.4081490812787253,0.8884798060116675,1.1455912980062033,0.9886791453288886,0.7387997771726885,0.40983672107035424,0.08601228727793579,-0.2535037946795897,-0.5862673463232606,-0.932750048284943,-1.2762785750985193,-1.6080230689236212,-1.9520662207057136,-2.267611157296711,-2.558290382258167,-2.7627945159875744,-0.9272952429044024,-2.6139858209367057,-2.3228080807918463,-2.3005416906178056,-2.506065375740314,-2.7552371180361046,-3.061249080562372,2.888650308743465,2.557943842755621,2.20319928843177,1.8614819921829484,1.5053298477663597,1.1807664030423601,0.8448934130753781,0.5466580727037885,0.2797041554390968,0.10602660067776355,0.1790700031898782,0.4985984206137388,0.6708291484023681,0.5563181940961949,0.3277146847214981,0.030452767928431417,-0.318237665953691,-0.6700842309132499,-1.0480438505299399,-1.4177690908517848,3.141592653589793,-1.24904575683401,1.7359450126226286,2.111215790443732,0.0
0.1973955568539838,0.9420900964715777,1.5707963267948966,-0.3587706617343177,-0.7853981633974483,-0.7853981633974483,-2.451446747912983,-2.9744779335345104,2.759450503394224,2.230469497641964,1.6941265037102087,1.1540940671757616,0.6292333314724501,0.09955996586946568,-0.42747728107579086,-0.9400131289901875,-1.401587139136444,-1.8052691660003344,-1.5019398384156664,-0.7570369909750632,-1.0212363251635999,-1.4395842941884849,-1.9552751474524956,-2.4844071600353406,-3.0374602250568965,2.7153982387419258,2.164869980293499,1.6093624035644603,1.0750206771260509,0.5171678728104637,-0.03616843246843581,-0.5519485632266666,0.7853981633974483,-1.180189275722694,0.4792713325107815,0.14405686915757374,-0.35250041940132987,-0.9185155751345122,-1.4595755690572507,-2.010700343595689,-2.5475967162741893,-3.087619700619798,2.6603687076916733,2.136717431780059,1.5982046045655696,1.0994457868142906,0.630136150357637,0.2774990061305591,0.1973955553908714,0.5529292612259984,0.5724597941046444,0.24183895908151465,-0.1999498281659253,-0.6961569463046673,-1.2121663298492122,-1.710798843427967,-2.2305283969051986,-2.727593629726728,3.0524257468137277,0.620249498614171,-2.2455372614191007,1.5707963267948966,2.8198420914038187,-2.6011731716470496,0.4636476090008061,-2.7610862818493813,-0.6435010963303527,-1.190289955054485,-2.6011731716470496,-1.9513026985353084,-1.0329235078797698,-1.521297621080011,-2.000558612623188,-2.487042251728904,-2.9809518302812843,2.80813124898646,2.332257968528194,1.9051102009942444,1.505343737552428,1.1783943217915678,0.9135267500393467,0.6837093217507725,0.446842484127362,0.16086212058722515,-0.21795821875567425,-0.6455605292573342,-1.0920896380012544,-1.554088369544145,-2.032255743068494,-2.5083827569717774,-2.999171947922396,2.8030032821049993,2.32179123746508,1.8742840768331932,1.4347828377064324,1.0376887592379527,0.7853981633974483,0.3272282848877496,-0.03338640967776987,-0.3752172918322971,-0.7573442936068062,-1.1601293919863505,-1.6100842771050454,-2.098229536233121,-2.5717986558357233,-3.1029911507034633,2.6680566083498083,2.1364409355175797,1.6289548283753463,1.1010346694805915,0.57766586112452,0.07334490011081855,-0.42311760876551324,-0.9078591873400929,-1.336946883179899,-1.796864725205135,-2.230106376635314,-2.723368331719594,3.0755311558473895,2.558471433899176,2.0072705617329425,1.3933883617287954,0.7889568874384865,-1.5707963267948966,0.0,1.3998859789402216,0.10505991112279632,2.069842294905339,0.10505991112279632,3.136569417540465,-1.5899766261312782,0.8097159944538778,2.356194490192345,-2.356194490192345,1.1642692097124188,0.2905345021499063,-0.5252638094876327,-1.3223348716515944,-2.104115673051407,-2.901263313298961,2.603103126057843,1.8264785695596617,1.03907225763752,0.19210927926360788,-0.6790052819375056,-1.7111316962159513,-2.9939153153760403,2.0647376865673723,1.049178009399366,0.1598489617309633,-0.6101909821231357,-1.3502289543728272,-2.0517349881611517,-2.76943733453646,2.8247480242300735,2.1161188978058005,1.4202914700875797,0.7176843209783876,-0.04513062533085178,-0.8508781929899267,1.4056476451698199,2.99900259098177,1.8091360786418635,0.9037701541883133,0.14137945851038797,-0.5419446324223145,-1.2049445091346838,-1.8607446686016265,-2.4851949958784756,-3.131188405051117,2.5314608735381317,1.9173351830620031,1.2976715260153413,0.6756052454291043,0.015227248710916507,-0.7119111124408468,-1.9559538362858315,1.9859644503217149,1.163485208819903,0.49353002417195674,-0.12377348712815424,-0.7228647115779488,-1.3020126412046045,-1.8870824643826625,-2.454179778148456,-3.041505369750578,2.667271056430863,-1.1071487177940904,-1.2924966648504146,-1.3258176636680326,0.7853981633974483,2.677945044588987,0.9827937112637408,2.677945044588987,-0.9827937112637408,-1.3734007699409128,0.0,-2.7367008726766633,2.0294314379303717,1.496933003745305,0.9416340104783161,0.41117937938075366,-0.12294888492550438,-0.6410690636169029,-1.154705512760245,-1.6463200678609766,-2.0988707697833804,-2.467684693883791,-2.5397341605279076,-2.205448129371765,-2.192386262067531,-2.517506567772043,-2.9410370976875626,2.858284693927058,2.3547195860036303,1.840879146952908,1.312609266337225,0.7952743926586684,0.27242529817523836,-0.24134148630259325,-0.7395454157115723,-1.2290336382763787,-1.6969243721443363,-2.0726057143974814,-1.7681918836488804,-2.294488047657979,-2.1942778497061335,-2.3424212335138472,-2.689062962370591,3.125333924161148,2.647785609121186,2.1516226352383785,1.6385731459229511,1.1222067546711418,0.610265718386101,0.0944809520550831,-0.4185831832714715,-0.9247291174128794,-1.404110964930157,-1.8470597562458733,-2.1896601199361148,-2.298143544521459,-2.133975276290345,-2.1419990087431704,-2.4503850286886317,-2.875230156407248,2.9212220774135176,2.416488751333444,1.888765159735819,1.350872558624993,0.8052090881293038,0.6610431592638165,1.0303768448521529,-1.8925468889808712,-2.1112158087376405,0.0
0.09065988338944124,0.9420901309403923,-1.5707963267948966,2.1587989541875467,2.356194490192345,-0.08314123616411126,0.43030870775200714,0.4031014049966279,0.361440908964308,0.32989940909865706,0.2946052959446502,0.26827360329831834,0.22947011326756112,0.19669017307989015,0.18300392041761535,0.20955658240366815,0.3321668358254443,0.891382485864921,2.21537037542313,2.5709076055759206,2.637537991860353,2.6478452354175412,2.625937166418292,2.5942353204368818,2.5327476569809946,2.5016472656463957,2.444765250515104,2.39780171127076,2.3581668549274024,2.3131830761413474,2.2958903669873263,2.32786198822589,-1.3258176636680326,-1.2676606457308508,-1.2806761235153103,-1.3124527183079768,-1.343091024131908,-1.4033152878508015,-1.4573750298178136,-1.4858945331222633,-1.5468357695943515,-1.5731327712125625,-1.6024063466088294,-1.5948687219099944,-1.5750698051155185,-1.4099463982394775,-0.8124186167221704,0.18069953392925714,0.5356621710853878,0.6335701962763152,0.6684133972689851,0.6673968789726672,0.6533271355160019,0.6387402569288582,0.5994963373604245,0.5993487950547874,0.5940844724560184,0.6229384520825522,0.66183387269285,2.356194490192345,-1.8925468966908425,-2.677945044588987,1.8925468966908425,-0.9827936994022466,-1.1071487177940904,2.1587989541875467,0.0,1.5707963267948966,1.5707963267948966,-0.4636476090008061,2.6283055697729463,2.6349440929773404,2.682964507054113,2.743887026400626,2.8254173135846314,2.981801631482636,-3.05495042018555,-2.7345476774157342,-2.4116929733946084,-2.189727689643913,-2.0553493066648567,-1.9698731428819642,-1.910016014034148,-1.868935326659291,-1.8507461561903664,-1.8419334860821814,-1.8249517467508127,-1.79044416078126,-1.7283201226917255,-1.668817041917161,-1.5707963267948966,-1.4170380342175655,-1.2279046400999558,-1.027638995692279,-0.8307590672893274,-0.6758511278489107,1.190289960371706,-0.49946731848356246,-0.4400700698430804,-0.4229159144341037,-0.42966305009007716,-0.41316178173721885,-0.4159226748149047,-0.40289069889869505,-0.40966365188433873,-0.39009632856956145,-0.3357131078814298,-0.2600151353284892,-0.19274802109480393,-0.10089589285416768,0.00842085386035633,0.10189536375217578,0.1346386636446348,0.18055183246897488,0.14694081938342354,0.10803361229567011,0.06706345912311397,0.017043804208424433,-0.05538882988130376,-0.16306896423564285,-0.24663886667873722,-0.3392926172287451,-0.4201967194914905,-0.7853981633974483,2.498091569595394,1.3998859871977332,0.10505990009012162,2.069842284630723,0.10505990009012162,3.136569417423425,-1.5899766263464303,0.8097159798705504,0.0,1.5707963267948966,-0.773233335453913,-1.2906286684211614,-2.095863919555672,-3.0838534322981546,2.439098570180948,1.9804762944861436,1.6051913590122853,1.2878557576302152,1.020771987252896,0.7649092251631934,0.5087298299119164,0.2501546114249078,-0.004636751614353283,-0.2759010159881464,-0.5809769799443131,-0.9888314017428947,-1.5598876688991277,-2.3399796934493984,-3.01252070860787,2.8254600047040586,2.5009044494279014,2.249307261368736,2.0326539671533093,1.8515401084737035,1.6742234123765454,1.4873355730830558,2.5535900261971434,1.1304495946461472,0.9261052341065931,0.6543702260494185,0.2315437687516718,-0.7319511624054432,-1.614247222399111,-2.025311768542251,-2.287203742264213,-2.490346658421198,-2.6315068635086925,-2.7734931319046794,-2.8783050230105,-2.9995379417242227,-3.1076080876865584,3.057285917688803,2.9527388607812406,2.8484753419718096,2.736336299304885,2.590997776542987,0.6287962663082295,-0.46784922379497057,-0.602544537704586,-0.7048275968171734,-0.7853981633974483,-0.8808338386350061,-0.9560813811643303,-2.356194490192345,0.7853981633974483,0.0,0.9827936994022466,1.446441332248135,1.3258176636680326,1.1071487177940904,0.0,0.7853981633974483,2.4468543367391797,-1.5707963267948966,-2.0193948861617574,-2.020913850567225,-2.0580700251421007,-2.0848818817792596,-2.116695238838122,-2.1321022465955624,-2.167778317502264,-2.2020370361535937,-2.213382531686267,-2.219286877738022,-2.186811784499026,-2.0587552580934814,-1.7668276240506926,-1.0214218254957634,-0.3755230180184566,-0.11487659931959379,-0.0194295410529571,0.0,-0.010383843296535708,-0.0009398493418554984,-0.041422502755926495,-0.05472790372776513,-0.06181328371742552,-0.07352163420825568,-0.07701110667095583,-0.0479337370713643,2.896613990462929,0.17692471949072044,0.5764994441553825,1.2711788494850027,1.727971275402301,1.9330854924226313,2.0025164899605326,2.0578556349400894,2.047701485799852,2.046019234708622,2.028017768103794,2.015077638276134,1.9929389388229892,1.9851405172077294,1.9886127427943656,2.015527276709041,2.0987571034697186,2.3083176667358987,2.8246729898580965,-2.8021448195873875,-2.434012433345395,-2.2735548549882516,-2.235690559451132,-2.2269058654776726,-2.2484210640860316,-2.2759886575067148,-2.3214821302867565,-0.38050636642319063,-0.38050636642319063,1.5707963267948966,2.677945044588987,-1.5707963267948966
0.14189705304367903,0.9420901182914322,2.4980915323126296,0.9827937352510588,0.3587706788211744,-1.1071487177940904,-1.8589426951200105,-2.2597207130007857,-2.676192182816462,-3.09753113583989,2.76328777894558,2.3680360657988695,1.9383919837030272,1.518325776005552,1.0983722132892506,0.7028635837128068,0.32942302129169476,0.0263097175768983,0.1227562769596322,1.0598467555317026,1.0874883283775238,0.801269839071004,0.4474060859012774,0.03987588966715445,-0.39373085293038923,-0.7907132241366199,-1.2418185687930843,-1.6699410833572372,-2.0980712193949307,-2.546743168622852,-2.9690278422076632,2.8938692709672638,-1.8490959828556968,2.253383680096935,-2.919510741178078,-2.382504204853458,-2.7012224392588484,-3.102536145618445,2.747017374315468,2.35101317904118,1.8971066575906577,1.489431293160693,1.0537463732447965,0.6257842359689354,0.20817302417637687,-0.20056345424983346,-0.5748692959292359,-0.8859481159155764,-1.0871513702439102,-1.0348678156269375,-0.6339195072290638,-0.583914332425188,-0.8327001284509914,-1.124626914481532,-1.5150717635302795,-1.9008989914466488,-2.3052831131813836,-2.6837169979073203,-3.0804444925762917,-2.356194490192345,-1.8157749899217608,-2.896613990462929,-1.5707963267948966,0.876058071063569,3.141592653589793,0.0,2.356194490192345,0.4636476090008061,-0.4636476090008061,-2.5535900620459553,0.3923854304235235,0.03819797243992757,-0.3095244105265856,-0.6905596158453187,-1.069782930821887,-1.4439189109485022,-1.8371500792496258,-2.2017194843454146,-2.5333483389749123,-2.835481115914157,-3.106146514569683,2.968544210027232,2.8110048157644614,2.6885012695623733,2.5430231661183194,2.306973162193861,2.03726678982518,1.703819069458988,1.3839600335320326,1.0314669030479753,0.6508901222156642,0.2796537694830198,-0.11834304928628296,-0.48088726832359363,-0.835975811768724,-1.1902899496825317,3.017237659043032,-1.81083269735513,-2.0858691491990133,-2.3371232314212538,-2.571301556148952,-2.821049832481148,-3.085492162645321,2.8855579239349654,2.5272341152605344,2.1517480444149184,1.7549045642743175,1.3375818313706132,0.9426262114762648,0.5105886308099578,0.08998192344306304,-0.332673670761525,-0.763662461797404,-1.174745423615874,-1.5566843597417888,-1.9365436315619489,-2.2918765311836604,-2.642871690313493,-3.0090411185673815,2.902093380670693,2.4832946477129236,2.039462707631246,1.5511909954921819,1.9756881184609625,1.5707963267948966,1.3998859717687184,0.10505990619146806,2.069842300008219,0.10505990619146806,3.136569416980913,-1.5899766267334752,0.8097159967135431,-1.5707963267948966,1.1071487177940904,-0.27654167023090054,-0.9886384684375421,-1.688320231139641,-2.364699753370141,-3.038156897287047,2.578597338462172,1.8717820901910718,1.1474161932536102,0.3744324564472827,-0.6228245712512824,-1.7673014116356325,-2.9245346687300224,2.456050301332395,1.713555701099193,1.0417658521918387,0.38677503823911596,-0.2241889377256407,-0.8178192249055296,-1.4052275659381337,-1.980713212446398,-2.582993344394979,3.0936162536365965,2.46253344049443,1.7416218003568908,0.8642533614059275,-0.29008692959733456,3.017237659043032,-2.333726354465373,-2.9805243029206117,2.701917893992839,2.1285391095597332,1.6000919730534344,1.0746691656631293,0.5653364904040916,0.029129287979223827,-0.48966611440150426,-1.000696597755597,-1.5123264633269915,-2.032518993705503,-2.6093831549688673,2.9147937978849088,0.7256403733575127,-0.399342460817882,-1.0084291442196562,-1.5265773836091867,-2.0192359775770004,-2.5019816342661327,-2.960075581813667,2.8468447543602635,2.3719977656586275,1.9190307652133567,1.4482334358341291,0.9868892580440172,1.695151321341658,2.356194490192345,3.141592653589793,-1.5707963267948966,0.0,1.1071487177940904,0.5880025915438377,-2.677945044588987,0.1651486731971002,-0.14189705304367903,2.356194490192345,1.7266072690677958,1.3060911943240248,0.8735477290660678,0.4455089966259897,0.037222668776124415,-0.3392926267458646,-0.7268833404642872,-1.0757281200162836,-1.3182420355896036,-1.3239362008977091,-0.9101295104770135,-0.7813165587346013,-0.9723026976770225,-1.2800736363369416,-1.6376112210617868,-2.018700949656019,-2.411353234101901,-2.8272535901160567,3.0409508052900955,2.663733576276566,2.23722918554216,1.8460979065523084,1.4692431816818718,1.1042332605771945,0.797025554454768,0.6194882514486162,1.446441332248135,0.8499634684362859,0.9072086473051654,0.7056142104453876,0.42017188490157525,0.06374331343323743,-0.3110937606067846,-0.6851294650134185,-1.1031747373961664,-1.500568281258986,-1.9085719774693206,-2.3152535547937747,-2.7138948151734406,-3.088016213963295,2.8415080608992516,2.5411240876946555,2.3593194758261165,2.454239757517689,2.681667119223887,2.7001636067608463,2.4642573504143623,2.1414236039064205,1.747221486514019,1.3522249674030222,0.9291523888778286,0.5102877764273022,0.07249377616362752,3.141592653589793,1.1071487177940904,-1.951302709288244,2.896613990462929,-1.1071487177940904
1.35970299357215,0.9420901331134722,3.141592653589793,-1.2490457723982544,-2.677945044588987,-1.5707963267948966,2.862070514041473,2.840884456839635,2.825622392946248,2.787043613080607,2.742462119756907,2.709879178017256,2.669434607684399,2.638657863652776,2.6156949446009286,2.6090430208566895,2.6456700421239443,2.750142026143621,-2.9669204596397565,-1.7866324218674206,-1.4360250366477922,-1.3421256389822194,-1.3293967339355368,-1.3409956191407673,-1.3820704575101737,-1.4223156144401554,-1.46902578549319,-1.5207359358124117,-1.569683980173415,-1.6148853863619657,-1.6477951315073323,-1.6829451262741488,-0.2914567944778671,-1.393858267754469,0.3639789485500691,0.7903980840487352,0.8344870757469889,0.8189426392356804,0.7844849285480938,0.7423703064731033,0.6884909072481858,0.648257100304531,0.6066050845809797,0.5718651242745713,0.5461267582022922,0.5261046125771597,0.5518737469834949,0.6357066621121378,0.910903235053982,1.4711276697812485,2.153872859278025,2.4642062272502065,2.58034283046205,2.6131010369514285,2.61954489544701,2.6163380282962185,2.6122441391880673,2.5956855387048123,2.58266335289912,0.7853981633974483,-2.0344439357957027,-1.5707963267948966,-1.892546881191539,-0.5880026035475675,2.498091544796509,1.1071487177940904,-2.356194490192345,2.761086276477428,1.892546881191539,-2.279422598922567,-1.8978078699251495,-1.8918158779875327,-1.8841319392770683,-1.8803770869133907,-1.8815733982985805,-1.8797048369585034,-1.874514227192731,-1.8557660635766693,-1.780163947310256,-1.670633073500858,-1.5060016587804566,-1.25571235682635,-0.9952264762559816,-0.7629300341776188,-0.5987496225508885,-0.4622480403196899,-0.4016155138892123,-0.36304937742552507,-0.34679350854451435,-0.3371802721826159,-0.3330708390366961,-0.33123794039716015,-0.3265048726983371,-0.2951124019475625,-0.2584076171270875,-0.20820594337510906,0.0,0.0018050521748360908,0.16546352382606985,0.30962993567002517,0.44778915806024633,0.5490425523928395,0.6213836848409959,0.6678493918682094,0.666211408627678,0.6615220924214235,0.639972322379692,0.6080891852066871,0.5807202415889083,0.5347726202203593,0.49839298570182433,0.46437859749187427,0.4354639925228978,0.4266274963282024,0.46175901346412307,0.4812441282038724,0.5429511637893933,0.5618416682974866,0.5629720833537524,0.5693131875910264,0.5315935998571796,0.44688939351735574,0.3457459274200825,3.141592653589793,0.19739555984988075,1.3998859805718433,0.1050599023027897,2.069842301884461,0.1050599023027897,3.1365694170746115,-1.5899766274096525,0.8097159792068155,-2.356194490192345,1.892546881191539,-0.08543385356352211,-0.4392850401974036,-0.7639537289842084,-1.0681060482419442,-1.362520882123674,-1.6484738967372865,-1.9420559295461466,-2.253016076264285,-2.597098210773437,-3.0132694268390465,2.6867167537632133,1.869295255185857,1.1699494497904743,0.6530822466204474,0.2901429838122505,0.0,-0.2576840380433817,-0.47301499280144826,-0.6846573141700738,-0.8924846667459876,-1.1023554771571769,-1.302717081224802,-1.501062900852912,-1.759510842629823,-2.077028030613266,-2.620747765367947,-1.3258176636680326,1.9133291019584713,1.541393037143331,1.2831957788272261,1.0701530336736222,0.9156528093756738,0.7610537020035391,0.626242104948518,0.4927266533903146,0.36454011647192447,0.2540309248669717,0.14209535574761997,0.013651028993725887,-0.10608175742437517,-0.2639637260688057,-0.5205808227354765,2.9385474266070406,2.794034128936927,2.646346377138298,2.5438342642572547,2.4498729872911036,2.358643446405999,2.2835950656515402,2.2007263697483133,2.136662331991084,2.0651605594812765,1.99003976725407,-2.5535900500422257,-1.1071487177940904,3.141592653589793,-1.5707963267948966,-1.2490457723982544,-2.9441970937399127,-1.892546881191539,-1.7681918866447774,0.0,0.14189705460416394,-2.5535900500422257,0.9503014991613735,0.9146175930320104,0.8743130623393539,0.8435848385265169,0.8198672704912386,0.7989864494965375,0.7991714035845024,0.8200212015539575,0.9097531759208882,1.151705193733183,1.6489947535407492,2.3081545332441253,2.666640287744038,2.8198421205739246,2.862558370231578,2.8949537942513324,2.883340434521884,2.8702444758663956,2.8575182802639674,2.828715964799055,2.8060905014360276,2.8006712900775916,2.7994912351274226,2.8190941617978797,2.8749554384936804,3.0047180171991785,-1.7681918866447774,-2.4516267503965974,-1.9248421983466715,-1.665086821976025,-1.5595923139174568,-1.4968979946169823,-1.4865432803596155,-1.4824086336489377,-1.5036907627811302,-1.5223061242144265,-1.5354979931764543,-1.5516479602284032,-1.5611305471918306,-1.565840966128795,-1.5391167883689785,-1.4727510505952655,-1.2927640508132656,-0.9009855296785785,-0.3251175364960819,0.08585400570992191,0.2728317839652107,0.35653228013537025,0.38814980288823586,0.3759830175184869,0.35011917680659427,0.3074585057634201,0.2579854154183305,0.7853981633974483,0.0,-1.1071487177940904,-2.0344439357957027,-0.14189705460416394
1.7506498303527822,0.9420901493211694,1.2490457802428527,-0.14189705303524425,-2.0344439357957027,-2.8198421070377493,-2.9116081818321615,-2.92436964734774,-2.978836697239452,-3.016894837027459,-3.055735031926443,-3.1009646158347977,-3.13786480512447,3.1073663468814448,3.061176212706238,3.041659279275383,3.047370755451612,3.1014132856840146,-2.937885182230363,-1.9128601169547088,-1.124241066378644,-0.9277618777947827,-0.9051145669760557,-0.9182601408530756,-0.9754479750483548,-1.0105238286636724,-1.0720121964230833,-1.1224078564433604,-1.1694237446317044,-1.239535668828021,-1.2771508135152685,-1.3179526543597593,0.8519663216195741,-1.3471751734984974,-1.0180991542189144,0.7128997323052068,1.119160143523568,1.1289255695559237,1.1022226475252637,1.070022947160032,1.0071252117412448,0.9730566245066042,0.9242526276125638,0.8804190734717197,0.8238697686962638,0.7796745934941182,0.77041802119149,0.7775770909123988,0.8467246670971215,1.0109994110786673,1.4682763613148242,2.155541639648688,2.576787724013283,2.7168043039182415,2.7587545948218524,2.7808475033707016,2.7822822387386124,2.7708683357697836,2.753579202649903,2.1293956350871346,-1.4288992737596524,2.5535900621108385,-1.8490959828397822,1.5707963267948966,2.677945044588987,0.0,2.356194490192345,-2.4980915322451516,2.158798918273851,3.141592653589793,-1.9898778650651014,-1.9163519139408403,-1.8765482499129995,-1.8611200877408611,-1.8645555786633712,-1.8823431690301478,-1.8996485706478463,-1.906073631635949,-1.9007129950825397,-1.86855146948795,-1.8223288744064259,-1.7375501475633792,-1.6021513623278278,-1.3957638533468422,-1.1650686545366264,-0.9364437579463888,-0.750302050465189,-0.6324876111430705,-0.5552749762253558,-0.5218342644863078,-0.49693105632235635,-0.501984995820966,-0.5148983146180545,-0.5056939895884173,-0.5098447843543423,-0.5231493042601714,1.3734007639278625,-0.4846833080171361,-0.4324077951629014,-0.37036087949806495,-0.2538712683579053,-0.13970887308721414,-0.01922839826449674,0.10429311367668147,0.17590094414669252,0.21616359405788751,0.23259656040032956,0.2173871048375218,0.21804326518431005,0.1660858812444742,0.11129436945390034,0.031919489769699,-0.03526144957386094,-0.08659958548624548,-0.14560531869934895,-0.19888586315962323,-0.23628322980247674,-0.2574425951734782,-0.3028848745894765,-0.277531585514365,-0.27829964664938595,-0.28501658504204086,-0.36234717774275077,3.141592653589793,2.2142974481395385,1.399885981039129,0.1050599021819031,2.06984227493032,0.1050599021819031,3.1365694171660725,-1.589976625727523,0.8097159848152482,0.0,1.9513027093173294,0.8567056477865774,0.5160973541174916,0.1907682629090195,-0.13426792657087533,-0.47884111060427165,-0.8170776886406684,-1.2289911570114824,-1.7705265170221858,-2.5964929761878333,2.9245346657272524,2.337791646861073,1.9152858820574072,1.616458763609185,1.3419571276354836,1.0904423524003921,0.8448946656197163,0.6224839612025264,0.4096617585241416,0.18762206375513715,-0.029912335412721685,-0.2954408260887339,-0.5798616832755915,-0.9735089221149006,-1.7510610073793864,-2.6296554644768473,3.059425132953603,-2.677945044588987,2.488353806523408,2.308799175018779,2.1296639108670634,1.95959685643638,1.8237396723501011,1.6810776583435785,1.5368515252418882,1.4014166663871708,1.2600443954146456,1.132661504337675,0.9895916865883538,0.779410200212797,0.2119576387803048,-1.9700171098970007,-2.31640285726993,-2.476457279461076,-2.5766695867616023,-2.7147455312845237,-2.82239590697376,-2.9173218437811235,-2.9931035444272545,-3.075831479332392,3.115825162280763,3.049614440581081,2.975832111021687,2.9121714335833326,2.6011731348613303,0.0,-2.2455372766717163,2.677945044588987,-2.158798918273851,2.736700861894642,0.0,2.5535900621108385,0.0,0.0,-2.1293956350871346,1.8290129729117355,1.7881892183016808,1.739706221290668,1.7018491378702003,1.6853998605589788,1.6856195528924822,1.7205440609674436,1.8354243489070214,2.124835872361419,2.7501297847272386,-2.9509002288977895,-2.6798793010690356,-2.5872851600219695,-2.5510584089250825,-2.5582570905990716,-2.5623593339310924,-2.5813103340882106,-2.6089249483351895,-2.6471125723693305,-2.6591547757555545,-2.6974589279432246,-2.7029629922035325,-2.6853798542128615,-2.646007007057766,-2.5209152721545256,-2.2712926877169277,-2.11121584552336,-1.2753554722790545,-0.9590010377881854,-0.8263588388498647,-0.7615343636540611,-0.7549327324934851,-0.7695666455575855,-0.7638522631819061,-0.8100292158713851,-0.8283165944857596,-0.8496968556920693,-0.8735468436703889,-0.888479775554931,-0.8861960554766569,-0.8534329530101916,-0.7515721179736581,-0.5137591280768303,-0.03569911021947936,0.5169455448437131,0.8196854955515545,0.9648058228823083,0.9987668028851314,0.9919406299091795,0.9760582054926507,0.9424231351993481,0.8960553745239782,0.8391967932622778,-2.677945044588987,1.5707963267948966,-1.5707963267948966,-0.9272952054502548,0.4636476090008061
0.9652516682248423,0.9420901097574954,2.356194490192345,-1.9513027039072615,-0.27829964713031097,0.0,1.6061474496923258,1.5252320276072697,1.4522619898609634,1.3521273712104134,1.253206652809306,1.1320032734186924,1.0495203160510413,0.9559801987016159,0.8834724981011237,0.8312376205723454,0.8604568739490134,1.047255708338559,2.0344439357957027,2.729785324765694,2.847114119723559,2.7912507523847214,2.713940588560809,2.6425963083909307,2.5549781538675296,2.424505458927843,2.3331699164970643,2.2151345844078993,2.0938419010181692,2.0104189767092984,1.9167635737019302,1.879447193103805,-2.214297435588181,-2.530866668080973,-2.1047718555511077,-2.1344841067801363,-2.2275977410095313,-2.3007447769224054,-2.4129428586038664,-2.541587168753823,-2.6325421690735165,-2.749770275002218,-2.841347825549559,-2.930755766652505,-2.9821392144636487,-3.013091176433474,-2.929569081789388,-2.589408990333398,-1.8381517256811195,-1.3625502537147998,-1.2849658872703162,-1.2949904149303935,-1.3380457145383728,-1.4124968545609633,-1.4669605970438193,-1.547568181245436,-1.6203508638125697,-1.7059920639787287,-1.760091249621014,-0.24497866312686414,0.19739555984988075,0.0,-1.2490457723982544,0.7853981633974483,1.1071487177940904,0.0,-2.5535900500422257,2.356194490192345,-1.5707963267948966,-0.4636476090008061,-0.5853555473734621,-0.653233634126401,-0.7233058144775796,-0.7784052607627191,-0.81347589356108,-0.8441539771522534,-0.8069930495023945,-0.7162776928290326,-0.5507064538562205,-0.311224633761294,-0.0723373264808457,0.08966716612868812,0.159213269000919,0.17587886654981297,0.15745652482061792,0.12897700062489947,0.08438775835196875,0.034508735369352145,-0.03710592979214605,-0.08364399843508626,-0.1105156046343111,-0.12383270977734458,-0.09553518290428897,-0.054092695458911585,0.04634897103710315,0.164507652052778,0.24497866312686414,0.37816521643568674,0.4400183376434095,0.4427329696398007,0.44182821029432456,0.38696752023830716,0.31478630392884854,0.24528863662247977,0.17213565349103446,0.0996686590504583,0.019254842458227117,-0.04820823536362175,-0.11886378248021172,-0.15238703340920282,-0.17651183233938994,-0.18058369844914457,-0.1531393608523667,-0.13426362179910953,-0.12790108759402194,-0.16093374753014586,-0.21485217068747553,-0.34128178578132007,-0.46011719236267995,-0.6045391338447412,-0.7695264785609446,-0.9528087401312071,-1.152802233012959,1.5707963267948966,-2.356194490192345,1.3998859674814885,0.10505990731199177,2.0698422770132843,0.10505990731199177,3.136569417245692,-1.5899766257996628,0.8097159695072403,-0.7853981633974483,-2.819842099193151,1.3097188902146588,0.4095244620722656,-0.2137651731668687,-0.6884552902248192,-1.0793780817182654,-1.4552419825865233,-1.7757963102106438,-2.1085619143089898,-2.439785983610442,-2.773398746123142,-3.103975997985453,2.8059080455580117,2.3840166224662123,1.82268334084305,0.9865864031183174,0.07813243486979013,-0.5010133988803604,-0.9300663838526386,-1.2971643418066776,-1.5890527253677138,-1.8622531360541676,-2.1114264725695486,-2.3318090707565062,-2.5843441121754456,-2.816264298055886,-3.0527515028077685,0.0,2.626220108946936,2.1203563374608536,0.7638961072299111,-0.1632402770178543,-0.5710435739622186,-0.8481298327775605,-1.0784026306898362,-1.274480603952892,-1.4479888889353862,-1.62803104203924,-1.7990489022088951,-1.9755416100942251,-2.1438948695577755,-2.308516945270434,-2.4520298617981076,-2.561952207936318,-2.660018694002163,-2.2197918838914292,-0.15089109223550112,-0.1963179662696215,-0.34765759821522435,-0.4786399786929316,-0.5926973931937088,-0.7220157105303221,-0.8344209029188527,-0.964374012471579,-2.498091544796509,2.356194490192345,-2.356194490192345,0.4636476090008061,-0.19739555984988075,-0.7853981633974483,-2.0344439357957027,-1.3258176636680326,2.498091544796509,2.0344439357957027,0.4636476090008061,-2.836789607020602,-2.913670495556081,-2.9783281845277303,-3.0699358062845907,3.1251531290122228,3.015160441970951,2.944601140105712,2.8823056765116966,2.839641492992987,2.835552927309607,2.897120050404471,3.1217652221453016,-2.6441637330308914,-2.1511186154459394,-1.9200743344889784,-1.8733184876758415,-1.8890679574050258,-1.9293196010935438,-1.977570407320925,-2.070285139416005,-2.1367899113851356,-2.207457870014409,-2.2836888404492894,-2.324889492620104,-2.372767580780892,-2.382026060663699,-0.6610432075808068,-2.1493592862264994,-1.6766660358233745,-1.2467747741058488,-1.0008317291629278,-0.8941294352982108,-0.9000637386203434,-0.9491016088996602,-0.9906694755561709,-1.0722205561577776,-1.1463717469524826,-1.2197235101958033,-1.2846984564093917,-1.353297656964322,-1.41000638162573,-1.4259838285559576,-1.369757794001448,-1.2070081438280742,-0.7634236859882181,-0.2932286546864795,-0.03588202829805728,0.04770912336832645,0.05543823676448292,-0.002814251543637985,-0.07690283203376475,-0.18678629767805474,-0.2973154874538957,0.3217505543966422,1.1902899496825317,-0.3217505543966422,-1.3258176636680326,0.5880026035475675
-0.4636476090008061,0.9420901001135666,0.0,-2.1587989424550655,0.6202494774712642,-1.373400769973166,-1.1902899315122648,-1.3530374055193344,-1.5225962146297076,-1.7108311889544603,-1.8958309366532904,-2.074613322817424,-2.262969581334868,-2.4513234565819655,-2.6046051555100496,-2.7495072298904524,-2.8786811412041513,-2.79558121978495,-1.7873466420242574,-1.1922507284871025,-1.1675665752061553,-1.282906163758926,-1.435897186069499,-1.622229565422722,-1.798778775114889,-1.9892161648170195,-2.195102565881565,-2.393322340260143,-2.5938624725341684,-2.785223917591567,-2.965691698038743,-3.1170744066603255,2.0344439357957027,-1.3734007642533266,-1.0508059503961398,-1.1467228767008475,-1.3176180758723615,-1.4994012368484924,-1.6967633595582785,-1.882869778080059,-2.0795261631504935,-2.2761058598660493,-2.4609515708696414,-2.6412692344403754,-2.79856871316909,-2.909035710840839,-2.9243667002378344,-2.6687710224430963,-1.9894844635124078,-1.5881356295844753,-1.56476018310971,-1.6639410258221947,-1.802832724156467,-1.9558698147434337,-2.1221810623744033,-2.299994968232086,-2.4612197201854773,-2.6194384322510254,-2.764484003088812,0.0,-0.4636476090008061,-1.9513026984774748,-2.1112158085403263,-0.24497866312686414,2.214297422991076,2.356194490192345,2.0344439357957027,-1.1071487177940904,2.356194490192345,-2.356194490192345,-2.629489607757619,-2.780518111750538,-2.9158226876539994,-3.0546614612016474,3.094009551452819,2.995541548695799,2.9318890961289403,2.9266180194874685,3.017497869396051,-3.1150502170707,-2.9750815812742335,-2.8891514582076407,-2.9132404501873586,-2.9783031393166257,-3.077248605662237,3.0887008567409313,2.9578580534539993,2.813039475184135,2.6795067328357076,2.545251366700926,2.4238566047080266,2.332246968214141,2.251545346838319,2.2146384819935263,2.2109788575340312,2.2590085958680244,1.5707963267948966,2.321725428202082,2.2757994025319075,2.2030409049627915,2.1058864331069387,1.9760451422736691,1.833161782592098,1.675009247992275,1.5051690556470942,1.3312230178834874,1.161265041186598,1.0074153352873514,0.8671459964779707,0.7310382233646914,0.6161055616928159,0.5362470620685132,0.4858876714246803,0.394962197223153,0.34895947868879235,0.22188215252945653,0.0731887918801359,-0.10539642051327093,-0.3311546581132955,-0.5632279353335728,-0.8130475664814266,-1.1042888536479951,-1.3917596594114967,-1.5707963267948966,-0.4636476090008061,1.399885979508884,0.1050599089456877,2.0698422940283736,0.1050599089456877,3.1365694172047833,-1.5899766267415325,0.8097159980228695,2.356194490192345,-0.9827937111347279,-3.083686446297986,2.20218902397274,1.5434059189400866,1.0094444542218879,0.5093247694750165,0.07961856563608306,-0.36269880537109167,-0.7778956251031237,-1.191703959527606,-1.6253168794998136,-2.0501906419083875,-2.4968262542336457,-3.0309354375366717,2.5903951315019937,1.6591731139411052,0.7022569488843248,0.012885885410369915,-0.47064049153421844,-0.8890256139144171,-1.2710686200229895,-1.6275827537322822,-1.9777865684330125,-2.3003626588070514,-2.6439914896294345,-2.9673320807001935,2.9901897342218327,0.1418970498802497,2.249307264384093,1.560380036590582,0.2045078227479513,-0.8438273993873369,-1.297506665217707,-1.6592176513610304,-1.9651463355848209,-2.2530530248005967,-2.53774792901163,-2.811728699400839,-3.0757306071504162,2.945289994487039,2.6916804401007597,2.4529881722000506,2.2181208558265437,2.0169018582961553,1.7914435014936605,2.29965104430707,-2.1257920716041867,-2.235687465042923,-2.4387919458554923,-2.6512064946417984,-2.8767161141095903,-3.099134526090988,2.970616533202029,2.761818600361587,-2.677945044588987,0.7853981633974483,-0.9272952305987173,-2.356194490192345,-2.356194490192345,-1.5707963267948966,-0.9827937111347279,-2.0344439357957027,2.944197096768063,-2.356194490192345,2.944197096768063,-0.132730019542336,-0.28978789658403653,-0.4636476090008061,-0.6321712454206361,-0.8029877035631084,-0.9658739384600571,-1.1327245569421878,-1.294222977120367,-1.4193543659687824,-1.5150328263577817,-1.5519306413460479,-1.4056476446018515,-0.9685090020449382,-0.5520244169352422,-0.4210446200548249,-0.45411111364880247,-0.5502650359380805,-0.6742443481512946,-0.822914063315309,-0.9719084692761213,-1.1446698170473577,-1.3063780198462576,-1.4675569138640912,-1.6140338674842154,-1.743465044090411,-1.837993560954154,2.0344439357957027,-1.760184949836766,-1.4201840662549596,-1.0220157874055846,-0.8680122660474411,-0.8634998316922736,-0.9479880017479682,-1.0591375975725197,-1.2077291418068228,-1.3671896646984596,-1.5301936560879437,-1.6982858035206463,-1.8621744899846768,-2.016866851170275,-2.151124285859524,-2.2639762679525575,-2.295361550361071,-2.1937787386697574,-1.8663483007289254,-1.4511778204305872,-1.2778026453982954,-1.2675155584435658,-1.3627401885745811,-1.5130248657579504,-1.6792130724239198,-1.8692357069010872,-2.0617458117766536,1.5707963267948966,-0.5404194817454299,1.7681918836166273,2.677945044588987,0.0
-0.12435499454676144,0.9420901251464316,0.588002579306837,-2.8198421149496258,3.141592653589793,1.1902899388159967,0.265042859200446,0.3088436686712646,0.3553588465357393,0.3868143879263025,0.4131504614497426,0.44809862933242645,0.4690552078971778,0.5013741331585873,0.5370525073675804,0.6084079103364984,0.7050802020221045,0.8784045481658055,1.5707963267948966,2.7782636371015763,-3.0943836610267894,-2.9388609674812898,-2.868747824327518,-2.8128129806128905,-2.7899855311204127,-2.7719314447158583,-2.758236761779998,-2.741246892493255,-2.7160084753314684,-2.694072681929509,-2.660425737897865,-2.6156356502338696,-0.6947382348682437,-2.1196799653612297,-0.28123219962017665,0.07772472853422532,0.2233889240804402,0.2489142516596912,0.2756056147090298,0.30937154047816096,0.31185619810995036,0.345857565142106,0.37733710895009626,0.41822431188386733,0.465235788369024,0.5170792670584515,0.605763605212496,0.7954988388989013,1.1754714553010353,1.9481923042873426,2.6011731477231246,2.904080507356219,3.0407747618003476,-3.140243126791662,-3.0875601449472008,-3.0223310019017426,-2.9604719696810595,-2.9066356624858822,-2.8573448876673124,2.7828219660518507,-0.24497866312686414,0.0,-1.1071487177940904,-1.7681918927049605,-1.5707963267948966,0.0,-2.1587989061017336,-0.9827937474880597,1.5707963267948966,-2.601173116245149,-0.23225154422050723,-0.15608603089410875,-0.0876058782938717,-0.024282449213404767,0.048741848317604024,0.11599282924098794,0.1878320556063934,0.2988925605048159,0.444550342120081,0.6624262470195825,0.9461231445857817,1.2779161844117226,1.6243533095669715,1.8966428382382639,2.0883275789264535,2.2535998386209544,2.3618018942451955,2.466471899536637,2.5452513759285154,2.6101639058161332,2.6842807413260057,2.752764391499161,2.8476127420065533,2.9571558916812575,3.0889327452255477,-3.0704003666465916,-1.292496673735625,-2.685426216617212,-2.4635963199044038,-2.245830365315006,-2.0391204295481593,-1.892546881191539,-1.7869548087362892,-1.6731866427527187,-1.6131207656421478,-1.5734348429666791,-1.5134927697253058,-1.478932777112595,-1.4312140791561623,-1.411018923301718,-1.388351797590631,-1.3480450451854322,-1.2934862807584175,-1.2088198102999768,-1.0931775519201927,-0.98935960543083,-0.8632302017361148,-0.7519009967062261,-0.6806140002904362,-0.6188731857564279,-0.6058460725292013,-0.637961031509885,-0.7004611115366957,2.9764439846921795,1.9295670143328392,1.3998859876958931,0.10505990492850191,2.0698422771286418,0.10505990492850191,3.136569417120681,-1.5899766265219029,0.8097159745283069,-1.7681918927049605,-2.0344439357957027,1.4487071914541374,1.142770789959436,0.8970138547829166,0.6535416992723071,0.4280296096119657,0.212849774446987,-0.0017182113219672312,-0.2326499178903117,-0.47490417947651437,-0.7641999427818171,-1.1313131791966338,-1.7462463237476264,-2.516876707094758,-3.116281603891873,2.786643984660945,2.512134548411361,2.325702857302731,2.167116354331829,2.021646465584628,1.8889712038324875,1.7547987012337611,1.635355724748281,1.5241434547122676,1.372679259626812,1.2269625288050594,0.9756800223779913,2.4329663666324994,-0.8721364774779595,-1.3880400724905257,-1.621976536472781,-1.7694931276339647,-1.8595526086478662,-1.9515334872108108,-2.006461393582871,-2.0740707376420957,-2.1295121940586847,-2.1638398414703013,-2.1961679525708058,-2.2411994288380783,-2.264601545828606,-2.27607438860717,-2.270313541326429,-1.5957911212011484,0.5796555837840863,0.6209224430224748,0.6141998322963202,0.6091634566311223,0.6035723109591505,0.592962274065723,0.5903154047089396,0.6086386362127625,0.6054165909680452,0.6032685995114688,-0.291456817606639,-2.466851695994069,-1.5707963267948966,-0.24497866312686414,2.356194490192345,-2.9764439846921795,2.111215864139541,2.8198421149496258,-0.32175053864016745,-1.1071487177940904,-2.0344439357957027,0.322453785046889,0.3541663019127518,0.3929031983144299,0.43733788523448025,0.483446976414107,0.5363089156429691,0.594404112757273,0.6860286426839844,0.8170948477593203,1.0588964596771688,1.4638440378141324,2.1226700939988143,2.6499476937342563,2.9745589753183053,3.1356491873416794,-3.040825362771254,-2.9613527887767748,-2.8912364419832284,-2.8427607377361284,-2.789430055503998,-2.746665766203972,-2.686928050263726,-2.6071447540144153,-2.5225152127999877,-2.3994006614478436,-2.23010642269082,-1.0516502222446662,-1.487870057122249,-0.8855906525448328,-0.46621389307424016,-0.22446319016001906,-0.07429278576291198,0.024262174983863804,0.11432747315657052,0.16082847005265125,0.21840878527033855,0.2801390650518918,0.338252416051383,0.3973595955527332,0.464927468663083,0.5459254373285297,0.6560204380263298,0.8725080348947355,1.271785820991429,1.8361284229892814,2.3746539170750243,2.693249963665157,2.878086355424486,2.9716982529927307,3.054145009930409,3.1030534899689415,3.1261717979986954,-3.1399679596141468,-0.9600703370261299,-1.4056476578972832,0.7853981633974483,-2.7610862656108934,-0.7853981633974483
0.6947382348118257,0.9420901098597014,-2.356194490192345,-1.8157749899217608,1.8157749899217608,-0.4636476090008061,-0.3335147182917029,-0.649259192624337,-0.9740009814265504,-1.3096123391860934,-1.6627900651365954,-2.0026525214843396,-2.345951558858922,-2.6880947623972222,-3.025339179194842,2.9248309896407445,2.6514239233487777,2.466002449444659,2.5549984800239782,-2.9176358574463226,-2.720359903117721,-2.934581994704704,3.0670185584086234,2.7379473496897724,2.409497614524729,2.064737684815492,1.7059747124378992,1.3549908744329477,0.9779421535593873,0.6178301290607774,0.27605331062621,-0.05916431910434396,2.863293000538638,-0.4068904669059258,0.5987838555355487,1.0516502222579027,0.8235475570053657,0.537108255976563,0.20608654161510914,-0.15256374938082126,-0.4953534242888886,-0.8571519853244912,-1.2146842989720632,-1.5656364140038657,-1.8946958664685234,-2.231157069058684,-2.515197187849643,-2.731704857014233,-2.8307905700153,-2.630099452186495,-2.2678176950573055,-2.1952938816972853,-2.3801495866247153,-2.6330825238343496,-2.9176761795821857,3.03862477603927,2.7102663514108585,2.3738107097560843,2.057126887037297,-2.9441970876714567,-2.0344439357957027,2.677945044588987,-2.4980915195517337,-0.982793747521151,1.2924966737437418,0.8760580919830709,1.5707963267948966,-0.5880025792737457,-1.1071487177940904,2.0344439357957027,0.1171087415700072,-0.15611567374778257,-0.46650067625224173,-0.7691754319117695,-1.0928507907320189,-1.386507850552505,-1.6800735517831988,-1.96901830137273,-2.210978843311865,-2.4516716635021356,-2.6107852475069766,-2.7059413226260447,-2.7468015274304696,-2.812407308925484,-2.9231148384594605,-3.1119138704530647,2.947833446607158,2.673304725147862,2.3793266049774826,2.0968297756593506,1.7801255534998708,1.481084508931569,1.1761906259559083,0.8733005697567474,0.6030560403948816,0.3436177234724147,-1.0714495649160782,-0.08515939048984017,-0.245421736326298,-0.4019141142489305,-0.5905510182831567,-0.7608932636964649,-0.9886076152199726,-1.2552987014540395,-1.5508843078685806,-1.8515576222308379,-2.1933833559599796,-2.5356300943527033,-2.8995051051415497,3.0248840699183797,2.6830863931342925,2.3400147144630132,2.005520262956411,1.681653827561526,1.378193055742971,1.0628229442766588,0.8195146174129676,0.5526566477081681,0.2849082355931997,-0.015344064530464104,-0.3786511083030929,-0.757723574300981,-1.1780678589456466,0.6947382348118257,0.0,1.3998859870226805,0.10505990619364608,2.0698422917288104,0.10505990619364608,3.1365694174487637,-1.5899766264843238,0.8097159874731619,2.8198421149711352,2.896613990462929,-1.2441358476955395,-1.8767839577672327,-2.51210045612722,-3.1152829366862798,2.566361358901976,1.972267368983587,1.3719525330861715,0.7575868799151281,0.10066864565604362,-0.6007640122769828,-1.579606671778981,-2.7464447747033787,2.4464012754337907,1.6539375586833378,1.040238427300542,0.45932176978967065,-0.08124931533184386,-0.6057094585721974,-1.1265907135426645,-1.6166240897632447,-2.1221047007592966,-2.6167968711267715,-3.1347316975754884,2.6083132222072787,2.025957581230038,1.1686823071889287,3.141592653589793,-1.4711276763033208,-2.1615575610170716,-2.6820100631155963,3.1356580052266647,2.655221681662078,2.222883930688099,1.7928089370136362,1.3620643647983313,0.9367735790524742,0.513117520308663,0.08507612051310505,-0.3322213665465528,-0.7219176805068447,-1.074752652032155,-1.337982514704253,0.8960553845713439,0.6185952259837686,0.30554337620308897,-0.07727579767801666,-0.45410704124524787,-0.8567640209323443,-1.237780521461586,-1.6266892217334035,-2.007544593047668,-2.3768405312800143,-2.7325820304359443,-2.1293956279560007,-0.982793747521151,-0.4636476090008061,2.356194490192345,3.141592653589793,-2.2142974608329564,0.5880025792737457,1.5707963267948966,-2.8198421149711352,-2.0344439357957027,2.677945044588987,-1.2695608903721174,-1.5950830502686721,-1.9321239646111859,-2.260808031691095,-2.591653050368582,-2.9015794585338552,3.0782258241248357,2.8040614814708227,2.592952364440031,2.4871139247717986,2.6165060265918103,2.845046830267573,2.9135711000378146,2.8075796176526495,2.586263224456817,2.2930083796816936,2.0081098973654288,1.6785368937236134,1.3788962015118342,1.0643918884751995,0.7350901108081443,0.42623866352507694,0.10220671626768629,-0.17964594979598286,-0.4310638111071099,-0.6097278309637347,-0.4636476090008061,-0.5159915756595318,-0.37700071282368897,-0.3643025241976468,-0.5280744685497357,-0.7452886228951316,-1.025386349111035,-1.332514478228215,-1.6469341052256232,-1.966504499739765,-2.292902817054256,-2.6249781756004045,-2.9401375749192593,3.0358113773588196,2.7615013028646946,2.527772437750115,2.363620066957881,2.357810023920961,2.583779905455167,2.7069224331425894,2.6395551491468527,2.435503756504032,2.1688647399580616,1.8498476765270624,1.514505984511353,1.1571963124460478,0.8123882179264664,-1.0516502222579027,2.2794226137724345,-1.2924966737437418,-2.2142974608329564,-0.19739556591833665
3.141592653589793,0.9420901407004318,1.5707963267948966,0.8960553922195793,2.944197096755082,-1.1071487177940904,-1.1985150705768108,-1.2149196245261469,-1.231012911848744,-1.2796039559301695,-1.3296231462135593,-1.3939951701325182,-1.441901954540172,-1.4928592742867017,-1.5401505337283459,-1.572023320071203,-1.5847057851054025,-1.5557436997654646,-1.4189882776274219,-0.6350267353903137,0.383014724511317,0.611127722733508,0.6521965407125437,0.6445812882921628,0.6217155655363318,0.552065636134036,0.5051085507156341,0.4401977615062728,0.364323640543336,0.30374922777744323,0.2466953937723741,0.1828561128061654,2.1587989424031435,0.14902105365731816,0.3064195588976872,1.7858112131294157,2.451274785546491,2.556715041907994,2.542745487052883,2.478357267583989,2.440004147462372,2.364264779654846,2.3095384690909566,2.244311977365462,2.2072339882274825,2.1554906949084995,2.1303030694584657,2.1068722104963507,2.1263937850422066,2.2390857597273466,2.577810144178593,-3.0972668668058274,-2.547842973338038,-2.3213072510708352,-2.240650493190187,-2.2233929487092916,-2.233999328773667,-2.2699145548228077,-2.3024057726855394,-1.8925468890309805,0.24497866312686414,-0.9272952305447185,-0.6747409345753173,2.0344439357957027,2.0344439357957027,3.141592653589793,-1.5707963267948966,-2.356194490192345,-1.3258176636680326,1.5707963267948966,-0.9019163416316466,-0.8121870334275048,-0.7899560016345135,-0.7837315038486875,-0.789253212358755,-0.8102987127459029,-0.8171686790863505,-0.8352810881024545,-0.850592270710603,-0.847069427983305,-0.8052630704884645,-0.7501939212595056,-0.6462540037700093,-0.49354192403820835,-0.27284776296882224,-0.03702011434661119,0.15205874133151615,0.2889753951765488,0.3677229741287948,0.40360714823563626,0.4282385142851418,0.4185984131643048,0.4285928888751923,0.40083055712938825,0.38364538774547474,0.3849075710038862,2.466851719014476,0.37585884542164544,0.40333598963154077,0.4535250389215352,0.5174178867715034,0.6326482478950068,0.7413678817983536,0.850347330604224,0.9345414582341754,1.0048630788452046,1.03507163957693,1.0337915745900956,0.9885337148884352,0.9455684852239362,0.8785947425350867,0.8233041819823708,0.7327065175922014,0.6471831907590186,0.5703573992188362,0.49751960974846715,0.4288790289669402,0.3780870432699466,0.34711020314938296,0.3217505543966422,0.32266213725941717,0.30682627987118927,0.29301103102566217,-1.8925468890309805,0.4636476090008061,1.3998859801840797,0.10505990031368405,2.0698423127067667,0.10505990031368405,3.1365694172245577,-1.589976626136289,0.8097160193849348,1.5707963267948966,0.0,-2.6457558099714045,-2.9988573790347974,2.962432157240694,2.63428812487372,2.2889724446688757,1.9085313278336442,1.4339753677506588,0.795364610582168,-0.10513851515803219,-0.8655584419559946,-1.3541928815447868,-1.7165635635856575,-2.039845130744569,-2.3095193147220616,-2.5601133892329595,-2.774608937003921,-3.0010042422080634,3.0644057409223993,2.8342396156181544,2.597388595933405,2.3547514945983834,2.0628664430179082,1.5582969777755349,0.6977571398314947,-0.2801676423660906,-0.7636194223827373,-3.017237659043032,-1.2879870990021018,-1.4787494800723626,-1.6625930963822908,-1.7971593635351195,-1.95618278034524,-2.104909262358245,-2.233317538599332,-2.3777469185665137,-2.4808199951250156,-2.618887828456354,-2.7388452457302837,-2.875340604438868,3.141592653589793,0.10308160380058977,0.006097485442657397,-0.12819130058431594,-0.2557848754547831,-0.32886638361697346,-0.43922419156853065,-0.5294757412144377,-0.6299461140130945,-0.7241297811452517,-0.8020885759116596,-0.8732627046041642,-0.9262570698000849,-0.9746880746948414,0.0,-1.3258176636680326,-1.8157749899217608,1.4056476451427338,-1.5707963267948966,-1.3734007699601856,-0.6747409345753173,-0.4636476090008061,-1.5707963267948966,2.2142974230450747,0.0,-2.2223005372989864,-2.2643483784745007,-2.2869541168202874,-2.3145518910274623,-2.334054621445919,-2.3365891836916717,-2.279232384635748,-2.1663270185833734,-1.8733184796805875,-1.345030004562727,-0.8869190776469412,-0.6230336001570104,-0.48088728278839354,-0.42459544362203616,-0.4197656890012201,-0.44684248737642907,-0.47108405252328234,-0.4880532057485382,-0.50576673311231,-0.537849620594085,-0.5564341461484077,-0.5732544244653108,-0.567563092074542,-0.5150961340569965,-0.40627555382098735,-0.168164123690899,0.5404194818248399,0.6928437727806753,1.0049642292168837,1.1582092626708251,1.212879867588874,1.2440706992007349,1.2531489243930352,1.2245941309724433,1.2043841917835276,1.1617901941672055,1.1435624812518457,1.1178721619695664,1.0992715935218598,1.0935791334664624,1.125469848075815,1.2035137149272996,1.3974024481928395,1.7781616477944018,2.2968415637651733,2.630240417920644,2.7889621004276854,2.8571382240554377,2.875517996044971,2.8570091876326575,2.8187889172569176,2.7534767322123375,2.6862451074364992,0.16514868165216282,-0.7853981633974483,1.190289955089043,2.677945044588987,0.0
-0.4636476090008061,0.9420901260217512,-0.5404195002705842,2.0344439357957027,-1.0121970114513341,0.24497866312686414,-0.3055656293412597,-0.1992843312838766,-0.11159520590504235,-0.03778578746579931,0.019790876402141975,0.10764254425377325,0.1499845314976571,0.2194376650220055,0.29901052296000397,0.3965649654584945,0.5472313843256548,0.7898624376946023,1.588338386368767,2.7778044637758685,-3.122177617391333,-2.993531626623348,-2.8799701967891234,-2.7941525643753633,-2.7054527633572905,-2.6390036897486358,-2.60036107456173,-2.555234335883738,-2.5187444906917054,-2.456739264872997,-2.376866198904318,-2.294059106028485,-1.1071487177940904,-1.2685238184116638,0.3141171294127258,0.597758361373123,0.6907373786329911,0.7834751003009737,0.8457598734804214,0.9136977355779589,0.95533258274595,0.9997551804943621,1.0691063361247382,1.1319575331698288,1.2170566940818135,1.3313834656075854,1.4979033884191164,1.8072524629581248,2.4696294724543515,-2.916466985640571,-2.4995885507932076,-2.2800063665219366,-2.1311794737198295,-2.000604100325943,-1.9236810187260776,-1.8479904068831776,-1.7687763405310135,-1.695399962384749,-1.6047175641092286,0.4636476090008061,-0.6435011087932844,-0.24497866312686414,-1.1902899496825317,0.4636476090008061,0.4048918025417689,0.0,-0.7853981633974483,1.5707963267948966,-0.7853981633974483,-2.0344439357957027,1.4952822982282776,1.5959746360021398,1.6831575109410357,1.7875310346995725,1.8995154171005997,2.0442050434012224,2.176594602884496,2.3496586309637713,2.6064641091051164,2.945003556572432,-2.956648149271804,-2.5703806013540382,-2.267623751913259,-2.0414860874677685,-1.8403853946499058,-1.6967411484922217,-1.562342421923784,-1.451870628005362,-1.3562467013932809,-1.2191322759347765,-1.1261681581840175,-1.0041656175866835,-0.8572586484726921,-0.699403867751687,-0.48620019213131166,-0.24542172646314797,-1.0303768265243125,0.3006056744467246,0.5484638954706551,0.7722252550447639,0.9650543478715548,1.0939044582473207,1.2147561379453538,1.3466747078194239,1.4052242819147904,1.491170951335803,1.5655812499814779,1.6301858607910482,1.704496845422803,1.7933152692359817,1.8914692910222473,2.0145790177326397,2.1667532948608805,2.3395040904468556,2.5151720724391264,2.699771094410049,2.8349163240316155,2.9411940916788613,2.976789759029035,3.0073832022160323,3.0058774513049142,2.9958254210729645,2.942492067169547,2.677945044588987,0.982793723247329,1.39988597818044,0.10505990581860952,2.0698422893203072,0.10505990581860952,3.1365694174085696,-1.5899766273333948,0.8097159615428755,2.356194490192345,-1.1071487177940904,3.078847900320752,2.6936917754363114,2.3828041716272153,2.1683281387576905,1.975205276899952,1.8264041914117484,1.6407457108205927,1.4772702949945553,1.3063079469569374,1.1218295335215667,0.9294786077000173,0.6672388592519164,0.2635638844687943,-0.4591933219159518,-1.2384641467478619,-1.7232357456360075,-1.949385516678287,-2.1265817090997983,-2.2655346029916,-2.337539936696155,-2.454024409410002,-2.5347179213868016,-2.5964930193054583,-2.680487961066005,-2.757455427325942,-2.8390832724185935,-0.3805063771123649,3.0251011985094496,1.9074711551415073,0.8864046131865864,0.6387316768026216,0.5275191276052774,0.4636476090008061,0.4601531770091859,0.409986675546003,0.40169225237400674,0.38965435001586307,0.3802955730789487,0.3660375784911034,0.37253943801966377,0.39543526926729955,0.4384004387913024,0.5302157761142855,0.9332475331103531,3.100631968579811,-2.9279542138217836,-2.8491280163528536,-2.790901466231593,-2.7834412828809163,-2.7449273876289806,-2.7088083439548916,-2.660825023384237,-2.610392744995904,2.356194490192345,1.5707963267948966,0.7853981633974483,0.4636476090008061,-0.14189706089008233,0.4636476090008061,1.373400766945016,0.4636476090008061,-1.1071487177940904,2.214297435588181,1.5707963267948966,-2.543902502584963,-2.446413445206506,-2.3576848231417196,-2.2652736337225936,-2.1853613412478676,-2.080768414791784,-2.0111805723143648,-1.8973201342985115,-1.7650373130406616,-1.5618679925348888,-1.2804452395581545,-0.8279256998351211,-0.18013463954823464,0.36278094847298287,0.687015536571279,0.8721365254357311,1.0352158509744018,1.1483771234909963,1.266631136271329,1.3794061584498745,1.4545802989215704,1.5460760889345568,1.6353782065466083,1.7505551980618368,1.878590774909325,2.054148960843528,0.0,2.6850950745964077,-3.023586780208771,-2.4431379728922984,-2.1047070583257144,-1.824324602589163,-1.6660131396968756,-1.5218638230364665,-1.434478881054823,-1.344930031240219,-1.25082196910201,-1.166118168795043,-1.0744044000070048,-0.9751912284299844,-0.8486421669946328,-0.7046342690095668,-0.49235120481083045,-0.15808996273408524,0.39169991913571095,0.993739853027335,1.4246290209462187,1.7195530333705178,1.8701102541750858,1.9759387280624976,2.063505516821169,2.1150031449999607,2.1746599811763185,-0.8960553845713439,3.141592653589793,0.982793723247329,2.9441970937399127,0.0
0.22679886214494943,0.9420901403655867,0.0,-0.7853981633974483,2.4980915197144165,3.141592653589793,-2.0210627358191378,-2.491467604012275,-2.999555598561662,2.7850912784375574,2.2817978670408308,1.7812265227414923,1.2682795408265857,0.7515690286537304,0.2454824378722917,-0.2599157747448903,-0.733144551637207,-1.171068937845304,-1.4879195060534052,-1.3467726822403487,-0.759260346858162,-0.8654406931387687,-1.275136462941465,-1.7341624695954172,-2.247175690312205,-2.748859161400427,3.0053608654441875,2.4863027535903135,1.9569834479496957,1.4186881998850283,0.8969461673080128,0.3889976971961857,-2.4668516960722813,-0.5663550824232246,-0.8523903910942463,-0.26884048070802785,0.26806692730074744,-0.05321846495855562,-0.5278286642671794,-1.01518462136455,-1.5405729760678286,-2.043355494341837,-2.5798565657591794,-3.094797569451047,2.669905899307325,2.1570148354096,1.6728217907203717,1.2094795053611977,0.7769747393945586,0.39496221175450635,0.20781823914502523,0.3180875805778828,0.42073767445334026,0.2290108589290123,-0.1365364820655039,-0.5818131244171006,-1.0579460349722183,-1.52720346279896,-2.0122869057793586,-1.4181469965873414,-1.2793395093059345,-1.1071487177940904,3.141592653589793,0.0,2.0344439357957027,3.141592653589793,-1.5707963267948966,-0.9827937473647252,0.16514866894094724,-0.7853981633974483,0.08221128830262822,-0.2849878101766775,-0.6880762693805889,-1.1179590748744457,-1.5908158984797998,-2.0636502130950505,-2.547688666700829,-3.036153596859202,2.7888801098417355,2.3220126536463312,1.8723600985794064,1.457046163023339,1.0886323272825893,0.7880648049083088,0.5112742550441118,0.2833079710442531,0.007842976220865964,-0.2941829739495297,-0.6524010527601477,-1.049681351214243,-1.4882075837823323,-1.9356167907842128,-2.43533916282968,-2.9041066389511108,2.9090662909708533,2.428252596316896,0.6747409575175121,1.5213860273308775,1.0749018295185155,0.6438178756660726,0.25475829903758257,-0.12412916055539013,-0.4815484861503968,-0.82430468948312,-1.1830261573562701,-1.5990573527223333,-2.035935378415423,-2.4863794941791855,-2.963733823309683,2.820756996400588,2.3150942861646993,1.7768291615021998,1.233846570854707,0.6924464322436422,0.15435395383360526,-0.3904197277316328,-0.9212847994380486,-1.4493414039361605,-1.9747323825874195,-2.4482126012566012,-2.9309107595381363,2.8693066772134044,2.349298050348868,2.896613990462929,1.2490457880745618,1.3998859776679193,0.10505990147899842,2.069842283639128,0.10505990147899842,3.1365694171622116,-1.5899766262072939,0.8097159910263921,0.0,0.0,-0.9754946004837269,-1.7697580686337813,-2.545635682796959,2.9512641214294346,2.1510906016412426,1.3107924991938285,0.3636108987222899,-0.8665205933792433,-2.315325094092578,2.789480240077491,1.9025133335803934,1.0908458204006237,0.3474936927832893,-0.36443583332537777,-1.0449557789932313,-1.748060370869779,-2.4217663773473936,-3.0946009950962763,2.5127963490971768,1.8358149455534303,1.1322690849965136,0.3740167970544304,-0.6156199162814694,-2.2260443309001343,2.6703550730454344,1.8203832460228022,-0.7853981633974483,0.4572328596371381,-0.17746115641365603,-0.7923788386810674,-1.4172661724385884,-2.011777792146735,-2.603548429084472,3.0968824467417684,2.4946165658653716,1.9049531746435842,1.3181181010866705,0.759661255631376,0.22172704015689668,0.5070984984767489,2.0659296057988183,1.5007357395471745,0.9678941803257743,0.424239066888443,-0.1497882484002786,-0.6966522945946724,-1.2490457723982544,-1.7858693678326594,-2.331309408545611,-2.875810750610676,2.8820328487234073,2.358032747350701,1.856584094583855,-1.1071487177940904,2.677945044588987,0.0,1.5707963267948966,-0.5404195371560152,3.141592653589793,0.7853981633974483,-2.356194490192345,1.5707963267948966,1.0303767896388814,3.141592653589793,1.3485860040588746,0.8533256720364156,0.3554078867427123,-0.1303472104010411,-0.5942699147668131,-1.032126395019805,-1.4394146547386175,-1.762905594299515,-1.9320000860049027,-1.9242660161888419,-1.9305251760061009,-2.1553723315810744,-2.4980915711121474,-2.902200511483258,2.9356699898400174,2.4795442907325085,2.008419453298399,1.5168950956898308,1.026536846935425,0.5615701709109142,0.07390267322895777,-0.39089977394348274,-0.8451559786853128,-1.2584079388279144,-1.6176370407971121,-1.8430409586697825,-2.944197087710563,-1.9424298095870243,-2.0980629340999357,-2.4147005655430824,-2.7947991730712043,3.0566908655510394,2.599723156402108,2.1429653358442775,1.6486469650478615,1.1710990083287545,0.6703887116484855,0.18376692213866433,-0.29340386745942504,-0.7487576706146042,-1.1827866549450312,-1.5513667847556627,-1.8327785600049824,-1.956477308780939,-1.9021690924436268,-2.025137975317627,-2.313467651507609,-2.6903366502798347,3.1323049949894806,2.653183574238939,2.148268094787487,1.6430281698383224,1.1190357689901231,-1.5707963267948966,1.735944995735844,-0.5880025794301714,-2.1112158639509118,0.5880025794301714
1.892546881191539,0.9420901281620397,1.373400766945016,0.0,-0.19739555984988075,-2.356194490192345,-2.075076546309045,-2.055869222761477,-2.06697686135191,-2.0754951022631967,-2.0881351055525132,-2.1132991701336694,-2.1068975428392314,-2.1176586041616736,-2.122601306160401,-2.115264411420149,-2.0557173189009017,-1.8469436140287938,-1.2454996968431908,-0.08537752887804895,0.24916524306977508,0.36147861064564857,0.3879385258936909,0.38559695380581993,0.3596990649797096,0.3539780151287517,0.3166925738010993,0.2822852848027189,0.2609387926485021,0.2345713866868715,0.2143134302826079,0.24993646807578884,1.2490457723982544,1.0177648687396132,2.565441317107554,2.8018701734427878,2.8331039193144383,2.8348302668607452,2.8176697619285402,2.8010125499339558,2.7641721293825676,2.7573282471890423,2.732746223315729,2.7222629839542964,2.716599825974091,2.7412453969952386,2.822338979110886,3.068835014260888,-2.642245945425181,-1.8512079204392158,-1.4604094510042134,-1.314725961638964,-1.2477247813984718,-1.2072450469840028,-1.2192498499883,-1.2145105606053617,-1.2100472884882008,-1.2019734057260896,-1.181728172203365,-2.356194490192345,0.16514867741462683,1.1071487177940904,0.4636476090008061,0.5880026035475675,-2.356194490192345,-0.7853981633974483,-1.3258176636680326,2.0344439357957027,1.5707963267948966,3.141592653589793,0.9631523211591787,0.9865815803594279,1.0186043860501601,1.0471370192018745,1.0750610013419768,1.1012124501955165,1.1825901761970976,1.2863199479889644,1.456335313537585,1.7153119328880588,2.0181618331384916,2.3073827244037224,2.564153030947811,2.7302680688285874,2.8318897144653863,2.8834113580019833,2.932714359794806,2.969903100990874,3.0185066935430935,3.050181452522783,3.085431673743799,3.1263266639451475,-3.0877029734506345,-3.0037099451481817,-2.8769378082578814,-2.714813598186398,3.141592653589793,-2.3400668432418206,-2.151696074331729,-2.005576587970927,-1.9225378813154537,-1.8344940915008803,-1.7692660082510228,-1.756306137796337,-1.7448695561996863,-1.757809875313936,-1.7553391227734447,-1.7676627821667807,-1.7787294730286185,-1.772965123162068,-1.7466266038836828,-1.7008137837165396,-1.6524506925356093,-1.5422952733438202,-1.4699897623557212,-1.3706808980323555,-1.3059417437149636,-1.2476607492311051,-1.2543297457126568,-1.3131537011770755,-1.3894765523934063,-1.4907986428032467,-1.6231501865931024,0.0,-2.0344439357957027,1.399885982165047,0.10505990506689482,2.069842309486439,0.10505990506689482,3.1365694171051524,-1.589976625554771,0.8097159918397427,-1.1071487177940904,0.7853981633974483,-1.3123413977436307,-1.7793959033274276,-2.1080325806343154,-2.4142513806812893,-2.689438795108206,-2.95787701385032,3.084692118125954,2.8362667033213356,2.599487765874805,2.352333541176731,2.0806093803833003,1.7504040061591106,1.286351515087793,0.4219085353527697,-0.4358770045281892,-0.9771073322402991,-1.299507940397271,-1.538874401696129,-1.7417724434634665,-1.923015216158772,-2.0882676753228298,-2.248995475261621,-2.4059272065217026,-2.5430682122877966,-2.691732249562661,-2.8530355228893542,-0.7853981633974483,2.8832490357313496,1.68790507480176,0.4871475399827031,0.1846538549401118,0.01926543878690219,-0.11165489463232446,-0.2230179563767741,-0.3287280364347979,-0.4319436678797986,-0.5246963205004899,-0.6023452443285122,-0.6730655830599028,-0.7426079451887033,-0.7831045952699203,-0.8423473151760519,-0.8242136085302817,-0.4636476090008061,1.4330601324415357,1.6742320856492996,1.7194708549001054,1.706827021445362,1.6722742349903115,1.6249532416111256,1.5867016658393416,1.542997105825961,1.5087642159960915,2.214297435588181,-2.9441970937399127,2.819842099193151,-2.498091544796509,-2.3036114285814033,3.141592653589793,0.7853981633974483,-2.0344439357957027,-2.356194490192345,-2.214297435588181,1.5707963267948966,0.6563209176760405,0.6772140278789535,0.6750740593398549,0.6771275568446412,0.6887394012414649,0.7038557478884987,0.7277545851294636,0.7608846767773194,0.8210609289590433,0.926584487849261,1.12335803742969,1.5218441104937483,2.0628915547829934,2.5084462079701035,2.756575555014879,2.902326174048348,2.9826032392417945,3.0248550548963538,3.0428947837450133,3.079520360741235,3.0837909276396984,3.097463087780126,3.119649611641823,-3.1260014020360907,-3.0769768463576628,-2.9746070139593916,-0.7853981633974483,-2.530137569820176,-2.0603099358130743,-1.5752906786836014,-1.2409158467690207,-1.0855471576227183,-0.9941354137736307,-0.9228387619238309,-0.8968836483690091,-0.871102382457853,-0.8552898266136459,-0.8469641230847377,-0.8376072203211441,-0.8147639234732674,-0.7659621714746505,-0.7050917885152753,-0.571874968359635,-0.3377787720223351,0.12159171100156231,0.6624627383050186,1.0331215703557008,1.2295254989933408,1.299004158066135,1.337322199020715,1.34882394487866,1.3471751697401173,1.3262053268967884,-1.0303768265243125,2.677945044588987,0.3217505543966422,-0.8960553845713439,-0.3217505543966422
0.3947910898466338,0.9420901115708006,2.0344439357957027,-1.373400760881099,-1.8157749899217608,1.4056476579025308,-2.1951597343092675,-2.6855930779179076,3.0906262405474036,2.5933748693623437,2.086520369686818,1.579335828873189,1.0621412455114347,0.5591058714914259,0.04903372735385181,-0.4319494569649002,-0.9000886947072194,-1.2829310888389105,-1.340274509161049,-0.6792413384235412,-0.6104887691902472,-0.932184224808879,-1.4017619657687284,-1.8987761856351366,-2.418658078378887,-2.9327679482587317,2.8268759798045706,2.289007270396962,1.7816086047221633,1.256038657508931,0.7471348414019479,0.24743667093179872,1.4940244383073862,-0.4866320866949242,0.4767472722730198,0.7094026575961154,0.37932757811352835,-0.1358048702043938,-0.647972024623675,-1.1642019460944304,-1.683992452036345,-2.1921552053689397,-2.7057881476756154,3.0777848700913117,2.560606421155605,2.067916068710153,1.6064954377976173,1.1941704148216474,0.9580547698407881,1.0714495908325903,1.3249622363396294,1.1858769162348892,0.8270407733565455,0.3786928961283279,-0.1060598544924187,-0.5701101226947374,-1.0618283155945334,-1.5464346743482071,-2.033564433151746,1.849095979850505,3.141592653589793,-1.5707963267948966,-0.9827937475029954,-0.5404195373674874,2.999695602138866,-1.5707963267948966,0.7853981633974483,2.819842114959334,-2.677945044588987,-0.896055369189701,0.3668210930836041,-0.09106149505674581,-0.5479409418211934,-1.0224891711368262,-1.4985195070346207,-1.967843453662103,-2.4516134125742393,-2.879170266437124,2.9914822347860426,2.643867327275477,2.345236027035668,2.125613699837295,1.9263760376807717,1.7019292414706082,1.3853444638379953,1.0075473461246425,0.5940017656629257,0.1557426027710481,-0.28156175426368646,-0.7495503263850424,-1.2067660798320634,-1.6901784231190198,-2.1419098131976244,-2.5832699843027904,-3.0109844883931927,2.8599365948273956,-2.1910457872109337,2.1280698845663264,1.8004629481002277,1.4816793894698652,1.1404156837235115,0.7926444243268889,0.3917319037393629,-0.054841095621962536,-0.5050551774550395,-1.0120536462201273,-1.4921869495359656,-1.991840983911521,-2.4964881230898763,-3.0226512408509936,2.7438328717480127,2.2228307495045843,1.7334491820457827,1.252664561753934,0.806353191420686,0.3685000861011135,-0.05861249611149772,-0.44779388892351957,-0.8905544863541943,-1.3491806969190554,-1.8659371934781295,-2.457200917428361,-3.0605639637941517,0.7188300107835244,0.6107259897844042,1.3998859840567652,0.10505990827303306,2.069842282991626,0.10505990827303306,3.136569417193162,-1.5899766263288955,0.8097159864398166,1.8157749899217608,-0.7853981633974483,-1.1032976397870784,-1.9303745514613546,-2.706662457944707,2.8124600795544743,2.046675739745315,1.305130952410254,0.5332296732587919,-0.21535770439967541,-0.9974715784807735,-1.8348332790249604,-2.747678483347315,2.334458787322508,0.8685393819034525,-0.22933164548836135,-1.0777454249388114,-1.8679663677721674,-2.5747487414489307,3.018254961061369,2.356194490192345,1.6871032095199707,1.028620122320446,0.36627338446350716,-0.28086649349161036,-0.9215371075231583,-1.6091406966314405,-2.396402714994309,-0.14189705145092724,0.665604157272934,-0.27466497096786474,-1.0237689607286151,-1.6738201096271945,-2.2857797131544584,-2.906714652627808,2.7805547169800104,2.1942171824458057,1.5886715171751535,1.0321844233056023,0.4619343128811365,-0.09671226979684898,-0.6536358892425976,-1.1932661408750773,-1.685863660758616,-1.2167988773762752,-0.12570725172032132,-0.5730430876899554,-1.1071487177940904,-1.6308743141975723,-2.160532007850653,-2.7065230332292427,3.0471932136475357,2.523244743259349,1.9765107080392748,1.4479212213159454,-1.1071487177940904,-1.2924966737392884,1.5707963267948966,2.111215864162384,0.0,-0.7853981633974483,1.1071487177940904,-0.7853981633974483,-2.1587989060867976,-2.356194490192345,0.3217505386304592,0.9580054012361738,0.46035970938497467,-0.0485156174846513,-0.5438929386648261,-1.0212363389501444,-1.4870064115462387,-1.9634916235527047,-2.4032907885280896,-2.811012308072563,-3.109857279789221,3.0382160938434435,3.101116329424218,3.0467622628963955,2.831591726661275,2.4685018948406507,2.0665614204795966,1.6157714661102807,1.1492197109687867,0.671380843717057,0.19792870078649608,-0.2999833125857926,-0.7753516145793731,-1.2257791213113358,-1.6778515264819909,-2.0961302668894675,-2.456088657849904,-2.158798962683354,-2.8639535030027736,-2.8566352976506573,-2.974188097356017,3.0746103296682987,2.684032419993783,2.2515888549232557,1.8110590914397806,1.3336622681277541,0.8561731278334731,0.38215162006979014,-0.09436906849527202,-0.5730818928661069,-1.053606232468788,-1.500312646244401,-1.9364925114200604,-2.280971102956406,-2.4842327309568413,-2.495079501135394,-2.468951802336364,-2.652836175231795,-3.00137375207403,2.842456481535433,2.402254052457787,1.9197859043103087,1.4192577018312158,0.8948121989753371,1.373400760881099,0.0,-0.9827937475029954,-2.0344439357957027,0.4636476090008061
1.3101939272448506,0.9420901391156618,-2.553590074150582,-2.553590074150582,2.8632930004980524,-0.8960553692831174,0.3054476711737868,-0.1504337862204206,-0.6405588467556578,-1.1314588682273732,-1.6388920695367348,-2.1174564722825395,-2.618066649103529,-3.1093792680950036,2.6995723039217534,2.243551175933091,1.855146859494905,1.7139158706494717,2.401617771337131,2.5096184142696107,2.2153899397833143,1.7736802985918443,1.3000330213254887,0.8076167542735134,0.2978823928677349,-0.20558464035972004,-0.7187405027729755,-1.2259754417599953,-1.7502241677056192,-2.2623653507213235,-2.7377813739296273,-3.1094608598992277,-1.5707963267948966,-1.7375501420162722,-2.076993511690269,-2.522461325062404,-3.0260727730204726,2.754791968874686,2.2548479546085467,1.7537327963990414,1.2365730428111645,0.7403050044641858,0.2380381858508618,-0.24726175580350818,-0.698450879167531,-1.0437763657419274,-1.140586963153646,-0.733158130592465,-0.6090521414061782,-0.9085808332181519,-1.2922925487544454,-1.7483301474476785,-2.2119051019163343,-2.694292385409501,3.0987339256109445,2.5940304027385186,2.117084504913938,1.6629136321726805,1.228931124581101,2.601173116447604,2.4227626428740576,1.7126933782649743,2.677945044588987,2.896613990462929,2.553590074150582,0.0,2.0344439357957027,0.0,2.4980915197238183,-1.1071487177940904,-2.407487107101088,-2.86605582960388,2.9836177159641752,2.5659656530910815,2.1653750739316133,1.8555676136691286,1.611424361911754,1.45198913215981,1.3258176636680326,1.0702527125201748,0.7686024212319756,0.394897564133711,-0.012673592831132742,-0.44624430560915646,-0.8846659519670264,-1.3266320114133774,-1.7824448169566778,-2.2257637276960747,-2.648609376134201,-3.040366149150234,2.875477072150458,2.5384913461039873,2.245830357896975,1.9741496488544468,1.7041006846029974,1.419743378609435,-0.6747409575117793,0.6941759411492199,0.27183587592520797,-0.17398845277794023,-0.6312731329521193,-1.0887047541346313,-1.5469315120128986,-2.0124312860950933,-2.4900054742242683,-2.9356648815688047,2.899311469330439,2.4747427145126886,2.0764360441482244,1.7211677596035042,1.366917864294138,1.0476522058240652,0.6415890437483713,0.1923009864155718,-0.2811581434458572,-0.772129929022267,-1.3084806968476512,-1.8427505998101836,-2.398989522649618,-2.9825694630430286,2.7219130247599908,2.144989360847989,1.5809225631631416,1.5707963267948966,0.16514866894412347,1.3998859719989545,0.10505989849314698,2.069842302870966,0.10505989849314698,3.1365694172138734,-1.5899766268699487,0.8097159729830288,2.677945044588987,0.4636476090008061,2.661279900265447,1.6870214132342134,0.48953177337111065,-1.1595697748054428,-2.3878295090425614,2.958588725592026,2.1373561424558036,1.3890023394203725,0.6646402784332218,-0.06656816229660902,-0.7742987491351883,-1.484121543526102,-2.1945610776933906,-2.9138384305573855,2.6355889936088275,1.8473102636663528,0.735439769461946,-0.8135032296068629,-2.0005586006592506,-2.879637683285864,2.6835719743683546,1.9956932939769494,1.3200870847923685,0.681298220087799,0.051425207477178915,-0.5561094810299226,-3.0309354305048695,-1.768785351956355,-2.3855194445596717,-3.0266164258142596,2.6331685126248563,1.1990873773015658,-1.1462349448678908,-1.8972416788422204,-2.5261696398099227,-3.1218083249585584,2.56440044581072,1.9874985910015646,1.42936648873626,0.8639399653204823,0.32280652647574515,-0.21568619741603487,-0.7582203730477979,-1.2804887609349385,-1.7766549340345772,-2.1354733500473495,-1.959893555274434,-1.0495683226411532,-1.2729382833119174,-1.7550889333063002,-2.2381024674554473,-2.752749283232051,3.0193009254642673,-2.677945044588987,-1.190289938875337,-1.8157749899217608,-1.5707963267948966,1.9513027147144564,2.782821966146145,2.111215863937086,-2.819842114863582,0.7853981633974483,2.999695602119716,-2.214297460660872,2.4383620084177746,2.0543135547924694,1.6099408105120685,1.1593019763275008,0.6782345437977824,0.23213987215516618,-0.23530633873366696,-0.7129745510945132,-1.164430027716422,-1.6234452400057473,-2.0443120421617844,-2.383354697517705,-2.6292031881034257,-2.677945044588987,-2.6054814143890765,-2.7030120975282226,-2.974530360520936,2.9391693551390716,2.5171688876411857,2.083076129858216,1.6162617263954808,1.157451349011374,0.6808583828661143,0.21264492895720508,-0.24351058603734854,-0.6616397123530315,3.0309354305048695,-1.3919645642657497,-1.5895051618845466,-1.6220960236243829,-1.6422627755639243,-1.76110937672313,-2.0586816175201665,-2.4288511863475017,-2.859576526616061,2.9796139920020885,2.495776742560954,2.0229501981889815,1.5563045883290398,1.082579005418424,0.6372188682852831,0.20826471406960967,-0.18240303093680824,-0.5050135017632915,-0.6781192983629186,-0.6010155711484374,-0.5885707962480045,-0.8038142903882476,-1.1522067747499705,-1.5970794545139113,-2.068228307250285,-2.5522011724417415,-3.0499798985858964,0.9827937473556851,3.141592653589793,1.352127377233794,2.0344439357957027,0.7853981633974483
2.077894813408479,0.9420901217098342,2.245537276679214,-1.8157749899217608,-0.5404195187465454,2.5535900621226615,-2.959647324340697,-3.041092053305585,-3.130543378833001,3.0609684941756043,2.977413502945471,2.8848843139213205,2.7920393043007405,2.6971295310316066,2.6191892483396435,2.580576334036576,2.5745229161456447,2.7999771664670794,-2.4014311023880075,-1.7881288214100421,-1.6941971265039186,-1.7049292465893846,-1.7799560630619515,-1.8737413315016977,-1.9837960419672405,-2.086318825577507,-2.2010962757845105,-2.3029399694601773,-2.40937014182367,-2.501668839348132,-2.5770232450432458,-2.6092331653240213,-0.5880025914671316,-0.3805063825277329,-0.3061396672243778,-0.35112187267511324,-0.41503410306155475,-0.5377344260777135,-0.6416964510856213,-0.7311037804969884,-0.8488264317037415,-0.9367024913132501,-1.02737721359685,-1.1014344800974016,-1.1599165781844574,-1.1543577391374107,-0.9168060519068659,-0.18845836141773242,0.4504712145995415,0.6489955694996427,0.6632415802461982,0.624970614583279,0.5602490959111353,0.47818541552824445,0.3874128259278603,0.31711381567885333,0.24325324570223716,0.1967494260716676,0.1496955484732723,3.141592653589793,1.3258176636680326,-0.4636476090008061,2.4980915322328556,0.0,-2.5535900621226615,-2.4668517037054762,-1.5707963267948966,1.3258176636680326,-0.5404195187465454,-0.1651486731701494,1.3823379691908717,1.3296122310802598,1.2971928824101921,1.2705974788570715,1.2599862561424682,1.3095621546878744,1.4392644234762755,1.6514072892709621,1.9476202254106216,2.154369307226704,2.278134409391484,2.326213808023067,2.351517281717428,2.3307331052694606,2.3015550734693666,2.2406190194118913,2.1984257316192943,2.151951943891347,2.1359970409983546,2.1213118598735594,2.1448080983435642,2.185856546489605,2.2880889106816897,2.4159060372108594,2.585029561160819,2.6942701326917895,-0.7853981633974483,2.8013617000662743,2.8162482188435747,2.794772968721236,2.7269924113432533,2.684690303326223,2.6219811283111465,2.5560679443258274,2.483799243707166,2.421979482423054,2.3839059538143097,2.3515216434680624,2.348522007791631,2.3785996813901944,2.4270814223511774,2.4736455234577845,2.4996934600909837,2.511789352112453,2.4381487007214515,2.3524209239617297,2.249896920785962,2.117713060467023,1.9752247320366407,1.798287986509935,1.6283866497736161,1.4524097864281857,1.2629552278999823,-1.7126933861104308,-0.3805063825277329,1.3998859848013714,0.10505990488138203,2.0698423248653905,0.10505990488138203,3.1365694169319336,-1.5899766265210538,0.8097160193819251,0.0,3.141592653589793,-2.4239916658614007,-3.0949598216655634,2.0162641117546176,0.9690750896508086,0.355071567379679,-0.08673834089448704,-0.4636476090008061,-0.8104227317648205,-1.115986029710284,-1.4165090780365956,-1.7305269161353178,-2.0296949718804966,-2.325029561984301,-2.663505630047217,-3.0432443098985766,2.765350627934561,1.8726580102303105,0.7476802180766365,0.17064060720401494,-0.23271233956165163,-0.5324548106706058,-0.7932720282608258,-1.0446245811618609,-1.2524848181759312,-1.4716083238515245,-1.6959331902861063,0.1651486731701494,-2.1117748021300216,-2.329652028319153,-2.5474497540159557,-2.930928872084496,1.2615974329405488,0.46183604135409534,0.19451650397200743,-0.024556464781481005,-0.21158887056850628,-0.3789194445877584,-0.543116959985337,-0.6907355636337733,-0.8451429178224067,-0.9941354149572896,-1.1393419303281402,-1.261597412122079,-1.3737698981080386,-1.4401769950683918,-1.3604144850678759,-0.19528140291303484,0.639299459234147,0.6872687431288127,0.6224229523557647,0.5385228471726853,0.41022255728933943,0.2944877182049562,1.2490457802505377,-1.5707963267948966,3.141592653589793,2.2142974481518345,-2.9441970907198036,2.677945044588987,2.4668517037054762,-1.5707963267948966,-1.7681918896648865,-2.5535900621226615,1.5707963267948966,-1.6423719583638043,-1.6475682192239507,-1.7013624244928596,-1.7622303772633392,-1.820323858442766,-1.879644358823182,-1.9528241960717274,-2.005812111650707,-2.0638776185793524,-2.09059094058886,-2.0895556778140563,-2.0054028130732835,-1.7968401606119908,-1.38878416817676,-0.9635653029968103,-0.6725369265143906,-0.581799736294078,-0.5611633937162304,-0.597176631700758,-0.6247286192077455,-0.6878253925692398,-0.7495161081179342,-0.7961913763881496,-0.8542776439271272,-0.893029905981098,-0.9126994268963291,-0.19739556286998983,-0.8327503867332694,-0.5985780003020272,-0.20262612112360695,0.1944155663871942,0.43110801605623267,0.5163551166836772,0.5443795167813779,0.5098599144307945,0.4810539710340528,0.42534518952090705,0.3583042624817412,0.2868247093229209,0.22788103817180055,0.18277137448647207,0.1429495237901999,0.16065864220879333,0.25664815675020947,0.5032308620825087,0.9773030220047834,1.378969532121833,1.5631976888156012,1.6008353635344752,1.5909548850989086,1.5262228378023412,1.4598654107782214,1.3571791676514176,1.1071487177940904,2.8198421070454343,1.5707963267948966,0.4636476090008061,-0.7853981633974483
1.7894652763714072,0.9420901092045976,2.9764439846810666,-0.6747409575756662,-0.7853981633974483,-2.089942431357779,-2.2867574360901863,-2.236451387874326,-2.221504166843498,-2.2036422441500796,-2.1907482717339315,-2.171549111570043,-2.1638935153251326,-2.1663567979931764,-2.1529782822926515,-2.1244587241908746,-2.079126722763598,-1.9913495220846735,-1.6621746063807814,-0.7224185017786497,0.14941571447089919,0.4190851332318492,0.5050360470656264,0.5391616284633411,0.5424191294184774,0.5578732517932503,0.5376947135552238,0.5354603172231337,0.5309904909950923,0.5150043111184753,0.5188460816597352,0.5393832326822737,3.141592653589793,0.6840100036520742,1.3156139299354142,2.863293002185426,-3.112879922113929,-3.0594878442067865,-3.031239474242137,-3.0048051731012855,-3.0205933592580454,-3.0012176657044263,-3.0133304986179144,-3.015176807802043,-3.0069087861512642,-2.993449793464076,-2.944995174387098,-2.854785511312488,-2.6970766507011965,-2.3726635899569986,-1.6501273936054177,-1.0076173637417576,-0.705387796149993,-0.588903530132132,-0.5242514694615112,-0.48362446701764317,-0.44713968369885815,-0.4092458956464589,-0.3836239365894507,-0.32175057537786383,1.2490457514170328,-1.5707963267948966,1.5707963267948966,2.356194490192345,0.7853981633974483,-2.1587989061333634,-1.5707963267948966,-2.677945044588987,1.7359449957036233,0.0,1.8748496038414941,1.9664426264980586,2.031931396935199,2.081844940523497,2.121971962669057,2.1695700187835483,2.20126884887393,2.2647832999836424,2.340008821928663,2.4519573184484478,2.5997737691034577,2.8121544729006893,3.0984981985962383,-2.8899610526277,-2.6258719968858415,-2.416799778871891,-2.2554379436963186,-2.1432299337145317,-2.046631388935721,-1.9795905465641404,-1.9135805782324538,-1.8750830145296755,-1.841616441734248,-1.778481054193332,-1.7066726510018957,-1.6409059440020592,2.1587989061333634,-1.4277538058822932,-1.2834772171947304,-1.1178390930553124,-0.9310616505313953,-0.7406911152676415,-0.5875114599905651,-0.4457123079047502,-0.35985526335476226,-0.3133552315308439,-0.2723644336605078,-0.2535763291059507,-0.23590861706847166,-0.24236258395599997,-0.24127247573750457,-0.25921875374970194,-0.2547271291631024,-0.27391473834367164,-0.24811345822983213,-0.21623101753317236,-0.1503714224438222,-0.07041236963562326,0.01366035254678325,0.09612160279025955,0.15408228756658768,0.12335964458549312,0.092995239326698,-0.4636476090008061,3.141592653589793,1.3998859756127557,0.10505990388209842,2.069842297033447,0.10505990388209842,3.1365694170918017,-1.5899766267379487,0.8097159973935093,0.0,0.7853981633974483,1.577692769253096,1.298560540218583,1.0548707949001264,0.8224182906886512,0.5775082460035048,0.34023383112641586,0.08314122841568737,-0.1814008164066342,-0.49934670029799405,-1.0800155213733733,-1.9024475637714877,-2.785471676565654,3.018685881894358,2.7194270361956665,2.4935948640567007,2.2949603813037207,2.132123572685476,1.9771853732660383,1.8489222096497906,1.7029994292898478,1.56647358669734,1.42632498254861,1.2802856178154525,1.081002771564467,0.7749455970826414,-0.0863233963194726,-2.8198421149290662,-1.840902985283962,-2.0231662344678485,-2.1469651614493737,-2.2626871114177045,-2.338744244385426,-2.4104800929640873,-2.473994417761607,-2.5492192006609384,-2.6289437928815365,-2.683725284097203,-2.7327762304164827,-2.7586206386845036,-2.7834630273003214,-2.7320682201694053,-1.8417431843474907,-0.23346838187837676,-0.10592390634640571,-0.11676268730109787,-0.11435343813799917,-0.15274654126483625,-0.15838440439398838,-0.17205243636061782,-0.2032838187429508,-0.21718679536978194,-0.24069603995087366,-0.2397688478810777,1.2924966737278667,1.3734007608927403,0.0,1.8157749899217608,1.5707963267948966,2.356194490192345,-0.6435011339707496,0.6202494604651199,2.7367008564523543,2.677945044588987,2.111215864091166,-0.7908286921034422,-0.7609041741957452,-0.7467030876302301,-0.7232128840023099,-0.6822086689109568,-0.6188298324605931,-0.5604971161781566,-0.44746065695145504,-0.27094685477791214,0.007812341060101111,0.492485765871925,1.0230563282479848,1.3823710520394072,1.5965638184644562,1.724931215403233,1.8203832690471566,1.8922116453197912,1.9268244457168366,1.9630462437458958,2.0133465461251925,2.04242025839982,2.0998003995570835,2.15584211884581,2.2245939989955494,2.3363163813249903,2.517683160535623,-1.1659045296574575,-3.0208950591449297,-2.538159217048936,-2.217875240044873,-1.9827987615753908,-1.8606627510468865,-1.7818183028421153,-1.7000622058966028,-1.665908819155537,-1.6099599681352328,-1.5869369744241344,-1.5551210437388097,-1.5146657117824536,-1.4649136111462602,-1.3951692692233286,-1.2744918519761397,-1.0983319126953834,-0.7912460416857029,-0.2602896131181131,0.2255338236324314,0.5492587242400491,0.7149375298516822,0.8000237592979986,0.854960555957009,0.8839786481312439,0.902675311862582,0.9069983372349654,-1.6814535498878065,2.077894825249152,-0.4636476090008061,1.5707963267948966,0.0
2.191045800019629,0.9420901437398792,1.1071487177940904,-1.5707963267948966,-1.5707963267948966,0.8960553768957457,-2.846931151079555,-2.977721111997511,-3.1229124277657934,2.9994419890074857,2.8405588698351285,2.6600830079200293,2.5080894277142636,2.336329554647564,2.180837132534809,2.0338935618913894,1.9214521089170515,1.8585267119775044,1.9812296039868054,2.8256223872445556,-2.828499907091281,-2.7675304548460486,-2.8540563122370313,-3.0005598989431945,3.1184145075454377,2.940939784440604,2.774486111056686,2.5949758603431006,2.409066087470191,2.2339732891691413,2.0629137908347066,1.9045367200392693,2.677945044588987,1.7653306553487378,2.3368420816040807,-2.6956815318086345,-2.6264787884010903,-2.740745790716321,-2.8884495697754096,-3.0593983923461305,3.0528213360244787,2.890757882220691,2.7110654655625486,2.542952146921458,2.3748074203684753,2.220214538761431,2.0952762012953223,2.0289278331636176,2.0322676840383496,2.272421527801875,2.8372966912840796,-3.056087366440201,-2.994948360688329,-3.0453180013639463,3.1261895073425126,2.9940550454551036,2.8517461544275373,2.705383953177512,2.5639045900883852,-0.4636476090008061,-0.5404195187823212,-1.695151321341658,-2.999695600559127,2.819842107060639,1.2490457802657424,2.677945044588987,1.5707963267948966,-2.356194490192345,2.0344439357957027,2.601173134807472,2.7595813624673413,2.6630048868246954,2.549339920560363,2.424822660219217,2.2960614647914768,2.143216530646412,2.025961096062472,1.9217163298688105,1.8347254896860894,1.7776702871681411,1.782605913469034,1.8353242408906956,1.9675050011587667,2.0884454322598924,2.182884448958019,2.1744514434510576,2.1420452706789392,2.0790898781615983,1.9835645376115625,1.8597091853779197,1.7562876797593383,1.6292093307709845,1.4957858123399577,1.3873670308204051,1.2863728149219777,1.1955655499428923,0.7853981633974483,1.089266850755142,1.0751596569332071,1.095453335773802,1.0946493696137964,1.1160051705009344,1.0859237178732726,1.0057781819162657,0.9204521132291471,0.7945349481215171,0.648695145327539,0.49632361481802684,0.3275644382451987,0.1428377873860298,-0.039868819581270504,-0.19973609803004946,-0.38401408878633586,-0.553031459339758,-0.6991263040831901,-0.8170618074443111,-0.9310705821750385,-0.9968673651047341,-1.0593994673869518,-1.1714989117339805,-1.3163780452894958,-1.5247930032202304,-1.748204299617617,1.405647653632966,-2.1112158455772176,1.3998859751420905,0.10505990263626745,2.0698422877378575,0.10505990263626745,3.136569417237152,-1.5899766269211715,0.8097160073673145,3.141592653589793,-2.677945044588987,-1.7567420109521519,-2.2085290900590313,-2.643276833453965,-3.0462306053291726,2.8290759367577034,2.4055371365319105,1.994935475263376,1.5836988373849272,1.1338414107907895,0.5805559166860043,-0.2284966370313218,-1.3998617971758243,-2.343208242594939,-2.874698066970862,2.9847951497237326,2.603926437297011,2.264816198361367,1.9411483117338761,1.622665704489994,1.2991041206944596,1.0037619636031478,0.7000112933443114,0.38441133976092456,0.07369181470128831,-0.28015236509902847,-0.8643037554291019,2.498091532208528,2.712480229204503,2.2955546497519905,1.9855034555672135,1.6925157833498006,1.4294426497462198,1.1790495919579111,0.9272952180016122,0.6960033786078665,0.44929696885887943,0.2257791152338494,0.0013850406031044058,-0.20647443855553307,-0.4063174957147005,-0.5415904826920892,-0.5244092199177643,1.239399784686534,1.480787479899525,1.3501491481124595,1.1842158631074806,0.9920349018363076,0.7955500914503076,0.6039651255887575,0.4100015059202749,0.22306229635520197,0.03339275626911279,-0.14124960293565733,3.141592653589793,1.8925468733240507,2.1587989182386362,0.674740949899151,1.3258176636680326,1.975688118505834,0.9827937353511569,2.5535900621460534,1.051650217389905,1.2120256479024196,-2.1112158455772176,-2.8009225455011726,-2.9398303187795136,-3.099334529841219,3.0431989761573806,2.9071769840696726,2.774759869902016,2.6749688950120722,2.595034982823415,2.570025499128336,2.663800198695544,2.8944695992151344,-3.023306837825141,-2.775797661500973,-2.711900507709574,-2.736311622840393,-2.80556866902177,-2.910940413309861,-3.035865919089382,3.113688446460028,2.979073109922311,2.850316823521093,2.7336136810671445,2.6106205472000847,2.5180653887281337,2.4345776298123494,2.4351000822239985,1.1071487177940904,2.754156981097125,3.0765681738260455,-3.0338520908478066,-2.955412677930119,-2.9911098603395785,-3.0656404320592014,3.1132448639242614,2.993047087986753,2.8605881772437636,2.7275936455063547,2.5893385380820573,2.456470526739256,2.332849842334003,2.2252697408590727,2.151686708374353,2.1587989657548072,2.2590797864012027,2.581504900979217,2.917062121523029,3.077599207154657,3.084820165295468,3.015861201215912,2.907625733255282,2.7682162689574996,2.607340701794319,2.4301127047475086,2.782821974697316,-1.695151321341658,1.051650217389905,1.5707963267948966,0.24497866312686414
2.2655345617922964,0.9420901225251179,3.141592653589793,0.4636476090008061,-2.356194490192345,-1.4601391037054845,-2.149624875276715,-2.1759367015691717,-2.229291617565997,-2.2860462561393557,-2.337755187997964,-2.384483141848885,-2.4660169908482343,-2.5207796584320517,-2.5705962581678907,-2.6028245056026966,-2.549842772105649,-2.3765077214532035,-1.711864893249814,-0.7120834682728471,-0.4717775153333569,-0.42929685562218495,-0.454866315722696,-0.5126736954196706,-0.5809851850848188,-0.6305627989999523,-0.7303357572532511,-0.8045738622974987,-0.8692849310785953,-0.9339437182113912,-0.9898327832321702,-0.9994588357947822,-2.2142974607197563,0.43984254864249034,1.2836794780753187,1.3494818844471053,1.3326966259671635,1.2764898688998236,1.194492419369541,1.141330946278373,1.05307776643447,0.9785372742403238,0.9305190649221342,0.8845899870123459,0.8430447292495618,0.8397580954453411,0.9311617930889432,1.262093685393882,2.040224230554648,2.603712526984507,2.768764379449195,2.8023828015177297,2.789028624838865,2.7742620727981713,2.7026765999871505,2.6604795455868757,2.6348758114926487,2.59503179505335,2.5621972624445917,1.5707963267948966,-2.245537284342581,-0.7853981633974483,-2.677945044588987,0.32175053868940817,3.141592653589793,3.141592653589793,1.5707963267948966,-2.466851696042109,-0.9827937474123047,2.077894825259975,-2.1181638609092164,-2.147908014355077,-2.1742527647910106,-2.1809837495931657,-2.1842563955676866,-2.153944591523189,-2.102361754343537,-1.97762140776499,-1.7529101345675882,-1.4467154537962312,-1.1786494695030507,-1.014630070599695,-0.890331619123354,-0.8403091372368774,-0.8402104961777147,-0.851521241879579,-0.8592766099935024,-0.8697503795197901,-0.8803889656163848,-0.8735572543035948,-0.8883538856039032,-0.8647878501397733,-0.7798365108551536,-0.6733993552208403,-0.5350719630048896,-0.3851097586506293,1.3521273772251348,-0.1371859590720908,-0.027545705775193954,0.01651501556589352,0.0210939160460367,0.03198908735998464,-0.008939736360857225,-0.018913255438585692,-0.08104039161936841,-0.12924891026643567,-0.15254708879722276,-0.17947030445624612,-0.2016586268915269,-0.20740858113870522,-0.19517991254364997,-0.15959680650162147,-0.10409993494501131,-0.006493415758047425,0.008657792582876054,-0.01237050355287415,-0.029931176823261792,-0.07022652768475224,-0.18488701178192862,-0.29288409126241327,-0.4290294281087326,-0.5965640218502972,-0.7915900375242113,-1.8925468654843047,-0.5880025793825919,1.3998859733524203,0.10505990469718043,2.0698423040277354,0.10505990469718043,3.1365694171651666,-1.589976627373826,0.8097160158127212,2.677945044588987,-1.5707963267948966,-0.2322889955751806,-1.514854755922099,-2.235291717813862,-2.667264564887698,-3.023575412467037,2.9529368533840734,2.6406815940284822,2.351957204133169,2.078456953428973,1.8235790245954868,1.5501970218508982,1.264642420850555,0.9617643113601658,0.5724597974494973,-0.0465983648748242,-1.0885338520697676,-1.9793396349200822,-2.46724649833506,-2.7884205384003313,-3.0219814576166413,3.0236341641565656,2.8178851476300433,2.628416626517569,2.4480968000229915,2.2710575746397828,2.0868549093844373,-2.129395628019596,1.7100755882692469,1.5097212993646247,1.0627335263286608,-1.1155167268259032,-1.6929291040035706,-1.9039586741220653,-2.0587552655680526,-2.2291805581016346,-2.3718453848657903,-2.500550719283496,-2.6244859507877636,-2.7450339988386796,-2.8655141739906655,-2.9747374923776486,-3.074721426218554,3.127868025144339,3.1016139671834013,-3.0738996265838585,-1.698012545200104,-0.9804545569532989,-0.9219991624791051,-0.9741897104351881,-1.034137986006807,-1.0985606264411534,-1.1822439045980315,-1.271823204744832,-1.8157749899217608,-0.5880025793825919,0.4636476090008061,0.8760580917974969,0.7853981633974483,-0.4636476090008061,3.141592653589793,0.9827937474123047,0.0,2.1587989061774886,1.3258176636680326,-2.754394483495635,-2.7660220726816047,-2.7951465377242743,-2.8230144393372836,-2.8624262059757433,-2.874321413555673,-2.921628506354131,-2.9451140998525465,-2.9441970937399127,-2.9142268413576984,-2.826339361581419,-2.6227408228504143,-2.2800533308472377,-1.7988989611581254,-1.4701980877637526,-1.2746241863130852,-1.1884317230346644,-1.1668429250994816,-1.1659045290505592,-1.1638255666270028,-1.2107998859489189,-1.227207455258644,-1.250228510461688,-1.252848037139148,-1.2618434174759086,-1.220505064042617,1.2120256393109166,-1.014373093168179,-0.7083803868246977,-0.29553932974871144,0.09207682011365638,0.2883958812087036,0.37861288740178495,0.4411526063880519,0.4272538918772992,0.41567824303908535,0.39717656077794694,0.3750880019013295,0.34898321455178516,0.31953082345253375,0.301307306316495,0.30987131403510854,0.362846502906467,0.4803633927171632,0.8248721286219186,1.282569801864114,1.681883103564518,1.898763912981146,1.9526507176576733,1.9705382863291196,1.9522998804065121,1.9082523767383783,1.8403956938052914,-1.9756881239125554,2.896613990462929,1.5707963267948966,1.5707963267948966,-0.4636476090008061
0.5280744419116344,0.9420901264982299,-2.1587989182526375,2.723368320769992,2.111215845555804,-2.356194490192345,1.2246603548532227,1.204690222150351,1.1667922961439934,1.1067562534149415,1.0421652730586357,0.9953911272272263,0.9190555785894367,0.8579116704707688,0.8069333108708991,0.7749720080778009,0.7866655889368862,0.9162763658772073,1.3854483831254507,2.4289137011926174,2.822283077123703,2.8909229989478766,2.8632929945846817,2.8229922580124547,2.7727305895687886,2.6870961973132013,2.622102546957271,2.53724991400873,2.4711820805086875,2.3972223618072275,2.335954354383045,2.321914340970174,3.141592653589793,2.8887863472819304,-1.8978007696025812,-1.6733377806804457,-1.6814535489271323,-1.7138237493147546,-1.7842762917405273,-1.8370483812820215,-1.9312728966934176,-2.0081118936635947,-2.0576436828004883,-2.1283799655760656,-2.167853002531217,-2.184048143986359,-2.17454565911162,-2.0067432338955196,-1.4934002167345426,-0.7716249388754465,-0.4045766273719325,-0.2938248532473742,-0.29119237898341915,-0.30492971534782426,-0.34143571589461347,-0.38352749865106694,-0.4246602740248857,-0.4729475999663908,-0.5070985124683999,2.999695600557307,2.553590062132052,0.7853981633974483,1.5707963267948966,0.0,-1.5707963267948966,1.5707963267948966,-2.356194490192345,-1.3734007639225592,-1.8925468733331516,0.0,1.0375168881006573,1.0103333796801814,0.9810671190359478,0.9615142128827728,0.9359099759464825,0.9435379720194418,0.9581681932568389,1.0128631023705543,1.157759053280335,1.371768104137048,1.626532530347197,1.8703283181344543,2.0493214492556246,2.1476261844400395,2.1863079739295945,2.207349523400266,2.2020619706072972,2.192141718505675,2.176772422498548,2.154561670455777,2.154432148940968,2.1541478331621144,2.190222761645402,2.2274224480906715,2.313247610438764,2.4294807278640564,3.141592653589793,2.677117197466721,2.819842099193151,2.8954239878651484,2.941411584496572,2.9731459928011543,2.967709588159843,2.9544060373149854,2.902179791578063,2.850382508380757,2.8052293454196118,2.759335831827409,2.7064183659083105,2.662342495183654,2.628575169407803,2.617708283689525,2.6270671305748015,2.6692663869893485,2.716808788936002,2.7372911856016695,2.7668880970779295,2.7414270229260262,2.6843434900405447,2.5823469176956118,2.450739379760222,2.308196452241743,2.131857596085297,0.3217505465382549,3.141592653589793,1.3998859680914046,0.10505990079494056,2.069842305889207,0.10505990079494056,3.1365694172000036,-1.5899766264382127,0.8097159826908735,0.6435011213667042,-2.356194490192345,2.2129515422916928,1.666885042915045,1.23827420397654,0.9021487240209016,0.5895602126898943,0.3053758857405472,-0.004687465864632598,-0.28465818681804056,-0.5644364899988844,-0.8269390155608456,-1.126719158628159,-1.4498702440445095,-1.872804959394841,-2.6246621766243363,2.4826349860289048,1.759183110428187,1.355511906172544,1.0628063951599696,0.7979761079230244,0.5720603094767533,0.3605090301952151,0.16314104848164113,-0.01522724966053588,-0.20756471248960526,-0.382181889591637,-0.5834341208896903,1.0040670944791315,-1.0366137267611484,-1.672714695561232,2.466851717822425,2.123134211045056,1.8614150620875891,1.695151321341658,1.5597164473826977,1.3998115272888239,1.2577349106488753,1.1343049988606795,1.009687487173235,0.8868847238624711,0.7715486060738556,0.6716669317582009,0.5824747699301164,0.5305578644135888,0.7055681920776793,1.972666991541278,2.7734618780950817,2.7949875819165078,2.7511790513112833,2.659499312731057,2.5918077546787104,2.514193921988255,2.4352973544848027,2.346456977299864,-0.7188300051850847,-0.7853981633974483,-1.5707963267948966,1.5707963267948966,2.279422606318696,1.1071487177940904,3.141592653589793,-1.2490457802566417,3.141592653589793,0.19739556287233753,0.6435011213667042,0.8641305636366333,0.8425518978742061,0.8048762052228997,0.7763074806266663,0.7349051358858205,0.7149627471583632,0.6706448114281736,0.6630467445179105,0.6655668944508619,0.7450284590292516,0.8561696460736402,1.1553042206568807,1.5737548980236211,1.9874601984098312,2.222996316465596,2.343986448384188,2.3898487618763506,2.393867088451927,2.396173149269203,2.3774679161518337,2.3362767661810815,2.3220939718898137,2.2936890822247706,2.2895278686743694,2.2944429383290164,2.337364300042704,0.0,2.628212332292933,2.981147979854454,-2.907952610807583,-2.589110634926171,-2.440877590492946,-2.3656851391098326,-2.3287843484987447,-2.3470444255001737,-2.371208366820986,-2.3925208456256972,-2.4219195490607417,-2.445994053356098,-2.479769466808022,-2.492249340661292,-2.4888539387134374,-2.4052709306576743,-2.2772770994522795,-1.9186398465570527,-1.4772486588948481,-1.1112639510177893,-0.9333768301186031,-0.8768163211305222,-0.8630515304006204,-0.8949388695698425,-0.9448634691897491,-1.0116041730600944,-0.9827937353371557,2.9441970907174557,-2.089942436205489,-2.677945044588987,-0.7853981633974483
2.1112158270654806,0.9420901212044605,1.5707963267948966,-1.0303768265243125,0.0,1.5707963267948966,-1.4856212678693568,-1.3998049412590314,-1.3332715088506535,-1.2829928805151616,-1.2393738347679475,-1.1833368186357514,-1.1407329158245605,-1.0907284155210315,-1.03492568502751,-0.9645733277921898,-0.8328592537097558,-0.610256485146951,0.02617203323030006,1.1578863943005346,1.6247978285018947,1.792980191140552,1.8865107477122316,1.9433044745646328,1.9897173229734861,2.0224262764295644,2.0567819695433043,2.087453685759131,2.1259860678780904,2.1518934303542525,2.205760684757357,2.304994776728998,2.356194490192345,-2.9369508368990793,-1.5184632004214083,-1.2514098521637993,-1.1611896074931134,-1.0971842202158273,-1.055924303299298,-1.0179551147226864,-0.9798271539989079,-0.944797221623122,-0.9047711317520643,-0.8532998286525888,-0.7924902496438694,-0.7030764114608348,-0.5492313845915512,-0.22983977494035712,0.4754580546370653,1.2817285982938753,1.6827120420401285,1.8616181120756026,1.975513422877015,2.0540898017787086,2.122451298190927,2.180300956825625,2.235654919301876,2.3058467508511327,2.3741030393091433,-0.7853981633974483,-1.5707963267948966,-2.5535900500422257,-1.892546881191539,3.141592653589793,-2.819842099193151,0.7853981633974483,-2.356194490192345,2.356194490192345,0.0,1.3258176636680326,-1.0619219715870445,-0.9790484014106321,-0.8983029088972021,-0.812297528268414,-0.7180842890483987,-0.6019632874337104,-0.45403252466573535,-0.25553451353398,0.015532731810943117,0.35802497253454196,0.7212113903043379,1.0571472752260047,1.31040929808772,1.493126162934576,1.6393807947152879,1.7441651183730513,1.8489327104986213,1.9383862907285767,2.0390545527426527,2.1287650374818177,2.2490229282629057,2.3495970490046387,2.497800198527225,2.6644419574780835,2.8718499367643133,3.1177439660593387,2.2455372690184494,-2.6885916464808486,-2.46202474521901,-2.2799457908378846,-2.1513177493203712,-2.0227737052115162,-1.9233961349096398,-1.8471421747021097,-1.7838350055376817,-1.728274152707888,-1.6645603120905517,-1.6134701273407128,-1.5458015335452777,-1.4674970665333846,-1.381525159163172,-1.2610212528028137,-1.1273480090136465,-0.9452129063545871,-0.8043233664351144,-0.6723518592460842,-0.5655874814966407,-0.5011414841890347,-0.46803353225513716,-0.4714939939699983,-0.5026694941034632,-0.5548907730285766,-0.6110754177200222,-2.0344439357957027,-1.7359450042095235,1.3998859759161433,0.10505990799784104,2.069842296318921,0.10505990799784104,3.136569417074726,-1.5899766270009705,0.8097159696165934,-2.0344439357957027,2.677945044588987,-1.34996755507283,-2.0111923148868316,-2.370082499046836,-2.614384610227315,-2.8279214895737304,-3.0316924314722757,3.08034858719242,2.899879577015134,2.72719620979862,2.577426599016904,2.393026576728401,2.1932884922174374,1.9562504417922228,1.5478645679608316,0.5994524857933822,-0.3172662754794894,-0.7278485993114322,-0.9724552075471035,-1.128039026665355,-1.2525793121636504,-1.3510275616881358,-1.4505008446829972,-1.535141088597567,-1.6127564190349422,-1.674646723627205,-1.7565494716814458,0.4636476090008061,-1.9401300017512508,-2.121653860581964,2.2913504339405146,1.5062096706439343,1.3061501437374696,1.2490457723982544,1.207344691262413,1.1630584349403337,1.1354430158888507,1.10416065604397,1.084764385518974,1.0750005339683686,1.0670383190368302,1.075144566404384,1.0781599958165633,1.1222337514000427,1.3091525442230536,1.9074711372272626,-2.827654437569437,-2.5156974775414933,-2.4225748994065195,-2.3681374513482036,-2.334219984867073,-2.3099986736957896,-2.2821415518663812,-2.253680679560698,0.0,0.7853981633974483,1.5707963267948966,0.0,0.7853981633974483,0.21866895326458258,0.982793723247329,1.1071487177940904,-0.4048917700384177,1.1071487177940904,-2.819842099193151,-2.4734846988426757,-2.3695745958743437,-2.3010156025926496,-2.22896042596474,-2.154330674537506,-2.0730720920476213,-1.9933437050919747,-1.904483152457584,-1.7930516218306534,-1.6415183818942327,-1.4184506255068126,-1.066401190202228,-0.5904026173373241,-0.04770912385169713,0.3437323569529299,0.6058578384997155,0.7796730296187987,0.8989788065995075,1.0006646467478857,1.0966089138675503,1.182877434574361,1.2565418788565037,1.3466772692178879,1.441979924943828,1.5502980596249643,1.7011782909401945,0.7853981633974483,2.1763410074565694,2.586911039913566,3.1162524564063316,-2.7371905886129766,-2.4521154601232986,-2.259495274668423,-2.1065227018875925,-2.006229047877432,-1.9098987242463794,-1.8322525892927095,-1.7593991456829081,-1.684942329702139,-1.6019250582696722,-1.510906717754388,-1.3917493615192076,-1.2152338615635794,-0.9857205567195603,-0.5496076041154632,0.018559354394087277,0.5025122251227492,0.793783719204495,0.9758631677874612,1.088539872717668,1.1670849141255326,1.2213187258136775,1.2737164295431087,1.8157749899217608,-0.3217505543966422,-0.24497866312686414,3.141592653589793,0.5880026035475675
1.6704649792860586,0.9420901230531283,0.4636476090008061,-2.214297435588181,-2.677945044588987,2.158798930342464,2.4507731294863113,2.263044874642239,2.057746658947905,1.83618475889723,1.6143957094362238,1.399036183951257,1.1562894534661161,0.9323365932868388,0.7052882983538168,0.4924130142249952,0.2919947965082093,0.1375867338387657,0.08490179571321299,0.47835242502660863,1.3716766242025178,1.545549168213594,1.4422572595126426,1.2511334630300912,1.018274550622081,0.7995415095738431,0.55098246220042,0.3073837149270092,0.08244961813907126,-0.16919592614593199,-0.4018706494717726,-0.6356887685528382,-0.4636476090008061,-1.0387030308016365,-1.017044250371894,0.042709057142137255,0.6759181002818629,0.5892161967276088,0.3928441740111904,0.19465036990900655,-0.051602497743289094,-0.2803729164501326,-0.5107580440087722,-0.7446044838801142,-0.9811646378293117,-1.2153581589132343,-1.416165373572774,-1.609937164951551,-1.739430315236224,-1.8080554188825253,-1.6228326416041128,-1.1454574716851924,-0.8403326385812968,-0.8054528064420213,-0.9471253049922742,-1.0984025738267795,-1.2880997088842387,-1.4841934046975742,-1.6972620631996003,2.356194490192345,-0.3217505543966422,-1.5707963267948966,-0.6435011087932844,1.5707963267948966,-2.0344439357957027,-0.3805063771123649,1.5707963267948966,-1.7681918866447774,2.356194490192345,3.141592653589793,-2.402098627245175,-2.516107613350564,-2.6490802239247477,-2.8305943791946784,-3.021483923187526,3.0774701539325253,2.855066895021808,2.669615976144605,2.4973972416485086,2.3472979524458,2.199181009537531,2.1079353645548595,2.084766967710321,2.0938765295738158,2.1224513093234436,2.153975831959471,2.1353657204629966,2.059737209697466,1.9625834643502988,1.816753783634387,1.6568774886770963,1.4641465631772628,1.2723848844367784,1.106082618743194,0.9208111604111945,0.7347169733434656,2.214297435588181,0.3961053161152185,0.2602078021712273,0.14330616537524407,0.04874185152342322,-0.02577697811471115,-0.0874628588644747,-0.16002978160782422,-0.26518642936809145,-0.4101917349951393,-0.564612557573767,-0.7586004631775247,-0.9538276796864066,-1.1801147654030113,-1.4314036102578895,-1.690833553511535,-1.9438421349299115,-2.2022498469316374,-2.4508695509544687,-2.707324996899895,-2.919697921481034,3.132644346547814,2.9301544502783314,2.7667099309815444,2.5986415201819772,2.406361546291064,2.166206178325615,1.1071487177940904,1.5707963267948966,1.3998859807922999,0.10505990622042297,2.0698423083336106,0.10505990622042297,3.1365694172531797,-1.5899766277395266,0.8097160008633454,-0.3217505543966422,1.5707963267948966,-1.1612219833830946,-1.6712038016428499,-2.1613305634538738,-2.63793303218016,-3.123594596668226,2.6901395770149854,2.1572640411299497,1.6009758411732389,0.7281919437533592,-0.624023080572743,-1.6396528131159014,-2.2826837653322416,-2.7592337382137173,3.0893526455677476,2.6709963162546133,2.2491972899155654,1.8621350291586325,1.484271880159907,1.1203587645391035,0.7445435301242821,0.37568278476060046,-0.026309716314570564,-0.4168261353275051,-0.9580394647883675,-2.24891565575424,2.489846738906852,-2.1112158270654806,1.478621288268701,1.1431044260355618,0.8092713647954628,0.47018342779121064,0.16869212862599467,-0.14517675960691462,-0.44274474382610896,-0.7505863845086627,-1.050230179940636,-1.3362302126697996,-1.6072764855828812,-1.863983235559067,-2.0778948447620786,-1.5707963267948966,-0.03894134246093273,-0.1876397747251833,-0.3712026144859238,-0.637874402725538,-0.8997124147023524,-1.1637704254826042,-1.4054719675342695,-1.6687058729181221,-1.920372707553427,-2.1639363954265227,-2.410084172928791,-2.644349180855568,1.3258176636680326,-1.2490457723982544,-0.27829965900511133,-2.356194490192345,-1.5707963267948966,-1.5707963267948966,-2.158798930342464,1.5707963267948966,-1.5707963267948966,-1.5707963267948966,0.0,0.24471633331710374,0.03370693417955745,-0.18455685147488382,-0.3918111264226873,-0.5679316974242102,-0.733015213912427,-0.8892362024076891,-0.9780014000441463,-0.9761537194421614,-0.7977942381145953,-0.5076962337152794,-0.3139987620004697,-0.3035707402113075,-0.3851186363023921,-0.5144513070877591,-0.6727474591474858,-0.8496113331712187,-1.0307133868261342,-1.2338493918251978,-1.4163306685977897,-1.6227612793954687,-1.795507489421225,-1.957827557542608,-2.1012802000358874,-2.2079874515559665,-2.2245874201602214,-0.8960553845713439,-1.9334951523184072,-1.7579421505787127,-1.6938994948776158,-1.7257505192882532,-1.8540338270069052,-2.0054665419441413,-2.160068601054523,-2.367024405331764,-2.5540462457784563,-2.7453455603830985,-2.9448580263418793,-3.138074638141669,2.959149607803382,2.792914930147901,2.6660761746105672,2.6163490669177496,2.6881110287845766,2.9464875209196464,-3.095695889234643,-3.014000118783847,-3.074850517353479,3.046742986578739,2.8870055073387326,2.6810089989519006,2.4688790806228016,2.235197522586819,-0.5404195002705842,-1.7681918866447774,1.849095985800008,-1.1902899496825317,-1.3258176636680326
1.7234456588241134,0.9420901087487635,3.141592653589793,-2.129395642138459,-2.289626348670454,1.0516502318921765,1.3383126755824637,1.059222575979911,0.7536962613523173,0.4289171787335188,0.10713376195715778,-0.21894181377580768,-0.5568067072819725,-0.8955006523056743,-1.2294043509197665,-1.541754217249369,-1.8514856806482176,-2.1369770016230487,-2.3024002946743836,-2.149403241453257,-1.329440824621556,-1.1393956077577436,-1.3240223272598823,-1.6046338982829766,-1.9439668221238304,-2.265794105887124,-2.61521130439265,-2.9627996122736953,2.986451346804743,2.640798544803066,2.307976494782541,1.9608068364106885,-2.214297435588181,1.3379199482548716,1.1246908059879337,1.5707963267948966,2.5824420684814644,2.5036667518314437,2.2520945417387694,1.94439742923437,1.60427111457156,1.2701508303890632,0.9387368094366348,0.6029827547430487,0.26423828257632065,-0.06930532612468905,-0.39681815093527645,-0.7066622107607672,-0.9733640689075932,-1.1948858658770536,-1.27146354640862,-1.0633171855610926,-0.6823165481125447,-0.6241798330203807,-0.8103306878543552,-1.0416896537581426,-1.3275787479870484,-1.6161693744769137,-1.9248980434312506,1.6475682199137147,-0.982793723247329,0.16514867741462683,-1.4288992784774686,-2.356194490192345,1.892546881191539,-2.356194490192345,3.141592653589793,2.0344439357957027,-0.7853981633974483,2.7367008835635094,2.271378248113488,2.1039520180451845,1.8841659460389246,1.6158876913291766,1.3380054238259775,1.0431090852186906,0.731957234092011,0.43470459217500296,0.15030545464641415,-0.12465155547820544,-0.3859565455028966,-0.6229090633939908,-0.8080700024055134,-0.9649119023255625,-1.0589404947876766,-1.1300804828446043,-1.2153641642433022,-1.3305204924068266,-1.526381109954502,-1.7426147374445549,-1.9891576884387052,-2.268478199213455,-2.549849843855761,-2.8263779457510125,-3.1149967476617064,2.863626554783984,-2.2455372690184494,2.2913504636045183,2.0357129750212275,1.7822014789751852,1.5411997100045944,1.3333143921097006,1.1332865471628817,0.9666744605148081,0.7647825080026538,0.5667292309710706,0.342800075753852,0.07665202868765437,-0.2036585175104266,-0.5351865672405807,-0.869774485059937,-1.227582170814202,-1.5929533649611445,-1.9479932781624278,-2.3299996079536776,-2.699375628661601,-3.070673540939407,2.8735675558703995,2.5134610386975558,2.195578870849264,1.9016375440958986,1.6137147427158336,1.3204248162596617,-2.5535900500422257,-1.0636978075753514,1.3998859818142777,0.10505990753947198,2.0698422834627617,0.10505990753947198,3.1365694171519896,-1.589976627418586,0.8097159626325123,-1.5707963267948966,1.373400766945016,-1.6195857039418486,-2.2360165480831937,-2.846896545393667,2.862711267849786,2.2366262072868768,1.6198367300242276,0.9097531502066883,-0.14496139540761047,-1.6984763330319992,-2.6100709505383173,2.918588484686604,2.3250431049700238,1.7887545436497707,1.258095303024757,0.748784516978921,0.24681128804006197,-0.24258845919552358,-0.7210304828931619,-1.2054403159064118,-1.6884766565227929,-2.208162554839985,-2.7333007892791144,2.954486732897417,1.5907936600139405,-0.011363146939604558,-0.7832659631498272,1.2490457723982544,-1.7707251324777067,-2.1971063193932756,-2.6379444555681704,-3.061580555679264,2.82019016159976,2.391921929429476,1.9998483756750607,1.5901238164519458,1.192467411484637,0.8099093626539868,0.46689436214932173,0.13365224836374753,0.07580383585881266,1.9649589278544248,1.7569712299922335,1.4286001416640868,1.0818187878907994,0.7005362732877142,0.3262214716581196,-0.04222840234282927,-0.3867319756709721,-0.7550595988186897,-1.1095937091154446,-1.4508648231586052,-1.7919552304237714,-2.11223467896403,1.165904556768613,1.2490457723982544,-0.4636476090008061,-2.0344439357957027,-1.8157749899217608,2.498091544796509,-1.1071487177940904,1.4288992784774686,2.819842099193151,-2.498091544796509,2.0344439357957027,-0.48382746554443834,-0.7980746047268029,-1.106654400740657,-1.4133615134272612,-1.7039440649952462,-1.9425285968973294,-2.1939064647101967,-2.315336754796279,-2.3384448535419247,-2.1947168513868944,-2.0708143643194514,-2.058391455121011,-2.197057760806569,-2.405302427487965,-2.6682103263217356,-2.9389339793109035,3.0590431896741146,2.7680458659038885,2.4637589567573532,2.1684191691383767,1.8727790500016832,1.5955757358830898,1.3272724247637946,1.1150225736963764,0.9331987183024326,0.8184439831614905,-0.41822434254157204,0.9409930014395461,1.0073923775992366,0.9083944474855746,0.7432488255163114,0.5072047548391364,0.23615675415890636,-0.025129360340963795,-0.3377491801768145,-0.6332805524341991,-0.9224843694126067,-1.2259440103795431,-1.5126183273580687,-1.811203321794291,-2.0734436760120722,-2.3035088919475184,-2.4442715332098466,-2.4269659663110277,-2.313174675343798,-2.1997454150040925,-2.223494759364839,-2.38930679409355,-2.6529972923474348,-2.9303679809561864,3.0458792091884375,2.7258386931353065,2.3842454978517975,2.414950295565347,-1.2924966796515511,0.7853981633974483,1.5707963267948966,0.7853981633974483
2.7610862818888386,0.9420901282513734,-2.214297423033709,-0.7853981633974483,0.0,1.5707963267948966,1.2843462424298675,0.7388251673801081,0.16283119044794414,-0.42976230158991613,-1.0342014695747992,-1.6354121301984803,-2.245668975574717,-2.853599847631765,2.821982117873905,2.2064252784694562,1.6244098204959692,1.0697829531316176,0.5757199696687623,0.3752708028965435,0.9238509187163305,0.8569887478560485,0.4306017966415151,-0.11942893167605456,-0.684150258792509,-1.2964733642372146,-1.9070649241971245,-2.524737304087786,3.114277045999001,2.4841505050122197,1.8653996908050046,1.257487611376085,-0.7853981633974483,0.09666745852432762,-0.38050635888445705,-0.42857425006275146,0.32506177992517676,0.14749252139235183,-0.3829226761625594,-0.9652516917583243,-1.5767274552131392,-2.202199575544129,-2.8287731724476064,2.825570097487342,2.2243183025699595,1.6053354326206073,1.024666952498373,0.4446872496706816,-0.09574296228732425,-0.6062801493225678,-0.9895453006440443,-1.1317338988398882,-1.0286417233234004,-1.186022550463218,-1.6011475347266468,-2.1530589427422435,-2.699520320136887,2.992922977739687,2.4140900748758565,-2.553590037970618,3.141592653589793,2.553590037970618,1.8157749899217608,0.24497866312686414,-2.8198420913466062,1.1071487177940904,0.4636476090008061,-1.9513026984958515,-1.5707963267948966,0.4636476090008061,-3.042709854614063,2.8172174363484572,2.3347969642391133,1.797034751550389,1.2372226112546179,0.6772763933681697,0.11101012277826558,-0.463168481776726,-1.0336130688040797,-1.6181597235021994,-2.1573968999815945,-2.682941873997098,3.11804912378841,2.6747754868788953,2.2958283777136628,1.9355646297369677,1.592705170028045,1.1845448217225722,0.7440424495207587,0.2640410864087982,-0.2631464678807065,-0.805359190936783,-1.3709676772388566,-1.949736343178426,-2.5177250243339317,-3.071424441225347,1.152572000451356,2.0832573730362864,1.5404608078296755,1.0002700752208626,0.47624314895771197,-0.010221108645970737,-0.4787019375647742,-0.9328098542020602,-1.4258349275871696,-1.8931192903163094,-2.4092846862114965,-2.9524613649170837,2.7613722355299557,2.1749591208460366,1.5664798067394545,0.9596060751923703,0.33033597299406364,-0.34001336947728633,-0.9764459444063744,-1.6233793877555722,-2.2721164657839883,-2.8932486129092854,2.7663836779951168,2.1280918582657176,1.5165019153302637,0.9285177221624036,0.351030872688088,0.0,-2.1112158086030224,1.399885981210667,0.10505990531070615,2.0698422879040885,0.10505990531070615,3.1365694171482663,-1.5899766261381807,0.8097159838446852,2.1587989424140717,-2.356194490192345,2.4603361239968162,1.5767842791075373,0.7144001609594346,-0.15812216644517169,-1.0486730432095142,-1.960844394108507,-3.0576320865247726,1.7565982026749174,0.053204179390077544,-1.168264132192672,-2.084402338196666,-2.944948407515032,2.5107091694909864,1.7146814560666832,0.942670599865243,0.1714763815646833,-0.5840443776878582,-1.3436961209880331,-2.1023709582322225,-2.856902554250617,2.654116416306125,1.8387067528090755,0.8019255647976993,-1.1629283697855906,-2.777824807254229,2.6438242736984385,0.0,1.129335472817031,0.4020569459851625,-0.3144626288100244,-0.9980791640897553,-1.6929331104818277,-2.382609466758099,-3.044076848996275,2.553957014695862,1.8763638699878273,1.2213605610215368,0.5740283277505431,0.019997333408425213,0.18742909947492287,1.2649174664582183,0.768232444524492,0.1597157932578782,-0.49562556737298524,-1.1166327143477166,-1.7573051252470246,-2.3965452617540492,-3.0385474197465108,2.5944909451945337,1.9510993653676305,1.3258176636680326,0.716313953035526,0.12670609255576318,-0.3217505622431872,0.6435010962388126,0.8760580300170921,0.0,0.4636476090008061,-2.0344439357957027,-0.9272952305560841,0.9827937111757215,-1.9513026984958515,-1.5707963267948966,0.0,-1.5899429227478548,-2.172251035755238,-2.7484339438655097,2.956022460706884,2.3962475868112403,1.8752242746749783,1.3818991501082096,0.9921567595514118,0.7047059229746456,0.540419521370537,0.3732001152968953,0.06629275822574476,-0.34733134029927354,-0.837247876677916,-1.363236535076716,-1.9243260925850885,-2.4898949999617748,-3.062732149692725,2.6592840122308052,2.0973255399039115,1.51635974755961,0.975560597113531,0.4286215381652288,-0.08578066276449217,-0.5327339049454907,-0.886179130476214,2.677945044588987,-1.346022438137725,-1.5823565048840906,-1.9542718247444517,-2.4303337372419254,-2.9053070727367025,2.830728138670895,2.286333815386424,1.7031790343004285,1.1265176542911957,0.5405604586818441,-0.04681415234202663,-0.6139708106824647,-1.1840227429918353,-1.7054529629153916,-2.185655890347087,-2.5956257716055893,-2.9348439656181626,-3.0470670626197274,3.062079374735768,2.727423197338472,2.318778813131942,1.785630771156157,1.2052349648634784,0.6127653416791073,0.006498690110307731,-0.6099405422205479,3.141592653589793,0.7853981633974483,2.9996955974163204,2.0344439357957027,-2.8198420913466062
-0.7853981633974483,0.9420901101748159,-1.5707963267948966,1.892546881191539,-1.5707963267948966,1.892546881191539,-0.9057960070101259,-0.8698363923465663,-0.841274501761589,-0.8404802503909446,-0.8479283390590906,-0.8583224870975685,-0.8767229950359428,-0.8904122557897398,-0.880209627209583,-0.8768608726332447,-0.8264709155605485,-0.6986598465349411,-0.3137293343441936,0.7557771814628411,1.3811268887491321,1.4875048967203321,1.5529655702237866,1.5685001196737407,1.585810213671611,1.5547750787007573,1.54623347777358,1.5050286059720073,1.472010894347045,1.4567219915702139,1.4462774549672655,1.452306364015927,-2.819842099193151,1.849095963863058,-2.9213439152363105,-2.369351617525396,-2.3092676696174586,-2.265164704893925,-2.264614628258344,-2.2930814203223355,-2.3055784843772678,-2.3353781552925708,-2.3494010931499347,-2.37793021226531,-2.369117833777434,-2.351437174337505,-2.2803308669385856,-2.1556223230660807,-1.7996883101118872,-1.036922154255715,-0.4623438296311612,-0.20854157962683015,-0.10608176112591436,-0.047583104047159874,-0.02789454778910171,-0.01968657583090683,-0.019897871235192016,-0.02265622125768627,-0.008154763108010242,2.356194490192345,2.0344439357957027,1.7681918866447774,1.5707963267948966,1.2490457723982544,1.7359450042095235,0.5880026035475675,2.158798930342464,0.8960553845713439,0.24497866312686414,-2.677945044588987,2.1362056990096985,2.166836864554375,2.186915625024515,2.210973103191994,2.2436687518567076,2.29182075650862,2.356194490192345,2.448318779706013,2.58474403563829,2.7859063513582836,3.0419240052555505,-2.9450120807837084,-2.6864194129266354,-2.4886673797149452,-2.3572459926783256,-2.2550911251596624,-2.1823529624105302,-2.1369769725927927,-2.117628569158844,-2.0672190801997785,-2.025372696229516,-1.9857559637947764,-1.9223640456876716,-1.858851767746331,-1.7517410721276643,-1.6240791796942946,-2.356194490192345,-1.2949904292027195,-1.1217699575250255,-0.9674398333730699,-0.8207607521963787,-0.7474142703815037,-0.672040081804606,-0.6235801710229305,-0.606627165480022,-0.5830079997569082,-0.5829847421518513,-0.6017499342388716,-0.6172625545541419,-0.6129479476336976,-0.6198977592703143,-0.6136141543437479,-0.575300032333101,-0.5161839130744745,-0.43984259708821904,-0.3379972909191147,-0.2547822759039674,-0.19510512552138679,-0.189988279463255,-0.20083494250125802,-0.27358687222527506,-0.36076169665871016,-0.4588399373380296,-1.1071487177940904,-2.819842099193151,1.3998859744124572,0.10505991186928129,2.069842308910454,0.10505991186928129,3.136569417197073,-1.5899766272938682,0.8097160028532608,0.0,1.5707963267948966,-0.38131935995399274,-0.750779985565763,-1.0746313256027749,-1.3485302785816493,-1.5811052400080658,-1.8278743215572726,-2.064316932447481,-2.283534253740437,-2.514422154973587,-2.7487063011684403,-3.0103225541710326,2.9075287642239402,2.3838553998980867,1.2077848024906037,0.35340224293577155,-0.049567724035364434,-0.2866984036311124,-0.49722491399782004,-0.6929979168898369,-0.8423774168503265,-0.9975676691785431,-1.1397458859831666,-1.2681413986343042,-1.4132476915872803,-1.5476599601166967,-1.668101934751002,-0.6947382761967031,-2.098381049734653,2.199592585976891,1.3669373288194981,1.2026998013290924,1.0518789067999603,0.9406872841155159,0.856258631291184,0.7649259994268539,0.6964317764201167,0.6083893152052535,0.5448933407584915,0.4680335428821137,0.40890783751999826,0.36134443069725375,0.3511538471728995,0.42353534971821954,0.9113107998095534,2.4721764498401697,2.7762189944796067,2.8269709501673668,2.8002760884071156,2.7676973365748254,2.72918220120472,2.6968472984327243,2.68455493458573,2.657655241126738,-0.4636476090008061,-0.12435499454676144,-0.7853981633974483,-2.2455372690184494,-0.8960553845713439,-1.0636978224025597,-0.4636476090008061,-0.7853981633974483,0.0,1.5707963267948966,0.0,1.7866324123210902,1.8117829861899963,1.8396694748879803,1.8512812838126043,1.8661481423719868,1.8943168040546348,1.9144632598917772,1.9696380712226134,2.0385450722564733,2.184395003238839,2.407431658421696,2.774811913141068,-3.028813586490283,-2.6267880142515105,-2.371657165615872,-2.2596534108345225,-2.1640731327405653,-2.097985546717688,-2.0417731634202823,-2.0105354551688057,-1.9737078890028232,-1.9527151171897257,-1.9243271622304925,-1.875336312810712,-1.808842696075634,-1.7065754390217407,-1.2490457723982544,-1.2751917572649416,-0.8606969261534155,-0.4522086108515716,-0.16372337141536153,0.07090366330190807,0.1990014373049492,0.2682187859020387,0.3257874387682992,0.33900881934850097,0.36978047571885597,0.3888699453828761,0.4115957129944195,0.4394651939884263,0.4936078086519981,0.5491384945694009,0.6629667433527541,0.8731523518048985,1.2274857714890226,1.7202356664167677,2.1212531439367006,2.3695819620147662,2.4922776840619134,2.551931666682631,2.568916395125141,2.5632095368280594,2.5455831265296953,-2.819842099193151,-1.5707963267948966,2.356194490192345,1.1071487177940904,-1.5707963267948966
2.1587989182083893,0.9420900960862612,1.1071487177940904,0.674740949918332,2.6011731347612117,-1.0636978402602548,-1.4920479455799174,-1.46362081126272,-1.4540278860445104,-1.4584416525984378,-1.4792250001274165,-1.4824936660610266,-1.531733792714971,-1.5502267764751574,-1.5638104128645254,-1.567363845860729,-1.5200416966710986,-1.4469437208596734,-1.2650871761212958,-0.44814498114100476,0.4821952129473342,0.7505109797914503,0.8170815837603129,0.830627744342535,0.8291108638039923,0.8226690255915576,0.7646756973462439,0.7273165975150963,0.6932012519462902,0.6676656033280235,0.6397914124061862,0.615139927419647,2.677945044588987,0.7105915455990482,1.1600793758222598,2.73510341710306,3.0318426044983915,3.1305025348372943,3.116493321170972,3.117514738793575,3.067349198595201,3.0334886258524403,3.0141068780894282,2.988432669932502,2.972783426449847,2.9673143725624676,2.9655369111395857,3.0031008093484792,3.1306521714067097,-2.8765040749876967,-2.1838791797976795,-1.5676317803617896,-1.2960458972675055,-1.1466508918316225,-1.1173955069863315,-1.1004957962928057,-1.0929653015876588,-1.1000785779606053,-1.105388183613225,-2.1587989182083893,0.5880025914134928,0.0,1.5707963267948966,1.1071487177940904,-0.5404195188285814,1.8157749899217608,2.356194490192345,-0.3217505465094936,0.0,-1.1902899442431187,0.8282568947488638,0.8773244605845799,0.89502710248457,0.914710537962463,0.9293656264203617,0.9673509111658187,0.9568215909410251,0.9909634940595367,1.047001321181048,1.1333073757116237,1.2924966838545389,1.4615916874990738,1.709529746279851,1.9883935759109235,2.2187683203113684,2.378782785583942,2.496861930312978,2.594087807393752,2.6361116918772667,2.705776271924505,2.6993852573251056,2.722302359581999,2.7606465207296558,2.7888442670074,2.8340977371566267,2.8857632844556544,-1.3045442582294504,3.039548329327417,-3.1247592277116123,-2.975260539282006,-2.8466110248834,-2.6892989968440486,-2.5828132257726906,-2.4608337119490016,-2.4282563245979776,-2.3820419025954647,-2.3629839225298657,-2.3628420773849723,-2.3889236607839233,-2.422390840417816,-2.46448613510098,-2.4958258796043933,-2.532750853197268,-2.568267889672104,-2.575147272052852,-2.5750193889390505,-2.563029687569859,-2.495079501896292,-2.443881144918588,-2.3820190146419122,-2.3636570351354558,-2.3960216094146465,-2.4544175499100143,-0.4636476090008061,-0.7853981633974483,1.3998859784391755,0.10505990684089796,2.0698422921600477,0.10505990684089796,3.1365694174956906,-1.5899766258549026,0.8097159635680614,0.0,1.5707963267948966,-0.1168363393442061,-0.41925249756610894,-0.6970214247610723,-0.964390893363644,-1.2253035393073362,-1.4616906950985646,-1.747572396977834,-2.023466342217211,-2.3283132625019434,-2.706239358686302,2.7598284287075554,1.5939135955268615,0.9620223653240921,0.6043517000622363,0.337098993485915,0.13074828005590167,-0.062166072540416055,-0.23893643682676524,-0.4119972824668031,-0.5596438637250816,-0.7350283436619334,-0.8944528467458477,-1.0447299019057887,-1.199195560971198,-1.3862989057631687,-1.9016790550407567,0.5880025914134928,1.9118992891571753,1.6685232324716643,1.5088319610496872,1.409722410825245,1.2760444620389089,1.154215379221017,1.0868845778054645,0.9689015295237928,0.8836270470378442,0.802697451143998,0.7380028316715059,0.6695299282585915,0.6251832259577883,0.6156908764793044,0.8772442892289004,2.802798302529116,3.052543067122755,3.1144499989548478,3.073251834425283,3.027450069690724,2.9795867655810344,2.911190215674693,2.869423530524952,2.8388936599452945,2.8044059156659125,2.7771963609910935,1.6814535450832502,1.1071487177940904,-3.017237659043032,-0.7853981633974483,1.5707963267948966,-1.5707963267948966,-1.8925468733043902,2.9441970907063935,2.2142974482076188,0.0,0.3217505465094936,1.850026950373337,1.8452246411876072,1.8476294923201475,1.8585043056178496,1.8690469334202289,1.8994539176457172,1.9249329371926365,1.997158499013965,2.1327178878120816,2.3838691075528082,2.766402545429925,-3.0321417055024336,-2.6492055179959673,-2.4440506899906076,-2.329745617010447,-2.275243013613345,-2.2290879174872416,-2.1960067821249343,-2.160158364834036,-2.13912159498539,-2.1415592587786834,-2.1086617838824835,-2.07687127708642,-2.0091994410364333,-1.9407794253445567,-1.7934869323383242,-0.3671738305657867,-1.2268887211080406,-0.821489245033218,-0.48243274363887595,-0.25642308055876256,-0.11526291267474456,-0.04595692275003158,0.01971575598273826,0.03230316970244691,0.040607847701576515,0.06055642974505608,0.07917299968131578,0.09677578244228448,0.11484130128833037,0.1534452511445872,0.2152844157841238,0.35700764580314637,0.5600120476438849,0.9946090984633666,1.4546902146836036,1.7966980955602785,2.0042620965981253,2.070323368421283,2.1181190693503655,2.1306919250137737,2.114967381682204,2.0890519711767315,-1.9756881348376323,-2.896613990462929,1.5707963267948966,2.2655345823039967,0.9827937353814039
-0.9827936990306737,0.9420900937461762,-0.7853981633974483,1.695151321341658,2.466851726723143,-1.1071487177940904,-0.9980986871955473,-1.0319660239151032,-1.0708249384359467,-1.1536641137009167,-1.232443116712366,-1.3320562680391768,-1.4089758910481796,-1.4944279840349133,-1.5756412503436534,-1.642813627004174,-1.7170420040696333,-1.746697276898939,-1.6571730469501447,-1.206146839649143,-0.15586820574551985,0.16859694237948253,0.22269344178604422,0.1950038518937855,0.13166924301191896,0.0329880308940084,-0.040869423003904,-0.15066764317115205,-0.25704241774428505,-0.35413529695693796,-0.4472477182424566,-0.5514891657714569,0.4636476090008061,-0.6462074756591913,-0.5212047954627067,0.4366271676921609,1.3605603796689971,1.508806884844634,1.4791185530962543,1.3856076882999693,1.3158017736969008,1.2190644400727675,1.1234843305321716,1.0213384619773436,0.9341177437525362,0.8494225862540851,0.7804721033435813,0.724486183386939,0.7106908150569011,0.8004220825028379,1.0487444306129459,1.6545995949075822,2.1644852931668517,2.3387543989676995,2.3953681915521305,2.362646002563684,2.313305803174013,2.2430603759762087,2.1696680484782638,-2.819842083452325,-1.5707963267948966,-2.356194490192345,2.677945044588987,-2.356194490192345,3.141592653589793,3.141592653589793,-2.76108628733317,-2.677945044588987,0.7853981633974483,-1.8925468969323649,-3.1148878187309816,-3.084754931308812,-3.1014636427739948,-3.139288510277201,3.102439658532716,3.0406575131866695,3.003732056956823,2.951066879499999,2.914619914276715,2.8981444672943524,2.899335993272291,2.946687753641469,3.0433436977860056,-3.094103636166441,-2.9088803017665903,-2.740739238326281,-2.6091435779130867,-2.5345320888323717,-2.528697227832717,-2.5331695741276463,-2.563504750878753,-2.5850623759605345,-2.6164189958290334,-2.672583174946917,-2.7141531462319826,-2.7486485355583903,1.1071487177940904,-2.7922198964260994,-2.7852751089361076,-2.7727939471109337,-2.719134820061093,-2.677945044588987,-2.6005489347426463,-2.5476199721066655,-2.5025603969623775,-2.4772680242234317,-2.4977868653581217,-2.550386205888529,-2.6191149704301044,-2.7084234290367832,-2.8084988011402454,-2.918479282160817,-3.0362695545341376,3.135604701313114,3.0228725344718588,2.9055689764898167,2.809276923445263,2.7189377005072926,2.6616421698283137,2.6347546122456262,2.5742056823747967,2.566099800925703,2.4805494900834715,-1.8157749899217608,0.7853981633974483,1.3998859880286283,0.10505991120602752,2.0698423031852395,0.10505991120602752,3.1365694173221383,-1.589976627561076,0.8097159881956155,1.1071487177940904,1.2490457566574282,2.5786256783661745,2.2110091665993,1.8576511401183895,1.5216555918537134,1.1917366008389039,0.8436000653680732,0.49528261695560793,0.0464781295387834,-0.6246354299418118,-1.8363713308304255,-2.8239573020159234,2.973742487862221,2.634891920974784,2.3327795602333965,2.0605859181835298,1.8032873429767748,1.5707963267948966,1.3369969613050652,1.0901531710551977,0.8578750470127368,0.6269607977535945,0.40010469567668305,0.1506122507751309,-0.23554499680831015,-1.0714495890731606,-2.805229375817513,0.0,2.7279514355637655,2.5043891374292695,2.307573461232359,2.134166723433013,1.9438306053905106,1.7801817164624127,1.6185378025724353,1.463481849125397,1.3230586070832304,1.168959130596661,1.039072244737518,0.9033154812925893,0.8346337329116464,1.2006254940765289,3.113627918450619,-3.0830277773984047,3.0843304782458367,2.9920758493189625,2.8771835040695675,2.756318206293299,2.6177359280458514,2.5044205634519083,2.3880120288969025,2.279303555867192,2.183541515711768,2.101247855074187,2.356194490192345,-1.3734007729991793,-1.1071487177940904,2.49809156998183,-1.8925468969323649,1.5707963267948966,-1.5707963267948966,-1.2490457566574282,1.5707963267948966,-0.7853981633974483,-1.5707963267948966,0.38172715179772937,0.3186757419228179,0.26074193374872134,0.2042462649024786,0.15088402708517487,0.11575921930190934,0.12791510783005872,0.1708665277026315,0.3477385711993785,0.6464251073860907,1.008245652638126,1.3187003345598294,1.5221964946307414,1.5802597663266074,1.609238917842329,1.5719727968695487,1.5426956175680753,1.502148048439862,1.461959819146035,1.405647642973829,1.3678077545748746,1.3321595464970772,1.3110646167221043,1.3115151558132512,1.3534269214621006,1.4680849039264026,0.0,1.9668020888943991,2.315161827116711,2.5186066663220568,2.588928869032174,2.6611575211660106,2.664278493375972,2.6208406659560897,2.587285157388242,2.52745069134768,2.4763131594351964,2.4166190554919287,2.3678862944052748,2.3246401572353017,2.3048985304236926,2.3149252955374897,2.3918141446670877,2.6062016240627623,2.9371175829213896,-2.9781586457571536,-2.7297505003876807,-2.628566626458758,-2.598945177288371,-2.636055934883431,-2.6909065836692485,-2.7806262789568303,-2.8741502198772473,-2.76108628733317,0.4636476090008061,1.1071487177940904,1.975688102224238,-2.0344439357957027
-0.7853981633974483,0.9420901297454302,2.356194490192345,1.7681918896740463,0.7853981633974483,3.141592653589793,-3.041393142488965,2.8296183230089405,2.4033293404735683,1.9435005158406227,1.4846729315859877,1.0146683444386198,0.5513174346340982,0.0847457547373339,-0.3705163045647502,-0.8027876957874757,-1.2158732106300214,-1.5685184264627547,-1.6099919273190686,-1.08414021791356,-0.9196157373302546,-1.2194685984305884,-1.6044442134795993,-2.0370278961795907,-2.4934786524288968,-2.9693617350639037,2.8399543361787822,2.367254542855926,1.8761346014116673,1.418147002562062,0.9545869060162891,0.5064574982699231,1.460139104660501,-0.08591240432511371,0.8685393865950221,1.0483928994238016,0.6986598045460409,0.2910339693806947,-0.17008252993303388,-0.6348019962008633,-1.1115539885532402,-1.5910053168117146,-2.064077828685455,-2.5281669370253073,-2.9862821604630687,2.867229275552526,2.463822952547104,2.1259040446750284,2.000928789049664,2.246175466374722,2.3949681261552573,2.224432205737588,1.8839655605733234,1.4819092741929767,1.0588964649714092,0.6067973682955439,0.15861602871882993,-0.29164674234909915,-0.740435741402336,1.89254687331544,0.9827937353644041,-0.6435011213950425,-1.1071487177940904,-2.356194490192345,-2.677945044588987,-2.677945044588987,0.5880025914304926,-2.944197090710644,0.3805063825441573,1.8490959828278952,2.199338811830559,1.78007588951841,1.3454981508033703,0.9194381255179016,0.4859956880165597,0.07615302392150472,-0.32412960197015417,-0.7041702578925244,-1.0108362367529777,-1.2738048551836898,-1.4583364939513703,-1.6120100873406675,-1.8125491926209993,-2.087828281629589,-2.4031684309532597,-2.7503887717564357,3.141592653589793,2.7247102559804386,2.305277792825551,1.8877303441658906,1.474707615699835,1.0604381622509174,0.6612723723807747,0.2831203187656061,-0.081636342267009,-0.4077001507998422,0.5880025914304926,-0.9924283052058263,-1.2912581263271947,-1.5795221085257674,-1.8993140939026736,-2.2611381469323844,-2.654542284476036,-3.0551511021362816,2.7804989266885483,2.3363414959391453,1.8848453700009085,1.418639462135214,0.9629461233691055,0.4967354761434289,0.03602044939514061,-0.4096660618994478,-0.8296400907189703,-1.252161017490826,-1.6014213226018406,-1.9855532676523446,-2.351316505050986,-2.764505062091428,3.075927559556343,2.6060148039846966,2.1034005808489336,1.560248194819883,0.9779889559841184,3.141592653589793,-2.944197090710644,1.3998859801522012,0.10505990689935758,2.0698422860101706,0.10505990689935758,3.136569417512951,-1.5899766262181587,0.8097159572044308,0.0,0.7853981633974483,-0.6443654258041751,-1.4545562437870723,-2.207791947019219,-2.926294244468829,2.6543393750762476,1.9646275139675315,1.2781822987374374,0.5947965194328705,-0.083960569351099,-0.7893300237987523,-1.4685896006377823,-2.2216208491055762,3.065238643043918,1.4187530611736514,-0.0044444152322990205,-0.8716497798469417,-1.5765544207606301,-2.2105661037731603,-2.8544602709380764,2.824922170328819,2.214536564037886,1.6030047561551475,1.031872259154864,0.44447865082787236,-0.15399967663868339,-0.7220823381758711,1.681453548929292,-2.002369380178395,2.070143044461728,0.46138518103275844,-0.1812763123566485,-0.767903293956649,-1.3290832523738585,-1.8759693652775553,-2.4309520473017705,-2.9649605339649443,2.7867370835854923,2.265391816654793,1.7325853342795139,1.211547190132372,0.7129257723710297,0.24606266800416232,-0.14392544796238477,-0.2771607045611159,0.9606645303850682,0.8406414325454314,0.40706923500961417,-0.036783403426622334,-0.5269222782191344,-1.015440516514055,-1.508240690520853,-1.9911564859090316,-2.4726072573514553,1.5707963267948966,-1.2924966707618981,-1.030376807992315,-2.0344439357957027,-2.214297448189939,-2.896613990462929,2.356194490192345,0.9827937353644041,-0.7853981633974483,2.896613990462929,0.0,-2.538070221612929,-2.9645071589379244,2.8790064231065005,2.436446632732239,1.9925205694285233,1.5640850181399242,1.1357740948986128,0.7388980034501886,0.36494567137655864,0.054253821321717646,-0.17719174443578692,-0.2843441791045033,-0.2528940779210559,-0.3109206501755475,-0.5292467695411452,-0.8615129133606343,-1.2189490749998264,-1.6084068597201564,-2.0215176300235123,-2.4373224727953597,-2.865648385167915,2.994408948994063,2.5720082811654508,2.1712648878488987,1.7840487654758646,1.4343403450826,1.7681918896740463,0.93001258879231,0.8760580505981934,0.8233915495239149,0.6599677221348488,0.43162339702582403,0.10095130386573913,-0.27127533440338875,-0.6735948052190995,-1.1021275420785612,-1.5302556375707654,-1.9569155230906148,-2.391766628507528,-2.8147802785387372,3.0537566184833698,2.6484830321583095,2.3191039889565883,2.0671567523824494,1.9571008781080976,1.945273828600084,1.896031169697894,1.703728665380306,1.3802374919622646,0.9872074874492134,0.5587869416748427,0.10131854530322758,-0.366825074821648,-1.249045780274353,0.0,-0.4636476090008061,3.141592653589793,0.0
0.179853507327222,0.9420901275525599,2.5535900741920434,2.7610862656516475,1.8925468654941575,-1.428899275330209,-0.7899477367177214,-1.0172627948769857,-1.2742256353983015,-1.537475331345503,-1.7970931549726834,-2.04612828319058,-2.3376780798585903,-2.592998051531021,-2.8543111963745784,-3.0831486530114267,3.027544260655354,2.9951558047533218,-2.9091560947395827,-2.2555258268730602,-2.1600124988975042,-2.29364121588236,-2.514479577038214,-2.775095875282833,-3.0477625267520594,2.9663918042490995,2.673049101002062,2.391362620869262,2.112668802674514,1.840494409452536,1.5817848959541783,1.386852880235775,2.0344439357957027,2.3727675766992093,2.8656615266085503,2.77324376043864,2.568666303940024,2.2863424608198955,2.010863404195658,1.750123875840479,1.4530739461320665,1.1845201121745728,0.9164938230914561,0.6601316104038947,0.4117782234810413,0.20721980208935067,0.12435499454676144,0.33097295789581294,0.910456414668619,1.1413334879373822,1.0645863800531865,0.8747866967769962,0.6439757320281064,0.4058806031252535,0.12261413644891786,-0.1293628938614221,-0.3805063696220948,-0.6213528150576675,-0.8476128539785989,-2.8198421148905326,0.5880025793977498,0.7853981633974483,0.9272951928858013,2.0344439357957027,-2.356194490192345,-1.5707963267948966,-1.3258176636680326,-2.896613990462929,1.5707963267948966,-2.9764439846602375,-1.8152710993130934,-2.0515639517627364,-2.275290387704309,-2.481963934841588,-2.6924367823042883,-2.831661869141307,-2.943161542454034,-2.9700980254044063,-2.898715933929526,-2.8389564564115264,-2.8642957478833977,-2.9485153843484913,-3.078029173405441,3.0151629822541004,2.810426175174972,2.575130107968928,2.3473451619596224,2.13039378145077,1.9278799506158757,1.7333901889226782,1.547189601633093,1.390398837656034,1.270701116483731,1.1879441034611786,1.1396914756500358,1.0776006707041192,1.2490457880956358,0.8540612330637524,0.719255464492707,0.5242918962439291,0.2991791372759272,0.08998192270520544,-0.14962704405824614,-0.39286006275470786,-0.6491363065140447,-0.9063877207436085,-1.1381906975639253,-1.3666262033151915,-1.577396890971879,-1.7832626025353546,-1.9403024224973182,-2.079458545385873,-2.2380067913252804,-2.4021391387157203,-2.612968149626761,-2.8543919048440487,-3.130782263291992,2.868173397933331,2.547179899214087,2.196613217437557,1.8404097217687043,1.4692754497482663,1.0880938411926904,-0.5880025793977498,-2.356194490192345,1.3998859713057503,0.10505990710619548,2.069842284192367,0.10505990710619548,3.1365694171941625,-1.5899766274758085,0.8097159930075707,0.7853981633974483,0.0,-1.9110633039239113,-2.9838239058715974,1.4749371861271947,0.4678492693815751,-0.16465872592225406,-0.7207175896616499,-1.2524203527660576,-1.7469055687867365,-2.219162865986996,-2.6865443628957277,3.1402056920017167,2.664111939744635,2.191436579052668,1.7176481582035994,1.1828393077785455,0.5166951544535304,-0.8690733254707063,-2.3014547186005485,-2.951093525285766,2.832111423129918,2.3885805416320927,1.9683507453343418,1.552572341256214,1.1775283730304047,0.7895752279577803,0.40115986866010517,-2.677945044588987,-0.351951310280245,-0.7186282543551082,-1.1056738058320785,-1.4963075369983134,1.6162196070795598,1.1361261063747576,0.7351050510517056,0.37541574403900807,0.004201656161176923,-0.32483221989067024,-0.6679193177136131,-0.986076302267312,-1.320254798130901,-1.6417777912235785,-1.9701817368481482,-2.269501335690812,-2.556297155230383,-2.770412430638186,-2.8083483562699016,-1.844151660284117,-1.3124724170830022,-1.4502435907407372,-1.6940919964211305,-1.96252387255679,-2.257632696702204,-2.539133953610725,0.0,-1.5707963267948966,0.4636476090008061,-2.0344439357957027,-1.7359449957244524,-1.4056476578653407,2.677945044588987,-1.2490457880956358,-1.5707963267948966,-0.9827937473971468,0.7853981633974483,-0.3780707738718675,-0.5717878280469977,-0.8020941996914704,-1.040961609230614,-1.2743390418265592,-1.4960174582017995,-1.745468523258797,-1.9740357063027076,-2.193492894174406,-2.3909372354971437,-2.534604977589701,-2.6084369732559023,-2.5705491139911834,-2.4138229050795115,-2.2378687144689775,-2.1648761823823635,-2.2286276963489753,-2.387345887774019,-2.5821353855583404,-2.773433751932981,-3.0158907757924913,3.0463220979401813,2.8252735544252614,2.6032063618348995,2.39437814451443,2.206320134977536,-0.5880025793977498,1.9299461481837463,1.9420982226086272,2.0735461461297717,2.257259291485811,2.2861546971661504,2.235687465393184,2.1135939305052642,1.9117450376717338,1.714347542625879,1.4900523220247353,1.2578265533038864,1.0185497280582485,0.7775811102011955,0.5572391533857086,0.33456617025710944,0.16813909633030039,0.052741391232260876,0.0918711701215903,0.2745752805164197,0.49244252254523274,0.5423201163789886,0.41898460913750263,0.2561513845036453,0.032128520101489894,-0.21584487724272122,-0.48353649017808226,0.2186689495674437,-2.8198420782633082,-2.356194490192345,-2.356194490192345,-0.7853981633974483
-0.7853981633974483,0.942090097385714,0.3217505543966422,-0.7853981633974483,-0.7853981633974483,2.9441970937399127,2.41908850945589,1.9527489876523152,1.4743843686907918,0.9494324867230193,0.4178013673820869,-0.10797290133113602,-0.6513290608477053,-1.1814796142505857,-1.7125565305314248,-2.2115800335207156,-2.7083138728717393,-3.1359108964944493,2.8519010817712656,3.0475314161695866,-2.903252895176508,-3.126409438492715,2.7405353659977587,2.2711824795621767,1.7615239698995102,1.226611690799323,0.6878203952709964,0.13249215298157868,-0.411611277180495,-0.9487950969748248,-1.4800325614216225,-2.004749705489267,-0.896055394864876,-2.911688220800239,-2.8884039800307764,-2.0905909557495375,-2.2480904886485193,-2.656788333891182,3.1119517411040247,2.5978061477617804,2.0457557038430108,1.4817982926864686,0.9630956936638928,0.4208721402406284,-0.10199893926793305,-0.6276294126802969,-1.1381096504185206,-1.6172744593172244,-1.9929277970412955,-2.1425479666967284,-1.9637653900637473,-1.931582452307464,-2.2098494439072107,-2.596408759790281,-3.085120098272276,2.7109001322066275,2.1969699027272216,1.6657017213787457,1.1452091052993612,-1.390942832066836,-2.356194490192345,0.0,0.5880026035475675,1.5707963267948966,-1.5707963267948966,-2.819842099193151,-2.677945044588987,2.677945044588987,1.2490457723982544,-1.9295669970654687,-3.081534248682997,2.7149651489003195,2.216461916150046,1.7113723727054697,1.2154394633275485,0.7220973056170807,0.2263824295025344,-0.24086708695599857,-0.6907632140274768,-1.0904487858080498,-1.4381282379230662,-1.7204623721999894,-1.9836708942045906,-2.2382866491316644,-2.555495726127486,-2.9176273367038843,2.9452978195289576,2.4962728826921037,2.016520820416459,1.54135842521972,1.0420571709962807,0.5444114695136921,0.07906651899644429,-0.4058792740750189,-0.8694005610111328,-1.3251317929623445,-1.4801364421886278,-2.150609843787291,-2.5351634418379954,-2.890633713238119,3.0354943647563313,2.6456011835005184,2.2248368055831587,1.8088534268535112,1.3230835634489164,0.8146626963620704,0.31721076044193236,-0.22087950536636944,-0.7607905590251957,-1.309015192254066,-1.8608250918898113,-2.4150715347315046,-2.9588212749340927,2.8138213635335556,2.319674886779474,1.8394696703151914,1.3633000893686735,0.9219346373887376,0.43736670399318023,-0.04463534531877728,-0.5765783734383133,-1.1197929292237192,-1.730269697852994,-0.16514867741462683,1.9513027039072615,1.3998859832195127,0.105059910112532,2.0698422845219424,0.105059910112532,3.1365694171772005,-1.589976625767871,0.809715971660773,-0.4636476090008061,-2.356194490192345,0.8944260586621241,0.06907232990454994,-0.7362150769479072,-1.5181267982980937,-2.26854420751115,-3.0210617309771717,2.4931816022469424,1.7415315425792746,0.9751015696688959,0.18834843331788734,-0.705919915110806,-2.0771226542564607,2.3422419112385153,1.2152527520639753,0.3893706463457444,-0.35754792822826537,-1.0641161880612842,-1.7646884011205553,-2.454184732603266,-3.117064862806869,2.477546487487421,1.8139214245174995,1.1778665906057784,0.4975968140491034,-0.1662368269907309,-0.8716037113297412,0.6747409422235526,1.7285650669421946,0.7622808731961611,0.050317204962603765,-0.5741345253301215,-1.2209407155063463,-1.8607253383641356,-2.442829712078022,-3.074737794126394,2.6041493189934637,2.018804448920065,1.4246074473770212,0.8227089228227659,0.24333257454520674,-0.3031653395375926,-0.7965708790432082,-0.7216548356425858,0.36869589962319266,0.10727885327853011,-0.420470118962069,-0.9673971515681986,-1.5123454273462895,-2.114211598754599,-2.656209344126559,3.0681184296723187,2.5214655615267207,1.9693187919606798,0.24497866312686414,2.9441970937399127,-2.5535900500422257,2.498091544796509,2.356194490192345,0.982793723247329,1.352127373473281,0.982793723247329,-2.356194490192345,-0.3805063771123649,-2.356194490192345,1.1103797232639951,0.6025167123599855,0.10173319079315984,-0.4152905261298773,-0.9133132923556618,-1.4046767761815118,-1.9074711411685896,-2.342380283420852,-2.7574583318530697,-3.065845007133962,3.014284912675633,2.936428118602903,2.8418165765038075,2.595818440120967,2.2330969990459852,1.7953562142621329,1.3439087343560805,0.872760907462868,0.40150548604455344,-0.08581026712717753,-0.5824500767517161,-1.0835413942282734,-1.560358292761366,-2.0100956357487996,-2.4517435220431922,-2.853070860260718,-2.0701430363784876,2.8735675644336336,2.7367008501274865,2.5982501620042386,2.313137186060306,1.9924616076301083,1.5597225828157324,1.1225660288168382,0.6317953398707005,0.12843105752712497,-0.34842125835001136,-0.8568697741642854,-1.3450616508712387,-1.8466507121331401,-2.3206198450790207,-2.7889988760345967,3.0990359460446055,2.791310389678975,2.637301978610522,2.56391670220398,2.3955829629682133,2.1126423591541474,1.7041740657885434,1.25368252905406,0.753985219169623,0.22344048347055526,-0.3132761737198221,0.0,2.819842099193151,1.5707963267948966,2.9996956053161514,-0.7853981633974483
-1.1071487177940904,0.9420901227292426,-2.158798930342464,1.5707963267948966,-1.5707963267948966,-2.356194490192345,2.408667255332589,1.958814729325197,1.4836089740537366,0.968556180979638,0.43993510795683344,-0.08898993410494843,-0.6411489407328521,-1.1661307934271228,-1.7037708188520664,-2.214297452135279,-2.7240906095124626,3.0666229697825935,2.631948658138148,2.3741297920093904,2.5458080967530954,2.8288916174351004,2.5996143194208674,2.1914255916083833,1.7251995167411815,1.2020298587121794,0.6647956694782776,0.12342949938074997,-0.4286824365624719,-0.965602701473545,-1.5098482858802973,-2.0567920415983365,-1.249045782847919,-3.1162816051497244,2.697076645909395,2.366398246407918,2.6748962803075362,-3.072439030037416,2.920571995171615,2.460367082819015,1.9545657272328856,1.4083451398394966,0.883651119158111,0.33967880470837,-0.1924936489345265,-0.7313042947283765,-1.2696084324519128,-1.8122356603518803,-2.308950452015397,-2.7965674436203476,3.083293035940976,2.765502342260548,2.7275936664198532,2.8089729531278023,2.703325895274663,2.348258166576318,1.9281790690252618,1.4333835443543934,0.9331470761428705,-1.5707963267948966,2.677945044588987,3.141592653589793,1.7126933876688597,0.3217505543966422,1.5707963267948966,1.5707963267948966,0.4636476090008061,-2.356194490192345,-0.16514867741462683,2.158798930342464,2.256183231331381,2.0388686758598618,1.666232016862544,1.2554035293255221,0.7908725492386017,0.32137781570568297,-0.17589116473497646,-0.6787704615433593,-1.1827037592155445,-1.6911162721431852,-2.174152788630157,-2.6491600580689245,-3.0992682180282682,2.7521329597309903,2.3632366120446124,2.0116438493501603,1.7157295232246024,1.4297393695798366,1.0713042361814848,0.718352521780324,0.2927944720221471,-0.14290409730151798,-0.5909600894027464,-1.0780639322212746,-1.5732593760507365,-2.0670875734970964,-0.9505468196303216,-3.0783397509807324,2.6991574576332407,2.212188861391373,1.7251776349572578,1.256599918007634,0.8060374354689765,0.37764014929643597,-0.043138689359247306,-0.44131879731701157,-0.8490312175867553,-1.2663335040328592,-1.7475051852268564,-2.238822607095965,-2.7582859595743368,3.006469409492491,2.4428006107557163,1.865246690972416,1.2939174228205936,0.7052621139218656,0.10632980354013419,-0.480955079046438,-1.0785603151660959,-1.6585531879462454,-2.2384977639114045,-2.796347737138779,2.937676734908982,0.0,-0.7853981633974483,1.3998859768152323,0.10505990328736053,2.0698423213922625,0.10505990328736053,3.1365694171850325,-1.5899766267223658,0.8097160126406971,0.7853981633974483,-0.982793723247329,0.9827937348513522,0.16764243947996957,-0.6469173886106235,-1.460459110516708,-2.3066723243691496,2.922923715092085,1.1368429666122617,-0.47835244854999887,-1.4586856159915527,-2.262509815547392,-3.0221637257734053,2.5234484441053735,1.8038431719801862,1.093605511974344,0.4001554663827052,-0.2986838461263815,-0.9907935495523713,-1.6634506251700363,-2.3753767959216594,-3.0718370184340302,2.4440732781929673,1.5824237094969964,-0.4170492416525732,-1.9550656129976152,-2.779140615834508,2.7991034212763504,-2.356194490192345,1.4873253846676908,0.8314125792007209,0.20825264959190462,-0.4117721080192342,-1.0363417072382017,-1.650768935792403,-2.250982971685251,-2.874815122193808,2.8406106217868787,2.2455372527067774,1.7494273258127295,1.6475682206463567,-3.126556192824622,2.762292539832038,2.207157698555655,1.6409684596086784,1.0443880694359742,0.4789740921045773,-0.09749213440953283,-0.6791628167317502,-1.2513783121977875,-1.8226368573989578,-2.3819149680951863,-2.9203737755021937,2.83166189162446,2.3427904430476154,-0.7853981633974483,3.141592653589793,2.819842099193151,1.892546881191539,1.5707963267948966,0.4636476090008061,0.19739555984988075,-2.1112158270654806,-1.1071487177940904,0.6747409422235526,0.5880026035475675,1.437669619269626,0.918157957214584,0.4208929394215794,-0.07112335398613487,-0.5440110830059676,-0.9740263004027466,-1.3491174243574187,-1.613099115593424,-1.7374055647554418,-1.7832829601372584,-1.9958812058688549,-2.3324522490744473,-2.7176230676642903,3.1311081094634288,2.6581970943021798,2.146295784624878,1.66136316217675,1.1661710094569275,0.68231658185069,0.18396683519043847,-0.30512501074530274,-0.776448023166873,-1.2317919434481126,-1.6389399152121076,-1.9907899429046434,-2.274456120823721,-1.4288992659209336,-2.609659515089648,-2.8141924315433586,3.131448074680195,2.719141351745699,2.295015232682403,1.8164772448467816,1.3292936533085837,0.827390273851519,0.31835544295154145,-0.17486790016175724,-0.6760944846740955,-1.1684392501485972,-1.6518620079083295,-2.1081018074000313,-2.545313311948716,-2.871511387574791,-3.084743409231165,3.0665771034867637,2.9215069904918605,2.64796086197272,2.2914863574348208,1.8490959944035057,1.3606872509604464,0.8592032387140127,0.32483220207149255,-0.2183234603783935,-0.12435499454676144,1.9295669970654687,-0.6435011087932844,2.601173153319209,-0.9272952180016122
1.4876550927305112,0.9420901144003481,0.24497866312686414,-2.19104580425037,-2.2142974229677055,0.0,0.796508809817179,0.42886224876944495,0.01772202608047559,-0.4029763135724771,-0.8268705764540907,-1.2511378216543412,-1.690802605927834,-2.1204242661619763,-2.540421593530581,-2.9273230819762266,2.9919894995450647,2.6949285667900944,2.7476784814597934,-3.0167550306552857,-2.930329023042257,3.114480653962336,2.7526160117696015,2.3407397702620703,1.9059280847762177,1.467589630883101,1.025141258983922,0.5745754958695021,0.1349889445827846,-0.3047550135958749,-0.7207540388695,-1.1360662994144437,-0.7853981633974483,-1.379819170532399,-0.361729259583744,-0.4255598255418087,-0.7557771693413623,-1.182922680685514,-1.6042286826761882,-2.029482295575747,-2.4918131079973507,-2.9358095978616587,2.9154571927496327,2.4783896800505034,2.0561796435913338,1.6591916645205849,1.338931670162106,1.122957666820708,1.3093751405382072,1.6833922805192558,1.6205183418207778,1.3431070119120785,0.9708048066367369,0.5812977276756105,0.14526010639861192,-0.270153202374772,-0.6966053679699908,-1.1053565941545367,-1.5193947023914702,-0.4636476090008061,-0.4636476090008061,3.141592653589793,2.819842091305354,-1.1071487177940904,1.8157749899217608,0.0,-0.9827937111122564,3.141592653589793,2.0344439357957027,-1.1071487177940904,1.8440088158603267,1.445930679494955,1.046048384831931,0.6570255922385608,0.27557268755716957,-0.0789535665494065,-0.4192764712440235,-0.6885312866206047,-0.8587128697715194,-1.0006171364838772,-1.1071487177940904,-1.2744444579097554,-1.525519845435784,-1.8285549515953563,-2.1754338932912027,-2.5529233659739403,-2.9362445208042844,2.961637174898027,2.585453060338673,2.194391195188327,1.8366052871551295,1.477946661662178,1.1407550493617156,0.8446893104159817,0.571650023690054,0.3453500788972031,0.9827937111122564,-0.12977793724100808,-0.4086027454789019,-0.7298392518313062,-1.0769502179953667,-1.4340528805544417,-1.84064548432552,-2.2371847130950484,-2.6623820944855483,-3.1001070324553073,2.7741384779977065,2.358128735542191,1.950486594686842,1.5470290124945707,1.172273869250382,0.8324696789180933,0.5104181488172188,0.15848678293830876,-0.1648072653478392,-0.5221393432661918,-0.9114862584620388,-1.3374073210991317,-1.8048015003997238,-2.3024827597251303,-2.79908805664052,2.9207638750531344,2.378479047860274,0.4636476090008061,-2.677945044588987,1.3998859735903586,0.10505990571535852,2.0698423069275993,0.10505990571535852,3.1365694171519167,-1.589976626326383,0.8097160076376361,3.141592653589793,0.4636476090008061,0.7279900195111936,-1.156578365915143,-2.0641749432992103,-2.8198421170628496,2.761877388430296,2.095353667864211,1.4136414818285172,0.7645056947961419,0.12976126620446105,-0.5090136817623585,-1.1320761699147244,-1.7607846173323078,-2.4376778003820356,3.1265787667128984,2.261422216077044,0.4993467395435069,-0.9119903005307519,-1.676617167534142,-2.31297112914299,-2.9265102495723467,2.77339261577377,2.1927180283432985,1.6311562093299732,1.0748850532788565,0.5304727080559872,-0.01354930651894116,2.0344439357957027,-1.1052899725385836,-1.680740790766068,-2.3957777537534026,1.0415495506497006,0.1698944025668932,-0.41652279917495355,-0.9565467729974196,-1.4832767444970776,-2.009876189670031,-2.509379238419276,-3.011154687925217,2.782821963017337,2.2850577268999785,1.8001887247918487,1.3156746210347046,0.8607991387278389,0.43955588528293893,0.15884458986180228,0.8850668325493034,1.465680602520586,1.2034408956385254,0.790461442069474,0.34102204547977044,-0.097342790094204,-0.5711381891685462,-1.036677342513177,2.677945044588987,1.8157749899217608,1.1902899551223918,-0.7853981633974483,0.9827937111122564,-0.674740934528141,-1.5707963267948966,2.356194490192345,2.677945044588987,-1.1071487177940904,2.2655346236809035,-0.7572207637372198,-1.1401697620502729,-1.5540914355585884,-1.962120786791107,-2.36226422456703,-2.7649145578395005,3.1158424674091347,2.7289759643153775,2.3524280447709582,2.0234628971975517,1.7371686144894758,1.5592494952961113,1.513637944671085,1.5601584297016544,1.5092003355803167,1.318018849014377,1.0343948802916385,0.7125282968500032,0.33657195793398265,-0.041348768304838204,-0.4377913201376748,-0.8319689819109868,-1.213499765845072,-1.593954322056124,-1.9667674901876517,-2.3162851385950294,-2.158798942477537,-2.8512850789885613,-2.9526069781056408,-2.9681396780162594,-3.009041119996384,3.113431086629696,2.86804143976485,2.569727522231111,2.1986079516014634,1.8225834023198566,1.4274818348929397,1.0312159979101556,0.6261073340212322,0.2284580677393086,-0.15405491052151507,-0.531245437461525,-0.8530169962506978,-1.1030334896098841,-1.2386102932054113,-1.2145766560503295,-1.1987285766240763,-1.309807392395139,-1.603236866344747,-1.942165343712577,-2.339823134198176,-2.7452047995587856,3.103920029272107,-2.7610862819172883,-2.158798942477537,2.896613990462929,-1.4288992769234108,-1.3258176636680326
0.2782996560326821,0.9420901248124962,-1.5707963267948966,3.141592653589793,2.9764439804329705,1.249045780275192,0.9672738695624158,0.9018627524173767,0.8174652595821285,0.7210304847042474,0.6220803161349305,0.5302842643076798,0.42075403824615965,0.31824355279760047,0.21680241036442685,0.11546847414775994,0.022915168595997723,-0.07588704902290906,-0.16125428116235863,-0.168750098253765,2.4522831977342134,2.5098494272274636,2.43836200811853,2.339246968920341,2.23759832457493,2.1364605857270855,2.020365890531225,1.8981965471768705,1.7812265236964093,1.6553866143429916,1.5333138890544515,1.4078865965974616,-3.0509327644520963,1.04130995479522,0.6414727435659782,-0.9777937747435432,-1.8975219471534355,-2.1291860820650976,-2.3052182948444986,-2.4522323216249053,-2.5799989769117695,-2.713767375605988,-2.8398932985404084,-2.963385313321545,-3.0864975835112807,3.0631156543975107,2.936483749404208,2.7936090486774567,2.638230842700521,2.336966079910589,-0.12435499454676144,-0.5703300244392975,-0.7501186995601968,-0.8608104354062942,-1.0051646113890413,-1.1207225424191625,-1.2349243094111886,-1.3470910467937496,-1.4420389291932647,-2.677945044588987,0.9827937353656945,3.141592653589793,0.3217505465197047,2.677945044588987,-2.677945044588987,2.677945044588987,0.0,-1.249045780275192,-0.4636476090008061,-2.896613990462929,0.19788052859243946,0.123782502516686,0.033866826873071985,-0.036287693243352626,-0.11255572023733428,-0.16326977252100455,-0.21394122483874306,-0.21484522059822472,-0.16204845144074964,0.027541241874581453,0.3599157085814237,0.7742129414969134,1.0698357303744748,1.1977275184068048,1.2427100565469564,1.217516318050655,1.1798243504592858,1.142408440872517,1.0936360082247276,1.0489620575044467,0.9961858079122669,0.9553835469213136,0.9351184544960229,0.9241896237263413,0.9658050869440965,1.0283177959653405,2.44685439805391,1.3365154480476547,1.5365631317060027,1.6706760856036318,1.7423512655479165,1.7840841646175598,1.759715040117409,1.7251457991327703,1.6455581684948792,1.5656483668892516,1.481520203333687,1.3726336994379162,1.278282325993398,1.1855638271643445,1.1048998296491743,1.0466938990170833,1.029992925944337,1.108322450481994,1.2069461240904924,1.3116943155110488,1.3859615518669508,1.3846803242645567,1.307547273195972,1.183554715022275,1.030376819291543,0.8328403081172553,0.6146629540389994,-1.5707963267948966,1.1071487177940904,1.3998859710251321,0.10505989870699586,2.0698422812840884,0.10505989870699586,3.136569417058043,-1.5899766251921987,0.8097159856847128,-0.7853981633974483,-2.8198421070700883,-2.3932146267837,2.6835160207249897,2.124263741673987,1.7534661207128914,1.4111809559007285,1.1142660394211532,0.815092419594531,0.5332479562137314,0.26636411236549934,-0.0013037802269941696,-0.2701948573013305,-0.5385074556373497,-0.8006960325493081,-1.1322330745701932,-1.5890591363267588,-2.685244189061379,2.310290375573433,1.8353406406579225,1.5150848051323194,1.2718462773091095,1.043096526960472,0.8336249326482629,0.6423686194810433,0.4446593955271051,0.26420707340862,0.077062278112961,2.356194490192345,-0.30120929672505975,-0.49934671778803214,-0.782532840070523,-1.560487413975115,2.829742761037373,2.416726500749859,2.2000417824682845,2.0086477073702445,1.842093029507262,1.6973049415520878,1.5512971736105936,1.410117279808295,1.273003401227043,1.1461360359261703,1.0104573974673758,0.8907152649966313,0.7867513706066248,0.6958181826894142,0.7040331259925054,2.649106895867679,-3.075897855803123,-3.1320235674189267,3.0743541004601767,2.9784302911940674,2.8714567360888106,2.775699402705905,3.141592653589793,-0.7853981633974483,-0.7853981633974483,-1.3258176636680326,-0.7853981633974483,-1.1902899442501609,0.4636476090008061,-2.356194490192345,-2.553590062160591,1.0516502173957198,-2.0344439357957027,1.185932680726176,1.1709077382941693,1.1142957113417864,1.0424761727288834,0.9625604085259065,0.8973936534800441,0.7932927408356573,0.7110885894387766,0.6197821913281815,0.5436349059073136,0.4653877357359155,0.4165268153254279,0.3982901903303265,0.5571861923400838,1.708802346636186,2.5745869748640033,2.6543645169440353,2.6112891513849577,2.5605252333325947,2.4932606782281956,2.3974082245020463,2.3063574415068304,2.2122860798101893,2.133310051239061,2.0434934842771875,1.9721688835524214,-2.297438671822519,1.8403854022831831,1.8438961663867661,2.085420129049359,-2.7864556902000985,-2.2513175365880627,-2.219791861060786,-2.2567023469414536,-2.317587054036461,-2.40877754131777,-2.485508579427221,-2.580890634198033,-2.665146827739791,-2.7571935516360244,-2.837058934903201,-2.9262924065048854,-2.9898141701444496,-3.042071554634983,-2.9825694657413027,-2.5691328221819303,-1.380808036179369,-0.9225219915692447,-0.9148224716014524,-0.9588612980890543,-1.041087224278709,-1.1456055071195197,-1.2536946330099061,0.6435011213963845,0.620249473209409,3.141592653589793,-2.677945044588987,0.0
1.0121970250742136,0.9420901523333973,-2.677945044588987,-0.5880025802314864,0.0,3.141592653589793,-2.89517098349794,-2.821700829425881,-2.79731175013592,-2.7857090046862893,-2.7913800237131206,-2.78292955606546,-2.796923488196478,-2.804874036960774,-2.8077638432947136,-2.8027982869808996,-2.784552641645915,-2.752149068548023,-2.6373461335009947,-2.3036114592033137,-1.0034947089432054,-0.27781042557574487,-0.1518161389664521,-0.09465301825867088,-0.0931151625965905,-0.06596338730803065,-0.10658606069165773,-0.12093122310855044,-0.13942216748748879,-0.15381414145132144,-0.16857125020011532,-0.20079690046943877,2.2142974598369056,-0.27196353682667335,-0.2760078269959249,2.743070210776164,2.8486802541975473,2.77083732641007,2.7352388782385764,2.7398970186442546,2.677945044588987,2.6621597470499996,2.6430938758553877,2.6193154958902096,2.599205942363964,2.5796258507515724,2.5680608100545412,2.5473789741110497,2.5855868876134553,2.7686049317897323,-1.3212094105496668,-0.9153801320340299,-0.8653798757963231,-0.8371002762838657,-0.8838304450048914,-0.8780177908759438,-0.8789036856461009,-0.8843518725684194,-0.8928438325809737,-1.8157749899217608,1.446441332248135,0.7853981633974483,0.7853981633974483,2.896613990462929,0.4636476090008061,3.141592653589793,-1.249045787553707,2.8198421143486034,1.768191892473798,-0.7853981633974483,1.6564233511461308,1.6766409856727864,1.7150110816023778,1.7480403396093918,1.770480215104569,1.8164689374869039,1.8758980903953208,1.980783032912669,2.1262900596816565,2.3700344430748013,2.7176353951797125,3.0909692779069133,-2.8972008550775374,-2.6807461341187535,-2.520717011061087,-2.4401715950528713,-2.356194490192345,-2.2877027251175406,-2.2337047173849145,-2.14974449830754,-2.122879742373935,-2.08118992031613,-2.0025059307354556,-1.9252904743256516,-1.8270240063893344,-1.6919709570664125,0.19739556567890143,-1.335086195232826,-1.1061806469786752,-0.8865443303491269,-0.7149424140836856,-0.5626915753126556,-0.47624316619023976,-0.39580992815205635,-0.3893489989973119,-0.38968708121544937,-0.3790845844514673,-0.39159561059031217,-0.4073522333967481,-0.4268621793478491,-0.43011718918250824,-0.4094979258608701,-0.3414055986059443,-0.2808377196538982,-0.11320896258773139,0.05342504684200154,0.20251845304706653,0.3264674911933685,0.3319098575541249,0.3217505543966422,0.25345304910874933,0.150003423871937,0.02281761717930057,-1.0303767908644221,2.944197087910892,1.399885969346437,0.1050599042495041,2.0698422913702137,0.1050599042495041,3.136569417136077,-1.5899766272292362,0.8097159881663482,2.0344439357957027,1.1071487177940904,-2.5405188613927487,2.807264132514887,1.5489020148327493,0.9272952014918419,0.5322895860233142,0.2723402399306487,0.0,-0.22702996132284003,-0.43480944735087773,-0.6384997601709276,-0.8333613716417688,-1.0257376735947152,-1.2603782596738755,-1.495429149199906,-1.800371824619133,-2.227871279880253,-3.030935429727569,2.438163366943933,1.9632254323237686,1.6650540003910572,1.4322743791117067,1.2523152454929958,1.1041456947782269,0.9679019877105345,0.8394499431219119,0.7033906904941906,-1.8157749899217608,0.42471657477979624,0.2607467971995927,0.009933448391636467,-0.41987994860899924,-1.525076574184001,-2.2953999153190074,-2.560905208376593,-2.76108626268505,-2.911039717783517,-2.9954615914303315,-3.0835038423345367,3.126959551298101,3.054224392156003,2.9903028089778134,2.9232249631324767,2.871342898629188,2.8198420928119075,2.780755874586822,2.7880506962584053,-2.677945044588987,-0.5605652075094928,-0.5829690662932495,-0.6156612680370694,-0.6314338206148999,-0.6704847268426574,-0.7001865576086161,-1.4288992752218233,1.8157749899217608,2.356194490192345,1.5707963267948966,1.5707963267948966,2.089942431714987,3.141592653589793,2.0344439357957027,0.7853981633974483,2.677945044588987,0.4636476090008061,-1.4399689292535542,-1.3355639431241273,-1.308090360382225,-1.289423657358666,-1.2726402091521152,-1.2396350969137324,-1.267593389184671,-1.2688790071373812,-1.2672385550106922,-1.2459281033510081,-1.2278682248475414,-1.1827737536375071,-1.0768549324507009,-0.8264709143685224,-0.06281035188978958,0.8749413586917797,1.1994995969721631,1.3288986422305868,1.3694792261767452,1.4280467558427898,1.4077821205820724,1.4153961901336216,1.4334629290608205,1.4468124373142484,1.4580687170985807,1.4802400810894292,3.141592653589793,1.5547205422488215,1.6909437754654584,1.9957036248627904,2.720674351900398,-2.708433188353426,-2.4050851538630873,-2.25381395892916,-2.221541865984242,-2.1957533759204613,-2.174356772737378,-2.1667828157455116,-2.158798902275457,-2.164692760042457,-2.1504177610495923,-2.146174087776885,-2.121891577590536,-2.0673313349638334,-1.9393558262996125,-1.6226529079827685,-0.737815053850594,0.03913663161076402,0.23576657946067392,0.32795064859664175,0.35877065995059343,0.35784161009679344,0.34067115150472577,2.677945044588987,1.89254690139881,0.4636476090008061,-0.6947382364446953,0.7853981633974483
0.982793711604365,0.9420901230552844,1.8490959772325444,1.1071487177940904,0.16514868150539802,-1.8157749899217608,-1.8583721681776195,-2.2668059251203347,-2.7095832947618383,-3.1385926626963,2.6984339747302912,2.2525067233485148,1.810653397938614,1.3649915798039396,0.924342477734412,0.4816636897808923,0.04356914283000618,-0.41524536896540354,-0.8279687782810238,-1.2397002352853888,1.2490457820852001,0.9025069052092085,0.45719011629502904,0.012084004042480974,-0.4499121710981196,-0.9025521286064874,-1.3590004978745331,-1.8231069327047345,-2.285237079005774,-2.7504771292909442,3.065891618947426,2.573708791659823,-2.3127436313553265,1.51026430627423,0.7683349582804037,-0.8426603419038988,-2.236985235673793,-2.8943528235020826,2.843837487662931,2.3436347663490524,1.8504262214639091,1.3827829847052795,0.9068630031000684,0.4326420323264761,-0.04865515253176346,-0.5272144810780072,-1.01270119497105,-1.513364686750953,-2.0708934159099264,-2.8241339406388684,1.3769978664001363,0.29411940502846,-0.3007641302735824,-0.8177284113956271,-1.2902833737675519,-1.7661878853573907,-2.2248158065734183,-2.6821422629170297,-3.138021240408821,2.356194490192345,-2.5829933314436,-2.896613990462929,1.8925468887594654,1.695151321341658,0.0,-0.5880026151905315,-1.8925468887594654,0.16514868150539802,3.141592653589793,2.0344439357957027,0.737815074146812,0.3017767096803786,-0.11396190722043953,-0.5303230157389079,-0.9595581995296533,-1.3774668776465164,-1.7534027442945839,-2.1159461680232483,-2.398791649946193,-2.5794823494708394,-2.51922542637011,-2.4393357181509905,-2.4781163974286144,-2.714239195199711,-3.0145434504904722,2.894750401820093,2.5167992069670566,2.1286941703905944,1.736575924801742,1.3411051023281144,0.9592132075050309,0.5749214181085296,0.21850680144134974,-0.14653739216216122,-0.4502255908075816,-0.7152593000432131,0.982793711604365,-1.0720369055414798,-1.2319134816532964,-1.4269993370795668,-1.6929915007498275,-2.0044067532933902,-2.365004859725899,-2.7512199124712198,3.1238833324947857,2.6951234523984646,2.2606218725193346,1.8242770726555733,1.3736751161189014,0.9343416660015962,0.5157939361880272,0.1353540756099315,-0.21329527691709688,-0.5286446837815422,-0.7710842119954191,-0.9704892052399526,-1.2507909677840945,-1.6043754318962573,-1.9985619253540075,-2.4811219146026007,-2.9740450773762785,2.7720062870786446,2.213441285615204,-0.7853981633974483,2.8198420916252243,1.399885974627205,0.10505990112811135,2.0698422986678477,0.10505990112811135,3.1365694173567826,-1.5899766256567602,0.8097159803456156,0.6435010966846019,-0.7853981633974483,1.321326677926795,-0.034000496884729635,-1.262955239572461,-2.194598906972842,-3.0169228958256435,2.5386657873755474,1.8368956278872592,1.1696112883563006,0.5184056458165711,-0.13980062187221148,-0.7843194539423244,-1.4476600962453618,-2.139233975708764,-2.872425177216597,2.584430530285783,1.6423463340874602,0.5682868479966363,-0.3810178725685407,-1.1977186409623513,-1.9160719730809417,-2.5717940599238904,3.0900160185407026,2.495016354077829,1.9143774932669033,1.3317699907964378,0.7425060363834347,3.0419240025972303,-0.46181109416047783,-1.1515121240953954,-1.9837960489872823,-3.00819054615245,2.139233975708764,1.2756946794855473,0.5850905702199546,-0.02955660911486543,-0.6086522850135987,-1.1454046613779674,-1.679317716856345,-2.1879203433111956,-2.7062393665926257,3.0646022795831454,2.548242509833805,2.0275236449626552,1.4763413981815627,0.8534746478027312,-0.1732456762430928,-2.0310769358177616,-2.956013373140973,2.712751452272348,2.1976938058907245,1.7036497099476413,1.201221197627297,0.7183670710351379,0.982793711604365,-2.896613990462929,1.5707963267948966,0.0,1.3258176636680326,0.5191461002749667,0.19739555693913985,0.5880026151905315,2.356194490192345,0.7853981633974483,-2.356194490192345,1.4845907525329183,1.0481979770347651,0.6022097784105064,0.1593745721402367,-0.2771508001361123,-0.7067629198403799,-1.1568287801499577,-1.5932246793827616,-2.024779671125599,-2.4587891882163135,-2.876860370229509,2.988770592516253,2.624199356907932,2.485897027348257,-2.286539907774374,-2.2621332555643585,-2.6055925671300986,-3.018715702633871,2.82904025487629,2.4170634169637113,1.9738232302209555,1.5405025670293475,1.1089894939273417,0.682730096896097,0.2500023362543597,-0.17384965046930442,1.8925468887594654,-0.9816605870986732,-1.3000219832964357,-1.2991128352188703,-0.06146095780999087,-0.07153894802654016,-0.4125252216763141,-0.7853981633974483,-1.218752031142402,-1.6293680029885993,-2.054962636668845,-2.488618309000256,-2.9245848460705663,2.9155605170004786,2.4936729876308874,2.0640422358326775,1.6515530941099024,1.2645528568083408,0.9354016063041444,0.9827937405763914,2.1236375632089928,2.0692557390576716,1.7278550328689761,1.3235840937185728,0.8999796006037337,0.4554155364541855,0.0036133537414856564,-0.24497866312686414,0.6202494778012795,-1.8157749899217608,-2.8198420916252243,-0.9272952301102947
0.982793723247329,0.9420901019369965,3.141592653589793,-2.1112158270654806,-2.677945044588987,0.0,1.9752368419651785,1.7201852100490107,1.4582039905539288,1.1889528261424256,0.9259464049385162,0.6552003107763108,0.3656671185143452,0.08913920653017084,-0.19063890903328604,-0.4454508362788399,-0.7069685857314212,-0.982320010877453,-1.2251353466236161,-1.3494818884074813,1.0866737591190105,0.9718481114818539,0.6934253664332715,0.41570310213436634,0.12686059541276593,-0.14617739233019464,-0.4469094478840668,-0.7399749151389217,-1.0226250514363129,-1.3014432543687753,-1.6002305148777993,-1.9178579313337956,-0.8760580505981934,-2.6517787123213763,3.0528213383381497,1.2242574646331021,0.23222019255944698,-0.22269690607058673,-0.5696046816205379,-0.8827950398027012,-1.1955254933548503,-1.503711166158294,-1.7875904718334823,-2.080064453111202,-2.3801899023657915,-2.6929465047963883,-3.0102256308947806,2.9280752410697866,2.583596854659621,1.9870018161479257,-0.20699219326339077,-0.9577989310678104,-1.3656552958131352,-1.6920342477842976,-2.0214209127634444,-2.2978141623749635,-2.58266008113248,-2.863855100714209,3.1301467428973226,1.1071487177940904,-1.3521273809209546,-2.356194490192345,-2.976443976175166,1.5707963267948966,1.2490457723982544,-1.2490457723982544,2.356194490192345,-0.7853981633974483,0.4636476090008061,2.158798930342464,2.7367008673047097,2.4670202030494783,2.209444137910883,1.9514970764666748,1.6948771966636615,1.453334673960402,1.2112306059020639,1.0219358380682158,0.8976835479404536,0.9075237829085168,1.191586981162422,1.4873889994099232,1.5977505827017957,1.5196076837757602,1.354154746395778,1.1549042659380033,0.930687503621116,0.7071109200460013,0.4781683712092142,0.24361177658928143,0.01637280587215878,-0.20997352234075242,-0.400191900653957,-0.571610634743131,-0.6949592368721608,-0.7754974856227592,0.6747409422235526,-0.7579414197927502,-0.7389918667368761,-0.7867587160920937,-0.888723755382256,-1.0481594953211457,-1.2609905940038706,-1.4876550969934121,-1.7353595240560902,-2.0107614444600492,-2.267483645399037,-2.5283126261287046,-2.797801582262203,-3.0608358845409622,2.9624203463926557,2.739306882707609,2.588039341648479,2.4496712906850835,2.437098606739892,2.356194490192345,2.2411926177267416,2.0334888196895524,1.760858945531662,1.4630067782399057,1.1319040533515927,0.7564025118340552,0.35509101659976344,-1.8157749899217608,-2.1112158270654806,1.3998859755890771,0.10505991043147672,2.069842303553163,0.10505991043147672,3.1365694174278547,-1.5899766257555448,0.8097160212520739,0.5880026035475675,-2.356194490192345,2.6095162231165774,1.2024473973606822,0.09424731796207894,-0.6510767357717228,-1.23797609646557,-1.7703721089605173,-2.287717667843408,-2.772006296835336,3.039012805056909,2.5714388126572136,2.1249390796840903,1.6475682135460827,1.1363976794294453,0.6136952931265387,-0.010335549786836732,-0.8099030333400328,-1.8111195352974323,-2.697679302735022,2.951776086598206,2.382939734807871,1.8992840248543479,1.458171497346255,1.0527611608582845,0.6495494535926964,0.24748023864901592,-0.16065332055037165,1.0303768265243125,-1.0337750326782438,-1.541656595784023,-2.152247005354246,-2.997500211402155,2.343663781884937,1.5815486006581516,1.0328372813536932,0.5691455743360928,0.14130546116931225,-0.2243217134883999,-0.5760747377788847,-0.9303655837842874,-1.2853586790118048,-1.645399880050723,-2.004944280448015,-2.3661941753514255,-2.7853212788603163,3.0032871629246123,2.0463128071689902,0.5958640678243247,-0.1235709908790776,-0.5808683592673614,-0.9538229742831231,-1.284510526783613,-1.6217231273893487,-1.944645847747747,2.819842099193151,0.7853981633974483,0.0,1.2490457723982544,-0.5585993153435624,-1.1071487177940904,0.4636476090008061,-1.5707963267948966,0.27829965900511133,0.0,1.1071487177940904,0.8227371208623021,0.5484752031394137,0.2659028487626238,0.002330998166777606,-0.2549486839642464,-0.5147747302305342,-0.784640008240101,-1.0424799576959713,-1.2951668900637485,-1.5371955337289775,-1.7569712246026254,-1.9500374070204132,-2.0344439357957027,-1.6581645854594036,-0.63551039046978,-0.491903888252621,-0.6446794352675308,-0.8482820221204139,-1.1000797932180912,-1.3218868496557288,-1.6012986744355224,-1.85206870777208,-2.0964943565758833,-2.3337949604120034,-2.578599233234904,-2.8337912755546344,-2.0899424410414196,3.0109540810309623,2.8931870029090043,-3.1363570991451986,-2.0850336388195356,-1.8976229977363337,-2.024374555598636,-2.215609769348153,-2.46230781376723,-2.7067111000149398,-2.9441970870016614,3.0890957754583175,2.8256959285129812,2.563479317340611,2.301151982992089,2.0285106556812647,1.8071953189681533,1.6053789076367688,1.4830822749056864,1.6619138824513089,2.7504671952822135,2.974060193963238,2.8090793194031924,2.611269628248045,2.3582997927290745,2.092458575985485,1.7994968959219728,2.4227626539681686,2.356194490192345,0.7853981633974483,-0.6435011087932844,0.0
1.292496673558906,0.9420901235409405,2.1587989068222027,1.5707963267948966,-1.5707963267948966,-0.24497866312686414,-1.0146301100171227,-1.0241304674678633,-1.024581210506912,-1.0395705486810571,-1.063528698886052,-1.092064485955416,-1.1141186808420918,-1.13993121167718,-1.1513769831998724,-1.1685600714108917,-1.1496954674049968,-1.1009182811630964,-0.6465131123701217,1.606075803262681,1.6872877902204917,1.6891221128390168,1.6607171178950626,1.6447353640356972,1.6250794143210423,1.597602218797013,1.554049123223194,1.5092724303200626,1.468362799830638,1.4154013782746397,1.3507346201281785,1.269654071403757,3.141592653589793,0.20176233825656062,-1.276414139433469,-1.5707963267948966,-1.7226242950951551,-1.783583903440696,-1.8417431720359327,-1.8990076682624935,-1.958845209798378,-2.0211177458026532,-2.051640030026863,-2.10302988719864,-2.162088401796426,-2.234046984888337,-2.3272769100458945,-2.5672878293812067,1.7494273342227662,1.096396465683323,0.9404461485431451,0.8699419141262745,0.8010218609714084,0.7776061203505996,0.7398660947768173,0.6996712876267035,0.6764931950733525,0.634022719663422,0.6160706065935749,-0.7853981633974483,-2.0344439357957027,2.111215863037647,1.4056476576441455,-0.32175053910847234,-1.8157749899217608,2.677945044588987,-0.7853981633974483,1.5707963267948966,-0.7853981633974483,-2.4980915203354366,-3.049426896692254,-3.064219333967551,-3.0700346673931356,-3.057702044171513,-3.0257987762809715,-2.9673618670575674,-2.8049178250276547,-2.482076212969363,-1.8559140592890289,-1.323504634707819,-1.0275689656807447,-0.9079968055580572,-0.8427818919696239,-0.8274687401496901,-0.813120708118863,-0.7913052476740382,-0.7862363927131637,-0.7646757486817004,-0.7470257701120737,-0.6905419963789169,-0.6262894081336375,-0.5019267729902505,-0.3132761839213883,-0.017674927456742155,0.29627837672883045,0.5751084246853037,2.356194490192345,0.8977244024873529,0.9667360524716724,1.0114369080989833,1.0465612047644364,1.0503378735101523,1.0598467502982862,1.0794634621904053,1.0794305559700612,1.0970819441659465,1.1411592433058904,1.1980286990110942,1.290526522028131,1.4060120765718525,1.5470478237732845,1.7088699720509422,1.8440860208665695,1.9443212915102632,1.99423575661578,2.0073012834799253,1.9930214232630798,1.9397799960817816,1.8667223563831317,1.789465281356456,1.6981388212137394,1.6141426530794232,1.5068834888090874,2.0344439357957027,1.5707963267948966,1.3998859860722128,0.10505989886640572,2.0698423089707534,0.10505989886640572,3.1365694172301852,-1.5899766262435366,0.8097159868874643,2.677945044588987,2.944197087859847,-0.23737424336622956,-1.4601391006492381,2.8896373736391032,2.5366014030981625,2.293396831671419,2.0915808691607207,1.877588269556326,1.686039052425127,1.4888904247289632,1.3032704104866264,1.1302267594298796,0.9404307770026754,0.7627051104575392,0.5565993415221123,0.30368662656059003,-0.19856789854872767,-1.4862525740726655,-2.3435369634385346,-2.706178869249524,-2.8950965290714192,-3.0800267243097417,3.0640206732138915,2.9634724750737047,2.829219502858709,2.72713611960338,2.6242831061065397,-0.7853981633974483,2.3875232894349616,2.241818265021976,2.059486876268195,1.4274562728953106,-0.3058788703779389,-0.7378150705377442,-0.8834724805147854,-1.0160268561116739,-1.0966595925729823,-1.1666395628093917,-1.2294567673630499,-1.3046568068373618,-1.3659363106586875,-1.4214249834412287,-1.4589060648055685,-1.4985413771082519,-1.5143012407658984,-1.522251499526073,-1.2145766539680523,0.9070959464184463,1.1775565736718392,1.1852021085939055,1.19727549484856,1.1854063469826508,1.189785918476352,1.167210013850524,-0.24497866312686414,-2.0344439357957027,-2.976443984439042,2.677945044588987,3.141592653589793,-2.944197087859847,2.677945044588987,-2.819842114481321,0.4636476090008061,2.356194490192345,0.4636476090008061,0.48232782638373817,0.5649043877879457,0.6189205922210285,0.6313489313499713,0.6485830917400777,0.6680157208133705,0.6560999147997728,0.6632595404615719,0.6826148115814198,0.7183053571327969,0.7639217248949033,0.8595117652947292,1.081239889503615,1.7350182312988915,2.6739530186417535,3.0686154321905854,-3.081988834349765,-3.033564155476626,-2.990831474041968,-2.9644438601725316,-2.9745367984931015,-2.97551747135102,-2.9784736352066283,-2.9508169329981966,-2.9465460167817557,-2.9110080997461614,-1.1071487177940904,-2.7395711065625425,-2.4251387911599553,-1.5227563948496734,-0.845867174292571,-0.5559451882795362,-0.45215387233876336,-0.4020038424338641,-0.38765434730689685,-0.3867841834144922,-0.36814201244393185,-0.36807500509724905,-0.35817603306264917,-0.35696944978397427,-0.34315989164909405,-0.31148865116364743,-0.23240071348345984,-0.10487694543189778,0.34555558688124177,1.204489309474696,1.8121518362942879,2.028364965694696,2.1090014990591635,2.1393208725763615,2.139952748566757,2.1177130936511057,2.091588172079592,2.7928216544695856,-2.466851696450952,1.6814535498332033,0.14189705154652987,1.5707963267948966
0.0,0.9420901399979086,-1.373400766945016,1.5707963267948966,0.982793723247329,-1.7359450042095235,-1.3850537802546854,-1.625939342266551,-1.9007997948343243,-2.160148806518255,-2.4260936603690473,-2.700344560932114,-2.9734369227574184,3.0414502898791542,2.760512328028775,2.494834183916773,2.221820266406723,1.9412190063551902,1.6808618282986556,1.4403930127071385,-2.6344941635080814,-2.399025418905754,-2.6155995429035706,-2.8858665325296418,3.1156244646964564,2.8442080274178956,2.5629911833908037,2.2739916200419534,1.9902081930912365,1.696749396910497,1.409605406640772,1.1191687719608154,1.8157749899217608,0.48631377456387803,0.14464106802817328,-0.3581845058144738,-1.644735363073186,3.089556338780577,2.600212532729338,2.246167194222523,1.9155198727708582,1.6126073060235115,1.3084437500315214,1.0087282463021527,0.7158547518975257,0.42348376232634377,0.14000929927906183,-0.15689198476706892,-0.43195795418936,-0.7083993567461678,-0.9917220592563374,-1.3014322522884127,-0.9420000272601007,1.2907710581361125,0.985362185586452,0.7134224244273536,0.4280296242277574,0.1618374329263387,-0.10810403955696689,-2.9441970937399127,1.4056476493802699,2.9441970937399127,0.6202495064818264,-0.7853981633974483,-1.1071487177940904,2.601173153319209,-1.5707963267948966,-1.892546881191539,-0.3217505543966422,-1.892546881191539,-1.0417196318646889,-1.1241322480806666,-1.3057014893330627,-1.5182132657755414,-1.7564853821035606,-2.0093493723791083,-2.2602698512785246,-2.5038303620469913,-2.755851891208489,-2.9922469487051195,3.062771809547331,2.8617579047058537,2.6928693239938135,2.5985105443322953,2.5572503436292,2.653088288941612,2.782124135509768,2.8321871423577765,2.7594374708673963,2.6287904405942197,2.4530469055972532,2.246485573122337,2.02744659307679,1.788265165935482,1.5585353610373078,1.3215441868007936,1.3258176636680326,0.8692348132946112,0.6599142028047762,0.4488396689378037,0.29793097722096057,0.15997987804440508,0.07247238366525548,-0.007352808710429112,-0.07393903478826623,-0.17228873432242214,-0.2962564157140582,-0.4903079720928322,-0.6995878730735442,-0.9472355975897238,-1.1893429711796144,-1.4663666146025582,-1.7622474426022694,-2.045581098310562,-2.35491074828734,-2.650711029694586,-2.950544874890868,3.0548543154197665,2.7695860917659725,2.5239044484291773,2.2825366382662455,2.110537883066872,1.8899359045215294,-1.5707963267948966,0.0,1.3998859838625972,0.10505990177287593,2.0698423092881724,0.10505990177287593,3.136569417453237,-1.589976626051803,0.8097159914783228,-0.3217505543966422,-0.3805063771123649,3.052616574069274,2.542850607217836,2.0115471664968343,1.5197044628614034,0.9796391599974951,0.33302827036312665,-0.811479244302054,-2.450882558993065,3.01152936511166,2.499243614153844,1.999404732411077,1.5582969782088747,1.1412748633380088,0.7242077780057273,0.3244148288443025,-0.0830225002481673,-0.48157399308194526,-0.8601997690496754,-1.273951650551418,-1.6872126502555598,-2.137277610038115,-2.687400996049994,2.413275290372197,1.0035879170052742,0.32523487185427735,-0.15805364910406164,-2.356194490192345,-0.9114862470895336,-1.2533375772343847,-1.6012157073386666,-1.9311542919628781,-2.251267271080472,-2.571892822252039,-2.886410252786526,3.0752628120911853,2.769226101015669,2.454409953864118,2.141256850523731,1.8273129382186608,-1.6692424841757696,-1.9248844245612233,-2.2137548333265022,-2.5012674022999937,-2.7921010848209735,-3.0730307620068062,2.9264748283531197,2.6491600960488992,2.384708805345739,2.1122807857953037,1.845673806554023,1.5864200554153733,1.3373467515899666,1.1096466227214326,-2.356194490192345,-2.5535900500422257,-2.356194490192345,-2.356194490192345,2.677945044588987,2.498091544796509,1.849095997248509,0.7853981633974483,2.356194490192345,1.5707963267948966,-1.9974238303116791,-2.4595461864042774,-2.6994786378696305,-2.953371144139928,3.080276459188521,2.842508247722987,2.624534608272403,2.421004299463457,2.2619999189680464,2.2573673793865106,2.7324885777156265,-2.9012329023020227,-2.804785654145489,-2.9198116788840967,-3.1211276748062344,2.942762379344177,2.6927954267404406,2.450811983453639,2.196974815841448,1.9455656377280905,1.7053245174461678,1.4427972240910438,1.1983492810823109,0.9652516663599929,0.7517785307975569,0.595069588513311,0.595917979158848,0.6947382761967031,1.6621746092611018,1.7847544892181848,1.6614562132588226,1.468589606692986,1.2486993797862362,1.0181843736976102,0.7866608338111807,0.5276480696800562,0.2727213935999587,0.02920131955831728,-0.23415657743847915,-0.4804418897994203,-0.7144202507123566,-0.9196697917297665,-1.104793941972911,-1.1874743916558972,-0.9041549112215237,-0.28463233897109064,0.013191846266930839,-0.0687958537510173,-0.24530589987427628,-0.47687566008407406,-0.7249291907357904,-0.9914078345066379,-1.2685151886909944,-1.5449902324685645,-1.1659045248174713,0.9272952180016122,2.0344439357957027,2.214297435588181,-1.1071487177940904
0.8519663160764762,0.9420901211630901,-0.24497866312686414,-1.3258176636680326,-1.5707963267948966,0.0,2.6818872073267532,2.693947805940053,2.6953346034612817,2.672914117095576,2.6458645676831463,2.6129307134136948,2.591112006540383,2.5550203334588693,2.5301671211660732,2.5051616908390986,2.4956176674884367,2.472082404544816,2.5322960656992874,-3.0348569777781407,-1.080838988970807,-1.0267286935547058,-1.0230697866196685,-1.0419285337682085,-1.0720194173107134,-1.1067325627873574,-1.1599372183269954,-1.2137470104598638,-1.265867678184634,-1.3145558162344204,-1.3746960992882715,-1.4429454201136014,0.4636476090008061,-1.7201189760932325,-2.2570442464182143,2.261046972125211,1.8312203914291583,1.6867949703991107,1.6011300288221662,1.5239734322518654,1.4578044727516453,1.3931521989857762,1.33532393702204,1.2704492232355196,1.217394089586069,1.1512455895534563,1.094867480612356,0.9993393797883086,0.9091859086258097,0.4636476090008061,-1.7854812341985686,-2.077601999409182,-2.1757375092431706,-2.233999328089299,-2.2881751301398072,-2.3448742288855717,-2.385888772468586,-2.441110874173775,-2.475232713925039,-1.5707963267948966,-0.9827937473615196,-1.1902899388727215,-0.9272951929228537,2.5535900741564164,2.356194490192345,1.5707963267948966,2.999695602120474,0.7853981633974483,3.141592653589793,0.26625205879660174,-0.007812341060101111,-0.038637934904336015,-0.06433132503813434,-0.0767718901349926,-0.09915562747984577,-0.10890679450807761,-0.10316776520116942,-0.07515935963525763,0.021191433232641603,0.22405591082910273,0.6675587420155302,1.3069209721622879,1.6839473152060536,1.8791819537347851,1.964773689031925,2.005763253308575,2.0208464622240316,2.0206244731189122,2.00922321820463,2.0182394176611886,2.0147904382633346,2.0287356504593914,2.0476312389523725,2.0952662762591197,2.193953342239522,2.3436428701301604,2.5535900741564164,2.8864102702798053,-3.0869773128118116,-2.869490702956619,-2.7285061542360314,-2.670769678243955,-2.6380600857714263,-2.6334334561410215,-2.667192755335067,-2.6982694446962743,-2.7333040481153192,-2.7847174652626405,-2.8241339203509033,-2.8580701371220387,-2.8719645239344365,-2.8579468134091877,-2.7807941119247825,-2.606395075171064,-2.3720034572526085,-2.1580565247440875,-2.039707068656953,-2.025010248926098,-2.076769553558413,-2.152220064797545,-2.268916783464936,-2.420257651464019,-2.5816296174274203,0.7853981633974483,1.3258176636680326,1.3998859749393282,0.10505990010045417,2.0698422783699604,0.10505990010045417,3.136569417245566,-1.5899766275594098,0.8097159940936025,-0.7853981633974483,-2.8198421148673747,2.5272341035857893,1.9827658599380464,1.5965785789601048,1.2985516921910916,1.035186025279994,0.7947655283144932,0.5532561026938888,0.31564448353462565,0.09107157529066655,-0.1492940616096404,-0.3842786449649622,-0.6612426863144946,-0.9989343466857524,-1.5248036772427365,-2.3597280461437466,3.1109509064884673,2.637824889095709,2.3386524219039653,2.1126851244068514,1.9244560240278528,1.740496627058762,1.578806837086835,1.4307968021448991,1.2765211220472905,1.1188400886534011,0.9524246029535232,0.0,0.46090413033762895,-0.008968369228021472,-0.8969028168880269,-1.6388727829039023,-1.9912016817584408,-2.2307816676270686,-2.3848892421222487,-2.5374814245154775,-2.6543590624802094,-2.7592386979981556,-2.8568622156456827,-2.9598920123469887,-3.0606509977942253,3.114135903058819,3.002814379703118,2.862144885024909,2.6003473975827855,1.4964654411796587,0.26026407795292855,-0.05566091922136769,-0.19381706048268948,-0.29731550912690535,-0.3923835046007357,-0.4597887620086661,-0.5204105001978437,-0.5864707597253002,-0.16514866894207353,0.7853981633974483,1.7894652763568915,1.5707963267948966,1.5707963267948966,1.7681918926733253,2.356194490192345,0.643501133872043,0.7853981633974483,2.8198421148673747,-0.2186689495619948,-1.225638665737579,-1.238945117602661,-1.2671597340365215,-1.2844441354862512,-1.3048220298309645,-1.3247675191890447,-1.338793192483492,-1.35076683691141,-1.3471282061718468,-1.3086764859576447,-1.2287677481327657,-0.9571010526109701,-0.11942892371088165,0.7678560951090685,1.0634665014508806,1.1435826522929853,1.1797369261554729,1.187020557040857,1.1921965030698671,1.207721696561322,1.17715101064484,1.176725579047184,1.1713210596617945,1.1858222266096003,1.2014626785626858,1.2554325497927459,-2.356194490192345,1.5788175452261959,2.1456849439501884,2.9380454150035256,-2.979519700321737,-2.7843449145146546,-2.7052731039119484,-2.6697167556320656,-2.648407232935961,-2.6480626157969422,-2.6357901185997505,-2.64178510092023,-2.6465769130131234,-2.646804956365656,-2.6197583823423614,-2.6003699483420113,-2.537966305851801,-2.3884413877952473,-2.010480470022641,-1.2672669985210552,-0.6470471643876904,-0.3962556514224028,-0.3097029387186514,-0.2751177243473838,-0.2749098324298282,-0.30444203786114893,-0.3311914674843996,1.5707963267948966,1.5707963267948966,-0.7853981633974483,-2.356194490192345,0.1418970514693191
