0,1,2,3,4,5,6,7,8,9,10,11,12,13,14,15,16,17,18,19,20,21,22,23,24,25,26,27,28,29,30,31,32,33,34,35,36,37,38,39,40,41,42,43,44,45,46,47,48,49,50,51,52,53,54,55,56,57,58,59,60,61,62,63,64,65,66,67,68,69,70,71,72,73,74,75,76,77,78,79,80,81,82,83,84,85,86,87,88,89,90,91,92,93,94,95,96,97,98,99,100,101,102,103,104,105,106,107,108,109,110,111,112,113,114,115,116,117,118,119,120,121,122,123,124,125,126,127,128,129,130,131,132,133,134,135,136,137,138,139,140,141,142,143,144,145,146,147,148,149,150,151,152,153,154,155,156,157,158,159,160,161,162,163,164,165,166,167,168,169,170,171,172,173,174,175,176,177,178,179,180,181,182,183,184,185,186,187,188,189,190,191,192,193,194,195,196,197,198,199,200,201,202,203,204,205,206,207,208,209,210,211,212,213,214,215,216,217,218,219,220,221,222,223,224,225,226,227,228,229,230,231,232,233,234,235,236,237,238,239,240,241,242,243,244,245,246,247,248,249,250,251,252,253,254,255
-42.70980559590528,13.6755514401356,-49.61176668922643,-46.089941736029715,-51.4826332805865,-48.642666641195945,-7.865412961461567,-7.10356752351842,-6.861948875173524,-6.930657843812647,-7.233000698374973,-7.967256468048127,-8.333836915141497,-9.176473929382587,-10.033874455155548,-10.666806309527768,-10.865180205128498,-10.982347378632127,-10.98875309297938,-10.733990371011632,-10.396254773546518,-9.806960361108295,-9.545715823918536,-9.226002002599628,-9.069620618591035,-8.938453984428593,-8.679441380836789,-8.56961054188132,-8.170104625970453,-8.068668307363549,-8.027267071845849,-8.129489549530142,-55.63236660250605,-8.56809072766196,-9.132129405945141,-9.714488477549342,-10.21577548915904,-11.205061238812299,-12.260370309449636,-12.885524226467457,-13.040395294204945,-12.26836979260784,-11.565943162908585,-10.795952042449777,-10.015987317846573,-9.314642551855222,-8.81407722233148,-8.312274960389669,-8.065078019370635,-8.310021530493673,-8.50262228461114,-9.046205119664076,-9.938322927806025,-11.185424872172032,-12.844419255982324,-15.099968336416744,-17.72529367183671,-19.806051993635943,-20.352203428153047,-52.62206685099145,-56.601466732586616,-52.62206685099145,-47.05904186611028,-52.62206685099145,-55.63236660250605,-52.62206685099145,-50.317577432083496,-47.998086548988624,-59.61176668922643,-47.998086548988624,-11.743117221123612,-13.139062087505076,-15.262486903425367,-17.96273850929713,-23.290738346628256,-30.881468315358024,-25.71921969872743,-19.881874236074076,-16.306715518900745,-13.75800575809912,-12.497997466262724,-11.299309525547192,-10.331394582662249,-9.971694253969032,-9.866603890076366,-9.804417554089012,-10.359135665889278,-10.999380631551038,-12.553642838394621,-14.06584556106842,-17.06858265257505,-21.37539448073353,-26.007726151170946,-25.525127950589543,-19.157558630063182,-15.675576193226641,-45.46203336730687,-11.301968568725268,-9.878548312786883,-9.058556606393239,-8.637042047507963,-8.298852952309959,-8.57138734977528,-8.991496394453453,-9.750770797360097,-10.735593422146776,-12.607975034970336,-15.012040030064586,-19.59097052546252,-25.15883919410788,-22.33107122208784,-18.477347297381318,-15.084321812913144,-12.378852113354032,-11.251058262906934,-10.435976258552426,-9.860735622470704,-9.787742659584993,-10.115793424609446,-10.6841166408616,-11.705080578242983,-12.589443933167892,-14.065906351863287,-47.30727743522306,-62.62206664586624,-2.885427106981555,-7.471797536777749,-8.124629934980256,4.5694022897814985,15.613974659485212,8.498340131556004,18.381740262124616,-62.62206664586624,-56.601466732586616,-3.7049422207868314,-3.935904084301298,-4.589674112825174,-5.673839369647654,-7.4251253361567215,-10.105927768748973,-13.230819495465045,-13.631909279965573,-9.892864304825588,-6.2605391587339625,-3.709273702946217,-1.7825526595093217,-0.42622125066861244,0.5605916517113708,1.1972839733299387,1.497907694969782,1.5347317406993823,1.2607730891988118,0.620646366301218,-0.4670629337003985,-1.8520162787617052,-3.9193273743835277,-6.790929627286964,-10.44025814649212,-11.612402353540629,-8.729519418530838,-50.317577432083496,-2.9787866153151095,-1.273381589011525,-0.033238254595162095,0.7450313448590824,1.19822853872586,1.3351821092699208,1.0805121806503604,0.6114445342566286,-0.23384799607373455,-1.4953395962648104,-3.312958073848449,-5.917140370266598,-9.751129137500815,-13.622549264594845,-12.088323983742066,-7.695859639580912,-4.691080670633338,-2.6363264440153604,-1.1575335213163056,-0.22822843458191683,0.2825040911817619,0.4733495956482082,0.40337723663113556,0.00040278916298784286,-0.763558138505587,-1.8998436750737873,-43.4839283471665,-50.580866819307,-45.46203336730687,-47.30727743522306,-48.64266642239572,-47.30727743522306,-52.62206685099145,-47.30727743522306,-55.63236660250605,-43.0796417793899,-55.63236660250605,-0.2087212905457821,-0.13671855832205212,-0.4236552202105353,-0.7673419455543593,-1.5252555083348276,-2.4846218344561284,-3.514776800775745,-4.861588819700333,-6.221617393547106,-7.2394843755795355,-7.150869670105885,-6.448906664812638,-5.459945921616046,-4.227726049980453,-3.2338634777228954,-2.4134673483523468,-1.7217093352409443,-1.2884084553428576,-1.1450994180836158,-1.1381627018793636,-1.320643589042865,-1.8040978725311085,-2.3962570808261487,-3.3052511624448755,-4.614531672925871,-6.300065898492187,-37.33289970377763,-10.142677761305809,-11.044115680006044,-9.515707016707669,-7.612844285266029,-5.883594246034739,-4.470581252295947,-3.582982659158133,-2.85115763441514,-2.4844279811936483,-2.451624577327944,-2.778548776322457,-3.3965867132897665,-4.57451336518775,-6.021526925757287,-8.214077286753803,-11.326810914056116,-16.18704611189186,-17.934754460480807,-13.994553378960141,-10.333009095647256,-7.972047097103862,-6.43470528801404,-5.379684722328054,-4.868926801957068,-4.641329434164303,-4.958614745400332,-55.63236660250605,-46.940049626953275,-53.5911667759468,-46.49422799528465,-52.62206685099145
-46.528713310252996,13.748304546619043,-45.55961351919619,-46.86729596636962,-51.409879747406,-48.56991325886079,-7.682671303246523,-7.0926681210722196,-6.88398379250939,-6.9267416651327975,-7.374240277714401,-8.329903108653113,-8.989629086922287,-9.825675043969484,-10.727107521815558,-11.348511975652823,-11.283421746349767,-11.125887959778062,-11.029336603381171,-10.643923666100584,-10.025832932018785,-9.495799886565251,-9.228000465499157,-8.910750051882946,-8.714571028082306,-8.472600396876095,-8.503302460831568,-8.256167931812188,-8.291363920271728,-8.31978937595436,-8.52558155844654,-8.754662774515623,-43.411174679850156,-9.628414651754863,-10.486831358303967,-11.392742329116395,-11.832775877791253,-12.621790319816098,-12.787969417892405,-12.039718864022127,-11.183851644146907,-10.417191602150151,-9.51329300221977,-8.809019290869585,-8.41601394366618,-8.260711699216401,-8.333011109033146,-8.472600396876095,-8.903240642012381,-10.052805800321007,-10.86890797644861,-12.25218918576735,-14.224224269571792,-17.02652573843556,-19.50268512890719,-19.090089832514586,-16.793278577344427,-14.485817463670863,-12.581176832989344,-56.52871351366724,-50.24482421316413,-46.98628819325816,-47.23452429640947,-55.55961338358668,-55.55961338358668,-53.00688810653779,-56.52871351366724,-53.00688810653779,-62.54931342694687,-50.24482421316413,-22.83655471354998,-35.21734103782559,-25.66333561974695,-19.659447849622374,-15.959283787467966,-13.940186503396125,-12.184222019799172,-11.073848496412573,-10.547130577029256,-10.26320566268583,-10.148116353480276,-10.621604523752433,-11.081832852395452,-12.185420355115157,-14.035995973044145,-15.9133405452129,-19.503330948075316,-24.590513073199727,-25.68205715161885,-19.93311645109274,-15.760034539776878,-13.43827045627306,-11.556029605504293,-10.299918644197874,-9.478120007459056,-9.123961202330502,-46.528713310252996,-9.259221656812818,-9.726242410269471,-10.799503863829843,-12.184421734751957,-14.668761597377205,-18.3829085016434,-26.168416357189642,-28.146521456968113,-20.172870670568717,-15.423489924441085,-12.761301840598023,-10.723883045858448,-9.583253643110812,-8.997902753698847,-8.659461305298622,-8.824888220339117,-9.263621451030723,-10.036826048873674,-11.381576391874706,-12.997970388629636,-15.576147701568125,-18.218658860749414,-20.895979925479203,-20.595853134054465,-19.46559040251653,-17.392428978805988,-52.549313223532614,-46.0171880631776,-2.812674227581005,-7.399043958627165,-8.051876707863205,4.6421558679320825,15.686728080836954,8.571093446298812,18.454493567506336,-55.55961338358668,-55.55961338358668,-7.131400272295483,-5.004469297253276,-3.412843386216794,-2.191922949730038,-1.4669352805552314,-1.0637032436847846,-0.9333519073754173,-1.164581461641777,-1.8675139933662996,-3.037974077345961,-4.791025333563318,-7.450919627892195,-10.877676471086996,-12.243316202762829,-8.765607182842718,-5.421133329715789,-2.8950667950982862,-1.102369841432881,0.22588465224752086,0.995522551910699,1.4978235560787636,1.5329810210106631,1.3795634955241272,0.7935687647562271,-0.17446917487409744,-1.64548442672688,-40.50811339697337,-6.634348693044939,-10.617343475580274,-12.926188233007776,-9.423372275145486,-5.625409706228862,-3.0873215645466345,-1.3945627661045128,-0.1659912294693554,0.5084165250865001,0.8842722401087726,0.8789699270797386,0.5249022735436619,-0.22190045681914852,-1.3455452829290004,-3.1286177894093004,-5.572888720223482,-9.2525486204555,-13.648178606163967,-12.239068199182654,-7.982723148959704,-4.837114365034808,-2.7549726870859406,-1.287437537716004,-0.366978863490198,0.10416037201269894,0.2625319895188245,-47.497813643747804,-47.23452429640947,-48.39958007763244,-53.00688810653779,-43.2551242415972,-52.549313223532614,-47.497813643747804,-56.52871351366724,-45.306554999599314,-47.497813643747804,-56.52871351366724,-2.476530911925407,-1.4885406147741498,-0.8326339064713706,-0.495482917789814,-0.42481650548109684,-0.6713713131284473,-1.0650144860529385,-1.7785247389129797,-2.6887568408968066,-3.8757583406474927,-5.2111799727279715,-6.4834686519103,-7.3677947319186385,-7.407595805777007,-6.50030594493928,-5.3921539692102884,-4.063862831987686,-3.076049711412714,-2.3124111957535223,-1.7070514908157322,-1.4417332450130007,-1.4014795367161093,-1.4841136600092635,-1.9712187367965883,-2.732893800600446,-3.833105233303841,-41.86745458346942,-7.167435394507372,-9.589993708016223,-11.6230545602306,-11.206745659721555,-9.074120709859363,-6.893562111512108,-5.236956196181025,-3.9676484002661514,-3.1635460467390604,-2.760572499845307,-2.6743085914446625,-2.959352972265229,-3.703642316138943,-4.89622735733817,-6.501136611063368,-8.940483458499886,-12.849845138433007,-18.00010306101004,-17.477638783649265,-12.548401673766467,-9.422611417146225,-7.224597722702594,-5.952765507995634,-5.109921733060951,-4.9191911883030155,-4.97820147350825,-50.24482421316413,-45.55961366836664,-53.00688810653779,-49.539013470307054,-53.00688810653779
-43.47568925698069,13.79102904027761,-52.50658932931628,-45.26383016355014,-59.49628917026031,-52.96416425741371,-7.90306903082112,-7.169059205774709,-6.882411421508635,-7.071458689774895,-7.497805164162625,-8.196346723870251,-9.00160892693776,-9.893270212051426,-10.661605672129502,-11.30289018157715,-11.506435774622187,-11.416611694121983,-11.099434746601775,-10.62076288836279,-10.068819321362671,-9.620408306975088,-9.48516376018811,-9.126150043895082,-8.612660083135008,-8.583102604718059,-8.341348790602188,-8.215852559925835,-8.3361092076857,-8.455090278016954,-8.561932429129135,-8.879408713812444,-43.012689022545345,-9.708893381532679,-10.759683013312802,-11.347124354944466,-11.884945198433945,-12.523821685751255,-12.573417741069013,-12.167488671140534,-11.46328892325835,-10.724735982853655,-9.720836667053973,-9.196570454045883,-8.620462616550695,-8.41021646608771,-8.46302476827074,-8.575261572508936,-9.064553238619167,-9.997098091393466,-10.892609345447578,-12.195171722798463,-14.149810097780053,-16.66135453650695,-19.015757526449413,-18.639459796751897,-16.80653347619699,-14.982569947915517,-13.163119815739602,-56.4859892136205,-51.36715575953648,-44.377455342484936,-55.51688908353994,-48.52718912114621,-62.506589126900124,-48.52718890523563,-44.37745556047156,-52.50658932931628,-52.50658932931628,-55.51688908353994,-22.726611366163528,-33.64732601228597,-31.092091663270814,-21.68412241504043,-16.999414804649298,-14.31424357438942,-12.62434494070823,-11.559782086724935,-10.810755782556981,-10.426208711192068,-10.443512532594827,-10.685154412661475,-11.1660298573062,-11.832569646522442,-13.468041635180072,-16.014701088228158,-19.44255317951875,-24.865575594788062,-29.072503156731994,-21.22615214420072,-17.135705495313005,-14.068035110315192,-12.121778400505832,-10.87399115315721,-9.785642557204522,-9.448240397594546,-59.49628917026031,-9.330969771235846,-9.646405321184467,-10.613230288891817,-12.244975997192762,-13.773615447714807,-17.143404172700553,-23.051410749393195,-29.232999419481533,-21.443659965367097,-16.283930654105095,-13.361835428525177,-11.259916780456633,-10.09286793596946,-9.277019661877688,-9.003410934557655,-8.903969525082722,-9.273387464875501,-10.140712525030072,-11.220238372929796,-12.966094809448736,-14.886709420038738,-17.123742916499772,-19.91806219955199,-20.651451062319094,-19.93436475827843,-17.98811115241506,-51.36715575953648,-55.51688908353994,-2.7699501948859995,-7.356319751444681,-8.009152447671028,4.684880075114567,15.729452597575369,8.613817185660352,18.497217959806587,-52.96416425741371,-50.20209991311738,-6.649669917230981,-4.704388516056434,-3.2919097047839276,-2.1993779403530787,-1.6183914851288292,-1.2303781535806604,-1.2628738629135097,-1.6230132933116515,-2.4178205455024084,-3.5945944089286264,-5.665274851672454,-8.526060064687726,-11.695060648613644,-11.608950118326897,-7.9231575394303615,-4.685813678075574,-2.3989737062975096,-0.8698332549488269,0.336736728437698,1.0542683533241597,1.3840803201087413,1.3968912692229154,1.0846386875133343,0.47016242159512994,-0.5835553072981976,-2.1689346182539886,-43.212399798316184,-7.500039636484636,-11.402544462012838,-12.153652743918403,-8.314667394363651,-5.108548492610204,-2.797683119661399,-1.2296209141787076,-0.11950588401754218,0.4800487700478022,0.7691459084195984,0.6803366498873797,0.30009789000122017,-0.5244073375133664,-1.6942902797103363,-3.6067853168490025,-6.194161255979342,-9.902011002330678,-13.986366640370644,-11.29003869461692,-7.361802499841305,-4.455572195705328,-2.587031255702529,-1.2564469809573389,-0.3694014514674692,-0.0026693925324449987,0.1176110707412817,-53.47568925698069,-50.465389300340874,-44.37745556047156,-62.506589126900124,-47.882609031579435,-52.50658932931628,-56.4859892136205,-59.49628917026031,-49.49628917026031,-59.49628917026031,-59.49628917026031,-2.4369467056241025,-1.4425792030730524,-0.8918761902200383,-0.5550652993372217,-0.5570689403196452,-0.7664271469135648,-1.2489796396687556,-1.9280267410687513,-2.8662475582779483,-4.077440142888829,-5.303573520025378,-6.636464959904007,-7.5457515736054495,-7.387755647239009,-6.486803597305571,-5.30334194900523,-4.083180729257841,-3.134796879611053,-2.258347051176064,-1.7795915144333971,-1.4774108566629975,-1.4059135689207118,-1.6320087790634938,-2.0418211162270117,-2.904003272590652,-4.008158246032561,-52.50658932931628,-7.339213037682633,-9.841802223031035,-11.608950118326897,-11.211429910055076,-9.140190659437227,-6.918867428752781,-5.222320941923837,-3.944618925804556,-3.2243873676192134,-2.8234175619107296,-2.7884656805223376,-3.119366261420846,-3.8506639913175364,-4.95916211465003,-6.584321617554303,-9.290749724286002,-12.994185838015227,-18.316619800687096,-17.071868847412368,-12.72387055224296,-9.359387047429738,-7.293573464660119,-5.91751240244222,-5.121954305565471,-4.927210769594605,-5.043361672511727,-52.50658932931628,-44.872308981874724,-56.4859892136205,-45.346555846256855,-50.20209991311738
-38.17284939608615,13.827245748179767,-53.439472326190796,-43.1761829389673,-51.330938673041864,-42.096107216704,-3.4844092756191003,-2.8750314759493527,-1.803129620058588,-1.0261368898623782,0.008930996052167312,0.6685910112093243,1.186607462223654,1.5521899319821926,1.62197933465698,1.5182600108215785,1.0556529629534368,0.3135164977998335,-0.6467680397266744,-2.1071975394995195,-3.821940184322971,-5.351894817948725,-6.249009442555803,-5.047481377329772,-3.3169860154404933,-1.4607698600623478,-0.02548080406186886,1.0642815807962778,1.888125664086264,2.168755052348981,2.327741122268355,2.0686871114171623,-41.50127206602967,0.7958780154602081,-0.3520518275251299,-2.116086740064901,-3.9243365811719784,-6.24155153417146,-7.473982276576988,-6.809380741871402,-4.623158263544208,-2.7483207310307605,-1.0720314456020903,-0.09281172890784273,0.6775850730665516,1.150751143561187,1.2741234911877164,1.2696376488406826,0.8651244286131387,0.4662801405864152,-0.6133134466835533,-1.6215901838236015,-3.152880857914079,-4.90226965528315,-6.9663762925552595,-8.60030222161886,-8.889785616775205,-7.65580256434238,-6.0236036781300974,-27.990520513651493,-44.40857245627136,-44.836092260480854,-50.42917236955098,-43.77805499880047,-48.49097210938986,-45.22761350010234,-40.16588298232749,-51.330938673041864,-45.22761350010234,-46.342533628912875,-4.968374593733239,-7.450350529592734,-10.807729212695543,-17.647211477983298,-23.49795116805658,-14.087108555332762,-9.412732514647853,-6.3913954257221945,-4.615635942949764,-3.0522180192266983,-2.2888572865235672,-1.7998349578586146,-1.6467915453246882,-1.7531827002576974,-2.1562392079266095,-2.6416835512738066,-3.8455937969749847,-5.136754455163536,-7.215919951347209,-9.799101164755669,-13.307675272008819,-14.699005071068505,-12.005381532769357,-9.091688074236874,-6.650716431070771,-4.755901091983274,-39.592354896807976,-2.6204883169406696,-1.8652483321718734,-1.741974971380773,-1.5792482294534476,-1.9738316826575033,-2.4125076552483566,-3.3048164650117817,-4.545993336400585,-6.23519163428964,-8.555022825229987,-11.851739992655014,-14.919249532159519,-13.569964447605631,-10.377769374396916,-7.853436334963771,-6.025936871829143,-4.513900740671689,-3.922740350819725,-3.3086971004587653,-3.068944159682363,-3.261274647800669,-3.752396064726372,-4.430205036389678,-5.697204894831664,-7.114266819707246,-9.30804739914418,-46.78835495544028,-47.155583025687676,-2.7337326216323907,-7.320102958727116,-7.972935705887819,4.721096867832132,15.765669514312115,8.65003404699622,18.53343487556716,-55.480672152750046,-43.1761829389673,-48.49097210938986,-62.47037219611023,-47.155583025687676,-50.42917236955098,-62.47037219611023,-52.92794710171698,-47.846392217120666,-40.51137567201789,-44.836092260480854,-45.480672152750046,-44.836092260480854,-43.33223367227306,-52.47037219611023,-47.155583025687676,-45.568411395825095,-52.47037219611023,-59.46007223947042,-49.91764714507717,-40.32193371563325,-43.1761829389673,-52.92794710171698,-43.1761829389673,-42.4271584582838,-49.91764714507717,-55.480672152750046,-47.846392217120666,-48.49097210938986,-52.92794710171698,-52.47037219611023,-48.49097210938986,-51.330938673041864,-50.16588298232749,-42.47037219611023,-62.47037219611023,-44.341238629681676,-41.13498311240805,-47.846392217120666,-43.77805499880047,-56.44977228283061,-46.44977228283061,-50.16588298232749,-43.837143594905676,-55.480672152750046,-39.41685850164399,-56.44977228283061,-53.439472326190796,-40.62345788793425,-49.46007223947042,-56.44977228283061,-49.91764714507717,-40.16588298232749,-37.194073187396846,-49.91764714507717,-53.439472326190796,-50.16588298232749,-49.91764714507717,-27.990520513651493,-52.92794710171698,-44.341238629681676,-46.44977228283061,-42.300038803122426,-52.47037219611023,-43.1761829389673,-50.16588298232749,-41.50127206602967,-42.096107216704,-51.330938673041864,-44.341238629681676,-51.330938673041864,-42.21731354346253,-55.480672152750046,-27.990520513651493,-39.026449459259126,-42.60265485344778,-35.43745841492362,-42.92794710171698,-47.846392217120666,-45.31033875976224,-62.47037219611023,-43.33223367227306,-34.268357601253825,-39.41685850164399,-55.480672152750046,-39.54781148254547,-38.79681298585004,-40.85669217376048,-39.79865491208009,-45.568411395825095,-49.46007223947042,-43.33223367227306,-43.33223367227306,-62.47037219611023,-39.35283358555269,-49.46007223947042,-38.948547014996606,-47.846392217120666,-52.47037219611023,-43.77805499880047,-48.49097210938986,-50.42917236955098,-49.46007223947042,-42.21731354346253,-44.61707384600256,-43.837143594905676,-53.439472326190796,-41.13498311240805,-55.480672152750046,-48.49097210938986,-40.88674727515773,-47.41887241291117,-46.342533628912875,-44.14528306904786,-47.155583025687676,-51.330938673041864,-59.46007223947042,-43.33223367227306,-55.480672152750046,-46.342533628912875,-39.35283358555269,-45.22761350010234,-59.46007223947042,-52.47037219611023
-41.254608845852225,13.429329174855768,-59.85798882424223,-55.87858873752185,-48.88888852534312,-44.73915521445348,-4.387475925096692,-4.189655784969172,-4.289171366787819,-4.364890621888323,-4.799627147958829,-5.122440469139353,-5.419134544975188,-5.705983996475398,-5.993454179065444,-6.043282243062558,-5.855709843078058,-5.7085728441415,-5.474614776896729,-5.284795029604704,-5.044680687969842,-4.9287093874837105,-4.971339568862486,-5.1892165687121405,-5.23427071549058,-5.588673610011009,-5.7004452609675855,-5.7257878290623845,-5.819065743258042,-5.819605612606345,-5.698361811110768,-5.552747904406169,-53.32586321754842,-5.311338763332581,-5.401752313603306,-5.3267478025544275,-5.433308271267238,-5.704172997962789,-5.962624893747028,-6.389014336569473,-6.6510747476729435,-6.8223891130047045,-7.133051839828054,-7.2497293703650705,-7.417568944819983,-7.331047871355471,-7.166877191121285,-6.892203298997065,-6.551152973332357,-6.570116713535645,-6.346502549962819,-6.400282922013263,-6.530171797763474,-7.047598676705703,-7.356900611342131,-8.042468059438447,-8.711812184977596,-9.325936231024233,-10.187355671934004,-56.847688867602415,-59.85798882424223,-47.81678899768298,-50.563799567099295,-56.847688867602415,-52.8682883588357,-48.718555571716394,-53.32586321754842,-59.85798882424223,-50.563799567099295,-59.85798882424223,-9.786209909152552,-10.550510174587108,-11.57880622703609,-13.038841054630732,-15.176140685384546,-18.169921404793328,-21.38689135795662,-21.59853752032571,-19.327012093819338,-17.060178710415798,-14.931991357639687,-13.413110689382549,-12.584650533289814,-12.109863808769568,-11.842236848702669,-12.068051722698257,-12.48852885272371,-13.396256246785896,-14.236250331316413,-16.217171689549023,-18.274363959562578,-21.89710462225428,-29.235930267917453,-37.70955049817245,-28.011074444345944,-20.888319956151086,-55.87858873752185,-16.780355006556434,-15.981065894387005,-14.970719452299159,-14.691775558180368,-14.278587859658497,-14.432161823607332,-15.057272060589424,-15.526293437949498,-16.674015783899975,-17.57077787066562,-18.844298959266087,-19.773477318442804,-21.425660743328674,-22.868288332950193,-23.05599391446751,-23.996618484372814,-27.161692348722653,-24.187136767445338,-24.692635032608734,-23.592018948525443,-23.401310773768685,-22.09679106833959,-21.165671908296698,-20.4356755851601,-20.310741060910892,-19.805754431795645,-55.87858873752185,-55.87858873752185,-3.131649573242375,-7.718019096337993,-8.370852003088867,4.323180730221255,15.367752360750304,8.252117794437858,18.135518039352387,-47.553499693213666,-48.24430904444785,-13.070984174498975,-15.442215378197293,-16.906717906263555,-14.971776879321492,-11.640725319369228,-8.704463598351728,-6.255463731429996,-4.549201080130173,-3.17155795040162,-2.262443457156319,-1.5326409049777945,-1.1966725817012627,-1.1339519816050039,-1.3556444197976958,-1.76015333104732,-2.771732144059651,-3.963184433113433,-5.698036391157901,-7.666336652481805,-9.794933240542866,-9.694404843698756,-7.921595476219549,-5.5714179717583985,-3.7018334036185694,-2.2591620713987988,-1.1326240580366105,-41.136426219502084,0.08547289839776104,0.18592126115072713,0.15244115155607385,-0.2440221867549486,-0.8410031584668385,-1.8883724890562466,-3.38127940566825,-5.15441320880644,-7.403552983049476,-9.208320277618489,-8.738428030530365,-6.844801873306714,-4.71585287593538,-2.835902581763624,-1.5261544593240899,-0.45389471549452215,0.1421673098716091,0.6047342217381747,0.6167611938551326,0.44530602389473145,-0.164545107580569,-0.909333697313482,-2.0722474935420583,-3.4870559058288313,-5.19553528293331,-6.628511773567243,-45.2340086026973,-56.847688867602415,-48.24430904444785,-49.85798882424223,-59.85798882424223,-46.74045038524824,-47.18627108394578,-50.563799567099295,-59.85798882424223,-62.86828878088204,-52.8682883588357,-0.390458117804544,-1.147819929836792,-2.230794157887571,-3.184799857066445,-4.1449719146807515,-4.433158239689173,-4.144715439272465,-3.40285247367563,-2.50364053615953,-1.6768487667975585,-0.937348917305706,-0.49029354366487543,-0.2295217954255299,-0.1438825318855161,-0.1569271063631719,-0.45197757159250473,-0.721553482382064,-1.242286139627463,-1.660549479301168,-2.2570186871451474,-2.6520961605903137,-2.9735193490119527,-3.0546109147153198,-3.0164633705282107,-2.9563429107060224,-2.706181570162061,-48.24430904444785,-2.3776560410371927,-2.2330751236021555,-1.9947163898654878,-1.9607682542315135,-1.793902558404181,-1.816686735607553,-1.951788139713813,-1.9143007130641523,-2.1074431033913212,-2.2771630196344383,-2.5466119448893645,-2.989138257367884,-3.5060377373430645,-3.8200302023352997,-4.1793064890642215,-4.425692280785961,-4.653775677618204,-4.367747408443417,-3.9961177776502104,-3.659623667203582,-3.4009271826796734,-3.006548008951482,-2.840582483498191,-2.7710398284378455,-2.970921332653753,-3.342379099910973,-45.62552989906759,-44.294963347628986,-47.81678899768298,-49.85798882424223,-50.563799567099295
-43.34116166106682,13.662266716450953,-46.953333672967226,-48.48561778771718,-47.07232589979496,-47.07232589979496,-5.309186288169755,-5.36233822944399,-5.337679039537945,-5.80385380239914,-6.311334908532028,-6.871937447454392,-7.1470366729800165,-7.341612513045545,-7.299537085861369,-6.716228196683085,-6.435469944107599,-6.12131066125412,-5.766111764034728,-5.620146543812603,-5.5669700085983,-5.694267708400677,-5.971051063359117,-6.2466962420444085,-6.567057112641815,-6.862811816212461,-6.932070177193918,-6.98514185905963,-6.910991678143093,-6.55329051889942,-6.374278708899942,-6.148200256038288,-49.62505117909377,-5.8764225222511115,-5.922049008898523,-6.113565073790089,-6.466050533294511,-6.871096901650457,-7.255524025795422,-7.906544222406872,-8.085729627632615,-8.35423023936145,-8.323483244678167,-8.198091067088354,-7.634674987543123,-7.328130233325432,-6.9462970117001746,-6.689602687362174,-6.595467982018716,-6.529409527476657,-6.857848671261813,-7.155537691831072,-7.637243839675765,-8.457430075421517,-9.150258129631489,-10.001049958304119,-10.593472735036709,-11.194904754056985,-10.903605201966236,-62.63535113573358,-47.32056200559322,-50.59415130917433,-56.614751222453954,-53.60445126581414,-62.63535113573358,-55.64565109237339,-14.017469825371613,-49.62505117909377,-50.59415130917433,-50.33086192195084,-12.289026358994509,-14.38901696274781,-16.234812301605558,-16.441704093914126,-14.860793031425983,-13.379652129920881,-11.635715007260583,-10.353067483378759,-9.697108821816196,-9.101940843960252,-9.119707090221969,-9.35194288400633,-9.892940776318142,-10.805900326133502,-12.191012097392825,-14.091501080786573,-16.713916971155115,-20.805216625195257,-27.577071105076904,-23.17279410745007,-18.752207473927342,-15.732326820775473,-13.87750633886889,-12.478987508646473,-11.681007315528804,-11.41211085926047,-49.62505117909377,-11.519869471785055,-12.275054020583633,-13.314674410133136,-14.367737798292143,-16.64678976900396,-19.517812384208014,-22.56897950849462,-26.079165369482098,-27.150228600210895,-23.473444327374423,-21.072889471940947,-18.742803983327644,-17.778136664135864,-16.888557937542164,-16.89584940333422,-16.74557866465124,-17.26345865722323,-17.209586691024995,-18.075184646772144,-18.13332204436379,-18.505372973456605,-18.95415639399956,-19.572173275743758,-20.12286379167799,-21.41319222534877,-23.06886542737058,-50.082625856434774,-55.64565109237339,-2.898711733410763,-7.485081832496892,-8.13791450449385,4.5561179940623555,15.600690103372177,8.485055538289535,18.368455738110416,-53.09292581307459,-53.60445126581414,-5.543923676080692,-5.18253407210315,-5.135879174846984,-5.421260105806001,-6.156779995216065,-7.412343402514201,-8.985247230993641,-11.127510623838734,-12.620609918347256,-11.309360768565107,-8.54573027801765,-6.093499331059174,-4.072740243254087,-2.601827551795995,-1.5293869968105325,-0.8268898184485852,-0.46919281224744647,-0.31286854452618573,-0.5628946490852519,-1.1161088384048719,-1.9217125116000122,-3.122811567694738,-4.676210430467977,-6.776448348586958,-8.550712936347558,-9.23771715190988,-62.63535113573358,-5.7044422522021065,-3.8822322289047033,-2.451571399249517,-1.314701821237122,-0.681212243849842,-0.2588756944801109,-0.14184084557098162,-0.33620936972799,-0.851242520699056,-1.6227963691031624,-2.9326632946073854,-4.580009467724692,-6.715805513183778,-8.899519422402344,-9.351289674005226,-7.743756606201346,-5.437921041297101,-3.600517342784559,-2.07526444668298,-1.0079004138432954,-0.355556478150652,-0.008949419672411418,0.04248903356021059,-0.25367535200370966,-0.8440807802799419,-1.7590983512452618,-48.65595096683754,-50.59415130917433,-50.33086192195084,-43.550500718681334,-45.47531754135545,-45.47531754135545,-62.63535113573358,-55.64565109237339,-53.09292581307459,-44.31026200867122,-56.614751222453954,0.09991404506161372,-0.04502973094597503,-0.40762460304618287,-1.0424561539450459,-1.981966810199813,-3.076646201974285,-4.196535322851621,-5.034890262643784,-5.215063450824905,-4.742111489954571,-3.83402085162523,-2.915800278929031,-2.0785107314472357,-1.4486672533306462,-1.0844057464658996,-0.8394828215893292,-0.9212664686896348,-1.0962853692142156,-1.495463224980165,-1.9437003155110888,-2.51254812922221,-3.1294830007097985,-3.691248886889178,-3.9964627012978005,-4.278058770840522,-4.305378695509952,-45.00107141262749,-3.9616664447399557,-3.678314516660786,-3.4741818873587467,-3.26815344821199,-3.1251592318037953,-3.0249340798268456,-3.1030473044633715,-3.102152251346497,-3.1995900753773827,-3.44680502722658,-3.7916913315691425,-4.231580047350676,-4.738550080910261,-5.227170258824843,-5.845353736476969,-6.132411700792812,-6.213269057093912,-5.998030813961577,-5.787570330410119,-5.240632512499853,-4.834050912904882,-4.391170320623682,-4.1272659755586725,-4.149150307022239,-4.34470128720509,-4.801504153744176,-50.59415130917433,-45.64565137998824,-52.6353509302944,-52.6353509302944,-55.64565109237339
-41.26553761815166,13.418400615478838,-48.255237408936665,-45.0259192400698,-45.7191842355385,-48.89981728177699,-4.986725049468749,-4.643822977251457,-4.812772069595307,-4.907283102708196,-5.451369500498281,-6.068542627518692,-6.386482503345043,-6.8350018153818315,-7.1095185470284905,-7.371359111496426,-6.959205482779176,-6.577614570286786,-6.177408815419105,-5.888926708793255,-5.520347477052745,-5.344643409603503,-5.149007399675654,-5.3058264425371995,-5.471068124141517,-5.914037499821757,-5.9560284548056375,-6.163712664557172,-6.421999027426897,-6.659606903852449,-6.537872038852447,-6.259860816021284,-47.316192736449125,-5.884092233556961,-5.991914622500642,-5.744580403932106,-5.6467219952553505,-5.808542765376037,-6.048152359527346,-6.3893758666601705,-6.658518206817902,-6.847513621052837,-7.335670950113732,-7.568555906435332,-7.975123476487967,-8.051024336253134,-7.877772340460049,-7.566421292026172,-7.131672608229086,-7.118915402080698,-6.501019166675449,-6.505100709089331,-6.254802984796228,-6.588905675359513,-6.857564334459845,-7.371945500470597,-8.06082271825993,-8.7875822729544,-9.5875785262492,-46.75137885626947,-44.750083715386204,-48.89981750715177,-56.858617596076975,-52.87921772064546,-50.57472829557386,-47.82771772615754,-62.8792175093566,-45.63645853428796,-52.87921772064546,-53.33679264972875,-8.332094823293751,-8.919509527284385,-10.013306027138713,-11.274772753891753,-13.220994062366362,-16.20039387826335,-18.89391481967937,-19.907085310834344,-17.45345241980281,-15.205803144810748,-13.190840366071221,-11.817138400252567,-10.778575294034518,-10.292653189915907,-9.803637012100038,-10.077692563556743,-10.407712215040403,-11.108356604192736,-11.847990433094527,-13.85065264254873,-15.785839475197733,-18.768916218928986,-24.976365983857566,-33.34645423523027,-25.81203946985726,-20.351658002172087,-62.8792175093566,-15.090038881370793,-13.966631460004848,-12.982850940740056,-12.784878281312482,-12.451887915428266,-12.676060760908111,-13.5079521128514,-14.257784465844942,-15.636458672489477,-17.298734971667457,-19.492859837798377,-21.16429326786179,-23.195789434532543,-23.1585782305292,-21.379332803582606,-20.02229451992731,-20.918561439271524,-19.257975486343845,-19.97864852188725,-20.200463318828213,-21.258953319291862,-22.62206370452911,-23.41027555602521,-24.915555932904354,-25.167754026932734,-25.30146245837811,-51.739784148818124,-47.82771772615754,-3.1425783632341036,-7.728948075641574,-8.381780620841393,4.312251750917674,15.356823729807182,8.241189390715979,18.124589596442707,-53.84831763943716,-53.84831763943716,-16.10223548842624,-16.613247898772492,-13.73234890540089,-10.074686226814178,-7.5139865147395515,-5.554443695787439,-3.7509518795418977,-2.4935524381761285,-1.5698359053482849,-1.109081435728134,-0.7626522713491325,-0.7216523083049724,-0.9992636306852998,-1.5127155768539382,-2.2628648618447187,-3.707351137778669,-5.209544466792542,-7.062564673271158,-8.294637020769875,-8.393313813295917,-6.7015002452760575,-4.737188295529171,-3.180843323466677,-1.8129235524000373,-0.7271128428199403,-0.02882326502810196,-56.858617596076975,0.672547550639526,0.5000529395602265,0.3264367835996481,-0.3445534269825684,-1.1161453500628542,-2.4079294358785814,-4.041377426335121,-5.83448646334059,-7.682814231640681,-8.532730301352665,-7.207483193474981,-5.1172052427660795,-3.2738772764903112,-1.6808743121542529,-0.7030725077313407,0.2186214217371006,0.5578785455282504,0.9159640051693402,0.7472222152488035,0.4780567572343447,-0.15614056540929516,-1.0530711881589838,-2.400178936594278,-3.9130457148675863,-5.69968463245373,-6.902155840303234,-53.84831763943716,-49.86891755271679,-52.87921772064546,-47.82771772615754,-44.24598893709572,-42.01561926611124,-59.86891755271679,-41.265537720153176,-48.72948389420685,-41.9101174412541,-45.88951732513718,-0.3260098385140554,-1.1096913523206182,-2.3360522902645737,-3.2975743857229016,-4.328456343694861,-4.698740568575103,-4.14734913989191,-3.354252089933139,-2.2664647516049357,-1.5470836020863696,-0.7131544991762205,-0.2001329381805086,0.07966482785136947,0.1878497361523035,0.16510594601139383,-0.221071599545163,-0.4736750261153471,-1.1747081366196075,-1.6733465993725547,-2.4427029810270096,-2.8787832129119035,-3.2094978899273614,-3.5430792271418774,-3.553211888408857,-3.4854976001467204,-3.1868064881734153,-48.72948389420685,-2.729226491219655,-2.746420386153148,-2.506897482398948,-2.468371128667666,-2.3471074401816683,-2.434396106049003,-2.462283555411458,-2.499847557105782,-2.6269704239727396,-3.0727987944505024,-3.447508449757155,-3.94150569850673,-4.50393283363001,-5.193835624913426,-5.861422794403653,-6.032020499554092,-6.196131704055622,-5.746454676121468,-5.305014407322678,-4.711788154601073,-4.1891013807349715,-3.7749268609846287,-3.634248615816463,-3.5380677000077894,-3.6709901113446626,-4.014536049560594,-46.75137885626947,-53.84831763943716,-51.739784148818124,-45.7191842355385,-46.85861780736583
-49.99225515127243,13.752637335049847,-51.40554674874578,-45.30222200072707,-51.40554674874578,-47.493480645009555,-4.970640489259202,-4.962305156014292,-4.840437428721722,-5.139198578675554,-5.330683441601089,-5.854769862615723,-6.042682643983061,-6.245739319774611,-6.309758631535427,-6.3015715777234425,-6.226891523327617,-6.13259986777903,-6.115223689568582,-6.0300196553480445,-6.109032863348784,-5.989552830025831,-6.25773044075417,-6.246869563621863,-6.359092386968836,-6.517859948324306,-6.241006718399684,-6.202334296430861,-6.1180208409806935,-6.05389134502102,-6.182419122754621,-6.247379041442487,-44.691682000331014,-6.587671148410368,-6.970377980563111,-7.319429888039261,-7.3766000639293665,-7.90018947162608,-7.889887590432404,-7.858435919915927,-7.757223565113892,-7.549374392734465,-7.251588158133354,-7.186345334967669,-6.948116407404034,-6.9146216247689685,-7.007970440670086,-7.166273420821799,-7.440857747349996,-7.836702140439883,-8.355010963444705,-8.85007615346525,-9.323407786128602,-9.914730359400721,-10.16158363982359,-10.147456953696674,-10.002642575537761,-9.750638365765509,-9.371347263836762,-51.40554674874578,-44.48318068836974,-50.24049121442587,-56.52438051492899,-59.534680471568805,-55.555280384848416,-55.555280384848416,-59.534680471568805,-55.555280384848416,-56.52438051492899,-46.41714194365874,-14.751613239280152,-15.237642125218189,-14.405169683575874,-13.375074871657462,-12.465242190329523,-11.394269669228894,-10.618804157347952,-10.291680854575638,-10.244938569066772,-10.582168040641553,-11.23078305311947,-12.277809511864568,-13.427174103028118,-15.330172214549592,-18.045416222557737,-22.273524051671604,-23.601819859453595,-20.453585089834423,-18.407793034330073,-16.19970372457598,-14.508634264912782,-13.419040187344804,-12.508221615891774,-12.567404181865056,-12.760755512929236,-13.203532101836755,-49.53468047156879,-15.868116809349182,-17.08288632720982,-20.132256017905405,-26.225472334055283,-32.44198086181049,-32.29192162467467,-24.37064915961761,-21.198747738068366,-18.28230820100416,-17.23019121473158,-16.59001858602996,-17.182806112291512,-16.922052045146835,-17.587733449740245,-18.38690324160739,-19.436348628306202,-20.197783395253502,-21.881721122116655,-22.713229887331874,-23.537487052094505,-24.092759216994338,-24.910700508470352,-25.23231705044719,-27.77232057264685,-27.891151885873356,-29.854523816752646,-59.534680471568805,-59.534680471568805,-2.8083409088560787,-7.394711331426401,-8.047543557421461,4.6464884951328465,15.69106067699169,8.575426223302872,18.458826585868557,-14.176065400316576,-56.52438051492899,-7.042770509171334,-5.997556288398198,-5.094653998958437,-4.725919627291612,-4.503586235630667,-4.851857581265746,-5.3708967328121275,-6.336574644126218,-7.937565373061003,-9.762018582016111,-11.65904832740755,-11.317154884542601,-9.099917809805936,-6.632085394232011,-4.7410003917010375,-3.1544131628638623,-2.1617993774693818,-1.3000817418217743,-1.0230482850219311,-1.0165955505500903,-1.0869494179583463,-1.6610073598428614,-2.5101594421754787,-3.8566972237508725,-5.518909141225404,-7.520436326917965,-59.534680471568805,-9.588759989993074,-7.863620246607627,-5.893328186975686,-3.965115473305536,-2.757060247570138,-1.7547603641541378,-1.157331673127098,-0.8160771311147829,-0.8338912380888203,-1.1017920611047047,-1.8348697817592718,-2.8249434382810232,-4.260462862877079,-6.015239705541081,-8.051970831097956,-9.284203613528234,-8.232050605911777,-6.428628803094534,-4.444530936936452,-2.8784533069965166,-1.8000158735886407,-1.0015806345888287,-0.5389705454133955,-0.500847463675171,-0.620072769468454,-1.1528095672462628,-51.40554674874578,-48.39524707882915,-48.39524707882915,-49.53468047156879,-43.97165523799281,-46.524380311616184,-47.92100056606549,-14.176065400316576,-14.176065400316576,-50.24049121442587,-46.86296296774103,-0.4452297220315942,-0.3794950044346382,-0.43992263089588085,-0.8893266244617583,-1.4257952403499634,-2.2912336264422297,-3.068281191938596,-3.8694803477686497,-4.35579714005769,-4.295759510900928,-3.9565657605401423,-3.3085103509446534,-2.666941794686947,-2.101135466554478,-1.751684198847446,-1.3962493645692244,-1.3971061103034808,-1.3981868052514246,-1.6931130743216078,-2.050567424078884,-2.3110973367601377,-2.6505353463842978,-3.0080310420132648,-3.3726094211718296,-3.614884990178785,-3.809252112692824,-50.24049121442587,-3.8996500054644265,-3.861851836946286,-3.858853471259539,-3.6234776751496445,-3.56362727294963,-3.3779358410220777,-3.1467688095341373,-3.0609582649061826,-3.009852504781403,-2.951698834979675,-3.1516601537684243,-3.3703453961037177,-3.7600153706803248,-4.30491388809144,-4.774571238842483,-5.431633263615062,-5.697917772248598,-5.902613935112443,-5.659910465238626,-5.2580511880207705,-4.708395109239038,-4.206219840359941,-3.8498878586868974,-3.70181981792552,-3.695413066157921,-3.9681704374233275,-47.493480645009555,-48.56558026016312,-52.54498022489581,-59.534680471568805,-53.51408055828918
-42.58656290893275,13.71105502717753,-49.57626311572372,-59.57626311572372,-53.04413752399591,-50.28207385858079,-5.787108844115152,-5.422747895369076,-5.447476434668081,-5.379339995843994,-5.602382121313801,-5.902704130151621,-5.789187048452169,-5.965437945834847,-6.145053773897983,-6.343897067784302,-6.260724802419882,-6.3242891287020555,-6.57299362755445,-6.722118951166988,-6.649217717541741,-6.6492733010263745,-6.546463506606638,-6.5022331841994685,-6.409494838427411,-6.241528493750074,-6.066682908152923,-5.864096763981907,-5.651456987975325,-5.728205699988955,-5.812354952329805,-5.831767725862561,-47.27177398205409,-6.417975918469771,-7.080855662621657,-7.4618538619808215,-7.532499170962743,-7.832684363367734,-7.892157613241927,-7.893218462358535,-7.514848145296846,-6.924970310049044,-6.722107821244538,-6.40966278455394,-6.501719843763986,-6.490341508533217,-6.5199552420325,-6.686609143192349,-6.860611414963524,-7.617377017608496,-7.699913945110622,-8.220961295181578,-8.666174333099857,-9.453924481854356,-9.747921938793459,-9.854142271881713,-9.907808886377381,-9.397481569121345,-9.045286304784785,-46.56596275050696,-49.57626311572372,-51.44712923500521,-51.44712923500521,-59.57626311572372,-48.60716282221237,-55.596863029003345,-47.27177398205409,-50.54536324580428,-51.44712923500521,-53.555663202444094,-13.51675167424264,-14.488811780929463,-14.494670938117943,-13.929306867906439,-13.268679966465713,-12.566242237078608,-11.697657126082529,-10.927445607912853,-10.47949951870278,-10.105211207341538,-10.303971450156721,-10.776220850460792,-11.478713714028107,-12.612262211882861,-14.224715229343122,-16.883702833120505,-20.373725087991673,-23.593831198157027,-21.194070762629472,-19.27492313090376,-16.0810594588047,-14.524084921810616,-13.664670428362701,-12.396023624852523,-12.135955557794345,-12.403470380206624,-52.58656266378659,-13.569528274775402,-14.682796357988614,-16.279234314838334,-19.715266863625573,-24.157975332917655,-35.88410450670118,-30.32056420538218,-22.741290054371525,-19.88000757531165,-17.461186576078916,-16.328295772723212,-15.270594530505887,-15.173155607859785,-15.240804630080875,-16.537285656307645,-17.811733252038188,-19.115801302569384,-22.20036109624948,-26.12056546174268,-30.788173915451864,-30.62756635569352,-27.577340447098493,-23.99818436071663,-22.59308276889112,-21.00867194712116,-20.813795751247042,-55.596863029003345,-53.555663202444094,-2.849924100961002,-7.436293667922723,-8.089126479871144,4.604906158636524,15.649478604611941,8.533843500727356,18.417244064157316,-53.555663202444094,-62.58656307236353,-6.233404564209647,-6.016387067843681,-6.349026805853633,-6.8236796557515795,-7.9879057309769275,-9.567889536984417,-11.38250220742297,-12.89944579778464,-11.924161392209365,-9.411006750373017,-6.9762531756436195,-4.873628685643877,-3.384719295139267,-2.2268416938305884,-1.3523948168085045,-1.0924474917871854,-0.8526373075172504,-1.0464732937088437,-1.4162309201732273,-2.387112847839848,-3.4420684619996122,-5.0220507339654255,-6.830285931189449,-8.562332905457662,-8.805765271923553,-7.800956055963617,-52.58656266378659,-4.144320723957113,-2.787029619103381,-1.6692323774422073,-1.0430477069218393,-0.5652422017062592,-0.4953688058485723,-0.7110031690029788,-1.1129999936037014,-1.8825306977595877,-3.0294738462593522,-4.410909487361343,-6.111637877775315,-7.6037610426911275,-8.127408964851632,-7.281134118381958,-5.402169062539194,-3.750487696239708,-2.359203539201017,-1.3733648891921288,-0.6434626732248234,-0.3684757547653983,-0.12679756799085037,-0.4140165701647688,-0.7792245655896929,-1.555308628712887,-2.5734454518158105,-50.28207385858079,-50.28207385858079,-45.684602077517944,-53.04413752399591,-49.57626311572372,-41.447129863585126,-46.90454538998878,-46.45872467125436,-52.58656266378659,-47.27177398205409,-62.58656307236353,-0.1533393672867132,-0.30507308145981105,-0.9538458529311173,-1.4408367807628755,-2.364251204924604,-3.1912110340544557,-3.608747353804441,-3.8932485290569168,-3.7669848809590722,-3.487217529345565,-2.778528412092856,-2.138493389005818,-1.7664687600447262,-1.4857254387915981,-1.2667793024337295,-1.3078050678187634,-1.2468936600576266,-1.6514709717214626,-1.9040328601696868,-2.2643574923449967,-2.68575978218734,-2.920861211334605,-3.2128436125087934,-3.3715191084913303,-3.5288575530660484,-3.5789053848606915,-52.58656266378659,-3.624553883095886,-3.890250623253859,-3.7289261193202776,-3.7051615413933896,-3.66354632762555,-3.6143293715139135,-3.633238326002327,-3.430850031990562,-3.198259680527227,-3.2841197808279854,-3.3658303938682295,-3.650842691834917,-4.063977758850475,-4.463011841964162,-5.010530470159487,-5.468347208366762,-6.078108720324625,-6.03454473585901,-5.928408694289871,-5.59692334330175,-5.28694141919254,-4.869593469690503,-4.490070519503263,-4.246192063876145,-4.178553919414107,-4.26555733201759,-44.952282901919816,-45.34380419647899,-53.555663202444094,-47.9625833281883,-48.43682985456365
-52.20997413236808,12.948210257198614,-51.3082078288772,-54.31850778551701,-49.199674175728276,-50.796682604403394,-3.4073278482811404,-3.4735853987854837,-3.6338058042745724,-3.7960089155189842,-3.8946231946290366,-3.8781888275253307,-3.7549105515452537,-3.589348713666807,-3.364721907955151,-3.1603648022216873,-2.9172589232056017,-2.8696537147842345,-2.9354020858259116,-3.1494013923629556,-3.358393853043154,-3.4659140047835613,-3.8139899873387977,-4.0357854718183575,-4.31394971475195,-4.1509729736247785,-3.9989476719907477,-3.66846061744825,-3.238674791913398,-3.1670557472873733,-3.084401761178137,-2.9321141207609394,-41.50249334726047,-3.4123565874919244,-3.950717238408385,-4.550349990704826,-4.951404206056419,-5.661517199089003,-5.916874424339693,-6.1485258869413295,-5.728176291736384,-5.213197813381358,-4.860708528845706,-4.475795068773981,-4.376738930288227,-4.323673266066007,-4.3673133107764,-4.422980591388591,-4.832116593273438,-5.512221863175202,-5.992644727488436,-6.639596677185418,-7.192642177373819,-8.078318087168851,-8.001939807801344,-7.842868718841737,-7.481982017826532,-6.774594312431066,-6.252333109691426,-60.33910769879664,-43.4816905887019,-46.81728251768301,-43.17907426244865,-49.199674175728276,-63.34940765543645,-12.127816941041404,-52.20997413236808,-52.20997413236808,-60.33910769879664,-54.31850778551701,-10.35309301257376,-10.202900016623637,-9.34877894032439,-8.704810011402,-8.069244181650857,-7.726955192666198,-7.406587111453388,-7.334837507476644,-7.413623090783567,-7.57594881486488,-8.193954395748525,-9.004676861753264,-9.877357000065018,-10.912752954471783,-11.912484809238206,-12.683875042067271,-12.675537235222155,-11.98775315347406,-10.939324745778807,-10.107200461599124,-9.374700780913841,-8.824643065521222,-8.647288082328258,-8.624476281084208,-8.730327633813271,-9.407343381952078,-51.04491844165371,-11.043488114537915,-11.966254377615549,-13.217242061932794,-14.533393111348921,-14.84564124371693,-14.513190814359673,-13.994284380315143,-12.71892776222979,-11.975106623124194,-11.380326361214554,-11.106149673549526,-11.114006535909738,-11.263650673583676,-11.912235303800507,-12.880555631093678,-14.143479048941872,-15.51651929919404,-16.896265813834276,-18.12313977515681,-18.683400415355635,-18.505697495224315,-17.77854844693046,-16.999197119074374,-16.601714412777643,-16.445231687178786,-16.29128325959844,-53.34940765543645,-57.328807742156826,-3.612768080513261,-8.199138126820207,-8.851971017555984,3.8420616997390393,14.886633694431934,7.770998970274458,17.65439960511284,-50.33910769879664,-63.34940765543645,-7.525091898535338,-8.017981278686785,-8.943276080748719,-10.273891007677555,-11.405346488214112,-12.197131309173336,-11.24970232142964,-9.31418769706365,-7.136377590675939,-5.390371419201966,-3.942943099758271,-2.9231606829455674,-2.1164556267900547,-1.6351591799510414,-1.4607836465635868,-1.470400718225302,-1.9172477185410353,-2.4073177363994533,-3.29433348161787,-4.274756614465981,-5.429050490057785,-6.292189626360197,-6.655597050336493,-6.1585738819330125,-5.131332266842527,-3.9479796628169783,-57.328807742156826,-1.8869827355190778,-1.1403128231383306,-0.7155916872008523,-0.4525817530507831,-0.4721853801925975,-0.6535663653245222,-1.2173733807110563,-1.8186377396860756,-2.740964055240098,-3.850114162518994,-4.951762267243626,-5.647591186872127,-5.581756483987942,-4.823571075218686,-3.550638594604623,-2.329490969166193,-1.2097882429538929,-0.43361924492159254,0.16831596125311832,0.5235309327173421,0.41617399395085714,0.4060087514758358,-0.018189135550518595,-0.7037297248660873,-1.6029199867924382,-2.6897844515125446,-43.4816905887019,-45.220274089007894,-43.85550758898732,-56.359707612076264,-45.220274089007894,-46.35970719573174,-50.33910769879664,-46.35970719573174,-50.33910769879664,-51.3082078288772,-54.31850778551701,0.839833126244625,0.3555029681713521,-0.3278306575134411,-1.172794618381376,-1.9934703953918564,-2.6232772768704233,-2.9913891997642357,-2.8170361295043422,-2.301799054447818,-1.6097346438468472,-0.7864043799022125,-0.18703403250343306,0.1908178572534773,0.3851287177001187,0.3961050538020967,0.35745905612363466,0.0007981709973755181,-0.471907773046785,-1.1209425663348827,-1.804117809083903,-2.3422670706979183,-2.74487719334163,-2.870800946643233,-2.8729137497573336,-2.6442342053216725,-2.1896432693104213,-42.704827763167266,-1.4143631574242144,-1.334753438154682,-1.2352491421573841,-1.2088463384108954,-1.4382720820597328,-1.6961305683176193,-2.0655538240886964,-2.3494642560578125,-2.5530191799016615,-2.9060176682661365,-3.0679265724562272,-3.245708534578765,-3.3095662188464683,-3.238230465074048,-3.067560066575597,-3.0453133481850263,-2.9632972543068785,-2.8168016382267673,-2.7472508741277397,-2.6990133179190807,-2.8729950088796965,-2.8718899336073833,-2.884295725092211,-3.1082142109176916,-3.262175751532266,-3.489568264464638,-48.03461848501391,-43.80698285843216,-45.024318528374096,-49.199674175728276,-53.34940765543645
-44.63219086254267,13.340337832744568,-48.97788007344172,-50.91608016304579,-50.404555412341594,-47.27526320990012,-2.262012209568083,-2.5612158019975317,-2.9113450086410047,-3.6757700874604344,-4.553646864249839,-5.513371875612135,-5.930347232061907,-5.870955310710953,-5.137451296389783,-3.99152695187887,-3.124427543215459,-2.3424535574460896,-1.6603747822674024,-1.218145665191634,-1.0496558321786467,-1.0765604044509556,-1.3482927843809254,-1.7778755155445214,-2.4077114716463974,-3.3740829255992324,-4.182679379176463,-5.000224643749056,-5.568483757610217,-5.327218031475169,-4.588692632059413,-3.7830964982442206,-48.80754623656824,-2.1672047607678886,-1.5832927177626148,-1.2683443025763483,-1.250762074520684,-1.373594995688131,-1.6848030589443828,-2.462735345254631,-3.103688997642017,-4.2577326581841675,-5.206785181164789,-6.211515767585304,-6.6400425523829885,-6.578121934482255,-5.992623741305159,-5.328319638980203,-4.506833099503614,-3.74661452744263,-3.3790385929300433,-3.0775396576889067,-3.0269889528224008,-3.1578600052008126,-3.53608279466902,-4.115037660542921,-4.921227528409839,-6.102424142698749,-7.421435022341799,-55.967579946244854,-49.94698003296523,-48.97788007344172,-53.926380119685604,-55.967579946244854,-56.936680076325416,-12.66564356781064,-59.94698003296523,-51.817846794531015,-62.95727998960504,-50.6527907758223,-5.0261891540039585,-5.700760546232287,-6.800177818152999,-8.113356358371679,-9.644606914614853,-11.19196894398854,-11.771326463273313,-11.382772518733882,-10.52074971184917,-9.354735610796359,-7.945249392717636,-7.102943258730945,-6.636596343107434,-6.451514507267176,-6.396796533843955,-6.5009256197149625,-7.118629660385619,-8.011935673333818,-9.468742665411696,-11.033835724798335,-12.890309801544253,-14.925645983404003,-15.398836452523064,-15.234063006886094,-13.659413748895037,-11.711031598747335,-59.94698003296523,-9.571718870808612,-9.111810257615556,-8.950087551752084,-8.735683844074506,-9.318660292432785,-10.162755089236953,-11.411823040661934,-12.979485741492836,-14.870444805004004,-17.2239218586286,-19.25992761254822,-19.365568060178664,-17.261200225917626,-15.107970194265308,-13.371640968440417,-12.488038560806558,-12.002622482485974,-11.786821830830354,-11.917738215349198,-12.693990545529193,-13.48941811612853,-14.814204620169281,-16.613716385624574,-18.372714631749663,-20.286266851192266,-21.384223530688843,-50.404555412341594,-56.936680076325416,-3.220641098472825,-7.807010522250813,-8.459843376885184,4.234189304308434,15.278761190525776,8.16312657261258,18.046527383740607,-62.95727998960504,-56.936680076325416,-10.31391920986273,-11.909780798175706,-13.622761735709757,-13.994553485174189,-12.39444565144362,-10.197052969814473,-7.8596517195439315,-5.90677220646756,-4.585279406403993,-3.428111762389107,-2.790254993452412,-2.4153641956208185,-2.369831910829615,-2.4988806656213765,-2.8440965342263054,-3.4852126163478063,-4.447602943000872,-5.369515606624709,-6.4438017265512135,-6.918856438621819,-6.687207746738188,-5.956883334544406,-4.828039177190639,-3.931106040726263,-3.020268719487811,-2.3376727981012473,-43.41485480045787,-1.610448096315173,-1.5108374757227252,-1.6105059085451534,-1.8375310002977074,-2.355402583651708,-2.886577862082849,-3.651941222472634,-4.2113024827218455,-4.775569060297791,-4.959396061026002,-4.953182421460718,-4.740074915498185,-4.144797902504051,-3.5088820756363988,-2.7494545029266355,-2.2214714110736495,-1.8872298219661643,-1.5829222487023413,-1.4012447238563346,-1.4565102392565332,-1.6426296888633085,-2.1151217463566256,-2.498474464182488,-3.2144666431655438,-3.7938250169241075,-4.387062550981128,-47.39425545570178,-59.94698003296523,-55.967579946244854,-51.817846794531015,-56.936680076325416,-45.714521481317185,-51.817846794531015,-45.967580145228084,-50.91608016304579,-51.817846794531015,-46.05531939236401,-1.584543138981152,-2.1651596470132617,-2.7176393177978637,-3.480570758729776,-4.207264205375761,-4.703732865484051,-4.705927813120052,-4.350995790459184,-3.6800766716785716,-2.7443903654836928,-2.2875984773101328,-1.8015078152595199,-1.4663429222376108,-1.287452453723542,-1.4085810976402864,-1.6423121117295962,-2.0919093079815343,-2.5987380114274035,-3.166706350650788,-3.922554493645341,-4.385034744656447,-4.809944236187711,-5.086949685536334,-4.841140954825554,-4.606249550118043,-4.308848130767181,-52.957280415997694,-3.4839134294695318,-3.1190602219155164,-2.9803371187367738,-2.9662139315826557,-2.920977425208842,-3.052714804581931,-3.4659912028151982,-3.8057204947211485,-4.555434907948165,-5.178084451013271,-5.844776845118212,-6.1661912356147806,-6.389304907278154,-6.140002630543275,-5.613499004124895,-5.007870584858818,-4.20772730285364,-3.616327254138143,-3.1122139956471493,-2.840472046921873,-2.703774782634296,-2.802404332546518,-3.033883894852172,-3.582652568588991,-4.476491475861258,-5.357279917995444,-49.94698003296523,-52.957280415997694,-46.93668050271807,-50.91608016304579,-50.91608016304579
-63.02234542447771,13.27527245160856,-53.99144555455828,-57.00174551119809,-48.39836532204025,-53.02234563927708,-2.3467125465997114,-2.5864554913800735,-2.8139198427803107,-3.4268900273253387,-3.994725471167736,-4.636057676924476,-4.835409384772456,-4.956286156770952,-4.6043971974679145,-3.888000636515091,-3.206619145182728,-2.5041544326126597,-1.9253285245751603,-1.540750396171169,-1.334660874405858,-1.158045947006263,-1.3427834163666807,-1.5270937047456363,-2.086122423511983,-2.6919537403926075,-3.3678591797871995,-3.969471490997744,-4.2769127000614855,-4.510348913452455,-4.3357478412474695,-3.7897962187674845,-50.717856210694976,-2.6827186946684503,-2.222823978466038,-1.9529270809302246,-1.6615576109909982,-1.802255330086541,-1.9651150014828553,-2.3698764449518377,-2.912967886283157,-3.4687203988191357,-4.0505795385632055,-4.772546588621774,-5.500431338706444,-5.886759149327689,-6.042767479098177,-5.615166458613505,-5.235588411899369,-4.868985604441985,-4.450655109627879,-4.094072315983461,-3.9899202893496866,-4.157155957977896,-4.248994675100655,-4.439524856120348,-4.927711193091504,-5.469170242410559,-6.164480247222695,-57.00174551119809,-47.70755621193764,-46.49022052539024,-50.717856210694976,-63.02234542447771,-56.032645381117526,-60.0120454678379,-63.02234542447771,-56.032645381117526,-47.70755621193764,-47.70755621193764,-5.999746525135983,-6.269686509111688,-6.4907512778354075,-7.060048306199604,-7.876309879480841,-8.879131212562758,-9.755505892584596,-10.581752461566264,-10.797365721873433,-10.495149531439147,-10.122779153712191,-9.658769118076059,-9.050665556432422,-8.577400538059399,-8.222448639642687,-8.115654926200666,-8.243033720976841,-8.481385693795488,-8.756777604455003,-9.61756723261737,-10.270245336067756,-11.125028598408734,-12.253575631962303,-12.701599891682724,-13.096280000386248,-13.298280509299333,-57.00174551119809,-12.309233842824916,-11.45588508774372,-11.201852945309373,-10.57144037993984,-10.556448486712942,-10.464026616871395,-10.640378648325113,-11.044799609677543,-11.541009956773857,-12.31734914762698,-13.190594727023427,-14.069391250348488,-14.820002429064665,-15.349599021010508,-15.180453440996892,-14.971620813464977,-14.735424214140773,-14.287685980043749,-13.900709637530955,-13.999704770767893,-14.231042454004674,-14.555202392943192,-14.585222468625325,-15.017236761239214,-15.51942159288592,-16.166271341772102,-60.0120454678379,-57.00174551119809,-3.285705977026771,-7.872076086666566,-8.524908974217894,4.169123739892681,15.213695725799528,8.0980608325629,17.98146150521041,-60.0120454678379,-12.510962489110582,-14.018401237728412,-11.923827467425518,-9.529705827994238,-7.552023332026613,-5.904096078779838,-4.6745026543192845,-3.740922938481266,-3.1140217509260806,-2.829669720513628,-2.75790752694631,-2.9012106551476458,-3.3864832717003157,-3.9860202101098063,-4.810584950537979,-5.675147122306491,-6.303317121646415,-6.619827375056609,-6.158628632743142,-5.44679083203175,-4.468238017658759,-3.416947788476829,-2.679542962258357,-2.0201225793403714,-1.628126671495593,-1.3974540181400235,-1.3324559656049586,-45.169047156533736,-1.6764374988640434,-2.021604950853679,-2.573108190563271,-3.1292489597662714,-3.792341515572737,-4.284485029573341,-4.70312308097541,-4.806391524396757,-4.635484561649543,-4.180091412937326,-3.531784210081547,-2.9493581441853225,-2.381046304737083,-1.9419410142714169,-1.515944619098467,-1.3503482038710701,-1.2500488732217403,-1.371962752322581,-1.5353198371613084,-1.9306619457912464,-2.567050053930895,-3.126841628939694,-3.719330873993928,-4.341028618387746,-4.728471283654681,-4.690485475762557,-50.717856210694976,-60.0120454678379,-60.0120454678379,-53.47992056875043,-56.032645381117526,-50.98114559791846,-50.98114559791846,-45.86231215336,-51.882912066639626,-45.86231215336,-53.99144555455828,-2.336205353654649,-3.136340857931275,-3.795111835259657,-4.2680054292631295,-4.30763751897629,-4.0120691778724265,-3.2813847655401647,-2.625853195429622,-2.029234340777981,-1.493178230348404,-1.1052647497344192,-1.0037603915282114,-1.0175067073789372,-1.2166141105978912,-1.5966580680136135,-1.9093974545881784,-2.5113106523424538,-3.009154190609002,-3.7463371187585404,-4.122721093746286,-4.346085832140684,-4.413068836441028,-4.159440647932696,-3.920772508724383,-3.7290553606304795,-3.3576898254107004,-50.98114559791846,-3.036121206671198,-2.9224517084211317,-2.9490121151302806,-2.970325722710955,-3.201216605428703,-3.4444293329355586,-3.824851473421264,-4.231329207004931,-4.6964584636145865,-5.058454538798852,-5.486599171143625,-5.761253829361416,-5.743315163883706,-5.58517095425847,-5.10638597869761,-4.5800966622345864,-3.9755956019825818,-3.5546549771707037,-3.2234671749952426,-2.9989825598613358,-3.0332596809418404,-3.164089638350091,-3.409681768282141,-3.8321872738313956,-4.363007084960998,-5.030090953168057,-51.882912066639626,-12.510962489110582,-50.717856210694976,-63.02234542447771,-51.882912066639626
-56.02507771737961,13.282840035816491,-56.99417784746017,-50.97357793418055,-51.875344072585044,-50.004477804099984,-2.623191429670953,-2.9080981596682816,-3.463651397154812,-3.982526259163742,-4.706909378701688,-5.149187127645714,-5.059982323209246,-4.725646939899846,-3.912964067620627,-3.167951918704222,-2.4279331607488555,-1.9175278728133907,-1.4755745741157102,-1.3538143112224699,-1.4561663491899168,-1.795868679361845,-2.210731683707687,-2.928281891254707,-3.5782450672288757,-4.274014546317523,-4.573287462755445,-4.474797913943489,-4.1080139947313645,-3.4020814761462748,-2.757112470598549,-2.167553278149197,-46.88693928078321,-1.6027738368745652,-1.6982059808003664,-1.8636770862436918,-2.322182914536966,-2.9031137292363285,-3.7011655551906477,-4.4397158044232,-5.102974937859226,-5.327804561273096,-5.380310210164835,-5.10050351460031,-4.633588270115682,-4.148601640568765,-3.730424665887773,-3.593923012421934,-3.4111119807816612,-3.580104846694318,-3.723036220132468,-4.279572578473729,-4.787312631556762,-5.857743613563749,-6.522890254725122,-7.29753833038762,-7.679751507756325,-7.80029764263455,-7.4463274120231215,-53.014777546127505,-51.875344072585044,-47.699988632398075,-53.014777546127505,-63.0147777607398,-56.02507771737961,-56.99417784746017,-50.71028854695705,-56.99417784746017,-56.02507771737961,-50.97357793418055,-9.356137088696531,-9.80841388106002,-9.808081908984567,-9.291402945024153,-8.776079199429216,-8.135973484047955,-7.485055582369581,-7.127356006733795,-7.1130048126665235,-7.284053416001523,-7.575859437879867,-8.255669802910115,-8.924699918246944,-9.871364356461923,-10.845100707677185,-11.8739743913552,-12.200656532447127,-12.096244694787305,-11.52566789148625,-10.98205477938627,-10.39508695453506,-9.822613520866492,-9.480078204844073,-9.515866519345169,-9.78035907660647,-10.03723856490462,-56.02507771737961,-11.555824968357678,-12.441122110343423,-13.304571990902126,-13.915528596530729,-14.13849226905466,-14.011707099604443,-13.439950097595904,-12.711128963067873,-11.935897586274908,-11.653853602220238,-11.331305552617723,-11.68446869992573,-11.861136099707704,-12.345371938371487,-13.057724262826607,-13.69100397737771,-14.974951539180434,-15.536621985242986,-16.34922349647029,-16.389843692854967,-16.56134159424961,-16.709177289441485,-16.25388011962908,-16.30638406031926,-15.885840368513737,-15.817985041602745,-56.02507771737961,-63.0147777607398,-3.278138172504188,-7.864508540816551,-8.5173412048285,4.176691285742696,15.221263908958221,8.105628651452847,17.98902934439348,-63.0147777607398,-48.865044418603595,-7.128946185583041,-5.869971284246907,-5.2099270337400485,-4.659013235477528,-4.575122778491066,-4.787188683298991,-5.243410392064477,-5.978038482610543,-7.044630679020694,-8.138516514672693,-8.3540388573049,-7.796429975515725,-6.615671942988736,-5.128541149363286,-3.734298230049149,-2.8379517844001647,-2.0059569009434157,-1.6404962048473952,-1.3581420243139728,-1.5436163144169368,-1.795317350429619,-2.289922425937489,-3.0076957679796843,-3.7179072899190437,-4.505204373328474,-5.1229416866869935,-60.004477804099984,-4.9971123962724775,-4.453479066575172,-3.6055409224884167,-2.861834172512212,-2.2392928572933375,-1.8904439438265366,-1.5462013932674954,-1.5126521389267507,-1.5068389906258117,-1.8401490172149646,-2.210197852670401,-2.716193818953909,-3.3177073712608047,-3.9261705779926355,-4.5651561766933595,-4.697206150942431,-4.62839587019194,-4.05423034013641,-3.4613834773569767,-2.6973010295810744,-2.1945038726159627,-1.624602745818979,-1.3427270802669864,-1.1557965181248226,-1.1991286072828242,-1.4365609476778338,-50.97357793418055,-46.48265238452826,-47.45175251460882,-12.71004515874345,-51.875344072585044,-60.004477804099984,-56.99417784746017,-63.0147777607398,-50.71028854695705,-56.99417784746017,-46.99417763284788,-0.8868072226581261,-0.6934704846344202,-0.9340611271304671,-1.1728794512812657,-1.7898012167354571,-2.4226853458389015,-3.1101459152031126,-3.8319047084268925,-4.104122326922865,-4.110153974871434,-3.7262891143196146,-3.0759999907630475,-2.4701796005650527,-1.9587598005300257,-1.5432726782714514,-1.5771347615912426,-1.4848504146238093,-1.813169468001653,-2.049285309513809,-2.5933403679292963,-3.1877020392882756,-3.6853900811445675,-4.18318481239943,-4.47384383948643,-4.654975626302622,-4.572181434988203,-50.71028854695705,-4.226453300230181,-3.9418413766227345,-3.593659822217377,-3.4916880884710473,-3.2409034202488893,-3.2910599141131556,-3.3523278902116638,-3.5146749217593727,-3.828158534618165,-4.333925618157817,-4.724668511528884,-5.24436812064264,-5.649051978020618,-5.67573878676092,-5.907471050478516,-5.481322068869993,-4.837590597254568,-4.209265667719509,-3.80080049956089,-3.367911024038452,-3.202927477980308,-3.0526349814562437,-3.282238340085584,-3.6078601563531034,-4.1083714129082205,-4.681393940634119,-56.02507771737961,-51.875344072585044,-48.390797905090636,-50.46205247124863,-51.875344072585044
-40.58226292890471,13.41086545208546,-44.561663392957875,-55.89705247666005,-12.603787254547802,-45.64399410331529,-2.6097797310690583,-2.9149428119867467,-3.0913734707990503,-3.7846720592191923,-4.307159164759255,-4.948150852803826,-5.2214268337867455,-5.13950346128604,-4.684573737327138,-3.7441411609524415,-3.2638122670035936,-2.59879578351352,-1.9623358845829717,-1.6395426482260334,-1.5181872365341587,-1.495392209501862,-1.8375644059416238,-2.177217085688084,-2.77314623092931,-3.3899161073661164,-3.9412326586726283,-4.493273210183385,-4.720892914118057,-4.538014219901777,-4.017098716690718,-3.5593668980845905,-56.86615260674061,-2.4720675373441767,-2.0090625151851285,-2.0091585109057304,-1.9518351914039467,-2.234074730872332,-2.5705675128395304,-3.02250196075619,-3.7118550272825117,-4.41545750462242,-5.131485169907347,-5.71500070839013,-5.867059771264627,-5.777172045003159,-5.5257133192406425,-5.174333060556652,-4.833178467566055,-4.282767610441087,-4.258375469890604,-4.113902931136427,-4.115383927021909,-4.403727716221889,-4.70484974542919,-5.183977768957858,-5.962689960363427,-6.72593793971603,-7.512969699837964,-48.73701917587118,-48.90735234871097,-62.88675252002024,-62.88675252002024,-47.20473505073167,-62.88675252002024,-50.5822633062375,-53.8558526501008,-47.835252736821175,-51.74731883428093,-48.73701917587118,-6.587562081083485,-7.271493504446285,-7.966080314077938,-9.035338796521362,-9.684770120775301,-10.336030476628725,-10.546112494016263,-10.321860381172899,-9.801492354797483,-9.420211333167018,-8.584502007866293,-8.18217745394924,-8.13187133484539,-8.03766423256005,-8.265693769339217,-8.371082927505773,-9.094695053265236,-9.717324724604167,-10.86849523767394,-11.705031515305267,-12.632301091611765,-13.265807024605579,-12.929654870903013,-13.070922232547373,-12.537020312693317,-11.549160557595865,-62.88675252002024,-10.566504203870103,-10.505036876275431,-10.771889675008808,-10.336899445565725,-11.097414489365967,-11.708572730204628,-12.32739125980645,-13.158940696896334,-13.657993621605879,-14.336530388230631,-14.648229780801072,-15.188697362164941,-14.794859914870917,-14.5077759212395,-13.399396406917198,-13.19515730708408,-13.46186043220176,-13.165233522645934,-13.225335221435854,-13.8185553279822,-14.467529152080276,-15.437176192960749,-15.911930792652583,-16.748545814292267,-17.33326841603468,-17.877119173268593,-50.5822633062375,-51.74731883428093,-3.1501134790940624,-7.736483376068998,-8.3893155944482,4.30471645049025,15.349288603983764,8.233653731256824,18.117054581167764,-55.89705247666005,-49.876452563380425,-10.431132091024576,-11.714669524988611,-12.64353793928058,-12.67266786590378,-10.935369491461412,-9.023618289741634,-7.025100702161577,-5.387403912734818,-4.147156164827336,-3.2315656235145127,-2.6596777338744264,-2.348825334698584,-2.292432471300293,-2.4249549445269043,-2.886248614744706,-3.368619176756752,-4.339703290872632,-5.038797296133087,-5.9290211095600025,-6.208740643061915,-6.036002596112649,-5.355443383498921,-4.397961304926406,-3.6584344052285416,-2.8444848089522923,-2.2765391520629903,-49.876452563380425,-1.6089261778624966,-1.4917237257834972,-1.782266296546839,-1.8388198788381596,-2.4483808669133698,-2.9356237708128434,-3.4617658809388816,-4.118191400809603,-4.5769543904737695,-4.856376193452406,-4.817074947834277,-4.659189466239739,-4.096000351620369,-3.5118743802322054,-2.7758506031811585,-2.3473332879712934,-1.8248437976022793,-1.6447763830626503,-1.46680193302303,-1.4191949615576835,-1.653692843585153,-2.066255783094895,-2.4915327299478633,-3.24395824896908,-3.904279516529608,-4.466623243718701,-45.897052772721175,-53.8558526501008,-56.86615260674061,-12.603787254547802,-50.33402723401804,-59.876452563380425,-62.88675252002024,-49.876452563380425,-55.89705247666005,-59.876452563380425,-46.75891403878721,-1.5702964024207793,-2.219733218144509,-2.7772563799368073,-3.648589451172215,-4.053591086455986,-4.451671761438567,-4.27678849187951,-3.8138374924060985,-3.1698523208189733,-2.3622255238816923,-2.043274375448256,-1.6303723960771774,-1.3465988597203142,-1.3341425150303161,-1.5441749498624937,-1.7501229614420302,-2.3548730007253917,-2.7506919998111328,-3.399640808282704,-3.8600893124381037,-4.22335333453434,-4.459948906526799,-4.650777804254112,-4.451204764488252,-4.203806417747645,-4.13222143166736,-47.835252736821175,-3.619573380053716,-3.3604064952495776,-3.312930608561762,-3.2683434282255157,-3.398770473826569,-3.5636132628117068,-3.755159547046307,-4.116144956163839,-4.63789551447036,-5.1012751151802735,-5.640185252101567,-5.808922686003531,-5.880511504001376,-5.817169241677725,-5.531258278232999,-5.226128188698144,-4.326645664972001,-4.09895590066156,-3.682158603102793,-3.3307217865947325,-3.2743408402773193,-3.251622416583041,-3.432416002811279,-3.915250544979159,-4.550437423618069,-5.200778281665065,-53.8558526501008,-48.90735257428135,-46.35462714729766,-62.88675252002024,-56.86615260674061
-52.832840387203035,13.464777456271095,-55.84314034384285,-51.693406864134666,-46.81224047392341,-47.51805121678048,-2.695365672774302,-2.9147116271884266,-3.204295622916295,-3.8588297160221163,-4.3743410624621,-4.914439701002239,-5.1773321448156375,-5.196808413985142,-4.918256902176001,-4.232899798097885,-3.4689646939900625,-2.8593261315790306,-2.2872462118878434,-1.9147891734725222,-1.7338299160277044,-1.4776563610581104,-1.683762829399842,-1.919393119174572,-2.5353509931542106,-3.011793455505382,-3.7215201883455,-4.336177396917393,-4.5956338276568856,-4.813365579713706,-4.664795130129324,-4.044630636381083,-46.70500182000568,-2.9573533592495,-2.565873969317187,-2.3122062078288694,-2.0328528299482964,-2.194059898233827,-2.432120387452981,-2.8562468774856216,-3.3347993418551143,-3.891086707018908,-4.495951582275167,-5.1571114244572405,-5.884674606008601,-6.239526910576608,-6.2881872232495315,-5.722998048332341,-5.448316567751413,-5.169269934897932,-4.733413671095884,-4.331373129821175,-4.23715250563838,-4.436941178811592,-4.652714079515546,-4.861377154001311,-5.375068499724408,-5.826624980237295,-6.491757210433146,-47.26981537953016,-48.85344030048266,-56.81224047392341,-50.52835117342029,-53.8019405172836,-12.51896919644238,-55.84314034384285,-55.84314034384285,-55.84314034384285,-49.82254043056322,-50.791640560643785,-6.342745493029991,-6.661022659899745,-6.802241497383051,-7.521066883520131,-8.272674202879292,-9.378142593787397,-10.256390855607869,-10.987913218090835,-11.139594142962652,-10.561766494311112,-10.31606878317222,-9.872927398533303,-9.116621123016929,-8.706941359999613,-8.466046502795948,-8.466952259630606,-8.780777535951053,-8.875838214527167,-9.276314333705775,-10.106419472544214,-10.694104731498523,-11.600205535260963,-12.871578259930276,-13.144463432353625,-13.357914853086378,-13.57265888149475,-52.832840387203035,-12.668650000537465,-11.613140728878413,-11.214550182946045,-11.166467159530871,-10.789442388977884,-10.789903618016641,-11.30506582639353,-11.530145678063759,-12.309364237322747,-12.925368523853827,-13.911616088659509,-14.59327546695966,-15.08059604157693,-15.318124507828689,-15.568094825264321,-15.469433193798952,-14.769344614492967,-14.720039962691711,-14.519454433141286,-14.35600324800676,-14.528942816494745,-14.659434504961846,-15.078629212865863,-15.764894768628661,-16.1934767838021,-16.819955961802407,-56.81224047392341,-53.8019405172836,-3.0962009017770225,-7.682571231303448,-8.335403567758211,4.3586285952558,15.403200705684238,8.287566170470168,18.170966603027566,-55.84314034384285,-50.28011533616997,-14.8368847403918,-12.613797892052034,-10.28276990456652,-8.347322990997444,-6.551629068878555,-5.246446423471025,-4.242370283237258,-3.531294570508437,-3.156564965200201,-2.9501412844498103,-3.114772810452366,-3.505135556119458,-4.071672574728883,-4.8498632666053645,-5.644885051964819,-6.442998706851783,-6.960839551000656,-6.631063160398406,-5.9175343563814735,-4.992197650168852,-3.9924525491321856,-3.1819290953590103,-2.421907379009097,-1.9756117958795874,-1.7314030237428681,-1.6720987393814921,-44.979542037095364,-1.961329055120666,-2.2227327028427077,-2.787266343574957,-3.364993243808464,-4.04133049071525,-4.519710680066039,-5.137220596979085,-5.1293288096538445,-5.013549859086823,-4.539223665006754,-3.98102697205172,-3.3339418523765985,-2.7817177081350017,-2.3078824997387524,-1.8717213404610384,-1.7361744580081542,-1.5877979298325227,-1.719160092811499,-1.8380644230621184,-2.2394712736090643,-2.768333680222284,-3.38275625959434,-3.9263390632360613,-4.4938251239670945,-4.974412271100181,-4.929587953631654,-52.832840387203035,-50.791640560643785,-55.84314034384285,-53.29041529280978,-46.81224047392341,-46.300715249449595,-50.52835117342029,-47.26981537953016,-55.84314034384285,-44.507751260140665,-52.832840387203035,-2.5994510845366134,-3.3662303226008823,-4.016072800365038,-4.568399162403038,-4.568982191440515,-4.213185677594558,-3.6253634570844353,-2.900590455643066,-2.35992031407675,-1.8296691751875958,-1.4291400285062992,-1.3551066237111342,-1.370753475857072,-1.5699282179233305,-1.916575460987622,-2.207885532556891,-2.846411612094305,-3.3217345714576973,-4.047041948916979,-4.330717255348799,-4.708245575249675,-4.710895436758315,-4.3641215596524106,-4.237464520478919,-4.117151717668874,-3.791421691790005,-44.70370682077448,-3.403032958237982,-3.346168215393706,-3.3883840391994773,-3.3106523258708687,-3.57748143221275,-3.845095326248882,-4.147471702013984,-4.5586177820720755,-4.827800199171052,-5.299086013619584,-5.6842472525658145,-6.076440807572502,-6.148981319882748,-5.893944604715725,-5.2550854542747425,-4.890240204518392,-4.430317333817429,-3.9117551508039208,-3.5050898224706217,-3.371767920505404,-3.3559302391915917,-3.5644329364103204,-3.747341573179872,-4.196043606420974,-4.651109860584956,-5.3145009592611725,-51.693406864134666,-51.693406864134666,-44.70370682077448,-47.78134060400397,-53.29041529280978
-48.82075333183471,13.49746438574204,-62.80015355813796,-56.77955364485833,-50.247428739743015,-55.81045351477776,-2.825721910171563,-3.106320622444039,-3.405594822767011,-4.015688249388254,-4.73062488764926,-5.481970267830464,-5.614405841433872,-5.493485190225972,-4.741170883995752,-3.849189143599504,-3.2630398776996916,-2.6378118015198444,-2.019933940249402,-1.6792940900377138,-1.6177543711227484,-1.7759743414513558,-2.127711299295532,-2.52697987433716,-3.198238764297527,-3.821524821311182,-4.495980352499583,-4.787838734119919,-5.006029058620609,-4.629500106323051,-3.9558589787110394,-3.394500678250254,-39.10799467981745,-2.329610350053722,-2.0227073022512916,-1.9893536273725863,-2.1159756157471357,-2.4350625920585176,-2.9284038240242047,-3.5777321842782066,-4.315921725033459,-5.081046656206556,-5.704765690563707,-6.160008117668719,-5.99269333532753,-5.686975079671154,-5.277686125330996,-4.904170272397237,-4.597580442108555,-4.065540839519942,-4.138456282401283,-4.2317230845145435,-4.344609380131138,-4.772874563727338,-5.131001029332234,-5.866639545418794,-6.700860131486568,-7.5117576877889505,-8.228710301440845,-49.789853601498145,-46.77955385423264,-51.660720196126746,-52.80015376751226,-52.80015376751226,-46.26802865302264,-48.65041994421547,-47.2371287831032,-62.80015355813796,-62.80015355813796,-47.11813654381861,-7.250830631329444,-8.090274717164165,-9.076392157162395,-10.07697895412462,-10.622024912648612,-10.807814512710168,-10.232158400571594,-9.602848648528127,-9.001480382488387,-8.65142224337159,-8.033286269773384,-7.814497950184301,-7.987949454829886,-8.198484517116432,-8.684427855356331,-9.158585005186596,-9.974158575956215,-10.950373465752135,-12.34277825397917,-12.836919706810386,-13.580117425469794,-13.15425764088096,-12.23457334091946,-12.320360670858117,-11.573408427254597,-10.7420219503632,-50.49566434435522,-10.257549908863115,-10.576735186836991,-10.952103917533918,-11.033656658508278,-12.06351984404374,-12.761242033414993,-13.712623218787707,-14.668281696005268,-14.679513592376702,-14.777001188258856,-14.49144523265698,-14.444388956923833,-13.87714784706245,-13.576844034902466,-12.785932221380962,-12.884349080891933,-13.233235789437632,-13.492038013095645,-13.717019185254586,-14.530016531533771,-15.445042863533597,-16.425556700086915,-17.18377397440294,-17.78394773450165,-18.08606263266403,-18.25933072871044,-59.789853601498145,-55.81045351477776,-3.0635145838878817,-7.649883933561111,-8.302716748752038,4.391315892998137,15.435887670801202,8.320253005895275,18.203653822591296,-55.81045351477776,-53.76925368821852,-7.96442320084764,-8.624157911954981,-9.709262387358738,-11.025077517391297,-11.901243700241519,-11.741919098443391,-10.042112106510313,-8.096489881415826,-6.151807241826848,-4.807403379906674,-3.668073012438209,-2.849047363836345,-2.3787753230478397,-2.1061368803853333,-2.117522831874219,-2.382260299610163,-2.9766362278294474,-3.630726179260927,-4.578211344181697,-5.42468874573629,-6.187233801167712,-6.290282474446268,-5.90000116408309,-5.26190328853399,-4.304804784503528,-3.406014709023199,-59.789853601498145,-2.1599938574014765,-1.8550054891563028,-1.7161917510769265,-1.6582617579840928,-1.9156456487160685,-2.299791697661835,-2.7681515025521772,-3.3897222360016857,-3.9668896872346626,-4.621691501930122,-5.052816644904476,-5.233290359124959,-4.96218914521825,-4.519525328924895,-3.813005779415861,-3.1549456005193828,-2.600976895684793,-2.0848793130759184,-1.7239673633269441,-1.4715521174048085,-1.530450635580645,-1.7519886242907412,-2.122156618710514,-2.6921478679952826,-3.281020597944972,-3.9935609918242356,-56.77955364485833,-49.789853601498145,-50.49566434435522,-48.65041994421547,-55.81045351477776,-50.75895373157871,-51.660720196126746,-46.77955385423264,-62.80015355813796,-47.11813654381861,-56.77955364485833,-1.346244043225586,-1.824453872867173,-2.406980083586135,-3.1422120693879863,-3.9119974700276607,-4.558673864828712,-4.729608990398881,-4.512923430019195,-3.8560516651708014,-3.095805844609602,-2.5917820250867916,-2.1208011894165355,-1.667239192687735,-1.5140772014521484,-1.5135185680894747,-1.8195822828567558,-2.2273387583892115,-2.6573805213511474,-3.193557656573619,-3.7795149125105336,-4.255751031680872,-4.640705417120458,-4.917946471343858,-4.755481001480029,-4.556310843430137,-4.485948435767854,-42.800153641887675,-3.8786506210043523,-3.576423666148216,-3.4952017966038795,-3.534337334282751,-3.4877669805918528,-3.6147913433610563,-3.902062757797553,-4.108863613796007,-4.7143577236754135,-5.1926350668918335,-5.783049146828272,-5.985968239388208,-6.093372578972362,-6.102411929972082,-5.9983035657566255,-5.487772306782743,-4.739405727420267,-4.30618044625735,-3.9048955033703834,-3.541439936324677,-3.403992421940829,-3.3542116645188784,-3.649892753666001,-4.041458706867203,-4.69406529937885,-5.393558704934573,-52.80015376751226,-50.247428739743015,-48.17617345881834,-48.8207535551673,-46.77955385423264
-39.69575425019029,13.54835000986929,-48.76986783045744,-42.88155031700862,-42.88155031700862,-50.19654286614475,-2.9483065464201275,-3.163223180272961,-3.6836549471142317,-4.261436245538871,-5.012683114082792,-5.483976216130733,-5.468571964669423,-5.42175303537981,-4.715427488389281,-4.058958382286001,-3.2560996697687647,-2.6151943001297684,-2.092451728350086,-1.8001355989283518,-1.7042532912757216,-1.910731532864201,-2.129182119354816,-2.7750193912446433,-3.4024660551317303,-4.079581089797541,-4.809849162184,-5.058501881386385,-5.040593108001724,-4.685914260575707,-4.105616609649933,-3.3048258614547317,-44.68746817733894,-2.2883294431400443,-2.297564438651158,-2.090753377200613,-2.300841507612263,-2.6407755710070413,-3.2248599112629432,-3.8600128592625502,-4.727690237878921,-5.242695891838004,-5.879430795116857,-6.085735534628282,-6.164174357829762,-5.802286179375934,-5.294327598687861,-4.8201915526378905,-4.329388764914005,-4.366943605886423,-4.083134348654099,-4.18138682365763,-4.417847646600082,-5.0353189603941795,-5.646528345411302,-6.464867797644064,-7.216070101358548,-7.7427188666690885,-8.174445616558494,-50.19654286614475,-55.75956787381763,-56.72866800389819,-59.738967960538005,-52.74926791717782,-55.75956787381763,-53.206842822784566,-55.75956787381763,-49.738967960538005,-51.60983439410945,-52.74926791717782,-7.809935945988737,-8.717633334323923,-9.439998435242742,-10.018050618524919,-10.581356520606803,-10.66485424287727,-10.377199908234612,-9.747901940112156,-9.025967167570672,-8.463870386555817,-8.176975935806263,-8.143295765273862,-8.111830528970009,-8.306258440126687,-8.826872640155818,-9.842957147537838,-10.783720430601761,-11.835201190299248,-12.247404202599375,-13.16759649918177,-13.019051920747719,-12.784457837916296,-12.578558848270555,-11.690727097625878,-11.110590428860167,-10.9043406395734,-46.72866800389819,-10.583650420084528,-10.686353343682596,-10.972171598866618,-11.815996643960123,-12.274182558526466,-13.119658657474485,-14.284288262913496,-14.68570419374036,-15.437491777487448,-15.016524697912992,-14.661353223871226,-13.871689079191217,-13.268857010230711,-12.903769508815703,-13.121503208153747,-12.878596595305714,-13.427524868611332,-13.70487138757091,-14.352225437140671,-15.107730805037459,-15.958170364278882,-16.639048911832912,-17.39670670018015,-17.938139419572295,-18.60053672055468,-18.83057022976911,-50.44477870339507,-50.19654286614475,-3.0126289677290563,-7.598998836249825,-8.251831325176616,4.442200990309423,15.486773167714976,8.371138282580027,18.25453915779144,-48.599534437469636,-51.60983439410945,-7.377778926883992,-7.788042686751794,-8.805714351076006,-9.844602984013687,-11.092996767281758,-11.631670831437756,-10.878292500731884,-9.020423695745919,-7.104406575064182,-5.619329661418188,-4.278522584751115,-3.286749915523028,-2.6257180270724194,-2.208835646243919,-1.994696343253111,-2.3355539401244947,-2.622430814429593,-3.335326239358144,-3.9605471001678443,-4.996506243733072,-5.746376994821064,-6.144028234185423,-6.320104042930553,-5.638741088416134,-4.799336455429616,-3.9105987179809656,-47.06725067650787,-2.536312367536177,-2.1586798068696167,-1.7891233567742213,-1.8539432046673567,-1.859746538412945,-2.111522303895743,-2.5471641097492177,-3.0518572411542055,-3.766750831802297,-4.498578727416067,-4.949351782618575,-5.282147608367783,-5.144168571040469,-4.787987743742509,-4.44391349930537,-3.606587768993167,-3.036277260541049,-2.3519707301235693,-1.976806702875043,-1.659408928093951,-1.5911499800006217,-1.6752344062374338,-2.0202098922671845,-2.401680307304276,-3.073628840275387,-3.760738602388648,-48.12528793818825,-48.76986783045744,-47.697768133978755,-52.74926791717782,-45.50650958772566,-48.12528793818825,-47.06725067650787,-51.60983439410945,-52.74926791717782,-46.21714277942438,-46.62142934998046,-1.2768190473171714,-1.6036349158778633,-2.394037715022979,-3.049650585863288,-3.952891023843408,-4.481925922329758,-4.701844175786173,-4.590509680550233,-4.069681217977074,-3.6291477755111936,-2.798407074687752,-2.2512515810498295,-1.9042055992513705,-1.640661526592169,-1.57869728730184,-1.8784813403665404,-2.0654129995324007,-2.6424363253922225,-3.216533502696323,-3.8123545992164622,-4.488668762951874,-4.7942149127265345,-5.071774368001628,-5.084091009021706,-4.97259351736708,-4.542229628513546,-56.72866800389819,-3.9039648813613645,-3.904293540445921,-3.609074718200846,-3.634389305249231,-3.537097012032592,-3.7861388968567007,-3.9384755657264483,-4.348175629460639,-4.659539564060301,-5.208714085238569,-5.687340818855433,-6.213824345673635,-6.313122548004194,-6.303995577676399,-6.116990531138625,-5.436531721625756,-4.990979799615541,-4.264512970404375,-3.9601336412438175,-3.604223039530387,-3.55613326111056,-3.586992536889353,-3.941080468012592,-4.30446540834853,-4.681365595281903,-5.331380172911626,-42.74926791717782,-48.12528793818825,-52.74926791717782,-44.895969567070146,-52.74926791717782
-41.099644041937935,13.584293991390162,-62.71332389273593,-52.71332389273593,-55.72362384937574,-49.703023936096116,-3.003512895769653,-3.2351800317665793,-3.774680019701594,-4.370534720405719,-5.052252772913439,-5.541197077746479,-5.489740926445607,-5.420663303589812,-4.859107386162334,-4.108380713446948,-3.2930053518109386,-2.6692075204067924,-2.2237460772862208,-1.9565954248168493,-1.8475723346404707,-1.9148211607233858,-2.2256090347511197,-2.7535337895879635,-3.4061051286517268,-4.140475378360263,-4.811873626850224,-5.134590193269142,-4.997361034010006,-4.754787496539953,-4.169383076967121,-3.4040322101061307,-42.3390589133297,-2.4375240978953223,-2.3272773764128813,-2.229927701210974,-2.273880679873458,-2.734634846992319,-3.269563407331955,-3.879560728052463,-4.640240415411048,-5.23634746763841,-5.758892222765711,-6.07769958386711,-6.217755696224273,-5.908364014248524,-5.466429031901146,-4.908156326392996,-4.449556184594822,-4.444099238432574,-4.186718763800163,-4.233231555523085,-4.429999646020304,-5.014058651089334,-5.681640081642508,-6.321009952600772,-7.173280676596705,-7.719917957238724,-8.243217387335127,-53.682424022816505,-50.67212406617669,-62.71332389273593,-49.703023936096116,-56.69272397945632,-62.71332389273593,-47.398534722313386,-53.17089879834269,-62.71332389273593,-48.733923806015554,-48.733923806015554,-7.774395620434307,-8.636016752083037,-9.29026182591627,-10.024690304693102,-10.633212272872095,-10.87277272492772,-10.544779632059546,-9.956870749774513,-9.308684350647141,-8.51294107039836,-8.330669768635936,-8.261517845784985,-8.183046924091657,-8.41959672029007,-8.936110105020528,-9.850533432466511,-10.771039302370347,-11.735823777087923,-12.26302948110115,-13.316134841580478,-13.298905141892963,-12.987130237025347,-12.883198463308226,-11.897187174719688,-11.100213162496784,-11.081590902864315,-53.17089879834269,-10.70708959735329,-10.678942182522317,-11.085708986527045,-11.823710439211016,-12.257551957277029,-13.107427082110796,-14.152442309355395,-14.554028325882422,-15.43173500809469,-15.414875470579478,-14.870717767748388,-14.008699672862184,-13.742939270416851,-13.245609076054867,-13.247769793531553,-13.15144733469345,-13.419134746148579,-13.869165679067894,-14.493736676960697,-15.077845887168202,-15.924772442806015,-16.44940699353828,-17.22500909928999,-17.728426257907685,-18.684694601299306,-18.74000820797757,-50.4088346789532,-55.72362384937574,-2.976684752609856,-7.563054354912796,-8.215887228545295,4.478145471646452,15.522717267927742,8.407082497526249,18.290483252386526,-55.72362384937574,-47.398534722313386,-7.728550555882406,-8.336753783460773,-9.240316729966642,-10.421882681016804,-11.68089855058483,-11.91536330148218,-10.61750325551862,-8.773397767284374,-6.780707028754774,-5.219965459508825,-4.080255771293343,-3.176978308144389,-2.6052631693609656,-2.263362111534917,-2.1998379993211836,-2.481848976959374,-2.9439534599848143,-3.5308968699866488,-4.353502589953918,-5.329284432730851,-6.025133362290084,-6.385816233053838,-6.237147058438664,-5.500544483096112,-4.575486394779534,-3.8041921227498636,-56.69272397945632,-2.478058663455385,-2.0882865793716388,-1.8952258001762636,-1.8471564199433517,-1.9948794702957195,-2.3015293230117826,-2.794752789845959,-3.323980558846747,-3.996865097851055,-4.657322849970727,-5.1596606189172896,-5.344540184958935,-5.280656741135585,-4.752043801449291,-4.27242457803913,-3.5337703920715215,-2.8810446715169693,-2.3873414422951917,-2.0040650181959725,-1.721850965453757,-1.6938950953281386,-1.7807848302664548,-2.1077616916761555,-2.6101161868311946,-3.294827206162936,-4.041183604944419,-48.563590413027754,-50.4088346789532,-59.70302393609613,-51.573890369667566,-47.398534722313386,-48.089343913746376,-62.71332389273593,-46.69272397945632,-52.71332389273593,-46.69272397945632,-55.72362384937574,-1.4429890777424226,-1.8538391849935705,-2.48273444280637,-3.2569644882204973,-3.991569093710925,-4.5949741615982305,-4.740301897238384,-4.619767375674105,-4.063172845840735,-3.480365410159921,-2.783192228359064,-2.237857425589559,-1.9291475255544634,-1.7817241058774271,-1.767100060015097,-1.9225250067105781,-2.2316027951515434,-2.6774563377549083,-3.4166980042871242,-3.9310651921472006,-4.548405288194631,-4.90115713731783,-4.940005149721535,-5.103974899999679,-4.924311801713548,-4.568284512120837,-41.57389041218893,-4.0765271860429815,-3.963521904073793,-3.797564411546248,-3.5676921740958196,-3.7065669524290263,-3.8929474931593644,-4.026726489097937,-4.425919796017864,-4.6489599622111,-5.183993436455126,-5.6632701355231605,-6.2369029533186175,-6.520177656853149,-6.401403666654416,-6.049604484362011,-5.485586487284804,-5.077359496842819,-4.3931874670055695,-3.9485357023772543,-3.6751503378789763,-3.589168586186352,-3.733931219149857,-3.877197884276386,-4.3841873908937465,-4.802026788364994,-5.449230751485048,-55.72362384937574,-47.398534722313386,-53.682424022816505,-50.67212406617669,-48.563590413027754
-44.562428489319146,13.606055798308084,-50.387072841964965,-44.562428489319146,-43.39737249047248,-47.64006227254865,-3.0872113368581484,-3.2097954105695896,-3.7960574672651037,-4.23648918275221,-5.031898222939333,-5.350015363310543,-5.579286936590818,-5.459000898527778,-4.885213595376172,-4.373344442141987,-3.5182246863199533,-2.8088764596141873,-2.3629177880347636,-2.0302117206759025,-1.827643192373527,-1.9697321157209633,-2.0916550698489043,-2.662039654757584,-3.1689475093707764,-3.9296318624989244,-4.601556774580172,-5.020589621977906,-5.097294101232355,-4.975731554652806,-4.4266351095990055,-3.656527427683373,-48.54182884113311,-2.570021322621816,-2.588507384409422,-2.286388907775422,-2.3562430321948145,-2.5237979345198625,-3.029802168542135,-3.5746335457572083,-4.288229913510105,-4.837744208719273,-5.636029368676106,-6.012925264741208,-6.242195879069764,-6.21690110131582,-5.780888169812685,-5.385531354232846,-4.758632407880123,-4.779394073904974,-4.306370676780279,-4.3519353869129285,-4.418948963684553,-4.885279041851164,-5.209170106812033,-5.943667128004382,-6.540851133517491,-7.215230144252166,-7.802672272651147,-53.660662185828265,-52.691561642201734,-53.14913650185893,-56.67096214246808,-62.6915620557477,-62.6915620557477,-12.548855446124355,-48.712161803608936,-53.14913650185893,-55.701862012387515,-51.55212821456704,-7.200634020814572,-7.793031846128498,-8.573866823537923,-9.316170828202932,-10.287617364461354,-10.827197381942268,-11.152438339248363,-10.854878431863087,-10.1988447616415,-9.3774913898332,-9.04640834476034,-8.727388917663342,-8.27013650116524,-8.288124110661935,-8.521880051710642,-9.252181086859883,-9.774455835791384,-10.74270142863275,-11.229382264711901,-12.519558643086643,-13.010750569275974,-13.172167458684378,-13.881312173958483,-12.923982747025168,-12.177065152899845,-12.030651959492623,-55.701862012387515,-11.266603429618407,-10.87804307701197,-10.81598833745949,-11.412192721015714,-11.551026332741765,-12.15056628006069,-13.082242787367306,-13.839646665516467,-14.765124293355644,-15.532530977275325,-15.68764081979709,-15.117222233404108,-14.611073869395234,-13.93285005755337,-14.338145113340122,-14.029338759580474,-13.463010707880631,-13.811733693363937,-14.40773471648214,-14.745496463572497,-15.378576071654459,-15.703860455259475,-16.604590516213623,-17.113483545914633,-18.384041115323434,-18.485734081508156,-59.68126209910789,-55.701862012387515,-2.954922865327833,-7.5412929002778455,-8.19412541567171,4.499906926281402,15.544479438207938,8.428844857703806,18.312244930200343,-48.06758231442825,-49.68126209910789,-10.410922568639664,-11.46530824490036,-12.635210506991958,-12.798799679105004,-12.055789392960373,-9.835966373493786,-7.853094132800616,-6.261933612999017,-4.712726228635879,-3.8565091856145584,-3.1436728682592263,-2.693560498619662,-2.5062008219950114,-2.5445381869890973,-2.8331944843126817,-3.738259420846899,-4.383866776306106,-5.384958044595338,-6.016761594326233,-6.617687367187779,-6.491816168101549,-5.869019069825442,-5.221983550651133,-4.25872335724623,-3.296084777356923,-2.664697342971883,-46.67096172892211,-1.900267197969478,-1.9617552931575044,-1.871122858594359,-2.2706289883947988,-2.4923234437003168,-3.07981050633971,-3.739939821066975,-4.338132072992151,-4.910274185543178,-5.455954817155527,-5.450032548675287,-5.078893409086401,-4.525570202978803,-3.787994888932838,-3.441924450987633,-2.706309624578349,-2.3040377175647655,-1.8715761496465766,-1.8665161902445275,-1.765134470438172,-2.0400952319800476,-2.201534495994198,-2.9164292050211014,-3.4973814455004364,-4.188629193746813,-4.77660610565153,-48.06758231442825,-53.14913650185893,-52.691561642201734,-59.68126209910789,-52.691561642201734,-44.83826354745304,-12.548855446124355,-50.387072841964965,-50.387072841964965,-44.562428489319146,-47.00954436800102,-1.8945053097699267,-2.377877265543024,-3.2993205659036082,-3.8781609781332382,-4.622351679819326,-4.805262202174615,-4.584560470568574,-4.173636071181395,-3.449363530903515,-3.0148607357025634,-2.3740772031624413,-1.898732551997964,-1.7562073039465398,-1.695300956587677,-1.724487854765192,-2.244330682775375,-2.5099805847203758,-3.1479545412361647,-3.6451366013519655,-4.250737207311023,-4.766937662007928,-4.945801394671204,-5.026652713404688,-4.90286065169454,-4.764501033366962,-4.31132437260757,-45.53152830128742,-3.756418787887558,-3.9203551725572563,-3.6762702178991393,-3.678679244799048,-3.676357385273766,-3.9633704409176445,-4.193536826568338,-4.572381699619711,-4.88499093941211,-5.463602705017254,-5.832264674320587,-6.320899801003209,-6.381296660712224,-6.188244097150477,-5.958799791920082,-5.28170963317247,-5.069091589007839,-4.2486735432050775,-3.9558389764373065,-3.6970121757988577,-3.6753987793451093,-3.7678886559094353,-4.108055561022084,-4.498248990748501,-4.857099847958427,-5.424860147158192,-48.712161803608936,-52.691561642201734,-47.12853658857931,-55.701862012387515,-12.548855446124355
-53.713513928137715,13.553204025147735,-50.43992458427441,-53.713513928137715,-51.60497995493494,-59.73411384141734,-3.058103995333476,-3.335863646840902,-3.8012864842055776,-4.2851961590151895,-5.018080253623093,-5.416151290545715,-5.492078235864501,-5.257441393648794,-4.731577477570002,-3.9538855423586976,-3.2223811030235594,-2.624951498076404,-2.172893656031611,-1.9055767928925031,-1.876058464899277,-1.9777403294935296,-2.2854559957644764,-2.857874658199519,-3.5040001262887026,-4.177215723655738,-4.762017818883545,-4.9971645977226595,-4.882963872949276,-4.493724429030021,-3.9048256887597836,-3.1856804729487367,-47.06239610758182,-2.2656206514955817,-2.2650800621773874,-2.181182580866272,-2.3822382099935573,-2.813963877114446,-3.368547759628519,-4.020170320091197,-4.814896286045788,-5.30232137425629,-5.792882129670554,-5.90220100402597,-5.8680542913195755,-5.543350216027061,-5.088882936280753,-4.679561298855916,-4.283536847491081,-4.258434189993151,-4.101338655955942,-4.264975173568205,-4.575733281380559,-5.164353145450438,-5.804859168068308,-6.582968222841268,-7.321376460510126,-7.768124188922024,-8.072462949399581,-51.60497995493494,-62.74441379805715,-50.19168828472411,-51.60497995493494,-56.72381388477753,-62.74441379805715,-50.43992458427441,-50.19168828472411,-59.73411384141734,-62.74441379805715,-52.744413381987165,-8.060748630103204,-8.96572612608952,-9.555436760072286,-10.048116804384911,-10.522817927175694,-10.39064471448321,-9.90033239089636,-9.286423542821352,-8.765621938248078,-8.272678154085717,-8.115345172817015,-8.158745675261533,-8.234967440524283,-8.600764889976794,-9.144959405127643,-10.256713876376518,-11.245790342297795,-12.131058097717402,-12.523059411282604,-13.198419428967599,-12.928719347041685,-12.5138246540766,-12.203418000752448,-11.391147095425557,-10.991006707694167,-10.751415349389987,-52.744413381987165,-10.700907277813442,-11.09268277673996,-11.436575027248404,-12.31432972731972,-12.89172091999677,-13.71253692541956,-14.691784420665321,-14.821827835245866,-14.984306520977619,-14.852415367272444,-14.14480897355167,-13.597545353120886,-13.301907296850315,-13.008517244782855,-13.026832634643633,-13.064583572698618,-13.735010301884795,-14.307726390038036,-14.812099595584263,-15.458846969079783,-16.438812739203847,-17.059580570383723,-17.617436649037625,-17.992643088377587,-18.28946165432206,-18.319616021895513,-59.73411384141734,-13.130181440822119,-3.0077743490362736,-7.594144142588679,-8.246976671621752,4.447055683970569,15.491627723693409,8.375992827864625,18.2593933177403,-59.73411384141734,-50.19168828472411,-7.072126361145723,-7.308177669202011,-8.01869217606731,-8.864379336974869,-10.114684841443875,-11.07818837386114,-11.015087532739326,-9.850977311665813,-7.96242965181486,-6.261077411322119,-4.784446127338149,-3.686319748287736,-2.9282705788399195,-2.3521093902547188,-2.1237373149372156,-2.1421358321051893,-2.443353160519729,-2.908615693007384,-3.5789635835952147,-4.45613962079627,-5.250683756858024,-5.862307353539299,-6.1662762106590305,-5.938511890705089,-5.188035424557001,-4.34442604339474,-53.713513928137715,-2.839888629435603,-2.3537642803888197,-1.9943780451316147,-1.8569840568399545,-1.8329163801102508,-2.0480104861453214,-2.4080336167039675,-2.8730398528074845,-3.523800676656958,-4.172313769379793,-4.688413168739195,-5.109385245372481,-5.177954050106183,-4.922985418206486,-4.547757289937985,-3.792786018512694,-3.164990444611538,-2.602149391876023,-2.119071583305397,-1.7824590528929698,-1.6611316665054379,-1.672843486207477,-1.9331416230464857,-2.301050617847106,-2.8932309604023576,-3.618957361013413,-59.73411384141734,-47.42962470921695,-50.7032139714979,-53.713513928137715,-56.72381388477753,-59.73411384141734,-49.73411384141734,-48.765013544908776,-55.754713754696965,-52.744413381987165,-48.765013544908776,-1.300882448794825,-1.6202070414786576,-2.289079801078748,-2.8840229170297587,-3.713356312774265,-4.233634797201723,-4.595947510183883,-4.557497476980512,-4.1100132255947885,-3.6007653347325554,-2.833283030406883,-2.338101834019207,-1.9568122239497936,-1.7577133506065399,-1.6964809457133905,-1.8406481985533336,-2.1351661823634824,-2.6045668742018298,-3.179209311791313,-3.7216646460091214,-4.292415745414479,-4.680680490355748,-4.795283038328569,-4.921838252746264,-4.856948057874901,-4.553392225648559,-46.72381346870754,-4.001079851273396,-3.949848290607643,-3.7645108185349763,-3.635689856304282,-3.642600477629499,-3.816113284895135,-3.9452476104988285,-4.251632657308452,-4.608630231713299,-5.126450620502925,-5.5430773521208305,-5.980907897878911,-6.268686904216492,-6.2756540425745015,-5.988004900243209,-5.51362736834022,-5.000054220979169,-4.465540834951459,-4.022518766387709,-3.702713435483979,-3.628465343056797,-3.6588936150624725,-3.977836564762596,-4.276806899608027,-4.810631536916449,-5.352473472177158,-47.42962470921695,-51.60497995493494,-55.754713754696965,-49.73411384141734,-53.20198824136392
-48.55095370017114,13.596930976363089,-56.68008700122748,-62.7006869145071,-56.68008700122748,-45.45792803624358,-3.1938258480430455,-3.4810143386111267,-3.8644700469029902,-4.497719833912795,-5.0687439566322325,-5.493100638493511,-5.555235416361196,-5.2812176549236325,-4.724404248392556,-4.030463320706684,-3.2292428330354364,-2.6441425495378157,-2.2865036727423975,-2.0770482560740735,-2.058226408695312,-2.047930482506788,-2.481829869629504,-2.931092153349606,-3.626976606593251,-4.245557831326291,-4.830306555978533,-5.129734173959993,-4.825388144235059,-4.515122815256583,-3.9337699839952,-3.268859289944767,-62.7006869145071,-2.4018110116171036,-2.3407494016866037,-2.383367475778172,-2.3801228459207024,-2.947572874822149,-3.507039871619502,-4.079074675614124,-4.954721792389318,-5.4701961604827,-5.8244610331186735,-5.9812981285977385,-5.9728203466241006,-5.6062912444159005,-5.2297088124874955,-4.610399096645761,-4.3619136685022335,-4.339592822225251,-4.247461096048019,-4.398464650594465,-4.7332653954182256,-5.311288721030056,-5.931191362549788,-6.655132546007044,-7.431300763759692,-8.007460359117433,-8.313665631989387,-47.018669226290505,-53.669787044587665,-53.158261360135356,-56.68008700122748,-45.710986677955944,-55.710986871146915,-55.710986871146915,-59.69038695786729,-48.72128710377383,-48.72128710377383,-48.07670717343746,-8.25948937014305,-9.115818193482713,-9.818977320150749,-10.272465945322914,-10.47048074037898,-10.459501764863745,-10.027443989350108,-9.353536346573447,-8.858497027730172,-8.078834220340903,-8.185094499205386,-8.281144852012432,-8.392038694354763,-8.783627671356037,-9.531761746297862,-10.412578494769072,-11.516948198466995,-12.356608303226142,-12.65983877396498,-13.162075871610863,-12.729970133481789,-12.371720275871764,-12.14163075308048,-11.225407487613282,-10.86941267791122,-10.967076073838731,-62.7006869145071,-11.04631482142469,-11.110492491993325,-11.617438878255914,-12.606347773760955,-13.142991682584007,-13.868560058030763,-14.718739965839639,-14.994375512284453,-15.47813268870855,-14.911508312602113,-14.433203132648895,-13.5447367532764,-13.148910473372847,-12.954971309677932,-13.151318568866778,-13.577297289216318,-13.511528385822373,-14.514469337046506,-15.203787798296043,-16.06056979205428,-16.609333681128366,-17.011632683803516,-17.50332504593481,-17.869094925663607,-18.437200923600763,-18.623379648167226,-13.024681941245076,-56.68008700122748,-2.9640475017881975,-7.550417701715883,-8.2032500654405,4.490782124843364,15.535354263072179,8.419719996431013,18.303120349433733,-59.69038695786729,-59.69038695786729,-7.006842321225558,-7.204463516701293,-7.661146964395085,-8.464526043276425,-9.54625284731846,-10.758208376718365,-11.089523125311016,-10.180194782807133,-8.549283300552673,-6.635046343118924,-5.261318738003881,-4.045561226909781,-3.118021130437421,-2.585688554322833,-2.2663647468977985,-2.1954623017350943,-2.4495749795313158,-2.7995860872279716,-3.407509795096165,-4.22569441437915,-5.088793198697498,-5.852798251514692,-6.173583239179735,-5.995992419872312,-5.363539635553071,-4.685408275604317,-45.45792803624358,-3.155594495398186,-2.4932961440364263,-2.1443312621886528,-1.9442649789685036,-1.9228815085623097,-2.0800104545992153,-2.326609375895329,-2.8388835551913463,-3.459828326462,-4.0530552713565235,-4.699395596441109,-5.0913377098599035,-5.327575815913395,-5.167147475166858,-4.746218033513348,-4.140870357170295,-3.333011526851183,-2.8332515281386366,-2.3239839679274525,-1.9568932688423404,-1.749377181220749,-1.7473714839128671,-1.902899694563809,-2.2513400763215783,-2.862273506987292,-3.5619711988433607,-46.680086587246834,-55.710986871146915,-44.067458256592865,-62.7006869145071,-52.700686500526444,-59.69038695786729,-53.158261360135356,-49.69038695786729,-62.7006869145071,-50.65948708794785,-13.024681941245076,-1.36188575027639,-1.7251118766251037,-2.207390170655807,-2.881753400029491,-3.6081013363431094,-4.266434626284587,-4.652037750474754,-4.647785555055714,-4.31667944633862,-3.7502368442320333,-2.99849718276953,-2.481024969572781,-2.169064469710623,-1.9681642788238003,-1.881096056640843,-1.8856405602563164,-2.207479318343942,-2.6003815761880507,-3.2163762231884885,-3.729691383541835,-4.3491104295483405,-4.78786561345039,-4.817327449982633,-5.058888211685066,-5.033845041421085,-4.730997692050456,-55.710986871146915,-4.206830511141242,-4.121936320300056,-3.9235133971503373,-3.6528718038013066,-3.759183064425004,-3.8610081962934184,-4.005172682595488,-4.360926773087068,-4.706164681668439,-5.132044722065298,-5.5950289563078925,-6.1289807023486365,-6.429476819790358,-6.5301696407514935,-6.024990099178732,-5.532310014370324,-5.159620752061411,-4.542293946456164,-4.102935326933309,-3.7606960142143664,-3.6565555473034945,-3.7911027620267768,-3.9193078198140814,-4.341847517218499,-4.816563431332989,-5.449438936626975,-48.07670717343746,-53.669787044587665,-45.71098714713402,-50.14796140349554,-52.700686500526444
-43.85465937379731,13.304820190778146,-51.85336413157871,-59.98249786267642,-51.85336413157871,-49.01339787530912,-2.7376378468893376,-2.9261865961227267,-3.2042026556227787,-3.615082012345794,-4.274150853414823,-4.915161874215605,-4.928691313307835,-4.825613135342543,-4.355656542439194,-3.647449557953894,-3.030405121584719,-2.447751571973427,-1.9316742321369753,-1.6342965520908705,-1.531390426573009,-1.6769064911132414,-1.8747107662097329,-2.2531779945201773,-2.716195471935986,-3.6595800852653255,-3.899805295960253,-4.3130225482493465,-4.5096929837850945,-4.213023216581232,-3.707605352514144,-3.222456662456032,-56.00309777595604,-2.237824561003304,-1.9695280242613191,-1.8130818971277687,-1.9807691880054672,-2.1491766898777085,-2.5250530021908126,-3.0989007362322334,-3.73756239579846,-4.494766460947771,-5.100940755785701,-5.563395644515947,-5.482032099089639,-5.403338457090543,-5.064665961421857,-4.821085751954018,-4.400544235879876,-4.030479738573764,-3.968798141965274,-4.020151165434748,-4.154083844539902,-4.331342537721691,-4.768763158975549,-5.3344732780605675,-5.966131900511099,-6.818883335143745,-7.4815685457121015,-47.67800869086816,-46.972197691966706,-50.688308605533486,-50.44007253042773,-50.95159799275698,-52.99279760524633,-49.01339764696789,-53.45037248706753,-62.99279781931623,-52.99279760524633,-56.972197906036605,-6.703547237370592,-7.312541526044339,-8.297802645703538,-9.043730352292418,-9.789153640513504,-10.253599243403265,-9.984496078074196,-9.698310441896318,-9.26748846435095,-8.883187886019964,-8.29279665415712,-7.9988826122393375,-8.085658054877916,-8.137826443093537,-8.43374100668309,-8.783541321051723,-9.384100530554887,-10.256651375416418,-11.440348864014965,-12.377971399196548,-13.037981729248333,-13.239398846741073,-12.718608709164004,-12.710949941842742,-12.080596461655475,-11.465206990386132,-51.85336413157871,-10.874066932071768,-10.946552019793629,-11.096070243976815,-11.38721220996496,-12.00134558723323,-12.563343027359732,-13.345677111197585,-14.061619095236544,-14.345195583026076,-15.031913202235492,-14.890876266576306,-15.047568930759523,-14.589101937077118,-14.156183290367872,-13.91427915638822,-13.94066960707885,-13.869886210421768,-14.235704858317535,-14.56639350256957,-14.999254282290938,-15.548772761150909,-15.99606828729044,-16.81503827190432,-17.221557888404007,-17.886677596943198,-18.362532571547586,-50.95159799275698,-52.99279760524633,-3.2561582854803337,-7.842528536569061,-8.495360794855669,4.198671289990187,15.243243606993675,8.12760847969727,18.011009008436883,-52.99279760524633,-56.00309777595604,-9.73854472739983,-10.888622754703412,-12.073842996115175,-12.29297367031428,-11.272697522018065,-9.463085639251913,-7.372392507730405,-5.612821521789021,-4.265409753111602,-3.2323257713846987,-2.548399570525725,-2.162668938242528,-2.010674686258284,-2.084981364571311,-2.3657563062154514,-2.998847381517409,-3.776447829157786,-4.544833298558019,-5.3457622376951095,-5.9644613531024016,-5.740862770943778,-5.172739496800664,-4.379103100344274,-3.5177108322362134,-2.7004013265357947,-2.111373427749429,-51.85336413157871,-1.3646636133338834,-1.2833632317217003,-1.3773930798907457,-1.5715510646188,-1.9751725555072328,-2.494987192534555,-3.074186650492294,-3.6814549617125576,-4.185461867132595,-4.56718003263345,-4.550909572654313,-4.394524110251231,-3.8816692769312726,-3.2768299213536793,-2.671084311695199,-2.1004849543508057,-1.735792875049652,-1.35263768489542,-1.1845769194061613,-1.16614973343914,-1.3938637898775923,-1.7229007377972605,-2.233527231890556,-2.8409233051576614,-3.4113413371105725,-3.9800673778434397,-52.99279760524633,-51.85336413157871,-46.972197691966706,-53.96189794939679,-43.45037277249406,-47.67800869086816,-56.972197906036605,-47.94129803611717,-47.94129803611717,-59.98249786267642,-52.99279760524633,-1.2464036072065319,-1.8036393327195765,-2.442054863521535,-3.1086132516758553,-3.744894925092022,-4.197641609102242,-3.9779036855737355,-3.5696358362401965,-2.8906596307198495,-2.2144659143222483,-1.7186396441148135,-1.3263361441402974,-1.0739692889170567,-1.0099391504146702,-1.15948149224156,-1.5440278270862566,-1.9846136610979703,-2.523556147492479,-3.0258030560800893,-3.707134302450666,-3.9726818143565295,-4.20261913409057,-4.347230171386515,-4.067177558175862,-3.8918499214198543,-3.645258619523738,-49.01339787530912,-3.20276184348823,-3.062560165826543,-2.9531930744621446,-3.1492169885103243,-3.141745625337454,-3.307571317967557,-3.565179560329608,-3.94070201976065,-4.500815796982701,-4.91728520669681,-5.333758848729429,-5.436419668953897,-5.522962690726426,-5.446914208930592,-5.2435349935301465,-4.743927877235327,-4.202148988804607,-3.810176678422628,-3.545676747750497,-3.2896594887912274,-3.0987176514181742,-3.2626793169090225,-3.4995957353810434,-3.8614013247598065,-4.403908146504341,-5.017040882577249,-56.00309777595604,-56.00309777595604,-53.96189794939679,-52.99279760524633,-53.45037248706753
-45.341798959696916,13.32153953446662,-55.98637860638191,-51.83664545537872,-51.83664545537872,-48.82634489611311,-2.989279192994224,-3.299171785279178,-3.552877487885416,-4.146543464442351,-4.673368557665347,-5.105975062638462,-5.019134252530914,-4.665543419285739,-4.051854175343154,-3.2089483773681113,-2.542856729032177,-2.1164904487618594,-1.831296642097584,-1.6936048902418128,-1.8511748136948758,-2.002863445404171,-2.5746061497357915,-3.1024511569664828,-3.6798821007454503,-4.448980074763382,-4.536547773856777,-4.508391736882333,-4.031450013969396,-3.450357947208009,-2.882844917194948,-2.38215598545003,-43.6818892417816,-1.9348793027335907,-1.8356797846795339,-2.1223840742789433,-2.505959650550416,-3.119326440504117,-3.673594703249428,-4.581788224098487,-5.054053526278373,-5.385431787356857,-5.32884181422323,-5.033813085122651,-4.657317157876718,-4.236592729670678,-3.936880728619237,-3.654543369598866,-3.6554985523308723,-3.7005014352227974,-4.09306495247885,-4.480502798811228,-5.1062372892306,-5.908116159750531,-6.395687842007516,-7.0270068497862495,-7.415454890801857,-7.635157023201034,-7.414199550683658,-48.996678733948315,-53.94517877982267,-59.965778693102294,-50.67158943595936,-53.43365403014495,-59.965778693102294,-51.83664545537872,-59.965778693102294,-50.934878823182856,-52.97607907705859,-51.83664545537872,-9.117854044356502,-9.64521478685398,-9.610601168588946,-9.308394530790219,-8.712511544397097,-8.276798976117457,-7.672378226802388,-7.408170861777128,-7.387301530887756,-7.426767516569256,-7.779255173738213,-8.395444079888074,-9.21576883125926,-10.20308177175647,-11.22487661245714,-11.632362973561383,-12.191728208973863,-12.189734211983518,-11.73243876918859,-11.319244158945382,-10.698213952903306,-10.370284863283155,-10.160972883549,-10.179751651479954,-10.334395962939444,-10.845419253927748,-55.98637860638191,-12.26990088431579,-12.916555539601804,-13.891818564173022,-14.262918193712968,-14.635370639218035,-14.218233794609677,-13.923248013734678,-13.223415346613388,-13.253957750141097,-12.846652462170026,-12.699077091216553,-12.57508156327209,-12.909450383363772,-13.325332379067412,-14.077013511815007,-14.756687346831862,-15.421827651516804,-16.184980763766024,-16.77211500229398,-16.962324570233477,-17.235186915106862,-16.86734874462287,-16.529231289368994,-16.783370972831968,-17.41957306055794,-17.62655778706324,-47.661289395531995,-48.82634489611311,-3.239439547990873,-7.82580934639011,-8.47864212815495,4.2153904801691375,15.259962696054872,8.144327803087855,18.027728375487808,-53.94517877982267,-55.98637860638191,-6.862924999172587,-5.876387055104476,-5.079016707034621,-4.8534644226979795,-4.871676595559965,-5.285068803228609,-5.951213121898022,-6.896416575979538,-8.022231362312638,-8.631922760956508,-8.575745477729205,-7.520719055164004,-5.890713913465793,-4.476322624183756,-3.2944960213254006,-2.407636060525688,-1.8822641499953554,-1.4800053438773386,-1.396696331339172,-1.7346601911472082,-1.9946794732725803,-2.6385089696369297,-3.3431646079231063,-4.204871485866606,-4.935358982335815,-5.335056972816784,-47.29406187103592,-4.739706689122994,-3.893346730474102,-3.179119913262967,-2.463716098180212,-2.0521255676301515,-1.6406062513194055,-1.4785066181091846,-1.4501377001021516,-1.6578495555927115,-1.9065550745085849,-2.4090839577497376,-3.033813986426326,-3.6362837949898017,-4.301067865217808,-4.554356043802955,-4.657112609715134,-4.27512538001595,-3.804238856128323,-3.086010578532312,-2.431047101056902,-1.8911556594379229,-1.497053350537152,-1.1672391967307236,-1.1592145055483514,-1.2991194019275,-1.6343424308018286,-45.98637880579627,-62.9760786497421,-47.924578866543044,-51.83664545537872,-51.83664545537872,-48.996678733948315,-56.95547873646248,-50.67158943595936,-48.352098425168364,-52.97607907705859,-52.97607907705859,-0.7553418774253263,-0.7840227171254927,-0.8386255018519545,-1.3388100709781359,-1.8111632557019077,-2.6557407610295347,-3.276610892912796,-3.9150295378029347,-4.13703533526059,-3.8758998625798915,-3.454821261531062,-2.811361361343377,-2.2290662620965898,-1.80564413044694,-1.527407727570118,-1.3734195713913302,-1.5535077054598174,-1.7138225081832617,-2.15282134465322,-2.7646983785753996,-3.1722951370055803,-3.836282758407355,-4.237753437107234,-4.397081589509263,-4.49027117901989,-4.440252236968379,-48.352098425168364,-4.033959475259542,-3.686137321167597,-3.5429146014518773,-3.347798289700208,-3.3282985209597076,-3.353768597435083,-3.541979295422833,-3.7034172310615827,-4.086066637155708,-4.3993648264291245,-4.91360067802504,-5.369223448206815,-5.666246371082559,-5.82754414455252,-5.602903660875748,-5.216786190539336,-4.805531178059438,-4.234874513148029,-3.7526757124063,-3.5114334482668914,-3.4074197406228284,-3.4058994403275626,-3.421703117858348,-3.7759050548002464,-4.379532864487673,-4.9823284165476736,-49.965778693102294,-53.43365403014495,-52.97607907705859,-55.98637860638191,-50.42335407350514
-50.584109654987486,13.40901907519454,-53.346173304338805,-46.86799853245625,-50.584109654987486,-53.85769899885079,-3.080818620140147,-3.349799016425181,-3.8557829964076475,-4.489835541110724,-4.969188473638793,-5.302923598322339,-5.0460996801137235,-4.750961178843948,-4.031493258382302,-3.3501467159133536,-2.739212132470235,-2.275126182117301,-1.9496319911637112,-1.8727431041763616,-2.0496432622445946,-2.3260088926490545,-2.822565112714363,-3.4412068107785054,-4.152126747723518,-4.617615044587336,-4.773512098399838,-4.545637900684121,-3.996702433371487,-3.45189318290118,-2.875684872608117,-2.3102269002084155,-45.898898627994,-1.928116729040864,-2.2140219043062097,-2.463237171401206,-2.8597451945728807,-3.6421828993729215,-4.3648420308671145,-4.976578175450754,-5.487365195377858,-5.354039516761937,-5.260718051719465,-4.85686266905796,-4.491726239672806,-4.068952202169893,-3.8357738491107307,-3.689010302046072,-3.760890264629953,-4.143055938106982,-4.394373990952366,-4.916574602496803,-5.54980787024165,-6.478808412988075,-7.154115468596353,-7.625102451228683,-7.803234408249238,-7.3955001918834355,-6.8977519870998,-46.76076047353806,-48.73886566023793,-12.773018757245286,-55.89889882541004,-50.584109654987486,-53.85769899885079,-55.89889882541004,-55.89889882541004,-51.74916502029081,-55.89889882541004,-55.89889882541004,-9.725665743689527,-9.736265938498029,-9.144396733638358,-8.586525612613315,-8.133557608914654,-7.775849834325985,-7.544656818190876,-7.464266061277414,-7.558865082971181,-7.801147722611825,-8.549428958461217,-9.46745241339493,-10.098046353751773,-10.911797050303766,-11.515912512298028,-12.353013037944491,-12.202102573192104,-11.76087339670666,-10.799538257740341,-10.552926983843626,-10.100651396628944,-9.96238376510967,-10.222660258943431,-10.402736485350882,-10.826143647371554,-11.704728139681045,-55.89889882541004,-13.522808080036642,-14.139723641022101,-14.393053841980956,-14.782242164437491,-14.145346641198447,-13.590681302835481,-13.21967585878323,-12.795619975721786,-12.528301453315137,-12.649945223927443,-12.78178382884574,-13.139201247998638,-13.603360392814448,-14.31213843688824,-15.035229621559736,-15.968506825931406,-16.479314965204985,-16.985420171579797,-16.784020081443174,-16.950202267226548,-16.653108401749062,-16.645158814944356,-16.767014061272548,-16.968830883300324,-16.744267340415842,-16.972499329825784,-47.83709908557117,-50.584109654987486,-3.1519597826810895,-7.738329365668558,-8.391162035060471,4.30287046089069,15.347442544546109,8.231807331991847,18.11520848083546,-55.89889882541004,-62.88859886877023,-8.798470193746994,-7.103742276123699,-5.854360963435593,-4.9778992566837665,-4.520030555599735,-4.384317787591455,-4.429783798096302,-4.915355697193781,-5.737887851593974,-6.7497474719920225,-7.771837197456962,-8.271198459701722,-7.823210408728584,-6.597235718990456,-5.105435895096672,-3.906257601691996,-2.9023228676313186,-2.1773340462820965,-1.677164730441698,-1.5383862318672736,-1.5240694754093511,-1.8381525547079371,-2.4187957165765233,-3.1165137057183063,-3.856629702217844,-4.645823865214656,-46.35647326097862,-5.395866836114283,-4.990416725958991,-4.367460486160517,-3.5723419546270474,-2.8819983060446646,-2.317897513200013,-1.864999445342829,-1.6940276318234777,-1.5933593497001588,-1.756303445331227,-2.0544147403453943,-2.466554397920065,-2.9387441079836125,-3.5496531294269245,-4.305724152424555,-4.652382988632592,-4.742327662360324,-4.570604634158668,-4.044060550264899,-3.296267182676659,-2.7025089256109998,-2.0303117521626723,-1.622629013658553,-1.3363289754216188,-1.276542436293373,-1.3668626630440088,-49.87829891213042,-46.76076047353806,-45.89889910743295,-53.85769899885079,-48.9091986128361,-45.98663786704016,-50.33587334769899,-49.87829891213042,-59.87829891213042,-62.88859886877023,-53.346173304338805,-1.1357889745437828,-0.8868898687165356,-0.9943471901622901,-1.1991917042199591,-1.6571089343918106,-2.292010714398092,-2.913616911995671,-3.5939494787260333,-4.098483161868538,-4.280895865650917,-3.918742601320015,-3.3057796682925478,-2.8308196932022014,-2.2279312842698626,-1.8401883926257168,-1.6415681336750203,-1.6290230677905275,-1.8196693577959242,-2.1708904366033663,-2.6439844948988,-3.22352116946879,-3.756767261080103,-4.145717648190736,-4.593013706765483,-4.802863655268018,-4.612315347417702,-55.89889882541004,-4.186005685091178,-4.02169540562628,-3.845831829829881,-3.617750321480209,-3.574060590778991,-3.586446155269447,-3.6227617641555456,-3.847613735741304,-4.053250466325366,-4.434040391889535,-4.836085286754568,-5.275960299047474,-5.650554316966632,-5.8789842774202885,-5.721205268735561,-5.448408360525114,-5.066898089210485,-4.52089660502499,-4.0634848365444345,-3.7137013413974183,-3.5271173583747144,-3.4437622860554535,-3.6215019571014535,-3.98751393586555,-4.3524863967759915,-4.883118730059363,-45.898898627994,-62.88859886877023,-49.87829891213042,-53.85769899885079,-62.88859886877023
-41.956236704726074,13.477782578717274,-48.84043547104932,-48.67010164114457,-55.83013534653009,-48.840435023370866,-3.0932441359948584,-3.257704532263494,-3.5907859623598877,-4.015129608686196,-4.642053346772586,-5.093376653998898,-5.2378039634645255,-5.164602555436472,-4.670803602709649,-3.966721174627301,-3.2915960939041726,-2.7690519715847066,-2.222123120798419,-1.999209278083961,-1.867549164600165,-2.078354809711503,-2.2913500815116867,-2.727345512688009,-3.140903070670609,-3.8034597939228245,-4.316792363295505,-4.660838496366636,-4.850617481973446,-4.4534241103438905,-3.9782906876675996,-3.401397889298292,-55.83013534653009,-2.535354934739061,-2.2880478928559627,-2.1698600749005594,-2.3959628038469107,-2.535810845099178,-3.0023647347213958,-3.615877944513062,-4.225468051699911,-5.013551656740508,-5.570771598355685,-5.893084268410224,-5.751352372804921,-5.562793147462219,-5.175234469474235,-5.013890493443994,-4.60600379138447,-4.318392707311849,-4.233014239459462,-4.344700782514664,-4.4900227952122105,-4.859888888003993,-5.200782241092385,-5.833715322123089,-6.372988241536509,-7.237431258280475,-7.826745939708964,-62.81983538989028,-45.57707687865534,-50.77863556333103,-53.277410761828776,-50.51534617610754,-52.81983580958884,-49.80953543325047,-53.277410761828776,-62.81983538989028,-56.799235476610654,-49.80953543325047,-7.120235462289396,-7.795673326925968,-8.785712827065742,-9.501352815659478,-10.171421022662916,-10.396209949876045,-10.03255114895904,-9.743398881834368,-9.267677136234838,-8.943908423661904,-8.336405605259614,-8.140115861108102,-8.19244201318583,-8.414742950945843,-8.828499835639466,-9.266527288006598,-9.951208268278545,-11.02977823432861,-11.96478914379746,-12.600297045394274,-13.288910134757783,-13.309910683790163,-12.771121285876443,-12.480573955719896,-12.006866710768751,-11.50178899356976,-55.83013534653009,-11.048685480415337,-11.413435244033817,-11.544737926029747,-11.873552018408981,-12.636284677519573,-13.365050834445029,-14.104923077517089,-14.888569480712944,-14.893327655670722,-15.287606089492115,-15.248837364496941,-15.180616391658985,-14.752610326642433,-14.559994827898405,-14.113631330958556,-14.146103135361539,-14.307741564666859,-14.700199943876434,-14.796203633739866,-15.63830765963881,-16.303469549319225,-16.806515630914937,-17.42606311018126,-17.816784464542117,-18.25860532153263,-18.57984441163203,-55.83013534653009,-47.505046137173885,-3.0831961297265176,-7.669565768173808,-8.32239847836906,4.371634058385441,15.416205727785787,8.300571396139077,18.183971835518552,-56.799235476610654,-48.67010164114457,-9.166677972810398,-9.976295105440755,-11.412713056162517,-12.183162281791496,-12.077341216576865,-10.58534348333982,-8.568896729433693,-6.667807270177559,-5.151923309191135,-3.995956414602542,-3.109852759234718,-2.530667616473247,-2.2173573110762037,-2.2187825270235444,-2.3619405962964932,-2.8983975624394356,-3.5168823917006344,-4.436319374543793,-5.2090027348869326,-5.884421270617127,-6.1673939479052144,-5.857032139148378,-5.158027572641647,-4.211594150980171,-3.373069568778732,-2.6580542552702866,-47.25681084854915,-1.696735308660904,-1.6443881247742338,-1.5735150362226533,-1.7959748416317285,-2.032860441478795,-2.57282420404663,-3.161682679326428,-3.806314834613878,-4.290731465888574,-4.841207230180802,-4.895603401585599,-4.815572462257812,-4.3879749969978805,-3.7794510924160827,-3.1722152199784355,-2.5024070757787165,-2.18196614104116,-1.702956795960397,-1.5147188516182022,-1.4592471086715872,-1.640497175708224,-1.9524081477320576,-2.3762217569778326,-2.9193164275927734,-3.5115059024514226,-4.0801863362791355,-47.505046137173885,-50.51534617610754,-59.80953543325047,-12.892799912452004,-50.77863556333103,-50.26711080518896,-56.799235476610654,-47.13781860294851,-48.67010164114457,-55.83013534653009,-55.83013534653009,-1.503225346368828,-1.9695533770258762,-2.6156878096612166,-3.2346693583631287,-3.899217795179473,-4.275536342436338,-4.282750103383284,-3.945800434628142,-3.287898897740387,-2.6560839457551144,-2.132586658120608,-1.7167904974197834,-1.4184363614754716,-1.3596065259004944,-1.4429024305924982,-1.8844421112141274,-2.245266364856932,-2.81683966275097,-3.176352680365391,-3.8263095979969384,-4.236846149364836,-4.419244979451834,-4.641240802853352,-4.3680362776305195,-4.1525449210838685,-3.975257933835538,-52.81983580958884,-3.5549291821156674,-3.4724276164025314,-3.335250738448238,-3.4328319598821504,-3.4148844250645665,-3.61968259599829,-3.951759424627881,-4.226572453180074,-4.7290552274525375,-5.126468391605531,-5.509583583717439,-5.649482698910932,-5.8141392410654555,-5.604399635133392,-5.524138012750122,-5.06864829192348,-4.595114430506039,-4.122251213877918,-3.7835047559228236,-3.6319751261012105,-3.5825624337314195,-3.5881729337942305,-3.8319862985466373,-4.16330094008826,-4.686394562991239,-5.254843541665954,-51.68040218966696,-50.51534617610754,-55.83013534653009,-50.51534617610754,-62.81983538989028
-43.63399721138094,13.525482053422014,-51.63270197525759,-55.78243561550424,-53.22971033258227,-49.761835702224616,-3.139542839394494,-3.2947211285023057,-3.6764789102407063,-4.059460180972161,-4.657659150286855,-5.031274822417943,-5.271644105841321,-5.168076888361668,-4.833470745038297,-4.312496787447847,-3.5540539650206675,-2.989490509633427,-2.5159928913033442,-2.178213086558368,-1.9877849899793967,-2.0268050858414712,-2.220933405039378,-2.584589942656612,-2.917022123734438,-3.6314560312016715,-4.161082929592109,-4.605580821764848,-4.964499741697457,-4.858619330776964,-4.474596675215758,-3.902662030390765,-46.64429717650449,-2.8889990321108447,-2.642777125804227,-2.3545070993933863,-2.405966426018471,-2.449091723751197,-2.749567395347652,-3.3727017251164266,-3.832072582956165,-4.597903478542964,-5.2380670095114805,-5.7017764741980725,-5.99398632958979,-6.076177823283725,-5.830209061308812,-5.598093576687515,-5.156224692324425,-4.856036032768784,-4.5185368820971386,-4.461293288286237,-4.473440103079943,-4.709758918529224,-4.921315346844165,-5.416146548284347,-5.985622609959806,-6.631393190790213,-7.311585151651313,-56.7515357455848,-53.22971033258227,-46.64429717650449,-49.761835702224616,-51.63270197525759,-55.78243561550424,-45.52937687097603,-52.77213545016441,-53.74123578894499,-52.77213545016441,-52.77213545016441,-6.7228584357919345,-7.036121764493207,-7.812309876983518,-8.472675717340849,-9.307315077383741,-10.101052386217104,-10.492625975225192,-10.629288226056746,-10.466905726115463,-10.10492798701053,-9.559611674242506,-9.146840021869377,-8.72494402775043,-8.569194405284225,-8.549192523992131,-8.881307920897292,-9.264540029263864,-9.936862094162066,-10.614570828368278,-11.498852109217522,-12.462982710188161,-13.297357121896605,-13.64651427295948,-13.72422319601272,-13.411776035081964,-12.935241823843446,-48.79273548866404,-12.119438882586858,-11.740908926696648,-11.613468777398051,-11.864266625747845,-11.717681033551319,-12.202706253158947,-12.829139928285452,-13.437465276771567,-14.431745641848366,-15.166930445914064,-15.501524361496212,-15.734666137250997,-15.817231109400645,-15.518247304439694,-15.466493241515106,-15.30268178556594,-14.821055748478255,-15.178403948816106,-15.436551978987039,-15.837944489513106,-15.93437309826177,-16.07181197078327,-16.603286002232835,-16.90064032227793,-17.773890778156186,-18.514185762216535,-55.78243561550424,-62.77213565886443,-3.0354965456506755,-7.621866354158647,-8.274699213180453,4.4193334724006,15.463905747558126,8.34827061257403,18.231671335328667,-56.7515357455848,-59.761835702224616,-14.29832157361474,-14.295915287589755,-12.611836110168195,-10.47777474414383,-8.326129777775623,-6.573890212045166,-5.229722998531127,-4.178873028207658,-3.429080715650115,-2.96790195338044,-2.7343863139602496,-2.8205551114431584,-3.191425577205786,-3.7261214267976666,-4.405730393538524,-5.337837658125066,-6.176652775964719,-6.642560428172431,-6.507448957139037,-5.903539404635008,-4.88973741775285,-3.973742239599087,-3.171592178553077,-2.44864003748108,-1.9839981068402122,-1.7194834884730905,-55.78243561550424,-1.6429500710876541,-1.9253366092177584,-2.2687830095611687,-2.8219075919945906,-3.342134529949302,-3.994737470590887,-4.582589736503886,-4.92866607270414,-5.0573628298176745,-4.882522637709978,-4.3606438034675845,-3.8158938822421407,-3.213334663773292,-2.6093877928102778,-2.2637581297150073,-1.859107376262529,-1.6919513607406147,-1.5912450100486788,-1.70347796155947,-1.9353184562983008,-2.413501360521429,-2.9303113843896424,-3.537581342496451,-4.11644118978825,-4.572566045743655,-4.827806160708992,-50.73093583230518,-62.77213565886443,-52.77213545016441,-53.22971033258227,-50.21941037594246,-48.62240231293832,-51.63270197525759,-46.64429717650449,-52.77213545016441,-56.7515357455848,-47.09011819257284,-2.278989765913514,-2.923834685246616,-3.6195730174396585,-4.110887857032838,-4.532570570215265,-4.301038218490881,-3.8682327403137524,-3.236510378579753,-2.662317602288335,-2.11078577697176,-1.6521350459144508,-1.4254375826952677,-1.3511423835463756,-1.4514542723550723,-1.7101176326593737,-2.196916307626789,-2.710377463572154,-3.30916585170237,-3.739276810888283,-4.319009149780183,-4.5202318169078035,-4.602964807118687,-4.539676413229218,-4.209379513306895,-3.9784240923606924,-3.728117880761736,-47.20911041930265,-3.384312320647291,-3.3800195681645784,-3.279948880008506,-3.480844115017092,-3.5423391453899407,-3.8584062526769354,-4.261644526336125,-4.537288833023377,-5.008284232186497,-5.369733308002242,-5.656931545969051,-5.870272438466921,-5.867250856876698,-5.63748238151418,-5.325255977126584,-4.869565480121447,-4.589282330974809,-4.077535769824014,-3.7577158957331163,-3.6098182142011677,-3.622044017350091,-3.7498164483206198,-4.076287122959735,-4.350956674891308,-4.912626583014885,-5.45047509471689,-50.46764644508169,-48.7927357112774,-12.927396154885178,-53.74123578894499,-56.7515357455848
-43.71157336802096,13.447905915629752,-62.84971189185812,-62.84971189185812,-53.81881202193868,-51.71027836878976,-3.288137733073286,-3.604334738154315,-3.9175497334476637,-4.380078538711153,-4.9542363267068925,-5.339308447070572,-5.1060459408561245,-4.751065380403489,-4.099371708659215,-3.344028510733976,-2.772234076901505,-2.34350201596475,-2.088603584071112,-1.9908081155476025,-2.154907197096813,-2.485323556667801,-3.0274836527815046,-3.612998504532567,-4.085564676938975,-4.653470018688271,-4.779851539780732,-4.618244362793559,-4.113936880712012,-3.4408184233069967,-2.932344513754889,-2.4782330123195733,-42.84971189185812,-2.1433603970464867,-2.2037655581435356,-2.5300029193065283,-3.069678702562672,-3.596936434925934,-4.293491047224575,-5.051258564232865,-5.387068441388319,-5.6759195942654905,-5.38841664855926,-5.080427761129172,-4.475513326686126,-4.139356432872221,-3.939781828799779,-3.8220216202709922,-3.9437133759408787,-4.087504674381072,-4.597807832527103,-5.141920441932123,-5.833056527692455,-6.456590345077568,-7.037613473766163,-7.440688844441453,-7.47120606963504,-7.583979988896657,-7.1730974222445765,-56.829111978578496,-62.84971189185812,-51.71027836878976,-62.84971189185812,-48.87031180513774,-47.79821210865906,-59.83941193521831,-55.860011848497926,-47.53492272143557,-55.860011848497926,-53.30728679746487,-9.446857691681803,-9.550365817282296,-9.417556246008102,-8.849515541206536,-8.326556184771029,-7.936627177993762,-7.423947397136893,-7.356527424097169,-7.592398038579809,-8.07188870585499,-8.414750838840309,-9.11336573157544,-10.272038140042547,-11.25725900736587,-12.012070423090389,-11.959638229607052,-11.865871001338915,-11.650392973384495,-11.12435378805922,-10.677900206679496,-10.35679850666736,-10.266500652317594,-10.243632710226084,-10.641807887422273,-11.19320355882962,-11.69144404631685,-49.83941193521831,-13.344456726118267,-14.098520290532887,-14.901068892092797,-14.360127450550257,-14.524814277368655,-13.880207905283742,-13.280875473412653,-13.071927291110583,-12.831466269225785,-12.8467161399925,-12.987146610965457,-13.507758703644638,-13.964266431704342,-14.71563712613766,-15.298589040008304,-15.943764702831999,-16.828026233230595,-16.809612364255933,-16.712033657999513,-16.84248685919163,-17.071807872341516,-16.947425920079723,-16.943410861505694,-16.824228831659372,-17.438289803383434,-17.72473551553326,-12.836439438209624,-53.30728679746487,-3.113072944543787,-7.69944238786481,-8.352274853594576,4.341757438694438,15.386329827171911,8.270694555730945,18.15409523161729,-48.699978412149946,-53.81881202193868,-8.607660067661556,-7.088556919215927,-5.8439726056572585,-5.103046405491039,-4.606513695181405,-4.653048832761277,-4.7800340578588605,-5.281426874638207,-6.200999224862552,-7.219353134078313,-8.086483088512782,-8.295156719866505,-7.629484043262082,-6.3312644519262555,-4.887133660517134,-3.7600766246849773,-2.8381838618647452,-2.1231511637480773,-1.7289598641616732,-1.6474419956564024,-1.7277318457728077,-2.1093264405123495,-2.5909863160616635,-3.377875571004298,-4.193526075332413,-4.860250977881257,-49.83941193521831,-5.361345550739237,-4.982502731975904,-4.279367641042626,-3.44870752892874,-2.8319597009193824,-2.2931880462763794,-1.9504311776099001,-1.7621647951590103,-1.6919032402143608,-1.833773935877243,-2.124345616562368,-2.60138810429186,-3.1800719224205984,-3.7808258244876165,-4.351293438995066,-4.7273984608904716,-4.8280383416435155,-4.495634522841682,-3.9220008706614413,-3.22824940831232,-2.621614848155863,-2.0817607299913945,-1.626268167811773,-1.3959510370930488,-1.3461946175167108,-1.487438451288874,-50.54522267807538,-48.87031180513774,-48.22573191286856,-46.72187332466077,-50.80851206529887,-48.87031180513774,-55.860011848497926,-56.829111978578496,-50.80851206529887,-59.83941193521831,-50.80851206529887,-1.1805670714086256,-0.9833436402867548,-0.9787369937663053,-1.2248682510357871,-1.6918464648494473,-2.395899056828754,-3.0616044699688323,-3.846303042350678,-4.284053897276588,-4.196587148994476,-3.9890364585551485,-3.4216873861333372,-2.729337020433892,-2.254380500685147,-1.869130421115969,-1.7140145803050229,-1.7282486350336121,-1.8838233343333655,-2.177515159886624,-2.653410964383276,-3.210733853747128,-3.7979074545980596,-4.324802397586347,-4.534430698824766,-4.678310745733826,-4.752229844108822,-51.71027836878976,-4.304653504283954,-3.9441831209455183,-3.7198749395197983,-3.5964208915410074,-3.47178057858297,-3.4956769564290653,-3.6999109729310375,-3.83930447307383,-4.266259274668872,-4.642805275478448,-5.124228487256706,-5.389896733860843,-5.72691992936814,-5.939020717901858,-5.807176761494049,-5.494098221446223,-4.996235469145089,-4.537965924694843,-4.037714799673049,-3.789584972668937,-3.5225399222455565,-3.5669363782073655,-3.703773933290588,-3.9670800928111456,-4.640344755048792,-5.1854495560630145,-48.87031180513774,-48.699978412149946,-52.84971189185812,-49.83941193521831,-52.84971189185812
-40.77295798852283,13.483460098971978,-56.793558111514606,-62.81415802479423,-55.824457981434044,-48.66442467951693,-3.3168923105292243,-3.6734092068216206,-3.9518458454784278,-4.49847406918337,-4.985849941256747,-5.366144460148786,-5.243235676478647,-4.846611263354478,-4.188157932230862,-3.3763397907344777,-2.8286484070559026,-2.4363164470784735,-2.176198851493717,-2.1238259926204535,-2.2806915977962134,-2.5147348383334283,-3.0985564116389415,-3.602705698664756,-4.297050269830605,-4.754516687684341,-4.862082178907166,-4.693953570820586,-4.118789998744714,-3.520408544418982,-3.0101422413986767,-2.6129826119892456,-43.783258154874794,-2.2356529085587513,-2.314984194553977,-2.7123252132645974,-3.092477077605493,-3.8615906708199113,-4.468831771100079,-5.161914684361059,-5.549657074841309,-5.590640932969892,-5.36434777974751,-5.042609684750749,-4.635167716633675,-4.212329876983837,-3.9887477716027444,-3.8945934224165732,-3.999712308669676,-4.19807314954446,-4.624183868322182,-5.152260873982892,-5.748985905338766,-6.706651526755724,-7.198850787925284,-7.611930667711041,-7.7215276649466125,-7.576849637062101,-7.166527221301493,-46.68631954284572,-56.793558111514606,-51.67472434040882,-50.5096688110115,-48.190178166328906,-53.7832581548748,-59.80385806815442,-53.7832581548748,-55.824457981434044,-51.67472434040882,-55.824457981434044,-9.699416619143621,-9.612175638159293,-9.20697475245657,-8.880863481286724,-8.280347650763233,-7.853943960566809,-7.553493215645913,-7.515685118369948,-7.6408659103522485,-7.899364664805242,-8.527498072418082,-9.410411249290908,-10.200624763222825,-11.147785365092988,-11.795553253786256,-12.143709749035894,-12.199633000908797,-11.601514935920536,-11.11330163068284,-10.781816171231188,-10.282232379782146,-10.2968759458554,-10.159705838077912,-10.540382086713977,-11.188931888393586,-11.798818281165342,-62.81415802479423,-13.582443622030777,-14.181286727065515,-14.88289221337785,-14.466137618225247,-14.534458981171738,-14.04782353648959,-13.503598620455257,-13.224269340194962,-12.700568389460669,-12.82772933116787,-12.931913669679156,-13.543484297150535,-14.366839733138676,-15.041558018264764,-15.227763681376207,-15.966960668757743,-16.849066409802617,-16.64992776519102,-16.60613706370713,-16.932562156097724,-17.091367913463795,-17.324984427647365,-17.32314422227192,-17.46451057292532,-17.179109724447027,-17.324984427647365,-52.814157815082076,-47.25113278410785,-3.0775186522905624,-7.663888942763041,-8.31672153615392,4.3773108837962065,15.421883607088898,8.30624884590787,18.189648986312584,-62.81415802479423,-59.80385806815442,-8.579979149807773,-7.070453648285398,-5.89555740378457,-5.209676846981451,-4.654543935686711,-4.631602234076887,-4.856351503122162,-5.384001752881357,-6.214616135324206,-7.217712989234425,-8.153419273074729,-8.455698211574136,-7.792482320614625,-6.464309560469779,-5.042587903666841,-3.740662221196398,-2.8977160260776325,-2.1024324161880616,-1.8061772465097223,-1.7235962495267896,-1.7675116617110702,-2.1283779383455843,-2.6069618130892804,-3.4408601439375834,-4.269342560466974,-5.068455593385998,-50.5096688110115,-5.515612183968841,-5.01598642084709,-4.416110811426394,-3.46373799042826,-2.936490158046726,-2.3649210254536444,-1.9799738717341597,-1.799900841672777,-1.7574590127770358,-1.876912375790694,-2.2517547467509282,-2.736125928898568,-3.3088298524510162,-3.9941237907645877,-4.452126368439689,-4.856567165518586,-4.800916513408675,-4.5751271175983055,-3.922637153040003,-3.240566406512454,-2.652385368355103,-2.1079435248120584,-1.6049917420358375,-1.4748812457580227,-1.4468763801270281,-1.6272197433815845,-49.80385806815442,-53.27173269738748,-47.762658241595176,-53.27173269738748,-56.793558111514606,-55.824457981434044,-55.824457981434044,-55.824457981434044,-46.28203265402729,-52.814157815082076,-50.5096688110115,-1.2178096048803668,-1.0566722049327804,-1.0351641411365586,-1.3810208042618641,-1.7626376192430926,-2.488599030126314,-3.1745005317524138,-3.8556634837289927,-4.262481165032716,-4.260359679416845,-3.994516982680463,-3.4400521577900762,-2.744110003567681,-2.25378503201502,-1.9413638043595205,-1.714578046656548,-1.818646221559512,-1.9309965294703386,-2.347084521019316,-2.785304389048788,-3.331940872197339,-3.9013937033475843,-4.320154190647893,-4.6088267181678475,-4.79846074031222,-4.769812413519071,-45.912197524097905,-4.276969079929188,-3.9331944780479944,-3.8168721206003124,-3.62318834967446,-3.628900535344697,-3.6198621026233093,-3.7887335193187206,-3.8979305025632005,-4.270678695722541,-4.602554809668444,-5.073063146996308,-5.448074200716584,-5.640540652394979,-5.892168321834238,-5.8426844805740865,-5.523531354377668,-4.961514506644601,-4.61537063069991,-4.2154168746618454,-3.8395363116770675,-3.7144009966732088,-3.6112289852354977,-3.7350485079941205,-4.053267693529811,-4.674347245514373,-5.198547778874563,-48.83475785418899,-50.5096688110115,-52.814157815082076,-59.80385806815442,-59.80385806815442
-44.611114289855216,13.557370050775695,-62.74024785628377,-47.425458645089606,-51.600814493165586,-45.75054752181424,-3.274619865685524,-3.4248301407379618,-3.7971203096567763,-4.219103311771504,-4.779279878668606,-5.100961210567757,-5.321730707404296,-5.145616933312316,-4.747159398248993,-4.160690628504869,-3.511079220802369,-2.987561889872859,-2.5399642457494034,-2.2081414189447877,-2.1177647034152116,-2.221220929840284,-2.4349143973009713,-2.871075494408091,-3.2706777963033518,-3.909485133538607,-4.395760828448501,-4.807647060431247,-4.9416721898967895,-4.705150792177439,-4.265002445337577,-3.7212804112994324,-48.76084763093991,-2.780694818440192,-2.573954658853795,-2.4044624508469,-2.5001347136476086,-2.6992705424663352,-3.1081657730984302,-3.622383220893365,-4.263528443786478,-4.9741873492026665,-5.589159917422063,-5.9534890073545625,-5.974116653285435,-5.944061294536619,-5.555928629267041,-5.27072359965672,-4.845392595786652,-4.670143380486386,-4.454802185826119,-4.461123760921396,-4.572202327261675,-4.906808260991048,-5.291836224567492,-5.785211761586094,-6.4078971964400475,-7.154254336186636,-7.803924955264696,-51.600814493165586,-59.72994789964396,-48.76084763093991,-62.74024785628377,-13.061146118845945,-53.19782299292968,-62.74024785628377,-44.61111406592495,-55.750547812923585,-53.19782299292968,-59.72994789964396,-7.059991564491877,-7.621668380191603,-8.414643748404702,-9.19539837471964,-9.977261387945944,-10.382540105295572,-10.405971328058977,-10.192496005104344,-9.847703604529663,-9.3016343027732,-8.844600347985365,-8.605624032020728,-8.480148019920538,-8.595327421311346,-8.702147284230277,-9.125651479995328,-9.738120422246517,-10.487026126812854,-11.573738539842482,-12.311816004613487,-12.992506815309156,-13.429484891837797,-13.356551844238147,-13.075826567915579,-12.520709771767907,-12.109768180131784,-53.709347986364335,-11.565546124359802,-11.364396515867007,-11.590669953578113,-12.059985699122599,-12.443164128552397,-13.032596442383165,-13.759306434044404,-14.623291822577018,-15.289343953275365,-15.767082554818117,-15.9104079485009,-15.695825714637861,-15.149010917887617,-14.85290903342003,-15.236321109856327,-14.986036528452916,-14.5508666511212,-15.275384628727924,-15.841479128250803,-15.926297559652593,-16.377375366815627,-16.727907618158458,-17.316226829098763,-17.913512400948306,-18.58350435896679,-18.851956408206693,-49.72994789964396,-45.58021457988596,-3.0036083816601113,-7.589978186430084,-8.242810814449394,4.451221640129163,15.49579366931148,8.380158811680568,18.26355926884232,-50.43575864250103,-53.709347986364335,-11.379069623556218,-12.553243100660499,-13.239472866234724,-12.609346693446595,-11.033143126215698,-8.823400275447069,-7.026770429383067,-5.480853817518606,-4.2712135417280575,-3.455751812495312,-2.940445921932025,-2.6042503375269237,-2.5541581215969407,-2.7730081945908207,-3.134084430693041,-3.9982367983171536,-4.740008954934041,-5.6741963069334735,-6.278750356465142,-6.484520649266243,-6.038225399291926,-5.260097582274998,-4.375994116626981,-3.467154810008528,-2.725732165606318,-2.213424018290878,-53.709347986364335,-1.6707749580250941,-1.7365802331620643,-1.8757240088188558,-2.2129621712097727,-2.7019900476888354,-3.306524811519443,-3.8936022018289442,-4.51278259568035,-4.910901180814703,-5.161355192815263,-4.913429150800206,-4.506124981910993,-3.9073080922592944,-3.2688035201021375,-2.8340007253565287,-2.267713129059245,-1.9047734654902315,-1.6830961196530936,-1.6620691275585908,-1.732835058483408,-1.9630451955759567,-2.431414332523401,-2.978706713172855,-3.619920053598616,-4.164583154844643,-4.649636265578378,-48.59051424328377,-48.760847852737484,-59.72994789964396,-62.74024785628377,-56.71964794300415,-50.69904802972452,-50.18752303628987,-50.69904802972452,-53.19782299292968,-47.68874807308471,-51.600814493165586,-1.9509476314477328,-2.4697008351505723,-3.1954831195437965,-3.7633174465678554,-4.275429622647467,-4.401067207450542,-4.181556445149664,-3.633998432895356,-3.003705383563819,-2.4431760747339655,-1.9881334826123385,-1.6885741359220108,-1.4830383258049822,-1.4943580635386475,-1.6225633325131352,-2.1024383495909373,-2.525733288035486,-3.137228932792685,-3.59291390694489,-4.164510815963366,-4.494922025616249,-4.657651565554225,-4.650762401317861,-4.392856686885379,-4.154124419101898,-3.8669114250869825,-45.83828675894829,-3.4700108252243558,-3.4608291229018535,-3.378801352413871,-3.546265912053323,-3.6147698730232007,-3.9286329453683666,-4.174723266842138,-4.526108048208411,-4.94866403670844,-5.38742143144296,-5.71020728028929,-5.858640014789982,-5.832751008129462,-5.654093100267427,-5.438095488063151,-4.9097562887608435,-4.709331351931177,-4.140823022697983,-3.837440614159866,-3.7613392187709143,-3.693649207381178,-3.8477860072937715,-4.089795078015416,-4.410429077216531,-4.91721340099858,-5.43448399307913,-55.750547812923585,-51.600814493165586,-50.69904802972452,-55.750547812923585,-56.71964794300415
-42.11714344042372,13.49861587086475,-55.80930203241802,-55.80930203241802,-47.11698460878766,-47.23597683549806,-3.262656367850692,-3.549921560172133,-3.886722568411619,-4.420031785488941,-4.934313394598035,-5.387162523840583,-5.206948736343491,-4.941768458192914,-4.411486613916026,-3.622623749858116,-3.091257518268743,-2.6106451718784642,-2.2900639169411403,-2.191812230378752,-2.2048634196021304,-2.288121823182652,-2.7450303778104956,-3.2131482735702233,-3.8878444531246754,-4.468646778938293,-4.856150902717038,-4.902786184594234,-4.557060293722666,-4.066191644485188,-3.5870655335472286,-3.0275988295962297,-53.25657674877768,-2.363171312075092,-2.3378721020399427,-2.5050953100028686,-2.6404734722358496,-3.3124034707248775,-3.9455480068081976,-4.598341261997432,-5.2212473452228325,-5.526892799582118,-5.699183335687238,-5.586486635806694,-5.413725452604536,-5.053190249282412,-4.677378467207533,-4.244676746346296,-4.120216227615453,-4.219089044443513,-4.281839153006652,-4.595857865538519,-5.046190104694952,-5.793193189844375,-6.532878234865035,-7.054464175094456,-7.713691450638763,-7.89361673327754,-7.896101299780817,-50.494512861995474,-56.77840216249858,-53.768102205858774,-55.80930203241802,-52.79900186643165,-52.79900186643165,-53.25657674877768,-47.74750229257915,-55.80930203241802,-45.89704117580424,-52.79900186643165,-8.852297033611896,-9.473405573222614,-9.7334220775132,-9.670757046858965,-9.586643580148131,-9.400017653602081,-8.716856890534086,-8.344516715069027,-8.05449386791252,-7.6954157478659475,-7.938028422951211,-8.261111063159243,-8.741287909373035,-9.428405134797739,-10.155121718864335,-11.253058416481188,-12.224432907323205,-12.738065733490574,-12.491790941242897,-12.575997071351612,-11.92243009686434,-11.39486462759356,-11.073322806769024,-10.739924190094968,-10.627533023711127,-10.840641434796057,-51.65956839167403,-11.724188804112707,-12.36899647645136,-13.113005096873033,-13.998816721158294,-14.587209060755013,-14.986045011710011,-15.355681114822946,-14.712842084167477,-14.51414344821307,-14.141745574628787,-13.740719645301745,-13.722094406844354,-13.810379660018244,-14.138670145618164,-14.239572354997474,-14.678094257681959,-15.60220975106632,-16.160015168657246,-16.784268878163505,-17.318180269528828,-17.808733286128508,-18.01723469850707,-18.00973132548541,-18.281597849634714,-18.170082827507912,-18.241267931731883,-62.799002075778205,-53.768102205858774,-3.0623626868075275,-7.648732887766679,-8.301565140860692,4.3924669387925706,15.437039182947764,8.321404498748194,18.20480513714786,-52.79900186643165,-48.649268730266535,-6.516318625156633,-6.2965780101113245,-6.354813269166362,-6.751731683911411,-7.531759526510367,-8.602583449034006,-9.580015648199453,-10.05342876831186,-9.495574436753458,-8.118572910214667,-6.504314879360791,-4.967043859086264,-3.8751061461061846,-2.929028712533121,-2.280838252209711,-1.9126098069318853,-1.8735467404473496,-2.0075625056187505,-2.421355705175702,-3.0908626844221883,-3.7985167100750155,-4.605405553313248,-5.342446909335451,-5.7782651978811685,-5.553540098841955,-5.1630377955728814,-47.74750229257915,-3.51712868076128,-2.8031295611452234,-2.298976986952683,-1.8705993568922952,-1.7230870098758586,-1.681387868668784,-1.885410581974443,-2.1518583059121847,-2.678791945201042,-3.206770162159003,-3.851799344074646,-4.399887459935272,-4.7758563680465365,-4.9208702662470225,-4.7121671461681,-4.261259689853178,-3.5823870942829124,-2.9621938691349086,-2.3607203081323562,-1.9138633392165516,-1.5917856491298026,-1.4995008183549952,-1.4690803680810172,-1.6900291047151892,-2.1839195344894455,-2.7498369170846324,-43.768102205858774,-62.799002075778205,-12.914989837934264,-56.77840216249858,-50.24627679213787,-56.77840216249858,-52.79900186643165,-43.768102205858774,-52.79900186643165,-48.17502221710275,-51.65956839167403,-1.0043315449789185,-1.21734429864351,-1.5913514393692503,-2.2000369001577953,-2.9204450733978415,-3.657554997524199,-4.1216175273670315,-4.362034845641489,-4.167076658869778,-3.6389023993996883,-3.0034273394644013,-2.3892147220582016,-1.9700002664115792,-1.682167056731869,-1.5675675496197339,-1.5245525031608893,-1.833916352202075,-2.161702921100661,-2.8045208520551097,-3.323802599098774,-3.9647443066010974,-4.472725241336187,-4.577314836066563,-4.792648654839656,-4.650449228381015,-4.4417346494187795,-50.24627679213787,-3.8313320333171808,-3.6024379502468724,-3.5762741344075195,-3.3632163043989176,-3.505625475394767,-3.6316154590545837,-3.8466280494111564,-4.216759041742474,-4.5070195956709185,-4.8280654925035105,-5.26368505642478,-5.685114196942229,-5.900046979454486,-5.895579082693821,-5.5562435344181695,-5.275566598764522,-4.725803904401567,-4.33996397401875,-3.971633992616831,-3.688166683156778,-3.711150361228907,-3.7660183412446173,-3.9182855752317742,-4.274178136805846,-4.736381353486752,-5.241709082437897,-47.484212946404,-51.65956839167403,-62.799002075778205,-55.80930203241802,-56.77840216249858
-47.19849268946309,13.536100161938094,-12.72569429956395,-48.78211775864318,-46.229392559382525,-43.26761790132711,-3.390186918850417,-3.4896218274706925,-4.0964883457003625,-4.449829594421612,-5.064776317541164,-5.348898796582456,-5.224569356859513,-5.038740817123939,-4.408513433267463,-3.9364262165112636,-3.2255203301561934,-2.728895074610013,-2.371467915670406,-2.2087363880907627,-2.143959468657662,-2.4915058879567225,-2.715583395484931,-3.3103740889240556,-3.8683100587035204,-4.47124813074704,-4.876935346084186,-4.9072369996575205,-4.712630411526785,-4.295617057859392,-3.7040662368504873,-3.0849528962915644,-43.4673287451675,-2.3778560336974626,-2.5366317567354164,-2.4858161001098775,-2.823876620051475,-3.2483271916210894,-3.8929459959738026,-4.502137941106067,-5.2779473958942145,-5.508086841656336,-5.86444334526823,-5.71112158191179,-5.5412860616098385,-5.105458575150772,-4.683510272244235,-4.484595031851246,-4.188192710589137,-4.350521204940793,-4.278856615766201,-4.6482348214175175,-5.002705586322956,-5.744862776803733,-6.450968145697318,-7.195357648312738,-7.742206801999552,-7.787908161326444,-7.780880930562853,-47.07950046272562,-47.71001814554252,-52.761517720296524,-55.771817885381395,-44.632384287486595,-62.76151792874158,-55.771817885381395,-59.75121797210177,-59.75121797210177,-51.62208424533085,-50.72031810218233,-8.730003834253555,-9.451458411748954,-9.68839801764482,-9.677901517540668,-9.754498373809115,-9.456385968000387,-8.925787752718474,-8.617116133373559,-8.11362783148952,-7.942135039071267,-8.1093407390498,-8.432386140334444,-8.63031504383424,-9.220702640554688,-9.939172721101048,-11.372525127725925,-12.145146181789443,-12.744094184267858,-12.514978776248322,-12.717229447754404,-12.162326167063567,-11.522185580629348,-11.469228152679387,-10.91378067242746,-10.765666667567718,-10.917045625617522,-55.771817885381395,-11.680605341005943,-12.374958571894455,-12.91368018370319,-14.13799718061613,-14.396188220316045,-15.152470232842363,-15.349292269850514,-14.986886903647106,-14.729542339086418,-14.5785989043722,-14.161613504652442,-13.762383480593423,-13.737898491104449,-13.953153212734762,-14.403027259144036,-14.733164866821424,-15.495060320916153,-16.029004060770816,-16.866377874610677,-17.454783655483304,-17.799834814257864,-17.800943441804364,-18.51319146328601,-18.435512551113224,-18.761840062532315,-18.503242294216665,-55.771817885381395,-59.75121797210177,-3.024878695646245,-7.6112487454600775,-8.264081377354538,4.42995108109917,15.474523427268105,8.358888761641332,18.242289150901016,-48.13753806954803,-44.06920071265298,-6.679489273064677,-6.4405506104768175,-6.815714338338884,-7.05238935127097,-8.147358143504439,-9.10459815044447,-10.05312329792384,-10.366320882349205,-9.240136864233934,-8.017533745180243,-6.290721514684133,-4.801314699103962,-3.665224959438122,-2.7946808098275073,-2.1114751207501943,-2.1222536867669,-1.966388193020111,-2.3110278036548673,-2.5771758017019564,-3.4160034410057345,-4.123128434791372,-4.927957032055238,-5.721686733004143,-5.86327234128409,-5.558982435085622,-4.928965329453922,-42.89380065054668,-3.2493817366446125,-2.776601016198689,-2.145270498733704,-1.995139038429503,-1.6563949942504146,-1.820116617472044,-2.0141067435055144,-2.3645973016744137,-2.804582391226612,-3.5490556796152677,-4.113441269397191,-4.528536725449573,-4.75032893659086,-4.728640559084224,-4.822964890608767,-4.100382246582522,-3.536080117662884,-2.830419346661664,-2.398982593797019,-1.8890149522868136,-1.6741597646033042,-1.4858247063793923,-1.7430989129531185,-1.901267246866409,-2.357456783434542,-2.8865135502089245,-42.76151784536356,-43.4673287451675,-48.61178458265202,-62.76151792874158,-51.62208424533085,-55.771817885381395,-56.74091801546196,-44.90821949890083,-48.13753806954803,-45.60148433205123,-46.633679446277995,-1.095970782871329,-1.2290719610293679,-1.8821252517715001,-2.330391346804774,-3.1617125284207725,-3.748493450244629,-4.238640157459567,-4.400423769435135,-4.050665756631427,-3.7729888839818964,-3.003690044402116,-2.429565256207392,-1.9981544390345982,-1.6534063944966824,-1.4956325033494478,-1.7510999521764523,-1.8863689342298966,-2.349608966255749,-2.8487036180290204,-3.476197132478909,-4.100033610133719,-4.481386809374174,-4.750576210288023,-4.830825395844652,-4.763613004090245,-4.3785377382826205,-51.62208424533085,-3.7963438580471154,-3.7828178571227378,-3.5436079239096347,-3.5830505747181176,-3.5049685246957587,-3.768435315444387,-3.9382996435472477,-4.295889076602156,-4.466962213107882,-5.038615948656502,-5.348898551302543,-5.664579374006187,-5.8720097879889,-5.792426068017976,-5.732905822208323,-5.237253578972755,-4.89430881454333,-4.328193207954861,-4.034129732475177,-3.778819823724566,-3.7212637326269444,-3.837337812739812,-4.15140372245715,-4.400144655433476,-4.726878900652278,-5.165345157398312,-43.21909288066945,-48.78211775864318,-46.7409178070169,-53.21909260274271,-62.76151792874158
-43.42156872744877,13.581859992260645,-51.5763239961591,-62.715757838227134,-56.69515792494751,-49.70545788158732,-3.4774136573648273,-3.6683425310884554,-3.926486269347125,-4.503072930028342,-4.9967610785955126,-5.416079714439482,-5.30409993921455,-5.12192029172729,-4.630508768518865,-3.986681755346444,-3.3181600583215753,-2.9033496387905307,-2.503149490550924,-2.368182158504635,-2.4276632853807687,-2.412611031050174,-2.868176447250803,-3.293270642815141,-3.8523794493493337,-4.460166097096987,-4.8305604006506595,-5.050380202483553,-4.829938308228391,-4.398589041319393,-3.9474392524568302,-3.3721423350370454,-52.71575742352756,-2.6915181703746627,-2.497375751870865,-2.6213167273853903,-2.778636257886426,-3.225348072884236,-3.7283690077598006,-4.37017123018701,-5.038938945336035,-5.745025623938603,-5.9667332795588806,-6.023370415614673,-5.777565349038816,-5.441890675117399,-5.10968594379977,-4.679753258075833,-4.489344577621643,-4.393294049657937,-4.488521045004321,-4.595493030221545,-5.092566731054136,-5.594979569739471,-6.140944734002112,-6.700535629850313,-7.263924431846136,-8.008801554259382,-8.243913944696974,-43.221857849437114,-48.736357585626926,-52.71575742352756,-50.16303232641678,-52.71575742352756,-52.71575742352756,-62.715757838227134,-56.69515792494751,-50.411268624444396,-56.69515792494751,-46.58791943960685,-8.200932997496324,-9.022392920888999,-9.67419253075519,-10.099680063448666,-10.057089068307217,-9.909313936096222,-9.337472566607119,-8.847951133205184,-8.55066752032542,-8.148302720374547,-8.013858767215737,-8.197571272886407,-8.485053096759364,-8.999538426436054,-9.817639274702717,-10.34119997613791,-11.241808564426455,-12.142558924385899,-12.718495089657138,-12.992386906558224,-12.774830899202733,-12.42386862385489,-11.794098058313915,-11.247998825509999,-11.049532468133439,-11.147360067012704,-52.71575742352756,-11.519998979919915,-11.923221618579436,-12.538206130235736,-13.387521007278249,-14.335582959507072,-14.682211410891163,-15.313631229955963,-15.572711968220627,-15.385631756198539,-15.081178316078713,-14.797097680402562,-14.146657469406643,-13.99553599876497,-14.2173273740454,-14.406215907436277,-14.89705581978274,-15.012982863351942,-15.997644740240109,-16.481610812030958,-17.254034112373255,-17.580252562946058,-18.014005968500385,-18.148909785938343,-18.525291975591898,-18.954004759990454,-19.320647193731524,-53.684857968307696,-55.726057794866946,-2.979118612665532,-7.565488241307894,-8.218320922445319,4.475711585251354,15.520283393170207,8.404648495554532,18.28804930324121,-62.715757838227134,-49.70545788158732,-7.252244103559546,-7.491615738256863,-7.9971516806365965,-8.973316244994985,-9.960294939493439,-10.981214479608386,-10.958031538745917,-9.886705474801333,-8.080934158703993,-6.3348107620027205,-4.911108555109172,-3.8882077939736264,-2.991484468576044,-2.477124478974159,-2.1596435209950022,-2.1362038437818534,-2.462797198364965,-2.8716999390575397,-3.562577753578428,-4.425487882266022,-5.209524807000516,-5.943001424593969,-6.1019381430315365,-5.745889257689648,-5.060972321949566,-4.236171084128883,-47.03374014923333,-2.772014467193485,-2.2304073487387632,-1.9724730409668132,-1.7700366323989054,-1.864119200702237,-1.9666246372979215,-2.4258627407839675,-2.8835334235240544,-3.5377631418831563,-4.123629952590793,-4.6484715550185784,-4.980921310729516,-5.071208952228887,-4.84131624852139,-4.245308934629836,-3.706801588497444,-2.9729442372051147,-2.456848231496131,-2.033646988610745,-1.7421679873732545,-1.6472391250972704,-1.7186405561916822,-1.9089087357820065,-2.334159956117156,-2.895248920554849,-3.5305008345931603,-47.664258055028085,-55.726057794866946,-55.726057794866946,-56.69515792494751,-62.715757838227134,-51.5763239961591,-59.70545788158732,-53.684857968307696,-44.39066871116478,-51.5763239961591,-50.16303232641678,-1.3141200197976686,-1.6862610762862849,-2.1069900134400736,-2.815314507685464,-3.5105802694580603,-4.146603014969264,-4.434561492140828,-4.403377324095684,-4.027568491786194,-3.338683647331135,-2.7167220564497514,-2.24484397343851,-1.8134739011657413,-1.7004692111086945,-1.7052710867436918,-1.8116784030546662,-2.216866981626901,-2.5854128895336532,-3.1443800264898747,-3.756474151127536,-4.20781923354782,-4.662047708884145,-4.83180391076567,-4.67184154494584,-4.536820042966619,-4.2708806297344815,-52.71575742352756,-3.8564941389831113,-3.719193976826171,-3.6397418539314916,-3.5504340615770484,-3.6459461319483566,-3.760930038429724,-4.0057643819741715,-4.316392115709459,-4.847037119334707,-5.144805328964464,-5.534786930398166,-5.840878721838592,-5.931220291852592,-5.928999230092732,-5.5900604931384485,-5.219902196090947,-4.833359603363558,-4.365780808294963,-4.030059821219135,-3.8259027439264903,-3.758692909689949,-3.8915026729864275,-4.016403571966042,-4.326650471651198,-4.87117582473375,-5.451542343887176,-45.081477664264675,-50.411268624444396,-50.16303232641678,-52.71575742352756,-53.684857968307696
-55.73647576424385,13.571441935547286,-62.72617580760404,-48.10219606723359,-51.586741965153145,-62.72617580760404,-3.4258135780335013,-3.6935394449907393,-4.00744701764067,-4.521993935161372,-4.943895817625272,-5.407122844739999,-5.386271495306277,-5.150606553496258,-4.533448253141502,-3.844246409528777,-3.3564463186992906,-2.9074732866018493,-2.48752167917553,-2.2824559371497193,-2.3552708791304666,-2.509115553465438,-2.9996957970056917,-3.3845611406555602,-4.011771652467514,-4.474635684697307,-4.881136710113985,-4.949298566465588,-4.784747612452358,-4.325008325799272,-3.6945970623634987,-3.264046625967963,-40.447308867928136,-2.5475945358659917,-2.4934700231207794,-2.655700079977218,-2.873483268883827,-3.4280798232945573,-3.9748104365380015,-4.588704793111184,-5.277107524293747,-5.725424286573123,-5.8863357117228805,-5.863952576448662,-5.54404138723814,-5.152420273927984,-4.844647530929853,-4.498710379173663,-4.423953607041335,-4.338131859193595,-4.559031184702066,-4.824387306956152,-5.146191307026595,-5.8297135257598125,-6.4475113731635165,-7.060563791418821,-7.651057734726771,-8.034880442728971,-8.070324978674453,-51.586741965153145,-44.87287729867773,-55.73647576424385,-52.726175392406766,-56.70557589432441,-48.746775997681844,-50.684975981044786,-52.726175392406766,-51.586741965153145,-59.715875850964224,-59.715875850964224,-8.748217704113264,-9.450849712405894,-9.76029173581518,-10.041121464528457,-9.848068860130926,-9.443582914356721,-8.869237524175093,-8.408036459163828,-8.100458950802127,-8.012965044053457,-7.995658620161306,-8.344234354499717,-8.783883292248746,-9.394525510898978,-10.141599042994812,-10.922336248272398,-11.939433322346417,-12.603837275050253,-12.860787311555079,-12.639748236031018,-12.14597927710743,-11.743165926573905,-11.075514198749525,-11.06172625875216,-10.9933804411795,-10.945388896905099,-50.173450295240684,-11.754227748851969,-12.380292296769879,-13.271440454421699,-14.012957437199704,-14.836506509587297,-15.215772781492706,-15.387384770983461,-15.114116579135901,-14.468540130274953,-13.996634140105078,-13.847978094171594,-13.964170713650905,-14.020673755458134,-14.398022284396053,-14.38451274085134,-14.78296848504668,-15.923727509137393,-16.18469927374732,-16.709811994102694,-17.14089035547699,-17.722026946485087,-18.321493092717628,-18.556942685213368,-18.923339566931123,-18.340910774190835,-18.42913727687173,-56.70557589432441,-52.726175392406766,-2.9895368226709103,-7.575906185624438,-8.228739079859107,4.46529364093481,15.509865308292976,8.394230376651082,18.27763127748101,-55.73647576424385,-50.684975981044786,-6.753514325656461,-6.597733281109154,-6.763449628388284,-7.413609805568275,-8.123453446759695,-9.200087051350721,-10.166772778845212,-10.251623323716071,-9.38999023686396,-7.922139214161716,-6.272228341120046,-4.8340009102673145,-3.737405068456352,-2.8668614200445814,-2.3349703729414113,-2.056836897179476,-2.0860012533541705,-2.2712994466160494,-2.816658885882334,-3.394209166250312,-4.203517313540846,-5.040349935539918,-5.709727622047826,-6.017244733453806,-5.674897297613223,-5.0441992150746415,-45.09189563335554,-3.396950315186553,-2.7167012802549726,-2.291939953880219,-1.8912322124823797,-1.861858313660536,-1.8986197859525578,-2.066910996851965,-2.4073992474152255,-2.8859597529314733,-3.5218900190983238,-4.161152952523926,-4.635847161107605,-4.936845870055332,-5.009698669725059,-4.674906852803181,-4.14255454810483,-3.554430686643799,-2.9623227226838282,-2.3463282590346193,-1.8967362169444955,-1.7623149221131609,-1.5831193422916816,-1.7117160888433878,-2.0213455757182928,-2.424969587771301,-3.0165505880891432,-55.73647576424385,-52.726175392406766,-55.73647576424385,-52.726175392406766,-46.59833740918606,-49.715875850964224,-62.72617580760404,-62.72617580760404,-56.70557589432441,-47.16315033860087,-50.42168659382129,-1.1726179279054443,-1.4446331046563992,-1.8525326189929392,-2.498226970603273,-3.1242803718508427,-3.899917369074898,-4.33947277497665,-4.482515538055086,-4.185241828627904,-3.630348072508414,-3.0520580399403907,-2.532104676534307,-2.024536772230185,-1.7375901592471124,-1.6807446521612266,-1.75499170744807,-2.0558169483454307,-2.40803709499604,-3.0488152492072853,-3.50344815877163,-4.0557870463127115,-4.473992776058429,-4.769537021969906,-4.812680398489656,-4.614287465380984,-4.449253076154677,-40.05445844128254,-3.9054579487862733,-3.688755435034678,-3.595092494791172,-3.590579983025761,-3.669188290347484,-3.799209689974661,-3.98348040622055,-4.27553028358824,-4.7018731693075155,-5.118747378422483,-5.440025264825748,-5.668872503723228,-5.823497189522061,-5.843713263745874,-5.739525686192612,-5.38605458368839,-4.773605821966747,-4.546293464369663,-4.143300557764275,-3.909989763800736,-3.8159276870808414,-3.7854921105843298,-4.006094112125833,-4.423562236239681,-4.833520851048611,-5.4268775932676485,-48.746775997681844,-51.586741965153145,-50.42168659382129,-47.674676024404974,-55.73647576424385
-41.36909340150641,13.593135453411593,-46.576643830861016,-49.69418260977694,-50.6632827398575,-51.56504936193423,-3.461911949508491,-3.7034070600201114,-4.063051617968733,-4.589804743526979,-5.040353993473299,-5.393682016392585,-5.20247761538312,-4.999371712915456,-4.532902435614648,-4.057924324278876,-3.4164239456470042,-2.9334226956802456,-2.6297143484366448,-2.4641228976318303,-2.4755327233637754,-2.5741375146496766,-2.8887155648919287,-3.3845928747835305,-3.9775310601417386,-4.682274661585051,-4.975363905670401,-5.1339097785586425,-4.859215358833121,-4.534332075917147,-4.073676255205308,-3.4619175784379723,-56.683882653137125,-2.7651846977069265,-2.749350151237881,-2.7973208121692803,-2.981111920380302,-3.4569565707172885,-3.9584295704873584,-4.613196408862798,-5.319895891359467,-5.781566983554846,-6.063612611270621,-5.990865713318495,-5.9269173522940815,-5.592308646928887,-5.230473171879083,-4.777065031433477,-4.607081168870597,-4.624095344068689,-4.588879836216234,-4.8582736318158295,-5.227840664081953,-6.030550656883495,-6.4806322528507145,-7.136634467238765,-7.830694307088935,-8.048854943819197,-8.200067025590108,-52.70448298057836,-45.714782716331975,-52.70448298057836,-50.39999335263401,-50.15175797556326,-62.70448256641675,-56.683882653137125,-50.39999335263401,-50.15175797556326,-53.67358269649731,-55.71478252305656,-8.550458649829423,-9.27557994495125,-9.740441560624921,-9.917563384561898,-9.92207003637548,-9.856003500804539,-9.375878348381766,-8.909034632484659,-8.444968881297157,-7.968824767569783,-8.210238294356689,-8.475007789657752,-8.584970771945825,-9.045991353580419,-9.723356507991976,-10.64386427307015,-11.6289576470397,-12.460734585109565,-12.55692554024833,-12.850891287914303,-12.280696460375065,-11.93876996100618,-11.90081547551333,-11.088826245627835,-10.767616790840899,-11.141656912479217,-55.71478252305656,-11.546348009804895,-11.90536568788977,-12.670824966889887,-13.702996823219575,-14.128685117740016,-14.59403042377508,-15.27362046639674,-15.08573050615054,-15.467874158446186,-14.899869494865396,-14.709354344732692,-13.726178381897135,-13.64862830779964,-13.800831629109439,-14.707631552882138,-15.097695021466777,-15.102897446673868,-16.33108644298942,-16.957689298859243,-17.304568216433744,-17.749316878159473,-17.87431842008802,-18.065403641543863,-18.12021919209181,-18.794954975971464,-19.30520040721555,-50.39999335263401,-50.15175797556326,-2.9678433243127307,-7.5542131645107045,-8.207045794561036,4.486986662048543,15.531558512966095,8.415924310074313,18.299324665920786,-59.69418260977694,-53.16205793220307,-7.195536736998162,-7.3483388650776496,-7.91142229266362,-8.664189224757411,-9.640146425429933,-10.626496847485496,-10.70145077246357,-9.745184847178095,-8.095548923467861,-6.420010871813879,-5.057013976264919,-3.884921282547646,-3.0775509234997775,-2.52010313024606,-2.150160282001835,-2.2354551036985084,-2.3954545602912467,-2.8233181509037237,-3.3818509269279042,-4.318585800467287,-5.0119133304866645,-5.7072067139812575,-6.042851476716242,-5.729774244473359,-5.060322442331891,-4.340880628475901,-48.72508264536101,-2.8511160520744956,-2.323362243361719,-1.937521431187755,-1.7973324848121774,-1.7698140372608435,-1.965064322909358,-2.3173392675153788,-2.8561816988464988,-3.4267871102847467,-4.090255649502233,-4.576351723512596,-4.958400985733172,-5.069626003543282,-4.809281967909697,-4.374127807407756,-3.7273654668474085,-3.024325433791688,-2.5068203528545,-2.092092394495287,-1.7470966407967945,-1.6998916206302206,-1.66761826281193,-1.8573973857810104,-2.2211638306623716,-2.807377784134646,-3.4588729877745514,-49.69418260977694,-53.16205793220307,-47.141458018923444,-52.70448298057836,-50.6632827398575,-46.17235788884288,-55.71478252305656,-47.38969331478604,-50.39999335263401,-53.67358269649731,-51.56504936193423,-1.2578782046600878,-1.5633755451576175,-2.1127881825688566,-2.753956054698598,-3.5045021344839644,-4.185835584689201,-4.364951440356457,-4.367798082895373,-3.978788923924434,-3.4700062970518832,-2.729985340356662,-2.2403701812662074,-1.9103401473042698,-1.6708211551628915,-1.6083156732573936,-1.7943691173842158,-2.087048489437418,-2.524567491756891,-3.113524464625698,-3.7988419462577068,-4.308382135529799,-4.733954722144093,-4.821914731305036,-4.792616495200245,-4.648135042965594,-4.194413818171393,-62.70448256641675,-3.7533855703180774,-3.6603516242529697,-3.5177588474301786,-3.420600903470326,-3.605586449049725,-3.8071080110636806,-4.015688335791153,-4.455853213587585,-4.7610732489316385,-5.181692698598727,-5.510697376281637,-5.824825695236323,-5.951741240427664,-5.930000967642224,-5.442061225260105,-5.082522574558626,-4.774042074243528,-4.233384976792838,-4.018197226558825,-3.737253076939256,-3.912393586390353,-3.8787252879633187,-4.113700062639331,-4.495475995104522,-4.902606487632976,-5.378213406046472,-62.70448256641675,-55.71478252305656,-55.71478252305656,-45.5444494486546,-47.141458018923444
-45.73087339080239,13.577044614261505,-50.67937331715264,-53.68967327379245,-52.720572936247116,-50.416083929929144,-3.523617128661714,-3.816474685073117,-4.128709714820306,-4.607973928449341,-4.987829653478971,-5.371407326266178,-5.360554352067953,-5.037678224312044,-4.4718397913183985,-3.803047197033716,-3.307247734977115,-2.9112856996978618,-2.4937745197098664,-2.4051918892428796,-2.492290617545105,-2.7499173461597626,-3.2439129919503467,-3.68216085462401,-4.197695052280008,-4.828031508383164,-4.977148488403766,-5.004139968100484,-4.779877248784955,-4.237123568475569,-3.675402994920209,-3.3064426061381162,-46.6999730229675,-2.7118787707530356,-2.6570898933703786,-2.8522021783660523,-3.2989592025499217,-3.7564023525544474,-4.265574248084344,-4.993945846955238,-5.569284386836019,-6.06348751567403,-6.087013059127711,-6.013477393078608,-5.470446193508652,-5.035102628289858,-4.760459665768872,-4.569945278572304,-4.522838085669759,-4.46762994871878,-4.878759511249535,-5.229644074861879,-5.725699401316873,-6.2141472075778195,-6.801639111008431,-7.466898405516136,-7.8524441859603336,-8.281718977174874,-8.101987614528024,-55.7308731003517,-49.710273187072076,-56.69997323043226,-59.710273187072076,-53.17814781880223,-48.7411729740056,-51.58113946105524,-50.16784786216242,-50.416083929929144,-48.57083979699395,-52.720572936247116,-9.098595978276927,-9.673513893947481,-10.088995805064842,-9.911831622051324,-9.377805112077585,-8.901970844484952,-8.35352559069617,-7.976167133280586,-7.869807013510568,-7.953459387760104,-8.053008820758903,-8.482447701335698,-9.20740421234691,-10.021896242274996,-10.899937631143523,-11.435287889816106,-12.024706256289011,-12.307870609190347,-12.579569850028527,-11.957810870559385,-11.473901189734207,-11.00983520500087,-10.557330187471122,-10.733755025470053,-10.837899197216965,-10.902566157415166,-12.787754770548318,-12.087952820066281,-12.972141783827478,-13.894986257355448,-14.243551262738709,-15.146460806942583,-15.213638092161293,-14.615962787023587,-14.48498345405074,-13.778742475725604,-13.411642726000983,-13.390511610750139,-13.509641875882286,-13.868205142778113,-14.29566650646482,-14.791055771758003,-15.486919351573608,-16.176401365827505,-16.947953706332697,-17.139009671460116,-17.356882773205445,-17.710391769967355,-17.748925961861154,-17.82365985251699,-18.21038883096847,-17.97258488043239,-18.489917662588848,-50.16784786216242,-53.17814781880223,-2.983933567572463,-7.570303918228536,-8.22313658051077,4.4708959083307125,15.515468430055428,8.399833568396174,18.283234003465815,-51.58113946105524,-56.69997323043226,-6.699061501258222,-6.245237348267199,-6.169717257164999,-6.329834184647076,-6.853777303332047,-7.64714265932669,-8.632985408761702,-9.476513797616132,-9.656473200971941,-8.866208701293003,-7.447200461259894,-5.972907101937906,-4.587365614648827,-3.4895794431435414,-2.675468069058642,-2.271531782928014,-2.0499542012068344,-2.008323803694264,-2.3209581254739367,-2.8508637954879665,-3.4182168021729105,-4.2162921286143575,-4.984449197911095,-5.716885255116519,-5.842386151811787,-5.508033131034096,-42.72057328202174,-4.057883061583792,-3.3499297947524926,-2.718606262321408,-2.1747146465069185,-1.9530767525697161,-1.8223234882859598,-1.8763370327322328,-2.112507289925381,-2.455546958679509,-2.982332788422056,-3.6058809813268877,-4.2390208301096415,-4.769033406354575,-5.081466335268239,-4.958415308544505,-4.534935961095762,-4.045161393669491,-3.334590752169264,-2.684619444411061,-2.1123825074103824,-1.8086429875587222,-1.6044902983048965,-1.5554185542860886,-1.767093910311973,-2.0650109173135727,-2.5335308527928735,-12.787754770548318,-48.09659328395496,-52.720572936247116,-56.69997323043226,-59.710273187072076,-48.09659328395496,-59.710273187072076,-56.69997323043226,-50.416083929929144,-50.67937331715264,-48.57083979699395,-1.0720234456317965,-1.2799396606791136,-1.5726959392856645,-2.1146787957818844,-2.7514963395089738,-3.557571310459711,-4.177051257450401,-4.48261700560571,-4.419172916301017,-3.909124294724096,-3.3434992688471943,-2.7558374181976744,-2.1912456310680843,-1.798856576143484,-1.6105539151297155,-1.7140109367057241,-1.9511376648690426,-2.3092214817420227,-2.756638313170894,-3.413272578010731,-3.888178765199246,-4.409070661790633,-4.931647794716465,-4.840750086457103,-4.734998830389144,-4.591085626001518,-46.592734660849814,-3.9841304115601246,-3.697144075959865,-3.5445463951633185,-3.601409974865658,-3.60068126811374,-3.6391072435621123,-3.9958632545971478,-4.208008118903658,-4.687244887825514,-5.0732987983244024,-5.541854950252544,-5.6594320689680755,-5.870881479273214,-5.802899731458174,-5.6615257896581594,-5.3288385062565835,-4.777951903999588,-4.464436082040499,-4.108025603630452,-3.9051063810081175,-3.6813157209940743,-3.7912774160858294,-4.025879659594983,-4.417689796871506,-4.896076455247921,-5.443688739386385,-62.72057314371189,-50.416083929929144,-50.416083929929144,-47.157547905522605,-49.710273187072076
-47.37003607749657,13.612792693765964,-53.14240015352588,-48.06084526892956,-50.132100196886064,-48.70542516119875,-3.6173545366949496,-3.9039466886758483,-4.198624143172811,-4.762029104213885,-5.133908759696403,-5.453610774078475,-5.460641124070406,-5.111434587770727,-4.5250584294782605,-3.758493056915897,-3.3164220732562417,-2.9121401682978525,-2.548524606386773,-2.510810391823,-2.621970617494175,-2.8407674578314563,-3.3315971902211956,-3.808849105126375,-4.480045560899893,-4.941838579514107,-5.165224637559531,-5.109005505062347,-4.701848522313784,-4.247652501062747,-3.651407395630531,-3.2309619263501768,-43.39063576390737,-2.7446601890548266,-2.8144179992979588,-3.0300896135492748,-3.3832182123748726,-4.054018806422968,-4.713687630991772,-5.37447667725102,-5.782891162822849,-6.08588166542461,-6.000965918046349,-5.849663122518402,-5.416045951295839,-5.003648435002219,-4.737589059052438,-4.498067221475095,-4.515190956267929,-4.631686483453023,-4.970619054608103,-5.41555713955767,-5.867403141769856,-6.67760047750117,-7.289397550368979,-7.8420405693570014,-8.182795971255622,-8.129068402041224,-7.975357599644546,-51.54539172485076,-55.69512520455894,-52.68482524791912,-55.69512520455894,-47.12180024024625,-55.69512520455894,-52.68482524791912,-59.674525291279316,-55.69512520455894,-52.68482524791912,-43.39063576390737,-9.593550667764498,-10.023332141457127,-9.82093411188526,-9.625360215514302,-9.075560189647119,-8.510407398852772,-8.205062871594414,-8.017794588221573,-7.988711041583867,-7.976414585795855,-8.379366575780931,-8.93657205864974,-9.570910593590897,-10.412206916906953,-11.288395684438763,-11.96799323850918,-12.442842760815637,-12.188614280008515,-12.05205456131033,-11.667457449136391,-11.23830505301764,-10.771601204504428,-10.435741281292232,-10.678590850770426,-10.847117557871348,-11.260148338306431,-49.674525291279316,-12.654659781460671,-13.352585320536747,-14.258109256436706,-14.701219671884155,-15.043811600482773,-14.861102199490844,-14.44317624778726,-14.015457223220855,-13.42912586218944,-13.234227981272008,-13.118051301907407,-13.669098051049772,-13.954818075736126,-14.599609545872468,-15.0711861266238,-15.848502008012526,-16.531112149083707,-17.262797507212017,-17.243524165895277,-17.41975244420021,-17.627222374295226,-18.193127743133704,-17.912888953516042,-18.249848376665945,-17.9657502164789,-18.301458904131387,-52.68482524791912,-48.53509176821095,-2.948185835017238,-7.534555825509564,-8.187388258503844,4.506644001049684,15.551216113316528,8.435581050890704,18.318981922397967,-62.68482524791913,-50.64362542135988,-7.026760255523488,-6.245671593699865,-5.921840888211064,-5.830632798806819,-6.077033401857572,-6.515157340432161,-7.406129668654456,-8.34475999422587,-9.254029484821473,-9.252670060004377,-8.377626325143531,-6.980084874565672,-5.582593603813654,-4.320001653466693,-3.3461377924425566,-2.6042383515701313,-2.2136935636643056,-2.032670288714213,-2.0953293952954737,-2.504160311678713,-2.9508403196445054,-3.626796422282383,-4.371913444184955,-5.213932431554533,-5.763400148625919,-5.860558015311992,-46.664225334639504,-4.7356253251078115,-3.9607393878222625,-3.253576839413764,-2.603011334814224,-2.2470190145016766,-2.029412843407202,-1.9181843225865138,-2.019374779882445,-2.306952034139475,-2.7157173979784694,-3.249776173412919,-3.9588049252711954,-4.54735446813584,-4.98448361521777,-5.147424564959065,-4.8854205246588,-4.484959466346763,-3.8450497988479926,-3.138884021347797,-2.4866365175748593,-2.0716091055582266,-1.7869250676013118,-1.6306704948834367,-1.6533554248164886,-1.8740721123028625,-2.327486598874696,-47.00280800724917,-56.664225334639504,-53.14240015352588,-47.00280800724917,-52.68482524791912,-56.664225334639504,-50.380336034136384,-52.68482524791912,-45.695124818881936,-53.14240015352588,-48.70542516119875,-1.1412157254375568,-1.2204035727562346,-1.458414182572769,-1.972038265759045,-2.567459190355929,-3.3614832592248085,-3.9950854296283875,-4.480643016771268,-4.598900842059317,-4.1737835096385965,-3.6466736486376905,-3.055428892717571,-2.4624184799980493,-2.02463122957278,-1.8199457927666798,-1.7922437729612786,-1.930578529279296,-2.2424310297053682,-2.7601030507874658,-3.254512285512485,-3.924235104428549,-4.4207471274475125,-4.810602904418496,-4.955794359537978,-5.020027664614098,-4.771428095401862,-43.59997536522549,-4.189102128323759,-3.8445277578120525,-3.7360124702391877,-3.6667289343794907,-3.6703670587495107,-3.745250129779005,-4.065839054365917,-4.308252768095294,-4.595662885647157,-5.067531109552046,-5.462534524001556,-5.768732996831957,-6.005357902436553,-5.889047410616449,-5.74378562622118,-5.495674958089084,-4.809561914890329,-4.5761514711532145,-4.210221147064806,-3.987885741592252,-3.85352185872111,-3.889910005294702,-4.0874333802983775,-4.490853635212989,-4.920450488025398,-5.5260863074377955,-44.11150028360644,-55.69512520455894,-50.380336034136384,-59.674525291279316,-53.14240015352588
-55.69192467516259,13.615993201918606,-62.68162471852278,-52.68162471852278,-45.69192467516258,-55.69192467516259,-3.6129752763471363,-3.797493352320027,-4.259902101400609,-4.667175798122221,-5.191585662811816,-5.438431493006717,-5.356810750976755,-5.088134881856369,-4.573327383226701,-4.024350447188608,-3.3807526058684676,-2.9248025230900705,-2.6388365627750603,-2.5226478121756384,-2.550567704655111,-2.7581886033837466,-3.069312581750903,-3.624588436022867,-4.273515138021466,-4.6954774100537815,-5.193691941330542,-5.210537625516871,-4.876313253196049,-4.530624208412437,-3.956274641607208,-3.3875940015366464,-48.702224631802395,-2.7505972787839976,-2.81782663096757,-2.9218961847506413,-3.1916205082865554,-3.7054305210899323,-4.379941907295663,-4.981814206725049,-5.67946085144376,-5.890526816563462,-6.079612753348923,-5.997234355154827,-5.780825241178774,-5.411909041955742,-4.998018907266034,-4.680195477378871,-4.495143597018992,-4.721928511747425,-4.67200800512059,-5.049067268183,-5.4928066116867775,-6.239366349556511,-6.970851635273819,-7.640642302136815,-8.185221056158792,-8.173700485499097,-8.132658114885043,-50.64042489196353,-46.66102480524315,-50.64042489196353,-55.69192467516259,-53.139199624129525,-55.69192467516259,-48.531891238814595,-56.66102480524315,-56.66102480524315,-51.54219119545441,-53.139199624129525,-9.15039004733131,-9.798125943630863,-9.871381684462495,-9.780655006157465,-9.593974873781676,-9.27494294855496,-8.912936346545674,-8.47134711683066,-8.186007449314381,-8.002511313801914,-8.236414488770398,-8.637050650852547,-8.939495031893024,-9.528955511927013,-10.382400995454354,-11.461957730516714,-12.397213687612682,-12.780501774954743,-12.417722515494244,-12.364148045788276,-11.73855619296885,-11.354386030161352,-11.21560070336185,-10.739146263547477,-10.63974658594949,-10.9968267291028,-55.69192467516259,-11.957030185439399,-12.449717837255553,-13.226298964837515,-14.37676450679345,-14.613722104000713,-15.01437432676616,-15.173456445113032,-14.583268014188533,-14.481910167660843,-14.132251867144817,-13.820667553009935,-13.624475189426652,-13.716362596746599,-13.918291606756167,-14.755396741599645,-15.144262312666736,-15.929708998990622,-16.653214495972847,-17.155186293968903,-17.670347390229185,-17.695074185980133,-17.859036116715114,-18.072496245427313,-18.116446189944593,-18.604317248065925,-18.418952477779886,-13.248471177424483,-48.702224631802395,-2.9449855450881515,-7.5313555777830405,-8.184187916429792,4.509844248776207,15.554416657566696,8.438781774739525,18.32218233058933,-56.66102480524315,-62.68162471852278,-6.861571007734653,-6.574246280602166,-6.7617015075815,-7.146472021543469,-7.986055454301553,-8.987053890806589,-9.809521407553069,-10.195590502565363,-9.42462124666822,-8.05174830240735,-6.459981863218868,-4.976661403385981,-3.9236408717441114,-3.0034034537068077,-2.359750235562882,-2.2004049401524477,-2.117695520799402,-2.3575892685501714,-2.725676556211438,-3.395285469772334,-4.1356858755276384,-4.925192702724807,-5.702691137646667,-5.94084340565399,-5.661517581212126,-5.144431048594457,-52.68162471852278,-3.590404103815274,-2.919106141880027,-2.352271855742105,-2.0609969923540867,-1.8878294743428783,-1.9357384724163098,-2.0857142024660886,-2.4403407319760873,-2.9333033800904476,-3.548653200895054,-4.160608310635582,-4.660828315813006,-5.007327176247021,-5.039190712873203,-4.9272898819427065,-4.261964089662179,-3.685772273969045,-3.024712315337823,-2.480992706101654,-2.0262007589350843,-1.7394823100705477,-1.5946420937988102,-1.72633273082266,-1.9677945288279997,-2.4314760612696276,-3.006350620003899,-51.54219119545441,-56.66102480524315,-55.69192467516259,-49.671324761882964,-52.68162471852278,-45.52159128217478,-52.68162471852278,-62.68162471852278,-48.702224631802395,-56.66102480524315,-46.99960747785283,-1.1902560718760589,-1.3394453161454611,-1.8837184776905678,-2.4022397802382027,-3.1782632053708215,-3.819804094305648,-4.361615613879278,-4.56355637869214,-4.289201605672466,-3.875455106498784,-3.1591992634794304,-2.485822280080939,-2.125957154592879,-1.80412280432903,-1.6571985694780187,-1.7742414911776019,-1.9432500997182058,-2.4287466227951273,-2.9959360238416948,-3.5807566758533556,-4.284331277034444,-4.719761070710336,-4.913124701949973,-4.994918403970233,-4.862276580823359,-4.487870373921171,-50.37713550474003,-3.892404537755938,-3.7805009868123656,-3.5971552588010574,-3.5812055833919754,-3.662411859882787,-3.867064752288882,-4.064841481681174,-4.452591587776955,-4.683086498352042,-5.167570775753964,-5.567230628358246,-5.922870207368912,-5.982861039832519,-5.835666263353103,-5.653374740444753,-5.16690891310693,-4.886684392221076,-4.35998560835794,-4.0980514460182285,-3.8598812198761183,-3.8576428344539986,-3.9522285675149647,-4.213473625678609,-4.592894571337312,-4.95807777137868,-5.507832555255719,-59.671324761882964,-55.69192467516259,-62.68162471852278,-49.671324761882964,-48.702224631802395
-44.610689165079165,13.625128924627635,-48.04850904450287,-48.52275555746591,-56.651888991638415,-43.17858887710551,-3.6224244908779974,-3.9194155886132105,-4.200304731984776,-4.673262002175084,-5.127583532741367,-5.511778975703869,-5.347136188900647,-5.087366394009402,-4.480511894657418,-3.906869843389622,-3.335217427524966,-2.938060317588114,-2.5937056115597117,-2.506124503245421,-2.5912244522254184,-2.834742250739859,-3.26461064819115,-3.7612142056958646,-4.306329945695742,-4.907329614211712,-5.102045316114001,-5.1188327292239215,-4.857850630630205,-4.329598392471404,-3.8265233964244354,-3.3843275606658993,-50.3679996911353,-2.8204073340955853,-2.7857133004542005,-2.934003926010733,-3.3635589860419057,-3.8228934429842654,-4.378904584692342,-5.1206642091395285,-5.630760826350177,-6.215103422268343,-6.216969494144557,-6.079470479327771,-5.618735662554817,-5.227180915375218,-4.91692326111764,-4.762006816524443,-4.643076134197868,-4.598708306726286,-4.906101422198147,-5.336905195446394,-5.86709401391197,-6.556678691839039,-6.986658568080609,-7.641749085611467,-8.118116580226163,-8.396718804357896,-8.347205351248263,-62.67248890491804,-62.67248890491804,-59.66218894827823,-50.3679996911353,-62.67248890491804,-51.53305522314241,-62.67248890491804,-46.14036353792078,-62.67248890491804,-47.109463668001354,-55.68278886155785,-9.256719400913626,-9.739636773975974,-10.208660735290067,-9.999997011145929,-9.51301617822202,-9.196749759455432,-8.520400934182886,-8.256574357905833,-8.070052320701546,-8.113386442018399,-8.304932473788767,-8.662121437107913,-9.451577992821374,-10.141411536837534,-10.989164559035187,-11.456857627635912,-12.121612034721236,-12.355294826198504,-12.503283327465347,-12.107518662060912,-11.604428554813717,-11.183687287568464,-10.7529231963157,-10.782866541044346,-10.833273887872682,-10.993499131390438,-62.67248890491804,-12.154174936268996,-12.991677276131385,-13.904769623442881,-14.193987117371634,-15.017517379335137,-15.137271291442412,-14.723358085331359,-14.528614212105676,-13.922107991466886,-13.74431054043719,-13.5319675727901,-13.59837529853402,-13.84553651862306,-14.206829498653432,-14.896118601036076,-15.50703014860031,-16.196703613052193,-17.002224819953245,-17.131717954293762,-17.64466807644245,-17.85376482017812,-17.863082134089566,-17.74251180786943,-18.042223531936507,-18.47161078479228,-18.648499514279756,-56.651888991638415,-55.68278886155785,-2.935849961547441,-7.5222192167549675,-8.175052230461748,4.51898060980428,15.563552210170604,8.447917969111145,18.33131815816469,-53.6415890349986,-56.651888991638415,-6.820138322561337,-6.454310086346791,-6.392310604543615,-6.655886608479086,-7.18907377240828,-8.150130749312511,-9.026360149649689,-9.687233116220987,-9.666881506104925,-8.554945355735322,-7.1402143448609925,-5.681051884957445,-4.435921316009612,-3.42636810717707,-2.709960584099109,-2.27737613261863,-2.108910525194828,-2.158076874842348,-2.501078466210585,-3.033302937554334,-3.653760530668454,-4.463456544820162,-5.146097316537168,-5.807833218371473,-5.807609733066571,-5.472219282953905,-50.3679996911353,-4.016540386663964,-3.3181972535565367,-2.7034335968188006,-2.2456865296367186,-2.045597557035782,-1.931301470368443,-1.9998458591629582,-2.254418295841254,-2.657674398629556,-3.1844776124887404,-3.7601651116297896,-4.429505158645462,-4.88534874962574,-5.168631590195192,-5.051332446069905,-4.625139650398593,-4.063936249373569,-3.3708818957494957,-2.749547672659549,-2.2185351522898,-1.915278708325617,-1.6679772031762508,-1.6568291246397513,-1.8933289103267839,-2.1804909578681855,-2.72540743645496,-52.6724886985986,-53.6415890349986,-45.68278876527545,-47.109463668001354,-49.66218894827823,-50.63128907835879,-59.66218894827823,-62.67248890491804,-59.66218894827823,-48.52275555746591,-49.66218894827823,-1.1614577982932002,-1.3704899207681511,-1.6645494990780587,-2.2443640494261956,-2.934631505244705,-3.757822738122387,-4.386186032612863,-4.666390639810148,-4.541685108293906,-3.9134303030211366,-3.3531019654366596,-2.784786645084959,-2.215172565794152,-1.8811358170601378,-1.6846332789299985,-1.768568050110001,-2.011627571564695,-2.3729970416503776,-2.863514449326648,-3.5196095421530096,-4.05153329945401,-4.596029497991703,-4.984554435939945,-4.993957558247259,-4.865479103155797,-4.720608203543674,-46.14036353792078,-3.979226902722277,-3.7158331871677768,-3.570872918704101,-3.6039851897537427,-3.6043727912471764,-3.761688340493815,-4.085980132357781,-4.383725114703414,-4.919552911678932,-5.269430579880719,-5.671122063988588,-5.8690613212407925,-6.020197960862191,-5.928388050263486,-5.690143184318236,-5.310460805413733,-4.84414471455142,-4.492210156335673,-4.097958069359402,-3.913331994766171,-3.913262364207548,-3.9539525312972823,-4.153689269757112,-4.552310733651312,-5.054277535792055,-5.587251535552079,-55.68278886155785,-49.66218894827823,-62.67248890491804,-55.68278886155785,-50.63128907835879
-44.01771223016776,13.646677228650862,-56.6303409180927,-53.62004096145289,-56.6303409180927,-42.27667585196609,-3.7584957640760845,-3.9205672969286782,-4.368158033988488,-4.754816577624309,-5.332660546389184,-5.5318231962647735,-5.460861598663912,-5.139104721758724,-4.525202805421907,-3.939293936500792,-3.3066634766880143,-2.9765656335545483,-2.652726039035573,-2.5648668425365284,-2.596449864168735,-3.080185816418743,-3.403058655939562,-4.056333714081988,-4.477336953001973,-5.037286714050213,-5.267623140761901,-5.084138839738595,-4.866411436754202,-4.255984673210385,-3.6865385008719853,-3.217776624840765,-59.64064087473251,-2.787765923865877,-2.9407348272978915,-3.044273870718448,-3.670625697267733,-4.063103180797148,-4.774055772616437,-5.527432989492275,-5.976215215175639,-6.237459091754141,-6.264351437614995,-5.9158480163195515,-5.480455221755255,-5.084321393349036,-4.684684162354113,-4.714678206510558,-4.5347353427932,-4.8378616077530765,-5.048518638169281,-5.669822289681296,-6.243215867750599,-6.857839162073912,-7.437650390115697,-8.010444068841135,-8.241267972455802,-8.291781174012076,-7.954944298312179,-55.66124078801213,-53.62004096145289,-48.67154074465194,-55.66124078801213,-50.609741004813074,-62.65094083137232,-59.64064087473251,-56.6303409180927,-59.64064087473251,-55.66124078801213,-52.65094083137232,-9.68406945841764,-9.868482211439435,-10.138843187123268,-9.530331202023804,-9.139589711564094,-8.635935593587082,-8.144139926743861,-7.924838824837556,-7.924751295613702,-8.28562495466202,-8.555177001043736,-9.14510798520974,-9.986084107968109,-10.860567036806586,-11.66059478704469,-12.071998638065702,-12.213978697474204,-12.278548770302244,-11.889161962319829,-11.319865075881733,-10.891128780009332,-10.71354641161423,-10.658299770185454,-10.641068366832593,-10.977383814111718,-11.459107994840203,-46.52310226417497,-12.698582831127093,-13.901428425132053,-14.499681276098231,-14.732350788473813,-15.044304226233386,-14.620400533081936,-14.200456831587019,-13.64699618872882,-13.5114781982125,-13.354452725932994,-13.457805781373033,-13.615645873448493,-14.117853460290164,-14.583038114247158,-15.35564852339526,-16.029030689825607,-16.92815115367001,-17.111868196050995,-17.3132201206763,-17.45095543651213,-17.63145214317479,-17.175039746268418,-17.673353613958398,-17.825634581365406,-18.370727434449535,-18.279145022270868,-52.65094083137232,-52.65094083137232,-2.91430172561492,-7.500671428179741,-8.15350385931546,4.540528398379506,15.585100893091715,8.469465892615911,18.35286635281125,-55.66124078801213,-50.34645161758959,-7.307379231182191,-6.312288900764492,-5.949326891861339,-5.672286008593753,-5.9188692862433046,-6.3005187233268245,-7.033346025940325,-7.90899692777173,-8.817778936021147,-9.207450549427993,-8.646648879763148,-7.465064498637294,-6.053946052695282,-4.677295870019343,-3.4516445560702236,-2.9392174213470446,-2.2851909869794436,-2.205221599445426,-1.9843725053971608,-2.345752951866889,-2.7945838910203142,-3.4262917919086853,-4.316855385900757,-4.975567825134749,-5.573221200467025,-5.817858207160178,-48.67154074465194,-4.966002967893683,-4.346170507314706,-3.4369634981232533,-2.970461005008299,-2.3599449199060647,-2.145917349802931,-2.00089829567962,-2.0707444054124946,-2.244992726499801,-2.767706308573119,-3.140471309879556,-3.824073491510635,-4.396361417601638,-4.901496385116271,-5.291998935663063,-5.036940176911028,-4.859097080934149,-4.063734478080065,-3.3780126725778685,-2.7947315629242935,-2.2122194877270163,-1.913222322839656,-1.7400809188378605,-1.6984662745143642,-1.902377999531687,-2.2315175867590025,-13.150814000470005,-59.64064087473251,-62.65094083137232,-56.6303409180927,-50.609741004813074,-53.10851573697907,-13.150814000470005,-56.6303409180927,-52.65094083137232,-43.62004096145289,-44.52180696942425,-1.29273132202918,-1.2146204013757291,-1.5665456698619762,-1.8517337788742283,-2.5873715067788843,-3.272984318259691,-4.045207484239459,-4.5389321755495935,-4.708277575445968,-4.40482760234542,-3.8404054292276877,-3.237794911319222,-2.6161974865780464,-2.1702457168415226,-1.804873921600933,-1.9312925462563448,-1.921937738190366,-2.39201477046713,-2.6334655382170933,-3.2830198337548113,-3.8738882965369226,-4.381774180397702,-5.039446185116683,-5.0548287835906365,-5.084853480014474,-4.894159392739419,-59.64064087473251,-4.229218569420928,-4.024255336391825,-3.7699884785420545,-3.7751616439450624,-3.575811630758338,-3.7888488043492137,-4.079727761934115,-4.275378343178826,-4.737543607242212,-5.225597957729235,-5.652727960238852,-5.936315127905017,-6.092442492181906,-5.918427669700915,-5.929648238025661,-5.406043952463571,-5.064660022684536,-4.459786941310085,-4.206834106715462,-3.9961934391539473,-3.8811166421423726,-3.9435958450325463,-4.245683234553899,-4.492800137120169,-5.043512630368296,-5.553460041250351,-55.66124078801213,-53.62004096145289,-47.336151660949774,-53.62004096145289,-55.66124078801213
-42.45082843484517,13.676456002168376,-55.63146204742644,-55.63146204742644,-47.56966230758756,-56.600562177507,-3.604475889869212,-3.8428144621263813,-4.184867314452091,-4.523330224249543,-5.074117146139602,-5.433422278278439,-5.412980843646082,-5.3332673344236525,-4.824151698791061,-4.261036411421745,-3.75521165545969,-3.2041697999125844,-2.798282399867155,-2.579178073229568,-2.516864812365005,-2.7558632805654977,-2.980414726948801,-3.498643609911251,-3.8606816589629718,-4.5314270273931525,-4.935335910663875,-5.168539940029749,-5.334500067495541,-4.855566567091303,-4.375784089560349,-3.9171407925544544,-46.600562587714705,-3.1367881676127802,-2.9524407332782965,-2.888511524128163,-3.1650389694627687,-3.384448359947535,-3.8522377858517136,-4.527921859162227,-5.14219103528224,-5.886750903817742,-6.370425795215434,-6.572856087360118,-6.338805829769603,-6.03913974522272,-5.597434164085378,-5.469605574835549,-5.092261676616303,-4.854084826933481,-4.909132036644356,-5.051744189833505,-5.363335543060511,-5.752539027695269,-6.215701750243937,-6.869780248498129,-7.399889939454582,-8.244211374699155,-8.552048779644178,-51.48172888326265,-48.471428348124796,-13.169248440018062,-46.089037408819536,-52.62116250099433,-55.63146204742644,-50.31667287700388,-56.600562177507,-47.56966230758756,-56.600562177507,-52.62116250099433,-8.088820045595691,-8.730901892889264,-9.80662398162808,-10.141699724674716,-10.49981920789918,-10.437777087038336,-9.887722540157151,-9.465131403358614,-9.01854223868299,-9.024741928910792,-8.437602151345814,-8.424296718930664,-8.627540102736306,-9.001977082099632,-9.471625140600239,-10.014248246886662,-10.580043384493633,-11.764511411560331,-12.631423749191278,-13.008849981062534,-13.342430590613393,-12.92355643421808,-12.270989523717294,-12.259186161775261,-11.833695220261632,-11.316376652775858,-56.600562177507,-11.262841651106498,-11.738064568533463,-12.128826528409489,-12.533925796851602,-13.398631692355066,-14.340624250563357,-14.823105616972029,-15.695512702319895,-15.212721373284205,-15.362698975052352,-14.841314591813289,-14.802962525195753,-14.653615529142503,-14.370472699231803,-14.337334653062907,-14.70551845033076,-15.134243753881906,-15.671864900900099,-16.336660124917742,-16.88942783189827,-17.612624960422544,-17.73537296379991,-18.320411679520557,-18.619409878502744,-18.404958221468984,-18.849192484941575,-52.62116250099433,-62.621162090786626,-2.884522645964785,-7.470892550434075,-8.12372540604969,4.570307276125172,15.614879108195588,8.49924482375137,18.38264482659659,-49.610862134146814,-49.610862134146814,-9.241979346860255,-9.995322703523822,-11.143718907461782,-11.897449991738942,-11.959356848503997,-10.828028890189973,-8.978711002818553,-7.293490776702226,-5.652210074106122,-4.579133621666372,-3.641099614222891,-3.0446053548147214,-2.719328185041792,-2.513787968330031,-2.6628585648966774,-3.132173461173995,-3.6618781192802157,-4.46782271286784,-5.199372674741536,-5.983587458946133,-6.349542514759786,-6.158987866139393,-5.5979510419552705,-4.76715196374352,-3.923419749296912,-3.1236231738532854,-46.939145293584474,-2.142555532622635,-2.026648675393014,-1.9488161158722785,-2.015195660477926,-2.3434068184862373,-2.8111125017427234,-3.226278941064077,-3.9667049887669554,-4.504279225275262,-5.110080904507848,-5.2221094647809165,-5.259070217949434,-4.84961352498709,-4.1484164229820655,-3.6300841019994543,-2.9444983599507473,-2.497683864102225,-2.051138149420577,-1.8112916672034294,-1.6730523213259052,-1.935396749388771,-2.1580797565400225,-2.605685333834148,-3.1600797774948215,-3.8145690195071347,-4.3827109185262225,-53.078737452179716,-59.610862134146814,-59.610862134146814,-59.610862134146814,-47.56966230758756,-56.600562177507,-51.48172888326265,-59.610862134146814,-53.59026222086719,-46.089037408819536,-50.068437495539904,-1.717110882007991,-2.2011714982655017,-2.8766256561538714,-3.5479460691093827,-4.231400188214859,-4.67555652233049,-4.647621144818646,-4.287287104186882,-3.651686006707893,-3.0209754317725985,-2.4934942435257286,-2.0247404417973907,-1.6719461604560857,-1.5994847385156454,-1.6214775724149357,-2.1116251440606866,-2.4852239850897657,-3.032867332993732,-3.526644960475051,-4.243699710704445,-4.6112160762196295,-4.902605880200286,-5.0869784367112825,-4.710912250402384,-4.471943767189579,-4.217058449429445,-43.48302341687347,-3.742148916884844,-3.561779093113049,-3.4177371561930334,-3.6571677981267663,-3.679308747455006,-3.9588976313088358,-4.34052111328826,-4.65002495675688,-5.20692735288916,-5.637607273299715,-5.939232447947695,-5.973238691017501,-5.938925025632534,-5.735957971577888,-5.661506324597828,-5.061735611345899,-4.706753904932996,-4.361386574091625,-4.131577455449096,-3.9409221213264516,-3.869252484394505,-4.009947658372232,-4.3356649427214915,-4.662362238948715,-5.221824766664232,-5.694419950375357,-50.068437495539904,-48.64176216814933,-50.068437495539904,-52.62116250099433,-52.62116250099433
-51.474104470683066,13.684079671839859,-62.61353830901897,-45.37077943257494,-47.989558565574136,-55.62383826565878,-3.570381694716334,-3.7556697946897915,-4.132725553364735,-4.5875457056712,-5.064637183719833,-5.4403874504371,-5.430248978576817,-5.270974278262309,-4.929310716617198,-4.377165945648874,-3.7592193444992694,-3.2374716020169236,-2.887761292945844,-2.6703225551894767,-2.5785882962280477,-2.58606915314324,-2.7826681843589682,-3.1818740486091786,-3.7617307575884587,-4.352206800947572,-4.834943727504236,-5.196162155807063,-5.201439099597743,-5.192810235830877,-4.8238325410202805,-4.14763750848947,-47.989558565574136,-3.2991632392537964,-3.153474132450243,-3.0485449121944197,-2.945280994439709,-3.316774715838235,-3.743123853860271,-4.20784807664101,-4.873210864380371,-5.367077431354197,-5.927349734300494,-6.3220324729919675,-6.6327169364462915,-6.625523720356355,-6.321838662402936,-5.700071006616211,-5.334337645353182,-5.300995944161718,-5.00405359778962,-4.953539218616635,-5.153489500754706,-5.48939856810329,-6.025242769533935,-6.501277663115075,-7.202815378377866,-7.622994073304483,-8.1356962745855,-13.321441926521777,-50.30904909523623,-51.474104470683066,-53.58263843909953,-52.61353789917117,-50.30904909523623,-50.30904909523623,-55.62383826565878,-59.60323835237916,-55.62383826565878,-50.57233848245973,-7.585922667024748,-8.311368162918908,-8.684283872528558,-9.36041426823597,-9.992968836891956,-10.558869171077795,-10.70022963786365,-10.525766337627473,-10.01970194806595,-9.306459097232088,-9.21620251513518,-8.972589493534947,-8.675120057325904,-8.684582480480787,-8.909036674505208,-9.549438299883095,-10.221419378587344,-10.880742566107063,-11.325508688522019,-12.48010950912131,-12.656967163012126,-13.171377446237933,-13.558709701498124,-12.825663754487941,-12.390533511928954,-12.186011598634503,-48.46380509203375,-11.738989911353459,-11.430891419411553,-11.556052650877469,-12.166729656035587,-12.421336708407086,-13.034593356088497,-13.962498530774123,-14.286597130033968,-15.411531984588615,-15.792087130036382,-15.92967886091295,-15.381855741838354,-15.008936406183093,-14.910763425623067,-14.965801012262606,-15.008936238463642,-14.887387916240877,-15.369796093298332,-15.846510503905819,-16.21230281588438,-16.89388966090994,-17.575903597610708,-17.892851878128628,-18.094906618785302,-18.76874979127116,-18.741064410966448,-62.61353830901897,-62.61353830901897,-2.876898983154368,-7.4632687525504435,-8.116101427790218,4.577931074008804,15.622502790383406,8.506867899652937,18.390268602103188,-53.58263843909953,-62.61353830901897,-12.60780954929211,-13.45321185049309,-13.073767769132516,-11.564810784746278,-9.681725418236711,-7.834631144750461,-6.308751068624668,-5.072594505798516,-4.088738567780952,-3.43380109684363,-3.08106035153625,-2.9666197937388166,-3.121644390400056,-3.463024149012753,-3.9416459373349038,-4.7274927908193565,-5.570102776329529,-6.142134865370376,-6.532280447621037,-6.4779003080679,-5.687421397954528,-4.915151627629592,-4.028406833068804,-3.3161570365980895,-2.644863999705345,-2.290393675849428,-50.30904909523623,-1.9054748897789118,-1.9372327469107091,-2.2141251272935016,-2.6422399155500846,-3.165160036496774,-3.745642651521646,-4.432724981897741,-4.904952302657796,-5.309874453083499,-5.30552173658243,-5.0442503751700185,-4.51112578965738,-3.895398970125256,-3.2997882436387433,-2.755300789430491,-2.304833878407739,-1.9426139319205535,-1.8625524024446287,-1.8589265530243992,-1.9776756436214118,-2.279992806098789,-2.753595917097739,-3.3659808034224286,-3.9868588821914255,-4.61235024963727,-5.1236466053952014,-51.474104470683066,-62.61353830901897,-59.60323835237916,-53.071112759239284,-59.60323835237916,-46.48569990842642,-50.06081280259947,-46.93152062527032,-50.30904909523623,-55.62383826565878,-44.5517385691801,-2.2242504316123695,-2.8371573773242083,-3.646375248931359,-4.2916117517352745,-4.689558627507783,-4.700941900756267,-4.341810850870452,-3.6643494934587677,-3.0364600946075146,-2.4829530188695657,-1.9710178922556083,-1.6343846935169308,-1.5833047013561146,-1.6726683304333023,-1.8789354159518594,-2.178178797923912,-2.6893065968134735,-3.2779262302935357,-4.069105276992259,-4.552363043347324,-4.895951554584722,-5.051309057596457,-4.755394169730652,-4.658283501622299,-4.3909876331017035,-3.950777068466615,-47.29874921895873,-3.474700551651753,-3.508782879954076,-3.504200689414575,-3.5147170066488584,-3.8469442286631725,-4.161255370264463,-4.44974654355123,-4.944199849987366,-5.161900035457782,-5.594811830673634,-5.839476724824467,-6.134918198455345,-6.116208853069653,-5.79348727305511,-5.3036975569710645,-4.960065020787839,-4.640772661185008,-4.273020940670075,-3.951787653330631,-3.876049295577177,-3.8731229312088007,-4.170543645287507,-4.329672429324548,-4.776074358871406,-5.183546878152724,-5.665828459602743,-55.62383826565878,-56.592938395739345,-52.61353789917117,-48.634138058359476,-53.58263843909953
-42.77254423820871,13.657356014825748,-62.64026183516645,-48.66086174844607,-50.33577262138371,-47.3254726647439,-3.634815330004286,-3.9180874419182805,-4.446441677312512,-5.045993132596999,-5.345487110436124,-5.560304256583146,-5.382680724084197,-5.058313700052849,-4.409956149471915,-3.9799301480415044,-3.349563411006275,-2.93563098337083,-2.693197803745612,-2.6034812034204173,-2.7378239677503853,-2.9665374235731656,-3.4519672202640272,-3.9874448660725137,-4.6607133920214245,-5.110977416721168,-5.391803805537072,-5.229187185189057,-4.758620473092031,-4.351208669619583,-3.829052956654752,-3.2429485811318646,-51.50082831209808,-2.7938994053335566,-3.027370386826616,-3.2905279329268438,-3.5437497077824345,-4.3003490959871575,-5.0165373449849895,-5.629316207270977,-6.168614079436397,-6.1857149260817295,-6.189764696690312,-5.864694085631128,-5.586646122165831,-5.1746517722947605,-4.895259813177869,-4.630659392458675,-4.644754246103428,-5.000796264917772,-5.185985198508255,-5.690342792197264,-6.233251575672359,-7.104186474311968,-7.840767704986239,-8.333562178846206,-8.63657431674865,-8.231045025127582,-7.853673427343554,-59.629961878526636,-62.64026183516645,-46.10813669741301,-55.65056179180626,-53.60936196524701,-55.65056179180626,-55.65056179180626,-48.49052835545827,-56.619661921886824,-52.64026183516644,-55.65056179180626,-10.03797337116071,-10.28093902836172,-9.783136166832877,-9.32831762515525,-8.802610356065163,-8.621123562444208,-8.348215773379872,-8.222368092286294,-8.181574403985541,-8.190372449383977,-8.829959783020508,-9.575904148301312,-10.050897252220597,-10.739579300127032,-11.547514517434184,-12.393722418645076,-12.644389554099112,-12.341353461471885,-11.556337240547824,-11.38567645287528,-10.716232187486023,-10.47477620315374,-10.737056713550048,-10.595778925295662,-10.849543670782392,-11.592898858691498,-55.65056179180626,-13.051566362002136,-13.845117068604335,-14.30337332132365,-15.098843526974015,-14.45635297597413,-14.292241381600462,-14.008223282585014,-13.397210427911975,-13.482149444858686,-13.481306011288822,-13.512728587637516,-13.449846895190927,-13.915552452068344,-14.54352029541145,-15.495455187458258,-16.341071893330238,-16.615972083593796,-17.40878228181637,-17.537895950733628,-17.466059210457708,-17.40422746812017,-17.221974359724484,-17.40149703071352,-17.443950850868664,-17.9377745441142,-18.217816468678393,-52.64026183516644,-55.65056179180626,-2.9036224910017525,-7.489992464595341,-8.142825257388036,4.5512073619639075,15.59577922940205,8.480144548702967,18.363545103018403,-51.50082831209808,-46.619661921886824,-7.2013685205322275,-6.4347684490129975,-5.897300779109775,-5.681209289229492,-5.84110668252792,-6.225025077496696,-6.976758903045931,-7.852505512243782,-8.576052551628207,-9.057676706146886,-8.629428678218733,-7.442178423918689,-5.950516467009322,-4.701659841036373,-3.6263652959647703,-2.9234500646173127,-2.4325235886964864,-2.128790767496285,-2.1093157482795464,-2.363659304244786,-2.7097592205621126,-3.2614485632005157,-4.1189524483172315,-4.8827742449319675,-5.503055515877121,-5.8417509679864255,-43.94794489711569,-5.0627493708716536,-4.364830576415985,-3.6068763250505613,-2.9822167367492973,-2.480778703524558,-2.1660719504303256,-2.0188471173404827,-2.04210697750932,-2.208015098333133,-2.660372764846723,-3.173710581217147,-3.7056956791907334,-4.2974727601182785,-4.8088828335334926,-5.325180106109726,-5.31114794488312,-4.7527397716649435,-4.256147398784987,-3.599249238236552,-2.839091565027536,-2.2852123298619293,-1.7914691320831213,-1.677023616996429,-1.6569784426760412,-1.8855621609573736,-2.277450901303438,-52.64026183516644,-48.01628185617688,-46.619661921886824,-53.0978367407732,-52.64026183516644,-52.64026183516644,-53.60936196524701,-53.60936196524701,-55.65056179180626,-48.01628185617688,-56.619661921886824,-1.183618347510361,-1.206584692192691,-1.4845792576606407,-1.934645028175321,-2.5100306225157603,-3.247740526354564,-3.956374439572439,-4.547082627630486,-4.6704621649374225,-4.577098234666889,-3.8811220263905684,-3.2532140839134422,-2.6946928433723754,-2.1830507243982296,-1.9113506703137597,-1.7692302088224656,-1.9283774539210166,-2.1726225609965955,-2.7578032599600872,-3.255440130911082,-3.9476513498016965,-4.507601943329134,-4.8802861681270375,-5.263843800374545,-5.295495600248561,-4.9050306049009835,-56.619661921886824,-4.182753627965461,-4.1126262133263625,-3.83228004411961,-3.618769306542804,-3.7230087867851895,-3.8799205724884507,-4.004624222736095,-4.3861497117631885,-4.645960270445398,-5.206261668277228,-5.572699779034872,-6.058754748293117,-6.246333549019896,-6.189685906792793,-5.8248826974839485,-5.5363377339815525,-5.11215119661064,-4.577376390558205,-4.250650867034374,-3.9372413686156933,-3.9207921454805126,-4.041670842814263,-4.234703320735582,-4.71280219057846,-5.01700330268385,-5.538639467321136,-50.5990620086072,-52.64026183516644,-55.65056179180626,-56.619661921886824,-44.78696348505878
-41.5755028808543,13.650015510803392,-56.627002664053364,-50.09487775488787,-52.64760278306213,-56.627002664053364,-3.712620203488995,-3.8454823755742495,-4.4240124029933625,-4.712234282444594,-5.382335511594377,-5.417974549517818,-5.341644885864002,-5.021521852410747,-4.505439547806526,-4.129676383823425,-3.372784840441173,-2.9396256777592127,-2.6934578073858395,-2.6160274287747005,-2.6292406532951635,-3.068255840669365,-3.3225303948428824,-4.004390441337174,-4.424914397984049,-5.057439792816004,-5.3308041701186415,-5.19041488684244,-4.914991058514533,-4.425758242762767,-3.9295564399426737,-3.2939156611964746,-55.6579025339728,-2.815323576793787,-3.12909541406536,-3.1693801681764358,-3.6146944968847827,-4.070262662037562,-4.821257284182864,-5.524473723221508,-6.059230656036264,-6.205925869439413,-6.369357512345455,-5.991230089916551,-5.723910376333134,-5.410994344888927,-4.919040709759439,-4.834063147219322,-4.561678636628061,-4.99867102571255,-5.025064334658987,-5.595245139282001,-6.130859320914803,-6.934125193869084,-7.564878239313028,-8.299279699004652,-8.543913424128997,-8.445915202848507,-8.07541673453274,-52.64760278306213,-55.6579025339728,-48.66820257290427,-50.60640275077374,-50.343113363550245,-12.755953330322628,-62.64760257733299,-52.64760278306213,-50.60640275077374,-55.6579025339728,-48.66820257290427,-9.93697381614674,-10.088994305453749,-10.027840551411789,-9.460188998227627,-9.256190146223075,-8.770057342643934,-8.428389713810603,-8.249840325158978,-8.063868661481358,-8.247695425757593,-8.613651902060923,-9.256249832027407,-9.908126642227867,-10.614961400716874,-11.330133251325211,-12.281912316764123,-12.640572545028842,-12.631606752374477,-11.834957828334968,-11.613636488425573,-10.947186850816788,-10.785359044996529,-10.95659204368314,-10.614961064304593,-10.795326781933337,-11.429772303834842,-50.343113363550245,-12.745235426764165,-13.65634958222641,-14.142733078114675,-15.189830311425027,-14.671326650083337,-14.479822202894468,-14.359135607953739,-13.6796405718135,-13.825033071356067,-13.665563110072089,-13.659254177640683,-13.339130801391956,-13.769573816681822,-14.26856331050894,-15.452218110809655,-15.958341293334165,-16.11528439737065,-17.072530808038817,-17.430339451886695,-17.6713959502171,-17.54362739872505,-17.192923494542885,-17.445387815914337,-17.45588811087897,-18.29393764483595,-18.48719187864155,-56.627002664053364,-12.755953330322628,-2.9109633273844047,-7.497333071322215,-8.150166025956601,4.543866755237032,15.588439025504252,8.472804090314309,18.356204391726255,-56.627002664053364,-48.66820257290427,-6.961924856655578,-6.162275273724144,-6.082854520996906,-5.842778782688472,-6.355209572460803,-6.740911662780595,-7.687167185461403,-8.562946954422033,-9.105653855763947,-9.279624533238369,-8.14817744860402,-6.78044703856486,-5.365485321322694,-4.192870609553115,-3.05283344449673,-2.760225509435436,-2.1475774539781662,-2.2155324290273164,-2.0430342665516608,-2.5463295310418506,-3.0464637283830562,-3.680284949455766,-4.64196441299409,-5.260803996491167,-5.742443344935389,-5.725719009521432,-45.48756929923819,-4.583109940352214,-4.052730634301203,-3.1314105610573746,-2.77693991651969,-2.1261866133765257,-2.0161461811130326,-1.9556406503527601,-2.1184288969769542,-2.341099772487259,-2.9542448795792935,-3.3504711512608742,-3.943065905404901,-4.544081090139551,-4.8559032231061146,-5.35632747343228,-5.007695342273206,-4.575324994449036,-3.801342074642815,-3.2343520309084877,-2.536869603019232,-2.146729608953937,-1.7311266425781022,-1.7700580727346393,-1.7077857460419255,-2.011116790473494,-2.3332715245373064,-45.40484397189768,-44.794304305919525,-53.10517771152768,-48.66820257290427,-46.51976392650589,-48.02362248010827,-59.63730262069318,-46.62700286978251,-51.508169212517814,-49.63730262069318,-39.263037458836,-1.214025256584765,-1.1635939318257087,-1.667200932436885,-1.9191760552519863,-2.80171255853502,-3.3404953720773967,-4.006171572405818,-4.5900798471173045,-4.561327160544302,-4.49787199007169,-3.7001177945754105,-3.0732825437909956,-2.529171696638073,-2.10318034624197,-1.7395745059029144,-1.915901793592043,-1.8794144640851544,-2.3789825715957478,-2.6593921834226464,-3.3387385251405126,-3.96547417933155,-4.521944650128144,-5.09989286392353,-5.141461923126474,-5.1460838437006,-4.727014027477636,-52.64760278306213,-4.1003529888905845,-4.1880811674631415,-3.7346258883931434,-3.7196023964368803,-3.571661974119787,-3.8536559726418234,-4.044941116117753,-4.3970298854379495,-4.675467903410466,-5.342024169350084,-5.534576229513588,-5.941730540288999,-6.181360226512055,-6.023046460062915,-5.9180391592726975,-5.318962772983431,-5.237127009376299,-4.37918027426163,-4.167140552964063,-3.90893530711218,-3.9191666241981697,-3.9545284037377963,-4.343891174000057,-4.563163154311092,-4.985281505246962,-5.47261987120581,-44.51846908475592,-51.508169212517814,-47.59610279413393,-55.6579025339728,-48.66820257290427
-40.045973345136005,13.674858717692942,-55.63305926958756,-47.30797006207752,-48.643359390340635,-48.643359390340635,-3.5303129807458973,-3.592706234930889,-4.136871995781027,-4.435638938439856,-4.960862274907765,-5.272394252594638,-5.399242207274115,-5.249488796784259,-4.9248149447893415,-4.5766976677422235,-3.8419267708157587,-3.2991733636358034,-2.975063541477199,-2.7141473230344406,-2.5072154738404286,-2.644895384368776,-2.7012683350796807,-3.154425843416737,-3.6052891786492354,-4.20233624693411,-4.727558521249232,-5.125852178663262,-5.2272813483885825,-5.240941493957237,-4.908221782431346,-4.319773416005546,-48.47302557023757,-3.408339540894027,-3.300863732612216,-3.0714162483184153,-3.110370565400959,-3.264256796667404,-3.6652585491971843,-4.099106272479389,-4.7415491804269365,-5.212283599327009,-5.8998402214923225,-6.286610693366553,-6.710721297079965,-6.691128571140271,-6.369048374144596,-6.061297868428346,-5.553107687458305,-5.545210128612572,-5.110183690485446,-5.0974730964191135,-5.163233295731765,-5.529296179096587,-5.8922093486503035,-6.404507514194822,-7.0534417085860115,-7.368138822563969,-8.028457422064562,-59.61245935630794,-46.49492057896864,-55.63305926958756,-53.08033467442467,-50.31827009916501,-55.63305926958756,-55.63305926958756,-56.602159399668125,-62.62275931294775,-62.62275931294775,-55.63305926958756,-7.565604013474983,-8.005358604522584,-8.528415842103346,-9.019097499003227,-9.95188719844915,-10.519788473998727,-10.911171780995794,-10.821930612692519,-10.360035128736374,-9.769324693841963,-9.454148115852204,-9.242140703367038,-8.751905846612157,-8.786005755288258,-8.836945306906598,-9.481979548120961,-9.894576976091038,-10.680113790823608,-10.996398503768873,-12.084563856043733,-12.625496385957577,-12.98238011110177,-13.656505364374208,-13.08371343827448,-12.572456360370722,-12.699301248160129,-52.6227597232309,-11.877044738349365,-11.675218887521687,-11.659221647373005,-12.17015583490139,-12.14386107464189,-12.736411930372867,-13.519023818317542,-14.039733707348327,-14.981222555300116,-15.675216330041934,-15.980383411193715,-15.567372294763661,-15.325605482328704,-15.013711922875846,-15.096897345049058,-15.038939561564167,-14.951720087230543,-15.245665919009088,-15.679164370311199,-15.996597509633382,-16.54992506879502,-17.316920453615488,-17.658306318998914,-18.283301664869445,-18.049997497189825,-18.635548896065867,-52.6227597232309,-13.018745510596037,-2.8861199531563657,-7.4724897345333545,-8.125322595288825,4.568710092025893,15.61328219161708,8.497647145457393,18.38104774801189,-49.61245935630794,-48.47302557023757,-13.757739148774416,-13.455220027091954,-12.160422618188882,-10.023931100554925,-8.337766897189793,-6.72326330123758,-5.460454566486067,-4.427412171092138,-3.7571473171159653,-3.3423408140363016,-3.1748491474721696,-3.2447682460395977,-3.5228098919023836,-3.950100017565793,-4.532754036238361,-5.488021789055374,-6.048586377741127,-6.608244049096896,-6.3841801018389885,-5.955286838287837,-5.093605336011182,-4.186464340034489,-3.482757060883585,-2.840291699572246,-2.27661529533574,-2.0342492457252446,-45.38000079756766,-1.898727351396553,-2.1755044188882526,-2.3828764545538537,-3.0383583527675624,-3.470528786903872,-4.159456201700263,-4.689522273740623,-5.0938274250619795,-5.2860850400611925,-5.208879373618153,-4.643570818200914,-4.091980047729056,-3.47720170660085,-2.818030139437286,-2.5340124078949957,-2.0205264279690938,-1.922158607578771,-1.7501353364665508,-1.9263556769436931,-2.1212673830721513,-2.500859769523058,-3.017323535611353,-3.722681596386164,-4.261797964364168,-4.8502820345235556,-5.097711395776273,-50.31827009916501,-50.5815594863885,-55.63305926958756,-56.602159399668125,-62.62275931294775,-44.49362589380033,-51.4833261054818,-49.61245935630794,-56.602159399668125,-44.49362589380033,-42.75504184339361,-2.454326403772275,-2.981460106899368,-3.877140821495871,-4.335838158374778,-4.775274802185595,-4.538420986611805,-4.0232504851972735,-3.3952766545743662,-2.7465162692646414,-2.3292745628826945,-1.8126548463894678,-1.5469797400950178,-1.5457089664952106,-1.641886779142723,-1.8200127206824803,-2.360414006629514,-2.768562099103175,-3.492922903168635,-4.017097741735237,-4.519116925713721,-4.949827478056053,-4.907141899989745,-4.765895410880793,-4.496941026498876,-4.2001375407075345,-3.7948909584609862,-41.97817918488366,-3.410494690166253,-3.527263276319573,-3.442513674569203,-3.5937002467085284,-3.802275142750281,-4.193342233206235,-4.486355791790595,-4.915520123957792,-5.169762725781989,-5.59551698401092,-5.858146152559145,-6.005673369289885,-5.968666269451144,-5.692766217909905,-5.4590360781225495,-4.798599261468661,-4.69021383057682,-4.1140376351808285,-4.007068885625887,-3.8301424370201405,-3.9501000380616267,-4.0806953919718865,-4.395117806245322,-4.817677732902824,-5.142585845838146,-5.635057481612289,-47.99877909816328,-51.4833261054818,-50.31827009916501,-48.47302557023757,-50.07003471778486
-42.36213577984031,13.682423699635436,-51.47576041362144,-47.99121450861753,-47.99121450861753,-56.594594338737835,-3.7562644555322655,-4.018114572095208,-4.36471932247921,-4.8700465341909975,-5.41236920212212,-5.6100785679519385,-5.541809751477352,-5.2370280916725935,-4.6364207840493625,-3.9767273466346094,-3.4569501821455733,-3.0369530544949086,-2.7707088710914594,-2.711832035429379,-2.7211723787394435,-3.0314236755731576,-3.4363594028126316,-4.039252236023607,-4.640884310957528,-5.0580536778482665,-5.385138815862337,-5.305354064755811,-4.928487892640805,-4.440730867982739,-3.871849413303411,-3.4536827511157417,-53.07276870215094,-2.9730033422818885,-3.073502742569365,-3.3615681891103106,-3.687294092352823,-4.336069494224734,-5.004362180651961,-5.576350171860098,-6.156650421335598,-6.382432759847854,-6.336928870810019,-6.052438825376355,-5.701726628257756,-5.30639494107071,-5.005845035134902,-4.8348910831075465,-4.792805251667026,-5.014371448867228,-5.258845796237961,-5.754151806153516,-6.2971354912959026,-7.267459942195552,-7.8881854621270815,-8.338223674912532,-8.638348723765768,-8.49474031131294,-8.150490762199853,-51.47576041362144,-49.60489429537765,-12.89444310910092,-55.62549420865727,-59.60489429537765,-56.594594338737835,-53.58429438209802,-12.89444310910092,-12.89444310910092,-62.61519425201746,-56.594594338737835,-9.996929305351893,-10.301390738306438,-10.066282992743991,-9.570870643049702,-9.184970244812881,-8.667159220034252,-8.32275994535017,-8.217116467904846,-8.1827206687503,-8.31105725697764,-8.768345382725858,-9.434289331365113,-10.084117313543864,-10.79033404750419,-11.666082957569653,-12.357835705938689,-12.587272090024971,-12.38703534182217,-11.946532915950314,-11.51697988653041,-11.007208693251629,-10.73928238634554,-10.50909343430449,-10.777486622741801,-11.13330332306883,-11.585200795842665,-52.61519384209151,-12.989228291855206,-13.738908835337933,-14.425417646447308,-14.921125292311576,-14.868784016196564,-14.588483222508703,-14.085212968887728,-13.754237019895081,-13.272988224534572,-13.101770365655142,-13.161493554117511,-13.673308017720224,-14.234010642867025,-14.954264980847459,-15.083348496314953,-15.764856509821639,-16.672374178756662,-16.951762374943893,-17.078790848917542,-17.231845619089416,-17.283830960306016,-17.293129964934074,-17.45314736917237,-17.898023960322085,-17.624650448231584,-17.81728270855855,-55.62549420865727,-62.61519425201746,-2.8785549087172937,-7.46492478502483,-8.117757234316587,4.5762750415344176,15.620846931699043,8.505212495903882,18.388612972467534,-50.57399442545821,-45.713233256529485,-7.086274440033376,-6.345091179736562,-5.9583152525027,-5.884026312029743,-6.087926327945712,-6.508741529666557,-7.367858532963732,-8.24204939028806,-8.92925763838592,-9.136977972014064,-8.35004898180211,-7.067335433748125,-5.815739418054474,-4.542537333714442,-3.5258374707049382,-2.8117329489622307,-2.315434523229464,-2.13960699050102,-2.1790725432404128,-2.4618483305046723,-2.9582865880239217,-3.5381310987512493,-4.35871973670382,-5.0776103832945285,-5.624165675305985,-5.872242448724445,-47.5636944688184,-4.928029169879144,-4.26600514127797,-3.500076323112755,-2.870685394354413,-2.461395272125409,-2.18927755082539,-2.0462638402648534,-2.120777279269117,-2.356202932768913,-2.73924628661005,-3.266565114951419,-3.8748723633677375,-4.509052304523721,-5.072858168465646,-5.301144477012142,-5.210075132968503,-4.777572861532863,-4.16346330763784,-3.390877802940262,-2.7864920930642887,-2.260792753916079,-1.9244951046606777,-1.724590034656317,-1.716531318489547,-1.9546311754503518,-2.364081905689381,-48.46546103508233,-48.6357940013267,-46.93317656818432,-48.46546103508233,-53.07276870215094,-46.48735585145667,-49.60489429537765,-59.60489429537765,-56.594594338737835,-52.61519384209151,-62.61519425201746,-1.2640461802873773,-1.2841180858882104,-1.553390944461088,-1.9952253229719832,-2.6151945008151865,-3.3979501110029355,-4.042146866877398,-4.53359149254057,-4.689806445648941,-4.43887296433809,-3.85296389127421,-3.2320541492955615,-2.6926422748660377,-2.2282735568781513,-1.9949089907181934,-1.9085220978063935,-1.9856008586535343,-2.307283244684849,-2.750858464476256,-3.315439234997344,-3.974060183244034,-4.564864203610586,-4.947111229901003,-5.195488735961714,-5.213486571911399,-4.958173311059804,-50.310705038234715,-4.340467697573395,-4.083586129087363,-3.860229055239688,-3.7093968347137913,-3.701179874575682,-3.848761427701098,-4.026809736954037,-4.381514905810306,-4.745579901652514,-5.171286438112518,-5.581584111185625,-6.076385904834227,-6.267429778700407,-6.219911068494829,-5.938265131645685,-5.648407197125373,-5.120861172264451,-4.698765254378348,-4.291829577575869,-4.106251845067999,-4.017208819519676,-4.063704760776331,-4.2318363574504305,-4.650137858899752,-5.094517667718044,-5.640773481432063,-62.61519425201746,-52.61519384209151,-49.60489429537765,-48.6357940013267,-47.99121450861753
-50.024864406950414,13.720028708498207,-51.43815586514502,-50.27310001744794,-44.72429095918544,-52.5775894353082,-3.569849744816311,-3.776218334846984,-4.107665603725069,-4.661293146181053,-5.064297934830851,-5.434417547549014,-5.451487902185689,-5.360826403842988,-4.989303088164398,-4.481009186026828,-3.829496029060751,-3.3536049521519633,-2.98505192373183,-2.732117852687732,-2.6595090323772763,-2.6171680687526884,-2.8413424191489165,-3.2371117402709118,-3.835172050282749,-4.351691883137919,-4.930150659621143,-5.282539655376441,-5.281884057670709,-5.322580961829476,-4.9060302892354,-4.3544371741200205,-46.04546432023004,-3.4562401971587593,-3.3024025332194817,-3.202725971591595,-3.103134045659748,-3.4785805574399475,-3.839496658554486,-4.362584698873383,-5.011494281433072,-5.539544665005629,-6.114238457849911,-6.484367219551296,-6.830217831021654,-6.793948168336522,-6.48965545738612,-5.943737233528122,-5.6137984487317505,-5.563766178037818,-5.225873316951479,-5.1593547485029765,-5.31256650970929,-5.763069316294269,-6.223908000046365,-6.746905548239914,-7.440393766437071,-7.914831221600782,-8.435128247027189,-59.56728927459086,-50.536389404671425,-53.54668936131124,-62.577589231230675,-50.27310001744794,-62.577589231230675,-56.55698931795105,-55.58788918787049,-46.04546432023004,-55.58788918787049,-56.55698931795105,-7.882019709247712,-8.466023856523913,-8.957101771346423,-9.5883386361143,-10.223062167483576,-10.821514270383592,-10.913347025263075,-10.766903317351424,-10.2699843647063,-9.492008980125972,-9.371266476152021,-9.124322904923662,-8.791975235476803,-8.863622474697685,-9.10307926369497,-9.807804131233238,-10.469055877395446,-11.051648588275743,-11.555654105790914,-12.521237621650346,-12.845894915477205,-13.276456855695091,-13.757754647380366,-12.936643398812715,-12.464211090344122,-12.37824668111813,-55.58788918787049,-11.87554784067521,-11.491262864162294,-11.646280277906854,-12.274628466993597,-12.423279189816201,-12.920634492808595,-13.93218166348011,-14.547868894984644,-15.611841003199448,-15.706224871042105,-16.111592049490117,-15.50282460771797,-14.986579430463905,-14.763698293919884,-15.107357414595622,-14.880198367678265,-14.806222133781121,-15.412130638208376,-15.879401533736932,-16.10747803814138,-16.830795964957765,-17.260118413599688,-17.74314266568232,-18.048995705761218,-18.527884216427488,-18.804526978955572,-52.5775894353082,-53.035164363590226,-2.8409498632082313,-7.427319742359893,-8.08015229744515,4.613880084199354,15.658451957228959,8.542817557148648,18.42621800172983,-49.56728927459086,-53.035164363590226,-12.930798315674924,-13.351320798730633,-12.690884895063688,-11.119877881747371,-9.240456845547257,-7.529456628363817,-6.0467287091217505,-4.859510117656129,-4.047881797259169,-3.426958784573262,-3.102526405117387,-3.0496407742685374,-3.211220621640252,-3.562194050376407,-4.074896004730953,-4.9018607612003215,-5.669959631270198,-6.321697114542885,-6.4868447557775735,-6.32807837058359,-5.568813668911079,-4.8335293526920555,-4.046328451667554,-3.2579227841882408,-2.7112151919211236,-2.32459186306471,-43.49273926919699,-1.9735686877427159,-2.0559614964134774,-2.3663539899747583,-2.711976619987346,-3.2087686573833736,-3.8203053602780335,-4.459018564855629,-4.942972862963635,-5.403347149715008,-5.406769928067413,-5.137539658414889,-4.580531658482624,-3.965352602975773,-3.3290251516751783,-2.841692953161317,-2.3753522019872797,-2.0217991303595784,-1.8710458160564998,-1.8823694892466245,-2.006766046535887,-2.378599796047033,-2.8005494497171712,-3.4409708560740575,-4.084279571943398,-4.835449702808919,-5.267950697103987,-47.26280002079292,-56.55698931795105,-55.58788918787049,-53.54668936131124,-48.59818900845862,-49.56728927459086,-52.5775894353082,-50.536389404671425,-62.577589231230675,-53.035164363590226,-62.577589231230675,-2.2051375221469245,-2.913858078734996,-3.670869776607168,-4.385065623811342,-4.808043502284417,-4.859297409724389,-4.414798514530814,-3.784835327655105,-3.0881759426593627,-2.5122612759086915,-1.9823794339868828,-1.6830457528208003,-1.6150747872109945,-1.655008885804877,-1.8635045752197228,-2.257230894627196,-2.7433741915846115,-3.3596322442442172,-4.0912341692302086,-4.63072969254449,-5.045237306500016,-5.17180740057904,-4.927993694137772,-4.7213798961313405,-4.467144008119004,-4.0173610670121285,-43.885271794911205,-3.6344064340214883,-3.4850040097839767,-3.542999201533367,-3.5197923999961684,-3.86489038545758,-4.203270402454587,-4.527721588592543,-5.004221159039047,-5.384798888029785,-5.799439931724635,-6.011079032917717,-6.311804033827403,-6.170499552736922,-5.962377494868446,-5.454376253374148,-5.0424790849394086,-4.795461852227189,-4.294490558469698,-4.057518939830592,-3.920030955835551,-4.004493421309064,-4.23322974604337,-4.511550794319551,-4.90670615535368,-5.2280399761601,-5.776682538981691,-49.56728927459086,-55.58788918787049,-46.89557221118507,-49.56728927459086,-50.024864406950414
-40.43661767159732,13.712561861522115,-59.57475627846417,-59.57475627846417,-44.73175796312589,-13.384991202642787,-3.475558488967367,-3.7395720665018066,-4.070436040669366,-4.6398690144649715,-5.043125337598332,-5.398470203176736,-5.465145891986092,-5.342420192505709,-4.956432968017207,-4.465252953717237,-3.8586809292169337,-3.367723434701155,-2.9966998950799075,-2.7397829014910235,-2.6890991163431903,-2.5583123354124107,-2.864416979248245,-3.143562113903271,-3.797254315817169,-4.2323366440539365,-4.853740368524445,-5.237785996990826,-5.1847632231127925,-5.324103781552768,-4.962022906787526,-4.4190645031753935,-53.04263136765855,-3.476539717532914,-3.2979646121510653,-3.243497221248472,-3.0917614979872896,-3.5254951719936614,-3.8258071339237136,-4.299198470667458,-4.975872630757914,-5.434052061079693,-6.037343785636838,-6.46373672177106,-6.870332194841064,-6.824869638392545,-6.620734592194828,-6.011275225827422,-5.685932486079973,-5.590798419576242,-5.3283897831383795,-5.193820233298283,-5.281522214884792,-5.683095514652601,-6.123519684792362,-6.650733214796103,-7.3626358064261375,-7.828445909422543,-8.350156312799745,-50.543856408544734,-53.04263136765855,-50.28056702132125,-53.55415636518455,-59.57475627846417,-59.57475627846417,-52.58505643935702,-51.445622869153325,-59.57475627846417,-53.04263136765855,-48.43532262446437,-7.812729278177266,-8.39950791497709,-8.814672254586855,-9.547049785946967,-10.161605349540991,-10.884199954466418,-10.995735005762972,-10.888781871152702,-10.322770443565048,-9.518125587647965,-9.407597582094605,-9.211402404720634,-8.96632405373197,-8.855770758008424,-9.164680407557992,-9.623562101922271,-10.36129929085568,-10.97638097142288,-11.470650176706279,-12.418022925415073,-12.689045415127708,-13.177252428792466,-13.70427260240059,-13.049392241128414,-12.370475527664366,-12.478114424220902,-47.53355645190492,-11.886562901843318,-11.490046715494408,-11.699124390050947,-12.164659158516123,-12.504763498990005,-12.910699673034108,-13.7739495786764,-14.467362933495236,-15.355346058220078,-15.660993675948129,-16.15981736996752,-15.461927474820527,-15.18071852160788,-14.956095619084879,-15.001615602925133,-14.912309894563958,-14.901191654839575,-15.497448950006573,-15.676983984947492,-16.139783966338808,-16.65385772668821,-17.245811242658647,-17.479338156426024,-17.96032749638857,-18.32564028625618,-18.930176156116854,-56.56445632182436,-46.90303921524812,-2.848417304710144,-7.434787051833603,-8.08761969852249,4.606412774725644,15.65098482972399,8.535350029026924,18.418750855892064,-52.58505643935702,-55.59535619174379,-13.33085240547311,-13.375479324786193,-12.398051055927192,-10.725840159603376,-8.783342020237576,-7.155146879716883,-5.81263794226944,-4.622748644930889,-3.8828787889597067,-3.3390696574362924,-3.1350164229739885,-3.11391140048312,-3.334246829023648,-3.7073980151911163,-4.335829214187907,-5.141171856429789,-5.926686051835834,-6.411896502052533,-6.520705143277921,-6.200273554294792,-5.412904862818638,-4.483692143461918,-3.7354889525230552,-3.0731485298959296,-2.5160337450757404,-2.2521662543476655,-48.43532262446437,-1.9727747920234184,-2.0588169336739894,-2.412234918603783,-2.8131947090654394,-3.4622619368179883,-4.008969728842329,-4.576366867091844,-5.01629253033559,-5.3782216286464015,-5.261038164025409,-5.013526055015248,-4.407274347075106,-3.733655665814137,-3.182183362878861,-2.6651002799836254,-2.3017434737144042,-1.9823965032648245,-1.9488371056168075,-1.9208541588507335,-2.0963480139705624,-2.4352413740280627,-2.8828661042795654,-3.531583069699851,-4.250238493052229,-4.828158593310332,-5.198757086197585,-48.605656012214915,-55.59535619174379,-45.425022955873715,-55.59535619174379,-52.58505643935702,-52.58505643935702,-62.58505623510398,-59.57475627846417,-49.57475627846417,-52.58505643935702,-55.59535619174379,-2.3023623359124654,-2.9922899187648397,-3.7109935052709058,-4.437201163987049,-4.752733198209272,-4.751938715590589,-4.293067413240262,-3.6735521325213893,-2.9718326322427098,-2.4492697003187045,-1.9466355528834698,-1.690640192844382,-1.6065539561932363,-1.6737740900276838,-1.951017184325541,-2.2173544088806754,-2.814179198945037,-3.3520667073971557,-4.122118503122178,-4.559863761328768,-4.983448392065661,-5.06604813438273,-4.8445531401370525,-4.766583677420135,-4.440762416025696,-4.043830310939624,-56.56445632182436,-3.587497023885475,-3.5090508096887563,-3.635845351040583,-3.5208868445656054,-3.907023788932196,-4.178751894254114,-4.496346234603477,-4.919522571116685,-5.222366347387206,-5.694517214151723,-5.994169772418202,-6.2494324692896175,-6.14598160263783,-5.974268210913539,-5.427320196813387,-5.05424519603422,-4.694745136165613,-4.356239246914061,-4.032797133539553,-3.8767465142143838,-3.9518276670723513,-4.20169794766213,-4.415004721564405,-4.875145011350811,-5.223857335486242,-5.666729150691527,-52.58505643935702,-62.58505623510398,-56.56445632182436,-50.03233141101874,-55.59535619174379
-41.47663942340123,13.681545221534764,-59.605772947781844,-48.63667281770128,-49.605772947781844,-48.63667281770128,-3.7635185757201266,-4.045004438501071,-4.585512072017792,-5.086212882300224,-5.4894078465900265,-5.642166543585974,-5.360549815548753,-4.957681993912264,-4.307691457226214,-3.690096583923353,-3.1572280258018885,-2.8001333851403176,-2.7159446649765657,-2.7537134742721445,-2.9954070642062347,-3.300761651022789,-3.785275479495163,-4.3909922512378925,-5.069837866619169,-5.363549346266528,-5.403442158705475,-5.043008705318998,-4.344157837048715,-3.885628971287862,-3.512038077555179,-3.064036259362912,-42.74835581534731,-2.9742450156494034,-3.358698969110664,-3.7999153722819043,-4.267124749764045,-5.015996846866063,-5.640832989406466,-6.151006410646975,-6.359893090192203,-6.03767743066959,-5.697684348775898,-5.332129417339228,-5.088000611769484,-4.832873898372003,-4.68397476146629,-4.6366422309754824,-4.903601657826425,-5.492253358145356,-5.936596091541614,-6.565124207279984,-7.316523601592275,-8.054706411620325,-8.554402778101476,-8.486094847448753,-8.312580509977902,-7.5718535623939385,-7.054664887914606,-62.61607290442166,-52.61607290442166,-48.63667281770128,-55.62637286106147,-51.476639381353294,-55.62637286106147,-12.97777579609012,-50.57487307786241,-53.58517303450222,-48.46633942471348,-62.61607290442166,-9.867823020020284,-9.518919543331858,-8.66763540867266,-8.170566217034942,-7.915586167510391,-7.896690326409206,-8.029196259224655,-8.409437011160403,-8.85276751945009,-9.281821883696724,-10.380153147019609,-11.29187497861154,-11.562401947797824,-11.859983311145486,-11.719953430655519,-11.668916744373066,-11.27797054252143,-10.740386359926191,-10.139580330130592,-10.246268955336614,-10.171569831280873,-10.527979151254055,-11.16441964533525,-11.652535270335703,-12.382848479186435,-13.554177455168844,-50.31158369063892,-14.717869617161842,-14.044074842514235,-13.934038336240622,-13.830567729023326,-12.823412830422035,-12.561779489399603,-12.850005609414898,-12.671273795515425,-13.197978399457552,-13.627724620477844,-14.376573027337818,-14.843472517369893,-15.388006706044626,-16.07507789615517,-16.449323008426322,-16.614951245825342,-16.04656650320583,-16.433394961166275,-16.29747707095025,-16.47174142968684,-16.225992011769158,-16.73380457690316,-17.335909740317057,-17.836761183532182,-18.20305002413358,-18.56739365776675,-51.476639381353294,-52.61607290442166,-2.879433848355624,-7.465803330274854,-8.118636206086325,4.5753964962843945,15.619968478505195,8.504333323481688,18.38773408232562,-49.605772947781844,-62.61607290442166,-11.31885139791608,-9.206676801891572,-7.483137750102184,-6.204148484387116,-5.221093471261293,-4.644990811328903,-4.347437123585194,-4.410478902800358,-4.80451706797875,-5.325032678239447,-6.209738291255784,-7.129943141578124,-7.703773307793619,-7.667003217159879,-6.890841986336147,-5.753849420763027,-4.6387726560124465,-3.5612444970655064,-2.7613905582473945,-2.3437799683135747,-1.9924607525916846,-2.0015481937211352,-2.2243555738729595,-2.6279669269002737,-3.1964890126813055,-3.990644563091928,-46.93405566375171,-5.381015126776748,-5.6027765612669995,-5.4421475386360365,-5.028497695149401,-4.2493830874557235,-3.534204639437455,-2.9883225038270442,-2.4623704394355004,-2.2457901898722588,-2.0614563091928213,-2.141949749660826,-2.3189529105528854,-2.7344355685910453,-3.2831387321850847,-3.9702380830658015,-4.678392120533007,-5.095588079832622,-5.420431637282501,-5.144651686557399,-4.5110593802122025,-3.7865377453630673,-2.9875516752223685,-2.3617482727684562,-1.8899495133686908,-1.6662878901643194,-1.6088912836969995,-48.63667281770128,-55.62637286106147,-47.564573121222594,-59.605772947781844,-12.97777579609012,-52.61607290442166,-62.61607290442166,-55.62637286106147,-50.57487307786241,-55.62637286106147,-47.564573121222594,-1.7574608723671976,-1.361373961585448,-1.2520383156337598,-1.3719178974142188,-1.6449026074997162,-2.2117192149049827,-2.780053596510444,-3.5777850863923555,-4.297682152982981,-4.708071649194344,-4.602331248397197,-4.167171069012913,-3.639664898403256,-3.0426437470326566,-2.5941658236330327,-2.1365174662972612,-2.0491391247370268,-2.0727541865139614,-2.3681262732482837,-2.744323258799905,-3.3056815660438432,-3.963445538248858,-4.407853743116202,-5.0140048855977595,-5.335767198240684,-5.257785646074638,-44.486939043657515,-4.773231763539938,-4.586858905363452,-4.322539657033821,-3.8979510823180616,-3.8487576313682097,-3.8521795573003743,-3.9330974816040216,-4.186057137449318,-4.410839754759941,-4.877097416741273,-5.286019497498165,-5.856658451208726,-6.277178727846126,-6.342527101179369,-6.107075035062018,-5.832482507226074,-5.46162209680004,-4.856839200572419,-4.369316040287419,-4.09493428378369,-4.0160909039248,-4.058404849468041,-4.180301002591954,-4.562281327976587,-4.888867216412151,-5.461923250140917,-49.605772947781844,-49.605772947781844,-53.073647810028405,-53.073647810028405,-48.63667281770128
-41.45562059570451,13.702563941612752,-53.05262917818277,-48.445320434576416,-50.55385421880758,-46.91303702576528,-3.6387516163326703,-3.9273496352608572,-4.163692007386108,-4.560530886770329,-5.025127299131583,-5.535314232048237,-5.552707979336098,-5.413526517911004,-4.915188648230458,-4.178831518266215,-3.7215764556053665,-3.2485296963471733,-2.834742825571376,-2.640119523364282,-2.6386932591856063,-2.8124085820771425,-3.107204379702469,-3.5647788533331957,-3.998813869714804,-4.569327992778719,-5.0321469788967725,-5.269508389941301,-5.3640697689674655,-4.855954159724866,-4.407504905928458,-3.9997679977445557,-53.564154175447385,-3.2820167115089847,-3.030598370829831,-3.061971540619313,-3.3852426180205084,-3.7040714635882037,-4.195367911576559,-4.964954169787007,-5.509001060202872,-6.19600777725773,-6.521737195542089,-6.7596656411542,-6.490187794305444,-6.048187828427456,-5.724814957836546,-5.554089373911274,-5.323872568430504,-5.086415002492903,-5.205584383383993,-5.4264430860794715,-5.722110648885898,-6.35226408322276,-6.654920951161959,-7.394137805384412,-8.007497489798668,-8.700380795959518,-8.96540634628349,-50.29056483158408,-55.605354002006635,-55.605354002006635,-53.564154175447385,-62.59505404536682,-50.04232922154296,-46.91303702576528,-55.605354002006635,-56.5744541320872,-48.615654040441754,-59.58475408872701,-8.746146089749047,-9.447536353217936,-10.267938617355277,-10.611287508534584,-10.686556241206755,-10.309792701070808,-9.653170398577858,-9.177049718912166,-8.843541136451016,-8.869431718231438,-8.479648055247127,-8.559782353878047,-8.992529017800932,-9.55213114856837,-10.120796812152653,-10.618802704484324,-11.345188554926986,-12.211515262053808,-12.970934337503909,-12.95774233727471,-13.03702213231825,-12.687537529721828,-11.753940530172141,-11.799045019931578,-11.600734378446225,-11.14778689072203,-50.04232922154296,-11.56451211344216,-12.136154991283988,-12.707324991452298,-12.932604090845423,-14.02504787711698,-14.800820618348302,-15.182828426177629,-15.55131824580307,-14.766817796376184,-14.65317183413279,-14.255873037363926,-14.486682305249495,-14.367490905609673,-14.295008678095027,-14.091655474652857,-14.575806003159247,-15.292319766169062,-15.822635328498452,-16.118779817747495,-16.99251924510406,-17.5675063433551,-17.87436780963652,-18.02866139975325,-18.552876844339373,-18.136366390037065,-18.130303539216236,-51.45562067959713,-53.564154175447385,-2.8584148119045043,-7.444784954372038,-8.097617350699224,4.59641487218721,15.640987193445978,8.525352279703757,18.408752748640303,-56.5744541320872,-56.5744541320872,-8.388418209578777,-8.873411943210641,-9.771778807578556,-10.702622191237474,-11.293486326410093,-10.913704818865149,-9.622922333565663,-8.059118897336186,-6.353832316386246,-5.15995684446248,-4.06505395861696,-3.275738121919974,-2.7974221491671623,-2.537784789466114,-2.5094569977672787,-2.758335613014189,-3.2137013960703165,-3.8019731105942416,-4.529347277030224,-5.35724760071412,-5.951474009238261,-6.13366447975015,-5.831538575853745,-5.229264660501512,-4.403828213526087,-3.704138919650237,-49.58475408872701,-2.493301496542221,-2.187765088797508,-2.042845988913102,-1.965220134947859,-2.183745840456272,-2.4893410652692176,-2.964276810522209,-3.5048403759005375,-4.097955347475585,-4.71403519483564,-5.116393020464405,-5.36271428104018,-5.180040340069719,-4.7020043627942,-4.077616879549282,-3.387681461579915,-2.8649535870466325,-2.3040582265269474,-1.9643338679045632,-1.7298719001795893,-1.7903691390108853,-2.0046936723633073,-2.3432984922856663,-2.8632578271537956,-3.4465631111299313,-4.143217560240398,-13.346943832645593,-62.59505404536682,-62.59505404536682,-50.04232922154296,-52.595054249855096,-59.58475408872701,-50.29056483158408,-49.58475408872701,-51.45562067959713,-56.5744541320872,-50.55385421880758,-1.5429338344591412,-1.9983861949990667,-2.617046092285528,-3.2253496055462705,-3.921321861045814,-4.629109338996852,-4.74382816117511,-4.59228332417466,-4.0094839437530885,-3.235947938599738,-2.7520496896854163,-2.26345143105293,-1.8711430018278747,-1.670647759286891,-1.6730074847329326,-1.9982692220153162,-2.3640774629398944,-2.867168176637373,-3.377955245030022,-3.9640570421193093,-4.546650232615386,-4.864734542721736,-5.207375233969007,-4.944742220217282,-4.641065131133275,-4.557178773970128,-46.574454336575485,-3.9227072538575825,-3.6571591594210124,-3.53675030832028,-3.687971950650421,-3.7358525216512124,-3.9518421612084587,-4.310195500130739,-4.5939281426541525,-5.143853143684001,-5.602071660896808,-5.979842153347507,-6.111453827073033,-6.169449401731866,-5.927469202164717,-5.847746540670826,-5.434210704504739,-4.818742115609659,-4.547766469254018,-4.222479016702398,-4.065950125218132,-3.991626111007494,-3.9721893992023,-4.2052729459195435,-4.631808870370144,-5.266478011801327,-5.779946057736529,-52.595054249855096,-51.45562067959713,-50.55385421880758,-59.58475408872701,-56.5744541320872
-48.414481158774585,13.733403315645578,-45.32145616279973,-55.57451472574022,-53.53331489918097,-43.99089003119165,-5.099982957158915,-5.404031381967799,-5.516080227481963,-5.572222103395718,-5.619759841981949,-5.514812014838547,-5.000858771781518,-4.637707285783294,-4.067902217924421,-3.7033873634788685,-3.464180460143163,-3.3610769241417575,-3.2702709499855827,-3.433688261471899,-3.7329113511358765,-4.352054734628633,-4.876820250897038,-5.325940822761332,-5.585534085896871,-5.8499590226505696,-5.56970550660745,-5.10252961217708,-4.819804251366277,-4.171697174908223,-3.6596416693891913,-3.3734234885143364,-45.66225406584552,-3.2066340942945466,-3.4069245552488345,-3.7077759927185525,-4.409360461712431,-4.94616120639591,-5.672174090259993,-6.605969137973386,-6.893468628619694,-7.081832191377197,-6.830856580911103,-6.413029452945686,-5.6914227063138085,-5.107893306477598,-4.729945854436404,-4.7451540629586235,-4.614986382703962,-4.680310876816969,-5.16892619645648,-5.77443588517093,-6.391432102693463,-7.2792642791711595,-7.873229318069914,-8.712586708063883,-9.095601598806596,-9.251865797555114,-8.910458391885461,-48.58481476388544,-50.259725555317665,-46.54361505958431,-52.56421497286394,-51.42478140277322,-47.94023467300537,-47.94023467300537,-50.259725555317665,-53.021789901111084,-51.42478140277322,-51.42478140277322,-10.045157022571537,-10.718861840455174,-11.512520736608874,-11.350422030518788,-11.032898086288892,-10.520138843400115,-9.492978541635734,-9.077078342592412,-8.60122751679736,-8.602831912372459,-8.421084360512811,-8.55886953426355,-9.13505561357381,-9.789498061857332,-10.529914443492762,-11.341006810674898,-12.260444427207533,-13.262062086777043,-13.882180496530744,-13.764659092005434,-13.334626102987725,-12.447495549445824,-11.63304636175843,-11.331547062891401,-10.878945246343497,-10.633609526211515,-53.53331489918097,-10.889564547874768,-11.76498924137473,-12.567821091168522,-13.228127398136015,-14.717114884682974,-16.133143660508928,-17.075900452686533,-17.691982750477816,-16.669521866706575,-16.041751522138508,-15.13154769831054,-14.792847904532875,-14.360229451163509,-14.474209668112506,-14.500990510700655,-15.06430198737522,-16.160891500888933,-17.362655650214457,-18.57700422169234,-20.176229162576668,-21.67435316957085,-21.78508749454466,-21.922256745519284,-21.815319207693634,-21.27473231526516,-20.34303530863014,-59.5539148124606,-55.57451472574022,-2.8275756863160364,-7.413945579881184,-8.066778014501486,4.6272542466780635,15.671826457623318,8.556192058891233,18.439592306226565,-47.24942555872423,-49.5539148124606,-9.336854614790184,-9.722231836998768,-10.049633565212284,-10.164616876294152,-10.072476171304753,-9.556151948653227,-8.287325369139854,-7.263243083396973,-5.911923875945991,-5.203932613379555,-4.4596712965688114,-3.865323805268716,-3.606736065805392,-3.4067932700123063,-3.4823843897035163,-3.87694151946615,-4.179470780976622,-4.657669302293835,-5.051323788995017,-5.393795512336082,-5.48807018760386,-5.235253540327821,-4.944898494310837,-4.489750649609107,-3.91689140300499,-3.498623506199923,-46.54361505958431,-2.8615971414393866,-2.877471307185919,-2.773523030976415,-2.9027973518044736,-3.1003112350197792,-3.4276338379680666,-3.7748052152181755,-4.093117146778012,-4.185680135522291,-4.483726073238547,-4.426684482348665,-4.319558681533737,-4.031583694914195,-3.6769119447504717,-3.4078739078361213,-2.985456453023732,-2.7871065227614746,-2.5225280517008306,-2.451365921168754,-2.3804514152328116,-2.5699645020108837,-2.6714880828453675,-3.0582442640711975,-3.3851441857593163,-3.555275347521765,-3.672318446528239,-46.54361505958431,-44.71091649693506,-53.53331489918097,-55.57451472574022,-47.94023467300537,-44.502415029261535,-56.543614855820785,-51.42478140277322,-55.57451472574022,-48.58481476388544,-48.584814546537686,-2.2197072709439944,-2.5083944156533504,-2.8740833011765354,-3.0696462755298914,-3.2367939598382134,-3.256308176118024,-3.103220732346896,-2.8091571736224816,-2.3907925222550106,-2.0909166046199097,-1.9793090436148106,-1.7923532703804317,-1.661422866169989,-1.747048514948193,-1.9204995430121483,-2.4643291342587887,-2.7914568178504453,-3.1341939546491506,-3.40997880828993,-3.6901009140393493,-3.740079817038561,-3.6058694352941667,-3.6515339404063547,-3.307541274421159,-3.0894367087749854,-3.049343663097437,-41.70061676855495,-2.965728547530977,-3.096937131887487,-3.300090656470899,-3.6782195747765334,-3.910562919968583,-4.340487094599358,-4.666821853085118,-4.866528690320231,-4.978092840600372,-5.059501341785708,-4.971798137005744,-4.6264715603365865,-4.371869255554303,-4.126034202613827,-4.19959411016262,-4.094846461753441,-4.040384727626099,-4.180056632748873,-4.3333342928878515,-4.580940966326576,-4.842487145272246,-4.971798137005744,-5.214768825300276,-5.437877782564337,-5.5278968819516,-5.542322691515026,-53.53331489918097,-52.56421497286394,-51.42478140277322,-48.414481158774585,-50.259725555317665
-47.37070414915123,14.302933420879423,-55.00498441380032,-58.9843845005207,-48.9843845005207,-51.994684266329074,-6.856797183602325,-6.829674242819826,-6.81632824860671,-6.772733798501417,-6.6790521546860795,-6.61376286938985,-6.0378596627864125,-5.790991456758469,-5.5597925355847035,-5.43636840981364,-5.198715968244302,-5.150827361144625,-5.347042667003802,-5.545495342253303,-5.815605999961486,-5.888828251134331,-6.261685543657972,-6.497872907905375,-6.783042234269586,-6.779942814998492,-6.548237879158341,-6.084818186794773,-5.5361407027111555,-5.311794502900716,-5.017710514762649,-4.659678351750612,-49.44195919409252,-4.659750382715168,-5.009286045074575,-5.455837920535124,-5.627298983222229,-6.473942987215358,-7.086562860324033,-7.739782646880223,-7.73535004513343,-7.4040781117847505,-7.057483935797056,-6.5433827460492475,-6.203058810005637,-5.814569860909153,-5.466566382566836,-5.144921450616775,-5.167269462960689,-5.511309081910301,-5.704331353251476,-6.260189488462097,-6.928200130809653,-7.996528562694758,-8.788694220240519,-9.297570446089255,-9.60206504387372,-9.126887422707972,-8.598083440318193,-49.69019524337777,-50.85525078729873,-49.44195919409252,-46.6798949499766,-52.96378458724107,-55.00498441380032,-55.00498441380032,-55.00498441380032,-52.45225915073233,-14.334980685701362,-55.974084543880885,-10.95264815716571,-11.765124530540128,-11.607291433389364,-11.314830781650954,-10.772525372654524,-10.523240830018848,-9.677083980318628,-9.2531752276135,-8.802353311808544,-8.41758433352864,-8.840754489732882,-9.206942590570451,-9.562591787241768,-10.30402661549234,-11.227188283346907,-12.776259768525687,-14.164085292523993,-15.066215246066328,-14.732630197913146,-14.74783066891364,-13.423471455920799,-12.637143557279833,-12.18529289610238,-11.358911227574946,-10.885489084160845,-11.215448509044972,-49.44195919409252,-11.984750690719597,-12.36848155311612,-13.416536566891054,-15.327820367870167,-16.378304759962845,-17.59189243356101,-18.863397311192234,-18.018760559353474,-17.544093908385005,-16.410839493124413,-15.483358559064364,-14.222881722179846,-14.04367397002658,-13.934920705785077,-14.847615736519552,-15.358334968578664,-16.060937428819607,-18.026068237108262,-19.608955089369854,-21.036368281901826,-21.678176239907145,-21.25347172143249,-21.009631319415494,-20.444362240562207,-20.19859228420385,-19.909733232057366,-55.00498441380032,-52.96378458724107,-2.258045460214896,-6.844415233871052,-7.497247521084061,5.196784592688196,16.24135719511061,9.125722174986645,19.009122689064572,-55.00498441380032,-50.85525078729873,-11.20674627743963,-11.408412610122499,-11.304482192737726,-11.384837059686435,-11.166830816449934,-10.95716026373234,-10.116742672122509,-9.313001649622194,-8.337240732010084,-7.473445382031059,-6.818898961625112,-6.372517283082643,-5.923856950599333,-5.624863818192184,-5.501715704875192,-5.619446926327396,-5.805233933759285,-5.89993570639693,-6.117294165757698,-6.435521505943561,-6.482124651480969,-6.569305540300197,-6.5145142795463915,-6.3509951458053155,-6.036317441732907,-5.925016001100481,-51.994684266329074,-5.42831798022142,-5.077744257206325,-5.011851611310757,-4.897355864628676,-4.827641560458577,-4.956399156950496,-5.214411204073849,-5.235270474323076,-5.488540583618163,-5.674922826656697,-5.838444901039966,-5.917132653188959,-5.994784305336828,-5.92612214420734,-5.940933416795774,-5.696054144687896,-5.166404535866035,-5.136148212857751,-4.87070505018071,-4.635271741431633,-4.580418384225247,-4.471894809124038,-4.50776639703898,-4.664727325596967,-4.9118693006229766,-5.189788681802286,-50.85525078729873,-47.84495061046879,-55.974084543880885,-58.9843845005207,-45.092723566003265,-43.86555082222836,-48.01528429410756,-46.431659237452706,-61.99468445716051,-58.9843845005207,-52.45225915073233,-4.159278993517161,-4.295802843415697,-4.47819126464386,-4.681682106509454,-4.736319337635834,-4.838285560242081,-4.7439601296015,-4.7124050843598395,-4.715678737787658,-4.715134354875103,-4.517887057009712,-4.401027992704121,-4.600511675921474,-4.619315116297445,-4.714159416181241,-4.657817374849343,-4.780857487498317,-4.862291171059273,-5.114475026223343,-5.223252514782422,-5.2849473278304515,-5.253378704651293,-5.118601136136979,-5.3676726965117485,-5.444097534631284,-5.363765487828119,-55.00498441380032,-5.717452993861705,-5.955774451754294,-6.196757132739641,-6.029109270071617,-6.380986993691151,-6.544868498364985,-6.6135237340006725,-6.46648181061944,-6.285462360922729,-6.203413514090137,-6.126190621301309,-6.26109417235844,-6.316178378928791,-6.41378151745246,-6.441744109478876,-6.44005211283198,-6.834397294239029,-6.708846477487541,-6.8877734578254355,-6.908040702407269,-7.149721429183532,-7.1216883755489535,-6.994612636652954,-7.004897157837658,-6.804060354814146,-6.720963808081615,-61.99468445716051,-50.85525078729873,-46.6798949499766,-49.69019524337777,-14.334980685701362
-42.41027861571706,14.344914334745553,-52.92180405120347,-47.328724051277796,-49.91150409456367,-49.39997865907725,-7.161257187370248,-7.208617886065726,-6.869279232232465,-6.799145667401786,-6.59812996213486,-6.550598476609091,-6.242583985617022,-6.013366752431485,-5.808826057271728,-5.376409646502345,-5.533661488485593,-5.700361395784771,-5.700691057516984,-5.918726560467158,-6.293635837593917,-6.638106348680367,-6.980130451914652,-6.889818860684765,-6.7650120220296985,-6.6087872516874215,-5.971356274707621,-5.577156006411261,-5.240142416529334,-4.889948352898582,-4.8168495720229085,-5.008644152020436,-46.389678702437436,-5.576165753688417,-5.861350412301642,-6.4841940711785595,-7.136959223640762,-7.498779496991116,-7.519197675916271,-7.58769007172938,-6.988929319706649,-6.612887389090717,-5.970271953145376,-5.71532283612496,-5.27656823578228,-5.196084111759642,-5.380070068134719,-5.776327126110216,-6.413570365356195,-6.770658386850618,-7.917363632662705,-8.603564323284127,-9.185972624125258,-9.476972495239279,-8.854018639779863,-8.254073008719356,-7.658007546964141,-7.336368134504694,-6.902669832276499,-47.80297056315277,-48.9424039644831,-51.95270373121157,-52.92180405120347,-14.543897681330987,-14.543897681330987,-61.95270392112291,-58.9424039644831,-61.95270392112291,-51.95270373121157,-61.95270392112291,-10.21708264083819,-9.566773909724395,-9.056702966446053,-8.68359248646206,-8.234159605662981,-8.207841842454961,-8.22525855041659,-8.70473682850556,-9.47542575791093,-10.60188656646216,-11.503780087578138,-12.56945827232209,-13.927634731716774,-14.310568964528,-14.05090832312193,-12.674844346990115,-11.914954652447154,-11.065355626268808,-11.051922983399308,-10.603636722897548,-10.612176190770654,-10.85759335195085,-11.041629191520821,-12.322148959586446,-13.51452280745077,-14.692771216165752,-52.92180405120347,-17.13971106260794,-17.65566544519676,-16.943481489947192,-14.961440595632645,-14.565453438510323,-13.792612058163673,-13.141768570927626,-13.236216025542198,-12.997097389446806,-13.476854110109526,-14.472529937112926,-16.213201794150592,-17.74044990115351,-19.94967205825817,-20.154314860550567,-19.844170192009443,-20.03679655686736,-18.682590107656992,-17.67103151603318,-17.255661916171853,-17.29144493321013,-17.49603938732885,-17.91789540507484,-18.91966339802806,-19.427814596934248,-20.815275584945905,-58.9424039644831,-61.95270392112291,-2.2160647988081372,-6.802434704679223,-7.455267167847843,5.238765121880025,16.283337266417977,9.167702373478356,19.051103190781763,-61.95270392112291,-47.80297056315277,-11.609106839684166,-10.623802396534485,-9.696484045184233,-8.994460946034636,-8.348796233255404,-8.192101676470719,-8.089319471579394,-8.064235198036611,-8.313051154980114,-8.486964000648282,-8.578150996902579,-8.535095419477774,-8.314685459435063,-7.864201306561791,-7.266734771036298,-6.623110439167395,-6.204141562589576,-5.706325402963985,-5.58000886906053,-5.39141501894148,-5.257777807226067,-5.330926011830792,-5.290772762451558,-5.693778895936851,-5.969253638602852,-6.2222116210170055,-47.973303758438,-6.382145751368931,-6.435935559070327,-6.478242976932547,-6.056066955950738,-6.096292328717866,-5.780078495462837,-5.428683657643606,-5.277006993609005,-5.021478089997128,-4.9524456264767815,-4.998859306964738,-5.1667188403842115,-5.266301292700217,-5.539053911780626,-5.628333741455483,-5.986634041128692,-6.157383027578506,-6.170610965270625,-6.0254083070036835,-5.776945267568844,-5.663085778153495,-5.322312930748567,-4.933606515683828,-4.837516683123696,-4.5583651600292665,-4.5016434634706215,-51.95270373121157,-58.9424039644831,-58.9424039644831,-52.92180405120347,-61.95270392112291,-51.95270373121157,-54.96300387776272,-51.95270373121157,-49.39997865907725,-54.96300387776272,-52.41027861571706,-4.553864876949655,-4.564541697255008,-4.2779913114140395,-4.438557871369877,-4.461991982777173,-4.726849914887646,-4.8353992176986385,-5.013324672221222,-5.080108150327943,-4.90596642960838,-5.111138058781089,-5.075301288730786,-4.824557785838413,-4.763595378229172,-4.866625262801015,-4.935600037613725,-5.1493761978818,-5.155573012128226,-5.2169200657870105,-5.352164118917537,-5.348441947333433,-5.444094371605917,-5.614092186818943,-5.515996527755873,-5.531146415053455,-5.74389296742178,-42.92180405120347,-5.926006693008777,-5.856066345303872,-6.087989800966719,-6.4273601275673435,-6.456737527196648,-6.544493367537535,-6.834712494448864,-6.691263300931788,-6.813060909954608,-6.676404994174718,-6.722461883691428,-6.49190656856101,-6.441694283282925,-6.490572915015988,-6.685564388501159,-6.932531978460208,-6.730322480131984,-7.16366379086947,-7.208253838671376,-7.357618315071186,-7.388724683866897,-7.263192996178941,-7.08794580748953,-7.128184636016906,-7.186112088811507,-7.1580162390062565,-52.92180405120347,-47.973303758438,-58.9424039644831,-52.41027861571706,-52.41027861571706
-46.024048996543826,13.741444050491566,-50.514974081543585,-47.932193812116154,-51.41674054163061,-50.2516846943201,-5.436668146806816,-5.57543834126105,-5.484621309715486,-5.562575694333484,-5.436331008040229,-5.277339046999995,-4.962721683737276,-4.64569203402353,-4.247619240253867,-3.8092170483685788,-3.712049813117538,-3.582624945959243,-3.5505749051006448,-3.680720942183573,-4.014024482385982,-4.445614681296131,-5.005470695928366,-5.401321459237205,-5.697386812303053,-5.914400544883781,-5.784540627487996,-5.384421682951562,-4.898937272398384,-4.381597410661737,-3.8309692963086777,-3.5086018891428337,-48.576773902812455,-3.1096054833603484,-3.1378802710671065,-3.3938193986941307,-3.8328747500863565,-4.385586827200523,-5.086719645125303,-6.02935994924557,-6.582184058176286,-7.081860905438794,-7.072415143291422,-6.828340515316155,-6.1039561321808575,-5.458582632407756,-4.859233241895277,-4.364098105496067,-4.072115199527714,-3.7859520040878483,-3.9980696226383965,-4.216515869193083,-4.611592942122798,-5.257207487919441,-5.885269721744999,-6.809461831392546,-7.82111410748223,-8.788762565401358,-9.206130622819357,-49.54587395146302,-55.56647386474265,-49.54587395146302,-44.42704034167428,-50.0034490832642,-55.56647386474265,-52.55617411167783,-50.514974081543585,-52.55617411167783,-48.576773902812455,-48.40644029789787,-7.054159623592349,-8.010773800745499,-9.297201474148707,-10.507164192074042,-11.483226455750193,-11.619716355495079,-10.979642209642824,-10.21178561603083,-9.21336554928533,-8.436729016178795,-7.693456673683702,-7.268484616935016,-7.098786885051603,-7.163103710056075,-7.456827197206289,-7.7875535933855256,-8.560734444297639,-9.563520174338349,-11.251388813764308,-12.572665017820757,-14.308864554073516,-15.17058790745806,-14.6770376057785,-14.108917688253557,-12.862014527691592,-11.514957588885368,-50.2516846943201,-9.979868198298828,-9.730745403464377,-9.757862226786632,-9.77767573441943,-10.553142258432452,-11.334113345460317,-12.572490599991156,-14.248363240105771,-16.076674507372516,-18.252681434379298,-19.592594138281825,-19.96692884576263,-18.145038144021022,-16.462364778264522,-14.960251025489555,-14.258184963054383,-13.763781108763126,-14.036989270153267,-14.040533345535827,-14.781035625307188,-15.851303491227489,-17.080272762384794,-18.9153564873897,-20.36452147594984,-22.11077627821128,-22.98249576352727,-62.556173908102835,-53.5252740381834,-2.8195344560112856,-7.405904457226404,-8.058737007395841,4.635295369332843,15.679867573506794,8.56423284964135,18.44763322462312,-56.53557399482321,-59.54587395146302,-12.41428793454161,-11.783330805757728,-10.731685130086603,-9.559248800762704,-8.370112284600216,-7.30809866958225,-6.354802801942085,-5.609419837933389,-4.95025288826909,-4.607865027846033,-4.422305698068405,-4.299835894812162,-4.411540353629776,-4.536425333482408,-4.75534926588665,-5.084752599408237,-5.308330012271304,-5.328807047972201,-5.241092155385825,-5.0370889813329995,-4.672651186538145,-4.36820935405716,-3.9777729923656224,-3.6685566989681435,-3.388576873435247,-3.163598107980057,-53.5252740381834,-2.9653398193112896,-3.001528398973127,-3.116354296879114,-3.168475521302692,-3.403943850076507,-3.68827824858931,-3.9081923500443096,-4.188345332896698,-4.21796077072176,-4.314342273325915,-4.271450797537224,-4.173704663550455,-3.9186992615076273,-3.6327339773402887,-3.3383835812471014,-3.1124036122848637,-2.8942075633052244,-2.735882335240359,-2.7148403254709095,-2.6318409061732613,-2.8461399326864574,-3.028535006407664,-3.2845397493986006,-3.6306815010126483,-3.6974865297956057,-3.8450585042033234,-50.2516846943201,-48.40644029789787,-47.932193812116154,-50.2516846943201,-50.0034490832642,-46.87415688751395,-59.54587395146302,-47.932193812116154,-56.53557399482321,-62.556173908102835,-51.41674054163061,-2.664021062385324,-2.864732548635283,-2.980197194556764,-3.0777896301368672,-3.163353431281912,-3.153474997304042,-3.1610162181360058,-3.1037238369386437,-2.9354134444118922,-2.7660425275736227,-2.8066563747115842,-2.777031780359505,-2.7320998717882,-2.7884567176616604,-2.864116856566577,-3.0072054368152585,-3.101881696098603,-3.111465958530213,-3.1203534735405913,-3.160138014090059,-3.213628936539523,-3.220035985256256,-3.371776099728268,-3.335846778318052,-3.425748185079898,-3.6985376585802676,-46.024048996543826,-3.9683662764939194,-4.0808171588069015,-4.226361342832899,-4.327892461157388,-4.328610271414934,-4.375096668861803,-4.4504481581517,-4.319332691651647,-4.296197151125188,-4.343705264759189,-4.475705881790679,-4.400921171222993,-4.451146730638664,-4.638762303648994,-4.892625695871259,-5.026659263545704,-5.016791077056377,-5.3024649970794515,-5.383888575870216,-5.380533774128157,-5.3381831815681835,-5.261658596440833,-5.311670193854465,-5.2594645271628035,-5.3221999727148805,-5.387380006563705,-50.2516846943201,-50.514974081543585,-45.566473579737675,-47.24138469776363,-50.2516846943201
-53.713386334277295,13.553331761149947,-53.20186064751029,-50.439796990413996,-48.764886394852276,-59.73398624755692,-4.897934902631195,-4.963982911171031,-4.893088186669567,-4.854850257127627,-4.6310839939598205,-4.4366231704259675,-4.003493655960604,-3.655813004489075,-3.3857840602789087,-3.147567657312562,-2.960613774169181,-2.9652130375934744,-3.156789302088634,-3.4183207493532612,-3.795180114671032,-3.9726350677444473,-4.4112206430727525,-4.675854911575984,-4.86924959582608,-4.6729088048740595,-4.307941273203869,-3.8720918880145287,-3.2180420981157227,-2.914477061037318,-2.703580392496108,-2.4440725595322066,-42.57395307791654,-2.596423281027311,-3.0445759470483753,-3.5807051795476434,-3.963643199400299,-4.863416005844238,-5.409472511065408,-5.7282179799550885,-5.704455000905083,-5.204772888317225,-4.555774734844579,-4.02784499857934,-3.6775480504614317,-3.3387928751473375,-3.1846730742018763,-2.94092023799285,-3.2101981184926425,-3.7861506731602876,-4.264551613874485,-4.923567813058146,-5.768191930168014,-6.74893791579838,-7.468992308205658,-7.619577070959977,-7.295758066756976,-6.571168139983126,-5.930778998642131,-49.73398624755692,-47.062268513728,-47.18126073423066,-53.20186064751029,-49.73398624755692,-49.73398624755692,-59.73398624755692,-50.191560690870475,-48.59455299119617,-50.439796990413996,-56.72368629091711,-9.889928115461771,-10.01765623790386,-9.14741123806529,-8.438827234835177,-7.7511276491303525,-7.317363722710328,-6.855521164916939,-6.645302009400538,-6.627371830349458,-6.589783298804711,-7.3080127842206455,-8.045050400587835,-8.810341856726394,-9.847281954933107,-11.07924506204947,-12.549592066464106,-13.186446848447567,-12.763612078492084,-11.51161849697801,-10.834194169678476,-9.70056572086783,-9.1259503567977,-8.856988347095227,-8.520193888041154,-8.559516848495928,-9.28369189028729,-48.7648859510508,-10.761564814561837,-11.67300083706522,-13.175066113240106,-15.046600294554988,-15.394928430645345,-15.439370089231499,-15.008762251808472,-13.530074761531354,-12.948574917351683,-11.865265792988433,-11.511618778987962,-10.977066315303558,-11.15978683737351,-11.722900289644013,-12.690249834268402,-13.820390220736211,-14.767733705856541,-17.028478859897632,-18.785084224208905,-20.133085740309294,-19.660776897519227,-18.79889364138988,-18.008978806710076,-17.33423833511402,-16.929454999849934,-16.909804354427727,-55.75458616083654,-56.72368629091711,-3.00764730603424,-7.594016851712949,-8.24684944314736,4.4471829748462985,15.4917550905492,8.37611996066838,18.25952074297216,-48.120306464324344,-55.75458616083654,-8.771283812121675,-8.225807807855098,-7.678356599508479,-7.309354491317013,-7.147074845305365,-7.051366334780336,-7.091417438619495,-7.053216699688662,-6.85166173147426,-6.531484456313448,-6.3308042785004535,-5.938818839887765,-5.35556108725471,-4.833973074312702,-4.403609793824611,-4.0394746195836815,-3.803386495236351,-3.5226132710436966,-3.338797473754336,-3.393785487950618,-3.296144180110523,-3.367076472240618,-3.4660824949460673,-3.6204073638365513,-3.6855933861304093,-3.8798191272744216,-42.701072740999926,-3.864053324108747,-3.7654216621857155,-3.6633355299876684,-3.5412058756055798,-3.3486695047539343,-3.1532515468298437,-3.0644797111560598,-2.8824784651324364,-2.801690928462566,-2.7460891002046783,-2.788390246542583,-2.889653427179324,-2.9803644409003467,-3.1673608397139357,-3.3892939282143435,-3.601827809400941,-3.5335367988496476,-3.6854646491471144,-3.4972714819725415,-3.290067966419152,-3.150952324332061,-2.8396852150887018,-2.5993998438020527,-2.477246334788149,-2.4645755652579955,-2.5106051377037257,-47.69278642099767,-46.2121606041501,-47.18126073423066,-52.744285788132856,-47.18126073423066,-43.25038621566218,-50.70308637763748,-44.615152637768176,-12.505810094689169,-53.713386334277295,-53.713386334277295,-2.4600989711743013,-2.4816344148279503,-2.5259784002396435,-2.6630217119576867,-2.6916013415964017,-2.671161803545356,-2.6624718494861304,-2.6160107248448545,-2.616989480708909,-2.5804347045148424,-2.4606846044246824,-2.45206828996919,-2.566905529338421,-2.7292122879222185,-2.90807314152513,-2.86036927823776,-3.113778244448512,-3.2320384464707574,-3.486272877186485,-3.4468895319163906,-3.416196363880431,-3.3061567948870656,-3.1090287376705046,-3.0793301749864,-3.117581434772095,-3.0353292417527236,-40.703085961573606,-3.3455954765325364,-3.7261897835389126,-4.094467242672383,-4.159852309215938,-4.614070185668439,-4.765374435727622,-4.745410611347029,-4.662757408351487,-4.521323786317769,-4.293249953358138,-4.124070486041298,-4.084669631414205,-4.061222226558197,-4.174793038026192,-4.057624548673507,-4.275746309985678,-4.656446002723732,-4.816826394696252,-4.989536295514733,-5.127946793901568,-5.211520539264201,-5.324061501562386,-5.231209900399543,-5.157702592196324,-4.941451324268519,-4.896972459806463,-59.73398624755692,-55.75458616083654,-45.50152732501607,-42.213501683449635,-55.75458616083654
-49.652298812922105,13.63501919743906,-55.67289872620173,-62.66259876956192,-49.652298812922105,-49.652298812922105,-5.04689074449097,-5.087757975673269,-5.021106567327134,-4.952297784909902,-4.838087445561809,-4.763127155888231,-4.1996607071575855,-3.8863401050235002,-3.627439817311722,-3.368792573130577,-3.2155514928254214,-3.197005063338276,-3.2426273985217113,-3.5340783835741285,-3.8358683378511764,-4.0946759701965405,-4.460446624621197,-4.821477739269051,-5.0597010150680175,-4.93168535438446,-4.633384520705336,-4.292171966400461,-3.674990356622731,-3.2995027567731965,-2.9737129796614132,-2.6503647199982954,-45.50256565026723,-2.675242043841614,-3.0511131645819267,-3.415041457373058,-3.8311539331767728,-4.61653686039131,-5.2662031721933245,-5.6856858662791705,-6.024525148752909,-5.765000809805465,-5.288755520286296,-4.732067418911924,-4.250600424688126,-3.7944607711569582,-3.4600603795669738,-3.248274224542271,-3.2522371692995082,-3.66897990262033,-3.8912303619567834,-4.481785527386801,-5.2275480407175365,-6.381029464660727,-7.079101819065803,-7.625168759484785,-7.915527356172269,-7.500551666406362,-6.844694321866514,-51.523165563546854,-55.67289872620173,-51.523165563546854,-50.109874176494756,-62.66259876956192,-51.523165563546854,-59.652298812922105,-51.523165563546854,-46.980581974480415,-52.66259918173123,-52.66259918173123,-9.454491247338373,-10.159448129622819,-10.070961714932047,-9.74606906605076,-9.162271241671595,-8.693495154770964,-7.890445391001607,-7.322630062586648,-7.066105363192091,-6.814652025614488,-7.0499386859342295,-7.513695768694051,-7.883720701492978,-8.742104671314765,-9.718884393767558,-11.209701788059894,-12.594986900797448,-13.285815484176556,-13.159680442818122,-12.770370749447737,-11.66216893814045,-10.738820199661859,-10.048685191960105,-9.399137778299204,-8.99827594596186,-9.104234939802748,-45.67289891854741,-9.760805057131499,-10.267476889684202,-11.400732444381118,-12.893003845668783,-13.99824837040735,-15.437411317303072,-16.560043643387065,-16.092422777399428,-15.317800690870635,-14.115167332402937,-13.04037362898976,-12.348635210112002,-11.930842523254945,-11.837725076800904,-12.042272283309677,-12.68153183406371,-13.299372143369938,-14.493229040798902,-16.106413021532624,-17.474170124584234,-19.334175959674923,-20.343572338064128,-20.61461856658157,-20.051159892174777,-19.189298487338654,-18.49353231816997,-53.12017413313457,-62.66259876956192,-2.925959459589693,-7.5123296296644115,-8.165162167980602,4.528870196894836,15.573442824378233,8.4578080702792,18.341208586068596,-55.67289872620173,-59.652298812922105,-8.842103752054996,-8.476851546612815,-8.300335856400302,-8.16488460818057,-8.15461284284399,-8.19123583310955,-7.892486777220309,-7.581976671728507,-7.144757464072162,-6.626424566198619,-6.043544665486806,-5.4810708657030185,-4.95816578546067,-4.556980720489185,-4.106377533682924,-3.846561527391679,-3.7691338336429725,-3.64421922071437,-3.611378323807635,-3.7069923679715493,-3.7271724419746577,-3.8974992343484676,-3.9842719305466834,-4.045098927803258,-4.051647436806073,-4.0511216541719,-44.08927426321513,-3.9338542252584614,-3.7505650427995367,-3.613821323055833,-3.3249532017366876,-3.1593398615478545,-3.096112992994696,-2.970988948951836,-2.997746119796543,-2.9560021090732196,-3.0082672077578794,-3.1717789976578055,-3.291067182069471,-3.4229816076887682,-3.5851271663238764,-3.744671542909017,-3.79698689947408,-3.6572178632383108,-3.6072301262870603,-3.415460165780826,-3.13210928760874,-2.9989798241529013,-2.773652796139945,-2.6401001706737848,-2.5887699910049777,-2.6967594509872486,-2.7752215182548072,-50.35810955577918,-56.64199885628229,-56.64199885628229,-55.67289872620173,-48.038618553693446,-46.53476003481607,-45.50256565026723,-48.683198847709264,-52.66259918173123,-49.652298812922105,-46.13047408977438,-2.636187269920608,-2.650758782207576,-2.6879574633405023,-2.801719117378674,-2.851610453426237,-2.9147151515484744,-2.719775098042854,-2.7473385837512696,-2.707124251568934,-2.7462184328693735,-2.599333602293794,-2.6565012927287928,-2.8098925667693617,-2.9566897240066132,-3.054609763848553,-3.1452951620433174,-3.3307234440111166,-3.4792545058902946,-3.5294148303210324,-3.5600273379177865,-3.471399115285357,-3.3370243837409137,-3.1793250051510653,-3.162486650063912,-3.235768162130141,-3.1541035245987685,-56.64199885628229,-3.6182024858175295,-3.996122163716623,-4.322208719075423,-4.469733020505192,-4.780066138354055,-4.925165581453419,-4.897839060366258,-4.809001440717004,-4.5688535026698425,-4.360447223201179,-4.19249544256182,-4.192749172859166,-4.16947946517123,-4.224044514828817,-4.352294202962962,-4.5402454963422105,-4.821356388213882,-4.974405477336383,-5.204912491241536,-5.333950589909428,-5.592316159857582,-5.454921148141883,-5.366245697708884,-5.306801355390727,-5.155594505115392,-5.02774228349208,-50.35810955577918,-59.652298812922105,-50.35810955577918,-56.64199885628229,-48.683198847709264
-48.80873735375084,12.864900797529765,-50.42241724668032,-51.12822798953739,-51.12822798953739,-50.87999190207454,-4.057553136588221,-4.02337072220717,-3.8286516860685076,-3.704359766240501,-3.5587853137407057,-3.4749926567027494,-3.186079606425695,-2.915725182147243,-2.6876978326302177,-2.327675409087428,-2.309717894740209,-2.364657033287925,-2.40316899732889,-2.5793192663359905,-2.837340530337724,-3.1674947840520207,-3.4614712812040294,-3.5182414117491683,-3.467373138125291,-3.470228437105881,-3.0000964755553836,-2.6606014878546382,-2.323936062414017,-1.8811882654811973,-1.6813466101669674,-1.6463283159294622,-39.00791966713898,-1.881677470181127,-2.1423149866842834,-2.588062665473292,-3.1558746871748165,-3.6876692390675645,-3.992210855000076,-4.275696287622008,-4.135136255651667,-3.8511840888979023,-3.3440381336428397,-2.9242774790076926,-2.484820636580361,-2.198618031599968,-2.092751516461326,-2.1839563046085204,-2.4108167378387995,-2.764148917908709,-3.350067372816801,-4.0308904937454955,-4.679019435044307,-5.536402708124358,-5.777149356775632,-5.777819401820691,-5.5228890331274645,-5.179170450515231,-4.6552156282308035,-46.53075672473683,-47.86969194543473,-52.29328350702771,-54.40181733340069,-63.43271720332013,-60.42241724668032,-51.39151737676088,-48.80873735375084,-49.282983867965335,-63.43271720332013,-56.44301715995994,-8.221689273632286,-8.164105552348616,-7.9120487615412705,-7.2880477951988185,-6.681930141522505,-6.190728595457977,-5.689000362999649,-5.539096244263319,-5.609073328413247,-5.905589005132372,-6.331272789301444,-7.073940713158273,-8.079345502755519,-9.273773378868754,-10.401512994072498,-11.24788762522405,-11.385414511046246,-11.07569113972685,-10.435095311219511,-9.5727776505906,-8.68791732217523,-8.122401214286052,-7.570153419647968,-7.709299281796581,-7.944402345362198,-8.329573278387,-56.44301715995994,-10.162603410940656,-11.515720506499799,-13.058452261652373,-13.797814093500813,-14.517119381089412,-13.955930026830439,-12.768079130091598,-11.837044852207173,-10.501457091240356,-10.044766808177732,-9.680965977192786,-10.083798532186677,-10.315326955026647,-10.949918830908306,-11.568352271176277,-12.611436500840952,-14.255719257547277,-15.313617469425584,-16.11135399001623,-16.722748284387382,-16.667884128296592,-16.31953843365714,-15.45415821615747,-15.123944746277031,-14.522195475755437,-14.381345054300878,-49.282983867965335,-60.42241724668032,-3.6960780618172393,-8.282447538401868,-8.935280154205929,3.75875228815738,14.80332384870081,7.687689480558715,17.57108999269407,-49.282983867965335,-63.43271720332013,-7.356323003522904,-6.522105473976573,-6.007964118580525,-5.604065500343721,-5.431673329591838,-5.414750806460356,-5.427711486064403,-5.59303885140597,-5.68642387804834,-5.563258884998862,-5.237297875359685,-4.719218423181461,-4.262727707101032,-3.6651747121431333,-3.082404264358203,-2.613899917870508,-2.361533542764698,-2.1395797039209214,-2.102133825683657,-2.16918166754333,-2.1649310218521856,-2.297655777818682,-2.42254721111419,-2.5665247459720564,-2.6710844798275724,-2.654962126030776,-42.78813744047122,-2.5988089715904334,-2.5890533712256003,-2.548857378153614,-2.3157073422779333,-2.2840130198108963,-2.1785812282279964,-2.0725640436797517,-1.937185396215525,-1.8656964624433803,-1.7983212677447704,-1.7846068139358144,-1.855550957900555,-1.9123485217161225,-2.0245458168909556,-2.125154407577809,-2.2200577572212095,-2.4015077149593016,-2.3875830542251233,-2.3172356033695927,-2.267722526162476,-2.17327476469415,-2.0317837501813067,-1.7514446178457947,-1.5906596785609104,-1.4212158672664597,-1.3115203984287085,-53.43271697812885,-49.282983867965335,-46.90059181535417,-60.42241724668032,-51.39151737676088,-46.44301731008746,-60.42241724668032,-49.453317266727275,-48.80873735375084,-57.412117290040506,-48.80873735375084,-1.4071259148943498,-1.3866723402018155,-1.2465535516862423,-1.227948867265371,-1.240087167714086,-1.2534945910312925,-1.1476254573516715,-1.1978357551831658,-1.1620814268865463,-1.1140066536921391,-1.2413246437375487,-1.299505466997444,-1.3680936881083499,-1.540158559529642,-1.6634452098436099,-1.8970683925436693,-2.0234246546324184,-2.0733168898745697,-2.0071800499251995,-1.9830387493743031,-1.8317400629931015,-1.771697455486224,-1.7310245700747018,-1.615192681608929,-1.7240888070867486,-1.885678523294134,-39.45331690642123,-2.45589338199078,-2.7946940959359297,-3.093556058627083,-3.48268669340462,-3.563200308223013,-3.617770275958405,-3.630932949605171,-3.4354541843391724,-3.31484420093511,-3.1069121519645333,-2.995778467600532,-2.951124325840557,-2.9913979782262334,-3.1404507989576222,-3.4198727460251725,-3.7404221762085132,-3.952966908956287,-4.2219526884222685,-4.380453730298917,-4.4567707955685485,-4.534564668280716,-4.277531530517096,-4.136745093535349,-3.9695996535033333,-4.027502351055309,-4.034285829140224,-45.57941876707372,-52.29328350702771,-50.42241724668032,-53.43271697812885,-49.282983867965335
-48.74573095527241,12.927907059089636,-50.35941110610704,-48.74573095527241,-51.3285112361876,-45.24057757657192,-4.041682026329194,-3.9939054582305578,-3.9257826845643855,-3.978888776165837,-3.7400264148776725,-3.5830816426760643,-3.1917299931227623,-2.9595245432449238,-2.629413286429517,-2.5104401615311938,-2.367488264547903,-2.3528963890909536,-2.4167899590531334,-2.6203695828874602,-2.8863149461706206,-3.085129070157725,-3.3440677509832857,-3.571560673974888,-3.7784908988347454,-3.462749548567337,-3.3388126659653485,-2.915898338654197,-2.454374665797418,-2.1454680743131442,-1.9197616838873484,-1.640224377482601,-45.516412798155336,-1.7715343767778067,-2.103929696499633,-2.550879459717867,-2.88519590148624,-3.6188456223425343,-4.115780847625247,-4.39165369776532,-4.465668294436871,-4.071599222420899,-3.7087725669370335,-3.2052613353403725,-2.8208046224633727,-2.5048847288401985,-2.3260523774711865,-2.2054239178728365,-2.331776190225092,-2.7043569751557017,-3.064065730394392,-3.6506050446636076,-4.350988344750185,-5.155146038075193,-5.719398998045419,-6.051044512027852,-6.082326974731046,-5.6207985920072945,-5.090483564042073,-56.38001101938666,-54.338811192827414,-50.35941110610704,-47.687694063767374,-11.764521397459399,-47.687694063767374,-63.369711062746845,-53.8272862167577,-45.240577496318295,-63.369711062746845,-52.230277711650544,-8.137945435608096,-8.638726017702126,-8.329898806932686,-7.893784989111275,-7.309801190889456,-6.909391047789843,-6.396502099818061,-6.04743864160911,-5.843235089777244,-5.787732984740784,-6.098130687733008,-6.701817746661475,-7.225949092890266,-8.176301659428656,-9.321083532457033,-10.599834457219695,-11.778462817685089,-11.97466675393251,-11.476015422740547,-10.641899023263266,-9.569679848861169,-8.823076091647739,-8.498072723594154,-7.908518315158809,-7.748817564341729,-8.161248221510323,-56.38001101938666,-9.249307729636675,-10.059550002869532,-11.256236055951538,-12.985059157271767,-13.846388310770557,-14.39360508205133,-14.233426343967368,-13.143901819482142,-12.413345877775123,-11.592816657832035,-10.925405792098603,-10.112871827569219,-10.075935434831731,-10.245355968320167,-11.06315306783957,-11.89146445209348,-12.581772986127866,-14.192713413797755,-15.518905175407003,-16.682404697817052,-17.428659609056172,-16.843767313736727,-16.62863514947901,-16.15185246471969,-16.05084294190698,-15.791501062649782,-51.065221848964114,-52.230277711650544,-3.633071772644685,-8.219441732929036,-8.872274233068536,3.8217580936302116,14.866330368269796,7.750695518609798,17.634096019353088,-53.36971128631053,-63.369711062746845,-7.04846015499819,-6.509984164386612,-6.17947432236707,-6.1372892201352,-6.07688046217556,-6.25531729184419,-6.362258331771523,-6.299931894374725,-6.123774049769403,-5.625059937961346,-5.161433145116117,-4.447623711860679,-3.771962956104276,-3.1540927740937317,-2.7063848745127266,-2.5097274799144884,-2.36404507485195,-2.237710375345677,-2.2818288724647973,-2.351797300697486,-2.45555638184055,-2.6036234906382867,-2.7706781278596617,-2.8215819323308695,-2.798529654843599,-2.851192599038325,-47.34911137303091,-2.6683677820530556,-2.534996728852523,-2.4487500859113673,-2.3327783850740818,-2.215216792539712,-2.138220613876722,-2.051927705944883,-1.9980315989385633,-1.9457131702771389,-1.9549216324323568,-1.9715214223705209,-1.9827032595638006,-2.094970056009074,-2.1920645994286008,-2.4142760481442305,-2.5021098712018324,-2.4477838303436474,-2.5622199897365845,-2.483297764145495,-2.2676873525620596,-2.1471592097310728,-1.82905161644696,-1.675538775273631,-1.5604937448520873,-1.517948207363503,-1.4633886745828162,-44.23157245711809,-56.38001101938666,-56.38001101938666,-11.764521397459399,-48.74573095527241,-49.39031106545195,-60.35941110610704,-56.38001101938666,-63.369711062746845,-46.12695246516323,-51.065221848964114,-1.3773994686168631,-1.3564993608934075,-1.3213404424921005,-1.34248243072902,-1.3009506145595087,-1.3388785322862196,-1.218381650566989,-1.2143476922010343,-1.1787589769134834,-1.3024423330636494,-1.328939938922068,-1.3623628548948863,-1.5347579435953613,-1.6825094072345235,-1.8467968783438282,-1.924261844563853,-2.025017004633009,-2.0709922074112876,-2.1640865883664704,-1.962606990737601,-1.9221480080233082,-1.7982363615279626,-1.7049952097838128,-1.7438729740432248,-1.8524528449392377,-1.9578576336048081,-49.39031106545195,-2.5005309562579647,-2.98159442737304,-3.3402745532930056,-3.401788785156402,-3.819933215037297,-3.8081421381032134,-3.6278563949153875,-3.515320389698511,-3.238316442153295,-3.137112713045958,-3.012992617226696,-3.0142129793271706,-3.1199930269137384,-3.244422187404388,-3.4947556911969957,-3.785023052377083,-4.157295158057723,-4.275167002292512,-4.409516750827337,-4.417287059254316,-4.503941031570509,-4.42752560378737,-4.267240834088816,-4.212943176408694,-4.02552960093066,-3.987732205758224,-53.36971128631053,-54.338811192827414,-46.38001087034421,-46.38001087034421,-54.338811192827414
-59.82167670065734,13.465641303594658,-53.80107678737772,-55.84227661393697,-46.81137653387472,-48.85257671067198,0.5343194187689401,0.28142630407505737,0.11606398492000428,-0.13681705312967646,-0.19625488252581608,-0.12303492047032119,0.23115814038903199,0.7257959972261538,1.1765536911594638,1.6618075052281565,1.9552176238257095,2.1179808850937913,2.136922514436799,1.9541863980141094,1.6107720299925803,1.239011464639705,0.7015549371622738,0.2147741768002786,-0.20978281238616825,-0.39956156460109393,-0.10657811832298214,0.26569160274538284,0.8145841040962949,1.2925837388386832,1.681177215850712,1.9262761570437101,-50.52748744351441,2.0132269565754584,1.7826126994536808,1.355224775249606,0.7804370762066509,0.09204867492753128,-0.6946905200486644,-1.4024378210819899,-1.6955473500708684,-1.6971254140639571,-1.2947638965578219,-0.6979253793084241,-0.1157976715207662,0.3893890545255243,0.6835630038753813,1.00927188366134,0.8913463578732366,0.8216019444237516,0.26484673310916884,-0.27074309718701367,-1.0660057894647321,-1.9823085532142963,-2.7868715972888864,-3.2721278566680634,-3.5376594948899798,-3.2705037406553066,-2.66089141156485,-53.28955132941189,-59.82167670065734,-41.862876667311795,-44.506887530234785,-52.83197644715435,-56.81137674401753,-52.83197644715435,-42.96425911965684,-48.68224331229591,-62.831976657297155,-59.82167670065734,-4.538038380846413,-5.082714080900726,-4.926296437913841,-4.546299347855125,-3.9115375446147276,-3.2012181026678395,-2.5909800883741556,-2.075700404093327,-1.9117745297858075,-1.8347527067664258,-2.1048246959558172,-2.5149436343795406,-3.1825860956079923,-3.9773130647850325,-4.924665043300339,-5.707331615888672,-6.379227955822779,-6.54600344876516,-6.360289497243078,-5.802357601205486,-5.004771705533385,-4.474557134177461,-4.055257813724181,-3.872974454143785,-3.9268721505420396,-4.216286367781307,-47.51718752807907,-5.33204101174945,-6.12902625514398,-7.046123167724082,-7.759829067982139,-8.348546962262715,-8.347851071798992,-8.196690062513168,-7.589612623120149,-7.14267626284942,-6.688214918139029,-6.553527023762856,-6.545145341738975,-6.789111092004736,-7.28179422871027,-7.997758722511295,-8.904303578210328,-9.899058609642713,-10.728577667994156,-11.171911090741826,-11.267545363336716,-11.192257250241973,-10.704748709606495,-10.330193015143516,-10.174155627916054,-10.34454632863239,-10.598523169148574,-52.83197644715435,-50.52748744351441,-3.095337250915225,-7.681707044288416,-8.33454002934423,4.359492782270832,15.404064797952842,8.288430069312811,18.171830454656966,-49.82167670065734,-52.83197644715435,-27.385291211249832,-49.82167670065734,-50.27925137277208,-45.589218238836374,-56.81137674401753,-46.81137653387472,-48.207996799079325,-47.26895141613227,-47.78047687409809,-45.84227675403217,-50.52748744351441,-45.84227690813691,-44.97867822680698,-48.85257671067198,-43.28955132941189,-45.84227690813691,-48.85257671067198,-43.74712623501864,-50.52748744351441,-48.68224331229591,-48.68224331229591,-47.26895141613227,-44.1987480273059,-55.84227661393697,-48.207996799079325,-48.207996799079325,-46.70413817552371,-41.218296403065686,-47.14995918944578,-42.15011780634352,-43.28955132941189,-44.1396597061006,-49.82167670065734,-56.81137674401753,-43.80107678737772,-50.52748744351441,-48.68224331229591,-44.1396597061006,-55.84227661393697,-47.14995918944578,-41.96837828739199,-43.53778747432227,-41.69254305879291,-45.589218238836374,-45.1976969390569,-44.97867822680698,-48.68224331229591,-51.69254297258047,-47.51718752807907,-48.85257648651965,-45.84227675403217,-48.85257648651965,-44.1987480273059,-45.589218238836374,-55.84227661393697,-50.790776830737904,-59.82167670065734,-56.81137674401753,-50.52748744351441,-47.26895141613227,-56.81137674401753,-55.84227661393697,-48.85257671067198,-47.51718752807907,-43.28955132941189,-39.13981820892219,-42.83197657324003,-45.1976969390569,-44.97867822680698,-40.27925137277208,-39.97640346922535,-39.38805394897222,-44.1396597061006,-40.87298003058731,-40.98506211562915,-40.25519088151508,-47.51718752807907,-45.84227675403217,-42.83197657324003,-38.53445367238906,-40.160259331617084,-42.83197657324003,-39.65134314602122,-42.45771178713947,-39.447411496327604,-40.45151525755071,-42.301192352639916,-40.160259331617084,-37.441215738202295,-45.930016157216045,-27.385291211249832,-39.97640346922535,-41.69254310189912,-39.158417173460485,-45.589218238836374,-48.85257671067198,-42.96425911965684,-43.80107678737772,-48.68224331229591,-39.7784628310582,-45.1976969390569,-42.78876305817886,-48.85257648651965,-40.87298003058731,-39.01180636234275,-41.49658761479945,-43.693837902815446,-40.553109432932786,-44.77017691745828,-50.790776830737904,-51.69254297258047,-50.52748744351441,-41.100114165922854,-50.52748744351441,-39.88731469436137,-43.693837902815446,-42.83197657324003,-44.1396597061006,-48.85257671067198,-51.69254297258047,-56.81137674401753,-50.52748744351441
-47.13984085912241,13.475759958262085,-52.82185808277359,-48.84245764622297,-44.49676874581308,-48.84245787011433,0.46089396009299943,0.20031244849484992,-0.017449291356398715,-0.2621512138230279,-0.2970121213730336,-0.09679091379219792,0.3360094464328353,0.8621729287933271,1.3692930640385859,1.8108788030493403,2.0961401056655045,2.2060407027044584,2.1189975304046684,1.9058848518421376,1.5267231224763254,0.9508643670844468,0.43430469204610556,-0.09667479271381826,-0.40430168931266275,-0.3747877962933866,-0.010912819967453167,0.5645888954625052,1.1639992670416646,1.6280235418703266,2.012698300042936,2.1558063521931197,-40.26913305506255,1.956322633677892,1.5763493628137115,1.0019508891874078,0.2578066293268549,-0.5263191682771252,-1.3134216325769175,-1.806084857907428,-1.7679485881439199,-1.4194117602527154,-0.7883032022840981,-0.10963311429983458,0.48151691922163564,0.871133720725197,1.049172040628497,1.0882348374296649,0.8140100567538135,0.44848059557107534,-0.32299687744746763,-1.1462359587107194,-2.08858635187832,-2.9823038720053363,-3.5492835784327017,-3.6137712101642716,-3.26335959742527,-2.521327964293925,-1.7822820325712039,-48.67212425861717,-55.83215782951526,-50.7806580463162,-55.83215782951526,-55.83215782951526,-51.682424511267186,-62.82185787287545,-52.82185808277359,-50.7806580463162,-42.5687993654403,-44.49676874581308,-5.2207937852524156,-5.014588743247465,-4.152088218990354,-3.411705428755632,-2.699384487183635,-2.19633849701301,-1.8804286404740698,-1.7900591752094859,-1.9352352538061726,-2.281974588133991,-2.863659530610171,-3.7066543851108196,-4.680014584932833,-5.67999442204602,-6.39546206053369,-6.647607895719928,-6.328723635414483,-5.746862741002704,-5.028880250259924,-4.425185691566696,-3.9517137585509903,-3.737125931830562,-3.668593283991959,-3.9244836383683435,-4.424488642339009,-5.212012018153658,-41.85275760286278,-6.92082125654761,-7.676898413424755,-8.183226515262339,-8.329852080705953,-7.985628279527148,-7.397027026989255,-6.845289968357865,-6.4309694356783815,-6.192467239651299,-6.231742585564826,-6.477478116187881,-7.011001274887186,-7.706218859883308,-8.676854044314178,-9.43346959775342,-10.46988236939187,-10.849907278499725,-10.825595175270138,-10.415641819487991,-10.166298040661443,-9.778137680152401,-9.690422606826743,-9.589336904596028,-10.167240608756778,-10.790630896721602,-11.633756238883704,-46.69401922035364,-50.5173686590927,-3.0852185878181375,-7.671588342179982,-8.324420900852992,4.3696114843792655,15.414183534640959,8.298548754316384,18.181949203772206,-55.83215782951526,-47.258833098422734,-48.84245764622297,-48.19787777325477,-55.83215782951526,-47.770358089676385,-43.27943301170236,-49.811557916235635,-59.811557916235635,-53.79095800295601,-59.811557916235635,-56.80125795959582,-56.80125795959582,-46.69401922035364,-53.27943301170236,-46.80125816949396,-44.49676874581308,-44.968559603056676,-45.832157689583156,-44.69272430644689,-48.84245787011433,-48.67212425861717,-59.811557916235635,-53.27943301170236,-42.44759278434785,-45.91989677273582,-45.91989677273582,-44.968559603056676,-50.5173686590927,-53.27943301170236,-50.5173686590927,-42.29107330801584,-38.524335257520114,-42.65152434533754,-47.258833098422734,-48.84245764622297,-43.79095800295601,-47.13984085912241,-48.84245764622297,-43.52766854165082,-53.27943301170236,-53.27943301170236,-46.28973296834217,-46.28973296834217,-46.28973296834217,-41.208178082137444,-42.65152434533754,-39.87719531292713,-39.70431961385464,-42.44759278434785,-47.13984085912241,-53.27943301170236,-48.84245764622297,-44.69272430644689,-44.12954042973902,-47.13984085912241,-46.28973296834217,-48.84245787011433,-50.26913305506255,-59.811557916235635,-48.19787777325477,-56.80125795959582,-49.811557916235635,-50.5173686590927,-43.68371957941429,-52.82185808277359,-38.444352076140206,-37.54555892021794,-51.682424511267186,-47.258833098422734,-59.811557916235635,-40.317658219270136,-39.87719531292713,-40.51736903361686,-41.852757804365,-47.507068661296394,-39.223502911988696,-41.48646874801677,-43.737007917309114,-52.82185808277359,-55.83215782951526,-41.08999499622868,-38.524335257520114,-39.558498986363965,-62.82185787287545,-53.27943301170236,-45.832157535657856,-44.12954042973902,-39.94384088373196,-46.80125816949396,-37.703024123154606,-36.21320330976206,-44.188629300424054,-37.34411092008131,-39.148298935873214,-45.18757772011006,-38.47616883253345,-44.69272430644689,-45.832157535657856,-41.682424425155126,-42.44759278434785,-42.821857956834705,-39.704318985866685,-36.833952591997644,-50.7806580463162,-42.95414072496385,-42.95414072496385,-39.81155762237823,-39.377934854260616,-39.223502911988696,-43.79095800295601,-39.223502911988696,-40.24507215124228,-45.832157535657856,-50.5173686590927,-43.79095800295601,-38.84245811639482,-37.43109681619491,-38.94795968977705,-53.79095800295601,-47.258833098422734,-46.69401922035364,-62.82185787287545,-50.5173686590927
-43.52342598073164,13.480002505119423,-62.817615468238415,-55.82791542487823,-59.8073155115986,-55.82791542487823,-5.82731636838794,-6.126121006870225,-6.33904452068443,-6.519188676177723,-6.4171659945785295,-6.223502665389002,-5.579243079515999,-4.9741747853872305,-4.566542964766703,-4.098915570834911,-3.977272652554732,-4.033288150501183,-4.252441189908934,-4.691496178381067,-5.261367180924511,-5.67890632588483,-6.302877381772506,-6.427923339611325,-6.442517843124776,-6.036466940328303,-5.4505760068557265,-4.849042087698025,-4.191120359836092,-4.002872991350942,-3.8800755655557175,-3.9112479776573625,-45.57485640277907,-4.775334702778881,-5.435122725221715,-6.33271773183073,-6.982306382067026,-7.6625200260311646,-7.710114813028338,-7.356039970670145,-6.714379087419067,-5.9502787695062445,-5.273971474398429,-4.882673431688243,-4.784014141439602,-4.838039726657703,-5.211189875995432,-5.615816084720198,-6.384154675349096,-7.370673050346388,-8.214261040092438,-9.01228299942688,-9.319791041214204,-9.372828051693602,-8.673464302245247,-7.775721521700767,-7.076723908576152,-6.413109489174229,-6.054658569200436,-47.135598227568465,-50.51312625445568,-55.82791542487823,-46.689776901041064,-51.678181945170046,-55.82791542487823,-52.817615468238415,-48.83821538151804,-53.78671559831898,-47.135598227568465,-55.82791542487823,-8.853511965089968,-8.226556526043089,-7.503017855594026,-7.339068823833353,-7.305690595755376,-7.959819510672075,-8.512350115396254,-9.338112464807573,-10.36700648829122,-11.01635710045649,-12.062364772272765,-12.48643505850746,-11.970530352632998,-11.216623517043285,-10.436702591845622,-9.946924527675614,-9.521399697614878,-9.269388211915942,-9.088900542454995,-9.517192965138788,-9.972631388231466,-10.66282600351329,-11.92478303152026,-12.742313882493747,-13.3500970059969,-14.177906757344443,-50.51312625445568,-13.434620394962963,-12.316564628404524,-11.908618715489542,-11.786080467501566,-11.342335989658569,-11.426856680123079,-12.00356626465446,-12.504258139883762,-13.922077242788976,-14.787621562017396,-15.569206403426207,-15.845932902853425,-15.636502968937647,-15.508985615664976,-15.43329824095414,-14.858745472568785,-14.151611368399008,-14.727003946230955,-14.908503550920852,-15.68943548978665,-16.27604259701245,-16.964813494829578,-17.807022751818312,-19.058968615784593,-19.925071306789025,-20.055525650101224,-50.51312625445568,-51.678181945170046,-3.080976364791935,-7.667346064729631,-8.320178492359748,4.373853761829617,15.41842608715422,8.302791060036617,18.186191806328644,-53.78671559831898,-52.817615468238415,-8.496970646462636,-7.30769237697824,-6.281275096078862,-5.756747737662458,-5.310911818642834,-5.387207827631258,-5.544244990105479,-5.98465882200345,-6.6268076463421,-7.0722099089690165,-7.479119695248743,-7.30384753526211,-6.418111276467485,-5.306295498327289,-4.235222158614119,-3.1893781040214177,-2.5044279731766244,-1.8668427438253952,-1.5670341643512387,-1.4956560106609,-1.5953190882943737,-1.9746705225560444,-2.416083635397419,-3.131212607519579,-3.7402942808949065,-4.433343511442169,-45.91565426834252,-4.675539132659611,-4.123508551700381,-3.4923246476569183,-2.723170392023324,-2.1028455760756755,-1.5266585317035772,-1.2115229584719136,-0.982773062985568,-1.053640448428961,-1.233191539562998,-1.6441599736676782,-2.1194478933254475,-2.7836088014779286,-3.463167246803809,-3.9785886913537896,-4.188470140031279,-3.827398204986132,-3.391260675045575,-2.521343005629804,-1.823250297908443,-1.3244389096623075,-0.7413524012395473,-0.4301483822497236,-0.37341683751924193,-0.596787469020984,-0.9819192560252672,-47.25459046056554,-55.82791542487823,-52.817615468238415,-49.8073155115986,-48.66788198853023,-47.502826297815865,-50.776415641679165,-45.827915033259686,-48.19363548924885,-50.51312625445568,-46.285490330484976,-0.08531503881590824,-0.17348705778224455,-0.3369307523473316,-0.814011460690549,-1.2340566354256857,-1.8593094673188537,-2.1939127886216734,-2.5376607739102846,-2.552217532110589,-2.309952361721545,-2.011899160225873,-1.5202105298391542,-1.1883288033368558,-0.9474082250285918,-0.8952817406514756,-0.8503502141059921,-1.1041547938579188,-1.3710950245000761,-1.8882625207329191,-2.2549072013976725,-2.7667160451166644,-3.090511142508653,-3.2529249610045445,-3.282990241511852,-3.2913713037813745,-3.111316050366092,-48.66788198853023,-2.956022775032549,-2.9423831717644306,-3.092102104014744,-3.2534674143094056,-3.6916915101017844,-3.9422298492082586,-4.202958365619814,-4.578408345420334,-4.638757050270268,-4.769538175377335,-4.860837862252396,-4.978429456787478,-5.059254766892534,-5.137216466102642,-5.127854497025997,-5.347686966355693,-5.452534664819481,-5.46825749156305,-5.509372739860431,-5.515600606666126,-5.6009516439385765,-5.693231676690048,-5.686743740425929,-5.8639024914671705,-6.053972038470809,-6.2642620186795845,-46.689776901041064,-53.78671559831898,-52.817615468238415,-50.51312625445568,-48.83821538151804
-41.74645229604964,13.58206518120287,-56.694952651080506,-55.72585252099994,-53.68465269444069,-55.72585252099994,-5.86048152069896,-6.191261442106781,-6.434280097083872,-6.60995174854214,-6.554149154337972,-6.521530329072018,-5.726113097751533,-5.2991211741381115,-4.779737066800837,-4.397744006760645,-4.132045977964251,-4.1291939633473955,-4.205385624545974,-4.604999441932657,-5.031110407551273,-5.557223391237391,-6.101041626993283,-6.564051078164349,-6.649739804398779,-6.62881643510409,-5.965656034703056,-5.279287021345583,-4.740550454021811,-4.33028542629457,-4.095944969386404,-3.9551644809216073,-47.40076335328172,-4.399253837996875,-5.135810566505389,-5.840931678648273,-6.525872452095481,-7.447380186021945,-7.945541654816733,-7.919252599369322,-7.669253930654065,-6.777023403822316,-6.169196516812897,-5.599842012207422,-5.262766480802171,-5.093554977263919,-5.108764580546415,-5.245273900977447,-5.752338688765971,-6.599912696145446,-7.406323305530328,-8.265803819944969,-9.188075502692389,-9.948821369354995,-9.716297632038323,-9.09229230363444,-8.291492186317157,-7.560099166188888,-6.8897717068313735,-52.71555277170502,-43.17312770035009,-48.73615233940983,-44.58641877463708,-51.57611920078783,-56.694952651080506,-52.71555277170502,-48.73615233940983,-55.72585252099994,-53.17312770035009,-48.09157246620684,-10.53576746622471,-9.723945757169554,-8.943583354704803,-8.241600044344832,-7.935763789785144,-7.96871399560686,-7.913729026178748,-8.275214204420958,-8.922189107224789,-9.693867480835243,-10.71728798692866,-11.732022716839513,-12.37227657339323,-12.673500073326666,-12.34096907879012,-11.661268242587084,-10.990340633860797,-10.263388135062483,-9.8374454107421,-9.956821204522385,-9.697767495728307,-10.00420271107053,-10.430394039322891,-11.312106624646198,-12.212335379642049,-13.268505295412563,-53.17312770035009,-14.32674713562898,-14.415507367635175,-13.851491447278255,-13.204072404056436,-12.760955734243478,-12.342562694031049,-12.238755052749191,-12.280790190398584,-12.472461150183403,-13.069892052486738,-13.76519682942019,-15.031465821998555,-15.90667059893088,-16.726335342101258,-16.510236422456856,-16.127999919559034,-16.269492701458038,-15.462317595131623,-15.086592316468064,-15.168095189865118,-15.507594868043933,-16.14451598439169,-16.826787743654556,-18.186500159343215,-18.64317338379125,-19.677546422304594,-59.70525260772032,-55.72585252099994,-2.978913535877607,-7.565283010636233,-8.21811578271284,4.475916815923014,15.520488727831792,8.40485391285921,18.28825445568779,-53.68465269444069,-55.72585252099994,-7.525756749368554,-7.108620807822889,-7.045336140833818,-7.163676539738422,-7.601719780826404,-8.183761105251822,-8.579923073799364,-9.029243946369498,-8.638499916626387,-7.893035753818472,-6.402850347138101,-5.249016298041408,-4.129109964764278,-3.208939930474775,-2.502018103015887,-2.13220366034799,-1.9575107463300676,-1.9327355643754904,-2.1648250072342603,-2.802565186055521,-3.217511909438736,-3.8340497949113694,-4.486127869638513,-4.951083373405474,-4.91405094377702,-4.715134940965607,-47.66405278116107,-3.3499124900326027,-2.710196671490853,-2.0571234768924103,-1.585938188714993,-1.3101706648834022,-1.199620559105576,-1.216181592474994,-1.5006465616951261,-1.8844697903647447,-2.482072993549961,-3.111467621340782,-3.674539634806744,-4.236243674300109,-4.33396585495221,-4.116811296627766,-3.499967657261994,-2.7988229003891103,-2.064709955017131,-1.439606762713122,-0.9417546267549384,-0.770730897691046,-0.6534672256008909,-0.7381582773373516,-1.022564926005816,-1.5086781890159982,-2.0892440825511365,-50.16282774371028,-48.73615256057771,-53.17312770035009,-50.41106335057739,-62.71555256436013,-53.17312770035009,-55.72585252099994,-45.813591467868015,-53.68465269444069,-51.57611920078783,-59.70525260772032,-0.3717948015095545,-0.6231483132948968,-1.0792255342911243,-1.569159243209024,-2.12020223042292,-2.53347138532889,-2.713294696066994,-2.715444250206404,-2.433509399986896,-2.081490619558762,-1.6302742013350635,-1.2539960150406582,-0.9747681445264494,-0.8872507604288846,-0.9314556266251229,-1.1443347152951886,-1.4411739726148056,-1.862154534946052,-2.3663296388231934,-2.85259238587976,-3.2168876243745945,-3.3223722590531573,-3.400567251019317,-3.3217781607529018,-3.1975113863039755,-3.0155401981896275,-55.72585252099994,-2.8837928642957547,-3.1473732214452643,-3.2768495102736,-3.4926481747850175,-3.790821856888476,-4.2191230504727075,-4.5125851063928675,-4.836238899185585,-4.837987327674224,-5.004736387200087,-5.055233339522389,-5.13133918492788,-5.255620832196316,-5.3050062261636075,-5.390610095388585,-5.559788744739182,-5.617046495408716,-5.705038829406611,-5.725982903565972,-5.710133474380456,-5.840896034335913,-5.809729291094378,-5.886659369514982,-6.119775204951149,-6.254408156502743,-6.54041185614716,-48.73615256057771,-46.58771391287623,-48.565818951738564,-50.67435273780088,-55.72585252099994
-42.34493415482539,13.699624907400079,-52.597993039047594,-53.05556794465434,-56.57739312576797,-42.067208773169426,-5.977955177481359,-6.315064554339892,-6.371377476496437,-6.675015018377498,-6.724644496832149,-6.7111424397836705,-6.293043123088022,-5.726120459695122,-5.183876718393991,-4.522696936443945,-4.401066873891389,-4.273861868028247,-4.217843366187874,-4.38242543021329,-4.84398581681925,-5.317735963406262,-6.099875552938849,-6.469042603574387,-6.799608753636575,-6.913042539357777,-6.520441332457079,-6.049492023177002,-5.52679012684065,-4.862761785549258,-4.4547711556063945,-4.28813121242839,-47.28320386862504,-4.30922941254426,-4.483476268035375,-5.070135944542934,-5.772120107899237,-6.59073561725375,-7.298507849404572,-8.08240057178254,-8.211541353067313,-8.337942032824468,-7.629111293023913,-7.046468111158236,-6.145175656704668,-5.6718767159397485,-5.426274448407844,-5.295905512818287,-5.525792888542331,-5.5481792132889165,-6.423376455864759,-7.082005030450235,-7.9263533809938895,-8.984549608843105,-9.560828449368575,-10.012194861267037,-9.99184196608762,-9.743837611501885,-9.010994243819425,-13.173747216486902,-50.04526798801453,-52.597993039047594,-55.60829299568741,-47.28320386862504,-55.60829299568741,-51.458559515979225,-50.04526798801453,-50.29350382526485,-55.60829299568741,-51.458559515979225,-11.581553310490847,-11.758203875402142,-11.482142130991797,-10.918295554504006,-10.010040140838667,-9.23860262995515,-8.463168259301245,-8.133832933262912,-8.157045058017685,-8.51455888573743,-8.731559062418306,-9.246926225977548,-10.413347052121527,-11.4046422548972,-12.50416402922143,-12.7531700570543,-13.210194866312735,-12.877075817649896,-12.747053227254954,-11.829405252184237,-11.317459451576703,-10.79028508548793,-10.049588857415275,-10.461593930198367,-10.803135859697864,-10.867471328310558,-48.61859295232722,-12.374988027333735,-13.670092655754312,-14.818217900229794,-14.602037917249975,-15.311209753418302,-15.075203402621751,-14.311071891369842,-13.910079722229716,-13.03659716735153,-12.908869401464267,-12.970228809180874,-13.35494196980698,-13.912606617454431,-14.721830192412346,-14.979541127828757,-16.149571202690847,-17.435945856864844,-17.808722812321058,-17.664249066790802,-17.405358333731233,-17.244925231870493,-16.624881386046738,-16.467083585418127,-16.679225699937007,-16.913511757666576,-17.395778869081944,-59.58769308240778,-53.56709316912816,-2.861354000012086,-7.447723383957355,-8.100556476735134,4.593476442601894,15.638048345242911,8.522413136620731,18.405813935389283,-50.29350382526485,-52.597993039047594,-10.61876762520666,-11.245457797529232,-11.736495810609266,-11.703110279876245,-10.774873757967677,-9.470614509643555,-7.8319228109768275,-6.389972162658456,-5.147706167851634,-4.135184868057595,-3.5118455860268605,-3.1028393229458513,-2.855248806680313,-2.840785288666355,-3.0765999697208075,-3.344769335086113,-3.960120307084179,-4.411775844033597,-5.235901085945292,-5.619390424133303,-5.482518968796661,-5.197865842577157,-4.413008975865251,-3.7771152440891913,-3.0290273056074875,-2.470021126522842,-52.597993039047594,-1.6038905229980616,-1.400351362281196,-1.562548519493912,-1.4960166289438461,-2.0268117151449863,-2.4242786610981217,-3.0683552801537157,-3.6175347563663736,-4.123938401508343,-4.4943167996204565,-4.600281423702988,-4.329622381676888,-3.669381310731658,-3.0578750700939556,-2.181094376667764,-1.7351030008669226,-1.2361382096394289,-1.0244529151095603,-0.8451253525858633,-0.8990601281748267,-1.2927189884963286,-1.6691028476148648,-2.1507379015389945,-2.8567605916781034,-3.3575791279194247,-3.7418028016757314,-42.42765964605979,-46.57739312576797,-55.60829299568741,-62.597993039047594,-48.44825955933941,-50.04526798801453,-55.60829299568741,-43.45985421585802,-48.61859295232722,-44.46885947261904,-47.28320386862504,-1.2556802233485855,-1.8562307957072957,-2.236172757534857,-2.7441550216848936,-2.9475573914023014,-3.01370642393358,-2.7263691023613132,-2.3038224695672205,-1.8088955908882816,-1.2879785339224905,-1.0979331218123547,-0.9697543022812436,-0.8449020181919029,-0.9837557064494363,-1.3340483753842525,-1.6683700228179843,-2.301493587856795,-2.5571016663448782,-2.9477409669383547,-3.323776324493281,-3.3650346526301904,-3.3773745151855556,-3.2554688786975188,-3.041596721173633,-2.936266074701162,-2.9601427968726264,-46.915975798377644,-3.0568711701879008,-3.0932490890468345,-3.533758765343612,-3.878523299093656,-4.195614158274303,-4.439234955245941,-4.8008020791186485,-4.916460966304514,-5.141180091395957,-5.121350714294765,-5.2167066713282555,-5.213533317429628,-5.256710425190976,-5.432667974082444,-5.511974506975274,-5.823438431464988,-5.609048785814589,-6.0523773550772395,-5.95212820499759,-5.96414091014914,-5.9645273103354155,-5.953219007537295,-5.977548600055459,-6.178445733715617,-6.479740709330569,-6.850448257508574,-53.56709316912816,-52.597993039047594,-53.56709316912816,-51.458559515979225,-49.58769308240778
-43.556579825091305,13.710138168151618,-52.58747969501074,-50.282990481228005,-47.024454687337865,-52.58747969501074,-6.259971885245808,-6.575813532005155,-6.756796309211856,-6.856302546269997,-6.837854166802877,-6.801499996149265,-5.958419138285507,-5.415552577510901,-4.9102155684342135,-4.455006789220944,-4.263968066366108,-4.365144975843544,-4.534150069684092,-4.845288982356692,-5.416085678053659,-6.052942415139343,-6.486565851423008,-6.823328794711911,-6.713816435958938,-6.479494673741074,-5.811902945868924,-5.140529427338559,-4.647760602275745,-4.2715456200698485,-4.123409588771864,-4.17297783684255,-42.21321471560451,-4.954502768088914,-5.6424367279590975,-6.462078311333931,-7.251665677886695,-7.967380198180054,-8.171722441734696,-7.873564835882533,-7.200736873489399,-6.476516173878222,-5.8655216482873795,-5.391838618287448,-5.120359621353029,-5.147642018514937,-5.401582392294592,-5.9372925614915,-6.617882051867436,-7.643081328784572,-8.663658798561293,-9.693262760825855,-10.15322971162697,-10.28797526402152,-9.478911587600322,-8.501264844533146,-7.678572224309016,-7.150523512012155,-6.759530895655798,-51.44804617194238,-44.45834612858219,-48.60807960829037,-46.56687978173112,-55.597779651650555,-55.597779651650555,-55.597779651650555,-62.58747969501074,-53.04505460061749,-50.282990481228005,-48.60807960829037,-9.59064209259857,-8.777701689145545,-8.474027554018017,-8.167246824504751,-8.201707972613415,-8.725986957701318,-9.012209554705235,-9.77069348053735,-10.94555787409502,-12.247053701733323,-12.855461997269305,-13.28548025493151,-13.05002758425648,-12.520381362809562,-11.503182367649902,-10.557014663049063,-10.03212525734688,-9.904602580985117,-9.997540857673512,-10.478357960879093,-10.87158968205099,-11.62557750346313,-12.401764602296815,-13.721557484837582,-14.726641309666345,-14.680617397086547,-50.282990481228005,-13.965152020114138,-13.437282721866424,-12.89849618821332,-12.179676633332882,-12.414307612188766,-12.69494010389526,-12.862674443292937,-13.588344826772978,-13.927147700037889,-14.991556543349947,-15.704349543559509,-16.764459016772143,-16.64167640005845,-16.313821129083415,-15.523204094781796,-14.809153185715761,-15.16494272136159,-14.802349329387358,-15.343738121054272,-15.804117227688943,-16.898425545181958,-18.183899726857867,-19.069516626040507,-19.85098666576923,-19.566335623280484,-19.31245968459916,-59.57717973837093,-52.58747969501074,-2.8508403005243412,-7.437210383897844,-8.090042985824375,4.603989442661405,15.648562030382394,8.532926895152245,18.416327637093527,-56.56687978173112,-56.56687978173112,-9.049374985049969,-7.885110196143711,-7.042624365905182,-6.376215351962374,-5.993366743692658,-6.153071117359669,-6.14363546103842,-6.50567597200428,-7.079426010489529,-7.741449248220511,-7.931317018743931,-7.634742990200562,-6.8892242848102825,-5.86527247064976,-4.710551564387346,-3.7978918674724365,-2.9864215433384618,-2.4996731362369244,-2.1836205190027655,-2.187848998730166,-2.184269450862439,-2.4435092213963343,-2.8795030418445684,-3.5400537747623364,-4.176889957472467,-4.729477926199426,-62.58747969501074,-5.028083497029163,-4.635181411616793,-3.97416139336599,-3.190480420283163,-2.587076051299779,-2.0603207299492734,-1.6355315035422604,-1.4305593920386719,-1.4240262702134454,-1.5937609768793293,-1.9635403975322765,-2.5252417150956363,-3.055209785115567,-3.738410559675015,-4.2336119202907625,-4.3954302074337805,-4.199208774260387,-3.637870198290006,-2.857249828233059,-2.1169905660946444,-1.589551528564954,-1.1346885998380045,-0.8424275117988105,-0.8178840169064476,-0.8915113843290633,-1.2019705351626389,-43.44934117117358,-55.597779651650555,-46.90546245434079,-50.03475464397768,-59.57717973837093,-48.43774621530257,-52.58747969501074,-46.90546245434079,-50.282990481228005,-51.44804617194238,-53.04505460061749,-0.5607307891268128,-0.570393219827978,-0.7220270805161357,-1.109823410631389,-1.5462534112425685,-2.2214898844343485,-2.612458182434839,-2.884661992033885,-2.9603917434775617,-2.7517535487136553,-2.456999761773859,-2.0095825954007847,-1.6796101825399832,-1.4182889314224383,-1.2813601535812755,-1.4500108044079727,-1.5674913683702976,-1.9097135586736214,-2.3132904827354563,-2.8210961324006334,-3.2527838187984646,-3.5870599135739463,-3.7548526029404576,-3.83008618805837,-3.7348626716664093,-3.637400489919676,-43.50262950622424,-3.5167159376276222,-3.5393022790181288,-3.6646521469513975,-3.9353853225682576,-4.194961999960054,-4.545198760846186,-4.989555318541509,-5.167695588379998,-5.38121513168066,-5.527047438343833,-5.614096123595513,-5.728048017762851,-5.792065081152274,-5.82654559946119,-6.058202649644154,-6.214083516591633,-6.218780955606915,-6.339606997724071,-6.39967932622561,-6.3623863760140855,-6.437453438499102,-6.352371609676636,-6.35774866532979,-6.478047760367317,-6.782141466661899,-7.0649354710748025,-55.597779651650555,-46.0553545572573,-55.597779651650555,-48.60807960829037,-46.90546245434079
-48.52868367469335,13.789534233269125,-62.50808376141372,-49.95535871038066,-45.51838409596205,-55.518383718053535,-6.249014965727952,-6.503560856620344,-6.892180613512729,-7.066485080618332,-7.100235665566121,-6.900352210998124,-6.241426597147851,-5.667308671940329,-5.146534365357422,-4.764008715489993,-4.32756072727939,-4.311946771707181,-4.387209726388612,-4.681494399453118,-5.112930250309335,-5.570603206705359,-5.997116610903413,-6.6795785992857,-6.9572238040709475,-6.954285304028479,-6.601337098356792,-5.966067761514807,-5.339164890623483,-4.841152698157393,-4.54882499523537,-4.172150875012195,-59.49778380477391,-4.347196094761042,-4.941198060693789,-5.382588582995264,-6.047027956713938,-6.991778604848813,-7.768705337345148,-8.507455047305873,-8.460772762076301,-7.889783239153721,-7.263953940816215,-6.4956345419618176,-6.071336706862786,-5.753893447870043,-5.511908566570832,-5.348367342690992,-5.490677422793855,-6.231711488916724,-6.635813705247182,-7.557499327555338,-8.561851048364742,-9.868930958557053,-10.713800879776274,-10.88883632584287,-10.355780900743099,-9.351360680848654,-8.352307539760174,-55.518383718053535,-48.52868367469335,-56.4874838481341,-53.477183891494285,-52.50808376141372,-59.49778380477391,-62.50808376141372,-56.4874838481341,-62.50808376141372,-49.95535871038066,-59.49778380477391,-12.793747764373968,-12.259206113704746,-11.095813174796746,-10.07976339459399,-9.54527211936097,-9.135228410885613,-8.818802866773897,-8.774457826906835,-8.985544500208583,-9.203093589788441,-10.151562189559765,-11.157075534942152,-12.073478439348326,-13.103716081213033,-13.612041679680951,-14.152129126823096,-13.791128925416945,-12.837052320125482,-11.687954171940934,-11.468371117533088,-10.830864478642908,-10.7038429549163,-11.06389841136104,-10.981134550501363,-11.53412228217767,-12.714011459770889,-47.19329459099117,-14.618979689616559,-15.106036676372073,-15.405725322007866,-15.387482110870872,-14.725123984188462,-14.179802622705253,-13.906321260701542,-13.241264512807028,-13.42795441507634,-13.552422066222165,-14.018068643504357,-14.456474873516797,-15.163286157489434,-15.883811491030631,-16.762447140579205,-17.203525356125596,-17.63316515323364,-17.03661531772279,-16.54145336297963,-16.45783585840151,-16.322164416733848,-16.466255003101242,-16.625478517627254,-17.053280385476008,-18.18079536248049,-19.095519493969327,-62.50808376141372,-52.50808376141372,-2.7714442015886327,-7.357814634572555,-8.010646976113978,4.683385191986693,15.727957887550279,8.61232267020516,18.495723344453367,-52.50808376141372,-55.518383718053535,-8.970497852406467,-9.216872445832395,-9.637190912524364,-10.093814217555547,-10.650707559384365,-10.660346207611726,-9.952439888665898,-8.756991799898158,-7.368919205970053,-6.214426245656256,-4.98753030331738,-4.1386427113913244,-3.4773468508563425,-3.0177569547635303,-2.7618386491486757,-2.8957718195602125,-3.101036506175295,-3.481827781084457,-3.8992620764694106,-4.686762997222624,-5.118614263402801,-5.465737596403102,-5.54591833075472,-5.169396829850509,-4.606267013035984,-3.864747051525577,-53.477183891494285,-2.5936030739258236,-2.167219989025035,-1.771156594865071,-1.7184068595972544,-1.600869904530616,-1.8459205672960997,-2.2658509456771103,-2.6728809950566736,-3.317041209024199,-3.9832229834564368,-4.40561711099061,-4.671963680586496,-4.472686178421553,-3.9614712987944567,-3.4282550218524066,-2.660317961467269,-2.10303758471347,-1.4667512363449804,-1.1613350521519885,-0.9909997780239654,-1.050450008768487,-1.1920189946299935,-1.5660810176655948,-1.991820625175712,-2.6308981370982916,-3.1249686971042694,-46.82606652074377,-56.4874838481341,-55.518383718053535,-49.49778380477391,-52.96565866702047,-46.38024519421637,-62.50808376141372,-51.36865023834535,-13.817734611605966,-45.51838409596205,-52.96565866702047,-0.9400125210641592,-1.299864221384337,-1.8905250550955335,-2.336560121926838,-2.814740409585708,-2.9778115659597,-2.9021014041318276,-2.6370321688932186,-2.266799674730398,-1.9499445330264356,-1.5441388821757025,-1.2741020827938954,-1.2194147214224667,-1.2317239166317886,-1.3387602162786907,-1.6618744255767324,-2.0407525008934977,-2.5133983224413505,-2.950581036419289,-3.354333644875359,-3.658584675789813,-3.7497766109113777,-3.711735772831318,-3.592564581777062,-3.6201971039437018,-3.3210247399268855,-52.50808376141372,-3.3952289463925944,-3.6807155758964605,-3.898400694214925,-4.128861011721861,-4.500404244390465,-4.8908423789504045,-5.328551277849845,-5.560829873212057,-5.558786721282589,-5.727910614268269,-5.673560708538179,-5.955123800497462,-5.9967579419026285,-6.005464823184191,-6.110351049516493,-6.215690747947783,-6.5467331317053326,-6.35648748300785,-6.360788069137678,-6.469606120988997,-6.593374811488944,-6.697409368945939,-6.758585110145629,-6.934046457752824,-7.011027083256884,-7.219918950957712,-49.49778380477391,-50.203594547630985,-59.49778380477391,-50.203594547630985,-46.82606652074377
-55.44213954754053,13.865778433929162,-13.81919312684442,-55.44213954754053,-51.292406222202864,-44.30270580835345,-6.408753947547536,-6.834472503277112,-6.883194213630635,-7.234491445526276,-7.1765196590856215,-7.078138672367265,-6.505797742528815,-5.881204464358313,-5.379250689820346,-4.794587893493935,-4.670612543436883,-4.521047986650185,-4.568514202455493,-4.77061967880022,-5.241760240854584,-5.585998367307933,-6.358211774464858,-6.675966426938009,-7.178216197345066,-7.106741682510189,-6.81995471201293,-6.271487259762784,-5.502647862382755,-5.031293351798056,-4.6861662985535695,-4.410166219195052,-45.27180630892324,-4.515880331208681,-4.869237487174123,-5.592503160776705,-6.116975877921535,-7.183920520950719,-7.9259462897114785,-8.545410845029311,-8.67483758023071,-8.280018650821916,-7.520436524001771,-6.8695627871909215,-6.332087667730625,-5.859521194634639,-5.7084866478692255,-5.452079013116062,-5.8163534109005965,-6.156163787866334,-6.945611726037627,-7.685816656365123,-8.76675079921209,-9.95780330190626,-10.647250439754334,-10.897196931202128,-10.567220412683005,-9.742761828020098,-8.914011454346033,-53.400939720981285,-62.431839590900715,-62.431839590900715,-48.45243937039257,-55.44213954754053,-56.4112396776211,-62.431839590900715,-55.44213954754053,-52.431839791582384,-62.431839590900715,-53.400939720981285,-12.795377847591576,-12.587961844903798,-11.595917589010025,-10.828955543649183,-9.881045557756416,-9.355061501956964,-8.853310240789753,-8.782953905503526,-8.998837243081786,-9.398798596801353,-10.087451332956137,-11.036007572271142,-12.08715928453093,-13.153928563698017,-14.118710177365237,-14.190776723477615,-13.960803782732775,-12.979862993191047,-12.50171187483362,-11.736453769064099,-11.322140157357317,-11.054469688085607,-10.819807358038585,-11.410488020530574,-11.949869345406196,-12.680049656930494,-62.431839590900715,-14.408687166906208,-15.328550137145967,-16.025038323863555,-15.2321493608763,-15.54221643337482,-14.82972641974355,-14.187066433450672,-13.798611093427503,-13.486186992313993,-13.456393651403163,-13.909419144651928,-14.928529984510268,-15.47728559739234,-16.57204647669506,-16.62373008680256,-17.27667769301918,-17.949570350009765,-17.277737891314928,-16.91490057627079,-16.576555733857738,-16.605525349309406,-16.780684594200373,-16.949420055826984,-17.517522177953946,-17.918735040306398,-18.97222436518725,-50.127350377117985,-49.87911476284729,-2.6952002252576053,-7.281570103727205,-7.934402659760781,4.7596297228320426,15.804201768829497,8.688566622481815,18.571967555024052,-50.39063976434147,-48.28210598255045,-9.273605003426033,-9.69624821808598,-10.086869580296838,-10.718642090583694,-11.088219536521608,-10.981088166641108,-10.00769296713013,-8.742855637598497,-7.354764615563164,-6.031628866012221,-4.942752811337533,-4.08101806579359,-3.5873187817325425,-3.1980883445444124,-3.086360120419802,-3.014753039199178,-3.4466720719462756,-3.6504722416438424,-4.393432669594895,-5.0174237085972795,-5.505062564276795,-5.7521578208796145,-5.590525132468026,-5.241072330327592,-4.612247456787939,-3.964584871309201,-55.44213954754053,-2.6697615787651614,-2.1437446377008698,-2.033971623221595,-1.6643251179489549,-1.9625314538208598,-2.110069974672781,-2.5781813559244093,-3.0281843581112726,-3.595945923659272,-4.155271781065569,-4.657905010567676,-4.862490358072765,-4.606217853607283,-4.212121277660775,-3.3862583537526847,-2.8290539029589916,-2.039059059610055,-1.662432970841212,-1.2677213156789182,-1.0744089108234163,-1.222305459456297,-1.4448316512551673,-1.7042504114607284,-2.2943273681697955,-2.8933875287719912,-3.451936349706972,-40.818159789992805,-46.74982256718393,-49.42153963426091,-50.127350377117985,-49.42153963426091,-45.189080629841584,-62.431839590900715,-45.27180630892324,-52.8894147194871,-49.42153963426091,-45.189080629841584,-1.0944007858488107,-1.6613417844161442,-2.019930884275826,-2.642255018429671,-2.9438775303325593,-3.2183412874643054,-3.0828171842376535,-2.8670001060929957,-2.5112157327715448,-1.9853678886364166,-1.7006340432172216,-1.4768368599906057,-1.3394939629462097,-1.3949068151934476,-1.657593645114025,-1.7243848126343273,-2.3300232734540542,-2.6242405290298336,-3.2910272756746672,-3.6020319998423878,-3.832241320837011,-3.9772310017290824,-3.8236937957741004,-3.7853701348424966,-3.691517308231493,-3.621544308919668,-44.37003985106185,-3.6118055316276942,-3.699552303381019,-4.19169455206784,-4.276806228052622,-4.785558000089479,-5.09813326534569,-5.479124718616289,-5.651885169218579,-5.869659577158628,-5.844125127286381,-6.054341443505658,-6.073736062203599,-6.146223437378023,-6.34518900425566,-6.280233013390958,-6.617292469520869,-6.533460189995372,-6.801777935924084,-6.768018653214558,-6.751735972919565,-6.778686941335531,-6.689153250248825,-6.734075711337231,-6.894792964795911,-7.275511356555161,-7.619076517077449,-62.431839590900715,-52.431839791582384,-55.44213954754053,-56.4112396776211,-49.42153963426091
-50.10898802892223,13.884140691825129,-14.02403538618129,-55.423777199344784,-55.423777199344784,-56.392877329425346,-6.586606330041907,-6.900514783612267,-7.43431639018961,-7.603496552801355,-7.558250168864355,-7.283952906465175,-6.502808917231672,-5.9154085015592,-5.315106517948021,-4.942274003956254,-4.5064534739761015,-4.437588783624674,-4.629179331126948,-4.91745892169096,-5.3874488339821225,-6.113502979468057,-6.634310090395532,-7.296648769505916,-7.508358099431995,-7.405269009334951,-6.8418593991174825,-6.050915909666031,-5.370427373225341,-4.840580264690524,-4.509822962163509,-4.1921889531102705,-52.41347684218926,-4.556897935668193,-5.3173775252708,-5.907361747275784,-6.724422823617807,-7.837791791662779,-8.76817341869964,-9.030107582269954,-8.924278553795759,-7.954914366504353,-7.14409117845526,-6.3320585726688075,-5.89444886045028,-5.529056476771083,-5.380589436218251,-5.459553488854379,-5.722680329387272,-6.707289207473539,-7.241280816761014,-8.515085419774337,-9.66774261893069,-11.136405322113347,-11.59856400915028,-11.213203105231281,-10.282764255517566,-8.890995930914961,-7.937308473836037,-55.423777199344784,-50.10898802892223,-52.87105170329426,-62.41347724270497,-52.41347684218926,-56.392877329425346,-59.40317728606516,-59.40317728606516,-55.423777199344784,-62.41347724270497,-45.881351659934076,-13.075922492165887,-11.85491793260676,-10.452710608819915,-9.45472913535893,-9.029768846344664,-8.73853887967058,-8.745699997481974,-8.907411597712702,-9.504675952377905,-10.058773740563474,-11.328334304992643,-12.639305422283208,-13.633030158693582,-14.438793693295489,-14.578657711481304,-14.227260108437655,-13.142598089057651,-12.30700119639468,-11.157850937808133,-11.00632339379764,-10.508983943697983,-10.633007467019112,-11.408049129909699,-11.606851674915767,-12.581274894321728,-13.890080484554069,-52.41347684218926,-16.064273244417315,-16.116527641208158,-15.692775926464432,-15.447729321115665,-14.315322176591271,-13.75261347040147,-13.512342136948467,-13.083415450376306,-13.651010256629498,-14.077863069734102,-14.813400987387848,-15.41388678622324,-16.62113031031787,-17.285299719443397,-17.783361734767798,-17.491742327797596,-17.307357029019762,-16.701282067784295,-16.473421482039733,-16.264821681645476,-16.3914661532209,-16.667493389829858,-17.332491673224947,-18.055511394080735,-19.189630103394364,-20.150056343796813,-53.38257737278553,-56.392877329425346,-2.6768380341779237,-7.263207870372037,-7.91604046506468,4.77799195618721,15.822563869945174,8.706929473990261,18.590329610817196,-55.423777199344784,-52.41347684218926,-8.249652056218416,-8.045968828211528,-8.293157989829476,-8.631806450992485,-9.41422270230429,-10.182673563098824,-10.67578935165157,-10.434251643933612,-9.444084083379693,-8.145226244938534,-6.513981096697697,-5.284422314284396,-4.281337967305649,-3.460036651337256,-2.847255680204489,-2.7828842375584584,-2.624549380747838,-2.9062420662913384,-3.175624794963679,-3.909196318234569,-4.498647947584841,-5.288251377595832,-5.891922949968187,-6.041583180266209,-5.833773533043028,-5.2243273017173175,-52.41347684218926,-3.589205027101579,-2.9605989117694516,-2.247317426977021,-1.995410465932722,-1.6254156223713465,-1.7014565552945493,-1.9447926735379975,-2.281994641230246,-2.816863772289357,-3.5748082066165177,-4.2310531008331225,-4.798107424469827,-5.1554550105584624,-5.017524332649593,-4.626120070077902,-3.68050353469315,-2.9242400345216835,-2.1465104758734985,-1.6258471176130689,-1.1883790967036352,-1.1149774204981902,-1.0472320475849513,-1.3424602839770055,-1.6710011331820804,-2.2432355473640047,-2.898781100453038,-56.392877329425346,-62.41347724270497,-47.098688150814915,-53.38257737278553,-47.098688150814915,-50.10898802892223,-50.10898802892223,-50.10898802892223,-52.41347684218926,-42.243144106458026,-43.84015183337483,-0.8853212337298498,-1.1471376373617328,-1.8424291768994259,-2.2582998840902704,-2.976356274101237,-3.394727362558405,-3.382463184732429,-3.2956122794848284,-2.9467345045043523,-2.5559261584790955,-1.9818197622578124,-1.6292535037200713,-1.5066860695000557,-1.4189603337408467,-1.4284385241212831,-1.7600669198405283,-2.036165216483602,-2.594294801451895,-3.0909723239068927,-3.6716926362796363,-4.066771693441252,-4.225908513559036,-4.249307155034757,-4.125164766053593,-3.9676118018794586,-3.6868750932130285,-52.41347684218926,-3.5616692259560856,-3.9234621493398687,-4.068806065370541,-4.339121348821627,-4.775065742479349,-5.2633941579903745,-5.595883480160313,-5.9089933542451,-6.040581508219343,-6.117159323786003,-6.146707560670851,-6.267605222387443,-6.323918823291848,-6.378785648360723,-6.520852490332509,-6.572879947499865,-6.984314783266567,-6.73322118808264,-6.821571538264814,-6.876467115378136,-6.998271352291638,-6.903554647697087,-7.096542442157422,-7.184746500771276,-7.365439477047204,-7.575822061842602,-51.27404341154759,-51.27404341154759,-47.78949749389686,-59.40317728606516,-62.41347724270497
-41.28788418228366,13.937633845521065,-51.220550049496545,-48.380584057413074,-52.81755834208391,-46.23214547337664,-6.954061471247871,-7.300227062257052,-7.781089055857347,-7.8434394089698465,-7.796809305906752,-7.3186748908689045,-6.560091093783967,-5.940921973685507,-5.3987186006831935,-5.040471805693397,-4.753753785083605,-4.749656049909523,-5.038540315353716,-5.410730403187474,-6.024602623036772,-6.579267388144655,-7.167993394185501,-7.600876226004041,-7.604724713329766,-7.162478347133145,-6.630466530830452,-5.854101561834985,-5.086906433793931,-4.827547805112655,-4.595994241966908,-4.494031360184448,-46.23214547337664,-5.069916314649795,-5.924114725533276,-6.7528732852146,-7.596233245631164,-8.61570830768155,-9.069729314843363,-8.987149024625769,-8.35408601495182,-7.250447540354291,-6.607354873949101,-5.915204107588481,-5.63714879599527,-5.512634003763654,-5.672351918824897,-5.9209883427916825,-6.616313945454047,-7.738205699108072,-8.65083955695181,-9.986934404965849,-10.95308121019006,-11.467116172353384,-11.061023701632365,-10.112582169632802,-9.10094952216595,-7.909393245084171,-7.243061596475159,-52.81755834208391,-45.19995013621692,-59.34968392212252,-48.380584057413074,-62.359983878762336,-52.35998348070568,-62.359983878762336,-59.34968392212252,-59.34968392212252,-47.04519478639011,-55.37028383540215,-11.50989816138984,-10.446898881510776,-9.259320445545338,-8.654390105153759,-8.57453355871392,-8.930292195981721,-9.411091171940962,-10.068774018262712,-11.119378079155421,-12.164168524910808,-13.95327837637934,-15.357621073586426,-15.258725647673053,-14.558684040646515,-13.238986273304121,-12.677770484105057,-11.76385786070595,-11.137530134331579,-10.63462578424774,-10.869948929795237,-11.093313419820802,-11.888637617258714,-13.371800118926373,-14.04512547125476,-15.159300557643265,-16.56294812051684,-49.807258385444115,-16.4554667129563,-15.199950707785463,-14.224974386596418,-14.230516462355268,-13.234044193873217,-13.22926620368552,-13.773589532917875,-14.18962134399402,-15.153099940244623,-16.11242020403808,-17.060421389936522,-17.190005692509878,-17.58688988950801,-17.26567381267329,-17.110832715129167,-16.7545810215567,-15.980985672818033,-16.072417753323805,-16.10716837940587,-16.55290020821274,-17.158031315791586,-17.945074977167167,-19.043686623568906,-19.60802215624684,-20.350111415244324,-20.21896624704571,-52.35998348070568,-14.003524379196614,-2.6233446701339407,-7.2097145063401396,-7.862547101139507,4.831485320219109,15.87605748531069,8.760422742534782,18.643823184740903,-62.359983878762336,-48.2102506542187,-8.914292992459997,-7.907055989338736,-7.251934091234075,-6.791533372706616,-6.79288349021662,-6.970917602859519,-7.468699489559545,-8.045557927711313,-8.760017362684405,-9.24725673444992,-9.109324380720818,-8.237159974568314,-7.113115298561635,-5.95066971638256,-4.674964596423627,-3.916430260746048,-3.2350800434840026,-2.8307769016120288,-2.619359822830303,-2.6460188729536065,-2.862313386912348,-3.330126550798661,-3.9828880181250144,-4.728512606419084,-5.312569390084102,-5.891782209015112,-48.3805836328193,-5.5622083357123415,-5.031858086076843,-4.143558157031707,-3.520503471460948,-2.7486976855404013,-2.265874122139431,-1.9846475419970422,-1.8435200723319156,-1.9605949485576408,-2.270692141713135,-2.7468646343855214,-3.332119529637337,-4.046553081183859,-4.711933618699968,-5.287135702160024,-5.117798693898758,-4.675541750910032,-3.9029958118249954,-3.0411658972027826,-2.2845114634496126,-1.6644127210666715,-1.2568314416254254,-1.090563088564611,-1.0853983182376745,-1.3964463085720404,-1.81329817620266,-48.3805836328193,-52.35998348070568,-46.23214547337664,-62.359983878762336,-45.11722500750938,-55.37028383540215,-59.34968392212252,-48.3805836328193,-59.34968392212252,-50.3187840522031,-47.30848409556329,-0.745698721743836,-0.8125985885327212,-1.2369842137675946,-1.5519230954572851,-2.2311011911049916,-2.7375410010742804,-3.1996576668001184,-3.4989136273862553,-3.462329086645388,-3.2781266397403845,-2.803620826822412,-2.3170279679115993,-1.965937725810592,-1.7863470324033581,-1.6335957253467437,-1.6765147156966642,-1.901584455886013,-2.2766313166259273,-2.783963525205641,-3.3261697886719572,-3.845094750650671,-4.244763573491018,-4.419700145074081,-4.47812321486687,-4.4135352235713485,-4.112395050448314,-47.30848409556329,-3.8977389631525456,-4.114820801987735,-4.186704170973644,-4.439143381346889,-4.857677874290002,-5.258183464225722,-5.722409766886631,-6.021291339634466,-6.2380706651629625,-6.431368551797033,-6.565337943912732,-6.6957858993666965,-6.769588103924649,-6.872982298810259,-6.895248058787001,-6.975805304721937,-7.316634752794839,-7.220713309505422,-7.303316541390476,-7.265901936839772,-7.3514059669462695,-7.375155389539359,-7.535178275473198,-7.6936798131794415,-7.781225235363901,-8.03654530392386,-52.35998348070568,-62.359983878762336,-52.35998348070568,-50.055494664979605,-49.34968392212252
-49.10463542990257,13.043249163430751,-50.70164347203083,-50.949879554408426,-47.233768634297,-52.114935075419304,-5.328736110057007,-5.568919904378703,-5.923479937121928,-5.923021925191843,-5.959481264798077,-5.587021645599664,-4.940221142151406,-4.36892360308287,-3.814890094636703,-3.296696435664722,-3.1164905034970216,-3.1140970420690133,-3.1812064120091965,-3.4703267479590587,-3.9950525139399145,-4.754318484469104,-5.327861192432656,-5.893329298047045,-5.7918811394933805,-5.519978496364006,-4.963648174555675,-4.262704759686158,-3.7825565871640277,-3.1156993765522882,-2.80041488382969,-2.7325101847511304,-50.24406881155136,-3.2462814054282325,-3.885432738105659,-4.49362256947989,-5.625295749183258,-6.375067844010528,-7.041566989497877,-7.322871174264865,-6.86428746809163,-6.189853861727913,-5.397697064255889,-4.6739260038009425,-4.0073125334647735,-3.8112551359621785,-3.6975679990732924,-4.200209328292217,-4.593758832950297,-5.335315776471676,-6.378722560565729,-7.679862023135299,-8.865893145309276,-9.660321214547169,-9.501153809478817,-8.895256526235796,-7.7412717347448465,-6.931658757315539,-6.181009361194329,-54.22346889827173,-56.26466872483098,-50.24406881155136,-49.10463542990257,-57.233768854911546,-50.949879554408426,-54.22346889827173,-47.12653029067452,-49.27496882854716,-56.26466872483098,-42.57251013187361,-10.51452344121157,-9.187655454872639,-8.619111939444215,-7.77553907640823,-7.357184599996771,-7.145021880740754,-7.1500457075353285,-7.6044314165816695,-8.426132997937007,-9.705201445163253,-10.607606590166279,-12.094604442484558,-13.398442427132398,-13.723443725559218,-13.004220106573506,-11.711894567560261,-10.57221726266791,-9.919775130260021,-9.495447437967439,-9.234542103247987,-9.501593034944767,-9.893195322673169,-10.368903259994617,-11.510978937346207,-12.684367932548321,-13.587695943876437,-63.25436876819117,-14.876401703061298,-14.728959140432957,-13.892399225904093,-12.74095229999747,-12.313432606288977,-12.092809322503777,-11.91588320960432,-12.244704617967386,-12.318576364793577,-13.245647917129462,-13.94589702258737,-14.992584051537047,-15.863948631595315,-16.117111628249535,-15.74334916617774,-15.172191722509625,-14.841712732227538,-14.301414130521168,-14.187894416045108,-14.378533392639664,-15.044411608095533,-15.927456367304075,-16.64713689907214,-17.55828913836731,-18.272780239197953,-18.641635066148194,-50.949879554408426,-50.24406881155136,-3.517729661361164,-8.104099468176182,-8.756932341295974,3.937100358383066,14.98167236214788,7.866037591762465,17.749437990839326,-54.22346889827173,-53.25436854757662,-6.522242346426468,-5.956947647690106,-5.74033813891739,-5.703245856893684,-6.000275951623059,-6.544900251294468,-7.153252615590104,-7.749186635605982,-7.993445443495705,-7.605886262785889,-6.460407834099734,-5.141400667836181,-3.909641694932697,-2.8272552486945326,-1.9643766202942423,-1.4948550518514403,-1.0627739993033558,-0.9806517976895937,-1.0591520134358048,-1.3385816313683914,-1.8233552822762789,-2.509843303912836,-3.174089350137079,-3.790032928858307,-4.164320676744064,-4.152127871637957,-42.28526878518697,-3.131376042092776,-2.35740124970538,-1.5228995702595585,-0.9448496720813303,-0.439733024027206,-0.1858120047137439,-0.16491664811394252,-0.2096659637311878,-0.5428951774236759,-1.027919130763214,-1.5955031849144947,-2.350430315336117,-2.973001429995858,-3.4312178760281515,-3.4385701548334495,-2.9103265317669855,-2.1985175140187585,-1.294805103650629,-0.5331084785163689,0.0718735483126424,0.3380690447987702,0.6068413755222819,0.6004962047614055,0.4172533583341669,0.04791180806773224,-0.5064282964328092,-60.24406881155136,-56.26466872483098,-46.011609975057375,-43.96017934666878,-46.722243385310456,-49.27496859322497,-63.25436876819117,-60.24406881155136,-60.24406881155136,-47.233768634297,-48.630388915991574,0.9211535116937403,0.7779779330838721,0.3573869654332082,-0.0680390972751768,-0.757567543585257,-1.337587127863269,-1.5930766744217595,-1.7802865825925185,-1.5595936168677846,-1.175675234067209,-0.7471906308609089,-0.368433675906201,0.01516780497792031,0.2242995414778429,0.27144238780616026,-0.05345249677817617,-0.2487617884547326,-0.7319934308158522,-1.0763036470892586,-1.6407304896095096,-2.140278583017022,-2.479250790883709,-2.744723897334675,-2.500753539539737,-2.416287391453296,-2.3082429556361452,-47.572351289019004,-2.126141317190147,-2.2116764193797516,-2.2683434505779947,-2.8007279373585177,-3.023490856493713,-3.405883819634382,-3.9315293977941352,-4.253271007763171,-4.583502415784272,-4.8230751931968525,-4.792173504817556,-4.816100633169947,-4.896797451263639,-4.923918309150515,-5.242733809875566,-5.327560314573634,-5.392016376451339,-5.514128602200642,-5.564955161163846,-5.657494198654823,-5.628888576477854,-5.64793535658687,-5.760987077091255,-5.785583337048524,-6.127223658990956,-6.422808382743824,-52.114935075419304,-50.70164347203083,-57.233768854911546,-56.26466872483098,-52.114935075419304
-42.029754946165205,13.128429107434322,-56.179488582717624,-57.14858871279819,-54.138288756158374,-56.179488582717624,-5.3759296116314115,-5.575736651148735,-5.909256236146191,-5.925569781151952,-6.170984902029344,-5.693128820919751,-5.135265860438758,-4.5618983188528395,-3.979307623623642,-3.516070754903278,-3.2238353378279543,-3.204597050807574,-3.205048611839707,-3.465031769606972,-3.8770791623725556,-4.7187977361646904,-5.102445106813672,-5.861478926403743,-5.762499080195279,-5.781026597339763,-5.34944622102704,-4.602111290476689,-4.171218477573184,-3.453012181265789,-3.064891455639285,-2.8651024756771766,-50.158888669438,-3.131822536125572,-3.682711955739126,-4.093457367012027,-5.188949363332838,-5.902136629813733,-6.772571121011948,-7.4410999491484064,-7.306286991295874,-6.963071181654248,-6.1869212998735215,-5.364791125391984,-4.5236740169759315,-4.134793971593515,-3.8386713257328036,-4.157745045688896,-4.272625837863147,-4.855886092322439,-5.641975939983195,-6.791169966847294,-7.96972783684882,-9.070516422477706,-9.732936731128238,-9.76038650621374,-8.820546712642145,-8.190152455070296,-7.1736329632035964,-47.487170913058435,-57.14858871279819,-45.926429737713775,-50.86469941229507,-60.158888669438,-46.009154853635025,-60.158888669438,-48.54520889819356,-54.138288756158374,-49.18978836458814,-50.86469941229507,-11.846527725948977,-10.833009411442491,-10.162495028701242,-8.835315199946335,-8.304685675606402,-7.499713753213455,-7.204845021111118,-7.335931088484317,-7.760890166116191,-8.622736722487272,-9.275029289090911,-10.450191594813006,-12.151374047001159,-13.397441850648704,-13.776742609188183,-13.19737866291243,-12.230316363236941,-11.428939164832956,-10.585570012759906,-10.0218182330548,-9.753082748928,-9.783727005215699,-9.787792542774445,-10.544298020662035,-11.471709954106258,-12.164311358209456,-53.169188189154596,-14.408107575829574,-15.32265918609072,-15.113840030710278,-14.450366399785644,-13.593690520463442,-13.13075020175112,-12.449006871670957,-12.38752138255123,-12.185243623522526,-12.726104383674965,-12.92975351695386,-14.084231027084746,-14.914862667089544,-15.626623217833284,-16.144452537490945,-16.06276935626658,-16.018100563249877,-15.266337215088786,-14.938295419520271,-14.767813851829562,-14.810697963455166,-15.105692806469268,-15.802355907827065,-16.46403972584431,-17.221066219263143,-18.005024922384763,-47.85439954132648,-50.86469941229507,-3.4325497071763267,-8.018919133556922,-8.671751574840876,4.022280693002325,15.066852706493165,7.951218306301393,17.834618319094833,-49.01945542644863,-50.86469941229507,-6.93912666243407,-6.801241707027975,-7.340445293164887,-7.621330144663089,-8.492560372449615,-8.968310516752808,-8.999639816247978,-8.491258513079336,-7.1840299597865895,-5.97229683542516,-4.602014437799195,-3.416023947659487,-2.537559620735082,-1.8861656884875524,-1.3707392450394411,-1.4227389959547034,-1.2827579013139732,-1.711650977254584,-1.9653413822900063,-2.6560845648978764,-3.341010506816961,-3.93059102207564,-4.472032295817036,-4.415722085977499,-4.119605433735767,-3.402773359844246,-50.86469941229507,-1.8488821128508623,-1.3924384855138343,-0.6531542412046825,-0.4783830563862931,-0.2170154025971507,-0.329520178394129,-0.5071166428846361,-0.9588953327998948,-1.455780135840631,-2.244613940517458,-2.843464386006012,-3.3988840548636117,-3.633157075037304,-3.2746901447584165,-2.9016989878871313,-1.8508857143585606,-1.30916601109074,-0.3913345816112924,0.07637679810350488,0.426222282593233,0.5251443342132681,0.413891815774029,0.08785989569547162,-0.29215427736019367,-0.834868837451695,-1.399662304221784,-45.31589010884103,-47.85439954132648,-46.63706300285413,-45.534908439343134,-47.14858827587497,-42.48732997127233,-53.626763046214315,-57.14858871279819,-60.158888669438,-63.16918862607781,-42.200088367833104,0.6554574250637402,0.38785433928813207,-0.2499530314962228,-0.5874507012610782,-1.3559417779849472,-1.647953956110102,-1.7362638426624823,-1.6471465909097327,-1.2345334698018307,-0.8688578750212146,-0.47158257481719545,-0.1310915876521839,0.18230001772960758,0.27256439926529813,0.23804756974780716,-0.25932729213244077,-0.45397614950765836,-1.1100622788283598,-1.3662093389331913,-2.0137159490226866,-2.3855450623332657,-2.5754479165425965,-2.771522915583902,-2.471320126861606,-2.288589797391088,-2.1725137168474338,-56.179488582717624,-2.072782336838922,-2.3869702760031037,-2.3628191144605695,-2.977572859353739,-3.1565258165081493,-3.6644496578174564,-4.174370976512412,-4.427665092495293,-4.746036285020661,-5.0614750174591014,-4.9960674266072065,-4.9187920441105835,-4.945402347820658,-4.887618265603144,-5.4166021369373185,-5.2318641804106285,-5.524229035745999,-5.47372440861858,-5.687517910889685,-5.682936746853655,-5.740995012267584,-5.68633911912748,-5.8689199830280945,-5.979026310472469,-6.31591908180271,-6.579302100565723,-49.18978836458814,-52.02975476691465,-48.54520889819356,-56.179488582717624,-57.14858871279819
-48.98204807856126,13.165836770597256,-48.08028149619501,-50.12148132275426,-47.816992194274576,-60.12148132275426,-5.256744488338304,-5.541935990478012,-5.743650786017338,-6.056786139779138,-6.076830619277462,-5.910338813551349,-5.238449676412689,-4.614374248126227,-4.10987498267416,-3.618770101447227,-3.2447605080749238,-3.1010853537289256,-3.139374755447527,-3.355340506870106,-3.7534342778500873,-4.1890970804668095,-4.786779582163664,-5.389875706814546,-5.809155155297052,-5.853238816451095,-5.694951389547104,-5.210218628514619,-4.4286201268738274,-3.9025296729732544,-3.474380017984527,-3.036741476549593,-49.15238101865546,-2.945567072013616,-3.2606890939637596,-3.732991243395261,-4.281925509294859,-5.2166360078257625,-6.237405004601687,-7.090795554145718,-7.473716103100991,-7.465639017696136,-6.889734051795232,-6.089306358045644,-5.412461470846673,-4.877455145219702,-4.482631846313385,-4.0271167410712625,-4.090551894784399,-4.443221752145171,-4.844860087248136,-5.521551593933318,-6.480579402988997,-7.729462666601531,-8.93734580314753,-9.748411840957889,-9.978922548973514,-9.392643489834963,-8.499228961642258,-54.10088140947464,-51.090581452834826,-53.13178084434849,-56.142081236033874,-45.278482762875505,-53.13178084434849,-56.142081236033874,-54.10088140947464,-50.12148132275426,-53.589355701616846,-50.82729206561133,-11.676833851841323,-12.302133489327199,-11.745439039495022,-10.674951951397835,-9.773893907230274,-9.120189401847247,-8.292985274811608,-7.966427301790064,-7.712932059700765,-7.602751830629311,-8.198204643828532,-8.89891300065872,-9.661663719196508,-10.693218538590282,-11.99365048238213,-13.375808834399663,-14.069185451988824,-13.80516686402846,-12.568489341202334,-11.84388019895405,-10.768298041207133,-10.35887602227342,-10.223313777038761,-9.976066078047364,-10.07921338186562,-10.988376896187528,-60.12148132275426,-12.645615587520808,-13.334477250159884,-14.181923211731544,-15.145758250076934,-15.067674808164671,-14.556044322464338,-14.230813931069733,-13.364751709748521,-13.282504480571347,-12.808817680468422,-12.932770811403918,-12.833845782656006,-13.286957998863109,-13.991736617441415,-15.310998165313414,-16.088131049420678,-15.847837619114731,-16.677558379863463,-16.39070538534224,-16.045448140861282,-15.657895916320587,-15.239571397091458,-15.250592689054548,-15.091136645098535,-15.996791924469662,-16.662257553471637,-63.131781279394076,-48.50780155043071,-3.3951419103631784,-7.981511893979666,-8.634344716175075,4.059687932579582,15.104260435784484,7.988625330347779,17.87202569463706,-47.00394288904452,-45.0699815395552,-9.514861462593256,-10.267890609318247,-10.728835104706612,-10.807792888921083,-10.025676261524652,-8.74338427822423,-7.018840328918898,-5.677504192302242,-4.321805783865354,-3.3661541667395216,-2.6464231173674166,-2.1556791165988747,-1.8934675602092101,-1.8262273268848082,-1.9558967782973915,-2.3761876464722733,-2.932206563926772,-3.468275230930964,-4.084560819454162,-4.565670558709827,-4.630761463939938,-4.3985986178696805,-3.845856953887769,-3.0544530328140986,-2.2447478930255134,-1.6296066809725955,-47.44976356840458,-0.7169293842454162,-0.4309301619326627,-0.37476196981848814,-0.46443011625267394,-0.7035429223951244,-1.2018023545375311,-1.8295695601142752,-2.3914471623148477,-3.0773978819772942,-3.5372840497801876,-3.6885688212057417,-3.421134411918174,-2.7499051326239474,-2.034737467881353,-1.2936583882537849,-0.6376451616851706,-0.05718891238873768,0.2540781678801162,0.3951520766456191,0.36445339817348327,0.08057726400009588,-0.24959098130617638,-0.7697958538940699,-1.4325546074973778,-2.0664659543656643,-2.5114545838602824,-45.88902239185668,-49.15238101865546,-47.56875578833722,-51.992347421675255,-53.13178084434849,-44.806692152331706,-50.57905574497703,-46.142081526064274,-53.589355701616846,-48.08028149619501,-46.142081526064274,0.1291529720269939,-0.3771821484760219,-0.9437543597812434,-1.429736187665591,-1.72350937727624,-1.8386698365983158,-1.4808821979466176,-1.10451752871687,-0.6261738775886607,-0.23798576261616472,0.11912273710902496,0.33062356385078573,0.33862344616639317,0.1936700024100863,0.013600829232203774,-0.36378209777461856,-0.8518350070482918,-1.366238726433513,-1.884362793364576,-2.1964295255371984,-2.477295019373665,-2.5201341418319876,-2.399199788634404,-2.183811186482319,-2.1086761093073902,-1.9602853699039202,-45.0026475567953,-2.0272243321464676,-2.281899357519438,-2.620051442827598,-2.886411404771852,-3.4136067812199338,-3.8539469794134624,-4.271332430609692,-4.531661184641719,-4.647149549093153,-4.738653840792748,-4.779747617189496,-4.927598847679865,-5.022758967231956,-5.161253967789654,-5.095373650120947,-5.39703965986755,-5.5613380168926385,-5.610858696202295,-5.611450646593425,-5.763404252857258,-5.749018928446165,-5.814072851500406,-5.91587595097296,-6.039718053947155,-6.219896008973014,-6.457158318118323,-56.142081236033874,-40.12148161278465,-63.131781279394076,-50.12148132275426,-47.816992194274576
-60.095432188966775,13.191885744659684,-47.79094289013642,-54.07483227568716,-50.80124293182386,-49.12633176972433,-5.658852157998371,-6.070600360616742,-6.355578530587963,-6.408287254040167,-6.254659120186826,-5.87484682554817,-5.064139907591704,-4.450333996077383,-3.787280314154613,-3.2151291315541464,-3.0100972219679676,-2.8953243037094563,-2.994173952797036,-3.2944262089232446,-3.7846032740925035,-4.348725631751146,-5.1266542277763225,-5.7849802993907185,-6.32247918674644,-6.226511838552426,-5.894091777204782,-5.098424195530221,-4.335371935740836,-3.746907572911615,-3.2062439266892535,-2.77637895207927,-49.12633176972433,-2.7454112065030896,-2.994927745300372,-3.5319777805190378,-4.096595706282577,-5.08910911474822,-6.082728019104322,-6.852833988862709,-7.422013093923359,-7.3809546218474775,-6.764386845987824,-6.038170399964975,-5.171446324411265,-4.489706736778415,-3.9783582642773547,-3.692481826949639,-3.6705396156195014,-3.8867874584613387,-4.324968867580114,-4.960992002849116,-5.8137925925656315,-6.946221242974332,-8.096057325012751,-8.821759499289815,-9.179290343878995,-8.848759742870246,-8.146613064545262,-53.56330753314984,-47.42371537384783,-54.07483227568716,-48.95599838785814,-12.690961602004196,-47.08513266606981,-48.95599838785814,-49.12633223238335,-57.08513223232697,-53.105732579349436,-51.064532319047345,-10.029146033117645,-10.865428660784124,-10.88645400543977,-10.33861033160155,-9.51295665384218,-8.72971675013311,-7.967365875496534,-7.5057806987164355,-7.232203868734697,-7.222768485585841,-7.428482855205763,-7.956736374068183,-8.731715287691886,-9.658116200877545,-10.987854849901812,-12.02542914237344,-12.804392161277502,-13.148941639992898,-12.780753343303417,-11.974524800655784,-11.19320655536278,-10.543342517280498,-9.952495553380725,-9.869561279460056,-10.02538412727776,-10.39417241472715,-48.481751917339544,-12.027529965770633,-13.215641192240904,-14.386210024192291,-15.137145263998566,-15.851516760985847,-15.68437493093377,-14.855302992404088,-14.130065818836384,-13.288406422991663,-13.043639593368617,-12.766792279552174,-13.296022770898732,-13.679848161391119,-14.739136928173082,-16.072302418745423,-17.40112003480618,-19.517060030171734,-19.81256684964926,-19.604609627095886,-18.38988177225349,-17.62405003778901,-16.823375983796225,-16.332492250145382,-16.52437791562805,-16.45884267676252,-17.123847932594618,-60.095432188966775,-51.96629895618656,-3.3690925451608673,-7.955462495927385,-8.608295212099202,4.085737330631861,15.130309396430913,8.014674715510546,17.89807502475679,-56.1160321022464,-63.10573214560659,-10.619110551182615,-11.38726866769841,-11.905490798437071,-11.50906763097341,-10.06453381941207,-8.38191279308657,-6.721239188987256,-5.32282995616047,-4.173148236433767,-3.326096322112366,-2.71796509787086,-2.446187222524598,-2.314958739158092,-2.3924364056869534,-2.6883128545081787,-3.1721633558016076,-3.752624691561386,-4.291035170751852,-4.770557399791387,-4.93335194825531,-4.734585028445543,-4.272650125187632,-3.4529246997382956,-2.8450594420049775,-2.1940552687087527,-1.6526425751096867,-53.105732579349436,-0.9400199674257738,-0.8022419261363518,-0.8943739875640867,-0.9806039355229322,-1.3957848976707474,-1.8303499712902085,-2.344000669962628,-2.9537951574560193,-3.4116430563246687,-3.696415559006727,-3.568671674204898,-3.2049286618769077,-2.6034742757565024,-1.8953597930558932,-1.2126681323178423,-0.6668030729595352,-0.261312130108474,-0.04420224375974665,0.030244951816724742,-0.0618438428313493,-0.3667186130314248,-0.8915429083012303,-1.3486141705658719,-2.042190878392311,-2.5305125368343755,-2.7339499460009034,-41.770342976856796,-53.105732579349436,-48.95599838785814,-45.86297364055467,-54.07483227568716,-50.095432188966775,-51.96629895618656,-46.11603230465973,-48.481751917339544,-60.095432188966775,-48.95599838785814,-0.404699274335918,-0.9759529907990514,-1.3915542697447592,-1.829022646619184,-1.9177131299475905,-1.8525465913455355,-1.4245479180029574,-0.9609180284472332,-0.46859286950472556,-0.015753716828214172,0.17764398992789612,0.31117848730010766,0.3332531872810427,0.16002271208087654,-0.18432144457545374,-0.63675966104141,-1.1928543340077769,-1.7348603114709422,-2.197862980769828,-2.529375416749151,-2.6016178020447045,-2.447616518169516,-2.203221946091654,-1.8651260890002663,-1.581340925725438,-1.502280397086435,-53.56330753314984,-1.6128941477462246,-1.813136601165311,-2.2011690871923797,-2.660017196537644,-3.2209091953405866,-3.821773591395321,-4.242015054949004,-4.5835439106073474,-4.731337599026327,-4.71834313418862,-4.6634839311725305,-4.406226056660271,-4.174186928013997,-4.128334584256132,-4.0809166776655985,-4.079910858734739,-4.2821433055032,-4.5033045392431745,-4.734540554347656,-5.053055280025468,-5.4029207669514765,-5.635150415858242,-5.912510392247486,-6.154331753481998,-6.418957043990834,-6.530154259800142,-53.105732579349436,-50.553007576510026,-50.095432188966775,-47.42371537384783,-54.07483227568716
-49.89100416622583,13.396313902244522,-48.27732402213654,-50.34857930719569,-47.33827935055588,-56.880704209586014,-5.976395354008162,-6.422625579428143,-7.002779361693308,-7.146815926399139,-7.07288953500524,-6.5759617224587865,-5.859755870509584,-5.082314741094768,-4.24419006057734,-3.7847327244746976,-3.517183102135509,-3.490042477753839,-3.672882002170932,-4.1433782522461415,-4.6523955437239435,-5.564798168485154,-6.172109309883368,-6.691151923785744,-6.618947922884959,-6.236124246220937,-5.429074184245391,-4.573916285132025,-4.026948893718469,-3.385578096296189,-3.0699101283841657,-3.0860533922484668,-40.229586789218416,-3.659038660352043,-4.382870564188879,-5.0875711060888404,-6.203627246265676,-6.905748062072802,-7.33246856081498,-7.196014546805079,-6.538351211826663,-5.74778167146726,-5.0198112749425805,-4.456072852514891,-3.933016929808488,-3.8029528355180404,-3.932637125969489,-4.457029541650971,-5.0947907763078035,-5.935625969994249,-6.946672630405226,-7.89046494847386,-8.509477570814033,-8.731755045152589,-8.104212233188479,-7.326087739630029,-6.470569356491909,-5.852903795265114,-5.5184305502327184,-41.25777516845054,-48.75157050737105,-55.91160407950545,-47.219287111197644,-53.358879263835505,-50.596814909082894,-62.90130412286564,-56.880704209586014,-47.84980433966658,-50.596814909082894,-45.6585451470865,-8.379068585343726,-7.657888166870991,-7.349524802435128,-6.982558534792307,-7.0079527649011215,-7.225477330062725,-7.464347772595716,-8.212339086120364,-9.168560632474136,-10.43464466913912,-11.169295445933514,-11.606950967639838,-11.687905389787295,-10.892662264029504,-10.079661425974617,-9.138966195560958,-8.507787498397546,-8.234629113519695,-8.357963091569612,-8.658287454472106,-9.333609387250716,-10.10970135048577,-11.186116345545404,-12.523215952688078,-13.722627052788685,-13.820262397282605,-55.91160407950545,-12.245880165026756,-11.420802114239201,-10.41916765107863,-9.773925501608447,-9.6931555531061,-9.922714879069298,-10.429798530924174,-11.269422034657438,-12.26256874969578,-14.051652444192387,-15.452900233562223,-17.597129955000963,-16.66705388685266,-15.457983252580082,-13.92585797801468,-12.513195465386044,-12.211101454058644,-11.57470549772335,-11.80534967595699,-12.24308058262666,-13.142668129220096,-14.646134263125862,-16.36638096903902,-19.109336883310007,-20.960602950817268,-22.117461226731713,-55.91160407950545,-56.880704209586014,-3.1646648711012872,-7.751034820810133,-8.403867290052304,4.290165005749115,15.334737330451343,8.21910229926377,18.102502918804056,-52.90130433469245,-47.219287111197644,-8.83297364498474,-7.905697809576308,-7.459072821169846,-7.050929205215043,-7.128017839807931,-7.33691637238384,-7.684367250003035,-8.184031372679346,-8.69669689816142,-8.834591478088766,-8.356926134602864,-7.4245167704187764,-6.361609686157543,-5.259505447131886,-4.279936439803374,-3.7042014430822556,-3.0931604697166337,-2.8966984082592804,-2.749500898901869,-2.8862299867505623,-3.210753446146051,-3.602574841642288,-4.106554981618404,-4.625027155083151,-5.052678938738041,-5.234885826544563,-56.880704209586014,-4.686922101374891,-4.202829402176845,-3.431670290683519,-2.764902888289802,-2.2759166707548966,-1.9759220715392292,-1.708082158621064,-1.6447418601845418,-1.6782112280978525,-2.028499224999856,-2.46576360591702,-3.0662994665983296,-3.6563506146610107,-4.06008217631464,-4.414949077663259,-3.9976529371587413,-3.5799922655937744,-2.6806679939722207,-1.9536032070537064,-1.2658266393843323,-0.813274772571634,-0.5621464092014583,-0.4931569948924389,-0.5931250983420743,-0.8161781628148003,-1.2498346648984833,-50.596814909082894,-53.8704042529462,-53.8704042529462,-51.76187076274097,-46.88070442141282,-44.268075550678454,-56.880704209586014,-48.75157050737105,-47.219287111197644,-51.76187076274097,-41.7618701978695,0.2037020929602112,0.09617636752354455,-0.2772085934308612,-0.6915409634726695,-1.3076630559783575,-1.8135979987405626,-2.1702783180328717,-2.2140886139632947,-1.9405329971002792,-1.5658067560520754,-1.1455597720452557,-0.6525458624010831,-0.2795543012488001,-0.08446977626002093,0.06082020362822431,-0.28343121580591124,-0.46810066621722074,-0.9242320907664607,-1.3572316887520048,-1.944283901369821,-2.343898009209192,-2.60872472569317,-2.8851954466761525,-2.6315450777839704,-2.4852259215982486,-2.3183427150241465,-46.88070442141282,-2.061657759260401,-2.1081416520765814,-2.088119572113634,-2.546090368275605,-2.7554936464294935,-3.252369876814869,-3.6409678255597377,-4.084006609136375,-4.430701024692085,-4.71162644081714,-4.820160183775132,-4.891660136187159,-4.805269105003257,-4.763387051223578,-4.945221695269264,-4.798844473928518,-4.83282546972314,-4.873423055554175,-4.937836484231665,-4.9791179695918055,-5.147908543262988,-5.268746329989133,-5.58662539663366,-5.9886320037186245,-6.430409999260748,-6.871322828425469,-48.92190412087598,-49.89100416622583,-50.596814909082894,-51.76187076274097,-48.75157050737105
-42.80384901900906,13.493768824471243,-56.78324918951479,-59.793549146154604,-52.80384889333101,-62.803849102794416,-4.454729382573317,-5.142800590775098,-5.868434815418622,-6.676010675239335,-7.152741416732782,-7.070258433287,-6.284211032678314,-5.460107852633879,-4.619900573297667,-3.9367482056865217,-3.4252011370027304,-3.194686432326932,-3.2668321521307164,-3.457324642771724,-3.9325396173014306,-4.506580177756322,-5.386968775972484,-6.0158890550252595,-6.799206408666284,-6.882470341514294,-6.7618908757288665,-5.998925766361522,-5.140278778803528,-4.61100989309121,-4.210970750402129,-3.7924274357852994,-43.509659689580715,-3.97143182596957,-4.530143733594375,-5.1440953724763,-5.745878873979572,-6.8161516473434585,-7.5208928575105425,-7.752349097284864,-7.633408445193908,-6.836504029523645,-6.168083432912251,-5.461124679844299,-5.096941774726702,-4.825359253711692,-4.8215286154211885,-4.823001293928912,-5.290403138154447,-6.147495186232104,-6.872118937491124,-7.77398235164818,-8.465494809728934,-8.83941414139376,-8.604539321818232,-7.684855178589051,-6.912376708005985,-5.9664914752011,-5.3403410720088305,-46.67601062074479,-47.75234931959535,-50.49935988901168,-47.24082386238443,-59.793549146154604,-52.80384889333101,-52.80384889333101,-52.80384889333101,-55.81414905943423,-59.793549146154604,-50.49935988901168,-7.702247472105698,-6.761318588388087,-5.842697307833207,-5.4130013559146315,-5.2194765109180095,-5.539960187121443,-5.9026238607926,-6.628132203650407,-7.620750328488429,-8.73366421156167,-10.367863809134532,-11.59048343184107,-11.62418010186209,-10.821843678566207,-9.418447270498424,-8.267608487261178,-7.286909805325102,-6.49760761352521,-6.026128252342183,-5.925314819194005,-6.142068364437014,-6.678500585484234,-7.847281930136028,-9.024778857961685,-10.783109189031128,-13.573845303364466,-53.261423775664056,-15.641060691040776,-13.533175097196931,-11.437118913081608,-9.765065974698766,-8.521852948326273,-7.839617698553472,-7.536515935948258,-7.58403911906653,-8.15800002173658,-9.159821386981621,-10.583503340635552,-12.345536008235019,-15.250208156332068,-20.173409325633976,-25.603910915751335,-20.685971523391302,-16.609367787144727,-13.94678892666496,-12.37789704741589,-11.64238919597626,-11.373420358362177,-11.63345696737792,-12.2255150352699,-13.246010059638131,-15.209210692018226,-17.49967474600814,-53.77294923287498,-62.803849102794416,-3.0672098005953408,-7.653579876058988,-8.306412134155032,4.38761995050026,15.432192555508053,8.31655750290872,18.199957861476324,-59.793549146154604,-56.78324918951479,-9.83375501576172,-10.4082266168344,-11.174562504206332,-12.348076718966226,-13.381138549496852,-13.660417392978268,-12.35136278672977,-10.438375551637026,-8.483252187705737,-6.815014117829172,-5.59877485811077,-4.700811130506054,-4.128738241934068,-3.8404116555612604,-3.7553039226118337,-3.952086304987701,-4.597237667997848,-5.039902999671568,-5.891689993544674,-6.579429149446425,-7.056755436438495,-7.06079252751195,-6.707936824466288,-5.958438390442268,-5.066825809649341,-4.353333821239088,-55.81414905943423,-3.1545620611874883,-2.7582107158828038,-2.646765007616299,-2.5453649949706767,-2.734583059228352,-2.9877603437514,-3.3768848396869,-3.917550663470741,-4.482887890995944,-4.941092007631944,-5.291327231803681,-5.289448773601153,-5.059080800543379,-4.562349875288548,-3.7882579554954883,-3.2093854130444925,-2.4904916169096363,-2.0872780890739557,-1.7032543051949331,-1.5215887243510111,-1.4848632796219696,-1.6216188429484844,-1.864294314133039,-2.3408490221583977,-2.8843927375779286,-3.4181517269525887,-53.261423775664056,-62.803849102794416,-52.80384889333101,-62.803849102794416,-59.793549146154604,-44.74204936295554,-50.49935988901168,-44.47875997573205,-55.81414905943423,-56.78324918951479,-45.64381550532073,-0.33860744778386787,-0.6730270939274645,-1.083295657082472,-1.661036308713746,-2.127275843620663,-2.587685487904939,-2.8035712044173904,-2.805530264532191,-2.4626043571640435,-2.0226099070052124,-1.4282917847243206,-0.9383991820298943,-0.5289051914468069,-0.226790066383128,-0.16773209752309834,-0.07340810253008273,-0.34498080240167617,-0.651395263900964,-1.2922196719709687,-1.85239278290788,-2.6142451179731943,-3.235780245760169,-3.5979990617194972,-3.753141684843071,-3.6505422070172506,-3.1619080700560387,-44.23052390574462,-2.0733813409117037,-1.7585612299212974,-1.609145666359308,-1.3776868447592903,-1.6090069641065508,-1.9701849845184758,-2.4183071054797414,-3.059298984698988,-3.751526499747717,-4.509363808835997,-5.164173791057332,-5.6507535098342085,-5.601222264188027,-5.246617046655109,-4.698485883049195,-4.195727198815093,-3.7315576275434523,-3.2985455105807002,-3.121112418765523,-3.0206927158784285,-3.1859135855083025,-3.556380133140642,-4.055553307097056,-4.800603691668322,-5.640809966032271,-6.486449476820082,-50.251123819024244,-48.824449155716316,-62.803849102794416,-62.803849102794416,-62.803849102794416
-44.08469214200106,13.887836296719504,-59.3994813124236,-55.42008122570323,-50.105292055280685,-46.38918135578379,-6.053325493339173,-6.717435552264756,-7.533731535102566,-8.044592940960941,-8.560157127609838,-8.261969298683502,-7.523992185434448,-6.608061467205594,-5.97824620209877,-5.250800015294876,-4.937271317140891,-4.962869898497951,-5.107046775786133,-5.545116597749597,-6.123419813787429,-6.934889343386731,-7.42819247569816,-7.8036590175215705,-7.419663798521881,-7.195261901288074,-6.497687871091104,-5.927176626830186,-5.645177603573575,-5.311275389169243,-5.419768862260865,-5.763540160676854,-55.42008122570323,-7.051146141809798,-7.927032311836712,-8.307814603243179,-8.746785065822031,-8.266132205840485,-7.717203099485638,-7.009190475118505,-6.36231678431431,-5.986828169675951,-5.786500963747075,-5.892960455580364,-6.228672433043746,-7.019007959214215,-7.982475824648861,-9.417127846677122,-10.316937264595897,-10.745539346520683,-9.983472564383307,-8.77582397437245,-7.5589299088442665,-6.595644255639775,-5.796047067879431,-5.496313393880284,-5.3740731561076664,-5.748487355272033,-6.342045697570865,-47.78580129007386,-48.26004778935524,-13.46255591513576,-62.409781269063416,-49.3994813124236,-45.87765613130998,-48.26004778935524,-49.85705621803036,-52.409781269063416,-55.42008122570323,-62.409781269063416,-4.728730565077832,-4.963268732010815,-5.854276902598957,-6.890246153413472,-8.680624612748012,-10.905747964107748,-13.076832085082032,-13.568344049402175,-11.479874800449203,-9.218366925800488,-7.208864583281108,-5.859617725542693,-4.893587654811641,-4.413826250831531,-4.2704173990741925,-4.583300004389506,-5.2066909701259085,-6.568052820981566,-8.418445957517253,-11.180254111903391,-15.139170038617596,-17.084148232707314,-14.373844708441759,-10.53999196496566,-8.141140409400135,-6.463889232482036,-56.38918135578379,-4.728774526875968,-4.695596584837552,-4.9245134893933,-5.682883802310444,-7.033302732332466,-9.068099759343635,-12.196358137546266,-17.913917333575927,-24.697582480532198,-17.411674006187457,-12.319311228686585,-9.33888734829827,-7.664675878909728,-6.628709488248566,-6.296627942186275,-6.25527852875989,-6.978715488453866,-7.901365013581562,-9.490589511394042,-12.074498274912017,-16.002880315495492,-23.87462427120319,-30.301247615914487,-19.326271583220322,-15.617319498312956,-13.398195897252796,-52.409781269063416,-51.270347745995046,-2.6731422410140793,-7.2595116197226055,-7.91234470219624,4.781688206836642,15.826260031732204,8.710625199533556,18.59402574921262,-55.42008122570323,-52.409781269063416,-12.4796538299458,-10.415466022970993,-9.108383916874633,-8.092847350766547,-7.689212054324901,-7.439710698488615,-7.639669193360225,-8.24655571670898,-9.474807573433257,-10.921966294847449,-12.242580764982486,-13.245768086197403,-12.165171045772638,-10.181316384803239,-8.289933024852093,-7.003784234028352,-5.863588420176572,-5.223336594586941,-4.697957434613035,-4.670125615978684,-4.729848902821168,-5.144856761152871,-5.736886436151397,-6.36530669402765,-7.1183023538784145,-7.695690391271054,-52.409781269063416,-7.79412079347177,-7.304800499506166,-6.60115858231098,-5.904792673316069,-5.086068891374522,-4.6029436513396425,-4.170437403545763,-3.842129998352961,-3.7242658734368552,-3.7937202997823927,-3.911596445038193,-4.272070459005247,-4.633824047430419,-5.060399178454269,-5.705949895519958,-5.842093454166747,-5.868507284053168,-5.577644414094269,-5.115047370522738,-4.26414896174938,-3.723924597624185,-3.084292528622477,-2.703523747248134,-2.33973303715241,-2.151670039280511,-2.154584765801128,-62.409781269063416,-55.42008122570323,-50.105292055280685,-55.42008122570323,-48.43038118234304,-50.36858144250417,-48.43038118234304,-55.42008122570323,-55.42008122570323,-52.86735617467017,-46.727764028393466,-1.6367417326314535,-1.1945239837833914,-1.1129207653880926,-0.9887255503274422,-1.272429409223408,-1.4923206205600639,-2.0009030212039534,-2.5400499374101626,-3.1137019152996133,-3.6154505608419027,-3.7837158085633393,-3.7379356140431215,-3.402287317446839,-2.806700492524095,-2.234585802451056,-1.845211409159722,-1.3762192988255952,-1.3108754494017372,-1.1664542440037242,-1.4686319059248618,-1.8069101005513737,-2.421740565394865,-3.225676595621171,-3.976493744440586,-4.704876524475888,-5.259697593298819,-50.36858144250417,-4.966538670434292,-4.557607839588514,-3.9077988603304,-3.59154841310567,-3.0643877138551168,-3.01618142034356,-3.070148063930956,-3.3082297104376313,-3.8790076837068845,-4.539109939591621,-5.380222488653894,-6.135098503560173,-7.014754504941447,-7.538595652619459,-7.87262380159307,-7.298906036234704,-6.74959194102995,-5.939219733346536,-5.43818580083847,-4.9272806939139375,-4.775501376873815,-4.755822635214578,-5.064582943180621,-5.584756864869657,-6.45696927222126,-7.561873232831479,-42.03551628965718,-52.409781269063416,-62.409781269063416,-62.409781269063416,-45.50782085005956
-45.09550110511747,13.567836694092641,-48.58004781352906,-53.698881290186506,-44.876482730555985,-44.876482730555985,-4.284760994104222,-4.905843103923224,-5.955673598118692,-6.98076799073705,-8.344357725841892,-9.16676862870151,-8.900969331808389,-7.996108738570939,-6.777355141814059,-5.924531715436111,-5.017310205638367,-4.433624420515156,-4.206299032338162,-4.176091665195985,-4.462594586509694,-5.189954089605426,-5.9422670304139835,-6.906783532211729,-7.668033063089073,-8.3316402711914,-8.461660436185522,-8.032002603146516,-7.452322703371731,-6.93523811203435,-6.384313424843855,-5.894618826300656,-44.03746394408583,-6.073661880567308,-6.614119818009567,-7.058376116683769,-7.829957641082776,-8.687603924770452,-9.234597009415634,-9.320979346806338,-9.139684136038511,-8.278707530677906,-7.822894196847656,-7.2633552103234535,-7.073793888380418,-7.041137087486355,-7.199584478739386,-7.8758325802182325,-8.48341444984156,-9.814849226201467,-10.483802999949294,-11.223813182789915,-10.998122185455738,-10.295530762168196,-9.238774643273295,-8.167183635603475,-7.305784924623783,-6.502979206729952,-6.1600549559686595,-44.404692033043574,-53.698881290186506,-51.59034747728001,-45.56974756400039,-62.729781160105944,-53.698881290186506,-46.197655791591586,-53.187355834951774,-55.740081116745756,-52.72978095242111,-45.56974756400039,-6.5010846319722715,-5.590963052085137,-5.042623656860512,-4.806172626109028,-5.134900644305961,-5.872712863347626,-6.8880523659987505,-8.404289168610328,-10.614704941239232,-13.080164388289209,-15.81985096413839,-14.592304011385322,-11.382082818821242,-8.735639871034147,-6.887091195819267,-5.766348442450571,-4.899403806989317,-4.449785169069428,-4.178213368840705,-4.647158154466413,-5.27388121191221,-6.497774288061711,-8.665571826324614,-11.305104337986688,-16.201035019366984,-23.873342365808888,-55.740081116745756,-11.587342337285158,-8.39304295314243,-6.341724738336552,-5.238852108924999,-4.3432416346672635,-4.061516748831608,-4.122796305784845,-4.704554789138663,-5.646311697930221,-7.4500295295288215,-9.936283286403855,-14.09833743901446,-22.86295948123675,-23.585291900479174,-14.785737625879577,-10.539466076749386,-8.216891972276034,-6.788729599576358,-6.064301759262301,-5.71056281560831,-5.915107330796917,-6.469407242250192,-7.472959493527734,-9.089808643321023,-11.264408171138198,-14.802363496713308,-52.72978095242111,-46.197655791591586,-2.9931421148261745,-7.579511591030411,-8.23234438139673,4.461688235528836,15.506259902920574,8.39062534508418,18.274025988046258,-53.698881290186506,-48.750380990311626,-8.335506929614978,-8.557772232181003,-9.617817977107228,-10.995441258527647,-13.40986586590616,-17.38634637134451,-21.148268018970064,-17.566543216920266,-12.767598479323626,-9.986701618456973,-7.88231378644399,-6.441796124490649,-5.420626869966998,-4.795942996878961,-4.595786356623326,-5.016162929487131,-5.421756645810439,-6.421110842438652,-7.375206729694268,-8.955388991750944,-10.179541597255962,-10.90289603146159,-10.986391868450124,-9.616481540148422,-8.120652239979805,-6.758755380110218,-53.187355834951774,-4.896341581071312,-4.4455988990183,-3.859434855062489,-3.83195873324837,-3.660007076884473,-3.7986020941824488,-4.101969795375214,-4.718180577084236,-5.349709567081044,-6.297841341477385,-6.94263274373212,-7.247791351417168,-7.277873213300451,-6.578279824869043,-5.921061844778288,-4.678845852665762,-3.7369778284668915,-2.768251822590066,-2.16059175702663,-1.6944089685157055,-1.4484615438889992,-1.3241161560584014,-1.6381213427643824,-1.9936789872417426,-2.6258276710213706,-3.341357993730255,-45.740081019826164,-44.096552530451405,-49.71948120346613,-46.197655791591586,-53.698881290186506,-47.04776369491186,-59.71948120346613,-45.09550110511747,-49.71948120346613,-47.04776369491186,-42.862063881675915,0.3655409524745276,0.2837683284653306,-0.3133579884069259,-0.7761625803064305,-1.6317525762309333,-2.4623856776150266,-3.233787885797276,-3.7947602299433876,-3.7335179176613225,-3.4262317116742267,-2.403251238323574,-1.4622966989265762,-0.5718909543309237,0.12382931763603044,0.6552321928850114,0.6742634907176286,0.7904010945881108,0.40600602503126143,0.0309055269176863,-0.7823600225679738,-1.7084296253394247,-2.750847700001857,-4.096713061181091,-4.845657953268375,-4.955679765669359,-4.333680687993786,-50.68858133354669,-2.4032310851615004,-1.6181441963028322,-0.8815956703773413,-0.625627640580612,-0.43960867343471155,-0.6879597234259873,-1.0176374954181062,-1.7343491351597782,-2.6157599562394864,-3.8464524408216394,-5.049049055553257,-6.083173365334687,-6.880478532374274,-6.7449182818344635,-6.237835137615812,-5.047508262045307,-4.352628276500622,-3.337664621973582,-2.8719023588519477,-2.5761665100967743,-2.5722073702562347,-2.704060445411879,-3.268679026338417,-4.00363903259982,-5.063630472549204,-6.4288195210222865,-53.187355834951774,-51.59034747728001,-46.709181039141484,-48.58004781352906,-55.740081116745756
-41.44263182211035,13.519597153984225,-56.75742099253291,-48.79862081909216,-55.788320862452345,-42.52496225316483,-4.1988610095163095,-4.994134746608085,-5.834426226790409,-6.958512871872449,-7.633048077176117,-7.932630750892357,-7.501142069315991,-6.721555874930575,-5.924383971681728,-4.984098293430693,-4.622581985400565,-4.311427648960836,-4.239664654989401,-4.391544584962955,-4.846657702568052,-5.123764213440669,-5.889615260618694,-6.379083988464518,-7.184174110024709,-7.280633446915613,-7.1898558305546825,-6.940933711790231,-6.455098214306513,-6.117842291465666,-5.959731247735343,-6.023601366919476,-59.76772094917272,-6.364221857005733,-6.868934121268554,-7.628706830149721,-7.808835229711283,-8.478480292912142,-8.512192659850077,-8.141345402257398,-7.788949720168278,-7.2897919242936275,-6.9507301181096315,-6.823058949898436,-7.020451715992854,-7.394671733647269,-8.179453841354405,-8.997222978394095,-10.41403394492287,-11.725338090521184,-12.964139314113552,-12.579384019797622,-11.392688626645937,-10.022327703241986,-8.627953029069408,-7.588133113713983,-7.119955954357976,-6.903055248587156,-7.0531155458535375,-48.154040926822965,-55.788320862452345,-45.53526220980464,-51.63858738274416,-47.09600366514258,-50.47353169202979,-51.63858738274416,-47.463231735389975,-52.77802090581253,-53.23559581141928,-45.61798746946454,-5.901937642147627,-5.63112810327538,-5.534041533503231,-6.146479100696677,-6.8442740107667985,-8.247958367757505,-10.332924422834362,-13.69268827855404,-19.719135323206185,-22.322835276967602,-15.150860339416855,-10.904816360216179,-8.390999820522644,-6.598293478824614,-5.582777599942488,-4.626461969523237,-4.6084929147861695,-4.580601282513892,-5.312799813362121,-6.349607956629982,-7.976974018566887,-10.427890213601245,-14.843470156891538,-24.57929268630707,-22.370019924170393,-13.816728991723739,-44.144792304607975,-7.466681838685289,-5.959740501324569,-5.144819511011761,-4.357160541607429,-4.509954122010256,-4.769503136809308,-5.607243578286717,-6.980630740795934,-9.106326020465724,-12.464986911721425,-18.55245117191787,-20.71489012325287,-15.00288306615252,-11.17297577584759,-8.232986885497557,-6.954818456988977,-6.00560223800803,-5.683786365330316,-5.609377057944156,-6.144668390713759,-7.102193975092618,-8.507511586118872,-10.715133120095812,-13.85529352333762,-19.690243169165317,-29.660482295254987,-48.79862081909216,-51.63858738274416,-3.0413815075678077,-7.627751286623148,-8.280584198081344,4.4134485399361,15.458020521251505,8.342385932787556,18.22578623520504,-51.63858738274416,-59.76772094917272,-7.6771572189533295,-7.70999507104459,-8.06074836300127,-8.967357716256375,-10.349327815418143,-12.156376868631316,-13.997573488778203,-14.558433602083248,-12.605599886492186,-10.31264079779068,-7.912639370476809,-6.4402467925523785,-5.316647332042585,-4.553822973911626,-4.159112226016806,-3.9867120123097117,-4.293419889900996,-4.573031388058759,-5.323829635791386,-6.182424018975484,-7.211209613598123,-7.891809016048055,-8.129356348090434,-8.193258738523163,-7.603093128907066,-6.635272370810636,-44.92472255570486,-4.936864386209148,-4.180767378830103,-3.797244367817565,-3.2949383190616857,-3.132125030913497,-3.0439991788936,-3.132761248995903,-3.346302321291614,-3.7817199355784092,-4.270333814433581,-4.895396355872355,-5.6783290679224665,-6.094264271380407,-6.284234299224422,-5.71511148357433,-5.069132737219305,-4.1079629091198395,-3.2878699720285844,-2.354498585726896,-1.7385272293859453,-1.3375746187372575,-1.1324788644507007,-1.0535505062699388,-1.2921143544847213,-1.6928950941270724,-2.3256323582547536,-45.14374097018316,-48.79862081909216,-55.788320862452345,-53.747121035893095,-48.62828742610435,-53.23559581141928,-52.77802090581253,-59.76772094917272,-50.73682107925328,-47.09600366514258,-43.4838316486696,0.5232744102385107,0.400434118473503,0.15998924154884486,-0.4181611330413548,-1.06120966504845,-2.028230059022271,-3.0485861103179253,-3.8084289688453343,-4.133188967915177,-3.634779691892258,-2.7696516949284695,-1.8038304958221811,-0.8772544223003608,-0.12737899472341943,0.31422774710223367,0.6923152514547186,0.5966836337956968,0.5210909591372903,-0.053336503001559475,-0.7225507274044356,-1.6901724184681322,-2.866003847552814,-3.947257603913465,-5.003172579506819,-5.324758981697476,-4.722516481042416,-42.91030356315008,-2.7140020577038597,-1.7373853285944953,-1.2586069787757204,-0.743422046163152,-0.7901255458538836,-0.8771449904520306,-1.3033443811700107,-1.9810504062681593,-2.888063615898497,-4.012090109399165,-5.364007084561491,-6.606706570218275,-7.058034571788107,-6.981179290432981,-6.000810939173233,-4.962908704550562,-3.8465199451050767,-3.257495579278263,-2.620358846359445,-2.341895114227153,-2.33038983375314,-2.6544703931051523,-3.1743978662215118,-4.035916962446513,-5.1925274645389425,-6.42099219761032,-51.63858738274416,-52.77802090581253,-48.62828742610435,-48.154040926822965,-51.63858738274416
-44.444861021896884,13.527667659088536,-49.759650192319434,-51.63051678638897,-55.78025010559906,-48.79055014569787,-4.232761529178227,-4.939115144884266,-5.687985601610147,-6.806300004540795,-7.510113506348598,-7.942400289232593,-7.569610948843577,-6.8451403288503,-5.984074623083867,-5.197128707653713,-4.700272454255999,-4.336351449638009,-4.212457548472962,-4.3842171155341445,-4.724705375973742,-5.057824485231913,-5.720727000046751,-6.38968256245527,-6.98493324038698,-7.308843797540565,-7.268694188728624,-6.97891976264756,-6.554697801577688,-6.370694974411832,-6.132969349236037,-5.932817314371177,-48.62021653550266,-6.374248804123553,-6.819785389575919,-7.440152854715526,-7.847795881591995,-8.429213612639543,-8.593008086708345,-8.384526741516742,-8.108216557316716,-7.4591861791831695,-7.074946873495616,-6.950385393690375,-7.021943055658809,-7.2629590213451305,-7.881482756260377,-8.539245230343719,-9.727372033490902,-11.272802751937794,-12.462617301643693,-12.966234222313592,-12.204979661403396,-10.813692990264608,-9.744281844150393,-8.270524916957099,-7.597766894856405,-6.9117235313597,-6.829363308490177,-59.759650192319434,-51.63051678638897,-49.759650192319434,-50.46546093517651,-47.718450365760184,-53.73905027903981,-59.759650192319434,-48.790549923140524,-59.759650192319434,-62.769950148959246,-48.79055014569787,-6.5741336342264365,-5.876710481719607,-5.348545285523664,-5.514255658886162,-5.871181059909423,-7.059421880469197,-8.39794779588629,-10.60776337688258,-14.202359549653835,-20.0855749084548,-22.18796846810657,-15.093568584706592,-10.869519913895617,-8.178302931787599,-6.545053486106848,-5.48594175597156,-4.854994751477253,-4.493149867791544,-4.60419012025824,-5.262675967412653,-6.1504418882652665,-7.725051153738901,-10.255563229867914,-14.15508370845914,-23.213553743128003,-23.514250840131293,-55.78025010559906,-10.2617261117871,-7.643946392265052,-6.12080499030961,-5.060414667128027,-4.489992850121602,-4.40453179352264,-4.699195509765868,-5.432634652856586,-6.645067985038107,-8.623541710680772,-11.595579724045955,-16.372595698892628,-22.49319305085883,-16.930145351051273,-11.958025453091395,-9.327108073844691,-7.5641060557505195,-6.5083434503457305,-5.963504419674441,-5.933023987195668,-6.26566047850841,-7.0595618674985925,-8.260503649204939,-10.278456064100187,-12.965144042914503,-16.9782904414039,-53.73905027903981,-59.759650192319434,-3.033310570287612,-7.619680713033913,-8.27251344509667,4.421519113525335,15.466090912866484,8.350456738235954,18.233856904537035,-62.769950148959246,-62.769950148959246,-8.370373761557136,-9.05866160567008,-10.028510208484319,-11.633390504551222,-13.566107682112815,-15.404949006414242,-14.928058392825584,-12.152523276738345,-9.631172783836426,-7.582574113336442,-6.1910101610621275,-5.184426372554833,-4.524858264142196,-4.1808441147379245,-4.146936597574503,-4.4622032151768405,-4.965538500924894,-5.7418119419788365,-6.768479679001729,-7.698883207987043,-8.266827467349739,-8.479326789017584,-8.232792437695398,-7.324693581898009,-6.366159595568641,-5.499672504822367,-44.64081658253069,-4.1453323526075145,-3.6394607654911146,-3.3681631467049633,-3.1584647618695487,-3.2421324215534213,-3.291179213686062,-3.605321277491014,-3.9917922370868735,-4.549525529579662,-5.211811056709406,-5.845632289534758,-6.09798992233754,-6.092572823820358,-5.7754409336331625,-5.011050598694028,-4.166270586500801,-3.277587207012835,-2.538146039598291,-1.911366966903346,-1.4465013374435842,-1.237870732744069,-1.1978705677919266,-1.3394737657153954,-1.75775663733923,-2.395796881118108,-3.157728472527592,-55.78025010559906,-48.145970050057315,-45.60991687310934,-62.769950148959246,-52.76995035760677,-62.769950148959246,-50.21722532975676,-46.64211149694583,-59.759650192319434,-45.78025020296789,-50.46546093517651,0.4608646462129996,0.17372428415679547,-0.23978010346395978,-0.9625311771290992,-1.752351997681295,-2.6836719816303223,-3.554266317064496,-3.969661342260695,-3.882265573753549,-3.178386406954799,-2.22022851184002,-1.2271226344651363,-0.40114029352356634,0.23687442290794786,0.5555658964100725,0.747659278962869,0.6092725907645781,0.32698613512203767,-0.36053336517730844,-1.1382377200588114,-2.161805104800607,-3.3529578187237083,-4.514046853479678,-5.177374508469736,-5.009820897655171,-4.315316921770201,-41.80084987978034,-2.3044914424977216,-1.4401594126970143,-1.0637752680626655,-0.6369512325669306,-0.7104075382816926,-0.8805615146872402,-1.405629915592233,-2.1686058358768214,-3.1553595879953305,-4.284266207683428,-5.6993185900025525,-6.731472499877866,-7.087440035690036,-6.693073561274449,-5.588514130382634,-4.5570423020142945,-3.7521807248600583,-3.0255471288022004,-2.458383371026744,-2.3345476028376337,-2.319518705727735,-2.631200886100828,-3.1655371161988057,-4.15052205285864,-5.184274877987212,-6.586487580137779,-55.78025010559906,-46.64211149694583,-53.73905027903981,-55.78025010559906,-50.728750322399996
-44.88515342618115,13.778184769169123,-47.895453289618345,-48.54003320052805,-1.224193949390751,-0.401435474960113,-0.0582650557824289,-1.047343084415893,-2.4919469301534134,-3.480175988635255,-3.394343036650904,-2.3042945070575223,-0.6473798660209252,0.6732127047125764,1.6289919933715755,2.2601287531538308,2.5444546497777205,2.466786911977391,1.9869738682360194,1.236926760107233,0.05670492642840425,-1.368136264672626,-2.7888474326200807,-3.573387205203557,-2.884388506889662,-1.5853283718029139,0.02348479381532572,1.2144044502498046,1.9804731205973247,2.4384861786476093,2.484508561599813,2.29248425814418,-46.95640791919211,0.6787245342763424,-0.8795320381782752,-2.5188079215302195,-4.178552702400631,-4.5797139744924396,-3.3421520552818103,-1.582065416968286,0.18228715581396618,1.3901382463675793,2.152967884758482,2.5996407006143025,2.629906157876336,2.2753999123173188,1.5144229882284885,0.25062267193244886,-1.5226649300728414,-3.9252099437857217,-6.175940530207807,-6.076978053596166,-3.795626691773484,-1.3799993550062384,0.4547512877776589,1.7330010077913636,2.52596692430815,2.9453384619693574,2.908214083772815,2.2965189921638722,1.300133388134523,-43.38129440577464,-47.204644021430255,-47.204644021430255,-46.83741569228259,-49.96670787583192,-48.54003320052805,-55.52973310874444,-51.37999947310112,-47.46793336890558,-56.498833238825014,-51.37999947310112,-43.4885332821852,-62.51943315210464,-59.50913319546483,-46.391594667312035,-51.37999947310112,-45.52973339254642,-50.214943938321895,-52.51943294938894,-59.50913319546483,-55.52973310874444,-52.51943294938894,-48.54003320052805,-49.96670787583192,-56.498833238825014,-44.457633412265764,-56.498833238825014,-48.36969980234241,-48.54003320052805,-44.88515342618115,-52.97700783247173,-50.214943938321895,-45.52973324388824,-51.37999947310112,-52.51943294938894,-59.50913319546483,-52.51943294938894,-52.97700783247173,-59.50913319546483,-55.52973310874444,-49.50913319546483,-52.51943294938894,-45.98730778911154,-62.51943315210464,-52.51943294938894,-59.50913319546483,-49.96670787583192,-48.54003298429798,-52.97700783247173,-49.96670787583192,-51.37999947310112,-49.50913319546483,-37.04937439790615,-62.51943315210464,-50.214943938321895,-48.54003298429798,-50.214943938321895,-51.37999947310112,-46.49883303610932,-52.51943294938894,-48.54003320052805,-51.37999947310112,-59.50913319546483,-55.52973310874444,-2.782793650841866,-7.369163965943613,-8.021996416555119,4.672035860615636,15.716608124819055,8.600973638977681,18.48437410484571,-47.895453289618345,-56.498833238825014,-48.36969980234241,-56.498833238825014,-45.61747264141335,-37.04937439790615,-62.51943315210464,-55.52973310874444,-62.51943315210464,-50.47823332554539,-59.50913319546483,-62.51943315210464,-56.498833238825014,-51.37999947310112,-44.19434402504227,-50.214943938321895,-48.36969980234241,-52.51943294938894,-47.895453289618345,-44.88515342618115,-59.50913319546483,-45.276674723834454,-56.498833238825014,-48.54003298429798,-47.895453289618345,-46.83741569228259,-47.204644021430255,-62.51943315210464,-52.51943294938894,-53.4885332821852,-52.51943294938894,-52.51943294938894,-55.52973310874444,-44.457633412265764,-53.4885332821852,-47.46793336890558,-49.50913319546483,-62.51943315210464,-52.97700783247173,-59.50913319546483,-50.47823332554539,-46.49883303610932,-43.225243966508415,-49.50913319546483,-52.51943294938894,-51.37999947310112,-59.50913319546483,-50.214943938321895,-62.51943315210464,-49.50913319546483,-48.54003298429798,-55.52973310874444,-52.51943294938894,-46.83741569228259,-52.51943294938894,-50.214943938321895,-48.36969980234241,-46.391594667312035,-55.52973310874444,-44.39029958567608,-51.37999947310112,-53.4885332821852,-46.49883303610932,-55.52973310874444,-52.97700783247173,-48.54003298429798,-43.9461079625523,-40.01523316697743,-39.40189480853849,-39.13486832144595,-44.39029958567608,-51.37999947310112,-48.36969980234241,-44.88515342618115,-47.895453289618345,-45.276674723834454,-48.36969980234241,-39.96670787583192,-40.875904973773665,-38.645534811175814,-42.26637435921337,-38.645534811175814,-37.46793336890558,-43.8862045231308,-37.50884087311562,-50.47823332554539,-44.39029958567608,-62.51943315210464,-48.36969980234241,-45.52973339254642,-44.39029958567608,-44.39029958567608,-46.391594667312035,-36.06521038829002,-41.65583527183553,-37.00493321033762,-39.847716149319695,-45.98730778911154,-46.391594667312035,-59.50913319546483,-46.83741569228259,-45.276674723834454,-48.54003320052805,-48.54003298429798,-49.96670787583192,-42.519433071018355,-42.97700783247173,-37.92550804927267,-41.55033343826696,-39.25607481055483,-40.37099475403241,-42.349099889062785,-51.37999947310112,-43.4885332821852,-43.38129440577464,-45.52973324388824,-42.26637435921337,-50.214943938321895,-55.52973310874444,-43.025533123617244,-51.37999947310112,-52.51943294938894,-52.97700783247173,-50.214943938321895
-40.88730752488085,13.796630566149993,-46.48038746654216,-49.490687423181974,-48.52158729310141,-45.5112873364616,-5.311837050753397,-6.863839580880505,-8.92619365488086,-11.622463648018789,-15.292368869574915,-15.204075899166883,-11.562779584038175,-8.511246181131856,-6.377345488780631,-4.955791250080349,-3.855420164014686,-3.2520515422348355,-3.0247634992003873,-3.155305679500069,-3.6761689079131314,-4.3444862298726274,-5.7281942711332245,-7.449854117989457,-9.966225854970892,-13.418658043916471,-14.815716227440133,-12.938438597639017,-9.600084461935879,-7.398058130636848,-5.775686361030271,-4.460465612838748,-52.50098737982179,-3.37954809879697,-3.402107285766935,-3.85919449897064,-4.324296011175539,-5.586618114565551,-7.1063117642757225,-9.388323881395525,-12.11907915347246,-14.849892106332485,-14.310551975658083,-11.17912693988771,-8.935948610070186,-7.001482003372584,-5.77383174725237,-4.7239213094833925,-4.321105395758504,-4.226816539273074,-4.45724143841939,-5.087186147646569,-6.019085521719055,-8.071535772609622,-9.880821708207083,-12.777616331225675,-16.238713365077384,-15.718626998060866,-12.47358291880567,-53.47008750990235,-50.19649816603905,-62.50098737982179,-43.36284915201241,-59.490687423181974,-50.19649816603905,-47.87700740083223,-55.5112873364616,-48.351253900113605,-62.50098737982179,-50.19649816603905,-14.430984439874077,-16.96458396112305,-14.530113514068233,-11.29616919125805,-8.963651491331188,-7.502989593009603,-6.309375368359019,-5.554575611604944,-5.229187240855855,-5.03077920788075,-5.617456628318697,-6.459202269345314,-7.4540228793649135,-9.188557451717323,-11.368742180054124,-13.880031493845388,-15.406591512329147,-13.338079898302006,-11.051853244767134,-9.134628847909855,-7.196326634600116,-6.266964168575473,-5.671012436191937,-5.323075924023819,-5.381860778743945,-5.960435380737938,-50.45978755326254,-7.876153698510181,-9.296180142975873,-11.524042621257431,-14.35152294861515,-15.563278221719713,-13.960965337329178,-11.83381584498048,-9.609625738831175,-8.213405127640916,-7.115338047442825,-6.631852710305191,-6.349907412972492,-6.4434021723554,-7.10859516499643,-8.049352936045155,-9.417434993324715,-11.041040794336116,-14.00298659702665,-16.65891932365948,-18.57190818677323,-17.40627375731967,-14.866707477674177,-13.195572279301231,-12.08374516305944,-11.384330686219817,-11.169911268440696,-47.87700740083223,-52.50098737982179,-2.7643481042497746,-7.3507177518837565,-8.003550631760051,4.690482074675492,15.735053947747193,8.619419521147178,18.50281939606523,-52.50098737982179,-55.5112873364616,-17.841808007486605,-13.790631814834418,-10.813892059071094,-8.685558898269692,-7.293139864797476,-6.288507812164999,-5.607117363634755,-5.25976951852239,-5.224396107855869,-5.460950016989289,-6.41866977353425,-7.653861418019103,-9.355868973611798,-11.423191531709183,-13.58215769067581,-13.749795794593307,-11.605715876101762,-8.981691208425339,-7.163241236273375,-5.718991266734454,-4.430442921851783,-3.6981348782518744,-3.2549644853976845,-3.1005965458354643,-3.078306695833903,-3.5799022033878405,-51.36155385675342,-4.819810681712455,-5.647511866246592,-6.795464740847134,-7.930953770008403,-8.500358893859154,-8.420267355466683,-7.719696278530387,-6.616858255938518,-5.380006716798274,-4.352906529488601,-3.6327815954508007,-2.917388828646482,-2.3887309098247287,-2.165744370649014,-2.1484355509414303,-2.31076780574185,-2.3990864601814725,-3.000885042377327,-3.569852917486033,-4.18988834408622,-4.986341151637875,-5.42533649388651,-5.819421452290325,-5.706553733411017,-5.083288427193191,-4.307522341741985,-49.490687423181974,-52.50098737982179,-46.48038746654216,-47.449487596622724,-52.958562285428535,-41.97020277790799,-47.18619820939924,-44.86670711867528,-46.48038746654216,-46.373148812624436,-49.490687423181974,-3.1111247807108406,-3.9306548968963555,-4.585842188090621,-4.946721248140327,-4.661723174485915,-4.126201766933978,-3.1959335983223203,-2.317523727849478,-1.5163325876785172,-0.8724712278038342,-0.3895549769712596,-0.053121445845359966,-0.033540034623573314,-0.14542762262553752,-0.5248081126311156,-1.0413296704913333,-1.9364134506655306,-2.8802835902202473,-4.140025927863225,-5.378725711065316,-5.990757465067423,-5.826186729587038,-4.918410521625241,-3.950195533944225,-2.7421812703907285,-1.76751425675798,-44.37185352293179,-0.5653648202726463,-0.3717610906165422,-0.4531558394318594,-0.7008504980138165,-1.371637873458453,-2.2231343279964473,-3.4470443341425843,-4.9427797493578165,-6.6247752257136785,-8.155777322200121,-8.745796222359493,-7.848036494994063,-6.324401414485249,-4.969195340806257,-3.595072365194313,-2.8318533032975006,-2.2492314944983867,-2.027502762763512,-1.9813743845203835,-2.231815932700904,-3.0385042521090346,-3.697734430585144,-4.9613826521143745,-6.78039576891268,-9.019633457447458,-11.633652911842606,-42.45777364199536,-51.36155385675342,-51.36155385675342,-43.808669927376975,-50.45978755326254
-43.466728852671814,13.692750324309129,-48.45513378413469,-62.60486752630369,-46.922850728270376,-51.46543431818831,-10.178807436912907,-11.138471942773304,-12.561267152196221,-13.936502381228602,-15.118568752825954,-14.020698687579232,-11.864569792668952,-9.775090873033934,-8.11928837877932,-6.7168076551080755,-5.850595010237609,-5.21539772863174,-4.7401569506091805,-4.69058594679648,-4.8576177585236815,-5.627231769254266,-6.241172186924487,-7.474930346113711,-8.606711483926556,-10.009478242814058,-10.616922433618853,-10.07527017281948,-8.866096898257664,-7.127895893523544,-5.5186107968252625,-4.363700046146773,-50.30037831252095,-2.9007943556910387,-2.623233788980724,-2.4062925134295248,-2.8416565367167217,-3.1813089755148964,-3.966157117279898,-5.399950527845265,-6.472275284205579,-8.143894075961676,-9.347863729437334,-9.532881802963031,-8.098620046365895,-6.585733733477644,-5.117925882470881,-4.047762331859442,-3.0385689550906085,-2.489661984806741,-2.188469880095811,-2.2163382586371734,-2.4683649761896453,-3.181447903602195,-3.6659795794480345,-4.9028228716798035,-6.190741400168989,-8.006210204457847,-9.291121125137177,-53.06244288684254,-46.58426802246296,-48.62546760335887,-53.06244288684254,-55.615167482943505,-45.44483440490868,-43.06244234092402,-47.980887312004434,-55.615167482943505,-53.06244288684254,-43.466728852671814,-4.847146630790626,-5.826234653010842,-7.348550944786288,-8.504573435022646,-9.86837418229466,-10.302703689530349,-9.620266983888456,-8.665870725687618,-7.542185380765432,-6.81745548854766,-5.971854679488597,-5.538022457291799,-5.340121939857003,-5.426124536560012,-5.562109243057597,-5.928498535786134,-6.593201862344985,-7.444897659491269,-8.355234891552,-9.211347230261781,-10.031682520524818,-10.27282441965121,-10.196331398272102,-10.153665987759108,-9.785221341035124,-9.15442552220618,-46.922850728270376,-8.598140990447744,-8.831640841081569,-8.86169216192882,-8.90638460425455,-9.361939790763866,-9.887659544719469,-10.37640270687252,-10.739033016409747,-11.181818195103583,-11.644636226489617,-12.104435740008928,-12.717048831692722,-13.296395498348964,-13.78794008959517,-14.32955957438561,-14.92263171827415,-16.636588233629944,-17.006638863654754,-18.520771725738513,-20.008928540156823,-21.600817697337583,-22.357959083132,-22.256979332458833,-22.457562302799193,-22.20280135879475,-22.25417444554315,-44.47573395987513,-52.60486793574258,-2.868227946893427,-7.454597891350396,-8.107430601689366,4.5866019352088525,15.631173921845248,8.51553883210791,18.398939680872687,-55.615167482943505,-56.58426761302407,-15.49439121701026,-13.768253390779977,-11.795970356751113,-9.852283864796165,-8.755243432592373,-7.54923037427781,-6.56683304665413,-5.976298231775794,-5.570577699532011,-5.61106079192789,-5.5852181971334875,-5.856173408591268,-6.203214810659565,-6.422963417993353,-6.31564724900074,-6.223071051240224,-5.743574441499256,-5.126556060359874,-4.418881053217469,-3.8608321465321076,-3.272399533616816,-2.8626257021151003,-2.6318559939496,-2.5090458589956546,-2.430618629665147,-2.4629480841856077,-51.46543431818831,-2.735386487891345,-3.110474827389135,-3.1160598423454666,-3.22688111354073,-3.169645215206283,-3.2498704907137634,-3.0798005210678743,-2.8813391856372528,-2.554221447678271,-2.4257483539599423,-2.130930993189077,-1.9054570704139056,-1.725049016469204,-1.4503799220855385,-1.5580235065839918,-1.3665176842608724,-1.4794042715890083,-1.3690165194482073,-1.598718944636294,-1.6218334586569358,-1.8963279670333602,-1.9809131697957025,-2.215861365255191,-2.276778868338652,-2.1612381539809733,-2.011377079114049,-41.46543368828234,-46.922850728270376,-50.052142930202734,-51.46543431818831,-53.06244288684254,-46.47702879266777,-52.60486793574258,-43.310678124652924,-55.615167482943505,-46.07274284348235,-45.615167674014984,-1.7091756837630048,-2.0376745030889913,-2.4724743792125317,-2.59638978267576,-2.8172940801110506,-2.7112862625775973,-2.395403100940188,-1.9614258025774556,-1.5709355907839317,-1.2139357723077935,-0.9776228280679455,-0.8194488919374044,-0.8416940698459394,-1.0259469316223742,-1.2616871790997535,-1.9925673364394882,-2.4742318320221486,-3.295413233833733,-3.727766569604778,-4.38420716191483,-4.659150584872288,-4.581420425010866,-4.536964760164241,-3.9580247435315625,-3.568271044530944,-3.3022562574699537,-41.46543398223845,-3.018788922158043,-3.1881387606321345,-3.32988084921391,-4.0103017695365315,-4.494609683080137,-5.469878148151096,-6.594561681804567,-7.443375992036808,-8.610726378988241,-9.356900370437199,-9.695355182101883,-9.415890633079337,-9.052096341152975,-8.489444674986439,-8.309735012216423,-7.937303446689566,-7.8283741476209245,-7.900115551663646,-8.321364787332847,-8.749162384371576,-9.51024780868991,-10.319709164666344,-11.583516080575,-12.90502728665796,-14.507318210747906,-15.961362717584214,-59.59456756966388,-62.60486752630369,-62.60486752630369,-62.60486752630369,-62.60486752630369
-46.00607068178266,13.759422132338177,-52.5381958195361,-62.5381958195361,-48.38846233982792,-55.54849577617591,-10.637765519534007,-11.727244397348034,-13.412255737535341,-14.875183049763045,-14.834315770951516,-13.050497140936692,-10.689862542252712,-8.765242551879744,-7.318124654236576,-6.304276073768723,-5.5841318280812215,-5.142329770732799,-5.083442643020215,-5.356028421823931,-5.882217099724483,-6.911163926539733,-8.133434519978355,-9.544430306538557,-10.766728593924288,-11.090928541532248,-9.834062835876333,-8.199505704662494,-6.4633775457074485,-5.051897525581042,-4.1405504077803466,-3.3879297208629873,-56.517595906256474,-2.8275491073706815,-3.1452802550939065,-3.583528522212432,-4.385274928296003,-5.499575298201855,-7.004014172642355,-8.733405729644545,-9.65729171022632,-9.178865156974092,-7.791124478427113,-6.068965684338277,-4.6912668640272805,-3.5928198024418627,-2.9086289532343774,-2.4071090834489333,-2.184358450055803,-2.5263643861488028,-3.00750322198287,-3.7884344465378583,-5.015237164460576,-6.619350341497052,-8.15157034866592,-9.521473044476943,-9.652819803349617,-8.596727081575988,-6.901379878199997,-48.38846233982792,-48.38846233982792,-46.517595906256474,-62.5381958195361,-53.50729594961666,-51.39876229646773,-55.54849577617591,-59.52789586289629,-59.52789586289629,-46.41035725233874,-51.39876229646773,-9.77796902706328,-10.143298714065285,-9.417904044079538,-8.02473771670379,-7.070339007248663,-6.112709850799235,-5.452245001925778,-5.039279624366227,-4.90772100768374,-4.964949375084821,-5.354690510265806,-6.0998408789304035,-6.847723801425939,-7.880294015719117,-8.902884426782233,-9.811195472854127,-10.389624601440616,-10.349428481117931,-9.629728355372883,-9.146763148555198,-8.228903389501957,-7.872114298985443,-7.663390249080129,-7.453154351859265,-7.5699366414239595,-7.970877379500729,-52.5381958195361,-8.892516742983926,-9.34980250803744,-9.993536544321612,-10.745148790762492,-10.978856593134736,-11.285791046987697,-11.553385225324659,-11.677659814207832,-12.145641628042531,-12.238436023027532,-12.53038557920447,-12.960734754429655,-13.424701591340778,-13.966197913195646,-14.829528599067444,-15.197802628747318,-15.302900453987192,-16.10524886551278,-16.469010658491246,-16.935661449055157,-17.45141746670611,-18.02079189058905,-19.304024461707435,-20.246755149690493,-22.294981295672613,-24.470293103695433,-49.98547076850304,-59.52789586289629,-2.80155625854835,-7.387926693597963,-8.04075903419988,4.653273132961283,15.697845745355748,8.582210900723211,18.465611329093004,-62.5381958195361,-56.517595906256474,-10.497403520707776,-10.32457515869453,-10.589834329818487,-10.770224465116232,-11.396190565479849,-11.46416259791832,-10.962027061045072,-9.727998545799476,-8.552320886567609,-7.107839009506457,-5.939138149757558,-5.074937207087334,-4.451711601846209,-4.0372928197495,-3.699169053143332,-3.8516276794310715,-4.026071262469441,-4.31843813161375,-4.589657162592383,-4.974664844702694,-4.926791677055516,-4.798540682784889,-4.553450614592122,-4.156123266085291,-3.6151789075330654,-3.2918268076066752,-50.49699599297685,-2.579510556629936,-2.4140084016165795,-2.2669309703788314,-2.3107579653700934,-2.3180631805456753,-2.4277892634977363,-2.5509133922996345,-2.686446704467713,-2.8700928618139283,-2.953722584701581,-2.921493562592344,-2.867136094405238,-2.709457543304766,-2.5320463574759193,-2.3739721267493112,-2.1250190884609723,-1.8270010435752824,-1.6118980055776253,-1.4831313566554378,-1.2842354881526163,-1.3781355548861993,-1.2694041510121166,-1.3820740929522601,-1.5149566217505896,-1.7281741216576318,-1.9501409173389201,-55.54849577617591,-62.5381958195361,-43.24400678546429,-51.39876229646773,-47.22340664911354,-45.54849615539682,-55.54849577617591,-52.5381958195361,-55.54849577617591,-56.517595906256474,-42.995770454270776,-0.7911997034943212,-1.0462232386782746,-1.4192222887961075,-1.7964043375434249,-2.3457284651841186,-2.830428366281578,-3.0636918606875168,-3.2190932253276587,-2.984936437774522,-2.667533659852897,-2.1306461425400505,-1.7219400680583974,-1.431877884495295,-1.2340701644140863,-1.1898930693704437,-1.290102993562684,-1.599229257928816,-2.0995610741493174,-2.6523565065013317,-3.466781576332072,-4.202587697800167,-4.8739116017530755,-5.25215034361633,-5.2810065672784585,-5.006679532876612,-4.482915498040565,-44.213106692473744,-3.6830230181224346,-3.71694835526742,-3.5337323827466816,-3.7685798350899695,-4.09326877783707,-4.753463503941281,-5.685491272233158,-6.533596677164893,-7.776693258477632,-8.998764304747162,-9.91736527163632,-10.306223011969555,-10.19796071703713,-9.82180059893203,-9.31589969899025,-8.564897686078943,-8.526034497981922,-8.22557188373729,-8.369628086519494,-8.815779337345077,-9.289241942962665,-10.037266162039185,-11.20433955509898,-12.452790377726014,-14.066789790447432,-15.877791880495526,-55.54849577617591,-46.41035725233874,-55.54849577617591,-55.54849577617591,-55.54849577617591
-43.164531721986265,13.838897072326015,-44.82444104349981,-52.45872097912918,-62.45872097912918,-55.469020935768995,-10.522077116144358,-11.6368650982467,-13.231206815868015,-14.611407347493854,-15.162781120395685,-13.745502294294115,-11.407026611830528,-9.518116795207442,-7.918432840821806,-6.825274680628972,-5.81793582224524,-5.276819478656885,-5.190104445497333,-5.359918059171651,-5.668578042620594,-6.31892944643933,-7.231345400463411,-8.66124324665519,-10.046245434211972,-10.92627509325787,-10.766856930098749,-9.593752299924224,-7.772929041472407,-6.3590968474054925,-5.13069165251201,-3.9969768667717704,-45.55676017884405,-3.06446707612435,-3.1143169116656315,-3.169337489371386,-3.6216012420223564,-4.4491523791244045,-5.593314858354908,-7.048498222152072,-8.640425257173682,-9.460772648869519,-9.273809246115949,-7.976343371988342,-6.65009839256431,-5.264637467557339,-4.081019182712707,-3.1502492512451745,-2.5473731122760586,-2.596200695781374,-2.4751292994150993,-2.8824324505629058,-3.544327579282125,-4.800307143652719,-5.9966347992416065,-7.562440129779162,-9.127615343950673,-9.856456500693907,-9.21595835772494,-13.42458321571333,-49.44842102248938,-46.438121065849565,-52.45872097912918,-44.82444104349981,-59.44842102248938,-46.89569597145631,-45.469020935768995,-49.905995928096125,-49.44842102248938,-46.330882411931825,-7.563636007004813,-8.884385297937737,-9.84644936558415,-10.087910185266358,-9.518801161139534,-8.816119574588194,-7.622776479003827,-6.663800127040444,-6.04254257606712,-5.371750761343311,-5.42301316087709,-5.589338941811057,-5.688987947058805,-6.206214025728949,-6.9443917748995485,-8.038864806189297,-8.994800003016001,-9.95430134846891,-10.169279485363333,-10.492814606799465,-10.07713040607092,-9.550075648057444,-9.430370588393133,-8.659323516780267,-8.273769205169433,-8.387991512067769,-50.15423176534645,-8.642444896489991,-8.7397338973274,-9.085127145233203,-9.915657830369204,-10.04771614718851,-10.631493871783736,-11.271147766018448,-11.499777894156118,-12.19420525223066,-12.618220914069747,-13.033035702849086,-13.19895131827295,-13.571199053778267,-14.100230405797987,-15.289927069627305,-16.082622662311746,-16.728959843527768,-17.716412633409668,-18.47932082455604,-19.0147981305439,-18.860745619292622,-18.992649075274095,-19.437577313984058,-19.623447002446255,-20.674131665148884,-21.677053813150742,-52.91629588473594,-59.44842102248938,-2.7220819039481343,-7.308451597652345,-7.9612840056723755,4.732748228906902,15.777320424388437,8.661685209281805,18.545085996112125,-46.77670373845923,-62.45872097912918,-13.473169395308496,-13.942163389979944,-14.030133335559526,-13.187893063145042,-11.97395347585635,-10.442974494238083,-8.771149036916547,-7.396039223903591,-6.4356027280716,-5.590749911723629,-5.093720381544758,-4.821948134034534,-4.776270147972101,-4.930825383558571,-5.076299632532636,-5.450074872322296,-5.693019551187989,-5.8462367780995805,-5.60924442747051,-5.313034188837439,-4.777099852845132,-4.266618812474235,-3.8354751789843444,-3.2422726497928647,-2.9091117504868995,-2.8155209736223425,-49.44842102248938,-2.6324770634260766,-2.6121788099121312,-2.693258734055712,-2.965479549148821,-2.9961197403710917,-3.09979556173258,-3.264399259926198,-3.285262510798744,-3.2958138855335872,-3.182225386408324,-2.9976187121518274,-2.7303632530445956,-2.480385199323185,-2.2652771068434063,-2.110973006198092,-1.8311717029626575,-1.7139467867019864,-1.6232467413316485,-1.5996635635694156,-1.6233616302075649,-1.6931537573674407,-1.7800559154768159,-1.9921152411027405,-2.138689278930238,-2.3638676237876592,-2.456636930492923,-44.82444104349981,-59.44842102248938,-62.45872097912918,-55.469020935768995,-47.83474100013962,-47.83474100013962,-48.47932089240881,-46.77670373845923,-52.45872097912918,-39.27808762950157,-43.42782110920975,-1.4051149592472898,-1.7486102022853909,-2.1927632086449953,-2.6073093376804795,-3.010889940938928,-3.1792204005157183,-3.037707256752324,-2.863951984893096,-2.486093864826813,-2.154079718219479,-1.6517274914680191,-1.3348363796848228,-1.2796306032751534,-1.305235617230386,-1.4084858573816572,-1.7051128119235055,-2.159443579979234,-2.8779534936182345,-3.5326773989629423,-4.304511138126973,-4.961195559186777,-5.203647676211501,-5.155097943824117,-4.888026542994694,-4.553209075864044,-4.003176793880171,-48.30898749942101,-3.5404201912384647,-3.706227067057096,-3.7371468112919164,-4.02302352371438,-4.656203305622084,-5.406928590677696,-6.30219758679452,-7.345449871571241,-8.37250574205458,-9.39386997540228,-9.810117648195488,-10.122770312028583,-9.768333694702827,-9.363611343924331,-8.928411249669368,-8.451528649753552,-8.428391484687625,-8.165139005621679,-8.506890325127003,-8.901333435070931,-9.632545056499286,-10.448848428002197,-11.626562295875075,-12.907425788242492,-14.62332978764386,-15.873455653933808,-43.320582455292026,-51.31928745606082,-45.469020935768995,-47.40722119593013,-59.44842102248938
-44.12112245827914,13.851406362395263,-55.456511541981314,-59.43591162870169,-55.456511541981314,-55.456511541981314,-11.073525249757452,-12.32628066317545,-13.574034473051919,-14.986957749993966,-14.608247402256387,-12.637273771406758,-10.668048074896742,-8.879128553741017,-7.460349344790237,-6.386850718334634,-5.770822730824677,-5.520165850540868,-5.484325635284424,-5.832780361974993,-6.571874698219718,-7.715416557178943,-8.96579288080272,-10.311963485521892,-11.065174544581893,-10.863250167595302,-9.165985046143314,-7.522016193088775,-6.056399708215409,-4.881722166628142,-3.9921238028271695,-3.531321926854287,-52.90378649094826,-3.3843429027735947,-3.6577781543789363,-4.392881872928519,-5.599149039037589,-6.906593071368023,-8.302144069711465,-9.67266375782794,-9.51937656082116,-8.351546620977587,-6.609237210999793,-5.2383857242938,-4.000439936286156,-3.162903870455665,-2.741083134518554,-2.6062164557984877,-2.783043435385589,-3.1615053729724654,-4.136189157174645,-5.289511837642635,-6.687812348792164,-8.433515914536075,-9.465172617399988,-9.575857224576305,-8.386382555517692,-7.0073928205414004,-5.614119542993672,-48.46681149862113,-48.46681149862113,-53.41531171542207,-50.141722371558764,-51.306778062273125,-50.40501175878226,-55.456511541981314,-48.46681149862113,-48.46681149862113,-46.425611672061876,-47.82223160635194,-10.103646625568395,-9.116981881696312,-7.859334820672124,-6.825829885272353,-5.913005608108085,-5.333387977154893,-5.061894739518671,-4.966092420945482,-5.2690741377822885,-5.843136001901269,-6.449017741943508,-7.469701112668576,-8.735810386133432,-9.714508559406745,-10.396523767643224,-10.169092116055669,-9.924237336465925,-9.034142260794045,-8.667323673999682,-8.044427875064367,-7.565303689466431,-7.428035848006173,-7.379970908947607,-7.799751788345874,-8.243715481084331,-8.650092633481087,-55.456511541981314,-9.823576201455156,-10.531561953623429,-11.003770941885936,-11.119772964706428,-11.515568400598674,-11.615128305121678,-11.588526997785774,-11.886124699120542,-11.705657527922913,-12.012588927181778,-12.431470692146666,-12.91722191605609,-13.392301041898008,-13.967401347472396,-14.192145033831341,-14.596902230600886,-15.078423292607848,-15.678909849623357,-15.952668273090273,-16.787143582691783,-18.107393597925284,-19.561706915252117,-21.338631874115602,-24.130073122300992,-26.57471656535173,-32.44621126371912,-50.141722371558764,-53.41531171542207,-2.7095725933039807,-7.295942166588532,-7.9487749927815985,4.745257659970717,15.789830033570617,8.674195205314314,18.5575955897098,-48.46681149862113,-52.90378649094826,-10.51268328044513,-9.795532104524868,-9.363129373063456,-9.32213165636247,-9.353956968022745,-9.699092615430715,-10.125683443491933,-10.125301511864118,-9.823789700358216,-8.964779375546621,-7.758117204782345,-6.632256561424919,-5.757462399114598,-4.841345919667976,-4.272455440781026,-3.858121583561775,-3.8418672751413165,-3.7159136624868156,-4.002900368505741,-4.2232488993038615,-4.54155818597019,-4.751102030220001,-4.745692539870806,-4.818488899377196,-4.504225082024982,-4.147746908001242,-62.4462115853415,-3.27989334644895,-2.9862062616475296,-2.7581097362202756,-2.5097993120379374,-2.527021152537549,-2.4821590664571995,-2.476452217588928,-2.5904517918388406,-2.667842068195995,-2.7672468773510954,-2.911586587150798,-3.011019305488634,-3.0169831901007345,-3.0355073365862846,-2.796863400118499,-2.6789621163355513,-2.480394666781479,-2.294270377447595,-2.0099447458888524,-1.6614912457258166,-1.6506190086586034,-1.500102777507889,-1.448007257636499,-1.5531633184457785,-1.583888109127685,-1.7290109315709015,-43.415311715422064,-49.43591162870169,-52.4462115853415,-48.46681149862113,-55.456511541981314,-46.31837301814414,-62.4462115853415,-50.40501175878226,-51.306778062273125,-56.425611672061876,-48.46681149862113,-0.9816006417081447,-1.083773037354772,-1.2349878623184976,-1.6258583571323144,-2.0378747100771815,-2.56803004136863,-3.118121546533331,-3.4227334838880727,-3.543114115996851,-3.222564637090117,-2.960976786025729,-2.541002607780507,-2.0421467566484,-1.7086581185363834,-1.5607365310411385,-1.5029505603994495,-1.7391703434298489,-2.010525590223308,-2.6034185852825824,-3.28815181778232,-4.040070217188699,-4.727545198783123,-5.386035796143735,-5.57004773028368,-5.492016870216817,-5.340358613736074,-41.07900548338252,-4.447673491911236,-4.072221639520588,-3.904214375075805,-4.111062406308364,-4.4041631015662555,-4.863202642248879,-5.610176839788444,-6.471870372261873,-7.634007508625652,-8.768739767903927,-9.989012368690153,-10.297534765894845,-10.51148691609022,-10.202953063145488,-9.683961196875089,-9.29802042989782,-8.759810098869451,-8.715159610119477,-8.77628860388401,-9.071019895055677,-9.55601048518072,-10.136590429488315,-11.133297571543784,-12.40807473881822,-14.14713030706777,-15.79706627002242,-50.40501175878226,-52.4462115853415,-53.41531171542207,-45.203452889333605,-55.456511541981314
-43.03901535297777,13.764702454083533,-53.50201554950746,-49.98019036839384,-46.85089817875695,-62.5329154194269,-7.922614851284825,-8.439231853051709,-9.384093725291164,-10.243114518434876,-11.349011284251977,-11.630441171480063,-11.056151787428394,-9.853200522212909,-8.442837877038281,-7.21544493179505,-6.133301730274271,-5.405467416375603,-4.999099777238036,-4.794078526324551,-4.864171238715323,-5.13314346381673,-5.629377210510315,-6.431372664865176,-7.394030379401934,-8.48495472361296,-9.055245098478213,-9.08096288703363,-8.157740401189022,-7.121705513134699,-6.005328748419872,-4.802002082206499,-43.899686818222335,-3.46988319362949,-3.353782253366624,-3.264348379266008,-3.4187290856570134,-3.9145495100252354,-4.816717412514028,-5.682308929613081,-6.973305708466425,-7.814646327919892,-8.300636862107476,-7.937829838908815,-7.107150832657274,-5.993798505878916,-4.935535055110178,-4.037492616420076,-3.378178360546176,-3.304831039835205,-3.017627005988899,-3.2749021325997947,-3.7921234859649595,-4.6679208645833805,-5.550474011044532,-6.80677786536533,-7.940136499181454,-8.552247393227674,-8.554557615570092,-50.491715592867656,-59.52261546278709,-59.52261546278709,-47.21812624900436,-47.481415636227844,-51.39348189635854,-52.990490325033655,-52.990490325033655,-53.50201554950746,-53.50201554950746,-52.5329154194269,-7.393485151735133,-8.341209078801098,-8.851292943905877,-8.942058420600855,-9.080649071331209,-8.662489269310198,-8.000221397913501,-7.481307432997233,-6.875192586065113,-6.3655039774673465,-6.358843490963658,-6.553222819448171,-6.534150399920437,-6.873092128340023,-7.391769745630777,-8.159453508186482,-8.79414482520678,-9.207399742661357,-9.23088863151933,-9.660812230697532,-9.378733548381415,-9.358864034594319,-9.523832008221829,-9.181125412668848,-8.934769389556587,-9.215869393833358,-48.553515332706525,-9.463156546984434,-9.418916091077607,-9.569225698001617,-9.916647620262252,-9.772964591542156,-9.990964541101517,-10.351500850064712,-10.593381135882323,-11.266634107655367,-11.836789511292148,-12.534218385533652,-13.094163015227974,-13.969131037097075,-15.101189606322613,-16.568594338802487,-17.40473818170001,-16.81233570276267,-17.00355811613444,-16.599501028908765,-16.290094825528623,-16.14672534166321,-16.00301042029464,-16.50147172913938,-17.37603107745576,-18.77957220208848,-20.3166865848498,-59.52261546278709,-52.5329154194269,-2.7962758758954553,-7.382645903527853,-8.035478769262442,4.658553923031396,15.703125849524183,8.587491488723536,18.470891865809417,-52.990490325033655,-59.52261546278709,-12.135443948554972,-12.340713444443542,-12.445466333225916,-12.09563912894347,-11.43412769829595,-10.152454518954803,-8.697185342484726,-7.605520834330489,-6.387813664300923,-5.734241110034164,-5.166201935522444,-4.807754706405467,-4.537787105213351,-4.492032349810483,-4.550878680962906,-4.8590859732591145,-5.0076296266365,-5.038821864965425,-4.8252128471580304,-4.816217567109034,-4.370071312752681,-4.1263037766195225,-3.8731157310814845,-3.465423467182731,-3.3055932434841537,-3.1293394094207514,-47.90893544043734,-2.907062791618524,-2.8509400106557594,-2.667840613862066,-2.7585831209179834,-2.578143324696931,-2.6359036329675885,-2.6214481876613664,-2.670910490572263,-2.730313063931912,-2.892559679629722,-2.8808418817539465,-2.8299810991397303,-2.755670270768895,-2.66609396724862,-2.6648308109891863,-2.3584998279135356,-2.13361715444988,-1.8701336326149776,-1.716198812830032,-1.4781235949332603,-1.4581533618229487,-1.3288543262902288,-1.4728843709954889,-1.6490557995216393,-1.9011061641961944,-2.10573502878018,-50.22842620564417,-46.512315506147274,-47.90893544043734,-49.52261546278709,-47.21812624900436,-49.52261546278709,-43.84059796604252,-59.52261546278709,-55.54321537606671,-48.553515332706525,-55.54321537606671,-1.0892908292737764,-1.2816013021017088,-1.692123962222998,-2.008307866981929,-2.449256417458905,-2.666662441535466,-2.7055728656776905,-2.748261301088001,-2.5663890193401113,-2.434048929829867,-2.0290212900485036,-1.7604540179993657,-1.5949421567493418,-1.5378595201198262,-1.591475837869361,-1.717206717424065,-2.020305453789428,-2.4174139973449247,-2.846171812768359,-3.3822428985869513,-3.7928716070488693,-4.12116067977288,-4.325877326958093,-4.340569750384184,-4.401904641391724,-4.013700412320268,-40.02871559404565,-4.089858813992451,-4.112567460113233,-4.110356428034612,-4.314865963774238,-4.569878643031543,-5.07844334732566,-5.502367305263146,-6.055761125183794,-6.494880925076741,-7.088662865891912,-7.4704497306473865,-7.972521078935838,-8.439333607921121,-8.65259647917356,-8.652862798558024,-8.697185300938154,-8.828950697015811,-8.498604501773595,-8.366493616049594,-8.221047163131196,-8.423035707184173,-8.432334204731495,-8.79921581388235,-9.381444011538122,-10.110060733688485,-11.1064874594818,-45.37288198307891,-47.90893544043734,-59.52261546278709,-50.22842620564417,-49.52261546278709
-43.15088928228869,13.852539526100651,-59.43477865372867,-51.3056452419061,-59.43477865372867,-55.45537856700829,-7.513678047446307,-8.137605999610642,-9.144818933471772,-10.220801737375336,-11.534144987941485,-11.838666828546698,-11.078475498384465,-9.649504210920147,-8.230536464110385,-7.047281873371771,-5.912248987413543,-5.248311113644586,-4.937241760828157,-4.82149695098024,-5.088035891637911,-5.496070792720084,-6.088381879281709,-7.215813305144242,-8.180145091229852,-9.056272290858963,-9.305457495216313,-8.690545831673926,-7.419687545559954,-6.2564323963483215,-5.225834919459754,-4.306221151197854,-49.89235378265518,-3.4401182741076797,-3.5755264601374344,-3.815010334424259,-4.263664386822869,-5.141091552656556,-6.290533662826818,-7.447974274270662,-8.388661466791698,-8.298068888498317,-7.720673565857627,-6.587753576139711,-5.664258120028665,-4.667201117279266,-3.949158796789921,-3.507183689757171,-3.203113224785504,-3.652737649730761,-3.8261696468537645,-4.514036963560777,-5.446042339400505,-6.666565709978666,-8.02578785692269,-8.768072187023769,-8.992812193500669,-8.111765668459746,-7.074586169898404,-44.81079846682072,-52.90265373929499,-52.90265373929499,-47.39357882716942,-49.43477865372867,-55.45537856700829,-48.295345001821985,-53.414178740449046,-52.445078811356254,-62.44507861036848,-62.44507861036848,-9.595990812682713,-9.550169822137777,-8.822327560408748,-8.14739464162028,-7.624350241037985,-7.311623558110507,-6.927651967602043,-6.682287273302705,-6.728036967766846,-6.700205312202428,-7.201896681848127,-7.76893837564786,-8.03767196523364,-8.482439540106828,-8.987401808626858,-9.850812318212762,-10.125288574504951,-10.185966719552246,-9.66330675785619,-9.757614761696985,-9.264173610411138,-9.128214544443779,-9.256101574527587,-8.886025723984277,-8.69796172671376,-8.972071600998804,-47.39357882716942,-9.28848158842786,-9.324786727646048,-9.697498224612302,-10.531127695175487,-10.779327097807506,-11.392395902260187,-12.583096010855655,-13.001584661225309,-14.210792661876479,-14.360268239261638,-14.355950163692434,-13.563676820523476,-13.234199501396018,-12.683413656694679,-12.69347260095934,-12.624492819668635,-12.641363116578365,-13.406693351912274,-14.265856991577701,-15.662353985992315,-17.694181018301517,-19.932834795775328,-23.441953597968702,-30.233545261983114,-32.64959454730902,-26.161189339816488,-48.295345001821985,-52.445078811356254,-2.70843942624166,-7.294809346622994,-7.94764218193996,4.746390479936252,15.79096246563822,8.675328186375598,18.558728248020486,-59.43477865372867,-56.42447869708886,-9.715876433077417,-8.90858923259448,-8.560336624875015,-8.291438106097099,-8.526609694844163,-8.801444729729539,-9.191461844817502,-9.423393213693213,-9.325676084045345,-8.74253932991352,-7.796831006032762,-6.777911375009552,-5.8354282829810264,-4.965603119100781,-4.260938825705765,-4.03170286850492,-3.7615913932442306,-3.8183990339155667,-3.7026730950940188,-3.9089236931749873,-4.02833076659191,-4.165928383251648,-4.3531326414434695,-4.23518057260315,-4.0784831949518985,-4.037364411603263,-46.76306158698261,-3.6593038362006287,-3.4868494652553235,-3.2505948016138273,-3.18059960865626,-2.9294256036412456,-2.8168174494871345,-2.6967391394830678,-2.5272156944335307,-2.447815584606684,-2.52562236374664,-2.562236399347184,-2.5935591399272595,-2.6905908070461235,-2.779395285710656,-3.1213909546535206,-3.1584066281566887,-3.109472126973075,-3.0862792473977385,-2.8498515750164537,-2.523097011466425,-2.225284243275682,-1.9055668894180684,-1.6543918135815532,-1.455887940664793,-1.427590831504063,-1.4761141735165684,-48.46567860404321,-47.39357882716942,-45.54311752295796,-46.31723996146878,-46.76306158698261,-52.90265373929499,-49.43477865372867,-47.821098515868705,-49.89235378265518,-43.15088928228869,-48.295345001821985,-1.367550503334058,-1.1752948502437874,-1.3136033904724018,-1.4243898515085514,-1.8327674015334945,-2.171868193503438,-2.5937209266924004,-2.9894375445057615,-3.2162625800379665,-3.4963817670190602,-3.29694144932714,-3.0525573246681006,-2.8448919097105523,-2.528831550018946,-2.200497203189461,-2.1525198204145877,-2.0199494170186973,-2.313671500224736,-2.5779477294168824,-2.9406416294495186,-3.33680255283125,-3.8356108339880763,-4.25371470539492,-4.673297965837689,-4.887785756787302,-4.918756405622907,-43.15088928228869,-4.96409046549981,-5.045591332849027,-4.890164308013621,-4.908504909254356,-4.940596481255223,-5.07247599017476,-5.28704966195165,-5.54239956309984,-5.88131713543376,-6.382877497235297,-6.901047017476572,-7.644175269557439,-8.206576894187021,-8.870513857275142,-9.253746968892445,-9.290308549685554,-9.666580478806248,-9.174964790504879,-8.693565751499753,-8.136011296231224,-7.8864624966206875,-7.727556612286221,-7.785394033203365,-8.273850502675282,-8.966706809585647,-9.957379091064844,-46.882053826015365,-48.295345001821985,-49.89235378265518,-50.40387878380923,-56.42447869708886
-48.01692511130615,14.13095948612893,-49.61393319893239,-42.87246927779651,-47.115158683041294,-44.31336004167739,-5.3232954303732125,-5.679312132260389,-6.656491586603438,-7.874482788808384,-9.794389026126256,-12.189257148796486,-13.724497101210758,-13.010708092875587,-10.674590439978953,-8.467082569490444,-6.563813345261255,-5.214075192538545,-4.456747719071786,-3.7624798259564027,-3.5068939092302864,-3.712589329137461,-3.9190690565550113,-4.7116477398187335,-5.684961863400126,-7.285863311722622,-9.083042436773292,-11.181951492764188,-12.02901972391418,-10.973307713157523,-8.931414795113328,-6.774793182490568,-44.03752482993837,-4.153986537975385,-3.6140055913881373,-3.074651127292993,-3.0102489851743934,-3.0752398026760686,-3.598590402423368,-4.628775708400729,-5.647678634293836,-7.286004294111704,-9.296169757550587,-11.246860227232222,-11.943818503423413,-10.714414517978907,-8.592932583826258,-6.982664095475304,-5.426024090260034,-4.662554324669531,-3.8910983537533355,-3.584114470043855,-3.602777378361159,-3.917431478757008,-4.519391713866547,-5.461880877366392,-6.757747878908349,-8.59232250452527,-10.939782584360106,-47.542678599117124,-49.86216925245762,-46.60363324229258,-59.156358509600544,-56.14605855296073,-52.624233155572206,-48.01692511130615,-55.17695842288017,-59.156358509600544,-59.156358509600544,-44.53237841874465,-6.680688615912562,-7.726069850136037,-9.28072370742454,-11.331560617515734,-13.928983144193891,-16.704070823590783,-17.333210727258617,-15.490914731144581,-12.963546238955887,-10.712798689603634,-9.495645477833408,-8.525089951004205,-7.878429011283933,-7.6501137706864455,-7.586024288391019,-8.218273214568605,-8.685070728809347,-9.859487559782368,-11.134781143431404,-13.199137132275677,-16.059950754378363,-19.47620160838133,-22.097294354688685,-19.311085496783498,-15.968944872360174,-13.97747465710859,-49.156358509600544,-11.05668944125127,-10.343967563165766,-9.908347112243254,-10.105472827582096,-10.220044537816177,-10.90518215981675,-12.310328339499186,-14.058622494273944,-16.316001428995936,-20.28637798059218,-26.679080086975727,-35.282460421715015,-22.990028415661193,-18.534112156022367,-16.48698896042937,-14.773388053654683,-13.762962689060652,-13.507036331519476,-13.548567232713363,-14.136664607253106,-14.869666148359084,-16.180722623038406,-18.34702862443979,-21.384991431600234,-26.041998711576994,-30.56797992930968,-56.14605855296073,-55.17695842288017,-2.4300192502183906,-7.016389192089992,-7.669221480058516,5.024810634469255,16.069382974966192,8.953747887571788,18.83714855949175,-14.243511398211837,-49.86216925245762,-10.719671533591912,-11.234543439236893,-12.455524167562924,-13.675537066624457,-14.555050948051258,-14.191974637260936,-12.308981870560734,-10.166201145356538,-8.28342549528453,-6.72234390398066,-5.553056245893677,-4.707046506498484,-4.089435082843553,-3.858431053563672,-3.7394368157323736,-4.099155597871625,-4.375739391963693,-4.983884107146547,-5.520905864224902,-6.222290687809591,-6.60389877714373,-6.664155016266344,-6.605938325198282,-5.87480595712722,-5.155669301216696,-4.446868698424362,-43.53342983837177,-3.337123434154288,-3.083684967660397,-2.7025191893638167,-2.7189456158664167,-2.6213290870779233,-2.89895485734105,-3.1670861379990987,-3.61552706799692,-4.030841952525618,-4.621997712315519,-4.990286362967783,-5.187838114274906,-5.231032996106063,-5.038208962446175,-4.731207695942898,-4.086352751208215,-3.5154530549230314,-2.8604637218090962,-2.56335893618483,-2.1694215594858375,-2.036110921128852,-2.0352640347740962,-2.319360758346633,-2.595467669345814,-3.0914158901887703,-3.658028212627844,-45.63453311221202,-49.61393319893239,-56.14605855296073,-52.16665827159295,-55.17695842288017,-47.542678599117124,-46.60363324229258,-44.10485872640148,-47.115158683041294,-51.02722479344321,-47.115158683041294,-1.8774175976597642,-2.1087036094472595,-2.7304030013192064,-3.363531518873002,-4.262891946021573,-5.203916022900305,-5.873500389956306,-6.3667088033760955,-6.159662499530947,-5.725336269562211,-4.924645502316806,-4.121985735575077,-3.5957345571517543,-3.045277885898907,-2.755595965440571,-2.9498771821262593,-2.931058079442481,-3.4528322589095426,-3.8939351952340666,-4.688246024668247,-5.585427503769347,-6.486402107997798,-7.323033361561589,-7.913517520470092,-8.056171257786517,-7.5516431409026294,-48.18725830166101,-6.5241413385048395,-6.097419505632269,-5.647020161722408,-5.411056472547193,-5.359315799024134,-5.4846635639122,-5.7585360597556825,-6.246557339673714,-6.818265267273249,-7.865762953034365,-8.703050689895209,-9.970996537842975,-11.195994987340379,-11.758657733714848,-11.852735400196195,-11.048322770021406,-10.039031041972121,-8.755677833551198,-7.830096248823687,-7.087115344293725,-6.673559936991832,-6.49384160106249,-6.72774047588354,-7.1224934352029585,-8.04196896710427,-9.277194254368212,-44.53237841874465,-49.86216925245762,-46.60363324229258,-53.13575859632092,-49.86216925245762
-43.29391779334522,13.461274954236895,-45.6763095232703,-49.82604316470808,-50.53185390756515,-51.69690943654992,-8.934961243341416,-9.200035681007002,-8.61422172647249,-7.1367434363672055,-5.831901962690912,-4.609792573273981,-3.369924469165127,-2.6285178585098286,-2.0036897709714587,-1.7669989599657574,-1.8029828844096507,-2.1044220815996657,-2.578726847031482,-3.447494852601542,-4.541696987927453,-5.959974598337787,-7.095104033772675,-7.427819691452932,-6.452868632806145,-5.1207255458713625,-3.5722185896226555,-2.3167916591872526,-1.3958560911484512,-0.6736390261724723,-0.3218301562899298,-0.2640777489279145,-40.25955734555219,-1.0010198469139424,-1.9513748956961927,-3.1076296119437936,-4.9334774567636615,-6.609727598338645,-7.9039241587804385,-7.65572012849969,-5.767595403375624,-4.0784869238305985,-2.5370819424805573,-1.4142856939362196,-0.5772026204611067,-0.16789038119117872,0.0019361329614845455,-0.36072493307844133,-0.8249838020149294,-1.8058286123526175,-3.1319957495182833,-4.974551917603611,-7.213890307386937,-9.482727116329556,-9.714484534642596,-7.97485898556077,-5.741710074877153,-3.9070978324061767,-2.5523674493415522,-50.53185390756515,-43.80544325142846,-48.85694317479317,-43.54215364158893,-53.29391779334522,-55.84664307798771,-53.80544325142846,-47.78484333814884,-46.7085046396174,-53.80544325142846,-52.836342911099415,-11.169437610197914,-8.003723229761704,-6.046700133006649,-4.42822707657573,-3.4443014477026503,-3.026420451206899,-2.651564388696687,-2.787070902809514,-3.3396331571391675,-4.412996792110751,-5.776363849941793,-7.838358974812079,-10.924488657746306,-15.191219201413107,-18.12430630317039,-14.58591355199706,-10.70781095987648,-8.273594262758001,-6.585967271398083,-5.4879449516275205,-4.90799457202913,-4.691403572152412,-4.804818646695116,-5.48850472125177,-6.4310319633760535,-7.782658819126979,-48.212363263190795,-13.229447654557982,-18.90867030937283,-25.667966099542742,-19.28412769695734,-14.028835704134108,-11.331050459390518,-9.758602125725943,-8.562374959746467,-8.10345936874047,-8.236315187643509,-8.503702729155652,-9.410852998628412,-10.912425295381464,-12.874510980937522,-15.267700808341067,-19.47695270270907,-27.644628814990988,-33.21738815514048,-23.813593518223488,-19.620566023753845,-17.880760948066637,-16.896176229466025,-16.618558678073157,-17.0639538250498,-17.90706396502117,-18.936181938343253,-59.82604316470808,-12.785641200301072,-3.099703609820649,-7.686073630801511,-8.33890638725677,4.355126195757737,15.399698458945242,8.28406342925131,18.1674639885492,-55.84664307798771,-48.212363263190795,-10.342867353976024,-9.828280140934766,-9.711819113479297,-9.452973871330133,-9.465746252296473,-9.412412583276781,-8.971407306722474,-8.368611446752277,-7.564866505027182,-6.742266533290141,-5.719746846903698,-4.908603258314985,-4.339809639057971,-3.9078482363583955,-3.5473019448192273,-3.5738602459704936,-3.6434276002841854,-4.020824752993367,-4.234515197722251,-4.569914258822375,-4.646401912604229,-4.646665110237694,-4.456597194762908,-4.0457517948153265,-3.424683927378464,-2.9553484042951874,-51.69690943654992,-2.1756010614415655,-2.1257751487196144,-1.9799808388075368,-2.097264943945507,-2.2302219671495234,-2.5591092140611815,-2.8960547726642223,-3.1350836407069167,-3.455711154884237,-3.6424555603442115,-3.6098564919855667,-3.4496853260940066,-3.1674203331927537,-2.8040650224756485,-2.482778192433059,-2.0331633423607753,-1.9591357333633397,-1.631850876175236,-1.5666404333391308,-1.5647247799851418,-1.785439469542513,-2.028087667858353,-2.426832351987209,-2.804107990432199,-3.1796189305307414,-3.5262014112993527,-44.511253994285525,-51.69690943654992,-48.85694317479317,-44.511253994285525,-48.212363263190795,-43.29391779334522,-53.29391779334522,-43.698204366750204,-55.84664307798771,-51.69690943654992,-51.69690943654992,-2.023698524414056,-2.561208287080638,-3.404762798035466,-4.1959516269083945,-5.110075413006475,-5.522607130213114,-5.25576712494336,-4.673737727554062,-3.8092124800616527,-2.923085341992609,-2.2830186128222154,-1.7932611914918792,-1.4774099023195741,-1.521638536903001,-1.8254400483633748,-2.575670268263683,-3.414823635439583,-4.780838323815831,-6.116796888874729,-7.621562281385435,-8.40762754023933,-7.932684109087811,-7.063160573027996,-5.575260132086299,-4.406452027996697,-3.639679789270651,-48.85694295052812,-3.055478943125652,-3.2278507682037745,-3.660442989366418,-4.66919845806357,-5.813813274552141,-7.543978070688504,-9.708267190166609,-11.539122328683966,-12.14821569700721,-10.72276127033719,-8.943034175349728,-7.298847358099616,-6.131203814297892,-5.413098891385054,-5.227265270920909,-5.099085579581052,-5.3949003728228595,-5.93160922507579,-7.010391965244961,-8.189748983950786,-9.672571304878574,-11.18256427421793,-12.257970956177985,-11.831086409808151,-10.520628300179244,-9.080200466010748,-47.154325653382294,-49.82604316470808,-52.836342911099415,-50.53185390756515,-59.82604316470808
-45.83168603672562,13.563970905147123,-49.72334707825407,-53.70274716497445,-52.733646619339325,-46.71304670605971,-9.05022007970999,-9.390778733303529,-8.711033006821351,-7.453779802384931,-6.060350660093653,-4.8647350800100515,-3.6812107349382464,-2.8113117705031887,-2.329554088833082,-1.8466139397018988,-1.8974026534547348,-2.1909720174355622,-2.595898962340004,-3.399194582399093,-4.511128930289317,-5.825574809413085,-7.0377429464229735,-7.6562617964602335,-6.889611234444234,-5.699348873166557,-4.055031535240753,-2.7897497946103518,-1.7332172893090123,-0.9709915995905872,-0.5231656522413334,-0.3897700171839508,-48.75424722520989,-1.0154232000690058,-1.782734951006696,-2.8111126659730594,-4.41542879378383,-6.223776171515699,-7.778689159156321,-8.112992785427394,-6.776337750392657,-5.037275061692683,-3.312747730468812,-2.0437190933165224,-1.0032740784005982,-0.4551811902950376,-0.22698847020433707,-0.36940084684948904,-0.7063533551199298,-1.4570214167963578,-2.5497298855483064,-4.1882725897640976,-6.175532682992303,-8.659908067563029,-10.227763991805894,-9.407404422968733,-7.1193297594119445,-5.135722331246836,-3.500688378949914,-47.41885794595262,-47.17062156549373,-45.573613278888544,-48.58391382156684,-62.733647034893885,-62.733647034893885,-48.75424722520989,-59.72334707825407,-59.72334707825407,-55.7439469915337,-55.7439469915337,-13.605848845319038,-10.475567480008456,-7.8299882142616,-5.814049015134955,-4.412276458095084,-3.6122661662099693,-3.010651148601407,-2.901891716440776,-3.1875319303317333,-3.8516219355810524,-4.848194772570805,-6.376548206653542,-8.728301938176955,-11.873111246271757,-16.638023135611817,-18.016477168287427,-14.25483715139615,-10.627117968125814,-8.331327830029144,-6.831204838010162,-5.834878533450359,-5.207615923099325,-4.871572033714508,-5.200436667284448,-5.87235401739436,-6.799900384551374,-56.71304712161426,-10.556386930797363,-13.946993012214907,-19.273052426207897,-25.90948817780722,-19.869980698149423,-14.995417278885103,-12.037706151587042,-10.34070228644692,-9.241843185821436,-8.717281406561892,-8.810107214407305,-9.339351280560049,-10.240269132480915,-11.513586745849944,-13.386390453210833,-16.029982432952856,-20.42890229553077,-27.193604083553602,-35.49088875966767,-24.837134846460465,-21.06017841855817,-19.0465021766298,-17.980858487418878,-17.87231935503722,-17.901341005296477,-18.599140561015325,-56.71304712161426,-50.42915782111115,-2.997007809331191,-7.583377745719916,-8.236210118821393,4.457822080839332,15.502394413392288,8.386759347707983,18.27015999779967,-55.7439469915337,-50.180921522133545,-10.809310820581363,-10.413958724485786,-10.398685847254567,-10.18623306492993,-9.96615742668996,-9.77204301412082,-8.944220342929777,-8.166875064127566,-7.216890725476331,-6.193181987465593,-5.4491354740354865,-4.752107901572401,-4.397019721302106,-4.058595337518178,-3.9740336776938805,-4.039546105358317,-4.268265557161156,-4.532650678727988,-4.898949254169986,-5.066805126577547,-4.890862942948801,-4.74982052392291,-4.212313140205027,-3.7192816858359827,-3.190044864350901,-2.7590973844196656,-49.72334707825407,-2.1751408836453447,-2.2161766693147285,-2.271310430748161,-2.327698817088834,-2.6855470897508367,-3.0504759782052826,-3.3705556765529563,-3.673390423973126,-3.712023976190334,-3.7687541315314865,-3.6797630132650894,-3.4095078360888733,-3.0696670228479443,-2.6071430263776256,-2.3319726813451642,-1.9947855463184105,-1.9158366702571663,-1.6919284447370746,-1.7087715130991725,-1.8055814169513649,-2.1408571454781637,-2.485405396855749,-2.78322147097203,-3.2012463887240235,-3.5261441129927453,-3.8110030951066793,-50.42915782111115,-48.58391382156684,-46.60580863662115,-48.109667294728794,-51.59421319216817,-44.67184729505501,-62.733647034893885,-44.88034852583091,-52.733646619339325,-49.72334707825407,-51.59421319216817,-2.4327205351944277,-3.175807812517774,-3.9478198379608664,-4.734344728998453,-5.397983240259684,-5.595684929711451,-5.097652525072359,-4.417732339917489,-3.55216907852085,-2.631487390047167,-2.136332297120212,-1.8314724967031435,-1.6282720342648154,-1.799366985899458,-2.229196140841389,-3.078187402720597,-4.114516968830082,-5.414135074102421,-6.782952564778574,-8.090883120803419,-8.457082096172817,-7.846321397151456,-6.595556675271684,-5.220201423631192,-4.129518364915702,-3.6563900274115997,-47.41885794595262,-3.240405698400985,-3.4333464704112644,-3.9944858737862923,-5.117059682257129,-6.275554505123085,-8.129450055728821,-10.299173718738881,-12.023189453755826,-12.129691063517669,-10.559017976823121,-8.966107680569696,-7.2362476169147305,-6.172732016537589,-5.502933962077652,-5.365914119354396,-5.312730204720166,-5.521742556291843,-6.314416691574003,-7.31949004050354,-8.517344847870403,-10.041483853245047,-11.411274759340202,-12.35189804514082,-11.877887135197941,-10.773876066524524,-9.352071755330988,-53.70274716497445,-48.58391382156684,-56.71304712161426,-52.733646619339325,-56.71304712161426
-41.95049613410877,13.665262996700815,-62.632354979757416,-50.32786576597467,-55.64265493639722,-62.632354979757416,-8.987051222354003,-9.443440316805962,-9.168511951215628,-8.141306522933577,-6.788036174918858,-5.478255487070841,-4.214776213540389,-3.2444669877541683,-2.5690771223442095,-2.1011361288721067,-1.934028266358033,-1.9962407612706845,-2.250840710490899,-2.7960197601844774,-3.6320224539805643,-4.725331459339076,-6.025635290942145,-7.200095304436137,-7.756503205056044,-7.228246491766866,-5.893257003637312,-4.36253541982233,-3.0625592299020536,-2.034858154404423,-1.2830367116905836,-0.7615465555915081,-41.018674829937666,-0.4829396198910608,-0.9080974342827495,-1.476882268856926,-2.3945602748395265,-3.784848794854173,-5.384927913409761,-7.306632725945173,-8.458601685131699,-8.025901638507314,-6.437612889842725,-4.686833180577687,-3.1523110172359416,-2.0170425010963373,-1.2076935794312487,-0.6286523422749299,-0.4393787518098139,-0.6143402727784788,-0.9365923139485889,-1.6289771514010916,-2.642712207260158,-4.301463844644334,-6.201649694148825,-8.60726530106927,-10.698826379460707,-10.390392064620013,-8.405143393807153,-53.60145510983798,-50.079629700537325,-53.60145510983798,-50.079629700537325,-62.632354979757416,-53.60145510983798,-51.49292129871341,-55.64265493639722,-50.591155153198166,-50.079629700537325,-46.10022961381695,-8.277574176129294,-11.538459416994877,-14.485018976779234,-13.933411056152305,-11.009668959932515,-8.337803878243475,-6.416417367582007,-5.02692411715562,-4.130961166154885,-3.5946746289432863,-3.569731839978348,-3.7828785464818275,-4.180270512427317,-5.01093563683948,-6.369156529783271,-8.44705489199441,-11.184091772030701,-15.089101049138488,-19.517995156544977,-18.177869587056623,-13.499462975998757,-10.49141752303907,-8.508068372537762,-7.1246309167908315,-6.271329148281913,-5.960170344780514,-59.6220550231176,-6.308703453615077,-6.748999202452629,-7.800120650713457,-9.496782647175376,-11.454705045408,-14.671818168263101,-20.58193651682943,-31.15559185476936,-22.72142413802991,-17.084677697413614,-14.25262186588359,-12.482783576712887,-11.332331641644666,-10.979763018364617,-11.150957721987435,-11.546366749481118,-12.214876376653498,-14.08407407067568,-15.862676625291543,-18.4918181702662,-21.74001787106484,-26.611755028142365,-33.08510705249186,-28.377012546587753,-25.30038214976947,-22.701962638663243,-52.632354774389086,-48.00837511879563,-2.895715881164836,-7.482085777184953,-8.134918228233976,4.559114049374295,15.603686276836646,8.488051780771348,18.371452093210614,-55.64265493639722,-51.49292129871341,-12.712788055051805,-12.091665982187568,-11.460272127179689,-10.318016194718119,-9.19092836365484,-8.135473594934284,-7.309589701402905,-6.533765231012552,-5.971960994652319,-5.636466518894475,-5.478171874140899,-5.4120658800202746,-5.557700367848739,-5.7295965743665835,-5.851033135335135,-5.836576930716299,-5.727470529138683,-5.320941451812169,-4.825366490151582,-4.311579004541889,-3.676748391980056,-3.1650327924921062,-2.85811411376792,-2.6631597148818242,-2.5209110615005583,-2.618263319407351,-62.632354979757416,-2.9696795743923774,-3.2465872810486127,-3.6177718463632,-3.8839375181454954,-4.039770874146255,-4.049136981553075,-4.066745279882605,-3.66655256091859,-3.3437640575030834,-3.001256031311245,-2.642425093391594,-2.326855492040887,-2.0552033685481828,-1.92228485637813,-1.9837149203564914,-2.0716614040839065,-2.1749801178359727,-2.4526774959403506,-2.7025363728217284,-3.0203752069369383,-3.3893035656879187,-3.6395519418525684,-3.8638746219497295,-3.881313909089524,-3.7520601205276134,-3.444871684906261,-59.6220550231176,-48.00837511879563,-62.632354979757416,-51.49292129871341,-45.64265522391288,-48.482621631695594,-59.6220550231176,-55.64265493639722,-48.482621631695594,-41.01867473079434,-52.632354774389086,-4.167344973055993,-4.86817628284648,-5.362899737607844,-5.336779569980399,-4.93838950330589,-4.237562089808092,-3.38587715548322,-2.73623288593451,-2.160428076921418,-1.9060000359202727,-1.715678213986776,-1.8307095007475764,-2.1750265333131464,-2.797553530660944,-3.6911834028846116,-4.776323804021925,-6.120495626096961,-7.432867827045166,-8.303223119799076,-8.101986533421684,-7.150414561119628,-5.87507520032425,-4.828764058273219,-3.9941021645232864,-3.4580452988487687,-3.144138975203451,-51.49292129871341,-3.537773568077874,-4.16934896034373,-5.199358414221287,-6.437143373776343,-8.226223392751876,-10.35117553373722,-11.98309767890349,-12.223444980592802,-10.645646740129788,-9.176794750194334,-7.698987534500351,-6.516013897398344,-5.752965297019683,-5.43002564209385,-5.375418753737583,-5.430257569313702,-6.128017155639055,-6.909565321100919,-7.990143036842712,-9.350598396820905,-11.10027572393385,-12.165803694097521,-12.563930783899517,-11.727305446945683,-10.427273032993142,-8.95116032887869,-44.99807525657803,-52.632354774389086,-46.10022961381695,-51.49292129871341,-48.482621631695594
-43.09161575014447,13.712102330352847,-56.564915903313974,-45.3427567608758,-55.59581577323341,-47.27072664617105,-8.919531165545392,-9.493282071397198,-9.312172038481975,-8.228951075564241,-6.968004370277009,-5.621698594675656,-4.324216532297719,-3.442735006031627,-2.7334970763279873,-2.1871802933439715,-2.013249624972154,-2.057345443153629,-2.310580774057257,-2.8401361427088894,-3.6609522345591317,-4.770109190890412,-5.986686692211145,-7.191617899229875,-7.862369940559683,-7.357579567810061,-6.198447376905626,-4.675033450202503,-3.345163734757401,-2.2347662189738235,-1.4156115145802994,-0.8772097421574327,-47.27072664617105,-0.6079425884427985,-0.9024154529517386,-1.4158208991750425,-2.318480106296289,-3.4947394181767475,-5.069445882284765,-6.9847631273102015,-8.461767171612395,-8.531369095033204,-7.011671261403509,-5.240317980477655,-3.5622608459735545,-2.3696660512087773,-1.4141657116910322,-0.9158772877204446,-0.6003909654216228,-0.5910247970262689,-0.954806044942811,-1.556700763829583,-2.529421098027187,-4.054316345348053,-5.645389906657136,-7.88369051421713,-10.26541972883378,-11.18892859403461,-9.442418343546086,-46.45767724939624,-47.96153583760404,-56.564915903313974,-55.59581577323341,-62.5855158165936,-62.5855158165936,-46.564915903313974,-50.544315990034356,-51.44608229352524,-53.55461594667416,-48.435782336885424,-7.474011213097917,-10.271610258704547,-14.030021140234101,-15.224101612092468,-12.580958378335772,-9.592688170726642,-7.202028187275504,-5.572176623174368,-4.534886466545457,-3.9665652813594017,-3.6856398070047725,-3.71780050062871,-4.197906139721938,-4.933167834004062,-6.052686415163279,-7.536554888850678,-9.755739010617367,-13.14300933773107,-18.39587754941373,-20.397011007108187,-15.6488616842441,-11.93835325240543,-9.595675807055507,-7.929769318031099,-6.9936222053379105,-6.305051485814691,-51.44608229352524,-6.2559142890709545,-6.821215553133092,-7.612942884749572,-8.706352141045455,-10.746414517161188,-13.64013990802703,-17.55087738933309,-26.194637188287075,-31.136661914658124,-20.440255945362964,-16.129524639486668,-13.607871003937134,-12.305499876965104,-11.718715134310866,-11.436038353928966,-11.682053614349314,-12.533495988126296,-13.444994970358914,-14.909134480491534,-17.22941072447641,-20.394387845470373,-24.899874601268543,-30.560632430708313,-29.913798612060738,-26.110707884318593,-24.201433101586836,-51.44608229352524,-49.575215859953786,-2.8488767599341753,-7.4352465460716175,-8.088079117989746,4.60595328048763,15.650525609083548,8.534891042182824,18.41829114899516,-53.55461594667416,-49.575215859953786,-12.947401653653474,-12.246254393353746,-11.280569879288384,-10.138045044122403,-9.03978337920967,-8.103138363956294,-7.156353297129669,-6.498490680969842,-6.034660195483351,-5.8098385170843585,-5.7359136074850205,-5.804996363634201,-5.978862150428098,-6.124283461254921,-6.121870614458489,-6.186568761185604,-5.801925667660003,-5.219025558741507,-4.665677334110129,-4.084931658816815,-3.537797818266035,-3.1332288758443116,-2.8093543195475137,-2.665882423183408,-2.711498740616991,-2.7787203366362423,-55.59581577323341,-3.237032937530203,-3.6492738943999314,-3.880891387447746,-4.120480440713478,-4.1790298914205675,-4.136614429070073,-3.9286264688452563,-3.6564208057527328,-3.2440680448373755,-2.875518856220252,-2.5853595444319555,-2.357925411906289,-2.184613628410961,-2.114602180989587,-2.05161946133303,-2.1898441639089623,-2.438491883245459,-2.6424149728429374,-2.9413873705129614,-3.296551355559212,-3.7087465442587937,-3.8226614329834474,-3.9791058651501707,-3.960230495764473,-3.6746481397942894,-3.3592469628825765,-46.45767724939624,-48.435782336885424,-48.435782336885424,-62.5855158165936,-55.59581577323341,-43.893198361653766,-55.59581577323341,-44.012190852280916,-49.575215859953786,-55.59581577323341,-47.27072664617105,-4.527864241172527,-5.116481651356036,-5.384452231868732,-5.219877737712758,-4.696185528646642,-4.123029314326427,-3.2902639954414785,-2.697603557619953,-2.2027284671210965,-1.866452800492864,-1.8238536066806812,-2.0360161311388025,-2.373089378500896,-3.067382283372462,-4.03138429717975,-5.276773064544967,-6.602032691648107,-7.755622976313124,-8.261339267146369,-8.002930663556914,-6.921836088004735,-5.830436145498675,-4.746958983833599,-3.895071070312071,-3.469614536555543,-3.319308605272408,-62.5855158165936,-3.7232885627321326,-4.406208084321286,-5.444255914620476,-6.905412233291074,-8.597975825543585,-10.681722600593325,-12.30627399184409,-12.292287006073392,-10.810439144064139,-9.055264147173913,-7.580447579969122,-6.482609393157182,-5.816522974208594,-5.504894756849728,-5.568074737165211,-5.678576864104253,-6.292358048057855,-7.021417377524337,-8.225974008191447,-9.537402206131535,-11.234698373522738,-12.548627357946831,-12.7630748686404,-11.940749043609834,-10.538430236970074,-9.030272723589267,-62.5855158165936,-51.44608229352524,-59.575215859953786,-59.575215859953786,-46.90349857592365
-43.129077282237134,13.874351015861844,-56.40266677548044,-55.43356664539988,-59.41296673212025,-52.42326648827637,-9.188147179289095,-9.943018968366005,-9.98787648633618,-8.73614038204366,-7.285232786193384,-5.831237639699274,-4.415381570032294,-3.3568892086731594,-2.578114896902257,-2.095673015106916,-1.9076784896640706,-1.9654539471649446,-2.286498831010962,-2.947900346543455,-3.8315832944063315,-5.110014564853367,-6.697222198122673,-8.160090352857065,-8.864443248071554,-8.254582805289946,-6.457460679998233,-4.774752877231285,-3.3369958945771785,-2.2121597194665914,-1.4121193724248136,-0.9014077537541152,-42.55554940810288,-0.7509147516809821,-1.1715458825373992,-1.8634243692926098,-2.895104788189366,-4.350081437901338,-6.233335495551756,-8.549706435845515,-9.993382486533088,-9.48573100278465,-7.384679179457488,-5.37001885193511,-3.6470138344560588,-2.453874668387957,-1.628310420335227,-1.1747927117346717,-1.0130605088305917,-1.1072788254646915,-1.607799016655693,-2.405021330135974,-3.5867150296704375,-5.292159972405067,-7.4442442876627055,-10.382474368711101,-13.091026460197245,-12.623369397955829,-9.792826716064774,-51.283833011473476,-46.74124923135099,-52.42326648827637,-51.283833011473476,-52.42326648827637,-59.41296673212025,-50.382066862200816,-59.41296673212025,-49.41296673212025,-56.40266677548044,-56.40266677548044,-10.055249617859063,-13.764768061421568,-18.67120461761945,-17.19973717042516,-12.937719016792247,-10.086961093042909,-7.938800565563565,-6.625373595553089,-5.673370019292089,-5.196714035115114,-5.16387260854256,-5.396600809022869,-5.997256640967294,-6.93568818193564,-8.370879207847372,-10.18506396530806,-13.115558675984357,-17.69204789229585,-28.400652785078442,-23.566827875530286,-16.339182827855566,-13.085104720427571,-11.148168869812185,-9.585552243053156,-8.868292028749906,-8.5744840531437,-47.371766905561,-8.839329947032924,-9.593059925655558,-10.780928382004149,-12.094300259409794,-14.957236332709162,-17.932341501242032,-22.46077780905914,-25.969043865242014,-23.049090849443445,-19.472215910021955,-17.49328947578628,-15.634715172009312,-14.828627893390934,-14.763156054586608,-15.444263043271587,-16.005750389597353,-17.579556288941312,-19.278484772969506,-21.99593649172084,-24.765091609914094,-26.755357340251656,-25.9966432319196,-23.33841657422678,-21.528101296596066,-20.89640915834321,-20.398928433762052,-51.283833011473476,-48.44386652184621,-2.686627703351166,-7.272997473744591,-7.9258297445260775,4.768202352814656,15.812774641199375,8.69713956699506,18.58054029358407,-59.41296673212025,-47.799286824991015,-12.513399846824631,-11.842044740533888,-10.972141977253155,-9.78981807226526,-8.6603447185297,-7.640661478117553,-6.7236668338137315,-5.975287867975792,-5.481243611473616,-5.127691058958543,-5.1339123565278255,-5.191888415110069,-5.3858401310571145,-5.533767673607736,-5.7179789245528685,-5.843610858013366,-5.652081435940231,-5.121308240904155,-4.507054733667605,-3.884502669693457,-3.220024455589181,-2.7699280160817406,-2.4423962798883183,-2.304717347754601,-2.271807892643883,-2.4272203574507802,-44.098177561697696,-2.979180362227771,-3.4306168352757633,-3.762934457244227,-4.069024593379542,-4.209284458970947,-4.1440390860569964,-3.87607150185531,-3.5279810379836074,-3.1073656484589844,-2.6841873047661884,-2.400085450931756,-2.148751223148529,-1.9863669885835082,-2.0092607414852766,-2.0717358322766866,-2.255807143684754,-2.52438774099795,-2.8790804900770794,-3.1561543104892182,-3.451836167029242,-3.7148695796534668,-3.918145884919623,-3.905566149801718,-3.859482673120636,-3.6183723682259847,-3.371689637665093,-52.42326648827637,-59.41296673212025,-51.283833011473476,-48.44386673569548,-46.40266657499676,-44.294133050363,-49.41296673212025,-48.27353333756707,-62.423266688760066,-46.40266657499676,-45.891141328246974,-4.555376544309278,-5.142449033363405,-5.5449015681439215,-5.550242988177435,-5.300238708112747,-4.84095506646944,-4.193528628802724,-3.5393935552854288,-3.0750816616427867,-2.777026560268778,-2.6457150689022653,-2.712563922069138,-3.0427850352940196,-3.608820749614493,-4.452281711539944,-5.533874360374237,-6.801278336650802,-8.293875544263072,-8.987605615426174,-9.142203800438681,-8.23965703259934,-7.127975000967136,-6.041730150371074,-5.192373049482873,-4.649215637942065,-4.25820239136057,-52.88084137160716,-4.627842979245642,-5.2751925685584204,-6.232072392946433,-7.465978427013638,-9.201032371283745,-11.313297932459234,-13.30242853787978,-13.72801635809311,-12.282347529424644,-10.465764598464165,-8.831744649209439,-7.625541870688859,-6.723397985513793,-6.208969730187497,-6.051792884400244,-6.151606078073978,-6.674334538345745,-7.314587162529275,-8.401822397833891,-9.58076471279351,-11.296948565716479,-12.781990891089727,-13.247319108618793,-12.516238018966739,-10.875832564867672,-9.463353507538855,-48.44386652184621,-55.43356664539988,-53.39236681884063,-49.41296673212025,-50.382066862200816
-41.86551185652789,13.787526270733322,-55.520391589058846,-45.97796626966805,-48.530691464699544,-52.510091429921246,-9.73642918088104,-9.849233689353234,-8.829213195568991,-7.554648200108521,-6.155877685422619,-5.052405273411501,-3.9815355414224345,-3.2958285066125903,-2.865449403309336,-2.5834873691733984,-2.7600355827691816,-3.246461660760438,-3.816624483096334,-4.804973544847751,-6.090415234125088,-7.35153870974038,-8.439345063742245,-8.47940159976244,-7.497239077656582,-6.051685271590104,-4.569026028221197,-3.4810326816735104,-2.5774580164092424,-1.9109680845758126,-1.6859688981014684,-1.755118396955499,-45.267333203861064,-2.673012715595075,-3.572224660232013,-4.859728026245136,-6.545693306022564,-8.315937290012432,-9.483211806477563,-9.045603056433482,-7.36190574476371,-5.728286831565913,-4.169720559936169,-3.151830581362365,-2.392315645094476,-2.028172038781632,-2.0071874363485764,-2.262198196381799,-2.917859544729998,-3.758755175958429,-5.238373039913849,-7.10958872170237,-9.450626923100748,-11.759223291570521,-11.926287112705845,-9.900105268948868,-7.799522879498593,-6.250796604118994,-5.0066433229547105,-51.370657953583134,-43.371952886328195,-42.51009155141992,-49.49979167577922,-55.520391589058846,-62.510091632419034,-62.510091632419034,-55.520391589058846,-50.20560241863629,-62.510091632419034,-59.49979167577922,-13.119243995061264,-10.358846981638262,-8.385402040334464,-6.992932945671782,-6.04744647334143,-5.592754160796732,-5.271054655399807,-5.556500835381578,-6.201736227147436,-7.287201778720141,-8.593508228527195,-10.705850921556987,-13.790394612900812,-17.355326745049947,-17.738155232156227,-14.508284330224189,-11.771735995227665,-9.805982066969754,-8.555552065686276,-7.75497786045571,-7.165654629997644,-7.155517483367722,-7.160975707387149,-7.842808724081785,-8.96267014542418,-10.173177094098243,-50.46889180585978,-14.738724791762783,-18.04083849637826,-19.610191009610066,-16.968714632559625,-14.786801384364512,-12.631597452077106,-11.243420920472172,-10.517752453720462,-9.743520989489392,-9.73113594320662,-10.096196084798795,-11.011713962337645,-12.184830633895738,-13.85283501563751,-15.88581888252742,-18.582242811396792,-23.180283057969227,-24.81557982979052,-23.016191497105485,-20.082690125224353,-18.604272667319407,-17.8383039532903,-17.026443442043153,-17.511846569176228,-17.7081529471964,-18.5766214481999,-62.510091632419034,-62.510091632419034,-2.773452465291463,-7.359822384300092,-8.012655047895011,4.681377442259156,15.7259500878852,8.610315234799122,18.493715583574144,-50.20560241863629,-56.48949171913941,-10.007404736460577,-9.515520070048876,-9.003251228861357,-8.775307632180269,-8.389772187644315,-8.044316273685503,-7.4670009802164214,-6.96050201605829,-6.324172565372596,-5.717539507357125,-5.14799947408428,-4.624808992488304,-4.383029472006205,-4.166285186554321,-4.0824394836089475,-4.043999069601115,-4.1236151030663395,-4.208408758694375,-4.306067373308661,-4.343669362847059,-4.132982815877463,-3.899086527906497,-3.529765374994272,-3.279953447085571,-3.0603223702650437,-2.887269742867117,-43.01619160389084,-2.7599072212675053,-2.7707535844128985,-2.9643623472304794,-2.9504639167543303,-3.285847746710271,-3.4503096400360276,-3.5735720361502175,-3.591813674858021,-3.5751257977295614,-3.382558837382874,-3.2710176734403786,-3.17253710744841,-3.0734404655646514,-3.007275403299582,-2.8799954296608323,-2.869032519758143,-2.864025896632534,-2.8285086898456067,-2.914526480753541,-2.9127632836299284,-3.0905076302046726,-3.162517189712247,-3.194145175224674,-3.3489226928585056,-3.486792802534711,-3.5990897986169323,-45.52039187255576,-51.370657953583134,-48.53069168069719,-55.520391589058846,-51.370657953583134,-44.38095806599048,-46.48949151664162,-45.35005804030351,-51.370657953583134,-52.96766631302824,-52.510091429921246,-2.710085272193308,-3.1506179087959967,-3.668756162812084,-4.369694046801478,-4.902776774411878,-5.450146767808183,-5.20187326352451,-4.735062160911378,-3.9695830964738015,-3.0692445026717463,-2.489187555258248,-2.0408889937705874,-1.7628631763335907,-1.7621248536270566,-2.0720495861868957,-2.6942158508956955,-3.529139558773486,-4.611909210171722,-5.9231388258331545,-7.160380304569969,-7.613178014519089,-7.087067021167942,-5.940097468462426,-4.633213395112681,-3.6884450365258936,-3.0364161443245106,-41.14288590665847,-2.5169587024429547,-2.603391422157623,-3.1250441332929184,-4.07340446115856,-5.2269922003509075,-6.903613995911403,-8.859819263760365,-10.411377247765257,-10.540265464769657,-9.141873640139691,-7.385756207759231,-5.855435590398809,-4.821210628635072,-4.095890045449745,-3.869699743198426,-3.9660835723273284,-4.072153474594426,-4.872031866528812,-5.8367953147745695,-7.310119274501563,-8.821795433769102,-10.598013529251205,-11.278503277854163,-10.80791480413691,-9.55710409959503,-8.083648266009721,-48.53069168069719,-46.48949151664162,-55.520391589058846,-46.82807417283256,-45.52039187255576
-47.85390958848883,13.81972861612878,-62.47788945153103,-49.925164176333034,-52.477889249782585,-55.488189408170825,-9.28006460849016,-9.668533552083412,-8.660855875530142,-7.804280347906531,-6.2710229121243275,-5.263369710167871,-4.277609989819156,-3.5606143641309727,-3.0915665216897987,-2.788485874320921,-2.9310028440645493,-3.2717942250139376,-3.885395087116064,-4.841026976158286,-6.084848014391355,-6.988139259661411,-8.326068643285222,-8.663561614999253,-8.10950741422087,-6.664481297088145,-5.271823568883055,-4.138485649368229,-2.994660046873807,-2.4468705838695226,-2.1252494801639847,-2.048934431701169,-56.4572895382514,-2.7831340539497806,-3.5856964192134595,-4.946043807269107,-6.233944474247625,-8.39125093804263,-9.68318196765071,-9.742506673508558,-8.43252822488957,-6.6380846128315,-4.997645492715158,-3.873880656326309,-3.030812942335948,-2.6170099296515854,-2.5303329730117463,-2.409991435401993,-3.1371642585284985,-3.858186463475128,-5.155778215769794,-6.814386720871003,-9.02309336981771,-11.718261118439418,-12.883230060604916,-11.231217269043839,-9.026486167604755,-6.966855379653931,-5.611946814578034,-53.44698958161159,-44.34875588510246,-50.43668962497178,-46.91486421969322,-52.93546413297285,-52.93546413297285,-53.44698958161159,-49.467589494891214,-53.44698958161159,-47.85390958848883,-47.85390958848883,-13.879004224325918,-11.216380237473306,-8.674383985603415,-7.305019618915849,-6.105614777006924,-5.575529596454542,-5.354516080876371,-5.506389547431899,-5.9533950601533405,-6.574153330326022,-8.091817287684384,-10.062797843770507,-12.110921755180364,-14.8717046016724,-16.667955995972058,-14.98539721608783,-12.534894126964552,-10.36601648082248,-8.91487665095372,-7.854089322063046,-7.229152933243991,-7.0194147273303305,-7.044063553711056,-7.532990119853878,-8.295722129067974,-9.687382792356967,-55.488189408170825,-13.315192502003457,-15.375954125728498,-17.167572887753366,-16.73931456833088,-15.297857874523885,-13.322572311029937,-11.881308648617035,-10.825891343989744,-10.44272001182605,-10.215165271926683,-10.520885111372296,-11.025490111006683,-11.780432088609079,-13.180176336831739,-14.820310139203482,-17.190650006354208,-19.550899613174334,-21.929844310910248,-22.828225560410576,-20.90362368552121,-19.840818763281497,-18.905213099732826,-18.073206777602465,-18.112287769260085,-18.121675034968266,-19.071861929069165,-52.477889249782585,-55.488189408170825,-2.7412503174494534,-7.327620224304331,-7.980452860572863,4.713579602254916,15.758151615691835,8.642517264252593,18.525917387937678,-51.33845577327155,-59.467589494891214,-9.830443327144673,-9.54735914933196,-8.96779618566864,-8.853875499407998,-8.48113459726756,-8.202233108154799,-7.59551373741465,-7.161299819862336,-6.401613219161746,-5.67271246033025,-5.234524295720747,-4.812318656015859,-4.448675566113294,-4.2386561667388,-4.207836850059428,-4.007286364843916,-4.276111319743196,-4.162083474240969,-4.367685766604273,-4.282542222951221,-4.150297716932637,-3.9203426989102947,-3.5457106435420376,-3.4732461480299346,-3.2000807898859285,-3.118501056369621,-46.35005096634522,-2.981881754102547,-2.7674657499154636,-3.0714249463913337,-2.991168428841628,-3.2776586284924965,-3.3641556808038358,-3.4601902921256436,-3.4883736230018974,-3.460713537020028,-3.3603865444540926,-3.354499797055151,-3.2809121905464123,-3.219608543564835,-3.2238404517675483,-2.9367918781569395,-3.065191065291686,-2.719014849376245,-2.879875138698443,-2.7408764856212087,-2.7440013132545173,-2.8307592775715977,-2.8978630612519596,-2.9273169941160013,-3.2608533703849014,-3.475835462157855,-3.7714808948319947,-51.33845577327155,-62.47788945153103,-56.4572895382514,-49.467589494891214,-53.44698958161159,-46.795871992754655,-48.498489284111265,-44.624591024251814,-46.35005096634522,-49.467589494891214,-48.4984894993096,-2.5475986947931384,-3.188393092944276,-3.690644154567633,-4.644771909673677,-5.093056637031879,-5.384562230316952,-5.022730771399651,-4.287947848588862,-3.4247996168914554,-2.565681633758743,-2.039219095403552,-1.6886475614585763,-1.5568859389160816,-1.700795553088191,-2.1330927602266363,-2.6487350294847296,-3.8187695633518266,-4.827577412537115,-6.444171827652677,-7.472437259680324,-7.657089522357116,-6.964060651427864,-5.575485940910495,-4.438561580247036,-3.437565141178621,-2.821545562072028,-40.173400083470064,-2.43749340363291,-2.656462273802886,-3.4198606246085768,-4.12750655385452,-5.724057013843183,-7.465694293127268,-9.363975216630815,-10.560334241988649,-10.269985748220357,-8.594443870022708,-6.9677224113696195,-5.666336926939951,-4.673491869170325,-4.263376105874366,-3.764168901541358,-4.121789144508205,-4.2912499922423555,-5.207318695353916,-6.1011010750280885,-7.587393646226584,-9.15843657633901,-10.729009003131777,-11.127931250802598,-10.605136679489476,-9.278505166499517,-8.033054148467798,-43.44698958161159,-51.33845577327155,-46.45728933650296,-46.795871992754655,-59.467589494891214
-43.224415654036015,13.779013173941511,-52.97617989097521,-43.224415654036015,-62.51860476015028,-47.20381554998335,-9.330774199831373,-9.731137028287428,-9.228350040817375,-8.163967380280132,-6.811949823185705,-5.5668364379117925,-4.383528652917236,-3.504452103386107,-2.914991331448142,-2.5249932785451135,-2.446586759335722,-2.655680802931239,-3.0867769202854345,-3.7637088742253404,-4.777159549292703,-6.124935320575905,-7.566992815944876,-8.791675477513515,-9.049249458574785,-8.249817877540766,-6.541828114957351,-5.0014650100255365,-3.7221766181353937,-2.7418627066771224,-2.139398063445647,-1.7002083019580123,-42.51860484122883,-1.8342782119000611,-2.4142781788046888,-3.16203078562014,-4.2998422702253585,-6.081897084964404,-7.941889855142508,-9.991409273043482,-10.78499369968619,-9.511671650410463,-7.299069177596858,-5.51577425152741,-4.096195535517434,-3.0424446894496944,-2.4172974417726145,-2.1183715074388636,-2.0276925272854767,-2.4188466140527893,-3.018053608794131,-4.035204600257431,-5.481685369917852,-7.594101837602017,-10.092295827202042,-12.82444585548774,-13.44314780098243,-10.956627808928394,-8.481824107506654,-48.36887115050854,-41.874024751388944,-50.21411554636754,-46.39076611055604,-52.518604962846645,-52.518604962846645,-49.50830480351047,-49.9658799343354,-45.98647984761502,-52.97617989097521,-56.49800484687066,-13.127407586588166,-15.992467735260627,-14.497027202516078,-11.398288769250131,-9.040290900519269,-7.452025991026292,-6.219109151566854,-5.413098843809845,-5.017024519049873,-4.879519882882007,-5.279149702877522,-5.874319602256506,-6.798338726817082,-8.109199392985424,-9.908118126830454,-12.310849864585675,-14.971376514774814,-15.931052029225157,-14.068120993284754,-12.12188658898658,-9.931537885036622,-8.678154492968437,-7.798357502722357,-7.174028531390809,-6.905622989022934,-7.104347767172266,-45.61664405638722,-8.140179782290343,-9.041695118363295,-10.296852662662575,-12.048661262511018,-13.763767009682017,-15.753772432251477,-16.838348353938247,-16.1054503691776,-15.117979196097902,-13.602004109292023,-12.688795801342398,-11.568411633092037,-11.328026508091057,-11.367627900072497,-11.991319279241248,-12.39778654392807,-13.207689309480058,-14.708810986202362,-16.2526353540619,-18.6559342178338,-20.991747097623726,-22.677834355519003,-24.01520607880313,-23.181201605809886,-22.8221163868615,-21.92448534368999,-59.50830480351047,-52.97617989097521,-2.7819656766209078,-7.368335269253664,-8.021168005445581,4.672864557305584,15.717436848894126,8.601801537647255,18.485202123804577,-56.49800484687066,-52.97617989097521,-11.173996565074075,-10.771030714076634,-10.226292847332775,-9.442254286301239,-8.557727800387408,-7.772582099662021,-6.944471317467525,-6.219322979528127,-5.576581992732054,-5.180006286594625,-4.967222301118433,-4.83831673028053,-4.828082579737151,-4.780557324001345,-4.766418983896648,-4.899289098413431,-4.834340324749694,-4.602785731726378,-4.326193217937842,-4.063203207524343,-3.5829565749207166,-3.2341085851399725,-3.0496822250901836,-2.8523401004319355,-2.74780531277065,-2.835377661522564,-53.487704890230845,-3.005924262281074,-3.160540270076016,-3.3173872553425445,-3.567004605310968,-3.5660762099370773,-3.605237783638673,-3.576657258497476,-3.447045340553517,-3.330241545787842,-3.176868742945005,-2.9604479677354343,-2.818392389459597,-2.6806959538507287,-2.5565667926448254,-2.6061223946620093,-2.5581794882921907,-2.54185847703351,-2.700975822085725,-2.7746210139108136,-2.9402869547248702,-3.1171818301599736,-3.333971166353403,-3.632761044868529,-3.732255557190145,-3.7732647961813597,-3.7900874221684786,-50.21411554636754,-52.518604962846645,-52.97617989097521,-55.528904716790095,-52.518604962846645,-50.47740493359104,-45.35857147972257,-47.89462466466857,-53.487704890230845,-62.51860476015028,-45.52890481138172,-3.6897575364893784,-4.412932847171434,-5.03230605667415,-5.149845675087164,-4.92013621985665,-4.311829671356737,-3.4166041475733433,-2.639574750972995,-1.9573156785638193,-1.575626634899045,-1.3116383477347846,-1.3690907980071734,-1.6705190217491128,-2.174578648010849,-2.9524931355752355,-4.0808158246604895,-5.405426620195557,-6.782590993640741,-7.663832511348381,-7.656510694067602,-6.564601671499386,-5.231220778959376,-3.976990457260307,-3.1365459931575375,-2.5639858506037285,-2.177998012446233,-44.88432494101307,-2.5069424383173082,-3.1591762970488206,-4.105679929982072,-5.423971596581355,-7.3191441601360205,-9.417940957667968,-11.08355438014483,-11.05369675688252,-9.394376999990936,-7.517228268725329,-5.936801607221666,-4.89379235085533,-4.176884662026485,-3.848711398766182,-3.792835054061187,-4.057857426444512,-4.734632316146753,-5.535684754334122,-6.85440666370202,-8.418986463007288,-10.2603449051432,-11.575256234901236,-11.785894748628136,-10.710553144304685,-9.11573036841225,-7.706687464781074,-52.518604962846645,-45.98647984761502,-41.54950492735772,-45.35857147972257,-62.51860476015028
-45.466012248421066,13.841906027690909,-46.89268677878751,-50.15122279627094,-49.445412053413875,-62.45571201005369,-9.1861100912148,-9.795795190258499,-9.642650866640588,-8.690344122707728,-7.425271992311588,-6.099869481097371,-4.865609221582639,-3.9645904823638984,-3.244384932213839,-2.791056036201234,-2.5608936751709956,-2.6832970538219127,-2.898233138578365,-3.4452723595435133,-4.317154717108107,-5.411521528949466,-6.7925982179993145,-8.355553082600514,-9.181203049654604,-9.190633224903458,-7.918462634015484,-6.3518683601154855,-4.926166355390102,-3.683697867027834,-2.8082428690520658,-2.210781092822773,-56.43511209677406,-1.7699166169732359,-2.0567148924154033,-2.4761498206475805,-3.374396430139001,-4.507960814298351,-6.045574222148481,-7.954992222693522,-10.075627488108479,-11.060667876293962,-10.054764405967465,-8.065023159906078,-6.195707896456977,-4.672158873359707,-3.525149411719945,-2.880970654888246,-2.406568593422523,-2.2785814975903884,-2.49363462894829,-3.014864856679591,-3.7721715037572863,-5.189939745231486,-6.588028072444942,-8.841455703565948,-11.697615686177107,-13.934023964011866,-12.991189109457986,-43.763395048423355,-55.4660119666935,-52.91328669206713,-50.41451218349444,-53.42481214013425,-47.404212226854625,-49.445412053413875,-50.15122279627094,-45.55375149724567,-62.45571201005369,-49.445412053413875,-8.088966274529817,-10.353436416499735,-13.565049105894296,-15.824736176615048,-14.87803284569064,-12.236793168265223,-9.887476742157801,-7.935270280758547,-6.737110370446635,-5.993538028638391,-5.431880801124941,-5.332819196936114,-5.549632083132622,-6.017317643363139,-6.7878735329336415,-7.888408654013258,-9.381928813736073,-11.4635688964205,-13.81172865271769,-15.565111084810578,-15.56831114871424,-13.497234260561262,-11.836175891174614,-10.156846683854276,-8.980304593169109,-8.234329534352852,-55.4660119666935,-7.61668789749136,-7.838851016096264,-8.260780655170002,-8.889717431886318,-9.896043651056758,-11.345608353425947,-12.903839365181867,-14.925016167107874,-16.415612401258933,-17.848988312481453,-17.530622315736927,-16.110133049423013,-14.974296985200406,-14.021826760902963,-13.456194587653854,-13.06791374832355,-13.19553049432548,-13.528534440651859,-14.247591213538726,-15.269947917725604,-16.556215826359878,-18.157381866248624,-20.029055922616344,-22.664783020703865,-24.387131919343513,-26.04791702814641,-55.4660119666935,-55.4660119666935,-2.719073058717039,-7.305442817032498,-7.958275059470182,4.73575700952675,15.780329679294818,8.664694476471363,18.548094765818593,-47.404212226854625,-56.43511209677406,-11.582939561055142,-10.470873044583847,-9.598496430890398,-8.609723175243122,-7.736548886145213,-7.171211734264915,-6.622443262497062,-6.256591396551647,-5.992449157389975,-5.925971221938548,-5.922409759782157,-5.84776835770553,-5.816028334945099,-5.624223363356369,-5.257611214767346,-5.068151999480887,-4.565315381130945,-4.209390779097829,-3.7404905103112784,-3.542567846030247,-3.2980582667052385,-3.1433203654263613,-3.07775594144438,-3.191541636478943,-3.2333117550747814,-3.481497609217638,-55.4660119666935,-3.7346560917085685,-3.856521061151687,-3.875004450291601,-3.8129689854605053,-3.744064664702446,-3.543627832544658,-3.3991236869131694,-3.2413756684387107,-2.9955442655628732,-2.9157871107647475,-2.8147196170116255,-2.7304391357256224,-2.753708113529662,-2.7777201508897873,-2.909346265743956,-2.923441844841027,-3.132308896252688,-3.2568754339581254,-3.406253132335511,-3.5887236614536304,-3.787494539435658,-3.8258104563765998,-3.8540755033146894,-3.820668970096468,-3.615460363214156,-3.310138306438397,-55.4660119666935,-46.43511189554009,-50.15122279627094,-48.476312057489295,-49.445412053413875,-42.91328669206713,-56.43511209677406,-47.14092287908878,-50.15122279627094,-55.4660119666935,-55.4660119666935,-4.790602320472293,-5.095948104262065,-5.047349981047972,-4.585586740486205,-3.9620954274352034,-3.2060893181739796,-2.5207812814597297,-1.9786303060403694,-1.6287446559663081,-1.492696484156517,-1.6031490140892533,-1.9441365247643034,-2.4980927101702837,-3.299176164356002,-4.413908857521094,-5.72181587419692,-6.881301589004838,-7.716465118940957,-7.312559091035254,-6.467150490985434,-5.185336767491815,-3.989248858438497,-3.239154477742593,-2.6338591246052827,-2.256473062940951,-2.3108049197134277,-46.43511189554009,-3.0992287687461904,-4.063289149220584,-5.186346658378308,-6.926342127578252,-8.87754487687207,-10.644081724158251,-11.40180235145728,-10.049495807964046,-8.367209176151372,-6.714820351905042,-5.489379068643981,-4.6017234167995555,-4.030961661448683,-3.8361046084539456,-4.077095305268318,-4.467652359591481,-5.1974695350871425,-6.229634683106835,-7.600939533249145,-9.172201312008845,-10.863169153423147,-11.977747128336363,-11.772220435815354,-10.525301241015754,-8.999132598664602,-7.746244322968819,-50.15122279627094,-46.43511189554009,-51.31627833218995,-52.45571180881971,-53.42481214013425
-50.11773969974891,13.875389046139217,-49.41192895689184,-52.422228512612186,-55.43252887017147,-48.44282866644349,-9.547324298551548,-9.985574475727258,-9.246337728155392,-8.141107990777858,-6.7425600628533156,-5.61683463114462,-4.346499742742397,-3.640890022243953,-3.075461841593526,-2.83995016605423,-2.750598009096348,-3.0373317212663364,-3.5796179941068473,-4.418571203610913,-5.602150785147803,-6.98360894439145,-8.325856174526592,-9.249746496873074,-8.825049936308213,-7.485014212075223,-5.8870841501996996,-4.546646685422752,-3.3849878983780797,-2.6499097320909977,-2.1863097596967167,-1.9746642193155175,-46.740211239435254,-2.403473300604542,-3.261555048420935,-4.284891629456953,-5.672984174735775,-7.733647446853924,-9.706228696295979,-10.670910415355138,-9.760617695892002,-7.762975009322526,-5.895888674979078,-4.451957998182009,-3.409345864928129,-2.7300414550478114,-2.380589337429854,-2.3051502946463875,-2.554793896872672,-3.2889977898904195,-4.2814453955264415,-5.632995887984523,-7.713994531248752,-10.453147488226243,-12.963507393385258,-13.00170193247312,-10.666386147651243,-8.187803863574244,-6.281645197354563,-53.39132904361222,-43.8489035037529,-13.755341629959288,-50.381029086972404,-51.28279508206369,-59.41192895689184,-59.41192895689184,-49.869503417032526,-55.43252887017147,-59.41192895689184,-52.422228512612186,-15.589416515211765,-13.456856373165632,-10.384695090648448,-8.25341192681171,-6.79881224904562,-6.0047124373543035,-5.249943934380749,-5.1255117310652665,-5.211108595806392,-5.562797329512854,-6.507253155959679,-7.812574134900226,-9.269370661347983,-11.501201095939242,-13.827483192544452,-15.830200013667657,-14.76546894543785,-12.552497372873043,-10.358045053069699,-9.028668828030709,-7.895886218220292,-7.304397492105542,-6.959357060823587,-6.957135498579291,-7.204247259113327,-8.067018348310556,-52.422228512612186,-10.412739775405734,-11.78555596439355,-13.71105500257218,-15.840110904876974,-16.442535969068313,-15.640232624277877,-14.29089069939749,-12.97108991961224,-11.998442812493428,-11.155590952313055,-10.908530444443427,-10.778879219258982,-11.075996207966945,-11.674576317794434,-12.857039026890131,-14.276423671708482,-15.471879779331541,-17.8951667377659,-20.25239337071457,-22.686794208464022,-22.912255464882662,-22.385469753542647,-21.370534442624304,-20.368831931180846,-19.75497442869276,-19.701723343722506,-55.43252887017147,-47.79824916495558,-2.685589837212582,-7.271959634127386,-7.92479221635554,4.7692401924318615,15.813812206700177,8.698177491299244,18.5815782195902,-59.41192895689184,-55.43252887017147,-10.394894529904576,-10.25147138158341,-10.058216454286619,-9.767611938652413,-9.343569107464717,-8.753257595681559,-7.870048451568165,-7.110493407171683,-6.4153526880628675,-5.667488272670358,-5.179600942053842,-4.804934569444969,-4.614549532524252,-4.523531858930331,-4.476198462078764,-4.6659061220325375,-4.745847303889425,-4.830379276590439,-4.75654647455153,-4.656495407258085,-4.3141930709194485,-4.094043549171543,-3.701009767049355,-3.387221603672586,-3.1708771970717304,-3.090900661255746,-52.422228512612186,-3.0502605949447084,-3.084011364766224,-3.1887423263195194,-3.3784497973032472,-3.524703008925831,-3.6580816178520648,-3.7407653492784383,-3.8204482931353017,-3.773766883932081,-3.6810242486112275,-3.5276596575193087,-3.354957709113901,-3.198893817989453,-3.0173179437070536,-2.97572442544485,-2.8593051796695916,-2.761074554691109,-2.7503401674403087,-2.80686961886186,-2.920640144917414,-3.1042492754016737,-3.231359375071188,-3.4872469868242533,-3.753863536312105,-4.005218844760421,-4.107390009873605,-46.29439050930969,-53.39132904361222,-52.87980337367234,-55.43252887017147,-56.40162900025203,-53.39132904361222,-50.11773969974891,-50.11773969974891,-59.41192895689184,-62.422228913531654,-55.43252887017147,-3.1964588246947825,-3.8721466618306613,-4.585421951970929,-5.209003905540016,-5.4393002676993465,-5.2170965179352695,-4.507680143989971,-3.7063532837418887,-2.9281092471833317,-2.319700201025323,-1.791298401868206,-1.6212117255138097,-1.7085795162729511,-2.0258354743353064,-2.5316259589056855,-3.4801708107699385,-4.69006378475034,-5.9877319525926,-7.371475799580346,-8.103495593452191,-7.678536483841446,-6.45615899013552,-5.074574244901145,-4.098998935101888,-3.298806879155605,-2.7485046437568412,-41.45312866584804,-2.5708172971227006,-3.156581924746428,-3.9383359146693895,-5.023081330657083,-6.608273847666721,-8.742988216742217,-10.700287310737359,-11.380876112183692,-10.57381031100666,-8.634580649523611,-6.984527447500315,-5.560327788402529,-4.813271671224767,-4.362377418930171,-4.138208515758556,-4.30437514011,-4.911710017584299,-5.593741287868069,-6.857985662284911,-8.197643577794535,-10.099766399474193,-11.360932270447828,-11.867184334746156,-10.874916667578606,-9.587475541557918,-8.12785570913585,-50.381029086972404,-51.28279508206369,-51.28279508206369,-47.37072913033259,-56.40162900025203
-42.35593202332505,13.941685853488988,-51.21649857370979,-50.0514427299681,-59.345631987111034,-52.355932142686356,-9.587891770473615,-9.953985378052755,-9.26165320342802,-8.250994226893805,-6.930951499649897,-5.701998357940708,-4.652287483413409,-3.7998557985157246,-3.2064004653976714,-2.96836895780669,-2.9885332111249356,-3.2318778417668033,-3.818262603088198,-4.6054226685396165,-5.786511863060704,-6.956518905442661,-8.405675373443845,-9.247512509398176,-9.025855060512015,-7.757651289846178,-6.147193413433624,-4.752521723487652,-3.577589812950336,-2.8554688593688344,-2.3855428495294055,-2.139801185052546,-47.73195185043054,-2.53762796047675,-3.3518620124486875,-4.426120795444122,-5.717396773485385,-7.758675849095398,-9.591406133884771,-10.709994501168783,-9.893655229444265,-8.068559634616372,-6.215601759288293,-4.750470618629613,-3.6804968855489992,-2.9512055559708728,-2.5556390826077364,-2.44968461104279,-2.7649596022614844,-3.415941141147343,-4.367216386283644,-5.651005651189248,-7.497213350929462,-10.185411366938162,-12.664336314099351,-13.058065731929782,-10.938926372609384,-8.53068275058537,-6.697678183729013,-52.355932142686356,-46.67391491814631,-55.36623190039066,-55.36623190039066,-55.36623190039066,-59.345631987111034,-55.36623190039066,-55.36623190039066,-52.355932142686356,-51.21649857370979,-50.3147321171916,-15.39953950082631,-13.747044165365491,-10.9310358824548,-8.824755494121398,-7.197193583620482,-6.213352568680511,-5.657168508376368,-5.233442646995677,-5.350417591519436,-5.6370975507308785,-6.47396577824546,-7.596664153509352,-9.042185714054368,-11.02408888911864,-13.333672383360742,-15.525731864596843,-15.165189330241414,-13.06787815869377,-11.185540582944713,-9.645117153133462,-8.344874786570024,-7.575680722762641,-7.2796263249240845,-7.267215653402682,-7.365387517549362,-8.039126947360252,-49.345631987111034,-10.134700746399165,-11.277729704651183,-13.42336456396165,-15.486264111272437,-16.23891150212971,-16.09540420879252,-15.109078109251774,-13.465268859148852,-12.367673822060164,-11.648278089121384,-11.300250708221448,-10.982074086015288,-11.074395548866434,-11.695656245224225,-12.8405166696147,-14.023121463980496,-15.312281883198251,-17.372136919164017,-20.261854415915188,-22.381631257206,-23.808621650328497,-23.13542790327343,-21.8401619966982,-21.40144885242622,-20.481570961220726,-20.117080428754086,-48.206198336519904,-53.325032073831416,-2.619292971878016,-7.205662626089371,-7.858495136089463,4.835537200469878,15.880109667799026,8.764474855658648,18.64787523329476,-50.0514427299681,-52.355932142686356,-10.797927851188387,-10.535096808589765,-10.366668185457677,-10.075985843992859,-9.511963121672215,-8.806400572500966,-8.090152678558294,-7.243490648249816,-6.44629927825897,-5.799746123643839,-5.365033867796511,-5.027838462214088,-4.851758282877924,-4.692004006529924,-4.775106111915605,-4.869331457422813,-4.9664620521008445,-4.991823564499474,-4.990015074784491,-4.8349477867713775,-4.442282287142787,-4.124679803152783,-3.81818934445251,-3.563544648628505,-3.2925974557848696,-3.186583742886876,-59.345631987111034,-3.199654405301092,-3.1999395159131345,-3.438885385629771,-3.566344803854346,-3.841311924870178,-3.915324797750059,-4.030408417202812,-4.008101756494386,-3.888986879986506,-3.8230271217209104,-3.7242208718767,-3.5138253897074785,-3.344068478051412,-3.11921836386985,-3.057493453148709,-2.9965485795351112,-2.905497759320034,-2.989462373010791,-3.0470015365918997,-3.040168817135123,-3.31810544393874,-3.44231406788227,-3.6877379312290826,-3.9847971098134893,-4.124079691536223,-4.276517946209532,-45.36623199322723,-43.6636147643632,-55.36623190039066,-49.345631987111034,-46.2280932956854,-48.206198336519904,-47.73195185043054,-45.11317333532463,-48.3765317244068,-56.33533203047122,-59.345631987111034,-3.42883793805675,-4.177733729155675,-4.826072476019313,-5.506859622645333,-5.578284296058646,-5.299672249712475,-4.618762044391562,-3.742631058362869,-2.91260596776882,-2.3912006792210363,-1.9850070783000242,-1.8104370091349133,-1.9299210835973357,-2.204158263542893,-2.8616949863969907,-3.7170790591658824,-4.9708376584333855,-6.289324254324872,-7.758238729731931,-8.223923624225781,-7.7499301238621365,-6.425442798154074,-5.152684985471207,-4.190788301723878,-3.4638342688545714,-2.8714891842089063,-55.36623190039066,-2.8916012510032014,-3.3411033438160436,-4.215954733099034,-5.249808757462073,-7.056190011194296,-8.99387685034554,-10.907171197491444,-11.427708387775526,-10.44516835193554,-8.56668632827335,-7.033625706179707,-5.7307239597272535,-4.886097134183022,-4.491363600181009,-4.33818481050177,-4.5225212738210026,-5.066812369617284,-5.930871210260795,-7.074687431288714,-8.467108182330215,-10.255959138219028,-11.450670586544067,-11.823879056431458,-10.94931166547706,-9.538691281348177,-8.3526070470221,-52.355932142686356,-56.33533203047122,-46.2280932956854,-50.0514427299681,-50.0514427299681
-42.35354820122886,13.94406967757047,-59.343248403693785,-62.3535483603336,-48.20381513560097,-45.19351461801496,-9.51861378118447,-9.7602381101792,-9.385558716335098,-8.21435073573587,-6.950303497403864,-5.768311594501564,-4.666834754925709,-3.9068822680523296,-3.333432495840625,-3.0054086091905403,-2.9470835592949847,-3.185951437568488,-3.640434990618707,-4.387714928858975,-5.416911889761435,-6.717859506806939,-8.116994689477313,-9.099993041490412,-8.989971783973854,-7.984610410549095,-6.495039791581187,-4.9920944333124675,-3.8827288693386213,-3.05104405144268,-2.5702088424554064,-2.1373682961488525,-38.53337785206171,-2.4180704024985675,-3.145096507520981,-4.022919112197581,-5.239213472711422,-6.96277488696491,-8.955854575928075,-10.298257111454053,-10.327902638774379,-8.78396367898883,-6.969294047043425,-5.287991935689536,-4.059610343438173,-3.2236267332659807,-2.7212011755681558,-2.5359058579147713,-2.6073030388703735,-3.180358145031561,-3.847815164123216,-5.029192266392213,-6.535541627626272,-8.828693751970619,-11.376048294783693,-12.997820776673109,-12.209981598683235,-9.796362030591238,-7.6670919906375925,-47.038759267903565,-45.82142278062257,-59.343248403693785,-48.20381513560097,-45.82142278062257,-53.32264849041416,-52.81112282398276,-56.33294844705397,-47.038759267903565,-62.3535483603336,-55.36384831697341,-14.363867026018397,-14.857266917149364,-12.82073668125719,-10.155765570738497,-8.354787438703982,-7.0496428260468,-6.13089008996253,-5.5474288331390085,-5.418943654152088,-5.427793633086106,-5.98993370407136,-6.828666746932943,-7.8650944737587185,-9.393020693197172,-11.29187718565326,-13.833325651997049,-15.29995820930149,-14.779208600873886,-12.806830636116711,-11.041469334123006,-9.603546141097002,-8.409556925544788,-7.777862837655658,-7.37452551402297,-7.301152836122925,-7.69347781687046,-47.7295686099428,-8.903145294428747,-10.10529256137456,-11.567639123420099,-13.594836531052458,-15.297562273308909,-16.44234535620251,-16.42545427187278,-15.156507661796061,-13.938389350541849,-12.730755139901483,-12.150888801007095,-11.557033520393263,-11.320164364792053,-11.533095139745566,-12.39368835775062,-13.131641591044556,-14.075592502407183,-16.049574760916222,-17.72163827094485,-20.1501135081657,-22.797151816150706,-23.76456861645377,-24.28564590867449,-23.16800298157999,-21.63031369408936,-21.066325527398586,-48.374148114508486,-48.374148114508486,-2.6169088576165884,-7.203279177595192,-7.856111699148962,4.837920648964055,15.882493361127661,8.766858412694745,18.650258656382917,-52.81112282398276,-52.35354796257176,-11.126803243945382,-10.879815455469151,-10.592809291147416,-9.999450882736552,-9.374783901656878,-8.418989732870351,-7.592481056571278,-6.867025849623691,-6.178082956008116,-5.683906662173218,-5.274943535620592,-5.102823708111698,-5.018101345110742,-4.963128138407342,-5.036718202255112,-5.126411222983801,-5.148185187860211,-5.064680620707459,-4.87325051019793,-4.599796267768662,-4.192925950394837,-3.781351657599247,-3.5969524187547015,-3.3727937588494457,-3.161124780947035,-3.2116725233592307,-50.04905914655086,-3.2444669588175574,-3.4524242093629587,-3.5978429433382466,-3.7495933246643838,-3.9437290766322155,-4.051556933295762,-4.010257339457724,-3.952060737564129,-3.735934427750033,-3.6632919552326033,-3.544355165148221,-3.3166596679685285,-3.0968286316959936,-2.9778782579881975,-2.989049616281302,-2.9654852501547375,-2.954832940802496,-2.979407485610076,-3.1437365492122096,-3.2155314609215906,-3.451792434805716,-3.643087620540362,-3.9134012937135165,-4.110434863201704,-4.176348268043802,-4.203319484244019,-53.32264849041416,-48.374148114508486,-48.20381513560097,-52.81112282398276,-55.36384831697341,-49.343248403693785,-47.7295686099428,-52.35354796257176,-51.214114531294584,-48.374148114508486,-45.36384813135122,-3.913077785332164,-4.552320133914084,-5.249624174185624,-5.4988449190735365,-5.478668667951135,-4.828139384204074,-4.110773150579176,-3.3405671688270333,-2.6241184932463595,-2.1984417304108845,-1.8779493295821472,-1.8228212650203846,-2.028774884801088,-2.455843238125208,-3.218185805411666,-4.261925604220277,-5.472653172596239,-6.8610015675147515,-7.826654583576929,-7.880277863785676,-7.1031390638462435,-5.901320677338533,-4.7159378773025615,-3.902412468725116,-3.20224214452041,-2.768688287313843,-49.343248403693785,-2.9417894162078633,-3.677477123939604,-4.481828034351575,-5.771335002959504,-7.436780488102328,-9.519631352289238,-10.943568255964644,-11.113823806782769,-9.934872133319493,-8.16680759740191,-6.7229166514994745,-5.50515770400982,-4.7645353840524765,-4.457670780736908,-4.425710752128623,-4.612029445217258,-5.24404375527587,-6.122161786116898,-7.348933287291837,-8.70247017562109,-10.384825766184996,-11.543930196510386,-11.693944083887423,-10.806509777490964,-9.329264616213639,-8.013723022290668,-62.3535483603336,-51.214114531294584,-44.224414651118735,-51.214114531294584,-52.81112282398276
-47.101292521687874,13.881536187356943,-49.40578169619259,-52.41608145251449,-46.2882431670651,-44.286948086403854,-9.455926852691373,-10.695163156474784,-10.616400887758319,-9.72083514830982,-7.965257099397654,-6.491538091053274,-5.0316213276598445,-3.9630855244202357,-3.1484912497544877,-2.643566190053564,-2.5996665037602753,-2.7951124097999442,-3.13117577118005,-3.94731293281414,-5.119040729627553,-6.583220897842104,-8.541471613718098,-9.895589938796293,-10.120542831819819,-8.713820045410923,-6.5964256355246045,-4.806845982168175,-3.544495582690463,-2.4540439431350687,-1.8853431393054199,-1.6103038940144545,-40.83245650930444,-1.7466759198545998,-2.3336027911683384,-3.2555187136510835,-4.567670401330135,-6.4290297386186035,-8.436942066247827,-10.346474451170636,-10.250596322627644,-8.520877312655177,-6.343998413567978,-4.699060795828772,-3.2683567639294875,-2.3451573606261795,-1.850596299090121,-1.6713072860467293,-1.7661851728463214,-2.0664217806867407,-2.943686013606406,-4.016721868554992,-5.553250303347694,-7.724786371444587,-9.902303831179692,-11.888949894392443,-11.711860727929807,-9.671062176853479,-7.449538167068957,-44.78180192442846,-46.395481539234865,-52.41608145251449,-46.73406419560255,-50.37488182627315,-52.87365633586369,-59.40578169619259,-13.65334323610556,-49.86335637922388,-50.111592439049666,-53.385181782912966,-12.684571966174829,-14.752473481061694,-13.870288929672727,-11.48796347707808,-9.207766949748704,-7.729035029411681,-6.47463247216554,-5.779260515973319,-5.538403202868535,-5.640951907905415,-5.889905440311749,-6.5494774569802345,-7.745316232419654,-9.011541329842217,-11.020533630018639,-13.037594085573046,-15.610007161663212,-16.614475705937423,-15.88926746214472,-13.407387580097165,-11.687959765555009,-10.416665608131225,-9.179353561448822,-8.984734354596148,-8.794123040960645,-8.805738326629758,-50.37488182627315,-9.850828693664901,-11.209519944255756,-12.770185965493708,-14.150409833497717,-16.830795864703195,-19.114786096959094,-20.117728058374812,-19.673348299145054,-17.994891314872305,-16.126371877175853,-14.981454110184211,-14.709770441566544,-14.45054647881959,-14.45749019803068,-14.38697672533978,-15.027879833157385,-16.6272839658375,-17.672170631266148,-19.50328158830622,-21.885296871253217,-24.781801449191477,-27.6550147586155,-26.76587212886708,-25.12119406112106,-23.50293773602334,-22.00136525555587,-52.41608145251449,-48.436681699657306,-2.6794424850814713,-7.26581210610531,-7.918645066260113,4.775387720453938,15.81995993830686,8.704324878477884,18.5877256245111,-51.276647975673335,-53.385181782912966,-10.50355618648004,-10.525729087798343,-10.367396283799824,-10.009965561264217,-9.346258871078616,-8.671219700490783,-7.734617605180358,-6.827604498851648,-5.933409026656921,-5.273916400475832,-4.726786499890998,-4.376746834905584,-4.2452360857230955,-4.206655689715622,-4.277304188677037,-4.366650112393861,-4.548439615839215,-4.59782427524206,-4.727156174949805,-4.627322388354379,-4.351771601744408,-4.076321801842761,-3.682800341699966,-3.404496145097094,-3.128990246812177,-2.8936025131827714,-39.53806405752773,-2.7130405147937795,-2.7721604424124875,-2.9532097529543293,-2.979311497316682,-3.3080613423589016,-3.5342752000410944,-3.7750427491619813,-3.8071941370612765,-3.8236412607358665,-3.725349395106545,-3.530395260385761,-3.355350798070504,-3.0985896944862756,-2.8831971893434742,-2.5486777499384643,-2.4294961307949956,-2.3095847972129007,-2.3419324412992304,-2.420857202653626,-2.581686265910057,-2.953032827329239,-3.2594986846903877,-3.5936829339930703,-3.996333595978988,-4.06546956267673,-4.09479466624718,-45.426381743017494,-45.883956292503505,-50.111592439049666,-51.276647975673335,-47.79210178896808,-51.276647975673335,-46.85305642258407,-44.56278322610039,-48.26634830153314,-55.426381609472216,-48.26634830153314,-3.645733255122494,-4.388918616801275,-4.846679134083393,-5.22756992686947,-5.122732707790835,-4.683887265065405,-3.939245063773132,-3.171097161327218,-2.4624943456202004,-1.9167336457143278,-1.7943965005258677,-1.8056000774655936,-1.9181624500378889,-2.410868623733782,-3.1415724696746032,-4.1617684218208195,-5.439909401956738,-6.506215129038369,-7.438701529296706,-7.620155832752815,-6.906598505067786,-5.823214950759609,-4.972009204076356,-3.9754810172869908,-3.37096017706698,-3.18312345085133,-40.11159208161967,-3.380206559748852,-3.7704841044392174,-4.633845603957816,-5.924427972787266,-7.3069601258220445,-8.899954269575568,-10.504870190856877,-10.882415466453132,-10.241031615950034,-8.884904878919164,-7.525261830441659,-6.412616029815586,-5.706900305705945,-5.27276748261428,-5.210213869476046,-5.434919531659219,-5.620630698363625,-6.466148802600369,-7.291305810960848,-8.459935235767782,-9.768162949261832,-10.946743495897218,-11.667442033282962,-11.473886774993208,-10.709475481483953,-9.502548763121931,-48.43668148598486,-62.4160816528324,-56.39548173955278,-59.40578169619259,-55.426381609472216
-43.142034256558304,13.861394159665004,-55.446523541205636,-50.39502375800657,-47.81224349018374,-62.43622358456582,-10.316585861599245,-11.23795892470767,-10.63238374815922,-8.839803735728854,-7.196366931984125,-5.5622451143368465,-4.268900521946492,-3.442566580378102,-2.9490772645582104,-2.6893891784373247,-2.8597198458614863,-3.439960798033318,-4.37574749047431,-5.627413719154149,-7.368238359957494,-9.235383944176858,-10.493745161810658,-9.771366539323603,-7.76095624262399,-5.773665333503786,-4.104778329745109,-2.8773361840629703,-2.2021471107627404,-1.7145118981378171,-1.6591983755355468,-2.010684934821466,-44.30709001813726,-3.625288703736363,-5.127593609648309,-6.92752203498825,-9.390241564047146,-10.768341367992383,-9.640101739299396,-7.449121587491925,-5.2890877526656155,-3.770721346064907,-2.6790343422837486,-2.010555234488654,-1.5919445135820727,-1.6356005020645172,-2.0231298400727433,-2.8270612989135504,-3.991948612957615,-5.669799574923227,-7.96481391689677,-10.684905319342166,-12.05157183797609,-10.723055328580779,-8.171078368065636,-6.13623902985701,-4.587940164490839,-3.6295223563843697,-3.063673174001522,-47.81224349018374,-43.35137361887152,-45.27619030266627,-43.14203454001664,-59.42592362792601,-46.87319879998515,-13.71056389876787,-52.89379871326477,-52.89379871326477,-50.39502375800657,-50.13173437078308,-7.7424517821321315,-6.358585786033132,-5.4966866825321805,-5.055834106667712,-4.931841938938254,-5.234001506699944,-5.666983934691375,-6.74687651200041,-8.358016360592273,-10.585195441145885,-13.096393335227916,-15.822546048921343,-16.265171722612525,-14.239468395774121,-11.773523634982517,-9.899815510755035,-8.544101844928004,-7.91797576134714,-7.5587751315792895,-7.693172131922418,-8.104399668444294,-8.719173930423084,-9.769744528597363,-11.309335777185703,-13.338471241291517,-15.389571961004183,-51.2967902159459,-18.180881602675385,-16.914897729821153,-14.991337889880722,-13.311399275528476,-12.375630032851237,-11.709570846488715,-11.512350789480383,-11.774530179596624,-11.969672724431291,-12.842660786309132,-14.09424269826966,-16.009600493237663,-18.27547974122708,-20.954517629176095,-23.487526789132964,-24.56161897629404,-22.951116212517007,-20.82703839432235,-19.59733457345392,-18.87022927766644,-18.08335559302292,-17.7243338484389,-18.099485341287405,-18.82934271629564,-20.231743028898062,-21.153200636014517,-47.81224349018374,-55.446523541205636,-2.699584285053965,-7.285954445603227,-7.93878705435405,4.755245380956021,15.799817779079499,8.684183234221802,18.567583524696698,-55.446523541205636,-52.4362237853488,-10.34901554062124,-9.170857859197517,-8.39867170125319,-7.5551746393745685,-7.2150953722602305,-6.989739719652999,-6.850457757112826,-6.899225685659072,-6.961208760701504,-7.017611812869932,-6.7651010806176135,-6.407271423682045,-5.834609995786889,-5.2465172901446255,-4.600260405520866,-4.03390108349461,-3.667137427642442,-3.394133503117428,-3.293083116132653,-3.375837637771168,-3.45869953726768,-3.713903191634109,-3.9192073788348964,-4.135266802523291,-4.267118631361557,-4.335068713291396,-59.42592362792601,-3.8142175249017303,-3.6952047883150034,-3.2955383557781426,-3.022972771835869,-2.844201820593713,-2.7198940638155102,-2.717673832463884,-2.7600650389458554,-2.9027974813356727,-3.201312420720221,-3.4178441172402962,-3.7040641667568623,-3.887063284237483,-3.989898969298678,-3.9915763061979375,-3.754412931364718,-3.606830744447728,-3.179179305344752,-2.8632932326803933,-2.6000512583449447,-2.421612483753586,-2.3022345404709634,-2.359099829070344,-2.5515747661512926,-2.83805628513802,-3.2149404459950164,-49.42592362792601,-52.89379871326477,-53.405323714646386,-48.456823578158634,-52.4362237853488,-51.2967902159459,-50.39502375800657,-48.456823578158634,-55.446523541205636,-52.89379871326477,-51.2967902159459,-1.9833187407575636,-2.258342560946443,-2.7645032646209575,-3.473028599085854,-4.439372645391867,-5.223782476790328,-5.756270980202417,-5.755860836973856,-5.208486307948943,-4.264802253321454,-3.4592377387549025,-2.7612211098877304,-2.2192045513001073,-1.9933314723307272,-2.0079650346958147,-2.4506964287072646,-3.002218560912542,-3.8990892681098126,-5.064925489487236,-6.574211552862023,-7.718950845191257,-8.247578442274236,-7.818238020999335,-6.754758085350123,-5.37911672336509,-4.597066350144013,-46.87319879998515,-3.525037667726858,-3.474484755324279,-3.7017041527448296,-4.551344282419121,-5.346536343068506,-6.733351691093717,-8.472068069527941,-10.22359411484498,-11.323699688446489,-10.950659498230173,-9.610093166557158,-8.113507232273854,-6.920247623750387,-6.048756033195442,-5.531950176980711,-5.376475136248957,-5.480478986275838,-5.905005856985898,-6.641680213689668,-7.584050795661908,-8.873115335892871,-10.325605935581288,-11.497350841212672,-11.757743943157084,-11.476793225714887,-10.203107249117114,-50.39502375800657,-53.405323714646386,-62.43622358456582,-50.39502375800657,-53.405323714646386
-41.73823316424568,13.590285039372983,-48.55759980930656,-47.14430791838889,-44.382244029164696,-47.02531569161249,-8.506256741705043,-9.10539538592109,-8.824171301544112,-7.55893487040587,-6.226915624450639,-4.868147434554125,-3.8019551839023014,-2.873587744292653,-2.369297344127381,-2.1122255500754843,-2.1322466638037834,-2.4949357909045795,-3.1388850838905684,-4.083341653164403,-5.350122776880491,-6.772257411712863,-7.983089552305167,-8.31039154130872,-7.165871064591402,-5.784488184404576,-4.224228535178997,-2.9995097837932896,-2.138093990492609,-1.6133128601158375,-1.3675490884613848,-1.3241166833739257,-51.56789947381348,-2.2091620711895548,-3.3592134495444634,-4.6447123232312455,-6.201188783788782,-8.001390596190014,-8.827938555373697,-8.20630529397918,-6.468589058322658,-4.8003025784111575,-3.5300046593364796,-2.536728145153875,-1.9248968307875325,-1.5944056482273714,-1.6134749271236837,-1.9001267450453398,-2.5447485206876435,-3.703509288134941,-5.020508185201246,-6.911772011988576,-9.08416777341481,-10.670777418256524,-10.449976984237455,-8.608052748354748,-6.691371827267663,-5.071256642325554,-3.93646626336898,-62.70733315622706,-50.666133329667815,-53.67643328630763,-50.1546078750287,-52.707332949078285,-62.70733315622706,-48.727933207605865,-51.56789947381348,-12.792846552940091,-55.71763311286687,-59.697033199587246,-10.682450215491091,-8.543774725630296,-6.821590894632372,-5.668738594250074,-5.050573069507307,-4.739502140900141,-4.835151751602611,-5.190347464507802,-5.935343967811761,-6.887677383148143,-8.547106110845817,-10.713621693116533,-12.78011936387967,-14.339029973235615,-13.976220600279834,-12.322562179935716,-10.330036087740481,-8.71251701455434,-7.5344633817600695,-6.982880849756771,-6.521612503431409,-6.486011882624803,-6.9037866481276025,-7.48171742470446,-8.328243073957095,-9.960214018831827,-48.55759980930656,-13.913793319034141,-15.408803589294468,-16.057436821507544,-14.862800592597331,-12.929319978601278,-11.273655947534207,-10.4603455143709,-9.533951014790155,-9.22397299873767,-9.295263842657814,-9.742436038311016,-10.17451043750913,-11.091736673580495,-12.6502955382447,-14.798502922874405,-17.084404247192925,-19.420683342574225,-20.886040874874045,-20.666947657108636,-18.67389690482844,-17.0961998443884,-16.21534830425339,-15.769624387831293,-15.70912933020214,-15.926430877303552,-16.553620481047396,-50.666133329667815,-59.697033199587246,-2.9706940587306785,-7.557063955252394,-8.209896404905393,4.484135871306853,15.52870853230827,8.413073704343343,18.296474047176897,-55.71763311286687,-47.655833373028,-8.444156620163133,-7.638901824425483,-7.296610605322122,-7.055563632757082,-7.160842660501377,-7.229918065356243,-7.523431240219065,-7.594584120025507,-7.403786012043917,-7.013910080182359,-6.223733138339038,-5.3201300457168035,-4.483526851184488,-3.810188210049587,-3.1771190609236903,-2.9232911332427918,-2.754223994270119,-2.7812459110313794,-2.8973063778301897,-3.310438454743694,-3.6037734580890186,-3.8332984166052397,-4.208957699284722,-4.20520979850151,-4.019984066709764,-3.7576962802933487,-44.01501620152398,-2.96038846899049,-2.664958018853727,-2.2946503200279738,-2.230987061506139,-2.11102475356128,-2.1988008500689777,-2.3907565642768915,-2.5723879827069456,-2.8454850247813646,-3.234466471716412,-3.4884042075788866,-3.682724324677454,-3.7285728873365755,-3.5706251274224288,-3.545189559182104,-3.1095332704601084,-2.814258962740252,-2.4408361202162334,-2.181821266064267,-1.9842090366782574,-1.8709562925004717,-1.9861396562016722,-2.1683626258822706,-2.4522671896841546,-2.855934960826703,-3.3257146998097764,-45.54729956053386,-45.54729956053386,-59.697033199587246,-48.727932986647176,-53.67643328630763,-50.40284394244432,-62.70733315622706,-53.164907831668515,-48.55759980930656,-62.70733315622706,-46.68673303579866,-1.6661337276626704,-2.126339217232653,-2.9018413629684714,-3.6331655812634196,-4.568289111305301,-5.131968921744868,-5.212056842061321,-4.805438829478616,-3.9146536638452134,-3.1714275158691256,-2.241882013684652,-1.6295202801335105,-1.3875395642975832,-1.2318528045754953,-1.3773217585994892,-1.8965796364804919,-2.595736574869724,-3.7241356300295165,-4.951315805001699,-6.331865425936176,-7.067481995251067,-7.11964756301353,-6.22340111588387,-5.100545753666609,-3.9831476622724526,-3.1978751776916967,-50.1546078750287,-2.3516192224258474,-2.5339105371304136,-2.863171845870177,-3.6147423745095706,-4.635163278515982,-6.144578060493738,-7.745608829383251,-9.237508716978036,-9.7633323727045,-9.220935812373384,-7.9043739686213605,-6.522040972540754,-5.428132266230945,-4.639179476539692,-4.258952762344986,-4.026975524160098,-4.344572974838898,-4.655227429874357,-5.438529949380627,-6.411229267616011,-7.5300309263648675,-8.99898378064419,-10.096323202437723,-10.252946582732354,-9.669456216192426,-8.498192165517935,-59.697033199587246,-48.727932986647176,-45.80537265186875,-12.792846552940091,-50.40284394244432
-42.38180477900448,13.662754409478008,-50.3303743599892,-46.10273820776556,-62.63486357377193,-46.614263455064666,-8.074590879703237,-9.060012630115864,-8.875923741895024,-8.346649940834185,-6.9798565647240824,-5.758637661598241,-4.508376679055318,-3.543156168029735,-2.7792514643120816,-2.1643395040874083,-2.121825163322849,-2.2062545197705252,-2.3979202021459156,-3.0562201527823833,-3.9136445540464475,-4.912020928585372,-6.503668649642047,-7.610127790292825,-8.264639386822441,-7.773535227967167,-6.543350240610079,-5.081870938175243,-3.7369345996348393,-2.6762791034482216,-2.017384173909959,-1.5674450798852326,-50.08213829448594,-1.4034028159473608,-1.6052535593856785,-2.338830448603075,-3.039827862349922,-4.450776853498887,-5.890836422149965,-7.527630935208254,-8.682421032517537,-8.84924963219226,-7.495100712013886,-5.961828596738968,-4.47740592288884,-3.3273844594540973,-2.627673184028475,-1.9421609322289761,-1.9329737294573244,-1.783414026730181,-2.342503164330549,-2.8949952183305827,-3.813780878123862,-5.329261332105652,-7.010685950621029,-8.950934531088246,-10.958117067749551,-11.358600786911744,-9.993488308657136,-55.64516353041174,-48.01088371284423,-53.6039637038525,-62.63486357377193,-59.62456361713212,-56.61426366049231,-51.4954298926823,-53.6039637038525,-56.61426366049231,-53.6039637038525,-51.4954298926823,-9.090820595484328,-11.62750631472938,-13.497148902220655,-13.752113674827992,-11.895994582875105,-9.871073023446474,-7.97007233800255,-6.690584349754581,-5.905668836845504,-5.35544338486599,-5.226611954271615,-5.398648803531545,-5.895885674172381,-6.535826327097504,-7.720546464038472,-8.911912662057444,-11.014180703225732,-12.80017965679092,-14.99422377841324,-15.07573420842448,-13.552963302240466,-11.857515191279564,-9.86737409281665,-8.91126769592109,-8.092148442893016,-7.536469867900829,-48.01088371284423,-7.402915803263105,-7.725367438532096,-8.634494445445657,-9.30722819069036,-10.820029328829982,-12.498655787650312,-14.492321167739657,-16.519542217076054,-17.332226173991064,-16.507448855118977,-14.978103657436147,-13.774188485561076,-12.799773169544117,-12.136909688931878,-11.280325005021986,-11.540225504245685,-11.75162405512025,-12.312504873591541,-13.254272087118817,-14.564115793100518,-16.395344852089597,-18.54415933543243,-20.950772923182228,-24.328977109644114,-25.278874359278515,-23.983823681814375,-47.32007444362931,-56.61426366049231,-2.898224695872773,-7.48459442838271,-8.137426871731959,4.556605398176537,15.601178082794917,8.485542897619855,18.368943541995293,-55.64516353041174,-62.63486357377193,-11.44874512443657,-11.285382479365156,-10.6804890015522,-9.741471508510331,-8.455001055226838,-7.292444032677014,-6.248883064979246,-5.390884222146238,-4.653047678859405,-4.290065469524337,-4.042567399065,-3.945123316727957,-4.127904877847231,-4.355681030020649,-4.680756344507097,-4.794442580661361,-5.057108962315175,-4.749411728957938,-4.6719934232088525,-4.228352249404162,-3.7133772656051374,-3.2489407356156628,-2.7750112181236557,-2.548380502484673,-2.3519413196497876,-2.2984628870896677,-53.6039637038525,-2.4115493185470602,-2.5594470654553843,-2.9955036369305073,-3.0948473951771005,-3.561970230479641,-3.683899498513559,-3.754276895511961,-3.7783117826868624,-3.6142253097143713,-3.3004515563587384,-3.0519969649743537,-2.7321099596231107,-2.464258846222221,-2.3375446509034665,-2.0426386304902793,-2.0856013380043925,-2.0406800752320446,-2.265473988443518,-2.482217744651138,-2.7693454179654795,-3.146602963426454,-3.5506033924117437,-3.7800473963270487,-4.0445383405910675,-4.104297354558308,-3.903983788667233,-43.94254661705311,-52.63486336834429,-55.64516353041174,-48.65546340488051,-53.6039637038525,-46.95284611101805,-55.64516353041174,-48.65546362400332,-50.59366374721269,-46.95284611101805,-43.4967248244654,-3.8803322801143008,-4.6399349708454976,-4.997634598425824,-5.046221292948322,-4.570967323823742,-3.8996988391247074,-3.025891280531647,-2.3306594959537734,-1.723683509315403,-1.2902554529926067,-1.1903108404196103,-1.3514074536819118,-1.594539116134022,-2.193277611688079,-3.0178628309951163,-4.046269076611885,-5.357003778959167,-6.275634945907904,-6.834742535288251,-6.593877815166451,-5.697972543520833,-4.597015731075583,-3.6265132429509346,-2.883906535161719,-2.3820960464276797,-2.2386405346958407,-48.65546362400332,-2.643484503607674,-3.0957887660702905,-4.092866174768609,-5.237360509672557,-6.7230038468281625,-8.208404298635223,-9.492945889462268,-9.513005376017892,-8.813071695177072,-7.285874320041261,-6.1835796333335304,-5.142317303647613,-4.4549746463103865,-4.188998657312056,-4.01543571739648,-4.32476394102628,-4.533822977538271,-5.426195234285692,-6.266115028305503,-7.35099340466328,-8.585910622700005,-9.70174640419281,-10.293615432119774,-10.088222953776855,-9.159417112953163,-8.031719779750334,-45.73290306695487,-48.485130225748144,-55.64516353041174,-55.64516353041174,-53.09243825112575
-47.537508281417935,13.078092194269997,-53.6771004210961,-63.219525759635275,-44.64620055117666,-44.18862588971584,-5.198571974517669,-5.149373469093151,-4.859267501151287,-4.438922750725963,-4.171045168546108,-3.800269383471023,-3.211728720439653,-2.817281378607297,-2.490236598255348,-2.197697058512126,-2.1687314394977193,-2.231853269167213,-2.378694953153651,-2.7673447994423968,-3.1455946109513766,-3.5708977055281577,-3.9292111383403796,-4.249080566762396,-4.151264330650105,-3.911114688356892,-3.552473236821099,-3.003192859105636,-2.4527937048090496,-1.9029542348500015,-1.5472505103879897,-1.3820113259685354,-39.06979227992709,-1.350685592823654,-1.6368844497696136,-2.0297004350568635,-2.6084934816099485,-3.2844358698717127,-4.030833364291945,-4.759341920869645,-4.965666920508195,-4.853120335734957,-4.412344146101253,-3.8068768690119303,-3.0993833097709276,-2.4840832189141966,-2.0071781090453,-1.8020030982777038,-1.6959512421051959,-1.8738756223288666,-2.163783262622497,-2.698760830820888,-3.4975527131635857,-4.61948953516923,-5.615806522096395,-6.585371664953138,-7.183091932763426,-7.254819428622996,-6.64495149408239,-46.059492154263175,-50.91503654585253,-53.219525539903934,-53.219525539903934,-46.059492154263175,-54.188625889715844,-57.19892584635565,-54.188625889715844,-63.219525759635275,-52.0800920675428,-63.219525759635275,-8.132989956666158,-9.57255281197745,-10.643579748299775,-10.369423792791624,-9.487094346940578,-8.215994542802571,-6.753636123635042,-5.8827231092088255,-5.221641987024115,-4.925381240912648,-4.774126801379417,-4.969615959145502,-5.523884638959745,-6.293876248259478,-7.361794921833178,-8.839722335059925,-10.612087823935665,-12.394651930028193,-13.326051195843345,-12.775853189364636,-11.34903065704073,-9.614102887325956,-8.188786096811814,-7.319036116304409,-6.7219241031210695,-6.340795502113403,-52.0800920675428,-6.458628475982632,-7.070247841931509,-7.910245592978931,-9.122408656057338,-10.933340820346624,-12.76590486333202,-15.40786259350067,-16.530078387744567,-15.520954465380024,-13.49171353675614,-12.009511438264752,-10.95566628683118,-10.051501235075797,-9.643759445265257,-9.483694152958233,-9.767435822790194,-10.571606900449828,-11.697957837042603,-13.072220556220465,-15.245118739177654,-18.09788673182098,-21.41425263944005,-23.786559478431016,-23.47671201768616,-20.886264340581256,-18.96255345148854,-52.0800920675428,-57.19892584635565,-3.4828868707993155,-8.069256075200334,-8.722088916377556,3.9719437513589133,15.016515270530164,7.900880450452083,17.784281327244187,-60.20922580299546,-12.126189746533152,-8.93931242353527,-8.939604257761848,-9.04014479448026,-9.136091169280077,-9.25638153541766,-9.120853676787767,-8.51393594966237,-7.75946966242924,-6.786055353179229,-5.829462142690415,-4.817836926261581,-3.990632230275927,-3.3762826161806343,-2.8838731118237537,-2.4913820513893454,-2.311892638459935,-2.294617576319356,-2.4871754599320237,-2.768922239957892,-3.187911885530613,-3.6576014939856156,-4.047701756305202,-4.331684236027113,-4.4200329929905395,-4.140899664714569,-3.664721479109179,-49.069792420780516,-2.4417709970455657,-1.9008089935905472,-1.454743985657033,-1.1074655329350727,-1.0612421272777932,-1.1299954811667172,-1.35560799437587,-1.6704799743250325,-2.148305092381681,-2.7512588348498412,-3.2867286320526814,-3.8206408536290275,-3.9642958850228864,-3.8299428156521897,-3.409743762467039,-2.6885533439888567,-2.136142191831506,-1.5185463932747858,-1.0465055239449794,-0.7861833762043031,-0.767889597553274,-0.9049190775748973,-1.1095759292917236,-1.5006180048827997,-2.0861765867266633,-2.672227275811551,-50.91503654585253,-53.6771004210961,-53.219525539903934,-57.19892584635565,-51.17832593307603,-48.16802597643622,-52.0800920675428,-50.91503654585253,-53.219525539903934,-47.537508281417935,-56.22982571627509,-1.1435643800456228,-1.5403152030193046,-1.9715825461653833,-2.5284934619535058,-2.893962318328374,-3.150246764337181,-2.9588490043446134,-2.763069091661884,-2.3088205738767154,-1.8635883241874962,-1.5435114404918062,-1.288845038534627,-1.1396455259845035,-1.213327070362658,-1.3924071184020064,-1.8470832030297435,-2.2334693103018632,-2.696739163685493,-3.030719877926866,-3.3667118128287927,-3.420647174951439,-3.264507940382022,-3.0089151635871385,-2.599786602035283,-2.3121707276537395,-2.2359100587374257,-44.52720881966853,-2.318748102936348,-2.563261851804395,-2.931906212595859,-3.472705508851149,-3.927707729257073,-4.47192537778863,-4.83536731317313,-4.918568777294687,-4.790813353726139,-4.462796700976618,-4.161221709701442,-3.716724300972153,-3.4942669721446995,-3.4214706745141967,-3.543779232509774,-3.8084431008405497,-4.0110950662959475,-4.45761307245406,-4.928566978468645,-5.4166912395554885,-5.791049463379759,-5.845491646657484,-5.881512619734871,-5.558477343246581,-5.372746821215144,-5.065708073165723,-44.52720881966853,-46.68740037773591,-47.90473663229729,-49.240125585022355,-50.66680046445629
-45.91443884255711,13.140420458788352,-46.62507240081156,-45.91443884255711,-44.01905901472784,-45.522917602935635,-5.313214089018851,-5.369942008015415,-4.847431885905401,-4.5370473614204885,-3.978887772178586,-3.5703498428159253,-3.129452609590819,-2.7950539012296427,-2.5481877448353343,-2.3026860284122064,-2.4859826865124917,-2.733375916322092,-3.004664787123131,-3.4181457734420464,-3.9649096870886917,-4.227074357142059,-4.50889555091183,-4.304122818491113,-3.914632119821575,-3.491678944396421,-2.7476871062421178,-2.2090882814411184,-1.8002842858842352,-1.482546984830715,-1.439216594723448,-1.632708663469731,-43.157197538565,-2.380082120336789,-2.88996572932521,-3.66231701553345,-4.310144645515955,-4.9396723631643855,-4.859240720534201,-4.648469774192776,-3.9313700797003186,-3.2442190921137346,-2.509574838585677,-2.095832693561041,-1.703555276500765,-1.6374959264701408,-1.8499371085699645,-2.150425684071269,-2.9115529981327235,-3.5693617234073405,-4.8069794371890335,-5.82756164309129,-6.601645243462002,-7.040176632966469,-6.430216665237236,-5.598166968590327,-4.697676156157263,-3.9723596451242105,-3.3917079932249186,-56.16749749520481,-42.9041388859173,-60.14689758192519,-48.53321755957545,-50.14689758192519,-52.01776401549664,-53.157197538565,-49.007464058856826,-47.59417253089214,-49.177797451844626,-47.47518029789505,-7.878064080162014,-6.705481341962656,-5.676790961358746,-5.045403439755142,-4.524611407462162,-4.492469388151204,-4.624110038109893,-5.218114133223234,-6.078797353752937,-7.360413068826585,-8.921134993760218,-10.674791125429024,-12.472518939176947,-12.583199387415203,-11.421925614964072,-9.362546823646104,-8.015692701285692,-6.938198950227515,-6.390032873402653,-6.029648782797099,-5.826212421477852,-6.174017085482321,-6.565854266981078,-7.753639639423124,-9.07994089246321,-10.81784977378975,-44.52396893736044,-14.592990345687227,-14.655638620257186,-13.28674966578189,-11.021993563991055,-9.799730936401247,-8.690676795927567,-7.8906777212650345,-7.7438894096808095,-7.728943180825639,-8.168401362042516,-9.064969663623774,-10.563624437297896,-12.46184843986188,-15.072049726828764,-17.723222630022182,-19.773828048930024,-19.59751272083546,-16.986145398474083,-15.111714178767873,-13.860709865905807,-13.428784587226424,-13.190942860553925,-13.44476388325033,-14.499171984153564,-15.557121400768379,-17.1161257165178,-53.157197538565,-48.53321755957545,-3.420558438856704,-8.006928348083006,-8.659760873977406,4.034271478476242,15.078844045343313,7.963208939302825,17.846609364566405,-50.14689758192519,-52.01776401549664,-11.269234101092223,-9.87993102630137,-8.42305804593509,-7.406324003690713,-6.378565058343546,-5.790460039603462,-5.259627941517628,-5.0012873376319,-4.913355044651785,-5.0202070982911575,-5.371944389930578,-5.577986339927818,-5.955596413824006,-5.985278910071033,-5.792116878982917,-5.122947414408024,-4.575074999622756,-3.7197153847256095,-3.1543491762688634,-2.508781656068699,-2.0064034140663813,-1.7205741420207021,-1.5775979093922101,-1.753644777733347,-2.0560636464588065,-2.534943618057515,-53.61477244417176,-3.657270412215088,-4.028151841095154,-4.476681133476626,-4.1355906418914525,-3.9254826308715725,-3.24908234246924,-2.520768081117506,-1.94166447892301,-1.4431130289245,-1.100712749266549,-1.0834177953185469,-1.1819854971179238,-1.4609087600332735,-1.9731050263638457,-2.490599407927071,-3.226129871818247,-3.7546983700291547,-4.109517767336884,-3.9563716640435977,-3.430093170524962,-2.8632296083066637,-2.163084528278125,-1.5305707756502562,-1.172639467115664,-0.868996808753083,-0.8911546416609063,-43.863008281422076,-49.177797451844626,-45.02806397213645,-51.11599771200575,-53.157197538565,-41.008759058088025,-50.85270832478226,-46.62507240081156,-53.157197538565,-48.53321755957545,-46.62507240081156,-1.184311756299739,-1.0962283233059564,-0.9289585528071858,-1.2901734123456918,-1.5288036839893537,-2.1038331494124405,-2.5943824084897606,-3.076696308841342,-3.2339028779789176,-3.062191304154047,-2.911959131121202,-2.520712084791736,-2.016852221379748,-1.6744664730280028,-1.5260463621997378,-1.5146684524284661,-1.751409804637079,-2.029204120590937,-2.4601839375269647,-2.9573780815171924,-3.3390835806348163,-3.6755286036028787,-3.813778868673997,-3.5849762223073363,-3.2796593723219503,-3.0488867546434966,-52.01776401549664,-2.5861190503214067,-2.4715247302664562,-2.712689876185626,-2.992480423817228,-3.5209196611107085,-4.055544547459943,-4.713904792799926,-5.038740903574616,-5.250482972185661,-5.124457193316536,-4.890282818580929,-4.390747676159354,-4.0566929290896,-3.8225577616959616,-3.7087697140434117,-3.8833196579648064,-3.901189156792973,-4.415616031505935,-4.82939456677302,-5.338057345111165,-5.736131193784347,-6.022460068179445,-5.9678645088261355,-5.987120137891141,-5.6289029175223115,-5.423685829785947,-50.14689758192519,-45.02806397213645,-47.84240836814246,-46.16749749520481,-51.11599771200575
-50.79232712256641,13.46409127320502,-62.83352694912566,-48.85412686240529,-56.81292703584604,-46.81292703584604,-5.62030205286719,-5.651999098772038,-5.450907326716841,-5.367084032446694,-5.145370433339242,-4.977082745019774,-4.475327928713156,-4.1901133330513805,-3.879693689650456,-3.5790755814787567,-3.538923782825169,-3.676822697940133,-3.742033069040968,-4.058465595938355,-4.417373321397913,-4.681091098347469,-5.010234152945337,-4.992056260419001,-4.956585061394449,-4.901541092626488,-4.159842318936694,-3.6078704043723118,-3.212562073502947,-2.785014592701374,-2.5656581444397233,-2.5099147332800946,-12.507939795820842,-2.942643704144495,-3.36797249343088,-4.004264893656747,-4.682739251026568,-5.327910798429677,-5.750839499067867,-6.025088179389547,-5.274580735672215,-4.662887118852786,-3.89421767066946,-3.3066292501198142,-2.790291871162107,-2.5770524264727213,-2.5571854623926242,-2.787540720907643,-3.1970367910309294,-3.9724283180588538,-4.902540810497215,-5.980149941021939,-7.038606206969952,-7.788967808289651,-7.579942826382888,-6.903935822525713,-5.923756049062154,-5.036660093823309,-4.277063797618505,-48.68379346941748,-49.82322699248585,-48.85412686240529,-51.69409342605729,-55.843826905765475,-62.83352694912566,-49.82322699248585,-51.69409342605729,-52.83352694912566,-50.529037735342925,-48.85412686240529,-9.19468205500271,-7.837686835148859,-6.670809801769471,-5.79524176158471,-5.14894417622833,-5.029705647437046,-4.98329118004183,-5.367045034009066,-6.087854559611375,-7.130853504916747,-8.592816460239193,-10.540805322901448,-12.456991185706007,-13.342164962482892,-12.759377873384457,-10.911533362676076,-9.197388200181337,-7.891034843587544,-7.090134877630354,-6.793427636720722,-6.1837152249098395,-6.312021453776176,-6.660922972558271,-7.483055406196522,-8.644881621859378,-10.33037622429861,-46.81292703584604,-14.480807437866117,-15.722121931131191,-15.214548752748215,-12.92725270105634,-11.339333743571949,-9.883929561509992,-9.082380291613811,-8.384074102562613,-8.144664937955536,-8.429947034347073,-9.01609623854162,-10.182210867574424,-11.641859193024377,-13.793028936296581,-16.637376580842673,-20.118596160340353,-22.78343870915876,-19.86665568451124,-17.348404553098735,-15.432980464977913,-14.579525636078776,-14.308117048138183,-14.233922675370057,-14.863622872286527,-15.562915176846392,-16.83687914602482,-52.83352694912566,-59.82322699248585,-3.0968875161891063,-7.683257723757998,-8.336090263633018,4.35794210280125,15.402514432824121,8.28687929793778,18.170279857028643,-56.81292703584604,-48.85412686240529,-9.54351637229699,-8.134938658022202,-7.085981996942246,-6.296578833989033,-5.7696607703636325,-5.606159770972492,-5.580088058045298,-5.865665927101774,-6.272314753846732,-6.782956000101765,-7.301677420066461,-7.392226030135132,-7.120341199663065,-6.357154727161398,-5.376495595841384,-4.345793591741917,-3.55550300228386,-2.822804687088609,-2.3906229465320274,-2.2513853434940803,-1.9679000581361583,-2.0631196969368464,-2.29749987548553,-2.820530425947645,-3.296886865909964,-3.952574829330579,-55.843826905765475,-4.87537997954707,-4.9491774497047,-4.749654531749655,-4.082335098342887,-3.4970241506135773,-2.8845070037173057,-2.3422776236839997,-1.874667366651484,-1.5511310733017336,-1.5293914934587742,-1.6460134469991177,-1.9645605150889631,-2.463674709787825,-3.063661937876625,-3.813754118506027,-4.448763572498233,-4.829765855900166,-4.922426614373307,-4.411168053441809,-3.679164806239901,-2.940466524355471,-2.2981140107290567,-1.7233728602176843,-1.372631082908833,-1.2132624850754243,-1.2948145253693202,-53.29110185473241,-52.83352694912566,-48.68379346941748,-53.802627079206225,-43.802627079206225,-45.67349351277767,-46.30140181137222,-45.843826905765475,-55.843826905765475,-55.843826905765475,-46.70568838192831,-1.428773058491547,-1.2420648844705209,-1.1848554244174703,-1.4190890939361978,-1.807619136522582,-2.490415703358277,-3.045461108447636,-3.719665188678028,-3.994614126596996,-3.956943273969305,-3.75806972560035,-3.222269636635182,-2.607012764008785,-2.208804962390493,-1.9131385862962107,-1.8183315681569667,-1.8850925926725028,-2.058648552583863,-2.461095422864403,-3.0332338720429757,-3.4781271286260456,-3.923591356616562,-4.268352776098517,-4.2355414800478846,-4.187627254779068,-3.92180553952234,-41.13090979517609,-3.51671085850107,-3.3362466932537327,-3.357185069645434,-3.56031112494345,-3.7689424133016036,-4.195422444637337,-4.71951282673454,-4.933005922844691,-5.427429145947965,-5.490898759393923,-5.462833544092744,-5.20372740119449,-4.919336300711037,-4.845570680754769,-4.777308463144172,-4.837295612189346,-4.700319265448742,-4.975780963962179,-5.267393892690267,-5.438341471406069,-5.695892381329049,-5.877440867069773,-5.910761153638441,-5.875209190689423,-5.908009727235326,-5.889537165410542,-62.83352694912566,-48.2095469701361,-49.82322699248585,-50.2808018980926,-55.843826905765475
-43.19889857981149,13.604819181627533,-55.703098602900425,-53.150373551867375,-53.150373551867375,-62.69279864626061,-5.632486235839266,-5.7371064062236705,-5.688314167134641,-5.7815855692555465,-5.482198294639145,-5.213835474868204,-4.893199164715199,-4.524064841083431,-4.170774950178696,-3.866813515966508,-3.6505137086468737,-3.6145534291987564,-3.5753649760903365,-3.738236023898599,-4.035713935385223,-4.050150614447305,-4.5348372709015825,-4.7759907350798905,-5.134842410302987,-5.242472248430764,-5.1127381550674915,-4.8304535937396835,-4.331450714318701,-3.9654514984746765,-3.509433484808417,-3.088257217209092,-47.01078140559066,-2.5695352736275896,-2.553877073913218,-2.8099876455634165,-2.9734657008132066,-3.636323718211542,-4.217016907913625,-4.861362172164212,-5.6200782209346585,-6.12597218703973,-6.239823976138092,-6.06059648832228,-5.503051323365549,-4.809382613622841,-4.156631545376455,-3.367239006422808,-3.1067537477618283,-2.8988766277090927,-2.8784090650787633,-3.042815014006477,-3.451329791074001,-4.134313541140064,-4.96265427495416,-5.965818093869675,-7.163781599078799,-8.196348703099222,-8.788517442013012,-52.69279864626061,-59.6824986896208,-52.69279864626061,-55.703098602900425,-52.69279864626061,-53.66189877634119,-53.150373551867375,-59.6824986896208,-53.150373551867375,-52.69279864626061,-53.150373551867375,-6.42701338083757,-7.805529552987628,-9.291809730368158,-11.015225664902918,-11.930035911601733,-11.967909920387097,-10.734216961735974,-9.38701712010483,-8.061561689395507,-6.783166081550154,-6.202089576494853,-5.864193808533241,-5.647415884711062,-5.786470546707802,-6.226938109308864,-6.894871073473411,-7.989487804116764,-9.253024351576999,-11.116358022449601,-12.831802491142364,-14.214296869188088,-14.435162832858754,-13.303950490092763,-11.372348185039318,-9.78137537940069,-8.854609078911711,-48.54306516655244,-7.527444821484334,-7.0750489112672845,-7.332444037727573,-7.6434572933252,-8.369183789492839,-9.214426402376297,-10.757879524758398,-12.615961013896362,-14.907668505728779,-17.897189436421012,-19.201967102627794,-17.77358152039911,-15.584350691114723,-13.867211718199183,-12.713258686461877,-11.962914492675656,-11.306456698497707,-11.724775573421853,-12.011645299417196,-12.802529918887437,-13.993620235683245,-15.542380626240123,-17.911608781180654,-20.791443119271122,-24.910562468658593,-30.08016995833568,-50.14007359522756,-62.69279864626061,-2.9561595576002615,-7.542529048510267,-8.195362113611774,4.4986707780489805,15.543242453465993,8.42760783087569,18.311008144064186,-53.150373551867375,-62.69279864626061,-13.82760917328309,-13.500761815175533,-12.28341448787766,-10.698400847006134,-8.918260539506768,-7.503384108706679,-6.311731532725094,-5.306443352737043,-4.560372021951759,-3.9219312857946416,-3.721428562647286,-3.633977094567593,-3.6917229690105464,-3.9290904550933097,-4.3083061997328596,-4.7393313427273736,-5.445576538399796,-5.6977429005429725,-5.886235041611986,-5.686895053346124,-5.267330730633487,-4.641080525528259,-3.975049763209963,-3.315915168962187,-2.7261933550024997,-2.4096159679743825,-59.6824986896208,-1.9151308578742035,-1.769603965137654,-2.0712636061657093,-2.217460556564605,-2.778039363395423,-3.1993816803625954,-3.8242716960778034,-4.424783553521884,-4.884083640184311,-5.05303354072995,-4.986443298641506,-4.52754203493778,-3.8156972512053318,-3.313985519545883,-2.586945413464623,-2.2386103692594554,-1.708975025854693,-1.6401056777996792,-1.5739763716095665,-1.683127184634476,-2.043279851600583,-2.4608915483041836,-3.094326874369787,-3.8556112352985683,-4.5410539806456045,-5.044875162511203,-47.37800947583807,-53.66189877634119,-59.6824986896208,-53.150373551867375,-46.67219873298099,-55.703098602900425,-46.56496007906326,-44.059570045056056,-59.6824986896208,-47.37800947583807,-47.12977363858775,-2.27681506971499,-2.971340153605368,-3.5590638519063216,-4.218521764436676,-4.339546648620802,-4.277470817836019,-3.898209852700607,-3.33716163646516,-2.8159127655523273,-2.240969603541481,-1.8986560371710048,-1.6625754904939427,-1.672494484437598,-1.7972795994991195,-2.135862290891842,-2.373251454349084,-2.955979588155697,-3.457850746559794,-3.997049313881302,-4.225247098259539,-4.342021693489227,-4.196043679956062,-3.842297531154947,-3.7094418188371296,-3.4555518907916167,-3.2469603573527897,-43.19889857981149,-3.217182309112727,-3.4270284663250896,-3.8596602417441597,-4.01911378028697,-4.556315385428981,-5.064213570044624,-5.214269881854444,-5.454368632484675,-5.446943730456029,-5.3114488554118875,-5.163867324433412,-4.961460941054548,-4.85115631023552,-4.881623680409664,-4.71424660153118,-5.030477293980566,-5.136062042792772,-5.374977609532783,-5.592352985083641,-5.843474745779842,-6.003044144281121,-6.212615471631357,-6.163057950181846,-6.1045791145701775,-5.980459334733004,-5.908124579501566,-55.703098602900425,-53.66189877634119,-46.16067350850719,-55.703098602900425,-48.71339855954024
-52.68212957739954,13.615488618789264,-45.69242942388012,-53.651229500931535,-47.11910459267651,-42.682129453470395,-5.935483364283866,-5.979577911308573,-5.7834935415681485,-5.727435117658129,-5.502596389651937,-5.144445370939898,-4.695318939463987,-4.373972238104448,-4.168053220368309,-3.87467926515787,-3.854562055607114,-3.896078664191692,-4.138843988118993,-4.458447513574594,-4.837597316563148,-4.893427887102552,-5.224536822453201,-5.2233749589081535,-5.238432814934044,-4.861633418414552,-4.32906718541399,-3.959861728094981,-3.262539924314441,-2.983973973108362,-2.906681346824022,-2.812290150797762,-56.66152945757135,-3.301251946317401,-3.873764832467907,-4.556251093668923,-4.996266264732795,-5.7952887637017145,-6.041843016198296,-5.988737338400107,-5.452304200318551,-4.696106149993986,-3.8698067104615275,-3.3029805276844297,-3.050250047337253,-2.8541861324726976,-2.9739896923415725,-3.0672543134683754,-3.65200562443823,-4.477408569996265,-5.472362703687353,-6.512105022039252,-7.447356910669198,-8.075360453514254,-7.811919840275976,-6.906188867402885,-5.991397622299309,-4.9566458333412715,-4.280409202743149,-48.70272914643156,-50.377640157068235,-41.54269583719038,-44.82883109975095,-49.67182941421116,-53.13970450595613,-47.3673401599287,-52.68212957739954,-44.82883109975095,-47.3673401599287,-45.047849553927676,-9.024367396737814,-7.759597817670523,-6.4707715161298545,-5.716521432012781,-5.215593245656942,-5.220077560592178,-5.454762123289964,-5.941053416237497,-6.851094051843454,-7.97371877663646,-9.635134942751185,-11.812661138601117,-13.16486959487606,-13.379976946762078,-12.167902628383398,-10.578596755281254,-9.104133224101009,-7.925983954640444,-7.007101751860243,-6.6879169405510694,-6.539191022994739,-6.817471790286195,-7.381759765808428,-8.309555941690313,-9.60930878035491,-11.64241659306281,-48.70272936675002,-15.804699938072533,-15.56734679544832,-14.185908924527173,-12.657660867219631,-10.633444095423954,-9.391895387302812,-8.979441548843223,-8.54757231190322,-8.619368403110993,-9.085424786146662,-10.044514716899746,-11.13700672985174,-12.922070512236303,-15.545124417125786,-18.68712269881644,-22.47478869048421,-21.91754534563804,-19.181006415122713,-16.935683013002723,-15.450775342789914,-14.677639132179007,-14.151478025474013,-14.334998040951321,-15.251266624439621,-16.755366819086717,-18.543099536393818,-47.00011235347677,-44.55299580442242,-2.9454899670455448,-7.531859858830144,-8.184692599945876,4.509339967729104,15.553912223372812,8.438276888464102,18.32167766866799,-52.68212957739954,-52.68212957739954,-10.450468137457634,-8.927596550677046,-7.748998802616118,-6.800252804953346,-6.011617683410883,-5.690136969945087,-5.64253006014115,-5.723811543853508,-6.11239356423789,-6.512105022039252,-7.113787512581531,-7.485371530704109,-7.495081944269865,-6.972207687325401,-6.1322727639665935,-5.120379752629382,-4.377462056467447,-3.4409397587137143,-2.882450268440784,-2.535706016540809,-2.229255513600882,-2.3256353589339502,-2.413366051481544,-2.815307550196005,-3.326527764576145,-3.8633548121887666,-42.63891549668887,-5.103274236873333,-5.202847643894211,-5.148742980419872,-4.728022152192914,-4.141037493870532,-3.3897286178513797,-2.9198680255798246,-2.305689375711782,-2.041890768821376,-1.8049784538107843,-1.870025085805268,-2.125311922051752,-2.4954568984300964,-3.1221172977036558,-3.7344841535820583,-4.521725887825455,-4.931401114508524,-5.295235023778186,-4.966511999310452,-4.301797431332174,-3.638929337210621,-2.7890109362693054,-2.135427932919545,-1.7723579496102528,-1.5436679912125673,-1.618527147302791,-41.09850467939688,-56.66152945757135,-55.692429327490785,-46.150004462595945,-48.53239575873987,-59.67182941421116,-62.68212937085097,-62.68212937085097,-52.68212957739954,-62.68212937085097,-52.68212957739954,-1.7987232389937962,-1.5818647190030923,-1.468763822037055,-1.6424168486030246,-2.0516117322128027,-2.534824611013857,-3.0777167240822063,-3.684356147233312,-4.206446076210201,-4.285928581500656,-4.044827325217087,-3.564264467833083,-3.141011833180758,-2.7425501166966653,-2.428071306521918,-2.0996424879353106,-2.1324765305524864,-2.288682355667052,-2.716237815086626,-3.1272820519375966,-3.628029475276991,-4.172324150665444,-4.293909368120307,-4.598763770970724,-4.578876375983791,-4.347821015637291,-42.682129453470395,-3.8585120969181226,-3.7854996786374038,-3.8176286041067806,-3.765388962098214,-4.19367639600202,-4.547120446641558,-4.892965702815976,-5.254281325180848,-5.687003932617964,-5.622774174161091,-5.661332367981078,-5.558444182887,-5.381771918078057,-5.346810864202082,-5.051348011727236,-5.0911193849603755,-5.243858145949761,-5.31873805823051,-5.51121050857695,-5.752937963855082,-6.040299263913859,-6.2578697698206724,-6.2619975696584,-6.242975880608003,-6.1765968064741035,-6.148286843290282,-50.377640157068235,-48.058149273155344,-47.00011235347677,-45.522096093386494,-55.692429327490785
-44.43221811784126,13.736266278749483,-48.58195167902799,-56.540751770990184,-50.25686247048707,-59.551051727629996,-5.9710839126483,-5.970512803257424,-6.036867235465931,-5.825567495631647,-5.793281744148652,-5.634389427007827,-5.237374123985287,-4.883769322854823,-4.43151628608557,-4.231634335090955,-4.023761441740162,-4.006056982439557,-3.837493078955321,-3.950400847353501,-4.130556575126835,-4.534257479653719,-4.810229723470897,-5.215649615862321,-5.247575966005236,-5.438079196676577,-5.230181667229843,-4.983839808111259,-4.664740930849707,-4.12030965178313,-3.6367434276082293,-3.2414365595263046,-38.47895203115132,-2.857919868690252,-2.907772744570234,-2.9899306860728982,-3.4952866556599584,-3.916122372432051,-4.567808520507185,-5.287566206166105,-5.942221845226369,-6.4174738027038565,-6.486780077809136,-6.220006441947492,-5.3741346966740835,-4.64932404374016,-4.0285075420633785,-3.6834857628394992,-3.219115381057959,-3.1452190868408096,-3.2059314291869856,-3.452947444905736,-3.9589239049259954,-4.784691800461955,-5.542823586696478,-6.73206371104003,-7.794469519988604,-8.782718623912482,-8.873612346266654,-45.57165173596793,-51.42191831789097,-50.52015185771057,-48.581951461751856,-50.52015185771057,-49.551051727629996,-53.53045181435037,-47.2465624739068,-48.41161807398704,-53.53045181435037,-47.937371588213374,-7.354735277206127,-8.69012387891689,-10.700946825833025,-11.852812325539333,-12.385593022776822,-11.45330031211373,-9.969882378384712,-8.696701140333978,-7.524575147808147,-6.801429866626315,-6.248192782851661,-5.988411867449436,-6.032219340383289,-6.337294130106783,-6.97750641382034,-7.836127401942122,-8.998300541957944,-10.656353704285035,-12.555926342750825,-14.278814125326818,-15.051641881821357,-13.895879243834884,-12.13193623669798,-10.601442018951726,-9.462921596323259,-8.428153036361117,-43.92812311096887,-7.475112049604711,-7.757070938116076,-7.885670184111394,-8.440780101635859,-9.55713618754427,-10.777770247912366,-12.432937389767266,-14.935391318630028,-17.34683236150286,-18.936150110781583,-18.42232171718394,-16.237790970199207,-14.254374605353952,-12.93060734372835,-12.014876451748195,-11.485012869720375,-11.720238129540233,-11.851484301456082,-12.557661578560337,-13.703218134790449,-15.416545210926477,-17.39930417975828,-20.503625703441696,-24.989669469842816,-29.361967445356637,-28.175928401960242,-50.25686247048707,-59.551051727629996,-2.8247126187472666,-7.411082103904877,-8.06391506527283,4.63011772265437,15.674689841971645,8.559054849411092,18.442455229118806,-62.56135168426981,-55.57165164090962,-13.023319908688897,-13.338821405603941,-13.093440651378005,-11.744674691248855,-10.303246829241763,-8.801918526856248,-7.390554392501417,-6.185043744888388,-5.156777355253965,-4.589555871484016,-4.038089202712762,-3.7618986223222866,-3.711784997119654,-3.7607080873181467,-3.916567037892174,-4.507070173683268,-4.905195073353584,-5.556166638823936,-5.770235963086236,-6.062612000365171,-5.912639138500186,-5.394824974444039,-4.920450206206556,-4.221152213223355,-3.5124550871540676,-2.9602129300745093,-46.540751974686565,-2.2772660359134806,-2.1872736111201436,-2.138522834688977,-2.381053533288266,-2.5953593915674107,-3.0774080833424735,-3.5517572576260243,-4.242551535440265,-4.709754989190282,-5.282744015581983,-5.336287573600119,-5.159335869177366,-4.66506505201821,-3.94932455950073,-3.3784267967919623,-2.6729631901655715,-2.329938388762738,-1.9259388346755968,-1.7750108518420276,-1.75956190901094,-2.0263685751563463,-2.3706126411139308,-3.034686115022768,-3.6849760378210754,-4.336761426710828,-4.881634830617271,-53.53045181435037,-50.52015185771057,-51.42191831789097,-50.00862685956606,-59.551051727629996,-51.42191831789097,-62.56135168426981,-50.25686247048707,-62.56135168426981,-56.540751770990184,-42.39101816070742,-2.3013988354639494,-2.831986189427922,-3.550382598407868,-4.000052727872289,-4.500746183832064,-4.659091381022902,-4.390532627414166,-3.9517818710456876,-3.2966666323993854,-2.853584113671646,-2.4226695671243617,-2.1552651874155875,-1.9744309250741565,-2.0557405381190534,-2.1788828960391498,-2.693983460263556,-3.003319899580843,-3.63136752898869,-3.96630578403546,-4.398567641447542,-4.518587323009004,-4.386378946115749,-4.521969451448028,-4.054956330699381,-3.847414831115763,-3.680399590151349,-40.71443760242313,-3.599960092677888,-3.774313341168658,-3.9027760258050708,-4.5032108263164705,-4.660689684958567,-5.101708308350132,-5.501603260847686,-5.676779755721099,-5.81214351985647,-5.720756119378394,-5.594905097394491,-5.3550873857255485,-5.186292498253982,-5.073566190801698,-5.270725045335074,-5.357029793797835,-5.494540754670235,-5.715321482049288,-5.866685659541729,-6.167154414632355,-6.4097447689721605,-6.341150116335649,-6.440838689426536,-6.292407392429695,-6.31199525733679,-6.208072640430279,-45.318593077939575,-52.56135188796619,-53.01892681620587,-45.57165173596793,-50.52015185771057
-43.91106327374837,13.753326007631282,-55.5545918594416,-59.533991946161976,-52.54429169950511,-51.40485822335136,-6.228941014161425,-6.1861580787260255,-6.156953816143494,-6.10841322506007,-5.862296965530217,-5.579495869962884,-5.095067243319651,-4.798998330645811,-4.475325523229622,-4.2526185857916285,-4.140658746067,-4.256629882997315,-4.364409850976846,-4.603784308968023,-4.971394709682972,-5.262621505124142,-5.5786227771195165,-5.653228983286265,-5.432143306786042,-5.174020664428208,-4.535190670017642,-4.075232840313147,-3.6474099832656814,-3.3104214684250484,-3.137110445199695,-3.0874549254019645,-44.41515855530813,-3.648535534539813,-4.272551694338124,-4.915406567379142,-5.59097280544672,-6.1314353356415126,-6.283394002425073,-6.154320748971799,-5.451015643606977,-4.713993569763856,-4.078385265861619,-3.5431557926055266,-3.158894636337471,-3.00307781516886,-3.1832531869045866,-3.6296701709183834,-4.214644974067542,-5.071075070335479,-6.078431603264672,-7.222802100826328,-7.975881550351512,-8.155563105200383,-7.659955176409942,-6.775847007628841,-5.7846301200957475,-4.937353274200694,-4.330644047734589,-48.394558553412004,-48.56489173476274,-62.54429190280179,-51.40485822335136,-44.21920277573943,-50.50309207624254,-53.51339203288235,-53.51339203288235,-45.30153347529897,-49.533991946161976,-47.22950277224133,-8.588983747156302,-7.330557029984134,-6.2833323675088675,-5.672633320159669,-5.477754115225942,-5.67463312444003,-5.920444226576269,-6.556113588407779,-7.721732158848484,-9.307296071423657,-10.941858528987334,-12.885645518136295,-14.013031293911496,-13.067504673820965,-11.312540026120168,-9.75298641794461,-8.465931919795315,-7.642445055501384,-7.056406709773524,-6.982413154013906,-7.047761798917966,-7.514888705989332,-8.404173671114197,-9.71082692277239,-11.337993762800583,-13.265970795316246,-52.54429169950511,-16.071831963285167,-15.02088782801385,-13.068925381397118,-11.591446965221163,-10.02873681882914,-9.290674817730466,-8.945481837724193,-8.805135949059665,-9.103907534797571,-9.787033142160661,-11.06057944825272,-12.593163621463665,-14.976029486665949,-18.355150121779534,-21.43671172814728,-22.717058266574792,-19.572159792129142,-17.251015070046446,-15.855123819944755,-14.812207465616847,-14.531352715035506,-14.412353052047749,-14.93765526119035,-16.099512295234724,-17.755021292647623,-20.142794829864656,-62.54429190280179,-48.394558553412004,-2.8076527531774205,-7.3940222649170515,-8.046854880358582,4.647177561642196,15.691749692596028,8.576114575587106,18.459515365368972,-59.533991946161976,-62.54429190280179,-12.137240283868053,-10.125616196213475,-8.697210420018704,-7.432278790658962,-6.522606218481758,-6.041984477675953,-5.627457497863735,-5.554200888512272,-5.730205555052357,-6.073201681705961,-6.556682467356363,-7.048546147842124,-7.508863476008486,-7.316916220222911,-6.916012481902541,-6.128707883360943,-5.244249862359535,-4.384180385917011,-3.6497730062290445,-3.1373340964719345,-2.6627661493145394,-2.5129798043152674,-2.569270158502705,-2.7334211343059973,-3.1112219770130327,-3.606047586064741,-49.533991946161976,-4.770835786491165,-5.364285330365747,-5.57300172644334,-5.413588822642675,-4.907467115825572,-4.301315177651733,-3.5816485686312287,-2.997834324016657,-2.5186141660793,-2.2296376193202194,-2.161345782429261,-2.164639766026578,-2.3805408495971134,-2.8319417727356417,-3.5724871283296706,-4.291420358263242,-4.958866616540987,-5.404718721989595,-5.556945965729221,-5.025283941051214,-4.412533205790656,-3.463276839140126,-2.8017459070665875,-2.259709725360118,-1.8712580290800807,-1.7554264576471326,-43.51339203288235,-47.22950277224133,-62.54429190280179,-49.533991946161976,-44.910012177479345,-55.5545918594416,-48.394558553412004,-50.23980268901905,-50.50309207624254,-50.23980268901905,-53.001866582523334,-2.290311419265843,-1.8576663216631415,-1.7264853246854601,-1.7284245857498612,-2.098894347512319,-2.5045709851378954,-3.1327519854051165,-3.784597776837282,-4.303280981490795,-4.590386298388051,-4.57476924524114,-4.165321511044112,-3.6673932464078947,-3.1397398256026,-2.7628793962224263,-2.5015727321330363,-2.435240031724322,-2.553069317374291,-2.8228329636968534,-3.225418072638036,-3.7145406339396096,-4.220397250427417,-4.704906245362063,-4.871894319690243,-4.912857872958943,-4.84819971163653,-43.91106327374837,-4.3108540379538685,-4.250938653970584,-4.169973298200339,-4.239367449297042,-4.347523579586818,-4.736784970924997,-5.192999571059067,-5.518909905886277,-5.8190837057507245,-6.027926493555283,-6.100890754624752,-5.988941418775538,-5.844460350302475,-5.701144615201143,-5.62865885181297,-5.632583833751602,-5.628128863539351,-5.748550474890315,-5.970482240247166,-6.084550576807345,-6.278743145064549,-6.488171027926935,-6.567548373670105,-6.635327644073793,-6.590288650035394,-6.475997705522443,-49.533991946161976,-46.86227444235164,-55.5545918594416,-50.23980268901905,-55.5545918594416
-45.57253753777397,13.823119990060356,-48.49509788257131,-47.850518186872115,-51.33506437176067,-55.48479800659937,-6.336904112613962,-6.369259183653185,-6.298603202095126,-6.23454591223865,-6.100591287788309,-5.874376375997078,-5.455564339843633,-5.088959387151505,-4.736092136179614,-4.314465950975354,-4.174741800987928,-4.097320048354126,-4.099389944520112,-4.270322290792701,-4.551421637790943,-4.856647454391377,-5.309548226310159,-5.58709706059253,-5.815312622151284,-5.763464159368434,-5.454184597182271,-5.0678955083783475,-4.5379908962829845,-4.014289343582483,-3.5701425409024146,-3.2904146695380403,-43.78218108883952,-3.020929877003291,-3.112246918081813,-3.440732892714941,-3.8881396913310744,-4.558594711576252,-5.3819854472407425,-6.133656720405082,-6.668076125297052,-6.939005346452126,-6.495945283967883,-5.863596369418253,-4.969529662918588,-4.276821833194734,-3.703630583023672,-3.2709167666338823,-3.1128806630402934,-3.0802540631193933,-3.4604597761901656,-4.006847977028802,-4.787791489074062,-5.861777148601945,-6.895710302114701,-8.172053627261826,-8.887822149239447,-9.22159955880908,-8.592615296624151,-50.17000883617683,-45.231739620307856,-52.93207273148889,-59.464198093319744,-49.464198093319744,-46.79248059126834,-55.48479800659937,-47.850518186872115,-50.17000883617683,-48.32476469952682,-51.33506437176067,-9.513969672058224,-11.280289408073417,-12.792284249990278,-12.547637446366009,-11.138311033419521,-9.582355607890662,-8.073975766004517,-7.070940405237484,-6.328805648889041,-5.92095239122704,-5.7852368381570045,-6.068322333860471,-6.573617915470761,-7.528249882904353,-8.651859513426231,-10.067084093058865,-12.095693248775344,-14.059902201261052,-15.551229631054028,-14.654217127675883,-12.81585165435114,-11.104218350417895,-9.523227104558519,-8.567460241559498,-7.907650124530675,-7.571822044245961,-46.453897935010254,-7.698872513499152,-8.234768673660017,-9.2589281604201,-10.264583380067764,-12.173684694539856,-14.550230837345786,-17.269138910848717,-19.48989705500105,-18.52910554872794,-16.125193443052165,-13.955496587358827,-12.53705035730664,-11.542908501882756,-11.08547412218714,-10.935374159003226,-11.121231501381509,-11.823857237065447,-12.860239857974822,-14.271629083283838,-16.418216161415735,-19.597376473668326,-24.090415474206473,-29.529836152099783,-28.278244217004705,-24.373517620039497,-22.07758135107376,-46.91147281820926,-55.48479800659937,-2.7378589490897958,-7.324228544948461,-7.977061298016985,4.716971281610787,15.761543335618434,8.645908276417401,18.52930895935198,-55.48479800659937,-51.33506437176067,-10.361557038249503,-10.937385737366924,-11.659584805000847,-12.137928747173468,-12.111203737856949,-11.403213013744988,-10.066884463049274,-8.473869767619416,-6.968179330260668,-5.794815806693386,-4.853597147937615,-4.13506270092764,-3.6258535606457505,-3.385976593243052,-3.2528408045354635,-3.3871985880207385,-3.7650715559501196,-4.188820628717589,-4.822694464619479,-5.465350573689261,-5.9861185354880355,-6.231821372463685,-6.110722401369105,-5.876610026206715,-5.173784880005722,-4.4170296500535695,-50.17000883617683,-3.0969880661987723,-2.6304401026133983,-2.2932040985064575,-2.136578864667611,-2.197610538464346,-2.393233864654818,-2.7716805655538233,-3.2431719901771343,-3.9189129714911903,-4.63242737412131,-5.293385580587941,-5.855652075507169,-5.89323888965145,-5.515112891269771,-4.79414395467908,-4.01250676132605,-3.221866993470863,-2.6950270827132448,-2.1603732920190186,-1.7863891591759207,-1.860497381498569,-1.8821778979505495,-2.2255999299608655,-2.816556675574808,-3.528651592737217,-4.334100799602521,-52.47449784828988,-48.49509788257131,-52.47449784828988,-56.45389813667994,-48.49509788257131,-48.32476469952682,-48.49509788257131,-45.48479828893693,-13.097167225944737,-48.49509788257131,-46.346659564741756,-1.921521759363358,-2.3833474229887344,-2.970830163877705,-3.687396598820097,-4.347556284867022,-4.919820457688253,-5.159045793854008,-4.849497772513943,-4.305214693569103,-3.5801365940633962,-3.0564036350963146,-2.5968884923140867,-2.2460221453368017,-2.1736485387095024,-2.2702141758290257,-2.500381142608537,-2.9482930895416026,-3.3595927012622404,-3.9272787572537866,-4.436405165767166,-4.824902501414512,-4.990315111775096,-5.007868001382457,-4.758674326448406,-4.503748792042014,-4.240277451464474,-44.62119962271048,-3.964968166762999,-3.969984028889103,-4.179884460708011,-4.4080521444814105,-4.762733050751335,-5.2515735848085665,-5.682254519141501,-5.846683722054536,-6.182319186404985,-6.1729355643091655,-6.12831504880093,-5.829761074011271,-5.741984359064044,-5.656868113430988,-5.633858029340156,-5.630129194257868,-5.750231043410805,-6.0051112120330625,-6.216220434897066,-6.3275817553133535,-6.621673307524864,-6.707284758222157,-6.610549367763009,-6.653591449643614,-6.699350229070168,-6.651943799799964,-42.30416478624719,-53.44359818004013,-48.49509788257131,-46.79248059126834,-59.464198093319744
-49.4202807825301,13.867037031898843,-50.12609152538717,-49.4202807825301,-50.12609152538717,-52.88815542182935,-6.344764285412002,-6.330711569770676,-6.446867726796567,-6.375623338746821,-6.3821883708005664,-6.046756553991688,-5.628857793876811,-5.307275047846974,-4.911634090723957,-4.6309165283151925,-4.3513293681013945,-4.1780080400687165,-4.112336931172545,-4.238531229333015,-4.372338030223114,-4.720846591783946,-4.991564925360199,-5.424192408612533,-5.704430598267868,-5.848710913918607,-5.896718763967793,-5.521641408836754,-5.083982685918976,-4.619283521529255,-4.186035823540479,-3.5871989437049514,-56.40998082589029,-3.0960926783788962,-3.1022222324412145,-3.2486621629556165,-3.4485247294147263,-3.9634250093205647,-4.641836044222418,-5.382060284082369,-6.246867252577196,-6.751275631244567,-7.00993649467468,-6.76960130339307,-6.308625274264299,-5.486810442639709,-4.735027942128257,-4.106909626546005,-3.527214545727382,-3.405710717539488,-3.243851662804804,-3.4159977991570427,-3.7574088136508648,-4.509886969400593,-5.318103375051439,-6.4294373408839425,-7.665017466726598,-8.68916705028593,-9.392876896827973,-50.12609152538717,-47.80660087549792,-50.38938091261066,-59.4202807825301,-55.440880695809724,-47.37908095597085,-49.87785546518954,-52.43058053851733,-52.88815542182935,-51.291147061753406,-53.399680869250474,-6.764497404961469,-7.9341771799463086,-9.601347338288479,-11.068925768018207,-12.715502907959173,-13.108685354198801,-12.252028382834554,-10.668017925571437,-8.974393132331,-7.854895273151734,-7.047231946115334,-6.606197042829062,-6.266035845994594,-6.195100695952117,-6.5169845627441525,-7.314995558907396,-8.210332268585802,-9.526450278137768,-10.841259527450287,-13.014224049021092,-14.657037855382779,-15.688125077115934,-15.244484826034576,-13.014224360425626,-11.366053707285912,-10.138242882699636,-55.440880695809724,-8.42716974703923,-7.984496910327029,-7.963656353235672,-8.336897312327611,-8.726393659046897,-9.458448790508017,-10.896914105436162,-12.500541475341391,-14.77046973552996,-17.790904798857753,-20.502676755091137,-20.610716423327315,-18.251381996851492,-16.061190306405933,-14.40229607019835,-13.232480315721995,-12.716615852024322,-12.479408510310677,-12.794921788802787,-13.354478755067735,-14.508765718376406,-15.764933168583148,-17.77318415903241,-20.109518032704496,-24.16400296406917,-28.98665844599405,-48.451180572188505,-52.43058053851733,-2.6939413900869873,-7.280311564189336,-7.933143805203176,4.760888262369911,15.805460548122907,8.689825685038198,18.57322609354209,-51.291147061753406,-50.38938091261066,-15.03382923463775,-13.978483936206933,-12.570391452534944,-10.68170018117259,-9.066583995013474,-7.614248394989539,-6.460719450824515,-5.519553124968891,-4.842725314124206,-4.425059112545838,-4.189999334481317,-4.233615346053402,-4.422736391235801,-4.739570608491386,-5.226259057993942,-5.8496076083400865,-6.30452194159918,-6.637170165000965,-6.661641012049709,-6.407495285998658,-5.754015421877417,-5.052518358275648,-4.358282667110785,-3.617094075652635,-3.0986190421418303,-2.7441730499840937,-13.14749317447997,-2.326419138438833,-2.3909974741492985,-2.592960286845574,-2.9208504380903593,-3.34673885857966,-3.973834273869526,-4.710049677284179,-5.330016627262796,-5.720982516378332,-5.990431341110281,-5.677262153224128,-5.092727429345288,-4.330373839030461,-3.626349620669616,-3.0376648190506494,-2.485011873511438,-2.1123733338096677,-1.9143134895381444,-1.9558808333260524,-2.1116953640697615,-2.5421516487372386,-3.1131042629491734,-3.8395702886101017,-4.565309930263636,-5.353235658867011,-5.841418371566713,-49.4202807825301,-51.291147061753406,-52.43058053851733,-55.440880695809724,-42.17752194770596,-43.738263776858666,-52.88815542182935,-49.4202807825301,-50.12609152538717,-44.79630101111218,-45.440880976723335,-2.8759881557101377,-3.5498984523411785,-4.312726832310711,-4.83731043252887,-5.180412271337804,-5.059696332879778,-4.564393646385671,-3.9924244072374373,-3.3469958218610123,-2.861787157796913,-2.4071228919628176,-2.2091600409744,-2.154011208217323,-2.2622644734809,-2.570010700047728,-3.068610945559556,-3.474802933065323,-4.0756533748013055,-4.505193252253884,-4.873531745659115,-5.075805432559225,-4.958008892929547,-4.761428026332744,-4.447769873645017,-4.213664038443174,-4.0479789906241965,-53.399680869250474,-3.810072052620945,-4.149907464341254,-4.40174222196844,-4.756402376331362,-5.1011377620996186,-5.604861362471364,-5.932979079289442,-6.119553576154293,-6.155437219099223,-6.167782896183624,-6.060759596670213,-5.843028199326998,-5.7466375172816,-5.63353150698873,-5.697228533425324,-5.7891931417500375,-5.990914526409087,-6.025647223062984,-6.342914093664,-6.50591537703849,-6.709570396100263,-6.893643229617109,-6.83193343344551,-6.8076522764568725,-6.7561761642440175,-6.705372985116343,-43.738263776858666,-48.45118078621792,-47.115791608091,-44.57728231230988,-52.43058053851733
-49.426939649209196,13.860378226101037,-52.894814288337464,-52.894814288337464,-51.297805928314126,-48.45783965299961,-6.288077809860793,-6.390130936491866,-6.302711994528982,-6.351840012249416,-6.177492565621524,-6.010804184987883,-5.593149185250646,-5.231198370524529,-4.774747053750655,-4.425494965618842,-4.320651578826737,-4.177399114786461,-4.223041145119784,-4.330882702380929,-4.631057034857348,-4.88086118606626,-5.242062006489498,-5.593445971435823,-5.861279443114043,-5.8545590201994,-5.625822643005149,-5.148947612895389,-4.553561869608459,-4.124110182137835,-3.6664186333689086,-3.2540993737259165,-52.894814288337464,-3.0514317437831036,-3.2163300296794173,-3.6059364012612143,-3.9695521874411583,-4.710700785933916,-5.492363448741306,-6.158176090013247,-6.745643371175206,-6.682763344317263,-6.373683879768734,-5.825314138584432,-5.01808489705358,-4.383590354696168,-3.7731313758500202,-3.3447182467176013,-3.2067068669028043,-3.293591072153208,-3.5093282323721375,-4.025234561804249,-4.750888230599257,-5.902027073837419,-6.99510758068128,-8.125371486150417,-9.04769676400286,-9.115602860839175,-8.471132053708432,-13.353982334095765,-55.44753956248882,-46.416639491762915,-50.132750392066264,-48.287506254862926,-59.426939649209196,-52.43723940504254,-50.132750392066264,-55.44753956248882,-56.41663969256938,-55.44753956248882,-9.628884416408305,-11.557687082685952,-12.438933861400256,-12.360401678602456,-11.121406165889084,-9.682513969719524,-8.294443483257536,-7.278262729594718,-6.5937803741837175,-6.055842967867402,-6.096257506122807,-6.35720239457473,-6.784429837188947,-7.594896222454358,-8.708083056562941,-10.378567850254347,-12.441367170159001,-14.454739341059259,-15.371086120787073,-14.96001502364021,-13.045542653458057,-11.278273646316153,-9.948266277905052,-8.845774166401476,-8.200947545155664,-7.912980621748176,-50.39603977928976,-8.061192138613153,-8.519070544427649,-9.463924496610206,-10.781532315689034,-12.273718461873209,-14.568518974333408,-17.47652725566178,-19.41912939451613,-18.82298350326889,-16.768270679669655,-14.663479091389402,-12.87839046248622,-11.921817224721776,-11.44509608219999,-11.396023434538469,-11.766084290854522,-12.233087775181739,-13.362588661194032,-15.00904603285232,-17.042213115015862,-19.841778734945677,-23.848861336607257,-30.019285457454753,-29.237855105114,-25.09965133758499,-22.740751168381543,-59.426939649209196,-53.40633973592957,-2.7006001733978158,-7.286970468260826,-7.939802704002695,4.754229358298422,15.798802053999792,8.683167264818358,18.566567423033458,-51.297805928314126,-53.40633973592957,-10.382570339054212,-10.967777713012158,-11.65745975592097,-12.12840990160656,-12.133793140924823,-11.43070846158879,-9.927748682915245,-8.464985104888928,-7.061554454130943,-5.846210455295062,-4.917946909334977,-4.192147901764018,-3.699036425151632,-3.4956250560796738,-3.3943428507058773,-3.5251109922104176,-3.903117214140271,-4.320028684569848,-4.916171347108761,-5.639545763545359,-6.0531357977927245,-6.333779214874546,-6.242925255042836,-5.81698457644184,-5.106350464244642,-4.4202873491200565,-49.426939649209196,-3.16123187037227,-2.6954905070399477,-2.4737299600428497,-2.2392494222469566,-2.3121195886227173,-2.515324199603853,-2.9263666881111625,-3.4366288930077578,-4.040970042167662,-4.7176556929784565,-5.358635286127845,-5.743326779843806,-5.8083773085765245,-5.45166761905488,-4.750074767189182,-4.009026113673496,-3.2581061103047753,-2.631420442520016,-2.14575272377667,-1.9019380657492604,-1.8998111388507177,-1.9893344577901497,-2.2918579799138428,-2.8921855858641004,-3.580009531707365,-4.41286146118249,-62.43723960584901,-47.385739822649946,-51.297805928314126,-46.87421437505784,-13.353982334095765,-52.43723940504254,-45.90511424497728,-62.43723960584901,-49.426939649209196,-44.30810625567357,-47.122450474800274,-2.0102367047235252,-2.4121360638869067,-3.019517420820291,-3.7262640438488983,-4.3524288697817735,-4.881288036031516,-4.922377977115187,-4.763268814649316,-4.20086758415419,-3.643195455656017,-3.1064483698016176,-2.7028114409526482,-2.40659560256345,-2.332505505768673,-2.3819858289553038,-2.5990196373779417,-3.0187825874539085,-3.454766380212713,-4.035519586633914,-4.526989210059145,-4.887055435377352,-5.0637063376676785,-5.020013131441903,-4.79667436437985,-4.5930281609424295,-4.415662041319177,-48.287506254862926,-4.0555387622249315,-4.21971430805236,-4.422949023097184,-4.6555168527966355,-5.04172976535696,-5.402597751709251,-5.79675541809312,-6.190665370274915,-6.199703807107056,-6.1897480621913425,-6.11201869837375,-6.006879790487398,-5.931600247834144,-5.748071712235293,-5.761356218641267,-5.884990604636014,-6.022002582179099,-6.189006421301787,-6.331148731065116,-6.586593798905261,-6.7649520333431425,-6.8640805544406795,-6.849529889215536,-6.935971380263,-6.70961547013855,-6.746486465646516,-45.44753984361787,-46.75522214809099,-62.43723960584901,-52.43723940504254,-52.43723940504254
-48.41531191872419,13.902905918573133,-49.384412048804755,-50.35351217888532,-52.39471200544457,-48.41531191872419,-6.346017627901731,-6.531449957894394,-6.3260637664184705,-6.506708285725914,-6.202839135049832,-6.116958135227387,-5.6501974561501775,-5.320713888528594,-5.010045808248329,-4.580655694985849,-4.353535613138154,-4.221094477214281,-4.245181007329547,-4.343443184842731,-4.6276348382325745,-4.697719397703165,-5.128010443669217,-5.298069957822711,-5.880826848233057,-5.879170103096859,-5.776500395326817,-5.500051369834358,-4.809188233690484,-4.439832784159659,-4.039423336722215,-3.5740626186080275,-48.244978525736386,-3.144330628178208,-3.1620384862557143,-3.4581319488337092,-3.6254592198619564,-4.295547692659267,-4.9702497470054565,-5.647707358487089,-6.418440246113478,-6.828479392249904,-6.689165744021067,-6.39507404561323,-5.918339571125832,-5.1502081490989235,-4.611716037624923,-3.7383075604752225,-3.548157077531969,-3.3581160853316443,-3.437233108845168,-3.6392614934059053,-4.131184423006358,-5.058109697180981,-5.957373246913701,-7.01375245169118,-8.134611963434187,-9.04043384472659,-9.360138042098281,-56.37411209216494,-62.39471200544457,-13.327849966743372,-62.39471200544457,-62.39471200544457,-59.384412048804755,-48.41531191872419,-51.2552784823762,-48.244978525736386,-48.41531191872419,-55.40501196208438,-7.542666881833977,-9.184364691257645,-10.509757959624682,-12.24425984537789,-12.657292974794485,-12.252826099087741,-10.989097727183612,-9.503350298308355,-8.242774309221677,-7.030314631550444,-6.758418202574705,-6.504906100916149,-6.402608015336529,-6.622322573290017,-7.376932778019048,-8.1093149741897,-9.503618662688414,-10.937497327530947,-12.722743783873776,-14.753847839139294,-15.36894207270947,-14.85903436233378,-13.51078249475738,-11.347861408163167,-10.087030291221646,-9.304524861978665,-48.244978525736386,-8.404260122105212,-8.064105996740917,-8.471806017093865,-8.968886508868332,-9.773810147143614,-10.945453725303382,-12.695150629176029,-14.924869356995647,-18.084775470464457,-20.36982888966824,-20.155860480639426,-17.95410823917416,-15.680206303674808,-14.364376843269559,-13.180916855271828,-12.971257768535363,-12.363813639168711,-12.86378685159119,-13.483018708988721,-14.642249546802589,-15.89241382073429,-17.761755830276766,-20.235165442950954,-24.254900964490783,-29.996713885396368,-32.46034985735359,-50.35351217888532,-49.8419869544115,-2.658072944110466,-7.244442623928115,-7.8972750334463635,4.796757202631133,15.841329147311603,8.725694280425683,18.60909476088452,-51.2552784823762,-56.37411209216494,-13.82404196103958,-14.334473550531175,-13.513759988598562,-12.236087005439487,-10.501914904746975,-8.917333962978857,-7.503497968167295,-6.278360406752197,-5.3611017254399185,-4.609003601872235,-4.259455994939236,-4.045668880483437,-3.9849985606521394,-4.2282893527229,-4.602644443730509,-4.975281859606202,-5.724172417130424,-6.0955623368395155,-6.6677381169904955,-6.708072457822485,-6.44199885844402,-5.878084992796252,-5.151019597567391,-4.434348894462902,-3.754992067657479,-3.2773635836059483,-46.26687343824721,-2.5877122659462564,-2.3362300515196566,-2.469031352951349,-2.649622861352599,-3.0600165917554905,-3.5228560176706103,-4.127370095155352,-4.775486203181163,-5.510291306645755,-5.784871839062712,-5.889684479200366,-5.5789262091088965,-4.987975386656109,-4.354619685544216,-3.506483500415693,-3.0022108191257466,-2.3683006011395475,-2.214468102823543,-1.973664292737347,-2.01947488936832,-2.344348918495923,-2.7423846335583097,-3.2536509144171584,-4.019149490021433,-4.85226057004143,-5.580517941877749,-46.71269476477462,-59.384412048804755,-13.327849966743372,-55.40501196208438,-55.40501196208438,-44.0696228783822,-55.40501196208438,-46.83168699777169,-43.76148340424001,-49.384412048804755,-46.26687343824721,-2.553576806546371,-3.261549632781786,-3.8444055069559324,-4.596871473712371,-4.893633431408981,-5.181008810119685,-4.814370875673229,-4.323009226245381,-3.7427481112153895,-3.1139812479052154,-2.6289750640844334,-2.4383378612282525,-2.3399685577578193,-2.41896101835077,-2.662694447721669,-2.8550621205075233,-3.4670337554181696,-3.8491194538910634,-4.522481398909531,-4.887961750299287,-5.193946343749922,-5.104361140251071,-4.8239338223377475,-4.712268879986523,-4.50804475830532,-4.254301560221048,-43.821387041131885,-4.220671667179144,-4.257514991554891,-4.628477690915348,-4.710958064491022,-5.322273404497654,-5.725743379217628,-6.008371978503936,-6.234738450285437,-6.292838973798745,-6.144212566497039,-6.118391406944155,-6.10908565500303,-5.941108506126158,-6.1223956658321645,-5.803368457123208,-6.033405011965448,-6.140352800952501,-6.396481301058623,-6.508264251683381,-6.730230980948527,-6.894325056341074,-7.022542222812249,-6.796124227529531,-6.885827217439856,-6.81240383917955,-6.804927724720389,-45.40501196208438,-62.39471200544457,-46.37411209216494,-51.2552784823762,-47.343212222245505
-52.37003531569105,13.92758279100937,-53.33913544577162,-62.37003531569105,-59.359735359051236,-51.23060179262268,-6.515766630154575,-6.563328436011905,-6.512259573467253,-6.50207025692665,-6.393467526572277,-6.145615487225201,-5.757579287271627,-5.347591523532963,-4.9657448130552275,-4.688658177354172,-4.425071040832024,-4.437203139961702,-4.418433289566027,-4.6154379961702645,-4.930142909527453,-5.191250760805958,-5.596293028331983,-5.837205513471605,-6.053234111701848,-5.817450072755945,-5.555361123016289,-5.069322236676012,-4.4590477581752,-4.049489198289811,-3.684519929524908,-3.3911268138212214,-49.359735359051236,-3.368500711831517,-3.6453432076647667,-4.103321295245407,-4.565465316231443,-5.464238600233067,-6.124945306719438,-6.643212706555627,-6.892620339128372,-6.5229135850545505,-5.872861470893782,-5.105306314884659,-4.495820074254575,-3.9989382403212312,-3.615197505038343,-3.314920807185706,-3.431341554459663,-3.740306177552611,-4.244210356154022,-4.933244342353346,-5.882679777067618,-7.175680408943962,-8.268321892601065,-8.970336133366253,-8.94877082420523,-8.150937213428156,-7.250279821047155,-52.8276102212978,-50.06554610190831,-56.34943540241142,-49.359735359051236,-46.6880180750211,-51.23060179262268,-13.757332155681931,-56.34943540241142,-62.37003531569105,-52.8276102212978,-62.37003531569105,-11.716740649006166,-12.45378774115634,-11.487079102255242,-10.114745746286582,-8.810809965678834,-7.75106013207604,-6.923154818723721,-6.4563389795141966,-6.23639584673696,-6.141877398976763,-6.7719145285979785,-7.486784932525269,-8.500553561967184,-9.884908164084692,-11.549905135617715,-13.786287840674134,-15.413642787398985,-14.858707373269915,-13.227397346556437,-11.641142797304758,-10.188620327519018,-8.951734407549516,-8.335312261914483,-7.999302995616821,-7.855855857076774,-8.220218315029735,-62.37003531569105,-9.57872936415493,-10.669766272394217,-12.295758404637109,-14.71186006419247,-16.98203659713976,-18.179073043526735,-17.89938573625301,-15.55292051335288,-14.026082869629102,-12.544383586744283,-11.596138106028365,-11.109305943031423,-10.89481804272979,-11.315001362391929,-11.918840351511808,-13.044029356657846,-14.191143928253586,-16.818002047266404,-19.85097751116002,-24.070568460030742,-28.50682971428336,-27.110521834357726,-23.38223522203578,-21.415551931311168,-20.128849930924922,-19.013851658764086,-62.37003531569105,-47.74605533670149,-2.6333957631716953,-7.219766097732581,-7.872598663211238,4.821433728826667,15.86600574727007,8.750371538623165,18.63377173553851,-59.359735359051236,-56.34943540241142,-8.853231651273891,-8.818337104825222,-9.055499461157503,-9.418456513163699,-10.113815691847261,-10.723354642967966,-11.06962607602668,-10.884101185073147,-9.846311780526513,-8.488667837232866,-7.091456011269566,-5.790102856512616,-4.9230070054961725,-4.140486809375013,-3.610092457085015,-3.3342738949225104,-3.308361034007926,-3.37834932104051,-3.691325612408476,-4.20404350358753,-4.791756955414947,-5.479060816051517,-6.100301668722467,-6.468373635386745,-6.452223568389677,-6.1448179278939685,-47.74605533670149,-4.664305901754828,-3.946627103534418,-3.270690079172836,-2.8287833069774573,-2.5464501036584366,-2.419491302198107,-2.480501597381704,-2.667524613836057,-3.1631422130079634,-3.722433510249183,-4.4389444069640565,-5.089705248021751,-5.808957166383257,-6.018888815294396,-6.00129666939201,-5.4300500882278415,-4.574698258164524,-3.9023850907780124,-3.1003737076863906,-2.563707459301855,-2.187504379923103,-2.0487091580540047,-2.029609197905166,-2.314176771430999,-2.774841979838097,-3.4044588854011097,-44.51673696558338,-50.06554610190831,-50.06554610190831,-59.359735359051236,-44.51673696558338,-48.220301835982866,-59.359735359051236,-45.1272762687872,-52.37003531569105,-48.39063522897067,-62.37003531569105,-1.8562868191229347,-2.1148467826795367,-2.607333510881209,-3.1568493901656014,-3.886142255671815,-4.561586346854731,-5.018951200184452,-5.091395007423394,-4.904004474895276,-4.467599060194659,-3.7970423222124037,-3.2602020786912904,-2.903292652770811,-2.6274893266083166,-2.5715933282659673,-2.694775647180963,-2.924330255440583,-3.360789879402601,-3.95453831116074,-4.344582680653313,-4.900853244334415,-5.250908814510264,-5.266186882965536,-5.332334375131358,-5.130407909852791,-4.853419273808793,-47.31853553249199,-4.482943808128178,-4.513975377267162,-4.644104614936081,-4.769958901375094,-5.226595066507435,-5.518486996823041,-5.885410681308568,-6.271403139228284,-6.403932596397405,-6.51668028869142,-6.50275628782946,-6.340216630063264,-6.325301517238289,-6.313257767607098,-6.157804775752847,-6.249066354374571,-6.346298840037086,-6.470606251394776,-6.6066220978314725,-6.838234583066129,-7.018993602810603,-7.009642601553585,-7.036433423826299,-7.09099191584675,-6.945951893259408,-6.9725515923723655,-53.33913544577162,-62.37003531569105,-13.757332155681931,-55.38033527233086,-59.359735359051236
-46.20043700985384,13.969342105780356,-53.29737570713177,-44.19914172587974,-52.3282755770512,-52.3282755770512,-6.7017788371265565,-6.69999583562772,-6.699390018425405,-6.5507618563114525,-6.557714457206405,-6.313836389610068,-5.911611080113101,-5.497210470184948,-5.111677702993008,-4.811751497420839,-4.622170784235599,-4.560181864564007,-4.534352687375705,-4.686536337558486,-4.894424792377311,-5.348131722122686,-5.664172032566107,-6.0511257676528984,-5.915746255533582,-6.0869713694843695,-5.6818370790151445,-5.089049873529831,-4.730539597906232,-4.046202569875801,-3.7322097376061243,-3.487156009159995,-50.023786363268464,-3.399180587982909,-3.723158750611595,-4.003333126456025,-4.713311894185657,-5.285225922280489,-6.100614488339416,-6.665963557691585,-6.925856751053949,-6.743289749010103,-6.255827796097149,-5.416107581828674,-4.670800655348123,-4.103652225768803,-3.6018130915289066,-3.5559622149226247,-3.4489253347861553,-3.794384835404366,-4.205661653431342,-5.01860464898388,-5.936120724565475,-7.053703671531075,-8.18054688159839,-8.952385515634901,-8.921911036752913,-8.56964653996714,-7.650818599660171,-50.023786363268464,-59.31797562041139,-50.023786363268464,-52.785850482657956,-48.178542097343026,-59.31797562041139,-50.023786363268464,-62.3282755770512,-48.178542097343026,-51.18884205398284,-50.023786363268464,-11.541097951938728,-12.448709382437027,-12.310203118983246,-10.780841457062758,-9.507472328331241,-8.146307356742753,-7.118857547934763,-6.57304885314996,-6.326030750148016,-6.49351047224306,-6.627588397705209,-7.3296182289221266,-8.450516923338405,-9.693406078522592,-11.431731935599093,-13.411061561100304,-14.767622676558442,-15.032011359460736,-13.82475451882124,-12.193625477247638,-10.782332198356757,-9.5859580684612,-8.615785999813546,-8.231750557891077,-8.16699855118921,-8.201419531307934,-62.3282755770512,-9.35312147004373,-10.66663964249445,-12.129223668259447,-13.993872105232683,-16.67204017050461,-18.79796565613963,-18.67845296038628,-16.959031447605508,-14.406810998709634,-13.048774709545217,-11.867813584622354,-11.500063074678105,-11.32784597498289,-11.441352312428016,-11.855916181931779,-12.637752505631905,-14.421202892830205,-16.008463153341246,-18.88101323662156,-22.680966193304396,-28.071303424574715,-30.02378644414502,-25.24151756756354,-22.334794705183892,-20.41432468670426,-19.097611585336743,-53.29737570713177,-52.785850482657956,-2.591636612546643,-7.178005972242113,-7.830838844383389,4.863193854317135,15.90776601874948,8.792131255303833,18.675531259810928,-52.3282755770512,-56.30767566377158,-9.13461169987982,-9.02809726001671,-9.411879131478557,-9.83712375108751,-10.632089874985118,-11.29650098325513,-11.376826320663431,-10.895472591859638,-9.628455525894172,-8.354924998529565,-6.885101988400954,-5.742047280719112,-4.872554620414529,-4.1956358933708815,-3.680145574138808,-3.5149657026910868,-3.3972632876201176,-3.655127280524092,-3.8939547006208652,-4.534720893024434,-5.165896272031057,-5.876637643606281,-6.426882062718703,-6.656741106957199,-6.554541287658328,-6.073371117436155,-55.338575533691014,-4.5905501819021435,-3.997097786011488,-3.279952135370247,-2.8514637866995542,-2.52585504277983,-2.5377024194421787,-2.6223108555199155,-2.9325988416443014,-3.3129842313744358,-4.006681619400061,-4.608860388985343,-5.401498136438545,-5.992530481540341,-6.2479281457102145,-5.993297970005207,-5.305064695057144,-4.696684832235277,-3.6733983547130933,-3.027301371498297,-2.499265830537408,-2.211150644611453,-2.1454573939078485,-2.2699350032864047,-2.5066264690266693,-2.9778606651757737,-3.6615630658086546,-52.3282755770512,-48.348875490330826,-49.317975620411396,-51.18884205398284,-50.023786363268464,-50.023786363268464,-55.338575533691014,-52.3282755770512,-47.70429559806164,-47.01348640662865,-48.348875490330826,-2.0872132142544886,-2.2325429007874074,-2.7174028837527247,-3.206001524794716,-3.9931007864383936,-4.673527096323535,-5.216532804023163,-5.276543201724814,-5.016184395068736,-4.393151244968724,-3.8841687071544024,-3.4513601650083725,-2.9348207502407324,-2.69861441127407,-2.566041497062309,-2.8664803798843153,-3.0376589539080543,-3.5735358617447046,-3.9055167814868526,-4.5960886053738985,-4.98853152676576,-5.316698869352678,-5.525201702954716,-5.256118161936354,-5.097661312954672,-4.949919125004433,-42.3282755770512,-4.737265963867472,-4.617091597152811,-4.629888670944209,-4.962191592496629,-5.159897984709953,-5.5462792924416835,-6.067377570991247,-6.34998587719657,-6.691412460248046,-6.797702580621623,-6.705287203168918,-6.453747530098416,-6.382206476735729,-6.18030493090351,-6.38354329713772,-6.391107102471667,-6.46859532300722,-6.582118389574346,-6.8489540856449995,-7.067455952821128,-7.036719313633566,-7.116424003617345,-7.174147223216487,-7.038530631218892,-7.199058254759775,-7.202432295961129,-52.3282755770512,-47.70429559806164,-49.317975620411396,-55.338575533691014,-59.31797562041139
-41.55276289288989,13.377649445822499,-45.93026860559356,-50.615479237040695,-50.615479237040695,-44.28673990777846,-5.298811592999099,-5.3595666098482475,-5.29693489187461,-5.439670543034465,-5.388122671533023,-5.323410898667288,-5.1172994536753516,-4.665642298532345,-4.246236369211563,-3.6852485609230308,-3.413350714623697,-3.1665697969554945,-2.9612308033159627,-2.970724862785457,-3.1265565581188657,-3.4905815986477293,-3.9316199367580653,-4.170456196772088,-4.517445615420611,-4.701657306821368,-4.569146725423753,-4.231779131773779,-3.9834491744774247,-3.260899592079625,-2.769838982149074,-2.3758873119827477,-42.919968167780155,-1.898417820215663,-1.844799489672781,-2.091737578273149,-2.4149454529457133,-2.9856059092403746,-3.681345063379805,-4.416294070524494,-5.160276160809264,-5.642442065477168,-5.706727218368738,-5.305471622874799,-4.526130857294148,-3.7697710665215745,-3.157417739936096,-2.6920035281975023,-2.4226844826154297,-2.012786471219958,-2.2327530147778756,-2.580840011290002,-3.038282318037137,-3.8106043842726245,-4.690361147350161,-5.907657296609229,-6.918988437611118,-7.951433006599917,-8.137969844098548,-62.91996845082344,-56.899368537543815,-51.78053525434349,-51.78053525434349,-56.899368537543815,-50.615479237040695,-55.93026840746325,-45.93026812441997,-56.899368537543815,-59.90966849418363,-59.90966849418363,-6.585425065371685,-8.076970063851657,-9.92644252975905,-11.25990292994299,-11.881315475371373,-10.918415128165195,-9.385865277387863,-8.060682768113681,-7.007930781279318,-6.334817511733094,-5.6867254832570024,-5.4302081333568015,-5.632049385904002,-5.93913700068679,-6.6375914500276245,-7.4528393261104835,-8.672964851165059,-10.291733118461448,-12.275201666203943,-14.085284646201973,-14.830503145864455,-13.85942104512128,-12.070311282607769,-10.878768341220903,-9.682807838462308,-8.401919965449643,-45.75993534106387,-7.628116649391163,-7.840533141260146,-8.187829602982044,-8.37510233837474,-9.476006255425508,-10.790159835343383,-12.446285217210221,-14.71709982943382,-17.080163367527884,-19.44042666613953,-18.805623470385836,-17.463310602947764,-15.500262646030137,-14.188797813867355,-12.72427809623262,-12.203909409330223,-12.476883990109545,-12.392067153890181,-12.88738855664964,-14.064433782748678,-15.732461203327603,-18.366950782170626,-20.427250940739142,-24.774163184660356,-30.030772722361775,-30.664291039447047,-47.60517919715285,-50.36724387152922,-3.183329524342696,-7.769698753358045,-8.422531696084164,4.271501073201202,15.316073217091308,8.200438115926893,18.083838689253874,-55.93026840746325,-48.770234698958255,-14.220321486666576,-14.94673881970607,-14.027063647502855,-12.281045581848918,-10.169597758731161,-8.176494613573066,-6.549146023108108,-5.344049661366833,-4.31182290005194,-3.739974614294689,-3.202016588450391,-3.0371218040959986,-3.1475533967165603,-3.361874511552638,-3.803359390654178,-4.4899530712951545,-5.224651754335033,-5.790173575483784,-6.32474257471271,-6.282459666853734,-5.708121752653845,-4.927652543150294,-3.9508222651620346,-3.2293800499067165,-2.441812966493496,-1.7953360795547124,-50.615479237040695,-1.2095997363866093,-1.2480802730889835,-1.3466553222640343,-1.5026748052742414,-2.010714917351498,-2.6349678603924716,-3.289223904810876,-4.054102824523858,-4.483747907391281,-4.765432987734488,-4.590302281848808,-4.171504497013395,-3.408993701462013,-2.6919166020292806,-1.8778123577626291,-1.2648128421487956,-0.8961532594230912,-0.5893879441853592,-0.5580610590932158,-0.6084340244863472,-0.9703842946528385,-1.4891924939156542,-2.1213716636777025,-2.908752138643462,-3.593201805135224,-4.115811848663831,-59.90966849418363,-47.60517919715285,-62.91996845082344,-51.78053525434349,-45.285688759196915,-48.94056853392904,-12.716216478825688,-46.79212971103871,-48.770234698958255,-52.91996887538839,-45.93026860559356,-1.1669354934434244,-1.7704912356342914,-2.4491129181160574,-3.0825062288851073,-3.4627969108509977,-3.6216428398864142,-3.4053303873274228,-2.98477312391881,-2.298715726808847,-1.718834745844969,-1.4167768683650384,-1.1723566851205098,-0.9624659093098386,-0.9649540962528002,-1.1777038754085267,-1.5972113368643708,-2.0547863507193616,-2.486546308719404,-2.9331477390902383,-3.433394194237822,-3.693233121501627,-3.7472822747484296,-3.843549898793875,-3.5126877794954705,-3.3928910568600905,-3.3042292908983373,-45.06667026311766,-3.240026536287552,-3.285806861817257,-3.5120902798214626,-3.9199149897436376,-4.141073790304646,-4.434647309177032,-4.86440909525,-5.040194767354338,-5.4777816628601395,-5.452186865093916,-5.496913002410988,-5.338573975221524,-5.3382325848079155,-5.409203168543745,-5.606433780229704,-5.8333044188836425,-5.653120430780594,-5.9929442762799345,-6.113486728666776,-6.089497839886296,-6.0355477732396405,-5.913649295063399,-5.9573048010954786,-5.954622120763656,-6.1934032657086755,-6.240659682758354,-49.90966849418363,-47.60517919715285,-62.91996845082344,-48.295988227831046,-55.93026840746325
-43.954988669970454,14.01754001609348,-48.30067797325346,-55.29037775367263,-49.26977784039301,-59.26977784039301,-6.9668218590737965,-7.055296235973019,-6.981605087962343,-7.026299523465446,-7.070986622033768,-6.806404831287608,-6.365769717637501,-6.086306040303859,-5.501043639785843,-5.133092685160561,-4.898322976605002,-4.8124129915910965,-4.677888830064859,-4.8638824652514225,-5.142443286534909,-5.628960642149772,-5.953106457571357,-6.150915596605201,-6.30057161397432,-6.060135675501279,-5.712916585711898,-5.114260228627266,-4.7517753927149835,-4.122321607770218,-3.730401581286387,-3.5990138929650417,-45.29037756961392,-3.7070843254176795,-4.027894534916153,-4.502243872674027,-5.233065506557633,-5.928035816504424,-6.588200304815183,-7.020240988514724,-6.866956700724812,-6.5541262849583015,-5.800520000480713,-5.065986877817257,-4.331671143971899,-3.8898121981491034,-3.563134665873928,-3.7173998203200673,-3.8998715248763105,-4.246865916428382,-5.007065369479032,-5.95032503356764,-6.969416255001455,-8.247276757568132,-8.902650742757523,-9.085685518299352,-8.536902847517144,-7.715172175417882,-6.680054724918923,-49.97558858325008,-46.717052351124934,-53.24917792711339,-45.74795222104437,-62.280077797032824,-48.30067797325346,-48.130344570152545,-55.29037775367263,-50.238877970473574,-52.73765226440456,-46.59806012997204,-12.517266150727231,-11.778098432884283,-10.616813009110134,-9.163725366730635,-8.13954131846117,-7.244554200967887,-6.696232401638174,-6.539093376812986,-6.658339355133678,-7.3262304744241815,-7.976714210444623,-9.0767034695209,-10.658946258217817,-12.579027714113234,-14.474240470730349,-15.496714922064218,-14.769982577973025,-13.372906321147527,-11.86141595062169,-10.393464335367646,-9.64350433068499,-8.862133083408743,-8.396934282565663,-8.605009137868674,-9.124488720703075,-9.556903283876427,-42.02701931802541,-11.92137953072513,-13.927358453041476,-16.342677287431226,-18.003107186337363,-19.505131656578726,-17.93678429602975,-15.619393243982527,-14.003800617496928,-12.625238633953405,-11.865440524231072,-11.533632126755297,-11.713277739890778,-12.20921742962582,-12.997501954848868,-13.972908702899524,-15.751331713958137,-18.57124739653885,-21.574158702389525,-26.371659263714538,-28.41152210219638,-25.458627044774246,-22.392259477035626,-20.36612698754451,-19.3079454626527,-19.081733026516055,-18.895512901995918,-51.14064397057098,-49.26977784039301,-2.543438489717062,-7.129808246951889,-7.78264091981267,4.9113915796073595,15.955963643340013,8.84032879877351,18.723729285174635,-52.2800774026213,-45.29037756961392,-9.06865181743025,-8.666105314538541,-8.499061617704326,-8.568567528497677,-9.11546790138663,-9.860207237005623,-10.771899994731575,-11.52252821970356,-11.368264026215018,-10.739308993109617,-9.175587576811818,-7.714398495388344,-6.379376306751986,-5.201711629317223,-4.31879781626416,-3.8763816239872444,-3.4634927142243517,-3.4078388825741097,-3.5622183590729914,-3.8602547953973314,-4.391891573641022,-5.090927151748539,-5.910697755035777,-6.630329876896236,-6.843605707907001,-6.835911772764241,-53.24917792711339,-5.6034382849334,-4.877951445623639,-4.021138924484186,-3.310221457576625,-2.7724580017979794,-2.6391743762976687,-2.477970806450683,-2.5859094364427953,-2.8277317016279646,-3.3147000589004563,-3.928215438581331,-4.679435563382762,-5.2915506418305185,-5.911008590881396,-6.157825018725115,-5.761310812799476,-5.181342874771499,-4.265512271731261,-3.556854076372358,-2.752594104025015,-2.359117887129231,-2.024950592655962,-1.978834886249032,-2.1214861265251597,-2.385806547373697,-2.9186012565465553,-53.24917792711339,-52.2800774026213,-52.2800774026213,-55.29037775367263,-56.2594778837532,-55.29037775367263,-52.73765226440456,-49.97558858325008,-56.2594778837532,-49.97558858325008,-49.72735230776475,-1.8463566330374337,-2.008425636011108,-2.326841363052266,-2.7400031546556085,-3.3829778850978154,-4.074037503024284,-4.671256123180759,-4.99191502694903,-4.994681575970297,-4.692979691695619,-4.200501814602299,-3.768216306254353,-3.1469736625621234,-2.8133351627215406,-2.678106251555643,-2.8619782752161105,-2.9849385646509674,-3.3343252202179077,-3.6890249318607355,-4.1887921243866,-4.677180577056369,-5.10629406667662,-5.523247312675426,-5.4549719338948,-5.400857362233537,-5.3680245356191305,-44.42677929605735,-4.957025127251899,-4.990074717866706,-5.081596531019089,-5.376468676498059,-5.3759017091289065,-5.774545231377358,-6.1984451268487915,-6.462446804761262,-6.923782719463322,-7.045409490414239,-7.107141829848499,-7.0820996594958405,-7.013868276306244,-7.032002651181436,-7.246298026683499,-7.202206794811655,-7.358930085060704,-7.468676943807245,-7.572563317268858,-7.649020284773488,-7.651278316528613,-7.65268463880111,-7.584847416727062,-7.6327984113723915,-7.7352114348011645,-7.847056710861818,-45.29037756961392,-45.03731892738464,-49.26977784039301,-51.14064397057098,-51.14064397057098
-48.6808514431936,13.467033138919465,-56.80998500962215,-52.83058492290178,-46.70274635570443,-59.820284966261966,-5.5606002754966735,-5.6809032715830075,-5.666862001678589,-5.654795369334934,-5.60763583433965,-5.627337686937461,-5.329483121184647,-4.87976191121638,-4.489704427536907,-3.9452575188935763,-3.698032074986914,-3.506897926749243,-3.350761209952362,-3.3610296661022367,-3.5926284499994914,-3.79920224314358,-4.2464397889579955,-4.508377132659298,-4.780622633841801,-4.990570274118044,-4.729786064449739,-4.376813778576069,-3.947076979817013,-3.3411520764253035,-2.8157660406797462,-2.487906978008845,-47.267559915228915,-2.154424287561923,-2.2299971801422003,-2.532588706280461,-2.9809889192538868,-3.630098464943657,-4.380938494465142,-5.091477726276513,-5.678267515326358,-5.839756026412974,-5.545099296421335,-5.037030117711177,-4.1782421696930925,-3.479075864368996,-2.9302436018017226,-2.5240817604164585,-2.3897521160999955,-2.3533750571719683,-2.674330063992862,-3.172925517655729,-3.8259685497854545,-4.885969575997706,-5.891689413911923,-7.088130343947946,-7.912081238405055,-8.242922446892392,-7.795061193024627,-51.691151399833416,-51.691151399833416,-53.28815982850854,-50.78938509634254,-47.515795752479235,-52.83058492290178,-50.52609570911905,-53.28815982850854,-48.6808514431936,-62.83058492290178,-52.83058492290178,-8.549075244442138,-10.220098371387126,-11.644201192378922,-11.669922776232797,-10.84772631390341,-9.327232131668513,-7.823774961350145,-6.847572487756805,-6.096910448263752,-5.7616157487451485,-5.49251604576544,-5.626932731067135,-6.179918495766271,-6.944752933582121,-8.073219398195226,-9.35429979516915,-11.434406780197994,-13.41422870214914,-14.985838143653696,-14.93900993022301,-13.784403171276153,-11.874219175506955,-9.74600772709459,-8.993705774466248,-8.343135233756993,-7.638594306372161,-50.78938509634254,-7.765196254797,-8.323876111719684,-9.213835129522815,-10.071185809326888,-11.847263201356554,-13.921905771639649,-16.70825773921768,-19.198039013479303,-19.13378866276493,-17.141882174594073,-15.041840416922348,-13.760504190975062,-12.77633450785082,-11.9608325721466,-11.274795542344862,-11.568978239986334,-12.416460641413675,-12.89207987737848,-14.390724370116486,-16.22373247337873,-19.02829136443106,-23.245424311555812,-27.996138441916433,-30.35330635942616,-25.75403157994724,-22.403255446589746,-55.84088487954159,-44.97728657279411,-3.093945559312907,-7.680315438643412,-8.333147902085864,4.360884387915837,15.405456726776322,8.289821858317246,18.173222435352972,-47.14856768223183,-51.691151399833416,-11.243191722906506,-12.429904714321403,-13.303919384304951,-13.6422639536095,-13.016386057022082,-11.178587021850317,-8.960871104499898,-7.31392653696752,-5.816130985799136,-4.688741977422549,-3.831739633690349,-3.2880200939126643,-3.076671142967475,-2.9551196953438232,-3.072017666648603,-3.430802470307423,-3.962717392601448,-4.594890731958387,-5.3713077200790575,-5.9880935295845354,-6.196119991515911,-5.940320999815798,-5.262269383193222,-4.576985800065343,-3.7180869434158574,-2.817454416382068,-62.83058492290178,-1.7263684125914422,-1.4532470885653206,-1.330700289919096,-1.2659538811225608,-1.5836324654692664,-1.881201268293471,-2.4048219568603106,-3.0551596208087206,-3.698700197619961,-4.326757668305965,-4.736839845382239,-4.8255445776094765,-4.384012113777704,-3.6934530400997696,-2.8826900610020854,-2.107571362019289,-1.5685400597188714,-1.0753220950171725,-0.7336736200639189,-0.6184752109842288,-0.6650996710662429,-1.0209094153521063,-1.4949245076133293,-2.1240418392694025,-2.8016616206343405,-3.5003257134945724,-45.84088487954159,-59.820284966261966,-46.29845978514835,-55.84088487954159,-52.83058492290178,-59.820284966261966,-47.515795752479235,-55.84088487954159,-48.8511848361814,-44.70145135647323,-47.77908513970273,-0.8368379019689675,-1.3138072518902508,-1.9096063553217315,-2.5358339083562864,-3.0908135174241997,-3.5845565263328627,-3.4947760490975344,-3.286514715711268,-2.8432627613520904,-2.1455166683732996,-1.779555429596047,-1.4579652515351245,-1.1768208344531705,-1.1225424800710213,-1.2362095375432056,-1.4593204727544442,-1.8228829829240194,-2.3046840871950645,-2.7688866772562175,-3.2379192470523286,-3.515106153205299,-3.7639758516247204,-3.891365008348759,-3.7668788419132855,-3.5971446636186775,-3.5902229172716176,-42.83058492290178,-3.446808958438839,-3.4781732656069515,-3.679753636054798,-3.9120892059658754,-4.2243186706006295,-4.575356453189375,-4.900032497399197,-5.164724337188302,-5.3979184920932415,-5.5329372364776805,-5.682519329886792,-5.667712388663553,-5.677196270708299,-5.772973837203022,-5.939041707608115,-6.222755264582442,-6.199797983757364,-6.443197314239079,-6.4186506524471065,-6.553066281369425,-6.420238726794731,-6.346984864462972,-6.350060275637573,-6.315304309675015,-6.478120752219078,-6.650417781817779,-56.80998500962215,-48.8511848361814,-62.83058492290178,-62.83058492290178,-55.84088487954159
-56.76084945384143,13.516168596498886,-51.642015844052686,-55.79174932376087,-62.781449367121056,-50.47696015333831,-5.653858121050038,-5.749352736143319,-5.786323880513866,-5.81120573373852,-5.8220646621495735,-5.751908032579336,-5.306709643238708,-4.952754673578864,-4.568981081226492,-4.103428868365107,-3.764398513466703,-3.4910168697466277,-3.4401326693699823,-3.4467539359967208,-3.6136206397322583,-3.81872351624672,-4.095986680519266,-4.5303766432134545,-4.881829621753765,-5.050895276248576,-4.903947801742007,-4.567624218009055,-4.021391159313238,-3.5326783955175283,-3.033753986378688,-2.5642940765414717,-44.6523158006925,-2.1791487299440644,-2.344643990411762,-2.536592654279251,-2.8957170032242234,-3.5064885444553355,-4.280699639784759,-4.9824193484397465,-5.703695801807393,-5.894324441560739,-5.794234044826983,-5.264902015794286,-4.6099158851407225,-3.940176995542912,-3.3403252896927036,-2.7330231635432423,-2.4208321807587545,-2.527829739004743,-2.5265186661773003,-2.9401338165180313,-3.5864638258996413,-4.533099658994816,-5.684324214437037,-6.946650304625269,-7.947088387368877,-8.32035119984387,-8.08551167391139,-51.642015844052686,-51.642015844052686,-55.79174932376087,-52.781449367121056,-50.740249540561805,-47.72994958392199,-50.47696015333831,-56.76084945384143,-49.77114941048124,-48.157469388131496,-49.77114941048124,-7.867482127287888,-9.532680824099767,-10.967215586485182,-11.752689004211215,-11.58147131589659,-10.40259540681218,-8.823154999457989,-7.731945302576638,-6.768043244159781,-6.063937129200058,-5.791245538723731,-5.705321615326774,-6.02222784801504,-6.477536994052881,-7.362039084797393,-8.737730938861223,-10.315971394402979,-12.265101451537568,-13.854883610859044,-15.62032997534149,-14.678048646488008,-13.088315365930763,-11.323892968405275,-9.941904812210051,-8.964794314117118,-8.218244550586412,-47.4666601966985,-7.929844843595818,-8.141072052075879,-8.507805484598686,-9.670185707692076,-10.695611661519994,-12.231873548820051,-14.826194696771326,-17.13976145771454,-20.901169155042574,-19.88355389352521,-17.466660255688787,-15.387783414710057,-13.678087625987645,-12.627977379104834,-12.178211095561737,-11.884799941866415,-12.209582789660551,-12.756117298657507,-13.882831921348481,-15.29515061234984,-17.344492821781824,-19.548928080883876,-24.750977133317452,-30.274810236616496,-29.991628428528394,-25.879488359901742,-46.6536107999237,-51.642015844052686,-3.044809952117613,-7.63118025419301,-8.284012375304972,4.410019572366236,15.454592037429274,8.338957572931221,18.222357782509345,-52.781449367121056,-55.79174932376087,-13.186980564236823,-14.31300816374989,-14.734876844313238,-13.635849370785317,-11.838695045067363,-9.779213163600138,-7.921369333758017,-6.353145343762424,-5.112430552127468,-4.22044087966512,-3.735023711701647,-3.3128217735300955,-3.276690724700975,-3.339955478164731,-3.626748875655424,-4.179956710108974,-4.840020818418999,-5.523794490310713,-6.1115921522797105,-6.509911540244379,-6.220199048958111,-5.609522340262472,-4.878562448719584,-3.9537854327452915,-3.1469475106106835,-2.4676999019588335,-49.77114941048124,-1.6289267877618103,-1.4941973486819289,-1.431745531373678,-1.6491007317749096,-1.8842454850001114,-2.378773438832405,-3.0217579553007132,-3.6616853639856153,-4.368223936071114,-4.831873126936013,-4.888879341589095,-4.5762231753602265,-4.000318085854005,-3.2576711022898728,-2.529189610439784,-1.8601612566512282,-1.3401020400423957,-0.9303788185418372,-0.760848515811761,-0.7875044236068264,-0.9904262785258228,-1.3955903422077618,-1.9360259088599383,-2.5915831111340553,-3.2803866395813417,-3.988770125296151,-45.62141593077306,-52.781449367121056,-48.80204928040068,-50.47696015333831,-52.781449367121056,-43.48726040492956,-48.631715887412874,-48.80204928040068,-62.781449367121056,-48.631715887412874,-50.740249540561805,-1.1586228546167363,-1.6488363911294672,-2.323300409148002,-2.8899556989750903,-3.461335817925695,-3.596611662550603,-3.4601379058961514,-3.084881913086073,-2.585982882258609,-2.136565890951457,-1.6069798221945562,-1.2871271075336863,-1.1874016163256291,-1.235840436651428,-1.3641051082167024,-1.6005090473576666,-1.9611108082928166,-2.509270618155613,-3.0188208591041126,-3.4189815436527926,-3.7835399033686903,-3.857225180977028,-3.9113000924019357,-3.843737662727457,-3.7110138973742073,-3.4456405254702505,-50.47696015333831,-3.4764975150674813,-3.695929235578506,-3.7835232082272934,-4.021893567751476,-4.378399103185221,-4.667864524297915,-4.976691990644696,-5.283390707365692,-5.5038088019503775,-5.610963900158139,-5.663942126878949,-5.682647077355534,-5.798251168436571,-5.910754631679574,-5.9703038859004876,-6.056508661069228,-6.37741032603398,-6.3847023088376345,-6.426119189338639,-6.497304814009777,-6.476438439304904,-6.432396364173646,-6.444008169758383,-6.431188428377591,-6.44458384672304,-6.640707063538619,-49.77114941048124,-52.781449367121056,-59.77114941048124,-50.47696015333831,-49.77114941048124
-52.61519015275887,13.682427638346619,-53.58429028283943,-59.60489019611906,-45.455156716410876,-62.61519015275887,-5.690016686223234,-5.47141463463944,-5.456409247647999,-5.609770852215664,-5.657975003193104,-5.836420631128055,-5.890055288050522,-6.0002340673223395,-6.025989361373826,-5.886899376668671,-5.620411758725076,-5.349474660437594,-5.139363101400045,-5.009758945526358,-4.908989303345468,-4.676546030981551,-4.7605821578186855,-4.934717508247005,-5.263250500024106,-5.422233592378193,-5.471314285831359,-5.38253051598968,-5.075278976286565,-5.079015123219098,-4.7739545717134115,-4.41640269092572,-44.2901010256965,-4.212215470696682,-4.397769560859496,-4.671690368695698,-4.7050453252054325,-5.335639714836075,-5.76551628744145,-6.114174979837104,-6.3295639180576,-6.116732465238829,-5.823219697919894,-5.365643924946786,-5.102753700838259,-4.731102072675583,-4.43784446989819,-4.1519056545043185,-4.272343935039407,-4.6105348033298155,-5.053090486195106,-5.680303394168518,-6.4596347779181205,-7.439853368262734,-8.217033141854937,-8.348630301379348,-8.259852055941149,-7.388114306009106,-6.606397383313501,-62.61519015275887,-55.62549010939868,-51.4757566296905,-47.99121017376932,-45.62549010939868,-62.61519015275887,-44.04186518844619,-48.635790066038496,-52.61519015275887,-49.60489019611906,-50.06246510172581,-11.412313788799747,-11.093376967544051,-9.729925953251886,-8.481991270894746,-7.519173331455356,-6.921158559714014,-6.465111495806534,-6.367286473143928,-6.339463250141292,-6.59250626072298,-7.445489286037844,-8.499464660462412,-9.5039269589328,-11.013357432533436,-12.915349948797473,-14.218336444043508,-14.086366579335746,-12.297552076362008,-10.548954616427292,-9.482551863728347,-8.08756127463426,-7.6691921928928934,-7.344952101268315,-7.202780957512209,-7.324995526398057,-8.204133003513155,-59.60489019611906,-10.421519213115069,-11.9987052335628,-14.34537672697955,-17.309351415195614,-17.606653160966612,-15.994415135953663,-14.097899436492412,-11.967541320487067,-10.861550739375257,-10.065844368222683,-9.79738207207724,-9.392956236617223,-9.736053337805957,-10.643019076427677,-11.986175492207284,-14.04319237024934,-16.064093807598717,-20.461458624924653,-27.750885553239574,-30.944972470186528,-23.201069911655097,-19.822171780012706,-17.889087977243236,-16.64339548662217,-16.456951371252483,-16.74470680351627,-53.072765058365626,-50.310700938976126,-2.878551232878986,-7.4649204808833405,-8.117753394417356,4.576279345675908,15.620851046015204,8.505216385817626,18.38861685810381,-59.60489019611906,-50.57399032619962,-8.275492987456934,-7.879531991725451,-7.76046025640435,-7.884790021632556,-8.213627451022553,-8.815159216599199,-9.410383116910614,-9.707611525041314,-9.448338023607818,-8.44850198030226,-7.203742823109508,-5.828240192808678,-4.661159351477812,-3.6750381521331184,-2.9342848395988375,-2.5321866511818145,-2.3531436256086002,-2.2392641660897104,-2.465317046285174,-2.96342711098245,-3.497389112138953,-4.279639323737451,-5.0646626426414745,-5.747880093051002,-5.816143642396377,-5.648743605777614,-45.37243145675098,-3.993321762279733,-3.020997736052762,-2.3338635531093597,-1.8239423847317704,-1.4695040457944133,-1.2977429982215563,-1.3792311551459766,-1.6199685136191824,-2.1536891071058606,-2.743011431392563,-3.5994954517185933,-4.422804792980671,-5.105565424015159,-5.368827102299677,-5.135008361345027,-4.4758262471271,-3.4672114082588443,-2.7194238383450346,-1.9629604957802693,-1.4080497081236865,-1.0849572215349865,-0.9490980189692872,-0.9755839389492278,-1.3909472749050895,-1.9803369048490014,-2.7142890306817162,-44.486056586330314,-48.635790066038496,-45.62549010939868,-47.99121017376932,-55.62549010939868,-49.60489019611906,-55.62549010939868,-48.46545667305069,-43.98196155155431,-49.60489019611906,-50.310700938976126,-0.8658917036200677,-1.2098425764615708,-1.6509393588336172,-2.307360022988968,-2.9324811381474003,-3.569348863425794,-3.9359393352204917,-3.9903159789795604,-3.7144914184454842,-3.248962218139649,-2.6160763713410136,-2.131125606625732,-1.8030138339786015,-1.6182593888020813,-1.5731028014313315,-1.6444886549156557,-1.9675074683266145,-2.411626816827982,-3.094194528893921,-3.6356383801540453,-4.047176519667427,-4.365124651344986,-4.3251642712888225,-4.311613306715018,-4.147484582208728,-3.7765043603408044,-52.61519015275887,-3.5682834568004873,-3.683344444225445,-3.947940443443158,-4.08721331553496,-4.6033353976125575,-5.015574914645143,-5.309588057509548,-5.475675870810304,-5.450849190725958,-5.425260035599662,-5.352997400920289,-5.386474584564516,-5.330532261398558,-5.377145694124355,-5.522727928316204,-5.737645201245998,-6.327899613307326,-6.50550248579348,-6.743537982033034,-6.656878227400375,-6.616959407258772,-6.509248706864207,-6.200825635027099,-6.0627202035786,-5.681069165648197,-5.792358065982884,-43.32100089561594,-51.4757566296905,-53.58429028283943,-52.61519015275887,-52.61519015275887
-48.58511481765527,13.73310314925307,-52.56451478211331,-12.942326879428716,-48.41478163679785,-47.94053512400383,-5.768737262517146,-5.507921605486132,-5.5942714910237985,-5.600724375459034,-5.980422495567389,-6.1242967930508465,-6.324696782214163,-6.436655330380695,-6.376119442029325,-6.135865138140478,-5.716187105578179,-5.366265502478593,-5.027275417076544,-4.7715159631299855,-4.60245731448596,-4.742104003127726,-4.771133510902486,-5.049845195980059,-5.139824501334685,-5.605733224219883,-5.737992905840455,-5.661092183327141,-5.676313988991524,-5.368906537400086,-5.039873997100953,-4.59912508648199,-55.57481494252368,-4.1073346326818845,-4.260110222341155,-4.18541869582406,-4.5728609580143225,-4.833433344066372,-5.402193851923681,-5.930851880098964,-6.391113831964635,-6.557442686365089,-6.653646089436693,-6.135795959164083,-5.696320675852855,-5.17270075197602,-4.628217733459403,-4.475535306465464,-4.113379827987011,-4.287637186907556,-4.435187772237331,-4.946010807924125,-5.570005783225751,-6.398489388069527,-7.320488862104504,-8.237947869645188,-8.55042370787692,-8.369368544572334,-7.89830016316103,-49.554215029244055,-50.26002577210113,-46.436676501520076,-50.26002577210113,-56.54391507260424,-52.56451478211331,-55.57481494252368,-52.56451478211331,-43.87219802722433,-47.94053512400383,-46.54391486883368,-10.101868746097677,-11.064629984306222,-11.47193643288093,-10.698765496566871,-9.771564889013353,-8.519427832367846,-7.543618197361984,-6.897430334488682,-6.391113902471166,-6.3808536187549505,-6.405046220437249,-6.78978067921504,-7.498964190790115,-8.424112159018796,-9.656069542119457,-11.503252336378331,-13.054590048687437,-14.354557736458213,-14.078867772754265,-12.918902011753033,-11.345306786034463,-9.952267349114495,-8.78883020108692,-8.177825890872748,-7.758337886765788,-7.472543402850459,-50.52331515932462,-8.075396533166268,-9.09080517903433,-10.208902399890729,-12.02175573426798,-14.186358489168537,-17.285510501647302,-19.675542316428924,-18.557408358335984,-15.839749536831969,-13.657734409490796,-11.877611075667335,-11.30303841348942,-10.619232756896626,-10.506626781010864,-10.61036177554933,-11.166699756030807,-12.775181446391974,-14.019207586669078,-16.423984057630022,-20.414752654935036,-25.913397571221715,-36.88249770482696,-27.298538071426265,-23.07403200536687,-19.72404483502349,-18.227616284474927,-50.26002577210113,-52.56451478211331,-2.8278754333113767,-7.414245668539254,-8.06707797922261,4.626954158019994,15.671526500795135,8.55589118722805,18.439292190080046,-55.57481494252368,-41.88265614201051,-9.7226223134854,-9.948080475686274,-10.760274073069027,-11.154754978206265,-11.888748055189032,-11.564775210958675,-10.393573072829268,-8.888403229375344,-7.243088683930009,-6.049283016605559,-4.74190302393621,-3.870261701481681,-3.224684141851765,-2.9357236155737083,-2.6801297390519063,-2.908411175626426,-3.0652993555213373,-3.7412962399452776,-4.36042443032017,-5.301334977994053,-5.9503168027644815,-6.349376643563181,-6.263033949393559,-5.6264018942476435,-4.730532231532616,-3.695718076627665,-50.01178970843907,-2.1721156041407155,-1.8672423381493215,-1.4202134805605167,-1.4278984779366102,-1.419599540840706,-1.8885920213380591,-2.402470083879353,-3.0432532085845265,-3.827119380900151,-4.782097410115899,-5.277276927859865,-5.553975570770049,-5.221158147515542,-4.41295627727781,-3.6658696004775537,-2.6349432977022547,-2.0810876281804087,-1.3959945606846789,-1.09319557843815,-0.9253527494800441,-1.0599194092000976,-1.331654539250391,-1.8826079201651083,-2.454544550282771,-3.2656025023137896,-4.037666462199566,-59.554215029244055,-47.001489751799255,-47.24972585541633,-50.01178970843907,-50.26002577210113,-46.54391486883368,-12.942326879428716,-55.57481494252368,-56.54391507260424,-50.52331515932462,-42.69679745415595,-1.2183301186091535,-1.6602058396717405,-2.4745762857031472,-3.008171159407566,-3.802446543156113,-4.1093608698438135,-4.157470797514567,-3.8928524079956923,-3.3468336656733855,-2.779368614093662,-2.175179311519037,-1.7292275262446208,-1.4841547495948093,-1.4691852603449123,-1.400958200814554,-1.8717385573284369,-2.1892899406130626,-2.826062449606362,-3.2453770224005822,-3.8721508390790853,-4.245580850304115,-4.453747801443612,-4.493360960074744,-4.248062653693722,-3.9807734513673476,-3.8131782419395104,-43.99118979515944,-3.550749141222651,-3.816097827841972,-3.795262140856006,-4.247960729909554,-4.427037501583476,-4.859728570053637,-5.15872524291622,-5.363253009529022,-5.5462627464497505,-5.625935679063341,-5.530594948539685,-5.544002855997939,-5.662474270198392,-5.604159285330384,-5.913876099810626,-6.091379727006714,-6.36747889084151,-6.4399720373702865,-6.673243634052862,-6.607249771000384,-6.4354689759397035,-6.2048849651875475,-6.138831059519463,-5.957643210692103,-5.8786433192281,-5.9997572308736205,-46.54391486883368,-48.58511481765527,-48.58511481765527,-62.56451498588387,-50.52331515932462
-42.5039088758935,13.793709226863252,-55.51420883253331,-51.36447535282514,-52.5039088758935,-43.87068027468894,-5.810517023147609,-5.633856898485341,-5.667585810545375,-5.802025578923309,-6.110917156064689,-6.280100073434411,-6.425703655561059,-6.557751873401168,-6.427000286113068,-6.256252287259319,-5.767139859555403,-5.474367620160361,-5.292582015530087,-4.955099544780454,-4.810659665734534,-4.684919677959563,-4.768874552483724,-4.926396612254557,-5.274280723234988,-5.573986452759749,-5.819071251528436,-5.9213041668953625,-5.734148939787066,-5.6345269932835995,-5.350796681085511,-4.94634124661352,-55.51420883253331,-4.3280900171708625,-4.300160430162836,-4.341124341094648,-4.275993184561973,-4.730365944316934,-5.185081069665109,-5.579167639258956,-6.200586545266006,-6.54646724491463,-6.682342911696571,-6.590769041786396,-6.412128357482651,-5.941421712814057,-5.468201465579226,-4.738117290642634,-4.419334499422346,-4.3576709655257435,-4.316043739245733,-4.483016058081775,-4.955771445467808,-5.671411594319592,-6.591203449706277,-7.379919948018743,-8.309870309738503,-8.650116645421022,-8.678551847969656,-49.95118382486044,-46.483308962613876,-49.95118382486044,-45.34387543954551,-53.47300900597407,-55.51420883253331,-49.49360891925369,-50.199419662110756,-62.5039088758935,-48.354175396185326,-46.82189163522355,-8.430169749126012,-9.689893238418678,-10.762380136036295,-11.517990630566647,-11.663153093528447,-10.910372801291926,-9.824029612510758,-8.683233626715937,-7.725464309315377,-6.8280466171385665,-6.61128450098613,-6.528130925519512,-6.6226491709442925,-6.997761268523874,-7.682923230736436,-8.807261240045852,-10.308168439082703,-11.772703080682776,-13.177903177410489,-14.855126675818987,-14.630933815864564,-13.304241794232869,-11.923142746048594,-10.289766391687136,-9.086438807882729,-8.544619836689376,-52.961483781500256,-7.923198510925751,-7.849351685298451,-8.264507170753948,-9.147283944057381,-10.07650746637074,-11.601433835432326,-14.048339959093552,-16.65833546895251,-20.648770697423547,-20.995730441998603,-18.27145012430784,-15.222482003102298,-13.546921985159413,-12.3373770528446,-11.68431794846782,-11.536025172130191,-11.503478854594603,-12.134427883986303,-13.31558786113122,-14.65459952247536,-16.721644135729605,-19.692438616360043,-25.001911706943176,-34.46251473043336,-32.18578642336781,-25.039123743701946,-51.36447535282514,-49.49360891925369,-2.767269366783977,-7.353639682028551,-8.006472219566318,4.687560144530696,15.732132543538718,8.616497448460974,18.4998979678583,-52.961483781500256,-55.51420883253331,-13.489325785697353,-13.964676629315747,-13.669282026357521,-12.604963204462361,-10.930762270000479,-9.1179696537538,-7.516710551374738,-6.121293387960267,-5.0529971562442455,-4.28876054190934,-3.80010389858825,-3.465675659693868,-3.471853087546854,-3.6268754738006086,-3.9954255454118845,-4.714037047940175,-5.403734190819901,-6.226646200923098,-6.761789829683592,-6.912206426250783,-6.306278521406915,-5.449753663559731,-4.587942493070077,-3.6338160804401545,-2.7917259639894443,-2.2906178908333494,-59.49360891925369,-1.6124557062073055,-1.5738340626358003,-1.682312088867911,-2.1072537121852943,-2.629373330381153,-3.3112183104593784,-4.106338574958876,-4.942220124035436,-5.593651533116858,-5.748095814707421,-5.359898631370015,-4.645082009369696,-3.7451968602095347,-2.879789416037622,-2.2059736023681706,-1.693198984544015,-1.2733640262641657,-1.1104552913198062,-1.1680567178746877,-1.3884311122150446,-1.7488883454029522,-2.3829429719097357,-3.154997534174615,-4.036085776195528,-4.7038338059273945,-5.175204575372735,-62.5039088758935,-62.5039088758935,-47.87992889690394,-48.524508789173126,-46.483308962613876,-42.636191533231056,-59.49360891925369,-44.86962894026413,-59.49360891925369,-52.5039088758935,-45.97178373814007,-1.9916118681619883,-2.678478390440117,-3.4803441681496188,-3.9983226987200657,-4.368412703222026,-4.33156175815531,-3.8479841102520824,-3.2357735303260555,-2.6403800153322936,-2.1851687987922275,-1.6816110553434596,-1.4630515298928335,-1.4425035008411733,-1.5332454289861266,-1.7651970807491801,-2.148803088150504,-2.6789667841162617,-3.2496740225892746,-3.829180850423332,-4.203458974971519,-4.541871723931748,-4.4593796257299285,-4.260925721207511,-4.168147689128133,-3.8657036008603223,-3.718432327177263,-44.86962894026413,-3.6236363770368243,-3.8463505018346282,-4.118112905483681,-4.227857688561825,-4.740006526299334,-5.040641834702041,-5.315430526923285,-5.5537878645009915,-5.545940985577719,-5.565224055350599,-5.6052729554473935,-5.689063206844627,-5.778044736250995,-5.986623260478514,-5.9677228759613135,-6.183691268023997,-6.47356979800371,-6.561641320122149,-6.635909847278553,-6.5458942405931,-6.464047187001749,-6.318815160519689,-6.159115810746965,-5.966961227703118,-5.952668555271633,-6.168850848127343,-62.5039088758935,-51.36447535282514,-55.51420883253331,-52.961483781500256,-59.49360891925369
-41.84649588488607,13.769263451336078,-55.53865447633142,-53.49745464977218,-59.518054563051805,-52.528354316767604,-5.8048171715355785,-5.826740444633548,-5.932148849823093,-6.127984977538095,-6.474646652259219,-6.781260844314259,-6.913846415124489,-6.757793350894334,-6.472179758241337,-6.050692042339039,-5.60767932574017,-5.284203143214821,-4.921039557269918,-4.780995577389659,-4.841196394872262,-5.027252781904345,-5.408385493430811,-5.655473394606194,-5.888106026354575,-6.084273815820919,-6.029517601393613,-5.806110011337033,-5.464890217466168,-5.07123774540942,-4.697541212471478,-4.375200964319349,-45.538654381633556,-4.319584691580217,-4.547693563547829,-4.9164081493618035,-5.458575118244538,-5.988467190527157,-6.388193286758747,-6.680249789021994,-6.691878909060003,-6.284770019203933,-5.739194009376463,-5.274098266274276,-4.622449120941275,-4.2748660668741865,-4.23014069886599,-4.33033672124939,-4.7243966941782585,-5.285300685740776,-6.136478711339891,-6.9186533406237665,-7.796565883998391,-8.2844714681416,-8.140005213089754,-7.791645724553842,-7.049401942886025,-6.305260984927951,-5.588264082527829,-48.37862117006293,-46.507754403487986,-62.52835451969162,-45.538654381633556,-62.52835451969162,-55.53865447633142,-51.38892084052785,-48.548954351801626,-51.38892084052785,-56.50775460641199,-62.52835451969162,-9.581311663721664,-8.43963185724828,-7.455139928295215,-6.707618268519422,-6.1914889374616235,-6.136389031713345,-6.217632143396998,-6.538677388719202,-7.311848645015275,-8.382748583526867,-9.78298926000637,-11.506968531012603,-13.373723031783943,-13.896494324150934,-13.127524968467677,-11.512533239081925,-10.177187513697481,-8.865956146272671,-7.912468787830804,-7.3608861414596145,-7.317902740361232,-7.325747103568214,-7.887260777884134,-8.771352690078459,-10.015866829409044,-11.608415587634495,-62.52835451969162,-16.250396224064623,-17.717369653504285,-16.105688274060736,-13.963663420752336,-11.946942420282651,-10.598640040239754,-9.599483191223934,-9.202334210430708,-9.116285187316791,-9.61249081781752,-10.346019996130067,-11.491651426088492,-13.273583187908745,-16.165782992868472,-20.503471252848176,-26.965329827678318,-25.952060060877628,-21.120760906668032,-18.015250277739753,-15.908619668695188,-14.90366958924634,-14.418707482555257,-14.889808755341063,-15.663690112318761,-17.06638344904369,-18.92431398472283,-43.95502932990781,-52.98592919982725,-2.7917152199016027,-7.378085287956765,-8.030917557103958,4.663114538602483,15.707686536347046,8.592051795654385,18.475452405044052,-56.50775460641199,-13.186608733321597,-10.106792771965099,-8.787289206813,-7.695363569618314,-6.905366284086206,-6.482670683302743,-6.353738083372243,-6.546130703829043,-6.929994492072579,-7.627617252888557,-8.384354302331488,-8.974432969583,-9.109085417066918,-8.312101367780672,-7.039892461283209,-5.666426364976919,-4.536038763292256,-3.6480821838050055,-2.8870554189214914,-2.3874356540729864,-2.2359378803159506,-2.2454855777650002,-2.5090586926006675,-3.049108452138607,-3.7596548407494446,-4.669527673655199,-5.52924043945275,-49.518054563051805,-6.078604736594688,-5.649392196902169,-4.761444349483776,-3.8201734039198043,-3.020336184556616,-2.292435064138152,-1.8040466373756092,-1.5647435608360376,-1.506841937504669,-1.723211508861312,-2.123893935320136,-2.6695783055059144,-3.4079948453588678,-4.29029429620308,-5.051153378583959,-5.423711661920443,-5.2795529338927505,-4.779478780621913,-3.84540800715975,-2.9318931228558283,-2.1516001512331155,-1.5639475300486287,-1.2206118209243284,-1.1025576209167496,-1.2515897147421426,-1.506223764747843,-45.28559573434612,-45.36832092724823,-50.48715469313237,-56.50775460641199,-52.528354316767604,-52.528354316767604,-50.22386530590887,-43.89512589068924,-48.548954351801626,-46.507754403487986,-50.22386530590887,-1.0497835181773774,-1.006532631586226,-1.0921371309004766,-1.4681296011863865,-1.984196718973398,-2.6526751640956316,-3.3976108020988542,-4.035462809921825,-4.276223344606207,-4.301431413459965,-3.891171074123969,-3.3928327489493535,-2.748444887421437,-2.2781281924798966,-1.9663445281260963,-1.867075549414598,-2.0007998533255362,-2.1619180591176828,-2.6108457105025424,-3.114979534631568,-3.684451275868713,-4.104178331678789,-4.6361800388814896,-4.783060915675655,-4.872376907802197,-4.573099393752392,-47.21356538905808,-4.1901416850146305,-4.148772650148091,-4.213380988676093,-4.200373446190511,-4.5785342747721804,-4.795808802821352,-5.091563866853697,-5.345580050678617,-5.77526479887355,-5.839270157453008,-5.932672255281916,-5.832396883801879,-5.853815613968095,-6.0339155668353275,-6.150856274479816,-6.381807656172441,-6.576866066667445,-6.848250850464476,-6.839147942655368,-6.743188747693283,-6.63480189876101,-6.39860955785974,-6.283542959966,-6.176684725813141,-6.136478816833671,-6.31446242935807,-51.38892084052785,-55.53865447633142,-55.53865447633142,-46.507754403487986,-46.507754403487986
-41.32587256199465,13.832311948274176,-46.783289300636625,-50.160816891942474,-46.44470659535835,-55.475606062365024,-5.77685462176111,-5.811147841388678,-5.735973264363742,-6.066359238219773,-6.22387802840461,-6.593653842044851,-6.704185478628154,-6.8323943373014915,-6.69857632885868,-6.239384103500885,-5.911184421488398,-5.478873086173344,-5.122718257383276,-4.964722056998432,-4.825630854086173,-4.537398227107576,-4.760320611053141,-4.93637458685752,-5.444707416146189,-5.68055030986633,-5.955774658635623,-6.23062182732546,-5.821801365586968,-5.855011065780068,-5.454731880708455,-5.0619317725504605,-53.434406235805774,-4.30968136501666,-4.168461166699087,-4.302826461619874,-4.156257677356535,-4.680052999862537,-5.17591945428265,-5.651012498233379,-6.246899101478853,-6.679349733989489,-6.787046621302116,-6.803194406345639,-6.604206057439129,-6.103938961484978,-5.5471295515289984,-4.733968207271274,-4.489272971215195,-4.309840833941427,-4.286784202898636,-4.43589353312184,-4.85148589242661,-5.486389984832387,-6.402309319240405,-7.17077157499704,-8.224644219998957,-8.820133563889069,-8.891427976360319,-56.44470619244559,-45.222547587100294,-53.434406235805774,-50.42410627916596,-46.783289300636625,-51.32587289258973,-48.485906180169934,-52.46530650863797,-50.42410627916596,-55.475606062365024,-13.187272323105974,-7.995432265871103,-9.463069960124246,-10.592694523814432,-11.586073215450325,-11.789613773862083,-11.372727511362097,-10.287940910594012,-9.064475573138548,-8.054170037062779,-6.883670263138784,-6.702664334830511,-6.658678883074636,-6.603428797259893,-6.857515122529856,-7.574359432983403,-8.445479596578425,-9.793588982860175,-11.388967482892019,-13.304979957887323,-14.707818323141822,-14.61984630020046,-14.111571477231191,-12.54021271052988,-10.621515618591692,-9.360284894378,-8.973619123089454,-51.32587289258973,-8.052629331279551,-7.770001842878321,-8.239391158874746,-9.111910525132611,-10.018033139708137,-11.406118671669054,-13.743218685028697,-16.481669528894287,-20.62492555849099,-22.445807002799597,-19.9462480526295,-16.239021892466383,-14.276649693636712,-12.893928443050953,-12.176625852525849,-11.924195697943441,-11.611115810839475,-12.471390411443178,-13.48260777638826,-14.71889604458745,-16.790219558896545,-19.081538031328307,-23.974184681692062,-30.821777603074366,-35.98170592046407,-26.37042939698087,-46.783289300636625,-46.783289300636625,-2.728666647693613,-7.3150366482019304,-7.967869285269362,4.726163178357317,15.7707353481507,8.65510075895884,18.538501037742666,-50.160816891942474,-55.475606062365024,-14.18205918635942,-14.56351051654934,-13.927289990564354,-12.49948882080121,-10.436283795800048,-8.841348383087631,-7.351165441894914,-5.996781377220076,-5.1846105131734275,-4.290313410590912,-3.9443810260401966,-3.795536494109835,-3.8160913621151686,-4.156053055922176,-4.657094287951563,-5.1881937827571925,-6.1171491913664,-6.507941467699604,-7.035135888821803,-6.890089834759548,-6.198536167617011,-5.29475392964458,-4.2863945994254395,-3.4418771962927366,-2.7136314773110937,-2.3538237934832145,-43.434406235805774,-1.8054442515970306,-1.7168781878005919,-2.0652947792352063,-2.3454212643852532,-3.037603601387265,-3.6589019913126264,-4.526976458056055,-5.094676546171311,-5.750939330861198,-5.600185926525003,-5.1482505291619685,-4.4259713455389,-3.6123162125062027,-2.887567337783966,-2.1105085025163857,-1.7333961204997472,-1.3001786321882214,-1.3419779173553639,-1.3212717566088674,-1.6037406572461899,-1.9878781355438815,-2.6494754650672174,-3.338346513744537,-4.05355140877475,-4.8429856528259885,-5.268414201179654,-44.40350636588634,-59.4550061490854,-51.32587289258973,-51.32587289258973,-45.305272979310104,-50.160816891942474,-45.475606250390975,-40.18643940130935,-49.4550061490854,-62.46530610572521,-52.92288145901281,-2.130280776096653,-2.858596159353189,-3.3965922518476086,-4.058211509286432,-4.346869091988414,-4.382264779142526,-3.9237464471449783,-3.240334907763507,-2.7008066010256564,-2.1693539667954065,-1.7228192561449418,-1.5342006007646307,-1.558124007616755,-1.634036954570659,-1.9450344306325356,-2.1404518158914727,-2.7842794481619766,-3.3101205004626975,-3.969637891014219,-4.3166728224087585,-4.554732921405974,-4.652277152057037,-4.326341829493639,-4.1664300676200385,-3.985528098006721,-3.8218743827160195,-50.160816891942474,-3.754751327023766,-3.898041185634482,-4.222420139826996,-4.271907324997077,-4.682657176607391,-5.121909097934063,-5.321028140775597,-5.549850412300819,-5.70070232815976,-5.632727774736752,-5.7771153227806815,-5.866742648295701,-6.050079255993723,-6.279292452387889,-6.1693143467201415,-6.4836080621460965,-6.6087025973718045,-6.8073941797899105,-6.630949225011759,-6.5604989917519685,-6.403374065113766,-6.396936836419528,-6.1441258618836025,-6.1387089737373435,-6.13999422840824,-6.367217936922177,-47.8413258951766,-49.4550061490854,-51.32587289258973,-43.89198158909337,-45.47560579375653
-42.45692016871394,13.840697991365785,-13.103001557081297,-47.142130998291385,-55.467220125353755,-62.45692016871394,-5.848596838564029,-5.978036912271442,-6.171998813460505,-6.601297943740164,-6.912597779694133,-7.155820302506384,-7.1697579273620065,-6.9628534266035444,-6.645699018316441,-6.230998474135018,-5.667349888812675,-5.112890470117028,-4.8659858582663045,-4.678122715889478,-4.7801009929532885,-4.783988289947599,-5.19855505672616,-5.560901638056281,-6.174206154602745,-6.403385012311087,-6.549203640551791,-6.252634265809155,-5.848549906091959,-5.436321620685616,-4.9224992417784055,-4.443589695308204,-42.20386174390998,-3.9818227436172906,-4.14869271471165,-4.494660786231201,-4.691905805559352,-5.598383984308585,-6.197172998307241,-6.740239374237008,-7.194354734424189,-6.956496388392007,-6.438655223322223,-5.907188874478356,-5.337861090857049,-4.686641391932901,-4.356584981397434,-3.885526084115653,-3.9810698997086673,-4.401150816751567,-4.787247702500038,-5.414273496373654,-6.309497609699327,-7.356660405867452,-8.299026287419494,-8.827856327922891,-8.68203636776211,-7.824068473076903,-6.861468630755566,-55.467220125353755,-51.31748664564557,-53.426020298794505,-55.467220125353755,-51.31748664564557,-47.40542038551488,-55.467220125353755,-52.45692016871394,-48.47752008199357,-13.103001557081297,-59.44662021207413,-11.49181733065286,-11.606655979133006,-10.0734477751232,-8.956844949265486,-7.79184718492914,-7.09191673830191,-6.573026480835478,-6.274085228599564,-6.180599326061947,-6.32347097139008,-7.050998198471476,-8.004101598077249,-9.128335947171493,-10.62952159631349,-12.544925225401336,-14.535455486908631,-15.22523805917248,-13.66883056222888,-11.57949636593574,-10.330862879354628,-8.863423239421556,-8.02332009087117,-7.7878584719911705,-7.477428528127485,-7.616699498610158,-8.335860884977636,-46.329081601516584,-10.44841555686794,-11.974950061384668,-14.505909285631057,-18.471791304682355,-19.83430821639456,-18.52977500282978,-15.69602280350569,-13.491988429537738,-11.926135788024554,-10.878486005708563,-10.514052886704281,-10.15373418361657,-10.49007497662345,-11.246905781569932,-12.844608322319441,-14.674828835565798,-16.9019857134588,-21.444606144579836,-29.899372346958735,-31.767644207590763,-23.329386813130895,-20.011427479499908,-17.784984197171497,-16.51376813537262,-16.33533597010343,-16.43870924503863,-50.1524309549312,-46.893895161041065,-2.720280927601369,-7.306650672596032,-7.95948368849275,4.734549153963217,15.779121119733734,8.66348600544596,18.54688660519292,-50.41572034215469,-44.822639909214736,-8.859912158489625,-8.768233609225856,-8.596480758724269,-9.185702277425067,-9.758872752645098,-10.652306464248458,-11.33053547301379,-11.220722593615768,-10.323203987892258,-8.815370542479428,-7.314046542314295,-5.877092509163918,-4.684261823800294,-3.7646030555353063,-3.1799270820409777,-2.9186229310517082,-2.934203561875134,-2.9336849743861926,-3.4208876333460014,-4.066591668896027,-4.759588399398153,-5.50293515249204,-6.2415639159332965,-6.619119063957941,-6.2387410561646455,-5.609032260330453,-41.317486418580785,-3.8302404223402857,-2.964923828129909,-2.4282427512286278,-2.001124808528582,-1.792807425691284,-1.730091448262083,-1.9457616529195243,-2.3608604591297726,-2.8629712575910355,-3.522604034951225,-4.356208722357314,-5.0387567126934965,-5.390245958861101,-5.4009426088663615,-4.9815208134866475,-4.275928518311404,-3.3178445856871868,-2.7456605041013877,-2.106467009116047,-1.6144152062658301,-1.3553344906167184,-1.271478744352597,-1.3899635504784076,-1.7904712161641643,-2.4013532494075975,-3.0305456461689735,-55.467220125353755,-45.21416111828246,-46.77490292804399,-48.30718668900576,-56.43632025543432,-50.1524309549312,-56.43632025543432,-47.832940189724376,-48.47752008199357,-40.49792345660617,-51.31748664564557,-1.1003982400166654,-1.3952290346378236,-1.8606348130031907,-2.540292053944585,-3.1650974304719943,-3.8629368287570176,-4.316436230589218,-4.423544118972048,-4.158455879203948,-3.805678685874612,-3.217686090222538,-2.617907172483017,-2.2274513699471328,-1.9923393398754534,-1.849575747146976,-1.8919424262793214,-2.1874345085950737,-2.560246557544476,-3.2105046740689387,-3.820379351692017,-4.344375100610296,-4.724601061598926,-4.923165747995621,-5.065360022956286,-4.934060968084872,-4.542512223477534,-48.47752008199357,-4.194065983639222,-4.166250638193626,-4.313078839098327,-4.299436459710136,-4.75410810681469,-5.05479413081087,-5.369296227949522,-5.648771356390878,-5.821607161854898,-6.007170261855342,-6.214676810763995,-6.26706217521566,-6.363003924851423,-6.592476364741326,-6.528648744911024,-6.650680586708271,-6.936653694204379,-6.884291122125145,-6.807597802052828,-6.734967424626736,-6.582482123440169,-6.440056547666062,-6.349892620313432,-6.428802787624241,-6.43431211365788,-6.671307425911728,-51.31748664564557,-46.329081601516584,-52.45692016871394,-52.45692016871394,-50.1524309549312
-44.770844449065635,13.892493600086267,-47.781144635665655,-45.415424362951086,-48.425724546331644,-48.25539114821397,-6.001095456869809,-5.918402264934102,-6.203805565638174,-6.441595177695874,-6.80102442873931,-7.167022779353744,-7.326930247574483,-7.285048202891041,-6.869340326510116,-6.362648059918001,-5.84056769732268,-5.368178827697784,-4.96262504246953,-4.675090304479413,-4.619871078176362,-4.9811885177013275,-5.108253857501333,-5.544332416042681,-5.90180622052757,-6.370898405742381,-6.475311792144441,-6.405279302466733,-6.308390860682087,-5.6937571795703406,-5.151890011596484,-4.697186154106817,-51.2656908227103,-4.021457773418515,-4.116193674496953,-4.070178761141509,-4.6653813531466595,-5.092646251959092,-5.635994425120872,-6.49140616710987,-6.943586326614262,-7.350951908388161,-7.317659833355585,-6.695342455394027,-5.830970690178346,-5.181607201483854,-4.5630540025420805,-4.363321115614839,-4.093084135564793,-4.142451964838022,-4.361624157958146,-4.924322713708637,-5.648916964170047,-6.443003195138086,-7.4697494359998995,-8.389172241708934,-8.796616610892523,-8.924705741670481,-8.253637572065934,-53.37422462975567,-62.40512449967511,-49.3948245430353,-62.40512449967511,-55.41542445631492,-45.41542458969184,-48.42572433292858,-50.36392467311586,-49.3948245430353,-56.384524586395486,-50.100635285892366,-10.074147872185929,-11.433940160008673,-12.16963708865973,-11.272210524305615,-10.086429038962951,-8.789885622430226,-7.63631567804225,-6.911143306736661,-6.3797935358776,-6.381528834535361,-6.390913264839688,-6.816539233127542,-7.517855096817762,-8.709811633131139,-10.03076825991644,-11.689065347771418,-13.539709697413327,-15.339909253671461,-15.451271058217959,-13.542812713662189,-11.645496446123973,-10.13964104447907,-9.185228003826122,-8.363050032163182,-7.908983207612272,-7.703005010221067,-49.85239922634719,-8.448698308478177,-9.55171188290095,-10.86840882904917,-12.708682443983651,-15.4178573239901,-19.317986735545475,-21.955809252861414,-19.755766510447813,-16.582672408038945,-14.152551316803672,-12.647590296848922,-11.514201759873995,-10.915090288094436,-10.929907075400427,-11.153761391461632,-11.966434836733214,-13.437878680464532,-15.171470845709436,-17.855913804295447,-21.898620552638274,-30.459981147751954,-32.743707054768905,-24.797131258088484,-20.903088138997404,-19.10321970930291,-18.135947444835768,-52.862699182987,-62.40512449967511,-2.66848505200675,-7.254854955830437,-7.907687891121552,4.786344870728811,15.830917179454655,8.715282324530815,18.598682516564327,-55.41542445631492,-56.384524586395486,-10.473739598985103,-11.032976365298717,-11.774607220730303,-12.668305128995915,-12.937851329307437,-12.474732436690557,-11.11064261820297,-9.207403595797016,-7.565601732358607,-6.194016395240434,-5.1304522939312935,-4.221116461445491,-3.671209414432483,-3.333312062588998,-3.2392326604429456,-3.58892178511197,-3.9195385510615885,-4.612840535451011,-5.324375632725547,-6.152123313665099,-6.815304238887232,-6.784743009463439,-6.524828928572509,-5.831410181260036,-4.796076882168571,-3.9038103376312865,-51.2656908227103,-2.479191553867553,-2.1909120583257637,-1.8354781861085012,-1.9327305324334823,-2.0383367887038477,-2.477601740871616,-3.0030235907240916,-3.6504721540495884,-4.386465441437135,-5.136581593221199,-5.503978997017055,-5.562156967067305,-5.220489772607536,-4.5311928678029245,-3.7639250594532663,-2.917978311844837,-2.407830920938997,-1.8057925884360992,-1.4819543268616664,-1.3820980918485817,-1.4556046915277376,-1.7171195895509952,-2.2943918053853793,-2.817068797916839,-3.496556769550854,-4.165481305812749,-47.781144635665655,-50.100635285892366,-45.16236571558812,-56.384524586395486,-52.40512429960973,-62.40512449967511,-48.25539114821397,-45.50316360412075,-44.770844449065635,-51.2656908227103,-50.100635285892366,-1.5221400315652862,-1.992157096074931,-2.686866336835986,-3.2852169416125583,-4.021388387062027,-4.502596615226311,-4.593223859702519,-4.3887692908690825,-3.8004390460285444,-3.2656040473009136,-2.738015888002969,-2.2299749845019647,-1.9234846026625858,-1.7529694931835393,-1.8124861286622849,-2.2036174859154665,-2.5382802392810735,-3.1182479933826364,-3.6452048665355337,-4.265147155604631,-4.676914673020755,-4.910080128743026,-5.193780968836368,-4.900187084232737,-4.6812837547965405,-4.49910690269373,-44.275990861428205,-4.131677234612953,-4.201553288176767,-4.1612297902351445,-4.5922467544345205,-4.782443391040478,-5.203688852089508,-5.563477813456645,-5.702647324250262,-6.196313400008834,-6.2707445737293055,-6.404362698089464,-6.227312887529546,-6.491528585570043,-6.445226767377832,-6.8017292414479655,-6.8304134848686875,-6.899783367057609,-7.0287214669328,-6.867167715767782,-6.800498330211004,-6.593675272423598,-6.4588790434916366,-6.463796739158197,-6.442618245931201,-6.539566249263613,-6.8074700947955655,-62.40512449967511,-46.842099269707376,-47.090335368481064,-48.425724546331644,-59.3948245430353
-49.403219340317605,13.884098729612703,-44.284385514865505,-52.41351949721625,-45.253486014654676,-48.434119290340576,-6.043497906173654,-6.114889045814891,-6.214398547710937,-6.810853128487303,-7.03501371257698,-7.41871040068665,-7.449536897598995,-7.33579696776413,-6.755454182058442,-6.128403915391819,-5.679392919918927,-5.273828029419708,-4.916125272656169,-4.8093996474310705,-4.7765366726625995,-4.970214285479951,-5.363499448284569,-5.755964707890175,-6.369433393879338,-6.547106092162462,-6.676613041717141,-6.389229581487578,-5.87440265438538,-5.367098567558814,-4.919047019432418,-4.444946011940518,-53.38261942703798,-4.052748103980024,-4.205621515987082,-4.499012903949302,-4.93654334296456,-5.714356257836651,-6.319272095604591,-6.938430577001959,-7.341196176095213,-7.091327867702164,-6.5365668448032235,-5.85057262559434,-5.194276088485558,-4.5934037098733445,-4.271382707479992,-3.951707589101216,-4.071284236716268,-4.39255854363628,-4.91379170931397,-5.605271150221478,-6.504254116167302,-7.586197841596576,-8.52505018426687,-8.876241378417667,-8.650779560520277,-7.776082055619444,-6.864788953578794,-55.42381925359723,-46.731502272783494,-55.42381925359723,-48.434119290340576,-53.38261942703798,-48.26378568887819,-56.39291938367779,-59.403219340317605,-62.41351929695742,-51.2740859279343,-55.42381925359723,-11.56782829779001,-11.44633033375496,-10.171971289922336,-8.942015155195014,-7.729750679495537,-6.939760193905672,-6.405042127320858,-6.051449362414127,-6.169275194168033,-6.4017769070488,-7.225840656294912,-8.272982367900838,-9.463657752082508,-11.410571836832196,-13.377193995408836,-14.84411676447926,-15.052264672568931,-13.22566976428261,-11.540178287412733,-9.973817775421582,-8.839183191221643,-8.115835333044402,-7.540890879762371,-7.5973735240725615,-7.883977195625235,-8.421837141546943,-46.392919583936624,-10.827331301433729,-12.797884860139943,-15.63015699002188,-19.45477073656847,-20.580820819070837,-17.889521030705772,-15.26000503738133,-13.03934336274314,-11.385718822312025,-10.563540310473503,-10.06586663840713,-10.33147149319068,-10.771597389142807,-11.868920725482262,-13.014235164210268,-15.06128378647489,-18.39606865023014,-23.653073925125145,-31.96812155567165,-27.17475467464142,-21.776058646642433,-19.01701775245646,-17.448373749382146,-16.33886182803407,-16.133616889883157,-16.348738075111182,-49.403219340317605,-48.26378568887819,-2.6768802127448694,-7.263249916013331,-7.916082248904084,4.777949910545917,15.822522331097089,8.706886906782264,18.590287916897434,-55.42381925359723,-50.10903008317467,-8.896927830805158,-8.70901731097572,-8.685687686746276,-9.126217571383112,-9.6339910591786,-10.582501383826614,-11.458478050817417,-11.620802305574609,-10.810965358244092,-9.195692282453338,-7.522234879557694,-6.10149739842063,-4.923077567513511,-3.991796907844145,-3.3929139171730798,-2.9150833679460044,-2.9117212014519422,-2.968351867564219,-3.4353964944311395,-3.949102833927638,-4.736900587221006,-5.61262173816424,-6.28362644789222,-6.641543527019306,-6.553568510914144,-5.889701864490915,-47.362019513758355,-4.096862343770603,-3.2347631516193314,-2.627569195571446,-2.0693006683196433,-1.9125650588209546,-1.8633081999643912,-2.0508645503258562,-2.3364342343166893,-2.8915786027421078,-3.5760306275457125,-4.340916254115327,-5.033098145591145,-5.503863273203614,-5.572357994097063,-5.086944598983285,-4.383525679320359,-3.588700619616882,-2.8599856395718417,-2.1664587449538444,-1.7296529161484635,-1.4057588355673778,-1.399495884046221,-1.4501036973451056,-1.8418128639485467,-2.4041053140434614,-3.0135722275462804,-45.88139438171379,-47.78953920287657,-43.1193299691349,-42.91961919300664,-62.41351929695742,-48.43411907673115,-47.78953920287657,-43.275380992916524,-49.860794468434165,-52.41351949721625,-41.54992056890038,-1.2214291297492825,-1.5128550327629968,-1.9511395793401998,-2.607373348742745,-3.209337870970488,-3.987302175196107,-4.433922868939365,-4.624340895086638,-4.48063860975836,-3.9604300137317026,-3.349080962366437,-2.804390207778362,-2.3528616050383953,-2.0786945925821323,-1.9754773681242166,-2.0058151940263906,-2.3766700499464006,-2.6814598554202935,-3.3294198221389255,-3.8442256738097775,-4.523511753002309,-4.94592408961486,-5.056731794662966,-5.265445593660018,-5.107489159131847,-4.835392728007902,-44.35171955711854,-4.437243243690247,-4.399145663373057,-4.448719435109377,-4.536612269296081,-4.9236973571082085,-5.139733381940226,-5.468660784380108,-5.819178198693972,-6.083311062635853,-6.2531564119061835,-6.434791186503146,-6.481533929667448,-6.625340054767408,-6.772589899897517,-6.771097123253538,-7.02285859635995,-7.072318772474161,-7.076243556631258,-7.0454861611156545,-6.857328012080797,-6.702571365207356,-6.606367647857847,-6.548670260946183,-6.487200254934775,-6.646029490819577,-6.989585248010921,-44.77923915416373,-51.2740859279343,-43.38261942703798,-47.362019513758355,-46.28568064835403
-43.38157280394778,13.885145477036966,-44.2833388918013,-55.42277263050703,-56.391872760587596,-55.42277263050703,-6.161396794553582,-6.118448087311636,-6.421156037311806,-6.739573116270457,-7.181826741915033,-7.450374305632237,-7.55750131369407,-7.394693344606546,-6.734401123541419,-6.105347124504981,-5.679977371817735,-5.215307294403148,-4.862739594793512,-4.70757592527213,-4.693806462183411,-5.088494911871287,-5.4279439386397,-5.884354677046377,-6.306360684752321,-6.710441922985723,-6.707977388030057,-6.376850648371237,-5.9639036825029645,-5.348606225892655,-4.813740256418716,-4.382861933843203,-42.4124727539611,-4.057279173669782,-4.187647384301597,-4.523199093599908,-5.053849868546234,-5.704969058316704,-6.508200822395147,-7.100430917508013,-7.284668436969421,-7.175606195595998,-6.620858421910545,-5.910777421203158,-5.0797940597794735,-4.533385708016408,-4.078948298878939,-3.992812301535145,-4.038021570641269,-4.372299243027632,-4.955168323464861,-5.6918914169963255,-6.684488016220918,-7.864359509674427,-8.454178649156551,-8.785763598939122,-8.316099757158536,-7.685815023423422,-6.722949981218422,-44.283339107438664,-55.42277263050703,-51.273039304825545,-46.391872960822305,-43.32762270756373,-49.40217271722741,-47.36097289066816,-59.40217271722741,-62.41247267386722,-52.41247287410192,-48.262739065803466,-11.676132352144046,-11.134624067109204,-10.087899535462107,-8.744695771349658,-7.723507456232024,-6.642923758530684,-6.203100106146212,-5.954822141171638,-6.142041752659302,-6.622644465230463,-7.259245806357839,-8.271768701264111,-9.89113007722581,-11.649819508341722,-13.524782381582261,-15.200551861148249,-14.478410945487436,-12.78191728133862,-11.222389403410409,-9.77646717346609,-8.62840281960494,-8.018687975611762,-7.436266313194423,-7.627139395080031,-8.111302525824694,-8.743949306185497,-55.42277263050703,-11.320569598897352,-13.434827462355443,-16.566898862295417,-19.908272759669963,-20.1736211558657,-17.18008252161845,-14.487855495049985,-12.690212719706594,-10.877952563733642,-10.270791824012278,-9.99929926027267,-10.446566049255603,-10.869511764490888,-11.934819201286892,-13.291209083965745,-15.621374861419676,-19.592826717125764,-25.94157825537804,-34.42596629899907,-24.831684305392116,-20.655905173390536,-18.28551567587205,-16.857900669416747,-16.09712191108107,-15.749446141781071,-16.016711411937685,-44.778192531098505,-59.40217271722741,-2.6758335066016823,-7.262203033055249,-7.915035657997501,4.778996793504,15.823568781454302,8.707933547835431,18.59133467276431,-56.391872760587596,-46.84944788867735,-8.882297685263786,-8.514276090389137,-8.577729811462323,-8.843613499683757,-9.309321377755017,-10.200678177102137,-11.093945568845845,-11.56695965805425,-10.82110403662208,-9.730321099043199,-7.9394962709459,-6.391438236122429,-5.205415361657513,-4.16424004250687,-3.398625168738778,-3.033378741980826,-2.8580344460238445,-2.97041021716447,-3.319903273977269,-3.918248009304473,-4.5996162894793855,-5.351493582902971,-6.22302220141846,-6.682166345468411,-6.694127025479175,-6.070956126961756,-59.40217271722741,-4.1673813366868995,-3.4331240757184753,-2.691495228626628,-2.1783182502499083,-1.9829668530278777,-1.8681616049522787,-1.9304909468737828,-2.3280170930432913,-2.7387485186681433,-3.463986456572977,-4.187647095015193,-4.853442577847512,-5.386013528393267,-5.514688521460612,-5.279449329532465,-4.455048484929916,-3.781665740916742,-2.888723619634363,-2.221542252342258,-1.7241863993558333,-1.497111649098997,-1.3948300508309763,-1.5254394933875015,-1.7596903658433796,-2.2600072873159887,-2.8273592589107044,-55.42277263050703,-49.859747845317166,-47.78849257980025,-48.262739065803466,-49.859747845317166,-44.35067293402835,-49.40217271722741,-50.37127284730797,-41.27303877086636,-62.41247267386722,-47.36097289066816,-1.220293492942546,-1.3909599184068862,-1.8646191831653145,-2.383036446979225,-3.1686462180476878,-3.8918406601402595,-4.47657978391038,-4.720967676532664,-4.5252330768690765,-4.09218261876123,-3.4962229491749275,-2.956723431616568,-2.4472683441639136,-2.0413763441204766,-1.881249822453572,-2.049298303929924,-2.2971063636625533,-2.7630535504587472,-3.222021399767851,-3.8422312806010006,-4.457168845074668,-4.998340372048487,-5.380505217679671,-5.231842501351892,-5.051998989794865,-4.9582504988198135,-47.097683464182964,-4.463968395283017,-4.3630404657271225,-4.391991044177395,-4.6002841477089245,-4.759662630551746,-5.221207586477842,-5.508349456121641,-5.829143034987219,-6.186095215160899,-6.3960005259693595,-6.5312801944316226,-6.491571553102879,-6.567611490915814,-6.574989044064557,-6.962013171522598,-6.9709733406808985,-6.97484551316999,-7.0267100460963485,-7.103345894468559,-6.9605276649851335,-6.781341971010559,-6.575996761577953,-6.52406592367257,-6.603758748620551,-6.751800116375958,-7.016066899742762,-42.50021163089271,-48.262739065803466,-50.10798346008448,-45.422772350178455,-49.859747845317166
-46.80905450086897,13.925538472234075,-53.341179417171645,-55.382379243730895,-55.382379243730895,-47.74809919355803,-6.23115754595585,-6.343994340672189,-6.697568660109326,-7.03150086720359,-7.528554079258042,-7.821010484733822,-7.85507423635059,-7.3820168765243475,-6.805521067323706,-6.106787057577804,-5.5139995711255265,-5.044009801375161,-4.6817785136627945,-4.512911481747828,-4.581795459907356,-5.007078646365493,-5.298898601528098,-5.956495307627857,-6.311394921771829,-6.746236730447562,-6.775634179610575,-6.545719484172031,-6.204206087923182,-5.338649565288795,-4.695883260558288,-4.236002908624661,-46.24424063887516,-3.7302384231797374,-3.8702132717704067,-4.081191062830259,-4.688096250517759,-5.296675840206367,-6.076546022791999,-6.822042013350393,-7.371293032343891,-7.355545001247876,-7.035616915312834,-6.201394084877286,-5.261164251067006,-4.50680816967601,-3.9961633927892093,-3.8984134767450564,-3.6807896327942298,-3.9262574689807197,-4.355504442098413,-4.9750194795355815,-5.908728828950842,-6.988541760042258,-8.036604733299372,-8.734963481986606,-8.869715592039682,-8.476237156995191,-7.53083286507349,-62.37207928709108,-50.067590073308345,-50.33087946053183,-48.22234567962285,-55.382379243730895,-50.067590073308345,-59.36177933045127,-59.36177933045127,-48.392679067500254,-55.382379243730895,-50.33087946053183,-11.089476250506609,-11.747537867720332,-11.623731892832549,-10.300530885989208,-9.005201250356698,-7.689965058135901,-6.73597543215144,-6.174136004815639,-5.978150992182323,-6.2036599348070345,-6.370870183066371,-7.0136591756306625,-8.194639649784333,-9.639658718257069,-11.38726886232319,-13.6332373470158,-15.275140728128065,-15.240114918141547,-13.941184611087289,-11.835917446535833,-10.387158095473662,-9.13970241277964,-8.059326317084297,-7.8953837806749725,-7.770184338228532,-7.819092053495954,-59.36177933045127,-9.377507477040885,-10.916604146216537,-13.062538270754393,-15.696056032588462,-20.595848532505055,-22.67559095317182,-19.494062213257656,-16.125443140257566,-13.511122035375251,-12.096137442948953,-11.012996521175376,-10.806557056973581,-10.848186403657689,-11.28747793353064,-11.878929589822269,-13.293989970133428,-15.52147269681438,-18.228196057157884,-23.397457822749153,-32.52680624934742,-28.9379931908734,-22.45760360890817,-19.54789756135995,-18.012044161126116,-16.549058562622974,-16.41965296966965,-52.82965441414859,-43.23394069033721,-2.6354399871135596,-7.221809742507119,-7.874642330682251,4.819390084052128,15.863962263658212,8.748326917675508,18.631727742176956,-59.36177933045127,-50.33087946053183,-9.884379904975402,-10.001142923793731,-10.902833815234391,-11.521529742757519,-12.672099324592239,-13.010109651342797,-12.513235899005258,-10.897511345473061,-8.946727111345036,-7.458770446881639,-5.942204117490864,-4.847814890046797,-4.094032616615014,-3.554781505609964,-3.2791671321853793,-3.3160417794186143,-3.4737474603740126,-4.138008933196005,-4.695460237075972,-5.512898619482512,-6.3295488080416,-6.911874771832901,-6.963431379573963,-6.519807561512032,-5.621769982440444,-4.615180871595289,-46.69006226188674,-3.0062128371030106,-2.6199583790589864,-2.1422023958118492,-2.0278122272731856,-2.0360523384466047,-2.3336278682820506,-2.7094882781211833,-3.254959548581458,-3.870857008822753,-4.673781193410706,-5.160232764624663,-5.541203346056686,-5.434106584513275,-4.933619821984024,-4.321844702064102,-3.3813799753474334,-2.9338013653547557,-2.107555628233358,-1.7493513131184713,-1.4422777228649573,-1.5430772174976792,-1.670296289472126,-1.9470172466412072,-2.410852073460421,-3.0034344676780886,-3.6790049668535123,-44.7377994660052,-46.69006226188674,-46.80905450086897,-59.36177933045127,-53.341179417171645,-53.341179417171645,-13.7355607947465,-55.382379243730895,-49.36177933045127,-48.392679067500254,-52.37207948639677,-1.4462480564705245,-1.771026435734002,-2.503502508858477,-3.0408118880871142,-3.8761041493207724,-4.517855663374142,-4.835628629652607,-4.882257306580816,-4.353262378593489,-3.807055812598587,-3.2594270565568344,-2.7222226091646355,-2.247149079409788,-2.0339629228494354,-1.920896412501337,-2.3175068522898346,-2.5341162984264893,-3.145156990175862,-3.5427833736719054,-4.285487181185362,-4.8740359290391275,-5.277200312101851,-5.581209029015985,-5.514662243134532,-5.225220386746679,-4.9596180579090765,-52.37207948639677,-4.6031937908993905,-4.409208732056855,-4.429235021292124,-4.812218540763549,-4.964782118868166,-5.289808616481775,-5.7057014416785705,-6.1356483488318245,-6.52313843517083,-6.849681255806069,-6.893040638056655,-7.056409086586008,-7.004954813509849,-7.004954813509849,-7.313189391033156,-7.281560421098653,-7.162988418394443,-7.225539574041397,-7.077455052689085,-6.961656724436876,-6.841360347556145,-6.790539776927488,-6.839063782925685,-6.852787823482858,-7.119453892851247,-7.499945954150911,-47.32057950389202,-55.382379243730895,-56.35147937381146,-49.36177933045127,-48.22234567962285
-43.212382216222835,13.947097471428782,-50.046031380805346,-42.3505204355388,-49.79779510175146,-48.20078736976659,-6.175778027320572,-6.284879705229331,-6.582582165076467,-6.854358464479383,-7.544286026481958,-7.7707031213593725,-7.895521806040687,-7.541831348080241,-7.022403624803474,-6.363523580697167,-5.76025307944373,-5.151740642473902,-4.705919793742195,-4.523587394087369,-4.437123475090608,-4.764852970917558,-4.937617184783186,-5.535168783107381,-6.008076189916885,-6.564941956952683,-6.8438230688921875,-6.724059270522074,-6.517149700035772,-5.8578246226357855,-5.206736587978249,-4.536952638279633,-45.107761723525954,-3.770481146050884,-3.6596474893484294,-3.7256471263788873,-4.107797735198634,-4.484844951233786,-5.200436981967746,-6.039656192903782,-6.707447214150943,-7.43369664426933,-7.533887673071209,-7.188592564081906,-6.377408862335907,-5.488332916898714,-4.704478436848083,-4.260663989000697,-3.8104678379538233,-3.735624550850054,-3.76836791946583,-4.100019855941018,-4.651491644103022,-5.402249635820853,-6.319986563874366,-7.464759679114204,-8.47454013872849,-9.159772542896803,-9.130044677507922,-47.03573150213087,-62.35052059458809,-50.30932076802884,-46.78749514511165,-53.31962072466865,-62.35052059458809,-49.79779510175146,-46.66850292405521,-49.79779510175146,-56.329920681308465,-62.35052059458809,-8.274062455042007,-9.730521111448414,-11.535571560374748,-12.303996938954725,-12.185828488450985,-10.975460268960669,-9.453717138111092,-8.337532339221308,-7.291305470551945,-6.726306864737471,-6.37170470795115,-6.253424439459172,-6.533697394402744,-7.024390984064869,-7.871718684723977,-8.970340695932723,-10.5302276897869,-12.61107187521517,-15.147273368931609,-16.480486773782864,-16.147390056657947,-13.6755507973528,-12.018495325909523,-10.408042236446205,-9.123036742651662,-8.509317500777748,-49.79779510175146,-8.024033607993106,-8.32211446447358,-8.950166748309648,-10.000364663846405,-11.420158200127435,-13.595509444176464,-16.666039351369818,-21.097334725654235,-24.781878460934173,-21.483719636072614,-17.363969436335612,-14.599661169367648,-13.016609799897607,-12.030259064366266,-11.835098324148953,-11.907475496328207,-12.130156701932593,-13.082159160656758,-14.44766921933782,-16.47902544915459,-19.352180346886392,-23.862473548775824,-33.08195340627356,-30.241986971617738,-25.3331141796076,-21.613703895690847,-49.34022063794828,-55.3608205512279,-2.613881550833581,-7.200251148430075,-7.853083600138383,4.840948678129173,15.88552094620459,8.769885802684133,18.653286638799464,-55.3608205512279,-50.30932076802884,-15.054823153941115,-15.810489013998943,-15.505567915325917,-13.610053338137284,-11.672932579806732,-9.619929132799266,-7.98881480258088,-6.52787529458846,-5.506151604411499,-4.74173638229323,-4.376979692936031,-4.082382542231179,-4.158866695290962,-4.492369522216068,-4.905368917833232,-5.780727450902498,-6.599323578323293,-7.276360808421954,-7.477651772506065,-7.3849739688666745,-6.6350509903312025,-5.548525574000972,-4.625161874203841,-3.77718956049957,-3.057204900215462,-2.565533543201573,-47.29902081138903,-2.0494598336406047,-2.1589214365817337,-2.315700006466696,-2.7812860835544932,-3.331792383508022,-3.9562117570067907,-4.688646336563101,-5.218463733168765,-5.538524563134208,-5.642451688776761,-5.214733279722532,-4.581758622389269,-3.781920961308629,-3.0633830037617207,-2.5613006961427094,-1.9947463546044764,-1.7497325560384882,-1.5491891884558882,-1.5928324225259347,-1.7597622600733884,-2.1678064038032923,-2.6704897169337025,-3.302688872688474,-4.032481610138345,-4.596819682035885,-4.949974622112514,-59.34022063794828,-62.35052059458809,-47.03573150213087,-55.3608205512279,-55.3608205512279,-43.212382216222835,-13.707234663040898,-42.43825964831875,-53.31962072466865,-55.3608205512279,-43.31962072466865,-2.274536118055778,-2.8339163410947075,-3.650404889177908,-4.17594452567556,-4.751607275921767,-4.949531870288993,-4.7033655499167875,-4.078269231041978,-3.402930578721426,-2.8981745025135437,-2.396862844103876,-2.0643768748228375,-1.8912697014881095,-1.9414723987807974,-2.070765481458632,-2.6049890932679065,-3.1026172808665153,-3.70783148773705,-4.239491585350373,-4.9905974653231,-5.308586330037398,-5.3604294879424454,-5.456987531708595,-5.067616006424034,-4.8029943673923885,-4.591730509451946,-42.85662060260024,-4.21540429564031,-4.375961534966727,-4.514707655121524,-4.852624482574493,-5.081903942804228,-5.540488802805232,-6.0202318176915135,-6.323996601121173,-6.770963647357565,-6.938723196069386,-7.0148336204625314,-7.027768201435451,-7.033151973057273,-7.081909348467802,-7.221489911746137,-7.1242525200786115,-7.146995450249688,-7.136785513755988,-7.211209829168044,-6.883021818640786,-6.86018121132898,-6.773018859670129,-6.738647878263385,-6.91788831940062,-7.24698785572408,-7.613461757673398,-45.107761723525954,-48.37112034881842,-50.30932076802884,-55.3608205512279,-62.35052059458809
-43.0851258461128,13.918303023750948,-48.22958162354755,-51.239881580187365,-51.239881580187365,-52.83689000886248,-6.520017768373961,-6.84553439035299,-7.112408066020295,-7.615564073295356,-7.968446562415181,-8.160052495678153,-7.761914404366026,-7.223967315272079,-6.342913933385014,-5.621897976948606,-5.0997974533825765,-4.83059771798545,-4.60932711279246,-4.639426023781695,-5.048306309679798,-5.623501953133353,-6.247389734147339,-6.751819914975523,-6.976520884539968,-7.007057240141487,-6.430331364803356,-5.658142707481284,-5.082961972696637,-4.35948425052945,-3.893077151527712,-3.7312030682848314,-56.35871518997611,-4.018448271469973,-4.348610408371567,-5.043346182051922,-6.056757266500518,-6.797319075666692,-7.287908478455605,-7.284145033969589,-6.6913740923473455,-6.042812792537003,-5.081084813375082,-4.296165412899918,-3.7360972481377326,-3.4688494028342904,-3.535757558067542,-3.8487485847016307,-4.478174122315555,-5.2683999425235575,-6.477129176348467,-7.470898544549691,-8.576587624793548,-8.735287309715345,-8.060259992053203,-7.200471165678355,-6.022176273694416,-5.326837784178844,-4.691950023224585,-50.07482588947299,-50.07482588947299,-59.36901514661592,-48.39991501653536,-53.3484152333363,-46.816290095582865,-48.39991501653536,-55.38961505989555,-48.39991501653536,-52.83689000886248,-56.35871518997611,-8.502534679656621,-7.322118913526822,-6.565029906544465,-5.913974243608125,-5.671246009961942,-5.748528085620047,-5.998877509183126,-6.643393733803373,-7.869130527849665,-9.601458559221044,-11.300400526339065,-13.582336465196176,-14.964332291741707,-14.159727948280725,-12.165023797166054,-10.176638795544958,-8.851780476527946,-7.829891581925834,-7.489847637484805,-7.253631468362604,-7.535035438462597,-7.993543775478985,-8.73155480285121,-10.351490288514878,-12.37822949662978,-14.959137305242349,-13.452247631782738,-19.56966353677352,-17.152265131208676,-14.25921072329005,-12.128838448994266,-10.661202275827911,-9.863175818315849,-9.36387210648675,-9.43745381261109,-9.765805715845651,-10.721146500721634,-12.106104231770654,-14.509388616482742,-17.957026639926077,-24.807633427675995,-32.221527708637424,-23.19062752069162,-18.632564565776327,-16.091748855289623,-14.718088005147166,-14.154234321866742,-13.936718631143261,-14.557098190156006,-15.313417578253459,-16.524031334785512,-18.8219275225874,-22.092789610926722,-55.38961505989555,-49.82659005222267,-2.642675778552033,-7.229045536817621,-7.881878227691356,4.812154289741627,15.856726534787382,8.741091614626729,18.62449222780004,-52.83689000886248,-49.36901514661592,-11.695786339244602,-9.894261503780218,-8.581547513158224,-7.530553593826065,-6.914320092461407,-6.6013076688812165,-6.655130453297835,-7.005028036386671,-7.592380518555208,-8.365775313213174,-9.335681097374808,-9.773521820108227,-9.427604072663833,-8.194959498032748,-6.7914019020766005,-5.456840250951035,-4.368647719893644,-3.5133647352033415,-3.05560734162845,-2.7038349888962543,-2.703863415165893,-2.905934106469839,-3.3529994728089605,-3.969414135410646,-4.684175473653709,-5.4506256405987585,-48.39991501653536,-6.17493506659202,-5.988506231212984,-5.331797950897679,-4.430999675768163,-3.7140725701673807,-3.019811433823276,-2.451037389663002,-2.1194688758311684,-1.985868338887441,-2.0670325769637303,-2.310955164070262,-2.7480273983209917,-3.3246377443069846,-3.9894902008098394,-4.635130933712484,-5.1601788993418864,-5.378338015742661,-5.082937692817517,-4.376922869067188,-3.7283406489899735,-2.9351792803687484,-2.3957714286513503,-1.8471395260342092,-1.6122080366336664,-1.4651603995820497,-1.5992737831501158,-45.136556407247845,-49.82659005222267,-48.39991501653536,-48.39991501653536,-59.36901514661592,-49.36901514661592,-49.36901514661592,-51.239881580187365,-62.379315103255735,-51.239881580187365,-48.39991501653536,-1.7230026934859177,-1.4652486785326118,-1.470247798723416,-1.5799630946914125,-2.087048216387291,-2.7127130568627154,-3.5120956800031857,-4.311975127687649,-4.918853655353637,-5.074399221456835,-5.058426626144666,-4.4795264020387835,-3.7326265898744673,-3.1523461780514985,-2.7131583521815723,-2.5193954960779577,-2.5592726748108507,-2.6328164630477593,-2.914281830596588,-3.452293357312941,-4.025085690158897,-4.715714491738929,-5.502518756251434,-5.7822345351559274,-5.883863858837937,-5.954303934924903,-46.25147653605838,-5.4321667443262,-5.143896816949246,-4.894418723232948,-5.006418606151913,-5.018076475723126,-5.254695461609298,-5.63635435597735,-6.066166101956427,-6.5828506738338675,-7.002924887895043,-7.294394822217267,-7.276533087868106,-7.411055923970138,-7.55646905509665,-7.77981420425986,-7.704166613370001,-7.477762973914578,-7.553408901204839,-7.46389128255796,-7.373862927515152,-7.174506012397202,-6.99548827694816,-7.030769637688797,-7.108277260058581,-7.498816357577516,-7.949988446828728,-51.239881580187365,-49.82659005222267,-53.3484152333363,-47.06452593283318,-51.239881580187365
-44.48863650235916,13.95568324643074,-52.341934852466835,-51.20250132939847,-49.33163489582702,-59.33163489582702,-6.271246808485479,-6.552507342488334,-6.874966429075371,-7.375723942638536,-7.672903135334601,-8.090816824935965,-7.8161440255491454,-7.44375592002866,-6.774894311878878,-5.9598186496917505,-5.362530896235194,-4.838640901477091,-4.5427245864499035,-4.517868080830429,-4.539021070162921,-4.843876452688076,-5.422107508844219,-5.969239835748015,-6.462884428909209,-6.965544460586584,-7.0351618366849324,-6.684023099467491,-6.1192869625538515,-5.431677085432628,-4.596983778165315,-4.118678157721052,-48.36253476574646,-3.4658407420797372,-3.5649394012516815,-3.8262694921304234,-4.273049670329953,-4.996840980420998,-5.860501924680071,-6.663675436733395,-7.266817043448124,-7.523998284169156,-7.089620201984545,-6.319598001657959,-5.426796445284474,-4.654363235447448,-4.055014047884048,-3.654144725018163,-3.453840798229493,-3.5647382877866334,-3.9295921303016748,-4.511013807368575,-5.329908642462454,-6.393480698032818,-7.480961087135612,-8.461189520060952,-9.12112776837999,-8.964687114820535,-7.995336009313089,-55.35223480910665,-55.35223480910665,-49.33163489582702,-47.027145682044285,-55.35223480910665,-55.35223480910665,-46.21409628526948,-59.33163489582702,-55.35223480910665,-47.717954873477275,-52.341934852466835,-10.493289564466771,-11.972413839338149,-12.268682696072744,-11.124859872861029,-9.783784763230685,-8.523747015084103,-7.389198207117923,-6.626593581263318,-6.156715765455292,-5.906697419606957,-6.235280240741819,-6.621761937456609,-7.398997197547814,-8.548734290967607,-10.051647251059237,-12.130827607646935,-14.520076315583939,-16.335581657788282,-15.751524454983672,-13.711979504039327,-11.711004092277669,-9.997242543681278,-9.029747586043538,-8.227337095000282,-7.851271909338747,-7.820128335118656,-47.027145682044285,-8.796068481907636,-9.740529175121512,-11.398586556911505,-13.344550537110107,-16.904978464399903,-21.05148423706058,-23.835472478972456,-19.819960640048443,-16.24119171055461,-13.997346228260461,-12.546360188728494,-11.343437044629678,-10.845280173665442,-10.949915148989252,-11.638267971868022,-12.671465554495501,-13.798084801357916,-16.30994954474335,-19.224396098777177,-24.733941873507884,-37.11749223111148,-27.621687592334112,-22.154929710564947,-19.72359882379718,-18.146342315268853,-16.933012072107594,-50.0374456386841,-49.78920980143378,-2.605295298984961,-7.191665426109935,-7.844498067366094,4.849534400449312,15.89410633483807,8.77847162856854,18.661872481652857,-51.20250132939847,-56.32133493918721,-11.200196385228868,-12.015666528063063,-12.93318559584077,-13.694629272784507,-13.972810040236116,-12.876380507478014,-11.100480818935647,-9.114368292547084,-7.3157928873254905,-5.964546569864593,-5.086575305537117,-4.315613325709376,-3.804800943620984,-3.5904768955797945,-3.5524677289477626,-4.068138402880522,-4.565491765247373,-5.186714905213665,-5.936524039018637,-6.661220706858769,-6.992223294501864,-6.91745257975088,-6.284392965017109,-5.493400396933582,-4.537724653328323,-3.772007414166883,-50.30073502590759,-2.567213983294394,-2.2451103377996535,-2.141763114789047,-2.1476729339806715,-2.440776283616903,-2.838812014242909,-3.3169019536796505,-3.9623846221854553,-4.479163328557039,-5.100347670490738,-5.418533626366533,-5.414787649940349,-5.002550942120523,-4.332936479758056,-3.7187778007297507,-3.02830689029155,-2.4142394576072808,-2.0528851352942197,-1.7440146002674783,-1.599996876658161,-1.6815397158850043,-1.8397616290792813,-2.292430310306782,-2.959810568149125,-3.5454606296476854,-4.186980806694782,-45.35223480910665,-59.33163489582702,-50.30073502590759,-47.717954873477275,-51.20250132939847,-50.30073502590759,-51.20250132939847,-52.341934852466835,-45.352235179855,-62.341934852466835,-50.0374456386841,-1.7189096778538813,-2.2089059494532783,-2.8275641524039314,-3.560964519318455,-4.29818927443287,-4.85762799520911,-5.000003310893371,-4.852763069312066,-4.2370220046443725,-3.6089614100782015,-3.083865277087889,-2.5837351208995187,-2.2407129827375862,-2.0681735441480056,-2.1167193843991874,-2.40675232113514,-2.8162135708697402,-3.3874218080112635,-4.016820226085613,-4.796861686068037,-5.307713868168559,-5.643886671879844,-5.8605505628981,-5.697075862869795,-5.376466434066836,-5.125262943505105,-56.32133493918721,-4.6280810202573255,-4.5577446346707005,-4.683990811893067,-4.7944082421285685,-5.212190381753356,-5.628641788582281,-6.09617472322753,-6.453147449259592,-6.762714175083003,-7.163696790481654,-7.424817126031328,-7.450988687947305,-7.569998574895731,-7.498993337915857,-7.475845268428589,-7.434542570993612,-7.388087192765744,-7.405681919236812,-7.302435727207216,-7.117792574386752,-7.06531373598304,-7.045411769482701,-7.114546129558112,-7.339611086739167,-7.568840578699105,-8.070158695899313,-46.32133493918721,-52.341934852466835,-43.64961790566271,-47.717954873477275,-53.311034982547405
-45.35093085264038,13.956987440885706,-55.35093066729404,-50.03614149687149,-46.320031194545344,-52.7982060575618,-6.450299392965466,-6.595537962339243,-6.97845616463805,-7.405297580214083,-8.007093539118756,-8.12747129797327,-7.921277058039417,-7.414926099544195,-6.714252745741448,-5.9063804587885125,-5.280070647976115,-4.836317832267404,-4.463305915773792,-4.42054696552649,-4.546794539916801,-4.8318069879397045,-5.456254433928408,-6.116697852974145,-6.50527661642287,-6.963699032651349,-6.971689591798755,-6.566539943750817,-5.949502773589609,-5.095561878271408,-4.518449508321652,-3.930560821274737,-59.33033075401441,-3.437532591479979,-3.5508885272978152,-3.8472655346157043,-4.477028034565542,-5.105211872038255,-5.937118593776656,-6.97286264061224,-7.299321787044799,-7.4506983986767565,-6.841761450343809,-6.040045534541556,-5.035254509081818,-4.37365941746294,-3.7938183796982194,-3.5009634508878973,-3.396777834589467,-3.556768835554755,-4.105157849842216,-4.770483463122378,-5.637049779068328,-6.755884806402651,-7.851311758916695,-8.880212531642892,-8.900600719490726,-8.564563118357345,-7.507768431163932,-50.03614149687149,-55.35093066729404,-56.3200307973746,-55.35093066729404,-52.7982060575618,-55.35093066729404,-48.19089697634943,-62.340630710654224,-52.34063110782497,-46.65861389935806,-48.36123078280215,-11.099470037877694,-12.143487559705344,-11.879074685271876,-10.452751604834523,-9.002995058843439,-7.719571828165911,-6.771036096540072,-6.122171313305005,-5.923460718272092,-5.944770033048887,-6.33000945803934,-6.9040220109114925,-7.930328511420913,-9.367294102472536,-11.347346884498075,-13.307017198560434,-15.638821656246511,-16.093891237817026,-14.242273903430508,-12.186613809124013,-10.458407404094974,-9.240072999693062,-8.339985141536635,-7.791069949648179,-7.677635336226113,-7.8270501774162415,-55.35093066729404,-9.427830313549023,-10.741952368545643,-12.772417738361755,-15.350930831246112,-19.713035491639054,-23.232252704392163,-20.544825714597525,-16.325136720995637,-14.24604348864996,-12.443952734502666,-11.384579017587859,-10.75227302482612,-10.620413707780791,-11.065533049267769,-12.020490468797663,-13.299482686255452,-15.320291291503363,-18.51595758680468,-22.807867440104168,-32.50887974531287,-29.462613051032136,-22.755469358157036,-19.539401498409646,-17.706329839856718,-16.683568734883675,-16.55137518201169,-55.35093066729404,-53.30973084073479,-2.6039912728175407,-7.190361469724258,-7.843194023055081,4.8508383568349895,15.89541061909175,8.779775768573636,18.66317614882416,-62.340630710654224,-47.025841462355054,-10.331141001080997,-10.880933107588039,-11.508005636040178,-12.460662904989688,-13.304901761585299,-13.390551265259587,-12.178447841975736,-10.293327862276119,-8.485550933119828,-6.840549761522052,-5.6439482354160315,-4.6885291596647924,-4.007520855081134,-3.6435683407759867,-3.4737328273772548,-3.658107920408162,-3.973415435418142,-4.490281002990837,-5.223148476240189,-6.009017602878531,-6.641252946956645,-6.9962443590334935,-6.682376631811522,-6.067084889977398,-5.222592230739655,-4.319943612353093,-44.21149728679978,-2.976353110726654,-2.464039323678717,-2.2190904555119757,-2.1619535227064475,-2.253607048598338,-2.5266992264410124,-2.9616370981374858,-3.5163361786116596,-4.1354045072066095,-4.736669697146488,-5.148163337331098,-5.464583364661673,-5.228457402553969,-4.777312655725415,-4.108595638040953,-3.3703835819907866,-2.8027437075410955,-2.27445982291257,-1.8501104873430618,-1.675545150039881,-1.6603127651797287,-1.7744594271553016,-2.1022072037246793,-2.572602215898928,-3.203032442383207,-3.8131172947841834,-41.37153031579317,-46.320031194545344,-49.787906100922,-50.299430884094974,-45.80850601420161,-53.30973084073479,-55.35093066729404,-55.35093066729404,-59.33033075401441,-46.320031194545344,-59.33033075401441,-1.6100455463661776,-2.0487982607250936,-2.5790342432274405,-3.2104543636916367,-4.011449338048702,-4.66873824852362,-5.072861819754509,-5.056362082918064,-4.657387586418129,-3.933493020604906,-3.431716540194423,-2.8844040077815416,-2.4023680683408912,-2.2068228025386905,-2.219812657686732,-2.4261546284036397,-2.7543707297427593,-3.346119081517123,-3.8197059561254436,-4.567087946472777,-5.157856143435199,-5.670773432447071,-5.970609351125939,-5.687354028967768,-5.510592983140182,-5.296979881236527,-52.7982060575618,-4.790591909832994,-4.74635508177616,-4.786989931578698,-4.949838604501295,-5.252335716629788,-5.636965873097706,-6.128514542712037,-6.439951349557704,-7.0267997960788815,-7.278043175020762,-7.44727683678255,-7.548823492662344,-7.670457600804047,-7.635878689961104,-7.692487670796925,-7.56326993697355,-7.658900692869781,-7.564137721994351,-7.364299663044639,-7.180806782907738,-7.1217610409546115,-7.052465846928271,-7.222051277488965,-7.273348538366564,-7.720591309506958,-8.232436891903523,-52.34063110782497,-62.340630710654224,-50.299430884094974,-56.3200307973746,-55.35093066729404
-55.388665626112335,13.919251892444946,-62.37836566947252,-52.37836566947253,-46.25052710227517,-50.33716584291328,-6.541651768344345,-6.956425146667201,-7.274497535738925,-7.941903077123601,-8.101784508743611,-8.301092669395358,-7.74594774130893,-7.032254451675129,-6.210870029815231,-5.40717983749987,-4.970973706575974,-4.55133212409209,-4.619247971819004,-4.683875909588069,-5.165454124563434,-5.465596302779822,-6.3360941037030125,-6.729882855117371,-7.2021848208839945,-6.902661142938449,-6.4146824251111125,-5.61194192192751,-4.6946119427287645,-4.145782109155512,-3.759170304556529,-3.5678301228685183,-44.249232389433686,-3.905477334045237,-4.457532006838104,-5.306736249907064,-5.823562233707263,-7.041534842229858,-7.404507490343183,-7.157446171443967,-6.453822194038264,-5.500847029227,-4.615008543082451,-3.9429671341050514,-3.573928430180675,-3.383087839903198,-3.5964351723711916,-3.7075049820320145,-4.500524482392007,-5.432480430769645,-6.450293885097951,-7.508722478990666,-8.296780438578956,-8.617763229253042,-7.893389434922904,-6.716053702751955,-5.763864292847874,-4.830175023221538,-4.290660260755055,-48.39896558275215,-48.228632189764355,-59.36806571283271,-53.34746579955309,-52.37836566947253,-52.37836566947253,-48.228632189764355,-52.37836566947253,-55.388665626112335,-62.37836566947252,-44.316565929633654,-8.05223185730769,-6.957260149768113,-5.892453214902065,-5.4800132215896316,-5.366097545146696,-5.6797600757548485,-6.176047239449966,-7.103909847662575,-8.36075959404411,-9.907843726724252,-12.403409485849695,-14.455569935817147,-14.72480969448476,-13.222626312972338,-11.315436523356606,-9.498333870837733,-8.346731482647812,-7.427461960962331,-7.057219790707956,-7.20078707210667,-7.293930308539779,-8.049538257788685,-9.311113772093053,-10.844669082940005,-13.294749081438507,-16.685914355192246,-46.25052710227517,-18.984844932013374,-15.535568454575078,-12.98012923814101,-11.110430380086747,-10.011733632073794,-9.396889641987293,-9.237480279574147,-9.447989936517562,-10.17759889736395,-11.196876100773583,-13.250567198292016,-15.892326720857383,-20.678096997186138,-29.53631507538597,-26.09447647283983,-19.951709515188586,-16.867649172397797,-14.970161562725448,-13.679421840241638,-13.474770109533587,-13.705341269398732,-14.506241428466755,-15.673494777496412,-17.55391731649549,-20.273307794600353,-24.251236981762304,-59.36806571283271,-49.825640618439465,-2.6417264454525875,-7.228096095036097,-7.880928602752934,4.81310373152315,15.857675454419766,8.742041024102667,18.625441529848,-56.357765756192904,-55.388665626112335,-12.536514044854117,-10.642249430233292,-8.931987338195274,-7.8977213619853455,-6.894103176107614,-6.569207189439924,-6.407460832496644,-6.614813906658378,-7.191910159704408,-7.916521499058938,-8.874489946842706,-9.463500345560735,-9.49082197890302,-8.537036958472493,-7.225138871979708,-5.776353223077776,-4.822284545270249,-3.7292580274397458,-3.2177813756143134,-2.82413425286121,-2.6507061612813754,-2.86119807335655,-3.0309175974226363,-3.7100004508401385,-4.366113115791572,-5.168764360157868,-55.388665626112335,-6.159025104219343,-5.896044300160512,-5.524666178816169,-4.662123224530643,-4.0154476731252196,-3.1990586330412807,-2.6604415217332593,-2.2514697325326924,-2.0894255709166294,-1.992600965653395,-2.2174212279773093,-2.601815612279685,-3.137506967815224,-3.7820300566280762,-4.336480731395057,-4.944922009856331,-5.0092955886291275,-5.069428951000324,-4.576258507745302,-3.8987791757083743,-3.1754364529358883,-2.4866403713751257,-1.9295477087981172,-1.7135186119177803,-1.59398234538081,-1.6437302909152265,-46.69634842880258,-44.52506731936485,-48.228632189764355,-46.69634842880258,-46.69634842880258,-44.52506731936485,-56.357765756192904,-48.39896558275215,-50.07387645568979,-55.388665626112335,-50.33716584291328,-1.8411218073503177,-1.6341327097713938,-1.4483183990082935,-1.7421425648477917,-1.9922514870082817,-2.690548475963153,-3.3242387566333043,-4.0478511070547984,-4.765313052134782,-5.075680394937697,-5.0440015336787365,-4.556664801048291,-4.052171920875899,-3.445098743076182,-3.0738680852025313,-2.585541118048203,-2.589351070420273,-2.6490371870720244,-3.098254689254996,-3.4846254759758484,-4.144399511299856,-4.837903831481712,-5.3657088386872465,-5.927111385143913,-6.2439964235898495,-6.1646918693699435,-45.13560732469731,-5.648304079280498,-5.267678817731873,-5.223613858466086,-5.016911930567208,-5.305687987674074,-5.454223930686787,-5.794416362342196,-6.2439964235898495,-6.511896577971364,-6.866733259547982,-7.2637434250613255,-7.600846131641137,-7.834277734303915,-7.902057143199114,-7.572188651255778,-7.799955169669021,-7.827464216064721,-7.764205717481353,-7.466640525782619,-7.513083340386197,-7.36248802068131,-7.316225028704503,-7.143437383700487,-7.3574690607945055,-7.559971068207839,-8.033059888587097,-46.357765756192904,-62.37836566947252,-56.357765756192904,-46.357765756192904,-51.23893214640417
-41.812928246491666,13.953905433312583,-45.811587723280766,-55.354012596945296,-52.801287766640954,-43.770387896721516,-6.398980418425304,-6.61026147140657,-7.063549334669506,-7.553289132269773,-7.94442017654558,-8.18713582606251,-7.771117208837874,-7.247225618652439,-6.61991145409826,-5.939852312178498,-5.192239876929158,-4.655955513484365,-4.563235600509979,-4.473190719515293,-4.529139014780286,-4.812403528941536,-5.354273404042063,-6.02177275370233,-6.550450485387587,-6.995522385822495,-6.968481067286279,-6.550164695239012,-5.831359246368639,-5.162600593548236,-4.434249606361831,-3.7674874131796714,-46.3231129256817,-3.356323664165037,-3.5958743656061145,-3.8107222607714295,-4.32223756977122,-5.095548865577881,-6.1001284839911065,-6.8607031919616235,-7.379273839412898,-7.1801437477027585,-6.623551797839179,-5.667968927521645,-5.0191882563583965,-4.306650242418969,-3.730322137984425,-3.292529599282445,-3.211881314610119,-3.6158473859752966,-3.8792961168361098,-4.5501361878586675,-5.526046689913339,-6.755163360665355,-8.036191277181578,-8.9561005226693,-9.141875934188993,-8.2611434766245,-7.213188744631765,-55.354012596945296,-53.312812770386046,-48.19397903325381,-62.34371264030548,-59.33341268366567,-62.34371264030548,-13.741623642451007,-49.33341268366567,-48.19397903325381,-53.312812770386046,-47.719732547145895,-11.386511262681221,-12.318034924211435,-11.534094458142194,-10.021632125228145,-8.797826726850616,-7.693082853971748,-6.808219529084764,-6.2316112475051,-5.931302534265177,-5.834297370187272,-6.355698392640836,-7.088846232335975,-7.891392247747752,-9.294823689220399,-11.024928600268495,-13.703113016470542,-15.945263552475197,-16.284093643634456,-14.015495368152603,-12.231011472014366,-10.189240738149142,-8.975813982577291,-8.238690614852262,-7.690583327934525,-7.456894078479721,-7.851567281221668,-50.03922342652274,-9.437913403927151,-10.612053782301793,-12.49789938501073,-15.938401549354783,-19.60190342389555,-23.067442999506632,-20.546758514735338,-16.45539559598991,-13.962528842885003,-12.375095037678443,-11.39655613166077,-10.72246185784092,-10.59178473013603,-10.886156037449272,-12.18391547618671,-13.333273017040755,-15.144271211851903,-18.561914638476466,-23.721802667294362,-33.467539825654015,-29.31391327513026,-22.701587860488523,-19.380132350520608,-17.176244147248582,-16.33137210764916,-16.115771788503906,-62.34371264030548,-51.2042792700493,-2.6070732770921183,-7.193443261975956,-7.8462759808918,4.8477565645832925,15.8923286581049,8.77669376281892,18.660094538266748,-50.30251281374624,-49.33341268366567,-10.400678402402937,-10.876449409305192,-11.63723975492439,-12.66290098455883,-13.410090662885839,-13.326678108422179,-11.944299899904001,-10.13087496853501,-8.375096376406766,-6.777491699934014,-5.582476471821413,-4.626544954170019,-3.998017984273829,-3.6060149733837914,-3.423212166778495,-3.6823757998788897,-4.024950546641335,-4.688927112431634,-5.22246227156181,-6.107942854083906,-6.6411675895977265,-6.896126482557138,-6.675379363366954,-5.87570694596311,-5.029033754411567,-4.223427856637852,-55.354012596945296,-2.9008556494791775,-2.4513774976561145,-2.1696644873200333,-2.1997461970144445,-2.2228181109673333,-2.5191324673045443,-2.971332712595456,-3.4857142950957365,-4.139648803634453,-4.70845950330841,-5.160423473093397,-5.250563418679009,-5.056393893440408,-4.593371353015929,-4.070174882263588,-3.3202834042473635,-2.731495760356051,-2.21496944667303,-1.9010045279935481,-1.7203902396493342,-1.6806027560451304,-1.8395089872482209,-2.209571758084064,-2.623944588456852,-3.2596074617484154,-3.888112204675973,-52.801287766640954,-52.34371283896132,-49.33341268366567,-56.32311272702586,-48.19397903325381,-47.29221285710643,-48.36431263304745,-62.34371264030548,-52.34371283896132,-45.354012689651356,-55.354012596945296,-1.7019792380161491,-2.0521930290889725,-2.7591012326395763,-3.355364270636329,-4.141796808855359,-4.760878016454119,-4.965196972734757,-4.8631660684557785,-4.543061189810455,-4.034536083995234,-3.3034368620227172,-2.8499591178291075,-2.54710049742854,-2.3776983586914775,-2.3629947373201245,-2.4917659145808764,-2.7687890667938433,-3.3915541230805384,-4.043564442218212,-4.7855354913816885,-5.308004973869772,-5.677213403575233,-5.858375574069109,-5.943342977592984,-5.614932539309828,-5.265141697150607,-55.354012596945296,-4.813753090420275,-4.855005145616424,-4.863096632452732,-4.954322027883151,-5.313577924132154,-5.760907617860766,-6.219498076774964,-6.633592527095244,-6.909787570340685,-7.310641706870344,-7.397492455354058,-7.599801628724565,-7.627495614401424,-7.682557807742063,-7.617888872702404,-7.535697834320336,-7.670814332255808,-7.414140309664418,-7.265963480037561,-7.247897536824947,-7.25888659093333,-7.1849611863073655,-7.340895193763156,-7.457923634543466,-7.569302113096143,-8.101023408812114,-49.79098781000114,-46.3231129256817,-45.811587723280766,-51.2042792700493,-46.66169561439861
-41.71341315353253,13.93962496792601,-48.378592940784074,-50.053503946376864,-46.3373934458627,-62.3579931601596,-6.597287508120109,-6.820752410882834,-7.256700186466288,-7.751991286343275,-8.154127715074319,-8.20857698661408,-7.788232654815825,-7.1776995386657605,-6.356522525336637,-5.656118989624663,-4.971733531843903,-4.506795405716754,-4.463624928527958,-4.447820219992613,-4.694325750245483,-5.035181951507628,-5.697261797486284,-6.139450980703844,-6.809553702568483,-7.023094478741816,-6.878843592447625,-6.175158256606546,-5.3287873867690205,-4.702842004639881,-4.090379911634284,-3.5577043897077494,-41.82720860206177,-3.2660609561982734,-3.61620867508676,-4.066178282028979,-4.5916785497265655,-5.510930373034844,-6.537529893044413,-7.211001869984627,-7.410410450044994,-6.808016727660451,-5.968450783747754,-5.014636514994578,-4.329127462806391,-3.7819545714418363,-3.393381570957097,-3.0842636095196525,-3.296793218781459,-3.6691869091387637,-4.252812130697612,-5.233811540810811,-6.286092409307549,-7.609932364977517,-8.566298170746826,-8.88967316563151,-8.332147212508588,-7.224472121305031,-6.086096622553743,-48.37859315303231,-52.35799335914233,-53.327093290240164,-55.368293116799414,-47.30649337696054,-48.37859315303231,-48.37859315303231,-62.3579931601596,-56.33739324687998,-48.2082595528984,-48.37859315303231,-12.026249711135478,-11.503481560230863,-9.804785316614765,-8.37989611439252,-7.16063191649666,-6.48028882539673,-5.915922118767361,-5.772518025602331,-5.818337486179608,-6.090392345771916,-6.884418845398197,-8.082726604444499,-9.505098698730402,-11.529780805037543,-13.779845311398189,-15.841918438820295,-15.706875843991304,-13.531382088735107,-11.024999699929186,-9.680153086292918,-8.408908076522724,-7.677637843848856,-7.562153738898604,-7.360943459470585,-7.7013544120357045,-8.62177558983694,-48.37859315303231,-11.318588361121705,-13.610102774430338,-16.938582953400562,-21.45012412687273,-21.56256338468747,-17.74586029477712,-14.837662620744032,-12.517177605842313,-11.322932156376487,-10.617220482839159,-10.342902262349815,-10.232015780682369,-10.788839013306294,-11.82670926024371,-13.84284159997566,-16.568737552096554,-19.657030631529896,-28.316500540429146,-36.73506427390808,-24.183661802258186,-20.011554916500796,-17.217033845647,-15.994217479615152,-15.269196940807584,-15.496906027909594,-15.998232752231749,-52.35799335914233,-46.23015451207496,-2.621353761890518,-7.207723839848164,-7.860556527233971,4.833475986711084,15.87804819725648,8.762413159272782,18.645814009297773,-51.21855979015486,-50.053503946376864,-9.347497923472996,-9.168599134301846,-9.370291990140187,-9.87235091099818,-10.733036133520207,-11.797792031560553,-12.3119851063581,-12.008301383329066,-10.461041209149604,-8.635779531713034,-7.0903369777120435,-5.74206180634839,-4.719446883138829,-3.945650360989068,-3.4079028679489083,-3.2692629776998654,-3.293754023686531,-3.5213335322632866,-3.925154311480829,-4.643404468652876,-5.427727282918035,-6.11290339656077,-6.54947304554118,-6.5520732179434376,-6.0422872459762225,-5.400778092680016,-42.31477929099145,-3.7211250276380166,-3.013715488104674,-2.5306510330295815,-2.216376342685012,-2.068976070089183,-2.154827700381265,-2.455914498613126,-2.7355266332095574,-3.3370391905158843,-3.911326707179223,-4.486046092609618,-4.967295894820779,-5.21602016859358,-5.160554453382043,-4.6475230552289055,-4.077707181469574,-3.360871267055768,-2.77790017213759,-2.283204031379856,-1.9125445079776762,-1.7389091399238457,-1.5919349835461825,-1.7093977884228901,-2.0367838176718163,-2.64344856521498,-3.162306991743535,-43.27314319246503,-52.815568286858266,-47.73401306681215,-45.11523420134434,-46.3373934458627,-50.053503946376864,-62.3579931601596,-52.35799335914233,-52.35799335914233,-52.815568286858266,-56.33739324687998,-1.517921216974289,-1.820104496306956,-2.2928196310359246,-2.9051147462304696,-3.683341865221903,-4.43187744166388,-4.972018407968468,-5.205274068572731,-4.9449010235312745,-4.5082205798238455,-3.8199833557690352,-3.196086781403238,-2.84731982159654,-2.5869379028781947,-2.406341887579952,-2.4113686323020316,-2.7821503558218397,-3.1787547104555243,-3.8209077385020813,-4.533747220946481,-5.2350238929458195,-5.853655058487297,-6.054080661452334,-5.987701470049442,-6.010863369834737,-5.670882476424253,-42.104934645172904,-5.085175994838443,-4.986894265844165,-4.951966440531112,-5.076396075372863,-5.3846093037863385,-5.881024782745118,-6.306063444218973,-6.693759856072788,-7.152306157845109,-7.40076034078819,-7.5362057867443,-7.756098364195014,-7.820621667281405,-7.814515091838944,-7.7207201043078975,-7.704164670025817,-7.753435218566152,-7.570597050632908,-7.481152524777302,-7.359748069108659,-7.4518778119648665,-7.377508146667205,-7.44391422253314,-7.706515210995523,-7.878586997802692,-8.269270184080828,-44.03290403309724,-42.8640930564478,-59.34769320351979,-46.79496837357864,-44.228859593731045
-43.04868812614626,13.954740426009998,-45.35317762035735,-45.35317799114595,-41.20344436475216,-51.20344414064917,-6.507874911853621,-6.878586194432744,-6.9831297702632655,-7.554529750817064,-7.89816674314063,-8.141273181786614,-7.871591820520997,-7.313788224488789,-6.497202351747223,-5.573884905215534,-5.083557344810958,-4.666414724783921,-4.296679739129595,-4.282211304495181,-4.492143060500694,-4.702574578409606,-5.403384650264936,-5.908647184426908,-6.58710846802664,-6.917200129833814,-6.851017729292783,-6.465756579386173,-5.720249344615572,-4.889880872931975,-4.235009545925508,-3.7823955836143957,-41.47927959576833,-3.2551440788189883,-3.2162740085366055,-3.646565398290551,-4.062204488002555,-5.002716514644414,-5.778407381835064,-6.70943158728461,-7.247196550311676,-7.422191538726867,-6.5726383882413995,-5.924172248391777,-4.921025266474134,-4.158969067235966,-3.619682831190455,-3.17894366288738,-3.1955067051340262,-3.1427879726527914,-3.7352285466807738,-4.314798639258532,-5.186972154333555,-6.328666525732174,-7.5486072935901785,-8.452546386805599,-9.048552870196763,-8.551999351280951,-7.551301190565056,-42.47516007531891,-55.35317762035735,-52.34287766371754,-50.30167783715829,-56.32227775043791,-55.35317762035735,-46.32227775043791,-55.35317762035735,-51.20344414064917,-56.32227775043791,-50.0383884499348,-10.672866913710337,-11.980701909240661,-11.999601791180565,-11.106810769487792,-9.391760823865235,-8.022232201330585,-6.895291254072692,-6.244277420860167,-5.859414446661063,-5.7494784877332785,-5.96033180062956,-6.507874911853621,-7.470970284837948,-8.821187290168325,-10.467755278293922,-12.378286210451499,-15.016206424630125,-16.141100317427394,-15.775189743915842,-13.268656176547516,-11.461056038870048,-9.859196202391376,-8.336565719777,-8.039014423867256,-7.734124878304821,-7.744220537232357,-51.20344414064917,-8.836269874041696,-9.877670358261838,-11.78477695350351,-14.068086415334157,-17.645099363082693,-23.070200975226026,-23.244643583544097,-18.947766940202794,-14.962528035553735,-12.77687148837578,-11.45471528672563,-11.146360496562087,-10.88454537237624,-11.095748983227827,-11.317682865414975,-12.420834293988136,-14.441082135441887,-16.788305531623212,-20.088492474071188,-26.69266835358501,-36.21503905776179,-25.725697125439243,-20.805338285391738,-18.484313690207003,-17.285274682603887,-16.27455158274852,-55.35317762035735,-51.20344414064917,-2.606238503167551,-7.192608513563499,-7.845440862668624,4.848591312995749,15.893164045338672,8.777529208710803,18.660929552490153,-53.3119777937981,-46.21503909652019,-11.022811754576573,-11.899793105576784,-12.66304781094246,-13.64340630158464,-13.940185182262104,-12.969855437119431,-11.062440497363593,-9.121491226805453,-7.389585238993974,-5.943622341404731,-5.019116944464218,-4.301538133052222,-3.849979819771834,-3.676383861895603,-3.784392231334591,-3.845183217358143,-4.496241267844309,-5.0517969411785,-6.019823431279309,-6.548048220912719,-6.980665147045961,-6.8778828373263154,-6.083284572644045,-5.397729232482407,-4.529029365513446,-3.7389466210991773,-48.193144184009356,-2.6454953634755585,-2.2306378637692736,-2.3132861149605146,-2.073779474188816,-2.5447682869938633,-2.820989832494461,-3.3026723312688744,-3.88949066315807,-4.45259452353492,-4.8743566601358195,-5.283813148783732,-5.201442093804264,-4.858136254957638,-4.4117869661957965,-3.511159599725419,-3.031096990657982,-2.431813704373363,-2.073118804626621,-1.7142539517791429,-1.5995669723938442,-1.707937954389358,-2.036378591866698,-2.276536037331037,-2.887517382667064,-3.5015143984973207,-4.198450399776333,-42.43061728514831,-55.35317762035735,-55.35317762035735,-56.32227775043791,-43.76955269940485,-55.35317762035735,-46.66086042304759,-51.20344414064917,-51.20344414064917,-45.100119317510206,-48.193144184009356,-1.8396604598621378,-2.398386264766498,-2.8577700427787587,-3.7627417485670933,-4.358491347833293,-5.013691345248037,-5.1810237976200355,-4.9776219812765445,-4.510575975330621,-3.6591846399694408,-3.212516012883271,-2.7478371682810026,-2.4332898249063986,-2.2854972213013687,-2.4446568728492117,-2.5520854558648915,-3.154766196422028,-3.502574677100297,-4.337837967894855,-4.944797465384202,-5.5178077102427565,-6.0175659455674175,-6.053667505710189,-5.882763514715668,-5.593311492558533,-5.285317902588581,-52.800452569324285,-4.913734103527456,-4.677284188101239,-5.092750513890909,-5.054439422438213,-5.549743619710412,-5.91467233338531,-6.492728350303334,-6.883068466281182,-7.3000178296640605,-7.5170427638601005,-7.784535527562911,-7.728718038529152,-7.762167755608448,-7.7938651417947815,-7.734124878304821,-7.933472169161853,-7.453072139924457,-7.703201568814981,-7.534963392810754,-7.5905834623024,-7.41778795222945,-7.5513008961390184,-7.343533778148857,-7.6696827384853306,-8.055796989505005,-8.4981067267308,-43.70964906251298,-59.332577707077725,-55.35317762035735,-59.332577707077725,-62.34287766371754
-40.73518326311735,13.94875462891292,-52.34886352536637,-47.0340741171949,-48.36946310735652,-52.80643845305909,-6.52941246236831,-6.688190415188647,-7.316678424615097,-7.630257261942076,-8.227249207225654,-8.169481885667514,-7.7717244413922995,-7.172405214782901,-6.353776662136326,-5.665283468952756,-4.97935597603724,-4.535985414913512,-4.385201383294099,-4.333228039079068,-4.456039660738119,-4.929527678737594,-5.333140087143171,-6.1324796651281925,-6.627934578680126,-6.977197933270174,-6.88936285308011,-6.248642308427557,-5.591693780402474,-4.777751317411817,-4.163635193261287,-3.5077438713006046,-56.32826341331306,-3.1149257819654634,-3.51163029421366,-3.7162712821606285,-4.394832886195828,-5.260066872032361,-6.258845548872322,-6.862794983381807,-7.366074808592754,-6.975294817001899,-6.321222837553818,-5.3817003274886055,-4.596976660125673,-3.9224590890922464,-3.2801493505015116,-3.15084112034651,-2.952902408846298,-3.5778574858001537,-3.8351238050656855,-4.720240524988536,-5.7064875240305675,-7.0009262116068225,-8.314363734110303,-9.082801258669527,-8.823006246053453,-7.8487753260122055,-6.730553821440033,-50.307663500033435,-47.29736354339363,-47.72488323336538,-55.3591632832325,-53.31796345667325,-55.3591632832325,-53.31796345667325,-46.78583853977946,-50.04437411280995,-49.33856336995287,-13.657392067884382,-11.62470948391551,-12.096747212354881,-11.07363679070285,-9.386732425077428,-8.233339731619107,-7.15714869067758,-6.423354369007449,-5.967546552988278,-5.729478042609298,-5.818668834439834,-6.419759861429036,-7.205710745219905,-8.247420329027994,-9.77976260459964,-11.633872541582654,-14.734321064152185,-16.467267268596522,-15.587050115328402,-13.055235859325254,-11.133593052402095,-9.592433157812971,-8.4153929224187,-8.04021479457675,-7.477975020941772,-7.4557767222908815,-7.893864631754498,-55.3591632832325,-9.804445903615752,-11.443602785264,-13.656956717582533,-17.523414351204803,-21.209429548686273,-21.715530075064898,-18.15244427197078,-14.725829866775811,-12.770636389245997,-11.536110370209915,-10.738239403143906,-10.311030352696857,-10.45381954074143,-10.986986426172308,-12.468583121091523,-13.923457245484423,-16.410135191502423,-20.53900739843914,-28.159224938754154,-33.96667127580571,-24.481349190882582,-20.39318733314883,-17.838832273284453,-16.539043586962613,-15.882375997633876,-15.949020766485178,-55.3591632832325,-51.20942995642715,-2.6122242254563215,-7.1985941325332625,-7.851426571499158,4.842605694025986,15.887178319858483,8.771543588962377,18.654943539946586,-55.3591632832325,-53.31796345667325,-10.11525375083262,-10.159702605117278,-11.010760787391563,-11.700017506355838,-12.736646159062362,-13.016623543078884,-12.465592873343388,-10.695084063759037,-8.842565528765938,-7.2097523686252565,-5.822174997052611,-4.827110507248625,-4.054480750099208,-3.597370860592636,-3.256165119538496,-3.520283949809102,-3.653061254532741,-4.24502593100853,-4.8340709637037405,-5.677155108365874,-6.266545666395635,-6.654538793328162,-6.784632068065132,-6.197825491634182,-5.211254145473441,-4.450624681662908,-46.666846300813205,-2.995660279230456,-2.5905714539003615,-2.1463075249079377,-2.2234522535315753,-2.168885680293557,-2.4501089915928937,-2.7869434203396577,-3.290661729979446,-3.857784564390274,-4.600125865760002,-5.020737627693563,-5.1223185553059825,-5.005210256604167,-4.701051726890143,-4.299179701024258,-3.4656193782915623,-2.933152684337669,-2.3831820548524765,-2.0294126667386365,-1.71951041688742,-1.6993965788853025,-1.7313459560109998,-2.0796713186502958,-2.463755039537023,-2.976067181658151,-3.6103289562292677,-44.02377419953033,-51.20942995642715,-55.3591632832325,-59.33856336995287,-50.04437411280995,-47.0340741171949,-47.72488323336538,-55.3591632832325,-51.20942995642715,-46.78583853977946,-46.78583853977946,-1.6834722614085376,-1.9459655019654627,-2.700852537979337,-3.239365941361509,-4.227621139491377,-4.753318319056586,-5.196177092643309,-5.115513742658413,-4.754352834612053,-4.346608573852801,-3.552944815523798,-2.9704260502332103,-2.6220918432444478,-2.448028830992577,-2.322365508694843,-2.6572680649309692,-2.8361488209913603,-3.480432342429431,-4.07589434455455,-4.870551845835852,-5.553630305853795,-5.981477759496094,-6.228976579673981,-6.045927388439489,-5.841476252105058,-5.47175501351469,-49.796138496419275,-4.845901145351228,-4.952910455535802,-4.931416317902263,-5.1796112322146595,-5.486746972263433,-5.914869282699876,-6.493240843177793,-6.981953575195917,-7.204873314174285,-7.662406975185755,-7.708903743150421,-7.867537784767885,-7.8568266639752204,-7.819030492706891,-7.9015471532805,-7.783927749743213,-7.910103010590351,-7.630652676847901,-7.546996536471613,-7.508927691957187,-7.50408532033354,-7.64199554130221,-7.733007744512247,-7.799607328622566,-7.913214004331451,-8.379585612638019,-46.666846300813205,-48.19912971946549,-59.33856336995287,-59.33856336995287,-52.34886352536637
-50.340190030987145,13.916228238992623,-50.07690064376366,-59.37108990090658,-45.22135642119841,-49.371089900906576,-6.582399628387089,-6.943067617493975,-7.463152146896038,-7.970254053054137,-8.267870028861793,-8.299584073253126,-7.651340085356477,-6.801868820516624,-5.988497901375991,-5.379710767563804,-4.700420811179665,-4.45337701043142,-4.424688895966311,-4.5600689187282475,-4.919891691819632,-5.391255686099925,-6.102940060912205,-6.651884506910834,-7.158708358084609,-6.818063282900484,-6.4001851010143564,-5.491055364540318,-4.666338196320782,-3.9996706244525786,-3.6207998432933057,-3.2640628444217445,-49.371089900906576,-3.5112404493439064,-4.012498945533607,-4.7325107114914395,-5.524214064057455,-6.582079597426633,-7.178113877432687,-7.240430101932399,-6.713798843028414,-5.603924240860538,-4.763426785152945,-3.95108120434863,-3.4562473308512613,-3.1668034454146525,-3.132428362527191,-3.2259460734933687,-3.731908885604072,-4.6844195487906095,-5.603495808090803,-6.750698499835096,-7.770533608715917,-8.660189973432368,-8.481352493298596,-7.436365450981998,-6.437110807319717,-5.2371366312996805,-4.503888490277928,-50.340190030987145,-46.81836484987352,-51.24195633447803,-56.36078994426677,-51.24195633447803,-49.82866480651333,-48.23165637783822,-48.23165637783822,-51.24195633447803,-50.07690064376366,-50.07690064376366,-9.573194039190563,-8.12094805980933,-6.756593676217011,-5.936432810378548,-5.4287014482618,-5.436347322191574,-5.656892417386051,-6.161302517646225,-6.928108445763112,-8.073530653410941,-9.84362534730613,-12.139407297858426,-14.036102211597544,-14.754228942156027,-13.747447430468906,-11.922021626038594,-10.144016859689529,-8.754680278775455,-7.643586796582747,-7.218178302776423,-6.9640873958097735,-7.324939090438601,-7.9939893296603595,-8.743672605844143,-10.254986320933758,-12.648448626888193,-43.689072660236626,-19.46725719162806,-19.83204392594959,-16.884492691311166,-14.300090790287603,-11.850759499836787,-10.401420983021021,-9.8899936399802,-9.367248366633524,-9.663601003470346,-10.072074945066316,-11.272733370882612,-12.56909493434673,-14.733951636677176,-18.507313377790908,-25.571692503189848,-32.71997287527077,-22.97124759052788,-18.28527054908204,-16.028462968433313,-14.63731519287405,-14.096530797958113,-13.993339364866667,-14.382748723956249,-15.400558112669064,-16.984983993682857,-19.158162930669203,-50.07690064376366,-56.36078994426677,-2.6447506643901435,-7.23112068727505,-7.8839532155777885,4.8100791392841975,15.854651496355743,8.739016786388024,18.62241721232633,-48.40198977082601,-48.40198977082601,-10.092332597210776,-8.859526018878167,-8.009213386263742,-7.441946100932143,-7.235965432740881,-7.411581576195596,-7.8529800418404445,-8.572677590970134,-9.416317239966398,-10.224142054448961,-10.176307750554088,-9.312938167247934,-7.896645786654188,-6.447532164190076,-5.152772662322704,-4.21080938285624,-3.5886358409415147,-3.058306791111289,-2.724082606276232,-2.8575680391113027,-3.100541342645637,-3.576083153510275,-4.206654837210751,-4.974155628235223,-5.545408525276682,-6.058335823951414,-53.35048998762696,-5.628877681662656,-4.9442151561788785,-4.204513269440035,-3.4630895639108985,-2.7749696645705124,-2.447481923592655,-2.1583227406076007,-2.0290382037177044,-2.1838728217833605,-2.466913942342176,-2.864921531981544,-3.3640614440128025,-3.949279903109477,-4.53319219683043,-5.006020458626464,-5.099459317375521,-4.793444159262412,-4.3561972721115785,-3.7105059703144985,-2.9684027869190532,-2.44803271774439,-1.9304766668229936,-1.657978882225129,-1.6004014715579324,-1.712125153048234,-1.9866697166970004,-49.371089900906576,-43.08720060040347,-55.3916898141862,-55.3916898141862,-46.36078994426677,-52.83896476315314,-62.38138985754639,-47.757409878556835,-52.38138985754639,-52.38138985754639,-62.38138985754639,-1.6486800635799237,-1.5623708550165925,-1.8266507779489205,-2.12308595675999,-2.7180103806967915,-3.407263637911691,-4.06723592422393,-4.735765969190926,-5.1833058669774,-5.343963886442216,-4.809176428941449,-4.158073815459408,-3.6795460723066187,-3.1317727317011994,-2.808301245289066,-2.5820385121353566,-2.6348866791075425,-2.8904726023765597,-3.447140660385777,-3.960529742611785,-4.805289006278098,-5.4655445251301895,-5.957486682611243,-6.34005841728883,-6.420039110404527,-6.23013075096498,-47.757409878556835,-5.412437661445553,-5.358696045013428,-5.263368234745654,-5.192778837263088,-5.462966141583788,-5.815760461785012,-6.245740754193667,-6.763878375874434,-7.107024605224305,-7.449305483099817,-7.760271032625709,-7.921038328708869,-8.041037046609082,-8.216765478993414,-7.85249057306428,-7.83377943076383,-8.012689990975163,-7.780037053985657,-7.713395501448456,-7.583794609079078,-7.632048433444782,-7.598784529495296,-7.684200347272831,-7.774335436626862,-8.04001419614324,-8.398082740181618,-46.25355129034904,-48.40198977082601,-62.38138985754639,-51.24195633447803,-53.35048998762696
-45.799333566793536,13.966158776863677,-62.33145892496451,-48.18172557242029,-47.01666979343916,-53.30055905504507,-6.496660037589997,-6.6302812548425605,-6.882596802018175,-7.393450060865954,-7.872538298261293,-8.124031546374157,-8.034582079267546,-7.599685116477172,-6.875889276609309,-5.873808483791228,-5.298545511093903,-4.742264376786639,-4.360376874093754,-4.1993195032607025,-4.181734997733092,-4.3662426543635755,-4.814173433742169,-5.330707442385649,-5.856827618577797,-6.451645444245626,-6.778047298867604,-6.753861182966769,-6.490442926708226,-5.675104812756659,-4.940405393659729,-4.26102921015828,-45.088700490962374,-3.301835180660389,-3.0643926553893053,-3.157700906053803,-3.320555688363178,-3.66778230704024,-4.366680127654877,-5.071999884819039,-6.158298854475806,-6.916440205418816,-7.367144253064788,-7.31778482698942,-6.498325887993495,-5.595711860015382,-4.788916059248339,-4.210879517988037,-3.6481361358543145,-3.165209153329937,-3.190011231413103,-3.321619298619762,-3.6426646956364332,-4.2484713680240365,-5.078191381439218,-6.101924496695873,-7.389105982504699,-8.600977338203021,-9.274141606363472,-50.02696971118176,-59.321158968324696,-50.02696971118176,-55.34175888160432,-44.69717919455146,-52.78903361015372,-48.35205875889382,-62.33145892496451,-45.799333566793536,-62.33145892496451,-43.639141959986745,-6.445862307233855,-7.747890846300388,-9.314974522234179,-10.885094332797804,-12.74233367922385,-13.003069758293172,-11.771372180354405,-10.274950373098564,-8.87807484162318,-7.895621876567391,-6.850243759751776,-6.352906130642605,-6.322198033984614,-6.40572823210337,-6.718429281093808,-7.11396027107795,-8.066574249136483,-9.44056601295779,-11.379556271981821,-13.687475404345237,-16.347822335798714,-18.001605966720316,-16.34902685943381,-14.01532047325389,-12.135768557265907,-10.151857901328123,-42.46374139824205,-8.528623044997989,-8.306283166289436,-8.361432575824505,-8.428008198028433,-9.221532687290674,-10.424221180814017,-11.891198942263387,-14.27556690624915,-17.594399722872343,-22.446761406614936,-26.894502852418157,-22.602028623491286,-18.06797339584606,-15.43552894282602,-13.652955288876038,-12.41100740061589,-12.547918726565129,-12.480428851350268,-12.701423951852677,-13.700313209815791,-15.135411708897523,-17.21516478955865,-19.995153239816172,-24.082394158306904,-30.599596422797184,-31.35541556227841,-50.02696971118176,-55.34175888160432,-2.5948197735147938,-7.181189293155663,-7.834021908515714,4.860010533403584,15.904582250761475,8.788947461161717,18.67234821338085,-59.321158968324696,-62.33145892496451,-15.86497143081165,-13.418091741462678,-11.289798188334997,-9.493179474311399,-8.053661100465206,-6.945206489380115,-6.036058074004266,-5.46059515120397,-5.145337615529418,-5.135254597578616,-5.308584036158663,-5.6908898824194,-6.355274953088463,-7.066967784502779,-7.517778010558665,-7.8720250535270875,-7.7352274118503415,-6.982000945858539,-6.241302127767041,-5.138568998445763,-4.226385243250711,-3.509715271403733,-2.93589672396251,-2.5443188211848544,-2.3714017866156696,-2.3406018274534293,-43.03726973783655,-2.7465986889790193,-3.1986407672594748,-3.7329875668706487,-4.218055366846222,-4.873054946313719,-5.263086474525793,-5.372144146221279,-5.324447742158698,-4.8314999939817564,-4.3383155258236785,-3.636090855363869,-3.181319369509668,-2.618765178006514,-2.233191059954913,-1.9729166221923122,-1.8093807558354875,-1.8583907418498153,-1.9516473260438012,-2.2460659463243764,-2.61038888558806,-3.1183402734066346,-3.7943735363782443,-4.29649866487355,-4.744421149161313,-4.875137540120131,-4.6928604766280975,-55.34175888160432,-62.33145892496451,-43.30055905504507,-49.321158968324696,-47.279959141765445,-50.02696971118176,-51.192025249299384,-62.33145892496451,-49.77873365351391,-42.46374139824205,-51.192025249299384,-3.3323238823764427,-4.0287939710429574,-4.67134825710584,-5.082730914019876,-5.1183245708906355,-4.859104453815021,-4.269109909731788,-3.724217113322679,-3.073955747098285,-2.493514429131958,-2.3310247986857133,-2.236796965193565,-2.1892785823612044,-2.399796050688664,-2.785550925808906,-3.519844234437148,-4.092173695916678,-4.767471893122667,-5.347625797589762,-5.791273216762076,-5.865049928358977,-5.79183163044118,-5.663986671535439,-5.19090383356313,-4.917342676466673,-4.815796883068321,-45.17142533601976,-4.656976217359844,-4.762170604192533,-4.983380724933208,-5.558218865762875,-5.92155932264812,-6.361180139691504,-6.887975039261627,-7.210955550392,-7.671150278910326,-7.779643678797178,-7.90213280919858,-7.776538714876375,-7.715813138777841,-7.604479573392247,-7.716759048662555,-7.863400753362405,-7.635521369980457,-7.585436296430641,-7.682317879397123,-7.608166351619424,-7.6236799768351045,-7.516960697327939,-7.696635088238364,-7.8226734307521255,-8.31676414242957,-8.759888759524783,-52.33145872658873,-55.34175888160432,-49.77873365351391,-42.78903361015372,-47.01666979343916
-42.37814037369937,13.9194776260115,-49.82541546449372,-49.82541546449372,-51.23870692427215,-45.13538168571944,-6.665373990252653,-6.854512526511391,-7.567011880688728,-7.8711854949747515,-8.264738687863051,-8.153144729453798,-7.566581777972275,-6.86925555873938,-6.064585543280579,-5.345226377875915,-4.7825492811136066,-4.423059084465882,-4.362772005097266,-4.524407823718497,-4.8492241458504495,-5.356584697972638,-5.903919388591815,-6.592665021668045,-7.005328112649465,-6.904566174768352,-6.442156531305223,-5.60994265589168,-4.666375162220787,-4.050720771003333,-3.5648303622781894,-3.2381375752825936,-50.0736510801387,-3.400742649054962,-3.9651402787167704,-4.53610560436324,-5.346103358171133,-6.389404092688164,-7.055069261763989,-7.089525733745941,-6.7091713370996455,-5.674299035375502,-4.793442043670038,-3.945937463248871,-3.4562532851133057,-3.127805541711895,-3.0939101093973935,-3.2205026191904778,-3.569472646865691,-4.5997485262861755,-5.33556226140187,-6.643830869748271,-7.6957895948651425,-8.591799708453898,-8.48674532110271,-7.607955754517711,-6.619279347521393,-5.356101675587165,-4.572166193991604,-50.33694046736219,-46.81511550785391,-53.347240424002,-52.378140493366246,-52.378140493366246,-49.36784033728163,-49.82541546449372,-56.357540380641815,-50.0736510801387,-50.33694046736219,-49.36784033728163,-9.911579346982865,-8.39275134150054,-6.940190335413297,-6.0392459645241505,-5.610353844036453,-5.452834921317419,-5.600957999225031,-6.0490644919459164,-6.804403524515081,-7.8532226551588415,-9.546372470003423,-11.752621309090724,-13.828706912747087,-15.029501907950007,-13.97927640276523,-12.409085167721335,-10.363486085947663,-9.001830420666181,-7.80991165340859,-7.352162541943029,-7.099444878522393,-7.099367674787586,-7.868924336778081,-8.537743868442378,-9.912145283980122,-12.268148548487225,-53.347240424002,-18.570783409821384,-20.144738607665246,-17.68095080795288,-14.84169694798016,-12.246522755974755,-10.816162940916875,-10.012263583054736,-9.345963832119752,-9.683360820641928,-10.089083177060463,-10.964112636077763,-12.170385276487615,-14.220702797397378,-17.521493714315465,-23.64784229647785,-34.8807770790835,-24.992713082245505,-19.235674799355124,-16.844529166171295,-15.31224218109916,-14.262055233452749,-14.124528146966489,-14.305158125327562,-15.176878156815057,-16.648843642609116,-18.64570891932997,-46.81511550785391,-53.347240424002,-2.641500730847514,-7.227871155979168,-7.880703586930221,4.813328670580081,15.857900991082523,8.74226662586776,18.625666655338954,-51.23870692427215,-47.754160200308434,-9.862025474443698,-8.73191748404494,-8.07061904330819,-7.527331684157613,-7.473484893738207,-7.639403669508152,-8.16820851473375,-8.921149164546874,-9.722580679151191,-10.344655716196861,-10.092571141616043,-8.987662609753041,-7.583078181977898,-6.0984834626239515,-4.844868750226323,-4.06081801139454,-3.3212122661036076,-3.0106864330766108,-2.826802244769066,-2.988442166191854,-3.222189599579794,-3.767404567580002,-4.427958038783798,-5.125216067872682,-5.675310327807608,-6.077147845396845,-56.357540380641815,-5.484483381286386,-4.785255148807341,-3.950188980716371,-3.3685019526979203,-2.68080875389276,-2.386534476983538,-2.155968572978239,-2.1183474600418224,-2.223146863559212,-2.643532065614347,-3.005750927430438,-3.482008588745083,-4.076431550725807,-4.5215612741858715,-5.02047533752345,-4.955980873126759,-4.700313227840477,-4.236164249501265,-3.5953299757357233,-2.9136177475381073,-2.3323431230873104,-1.9273018227506034,-1.7167600135650218,-1.60474482058205,-1.7858201266765374,-2.110969430254545,-51.23870692427215,-51.23870692427215,-44.31634055408257,-52.378140493366246,-44.31634055408257,-42.334926424448284,-41.55028689294604,-50.0736510801387,-48.398740286978985,-52.378140493366246,-55.38844025056125,-1.6968976856762406,-1.536364789094999,-1.8628603153760084,-2.1725679690983872,-2.787263182130282,-3.4381494870695577,-4.179852968442937,-4.8634243942824105,-5.2087631450679694,-5.342432516742227,-4.793434583707256,-4.140764480110121,-3.628998511928197,-3.175810763346253,-2.756185690064281,-2.6886950008001103,-2.676583071304387,-2.9728111811990865,-3.530633970330723,-4.079926499176753,-4.909829688337276,-5.583306844951531,-5.96203109257809,-6.407993103137441,-6.448449390974051,-6.114140957052069,-49.82541546449372,-5.3777178442397,-5.344598829978215,-5.262885633423261,-5.233694128215953,-5.5491840826981225,-5.955860056178343,-6.271773066831629,-6.783323237751313,-7.182144191439491,-7.588653605583334,-7.7762003005737785,-8.034351791591282,-8.183456697405463,-8.125064426830843,-8.004043510458146,-7.9299350859418745,-8.089926639899833,-8.00804318318795,-7.926646114520919,-7.662685895789454,-7.633384047571079,-7.717624255593282,-7.72364262490451,-7.957656274627176,-7.982650608214162,-8.365151967629656,-50.0736510801387,-47.326640510722385,-59.36784033728163,-48.398740286978985,-51.23870692427215
-45.450479769247785,13.945177091035017,-48.373040497963444,-52.352440465370485,-48.202707311989386,-49.79971539224237,-6.393401668960076,-6.594733258491435,-6.990531615818238,-7.404663000055467,-7.74452934038159,-7.998568483487981,-7.670666328048816,-7.174149937262282,-6.345477130188374,-5.685894755303046,-5.047767268929338,-4.526675671121119,-4.144162181494856,-4.0912647142548595,-4.124713797593976,-4.50830797369508,-4.930021767252465,-5.498355690460591,-6.132363577253075,-6.678588856720895,-6.719790165507825,-6.398437477557212,-5.88875644605401,-5.072719717739139,-4.357312089704702,-3.70730011424496,-45.82031530552199,-2.9859662734644523,-3.027575942965539,-3.19779886808087,-3.597371334137039,-4.144530185568862,-4.882862102164429,-5.895919476957876,-6.550469162045678,-7.039682774569699,-6.894806140567065,-6.375050265493005,-5.507200773749278,-4.594079658425917,-3.8917119490968224,-3.478158617067024,-3.0737604333932067,-3.070402931834436,-3.2251995535745888,-3.590579657128383,-4.154304503285327,-5.068050632032211,-6.136420236656118,-7.328101137794853,-8.274708599704283,-8.970705470531739,-8.634487055999044,-49.34214070758624,-45.3627405280666,-56.33184075094643,-50.04795145044331,-49.79971539224237,-50.04795145044331,-46.67042320857711,-55.362740620865864,-13.644150086913173,-59.34214070758624,-46.67042320857711,-8.287549610853045,-9.949295362425906,-11.630088807115332,-12.390652655167575,-11.841648485256526,-10.599120733032041,-9.05998761061172,-7.970800080052402,-7.031830945784169,-6.264507057906092,-6.105536534473417,-6.08072864981844,-6.323640305129294,-6.93023832722413,-7.854741524633225,-9.171807615227255,-10.938413247456138,-13.145730049595027,-15.817903282202474,-16.659872058471908,-15.3411662352825,-13.1806949793362,-11.41087473322052,-9.86434920386633,-8.757482119727978,-8.306754733765448,-50.3112408376668,-7.910118591109705,-8.257268268303395,-9.082838226839037,-10.081341324113058,-11.78015526684325,-14.316435551648077,-17.75309063556344,-22.545590987467136,-24.929117759672657,-20.538292808935562,-16.74703829475404,-13.721354382949936,-12.324648120018331,-11.512794285983595,-11.630382985527953,-11.788499941807729,-11.920075758664137,-13.084798541662657,-14.67153791920586,-16.99393213880061,-20.03443260701864,-24.33291851836656,-34.07229031450783,-28.182709138167844,-23.29718022379104,-20.581695284575797,-48.202707311989386,-50.04795145044331,-2.6158011861319723,-7.202171503117215,-7.855003922281325,4.839028323442032,15.883600471358791,8.767965785585991,18.651366301844675,-51.213006988191864,-48.37304071007605,-14.663027238212099,-14.97725410056211,-14.149375237586561,-12.51974222127501,-10.761432991980337,-9.203660651944134,-7.525505345429738,-6.425766448324107,-5.351767312717057,-4.801432141545894,-4.444882255352266,-4.267225476490231,-4.31933784058613,-4.543099892227605,-4.953475216169634,-5.654996022206834,-6.290852924716147,-6.588140356097698,-6.690222980036365,-6.506392422410143,-5.877662393061588,-5.088453164374376,-4.307502771148753,-3.604029338565586,-2.988384197942151,-2.597088523183144,-44.71816061431187,-2.271508951468835,-2.301691692149573,-2.508675656419463,-2.8181978038042725,-3.232197894011138,-3.75018106734359,-4.304505947668367,-4.742331057360739,-4.887889361551862,-4.9706225154678325,-4.753731148822893,-4.255321984468154,-3.6824533127323544,-3.1012132257702545,-2.696726734966548,-2.226797510371546,-1.916672481328186,-1.7667760904987322,-1.829149677655456,-1.864900874512262,-2.2014514210681755,-2.5718914015075027,-3.1910557548471683,-3.770968638649557,-4.285290315432341,-4.660780281675148,-46.67042320857711,-59.34214070758624,-49.79971539224237,-51.213006988191864,-56.33184075094643,-50.04795145044331,-59.34214070758624,-48.373040497963444,-56.33184075094643,-62.35244066422605,-44.4991422380534,-2.471200858355345,-3.0746318654709786,-3.7491507016980656,-4.345950086036695,-4.968084076528553,-5.128857801969559,-4.842453704018398,-4.424455561947932,-3.7664792208012914,-3.210903574181626,-2.7876444927739215,-2.476631228543131,-2.327112696148525,-2.3934749775492206,-2.5347210500174064,-3.0858784322814654,-3.650924995913836,-4.270465896276619,-4.835609066576269,-5.436383891872081,-5.790413853323866,-5.936906564407474,-5.876479034384239,-5.550318377875877,-5.271955841350858,-5.014427123622314,-42.30922705765742,-4.829581752753773,-4.883850029576626,-5.11694832301521,-5.398350920655677,-5.843229362592263,-6.425145051334914,-6.842127042260914,-7.293076446821388,-7.669306960117032,-7.8552968489690205,-7.932772690775148,-7.9921347835886705,-7.863816863519856,-7.899622193038831,-7.8229134639244515,-7.837615976449297,-7.985726504547943,-7.846839610961117,-7.845701227860263,-7.813755476205564,-7.704416284824368,-7.701811310900377,-7.829285377020555,-8.082515869612655,-8.231633782833148,-8.648253910310217,-55.362740620865864,-55.362740620865864,-47.30094088102699,-49.34214070758624,-59.34214070758624
-44.257033219741615,13.911450638782636,-47.07137779158992,-50.08167778737271,-62.38616700115546,-51.24673363164801,-6.577772214242844,-6.890200682121974,-7.077807834121943,-7.595700206190619,-7.8803353169536186,-8.09329636041285,-7.539965991885386,-6.9547284055515135,-6.123974810661684,-5.243095311821609,-4.7213696329119275,-4.35257235981351,-4.177291785751519,-4.291936985552062,-4.6315698803174,-4.883907561661505,-5.63386617180011,-6.1625967456115385,-6.714102912386139,-6.753397511588793,-6.383387964747089,-5.766857838032586,-4.865790483069376,-4.200200108950066,-3.5955179997051228,-3.3532589375574346,-49.375867044515644,-3.1433325767801916,-3.463740160450874,-4.017231689270069,-4.651630534847365,-5.578308050337315,-6.406660705089276,-6.843735527396843,-6.783919188275245,-6.306205198412966,-5.336798269645841,-4.4648780102523915,-3.8446558116780816,-3.280088383572445,-3.057047953007917,-2.9469400116477202,-3.2514567903900677,-3.7264024668665123,-4.44644092946317,-5.426012646494006,-6.49967446892734,-7.745729892602099,-8.40313803541761,-8.29238192770815,-7.567585921502412,-6.616468133409117,-5.680294964736435,-45.3964666783144,-45.484205915685756,-55.39646695779527,-50.344967174596206,-51.24673363164801,-45.14340804148637,-52.84374212857243,-52.84374212857243,-52.84374212857243,-62.38616700115546,-49.83344217193262,-11.277678504626918,-10.571018234741157,-9.036123918898051,-7.971729432532847,-6.845917339226741,-6.233096365740922,-5.727122143832903,-5.596933757716008,-5.851957600660931,-6.382701431407614,-7.330841660803975,-8.639764639400097,-10.375420107026494,-12.426307252997388,-14.599952170871113,-15.32983884992884,-14.186452476666048,-11.980697338848373,-10.356654633246912,-9.028359620819952,-8.214407444199757,-7.6102523142680045,-7.243532524329437,-7.520077317048869,-8.160055373914844,-9.092818513597713,-55.39646695779527,-12.465715776280398,-15.01766198225889,-19.001601902719905,-21.01104369174438,-18.99105649664429,-15.616945759992367,-13.055548052569117,-11.486551096772011,-10.278916149945154,-9.784856621477479,-9.770089117757658,-10.462890619891036,-11.340612890554294,-12.67183110578755,-14.488597670905916,-17.71186188396128,-22.63782748444575,-34.53286860523124,-26.63313337163666,-20.572019356713447,-18.08267496017051,-16.828694984174803,-15.2630378993709,-15.316515508806333,-15.265987087033032,-15.83391803849771,-48.23643339347984,-46.36556728750503,-2.6495277020715764,-7.2358975646753,-7.888730469538202,4.8053022618839485,15.849874153959957,8.734239768768026,18.61763987756006,-62.38616700115546,-59.375867044515644,-9.152243045520706,-8.783546929179442,-8.732747578747668,-9.024572509689921,-9.369769429354845,-10.127080752787137,-10.56561735394271,-10.67481363818448,-10.276324099354541,-9.013332171707031,-7.534264120302088,-6.230359075157226,-5.095539884499108,-4.254775523778902,-3.618673067838018,-3.128360407176415,-3.1342586817563283,-3.0723815487199877,-3.4761812202984608,-3.9343676122756825,-4.508325682761799,-5.122611932057257,-5.584988582726483,-5.937430356192015,-5.830893223937434,-5.466295442022833,-46.704149976300855,-4.067002122891882,-3.334702892857403,-2.932180105780773,-2.3745001449387333,-2.25561963177449,-2.123151523930363,-2.172582627670818,-2.406081384507845,-2.813868626173432,-3.1937696116401835,-3.79387123605293,-4.320318257423438,-4.693679021329755,-4.984119656993146,-4.671578177443424,-4.383699416718083,-3.7594578134051586,-3.165117530907598,-2.5778778858712914,-2.113673922209103,-1.8125303559155548,-1.7368088306650165,-1.686875334653405,-1.8660298599506753,-2.273872121272227,-2.7826673745763713,-48.40676678134895,-53.35526713123602,-59.375867044515644,-51.24673363164801,-45.39646682470914,-55.39646695779527,-59.375867044515644,-48.406766994286755,-53.35526713123602,-52.386167200784655,-55.39646695779527,-1.619762512578561,-1.8053550538326444,-2.184991655855998,-2.7388104123123385,-3.4325328285933705,-4.237933495888304,-4.834799820799589,-5.236259209404029,-5.101898690118462,-4.670343482213861,-4.107178204122067,-3.6078881268102068,-3.0786477974089133,-2.6931172034021325,-2.6065318118075504,-2.5947048073947747,-2.916218983545735,-3.191698968498733,-3.8792087433224776,-4.554079903133209,-5.194645136705032,-5.772034537098061,-5.97853133471069,-6.1512238355533535,-6.037556854255924,-5.845692373303945,-55.39646695779527,-5.26761388767202,-5.128667562656456,-5.211750420935484,-5.375696750637821,-5.639539349383503,-6.053240154844507,-6.4725709151594835,-6.88768963996874,-7.496375629068794,-7.589766196437671,-7.882059340174922,-8.002373406886035,-8.00929543119823,-8.027007266314797,-8.061460709326683,-8.212845609248701,-7.989288340457686,-8.081385301181475,-8.00047433844085,-7.898454878583099,-7.854130504663882,-7.828204943062646,-7.713224217471076,-7.926608538599298,-8.193848248724231,-8.633464191521675,-41.417066737988755,-56.36556708787583,-48.406766994286755,-52.386167200784655,-48.406766994286755
-41.323515568023986,13.902002576522259,-50.09112605071992,-51.2561817414343,-56.37501535122304,-13.460650573643328,-6.40026693523161,-6.85688192547042,-7.23420292817671,-7.838686982557177,-8.028106695350122,-7.934828428579506,-7.387626537917082,-6.755847375215554,-6.001696829969118,-5.232400799009385,-4.656434885193571,-4.348797463899299,-4.188767980827296,-4.28404271062862,-4.70704485018357,-4.9625250991063545,-5.651688939073514,-6.088641820215094,-6.74306569274829,-6.729013658736067,-6.383165784553874,-5.706540182270282,-4.6615399697793,-4.099535450524235,-3.6021733124574484,-3.1388594030731376,-56.37501535122304,-3.2077129831012687,-3.54254018749635,-4.215138830505275,-4.786658105850161,-5.906163633244255,-6.534920499769048,-6.869067064525662,-6.7584673494681,-5.885385075113864,-4.990212308785208,-4.270940728751417,-3.705822262687433,-3.2094201330564314,-3.0705683553718135,-2.8721040473300157,-3.3146006330864237,-3.9637110266269278,-4.686947932234409,-5.567695134286849,-6.827948332878843,-7.993295533537386,-8.515847430003708,-8.15672063113208,-7.330334731524488,-6.114158606037194,-5.1384179613691705,-59.385315307862854,-52.395615264502666,-46.713598023832716,-48.41621517778229,-45.405915594189224,-50.09112605071992,-55.40591522114248,-55.40591522114248,-52.85319017010942,-45.863490126749234,-50.09112605071992,-10.997170690439383,-9.906568651628104,-8.264831327134065,-7.042471727244384,-6.255717930765231,-5.92937288213216,-5.756496549060479,-5.822981583427623,-6.210479838841719,-6.67474477613316,-8.049846709795546,-9.556160871689007,-11.276641452028173,-13.481523201219506,-15.162536554988566,-14.80029675022297,-13.115243032562493,-10.893578957416004,-9.184936045112202,-8.354122980531839,-7.450006598001422,-7.319754745979318,-7.459013348998881,-7.692083547752711,-8.400608441797885,-9.866963675620827,-56.37501535122304,-14.121664177521208,-16.887830148952084,-20.349532719572522,-20.160915550841562,-16.155477070043126,-13.38986839715088,-11.787541781126606,-10.492046132865958,-10.150569828028868,-9.74052704528597,-10.188233736585339,-10.66112968493685,-11.704782919022538,-13.44891059463017,-16.594808784879525,-21.031898280099224,-28.50395437517815,-31.173456745219813,-22.06701106891277,-18.492447629583,-16.40071436745253,-15.25189851554012,-14.688714718686072,-14.794029891742987,-15.418266482089404,-16.571231504099664,-51.2561817414343,-62.395615264502666,-2.658976236132324,-7.245345912004797,-7.8981786972966495,4.795853914554452,15.840425911085376,8.724791630770937,18.60819181671251,-52.395615264502666,-52.395615264502666,-9.23016733137905,-8.655247670777333,-8.241123798736254,-8.221745347249977,-8.43828117139919,-8.962396449553562,-9.514890173585137,-10.047962635805458,-10.230129396652233,-9.630422504161205,-8.420247378837754,-7.109622866264185,-5.85177033788844,-4.815971841060142,-3.9894802436533268,-3.417909942602276,-3.164911566023065,-2.93017862114968,-3.0919021603422148,-3.4621704541538554,-3.898522629344793,-4.441842156642783,-5.098679822326261,-5.534098841194001,-5.796786015357359,-5.787112581050935,-52.395615264502666,-4.659381962871034,-3.8534662508383084,-3.309038990846169,-2.7034508822034633,-2.38026846457369,-2.1164910691756273,-2.0908001202165107,-2.1798775507805885,-2.456560079838436,-2.8573179855560134,-3.4171841725846175,-3.9075437053066757,-4.44358849072918,-4.831916954523258,-4.944484850877152,-4.765492877008096,-4.131284034924439,-3.5794295582609403,-2.970727758725906,-2.3938913276313323,-1.9940045239045783,-1.6684630736186157,-1.52656333396032,-1.6649086706201532,-1.9977477670426484,-2.5067050303343184,-47.08082609408012,-55.40591522114248,-50.35441543794342,-55.40591522114248,-48.41621517778229,-51.2561817414343,-59.385315307862854,-50.09112605071992,-51.2561817414343,-46.26777669730531,-47.08082609408012,-1.5801802680918122,-1.6699546454656549,-1.9933748197000307,-2.537593344869972,-3.165720396370605,-3.907512601548434,-4.643699309060965,-5.054492536811922,-5.167327041755998,-4.968952652037372,-4.373565118066997,-3.7303196867095316,-3.279682229002466,-2.876157700257033,-2.6555260132499674,-2.493643479535469,-2.746638716663921,-3.1181141744765366,-3.753008830436084,-4.400934368269493,-5.062791817202462,-5.744497732042876,-6.05673112451377,-6.349154247225755,-6.219269663600352,-5.859197462908882,-56.37501535122304,-5.338850720838325,-5.20885491939513,-5.263087662497763,-5.146887027863306,-5.779296186102133,-6.005085445321923,-6.464859924247991,-6.943422470917787,-7.2980807356383455,-7.68661715983513,-7.846602938319011,-8.116779506736535,-8.071887953694404,-8.208410795478846,-8.005637314292798,-7.927681760089683,-8.09325200407259,-7.9307406637965645,-7.974629050747504,-7.813498996293001,-7.903593662608088,-7.863884939778405,-7.864557815797681,-7.979528105688749,-8.14027316418437,-8.473817894241884,-55.40591522114248,-52.85319017010942,-13.460650573643328,-59.385315307862854,-50.09112605071992
-46.82063079942103,13.91396163341321,-13.51377842370429,-51.2442223522551,-46.701638572417096,-43.750427400296886,-6.508780225055535,-6.677829731371752,-7.1868985342670175,-7.669257392162155,-7.966453595325948,-7.924968497512417,-7.4316967945278725,-6.813687888716386,-5.967675702342198,-5.293629211745115,-4.690850725793347,-4.281512192214776,-4.244138440630766,-4.322671090351631,-4.552449259440269,-4.8829562270972175,-5.457610110364296,-6.114209238976967,-6.672055247661705,-6.702190610254979,-6.434506814798695,-5.759959736669589,-4.891666948396332,-4.325698988009289,-3.7315679208004453,-3.1643262858030976,-44.05856690177764,-3.0892011565228024,-3.441825463478185,-3.974318586097537,-4.476182734629161,-5.4267912407057475,-6.202662108961373,-6.8282984109103175,-6.885925662847444,-6.254610217392064,-5.382020663926576,-4.521765542800918,-3.9837187854446583,-3.4989179723534027,-3.143319495767887,-2.9725787366432948,-3.1259728319434847,-3.6486769019024963,-4.29640254014855,-5.1657972435322375,-6.263238657261969,-7.510787283025266,-8.438788914398664,-8.455403348221973,-7.8722267325682225,-6.770340076503333,-5.751170939197107,-45.223622438975475,-52.383655829268505,-50.07916681505726,-51.2442223522551,-49.373356072200195,-52.84123071270066,-45.223622438975475,-52.383655829268505,-59.373356072200195,-62.38365602884001,-52.383655829268505,-11.512304746320233,-11.023906655419356,-9.404738341514769,-8.07178813616735,-7.022858782033267,-6.394821411653792,-5.928077704755491,-5.852872706495194,-5.952318373654533,-6.217798272838857,-7.228772188943612,-8.46809513690475,-9.930108690438363,-11.972809857533884,-13.948525189271528,-15.56943481103723,-14.730845722044947,-13.046758796045728,-10.731064573036246,-9.4394125089738,-8.243068992126597,-7.641187180367744,-7.533870753659276,-7.428365409823819,-7.87362525713386,-8.907916676423806,-52.383655829268505,-11.870393770690127,-14.141551021200234,-17.565647803521284,-21.915583907756513,-19.934455787439916,-16.400566730050443,-13.725630258849215,-11.831020262520083,-10.887709138499362,-10.170322443824622,-10.196778450355952,-10.230638493773114,-10.845720457147884,-12.159784952889614,-14.13004417554892,-16.806058237277167,-20.18781090423889,-30.47194161933756,-31.903124415008843,-22.384958704568483,-19.038113183839066,-16.95963509791172,-15.846707905724857,-15.161102337080417,-15.441378657932436,-15.713892345938486,-50.07916681505726,-56.36305611556038,-2.647017008424417,-7.23338668353936,-7.886219383146154,4.807813143019888,15.852385674373178,8.736750568383686,18.62015112467819,-59.373356072200195,-48.23392267706227,-9.265079290599038,-9.066347291526544,-8.902302244971818,-9.12763721879944,-9.592235988921217,-10.362207261499258,-10.76034223015945,-10.795208394232457,-10.031579353929851,-8.776018268566263,-7.376283933247077,-6.114486175184415,-4.9468965857513885,-4.144820595837791,-3.5320516973562173,-3.3278019539513846,-3.2541852696093176,-3.2309984531134446,-3.550358169395256,-4.047226191020093,-4.642487814894242,-5.218330652780238,-5.7602903785750526,-5.93005263539775,-5.7593832782827405,-5.379345126371373,-48.23392267706227,-4.020307258768315,-3.265387054454627,-2.7616681775795273,-2.370954057589229,-2.1384956678379425,-2.0978577546175345,-2.188899657213646,-2.4358755510493997,-2.8743583693846175,-3.3841386598088397,-3.95292373319706,-4.505864325822689,-4.841143764110603,-4.952691732876867,-4.769001169889294,-4.41096704159602,-3.6679674591054634,-3.105016807652332,-2.519517228710855,-2.056062424156581,-1.7275717157214605,-1.5757431275040978,-1.7022945751281104,-1.9092524691620858,-2.3478790035047923,-2.928748792801999,-49.373356072200195,-48.40425586229103,-52.84123071270066,-62.38365602884001,-55.39395598547982,-55.39395598547982,-45.223622438975475,-51.2442223522551,-52.84123071270066,-48.23392267706227,-51.2442223522551,-1.567461561897413,-1.775752765520124,-2.228700642649757,-2.8527891702566643,-3.5254094738411923,-4.3473096164554415,-4.908481327016413,-5.195368908307099,-5.081568172870767,-4.742118715861457,-4.083469248222315,-3.3640519666924873,-3.010337859718674,-2.6934035383671393,-2.5282688349070837,-2.551232596120472,-2.8139463870261956,-3.1684296255431628,-3.888663614278923,-4.542099364746771,-5.354450553571716,-5.886725498573208,-6.106056008677063,-6.262347177293648,-6.185712871587419,-5.835991764104653,-45.85153066934047,-5.156099340125463,-5.11732140735795,-5.241230541518226,-5.13653176664953,-5.650635221139055,-6.209018375030158,-6.592488068891238,-7.00102388524237,-7.3842296396942455,-7.7149801047444155,-7.917274658959511,-8.102875236408305,-8.203876784342569,-8.112935144349343,-7.9551909000723455,-7.983575029513474,-8.126325605874298,-7.860500248693346,-7.874440167234779,-7.892236762915053,-7.879855911890925,-7.909703436099999,-7.842130999874878,-8.066143797095854,-8.20844105858066,-8.544479643223074,-43.35275615892057,-56.36305611556038,-50.34245620228076,-52.84123071270066,-50.07916681505726
-45.38295487089209,13.924963275343266,-55.38295459184566,-59.362354678566035,-52.830229319347175,-53.34175476528642,-6.424532093321814,-6.651784030394423,-6.8423246060607035,-7.237868152271039,-7.6512654410694925,-7.789298508165627,-7.549908841009615,-6.994564277783237,-6.299981255791617,-5.453215110741229,-4.970607248431745,-4.491013251532277,-4.064786131397594,-3.9791693969515434,-4.141402122024207,-4.532012358827179,-4.945215046770129,-5.546754998099343,-6.018249537033634,-6.444039440626776,-6.518893635546955,-6.106859173089216,-5.674466933170179,-4.909271236182034,-4.144927764532971,-3.6012858465272486,-48.22292128326619,-3.0594336093360788,-3.0638517651726858,-3.2047631633035385,-3.7233451842755634,-4.264920530576037,-5.071900638843427,-5.845551127144992,-6.535442547443323,-6.87213302963237,-6.6614268593281505,-6.049600752449475,-5.072709506996638,-4.343214315419113,-3.6730895754685413,-3.4216072515844016,-3.1481611669715686,-3.1626085900092633,-3.376944263921291,-3.848385189259247,-4.5829487677393255,-5.570414895067967,-6.4975091775639315,-7.552140808530016,-8.325736916137993,-8.596223548065163,-8.104208893111483,-52.37265443588697,-47.32115485200679,-51.23322095881527,-43.234515892604065,-45.12989620244931,-51.23322095881527,-49.36235467856604,-49.81992936270736,-44.73837490576842,-56.35205472192623,-44.51935620885598,-9.045987992299064,-10.667221542728722,-11.861206406585715,-11.978592529619018,-11.276194261614103,-9.72801851438636,-8.228771699712969,-7.349353209582413,-6.676200462952181,-6.416226788728193,-6.115723764310887,-6.209349323912821,-6.826927036886197,-7.662262170223187,-8.633461841489828,-10.223553883827673,-12.168171681283344,-14.534690654286699,-16.592569867853058,-16.034537301370936,-14.105041160057505,-12.070666465308399,-10.288187475343886,-9.25162185137118,-8.555043811545366,-7.787394030002054,-59.362354678566035,-8.048927615083613,-8.909868515232896,-9.816842213498923,-11.060800529683654,-13.285124215031166,-16.372514543252983,-20.832373085349246,-25.059991168382027,-20.645166517653678,-16.765460052992978,-14.330374030084979,-12.727041329837359,-11.897374762784143,-11.266724084421805,-10.885086175167924,-11.493918263970254,-12.689833596030377,-13.502504959962316,-15.522765704610265,-18.344712112135575,-23.516215983331065,-33.2931696991315,-33.00249337391228,-24.286494411833143,-20.72050848757307,-18.963258386975784,-52.37265443588697,-45.21262104553564,-2.636015681264485,-7.22238544033983,-7.875217686295269,4.818814386219417,15.863386801276828,8.74775194649561,18.631152268787694,-59.362354678566035,-56.35205472192623,-12.478156591418186,-12.90960585630738,-13.24273311894184,-12.752704599531576,-11.741123262697775,-10.437624210268627,-8.907169182600365,-7.486188751830467,-6.284721067570949,-5.381417481622266,-4.652189373395816,-4.166043421649148,-4.025262962740246,-4.01969422205852,-4.148456083033092,-4.498722744218212,-5.015372655087733,-5.50625629593077,-6.044064500682307,-6.243492334144062,-6.222733894254038,-5.800623055128234,-5.171020356320834,-4.530862430502204,-3.804133505719898,-3.2030537235770478,-49.81992936270736,-2.3518585041538937,-2.2170284108759377,-2.2404891187501215,-2.197438133264358,-2.6170452644684876,-3.004904088795958,-3.562318889797622,-4.049852332364138,-4.56520540147051,-4.884566684911011,-5.001364537113902,-4.896594951102235,-4.440557027601544,-3.835642194653511,-3.1923301411685086,-2.582723615752776,-2.142926181027037,-1.7405375316373992,-1.548804971835116,-1.5711247380292424,-1.7831433694706482,-2.156524448805224,-2.6180007494539916,-3.232779336305352,-3.935537789465657,-4.512491247366672,-62.37265463520585,-47.05786550386542,-50.06816542142311,-56.35205472192623,-53.34175476528642,-46.690637179056026,-55.38295459184566,-52.830229319347175,-47.05786550386542,-52.37265443588697,-45.38295472472492,-2.045556378311445,-2.6258340520661565,-3.3337494077493277,-4.114435086914901,-4.680026216410434,-5.159520285638025,-5.035852148632504,-4.752159314029485,-4.041457677072478,-3.3057653292128237,-2.9814524267939135,-2.5260317061840363,-2.1682713871151744,-2.1694519425036134,-2.2873473144303356,-2.800327795701442,-3.2253684379304097,-3.811234993395704,-4.503657535559827,-5.16665468109383,-5.721537370856419,-5.931085966691674,-6.107146923597984,-5.683309659370327,-5.354169279670482,-5.137047203455271,-50.06816542142311,-4.833692326053043,-4.741273656816462,-4.862512971582694,-5.267453259391434,-5.577639612105834,-6.056817228606571,-6.681983343111746,-7.21645918024514,-7.4474949175040015,-7.911867476040056,-8.036652531078655,-7.978664616325416,-7.924402496942307,-7.737830556700428,-7.987800762152494,-7.981081147894883,-7.861778564097367,-7.928677586542375,-7.905139847763861,-7.8236421596831285,-7.7904323869812675,-7.766005993545097,-7.916472771363217,-7.824419572830231,-8.303558505639083,-8.770413543788187,-51.23322095881527,-53.34175476528642,-55.38295459184566,-56.35205472192623,-46.690637179056026
-46.30414480174412,13.972873564790302,-50.283544690242,-52.782319642655224,-59.31444456016144,-53.293844646881816,-6.539246361787652,-6.685889253048431,-6.995443563830169,-7.470227790020698,-7.694404448952695,-7.9708881845249815,-7.734651570443481,-7.188773463610151,-6.5235954042397095,-5.694702863934764,-5.099483030041715,-4.609126988312509,-4.26008886650493,-4.1740565438232355,-4.228251875629198,-4.502369330399608,-4.96554735248535,-5.3977202427554305,-6.035932392135096,-6.50405397272573,-6.696940432610493,-6.475894091682778,-5.8857487970961575,-5.196749596644481,-4.561147262923418,-3.871599693926572,-43.75141977273579,-3.1929185254627153,-3.0938590376460535,-3.3279344780096753,-3.655110597594527,-4.19517648666578,-4.924893661653219,-5.6907887410769735,-6.47364711444698,-6.816372690923344,-6.816287514891247,-6.374182435232707,-5.681474806416562,-4.909100434385717,-4.202351149675631,-3.6210567663393,-3.3212369648258755,-3.2461937250633377,-3.3679011255587428,-3.7022557021382796,-4.279302289752278,-5.150669140489175,-6.1855230719579835,-7.328079777399921,-8.31755173834504,-8.753022153005565,-8.784717374953729,-49.31444456016144,-47.00995530751155,-47.00995530751155,-50.02025530301851,-62.32474451680125,-50.02025530301851,-59.31444456016144,-49.31444456016144,-52.32474471502375,-62.32474451680125,-55.335044473441066,-8.227001910566656,-9.873320899199134,-11.274141297222087,-12.300059980710238,-12.166370904605069,-11.060118628442767,-9.726393740889046,-8.440801697258614,-7.4824015193521145,-6.834589078157864,-6.409902489767418,-6.3763015404845795,-6.577118905891735,-7.153934266681379,-7.938593212391197,-9.131413987708704,-10.754410084219863,-12.908984006558315,-15.196564553788685,-17.242276509785704,-16.611849599211347,-14.279806413370261,-12.093043305737623,-10.553392796152089,-9.49080514729719,-8.627503575344997,-62.32474451680125,-8.166166999069187,-8.430921335817471,-9.091542665224614,-9.995875798662876,-11.424775412858407,-13.440478497157496,-16.654363114534657,-21.03558465291103,-26.229867584330083,-21.95047949447712,-16.994527049461304,-15.00257673526483,-13.334587349549565,-12.354158567018898,-11.591741102664395,-11.546779061713641,-12.129718188596947,-12.810155087605363,-13.992954405917972,-15.92739046795431,-18.80832749267658,-23.164418314064676,-31.926638816161002,-35.05747245504783,-26.005236193608972,-21.382129779434834,-47.70076442389072,-45.33504419592958,-2.588104988478019,-7.174475398365006,-7.827307803764599,4.866724428194242,15.911296791543883,8.795662253096646,18.679062396342204,-55.335044473441066,-56.30414460352163,-14.218387557822822,-14.356712584691145,-13.772219059871684,-12.54303073056299,-10.981060548860482,-9.292870350376543,-7.8480487028978585,-6.609006740602692,-5.755238210654861,-5.0899906727027275,-4.5927919306748946,-4.405481075160665,-4.477830338588514,-4.586280472883773,-4.868493027379294,-5.382098227258963,-5.917495936958515,-6.329123182263583,-6.527708858991512,-6.450003462959338,-5.993323556634859,-5.363234512847688,-4.655257450358926,-3.9749713097180335,-3.331218344352227,-2.8948474674482165,-62.32474451680125,-2.3635478759305877,-2.356367471988143,-2.5179493323279436,-2.6509776404825303,-3.1455057972375617,-3.534606375558849,-4.207620451769167,-4.695132269608008,-5.096752423966664,-5.219136692050801,-5.085314143332135,-4.648696901402628,-4.068347922152554,-3.437727347764733,-2.8314449009969502,-2.28571257862423,-1.9896704954802493,-1.759324368113331,-1.6914110221061784,-1.8146364177064178,-2.1518393964321456,-2.591655531744393,-3.1445564292273853,-3.8838204698438714,-4.555699311888576,-5.011718455799938,-56.30414460352163,-55.335044473441066,-13.861700360316117,-45.79261959929503,-50.02025530301851,-46.30414480174412,-43.23989454826197,-52.32474471502375,-51.18531114621173,-50.283544690242,-46.30414480174412,-2.459669589221681,-3.0976298068697385,-3.8707625890584207,-4.60577707499391,-5.094376947540883,-5.336738360850005,-4.918386016582438,-4.461255982368632,-3.792412137773117,-3.13462282294835,-2.7396739263345653,-2.3924947044617215,-2.2488879070754417,-2.3184172533687826,-2.481321677435802,-2.823901118326024,-3.4437921597870362,-4.07707737135909,-4.791963388524735,-5.487926719829527,-6.00442540887569,-6.14648293632408,-5.881688176985715,-5.71092536211542,-5.389330421354024,-5.016453687417909,-52.32474471502375,-4.770493684574856,-4.8778334582573954,-4.975386783919155,-5.3569883485901135,-5.784047870572189,-6.324549943436476,-6.838823651741828,-7.313699617535592,-7.6714964010905735,-7.934498023727262,-8.01102665488701,-8.01790007836871,-8.125434673761497,-7.956473198259038,-7.945575155849465,-8.07325168133606,-8.021139342530704,-7.999139760896874,-7.916912695506598,-8.053569106968444,-7.966858162942094,-7.839165237284824,-8.031873786705683,-8.15832299425722,-8.627763156354089,-8.884261864541957,-56.30414460352163,-44.19561073690232,-52.32474471502375,-48.345344509369866,-47.70076442389072
-43.812388890386906,13.911903917318657,-51.246280331631226,-46.36511394141997,-56.36511394141997,-46.82268884702672,-6.596973122545112,-6.888792178087673,-7.237036786441121,-7.629699386465626,-7.912582804663003,-7.844188757946997,-7.401478122178982,-6.693894790915841,-5.924324371083282,-5.218995974869257,-4.7581105194075715,-4.348296152418066,-4.276637555283821,-4.382633497286682,-4.614491358552689,-5.085744350074011,-5.600812410144384,-6.198352231050076,-6.60023875543473,-6.678696819736768,-6.187770763627324,-5.675976758919244,-4.8227231679945834,-4.178176994102834,-3.656340533899096,-3.3030463516729824,-52.385713854699596,-3.2317736057094026,-3.5896405484643843,-4.1375266661088,-4.941437945475393,-5.610109791599855,-6.321190933873556,-6.8097637833060585,-6.638596632979459,-6.105699145929355,-5.309288563455111,-4.487305830050101,-3.856889912649058,-3.326050197351723,-3.1509422065104866,-3.169634508603876,-3.4296101012337585,-3.9066083307383725,-4.7628154219238,-5.743883391075472,-6.8788083409856196,-7.791411918905697,-8.298278537213816,-8.093861634393797,-7.470920001668198,-6.494509950694941,-5.6242672394681446,-50.344514028140345,-46.703696614029646,-55.39601381133941,-48.40631376797922,-52.385713854699596,-62.385713854699596,-50.344514028140345,-48.235980374991414,-45.2256804183516,-13.246623590092678,-51.246280331631226,-11.147686918463313,-10.115592659024127,-8.945683696359145,-7.726163053655744,-6.805339692242062,-6.256011145278803,-5.923068943225945,-5.913400033263451,-6.285908490648096,-7.056222209155161,-7.9820235605891146,-9.4198953245669,-11.34494163179469,-13.529840180021708,-15.352800002045502,-15.107536672400201,-13.230396305966147,-11.55323237618678,-9.876320177579016,-8.730890179435606,-8.043570672915912,-7.6786551342552904,-7.558521350069238,-7.922952223185902,-8.590754811890443,-9.691985396602686,-48.235980374991414,-13.372983680476969,-17.163358635916197,-20.885829256809455,-20.868951724168564,-17.222211625013074,-14.099114794887813,-12.20062297136571,-10.97272151837563,-10.258805017434113,-10.052579258599273,-10.149794069601821,-10.45240812392744,-11.699031936152132,-13.06493535465425,-15.618412085348844,-19.066786808651173,-26.466168557586684,-40.23727537422261,-25.607819674051942,-20.280655900844565,-17.24608400836487,-15.86857396154022,-15.161266961773183,-14.792208629688261,-15.793685078012516,-16.6206880382503,-45.39601343871769,-48.40631376797922,-2.6490743993009067,-7.2354443039590794,-7.888277170388976,4.805755522600169,15.850327630270764,8.734692887840696,18.618093273451212,-62.385713854699596,-46.703696614029646,-9.426767566173929,-8.927488508079774,-8.388561715154381,-8.382856131715045,-8.345711643118767,-8.799038136161903,-9.260851020108307,-9.606185455184148,-9.813873801501039,-9.202366730205231,-8.305605166582316,-7.223150567421753,-6.107990950852036,-5.069463482315707,-4.271243743732208,-3.6164953961125113,-3.328289402686857,-3.127309234061624,-3.085306045955763,-3.2919243284276827,-3.7214405976771285,-4.246083068376882,-4.795346423651358,-5.341102877870877,-5.704679168348043,-5.7451640889001006,-39.50769673375088,-4.927559352355056,-4.231417360902861,-3.5339004542518877,-2.899388716500346,-2.463113338740942,-2.1710340542325217,-2.03006392626068,-2.073892065837705,-2.400461670495811,-2.6530586952566453,-3.220163909923888,-3.9186198749285,-4.494139229579053,-4.994034646470405,-5.109024563391149,-4.965111644702239,-4.458183828134634,-3.809000017168711,-3.0909878994915996,-2.4049960561661505,-1.8808643252741428,-1.6583746148104173,-1.4918491241286957,-1.616889266224271,-1.874956917479607,-2.406012232281272,-45.853588716946156,-45.14295480716178,-44.532415504591924,-53.35481398478016,-43.75248525349504,-45.14295480716178,-49.37541389805978,-50.08122464091685,-52.385713854699596,-52.385713854699596,-43.693396405618394,-1.5054802834547814,-1.6003847143541132,-1.8498400391349175,-2.409264032292418,-3.062467947842598,-3.8478499998634725,-4.688566413343556,-5.1723898102382035,-5.312448363660563,-4.782567091522251,-4.348835299324624,-3.677404222209769,-3.081170291022344,-2.6835241897285873,-2.400705587435213,-2.413052007498016,-2.6728391424657327,-2.9590616512946673,-3.497244095539234,-4.168993209443199,-4.956122865825646,-5.701957185277583,-6.12032905381297,-6.287273608736237,-6.146732111797954,-5.99195464801376,-41.31361415822091,-5.341291722153151,-5.03705999610263,-5.091441519023215,-5.100609643857011,-5.420672978159224,-5.806812388222085,-6.368915849853527,-6.744677774622313,-7.470920001668198,-7.784360890192147,-8.159405034240116,-8.180067306829715,-8.141079174766132,-8.306895472166827,-8.161440499707291,-8.177149231714855,-8.104738526763075,-8.061970798711256,-8.15697662771549,-7.964994195254542,-7.770053044993338,-7.878712736528501,-7.890729202431169,-8.102081684927642,-8.45521137641702,-8.88459092175997,-42.13265542803541,-49.37541389805978,-51.246280331631226,-55.39601381133941,-52.84328876030634
-44.74037221898776,13.922965785079874,-55.38495199667952,-51.23521867032881,-48.39525182040951,-59.36435208339989,-6.544456527618669,-6.8667811374250585,-6.992925373552948,-7.554352973822919,-7.734856804843827,-7.897228518917789,-7.481917046203384,-6.88547847429385,-6.206957272711854,-5.204532552858203,-4.832009798820697,-4.456160194251894,-4.1121869012904675,-4.215203978680686,-4.48999160196114,-4.810565603202072,-5.474916204778356,-5.974361851484976,-6.389198276758608,-6.611307635127056,-6.360266721763192,-5.863762421490963,-5.252989070858839,-4.443665965877434,-3.8660275870486087,-3.466441834301537,-51.23521867032881,-3.2026388328813553,-3.2500719396604065,-3.743112961095718,-4.371489643309518,-5.192750150652827,-5.830575909753183,-6.498664852720895,-6.803214919553672,-6.69639249088698,-5.883007712808092,-5.214977683270975,-4.300350479878947,-3.6769563484751626,-3.364992130656711,-3.119200669153743,-3.3326487340013724,-3.425413285202443,-4.170666722457213,-4.886572129809909,-5.900098486174913,-6.9542193759479085,-7.957622114063457,-8.336551911273197,-8.202892059303688,-7.672635131605151,-6.728156916283511,-43.080462931443044,-45.472691334690154,-55.38495199667952,-47.32315225684064,-52.37465223940443,-52.83222716716281,-62.374652040039706,-13.68326137606429,-48.39525182040951,-52.37465223940443,-55.38495199667952,-11.423656448244186,-11.605881845287998,-10.913868036247047,-9.829340842135414,-8.341593234243573,-7.260177099236821,-6.4253701165195976,-6.099508461354674,-6.050231008486067,-6.347954551190805,-6.772595728932079,-7.6101617392436705,-9.084397074184041,-10.68349432386099,-12.803273988259654,-14.477082396855323,-15.735288465562627,-14.699754173851261,-13.108295597068775,-10.993204325898171,-9.752395873618202,-8.849739683957617,-7.763720563375937,-7.838029344034705,-8.082864239310542,-8.281662278112472,-45.384952089716386,-10.276500472344543,-12.331567309721393,-14.925701336175884,-17.614455541573125,-22.96699726900322,-21.189359339177265,-16.94639799430003,-14.494312433643103,-12.227724868923339,-11.197796657381303,-10.52192290027671,-10.494005311989687,-10.819045212212838,-11.547336914903267,-12.288224622170896,-14.242179190657593,-17.040999007942148,-20.47441830479702,-27.975012294262903,-38.14219330819483,-24.461255025208175,-20.105818901920642,-18.094438690628188,-16.702858834492375,-16.151164391132383,-16.090251654903366,-56.35405212676008,-43.080462931443044,-2.638012807802505,-7.224382458446433,-7.877215051566074,4.816817368112814,15.861389390908895,8.74575438317475,18.62915500334228,-50.07016282625696,-50.333452213480456,-9.806008000769408,-9.685012900907706,-9.683213039430466,-10.156338405230585,-10.351267619353528,-10.844129325200543,-10.73963903375077,-10.24399260334703,-9.070737855173723,-7.914300596220954,-6.762946482075981,-5.611722230030614,-4.7717543142327,-4.14671606459207,-3.717395232717543,-3.3679991255750714,-3.4369400044839615,-3.444800908748802,-3.9008381297341805,-4.3626665283606485,-4.82181222366193,-5.493694361808724,-5.678341236939303,-5.927824342831508,-5.707329092032772,-5.131295064483074,-49.82192721052301,-3.785762733888804,-3.127260482977257,-2.740603580730086,-2.1480883385755867,-2.137190533300677,-2.1334663497743507,-2.1975881809031703,-2.5853549442711317,-2.9978682969722144,-3.5815367283983743,-4.123390602062281,-4.833547190943166,-5.135631553323034,-5.225707531582709,-4.692764102883068,-4.133524177264674,-3.493868417802359,-2.8375910736064585,-2.167311185901741,-1.7407894812335116,-1.54492490327259,-1.6090555873258918,-1.612924083512589,-1.9997455355008436,-2.539967888447388,-3.1756067053905475,-45.214618757049195,-55.38495199667952,-51.23521867032881,-55.38495199667952,-62.374652040039706,-50.07016282625696,-51.23521867032881,-56.35405212676008,-49.82192721052301,-59.36435208339989,-44.31285230020084,-1.547200349018467,-1.8828283723448687,-2.2005076751015022,-3.0124814121814953,-3.6844186192041994,-4.539668138572159,-5.083417380973792,-5.290850966612561,-4.994254855979632,-4.2097138391971205,-3.7651365538302435,-3.219952122580932,-2.5987098908220316,-2.3428354601053445,-2.262310668684038,-2.43051260287857,-2.869908297726853,-3.201251253709997,-3.8546309480626113,-4.5431876402438895,-5.270804407078485,-5.8686145757955295,-6.23719540194926,-6.006304104809249,-5.795836194545783,-5.681259936142691,-44.24551854517797,-5.115731629270543,-4.802818100150613,-4.981999319425353,-5.2172172359453555,-5.48663784055039,-5.833656690438706,-6.39839128658962,-6.880437718957127,-7.484803871201688,-7.855038563460717,-8.14229131867083,-8.160455751483946,-8.174615915042606,-8.069870291468584,-8.02109857867826,-8.197178768968088,-7.84414586765711,-8.153023222302258,-7.880053487166455,-7.9607645984707585,-7.825685153997478,-7.903242502182366,-7.867773993245828,-8.022182721869772,-8.432359921886023,-8.99530993463617,-46.811627253883195,-48.22491843253363,-62.374652040039706,-55.38495199667952,-51.23521867032881
-42.36298250602754,13.934635562376789,-44.72870228479688,-55.37328238302854,-48.38358220693698,-56.3423825131091,-6.4163835363616535,-6.728586728346069,-7.06558696386875,-7.654748176198059,-7.818116090740444,-7.851368366180162,-7.495320543540687,-6.909007879085674,-6.144865489882321,-5.446148344977141,-4.82472441586566,-4.410684017104448,-4.241177867119549,-4.202950154533134,-4.432563184516951,-4.636465729276325,-5.22333336178543,-5.712569241337286,-6.3886083934298,-6.675510666679708,-6.64541673770759,-6.163101248789905,-5.373342973491104,-4.697716087914002,-4.125411357728751,-3.5643199384750606,-44.30118268654985,-3.115301637786689,-3.2180173420030704,-3.63239950178409,-3.9356107781294862,-4.8274276857894876,-5.613269486132597,-6.270155285172181,-6.920751434664492,-6.723238223639925,-6.2037974554047794,-5.504195279895779,-4.826340000937521,-4.107312813323521,-3.6439559959569543,-3.2041900703663693,-3.207796694640532,-3.41843714235841,-3.711960658943407,-4.289059814367772,-5.102030122247989,-6.3628751208195355,-7.492023185738779,-8.381046680508549,-8.788970413937388,-8.21214697797198,-7.3923996920700565,-51.22354905647193,-52.36298262548577,-56.3423825131091,-59.35268246974891,-47.31148264318966,-59.35268246974891,-59.35268246974891,-42.10992391148111,-55.37328238302854,-47.04819321692753,-48.38358241930717,-10.606705151147446,-11.999089317138248,-11.71088394659684,-10.706829873253653,-9.455137351582803,-8.378790176182203,-7.484870081242587,-6.78721287457599,-6.333434365808235,-6.12105913817802,-6.485558818997285,-6.986579502284505,-7.6659404794520745,-8.846101594165944,-10.404152122074157,-12.986349335608702,-15.359666746346006,-16.47466503771528,-15.27537520708271,-13.539957666747158,-11.437039176023855,-9.80145982222229,-9.015028289724041,-8.223784910002715,-7.84289376945848,-8.075901454625617,-51.22354905647193,-9.269704999429102,-9.997483712802588,-11.739682674040674,-14.298130064080715,-17.281053083488697,-21.49760455704679,-23.283497250790898,-18.8984747480981,-15.268840833312536,-13.067566939979091,-11.971142268519117,-11.07253186644104,-10.748553828148221,-10.942969298457179,-11.5480692224605,-12.614873151019555,-13.843798035142107,-16.396351453250425,-20.159547573620156,-26.497109656825273,-50.05849321260598,-28.443051679570534,-22.157297848421322,-19.411711505718362,-17.615431165842413,-16.764394711588373,-49.35268246974891,-62.362982426388726,-2.6263432906055533,-7.212712995376641,-7.865545544435318,4.828486831182606,15.87305923802711,8.757423792689556,18.640824802099004,-50.05849321260598,-51.22354905647193,-10.684317392883756,-10.960385511915794,-11.231541015391855,-11.58665133702609,-11.93762092335502,-11.488540260807582,-10.635493868446774,-9.359614669068069,-7.935676946036551,-6.670636582411622,-5.655756494435642,-4.913828093382609,-4.249343885057703,-3.83500585430242,-3.59806752147001,-3.6541642961070293,-3.9617581416421,-4.206773212189058,-4.783422468969087,-5.30160190636507,-5.7234681976392645,-6.118005895870281,-5.947239924255974,-5.59815017336101,-4.891779067089655,-4.394187762475369,-43.729753852457726,-3.1040367897377807,-2.5395463282535835,-2.3566770279826246,-2.082657346490799,-2.2325320387215526,-2.328872634726441,-2.637857396836945,-3.1075464119652425,-3.663382461939201,-4.2912799746962635,-4.875196831868662,-5.192230175208547,-5.063037590411481,-4.782368467751146,-4.2129198621998025,-3.563420764374363,-2.750570883525829,-2.3126149134640808,-1.8889484819979752,-1.5729910324960512,-1.509898382387844,-1.6783149333266223,-1.9560335912824072,-2.456233858290332,-3.1669303426888624,-3.911294726311204,-49.35268246974891,-47.739002332975566,-55.37328238302854,-59.35268246974891,-47.04819321692753,-45.37328210429266,-49.810257596574615,-44.50968415243839,-56.3423825131091,-50.05849321260598,-45.12022346742246,-1.6057430273781514,-2.1370617176068967,-2.750760985347009,-3.570802215058496,-4.230129188639017,-4.94292284017595,-5.130815634917436,-4.9916206198149355,-4.533149387781431,-3.956941306088015,-3.2241552666968456,-2.713633918221619,-2.4017552568689053,-2.2289803550122587,-2.284199653863786,-2.398706632773655,-2.938645616718229,-3.3515284445727427,-4.203208855440367,-4.8475356241890175,-5.556056469363994,-6.034109110744657,-6.049823442077472,-6.064678214830533,-5.799527482228227,-5.317085187408371,-42.192648905774604,-4.847912752510317,-4.789067503055095,-4.970479614007454,-5.023622715742729,-5.5777984882968035,-6.038197181990963,-6.500429797343438,-7.019611121647349,-7.423093276947918,-7.790690414665987,-8.015745334276803,-8.131162707259316,-8.09419559667375,-8.140466703218584,-7.96118326478293,-7.923581334798319,-7.952995102300104,-7.8709761023685845,-7.886364335417184,-7.770716398015854,-7.8511839507699035,-7.906240284915117,-7.8908282251885105,-8.202155508382354,-8.413809700821384,-8.93076811510307,-45.202949143192306,-55.37328238302854,-55.37328238302854,-52.36298262548577,-49.35268246974891
-50.0852465595987,13.907882262039086,-56.369135860101814,-45.400035863162074,-49.379435816741626,-46.26189728736751,-6.632016990226885,-6.724830507524183,-7.184468315045297,-7.5532782092322766,-7.814656019727627,-7.744929792594651,-7.381527453467042,-6.824346801585426,-6.168663082499921,-5.433920892882221,-4.893964787249297,-4.496270083498509,-4.318168548372682,-4.286194066158317,-4.446884520816912,-4.699147117685176,-5.100616912887311,-5.739407599368737,-6.259514653020436,-6.512244644742344,-6.584808459911229,-6.185772599165979,-5.468628432023907,-4.826037366614498,-4.24134265954235,-3.563460141002559,-46.70771831680746,-3.1100353912701744,-3.3024306760364377,-3.5104754724613825,-3.859735939094219,-4.6474137136605345,-5.482743632538007,-6.085335184757322,-6.7679376350070255,-6.667515707641387,-6.267408694587429,-5.646333506868151,-4.983945936566755,-4.2750443278051184,-3.738547569853785,-3.265633786141997,-3.1156576270793304,-3.4211902242055126,-3.584223686998941,-4.095797119333204,-4.8856242701816015,-6.032466171252478,-7.188176719947253,-8.071773299407234,-8.622469939888049,-8.385323114862189,-7.733885151663773,-55.40003573002125,-47.07494664211795,-59.379435816741626,-52.38973557367021,-45.85761041372663,-56.369135860101814,-56.369135860101814,-53.358835903462,-51.25030209668904,-56.369135860101814,-48.240002421693276,-10.105937486217197,-11.593401504628645,-11.817336096290795,-11.264959026397623,-10.23386257429556,-9.091995622362417,-7.998019937047766,-7.253458715887698,-6.637568327782827,-6.270336842279755,-6.450741758157292,-6.832444769204785,-7.300225778623118,-8.18534258434411,-9.589304278249477,-11.738571625182988,-14.089112594153317,-16.575245875886186,-16.445699906035824,-15.042697154367948,-12.785884200173061,-10.824668037233913,-9.782036216021018,-8.602233041892722,-8.137002727275142,-8.04903147399146,-55.40003573002125,-8.587876789719804,-9.297353337781127,-10.570785640346143,-12.732827989502375,-15.180125911205653,-19.222276570635678,-25.49132193001381,-23.270705886328386,-18.08221470928977,-15.070868161617959,-13.133057304355178,-11.759218409325031,-11.188934836295791,-10.780340774260992,-11.253477422890256,-11.926735777538354,-12.884480843920903,-15.005101324785908,-17.760666861225186,-21.765796571585728,-28.54261851557184,-36.82671081008884,-25.48688839142905,-21.246962997805937,-19.036160065926524,-17.667292540193845,-49.83701050044701,-13.700173918564678,-2.6530965236537867,-7.239466372569657,-7.892299079678034,4.80173345398959,15.846305624683321,8.730670820855794,18.61407129671203,-59.379435816741626,-52.38973557367021,-11.049176655187242,-11.28905969452948,-11.767828321559179,-12.274538802838862,-11.978296928474633,-11.490931827435888,-10.307876060048859,-8.925404141180444,-7.57833498710877,-6.301042948782282,-5.345124401350953,-4.616678686872208,-4.029578699613746,-3.730113152644987,-3.5369152572673195,-3.718072930194567,-4.006655208759289,-4.425157812378454,-4.955915957339754,-5.57673537873659,-5.9390515281943195,-6.211756747729153,-6.028739979883432,-5.447194543482636,-4.720107780415407,-4.038057453928575,-45.48777487799572,-2.705723507571445,-2.2177324900802606,-1.9331696753358918,-1.9211878958376882,-1.9270482176149264,-2.2094916341575828,-2.6720942147347566,-3.2911332161687934,-4.003233916628258,-4.728315343093435,-5.201780032761794,-5.423551153627838,-5.116560372373662,-4.5060152746014355,-3.8359376286849574,-2.9988986882926563,-2.3102064427935014,-1.7672411121056344,-1.4150247103819278,-1.241581543855064,-1.293798428612232,-1.5572187965184858,-2.036314947708323,-2.6291856523735873,-3.482687235314104,-4.284278662990061,-53.358835903462,-51.25030209668904,-56.369135860101814,-47.765755909168455,-48.41033560677657,-44.26060213526167,-62.38973577338144,-47.765755909168455,-52.38973557367021,-44.75545572297549,-48.41033560677657,-1.6089648187312364,-2.118764775510631,-2.8874067198781916,-3.7728865481237635,-4.638657672674242,-5.135242404334068,-5.1222924075013685,-4.786355825157904,-4.171529262829212,-3.5147780156011663,-2.7337304010918775,-2.2463367041554303,-2.0606764995354996,-1.962197486090237,-1.9870797886153762,-2.3002227756205826,-2.739516675709247,-3.512786514049261,-4.218023420710968,-5.047563940325121,-5.719878600661577,-6.1121355993038,-6.058031545070838,-5.790174796858244,-5.512190338203054,-4.918532499420727,-49.83701050044701,-4.435378136091352,-4.588911274631123,-4.715023453223228,-4.881737029464009,-5.410941634551926,-6.0762622217724696,-6.555514911612386,-7.231831436382467,-7.538145709769073,-7.931048108089663,-7.969628318641075,-8.160129378370854,-7.944213426398756,-7.824618101493273,-7.62610120755914,-7.539097499749968,-7.754135047907721,-7.598735349939587,-7.6056724543713194,-7.747076240609339,-7.918388194349139,-8.069090627607507,-8.065414927616182,-8.344066859477064,-8.491238291735613,-8.70790865788213,-46.26189728736751,-52.38973557367021,-46.826710543807195,-56.369135860101814,-52.38973557367021
-50.371284193948426,13.8851340873111,-55.422783977147475,-53.38158415058824,-49.402184063867864,-62.41248402050766,-6.718686307917775,-7.102372392966705,-7.405934995142072,-7.812335641248916,-7.910162653140364,-7.774001915535628,-7.188954626958637,-6.577095878406851,-5.92455308837942,-5.35104393763632,-4.771844125260406,-4.44971103031925,-4.516423032470563,-4.610686737418141,-4.908472452244176,-5.248902644404472,-5.743328057588334,-6.216605167443724,-6.651916692110074,-6.675762879679694,-6.230987982868422,-5.518543208395025,-4.797159339077112,-4.2572314766889905,-3.781272333807401,-3.397415796862664,-56.39188410722805,-3.4076712513920464,-3.8317764219120076,-4.266851870104592,-4.9864265743228735,-5.872789334631893,-6.424611679255778,-6.7344006826272205,-6.517221231088923,-5.917801191875181,-4.990434766639524,-4.275626934050816,-3.857958857060071,-3.423741142280139,-3.331227723673594,-3.2631057471928857,-3.5165930219454933,-4.282729282592485,-4.952092311802685,-5.929430707468754,-6.984366830118961,-7.885467428792317,-8.48261462290282,-7.998219248233446,-7.3903985052088945,-6.1701477001182266,-5.297279753412224,-50.10799480672493,-46.39188370675812,-62.41248402050766,-50.10799480672493,-50.10799480672493,-59.402184063867864,-62.41248402050766,-56.39188410722805,-46.849458567868226,-50.10799480672493,-50.10799480672493,-11.016054141682673,-10.038429131462452,-8.309470432639698,-7.2710461260156425,-6.574219019918087,-6.27997655210752,-6.124866597319914,-6.325672884328265,-6.7033554509031195,-7.316426753161277,-8.556778655988433,-10.362931827597844,-12.094845460172298,-14.088353104171933,-15.56223648671667,-15.066325629033248,-13.077813586961803,-11.18505151806879,-9.358003073788536,-8.721476188810822,-7.849886779271542,-7.609869853964386,-7.920833074101829,-8.114767194539114,-8.893651984303446,-10.481015072430672,-49.402184063867864,-14.980993654053698,-18.262750577765942,-21.573159749288916,-20.446577502509655,-15.858601987693064,-13.327097726636248,-11.85392469020359,-10.31706557043998,-10.198863741051813,-9.987442261173532,-10.299008995927153,-10.842966509806253,-11.866889710820704,-13.869180673929318,-17.000687137766285,-21.69072091215616,-31.035778396327277,-29.5344666001011,-21.676033901579803,-18.11415375249112,-16.355124947389857,-15.203121947226695,-15.044297685810584,-15.296773402764911,-16.040590090131005,-17.381389540547538,-45.16972514819226,-51.273050189385515,-2.6758449440218453,-7.26221444399145,-7.9150473232445195,4.778985382567798,15.823557393106718,8.707922906827644,18.591323301508098,-49.402184063867864,-55.422783977147475,-10.027356516816933,-9.03779155397928,-8.399581732553001,-7.994590133440295,-7.910116079130875,-7.9871690544716145,-8.230366165204979,-8.746760171820355,-9.122290488217097,-9.388806575949442,-9.000414784791214,-8.150462917474382,-7.051636348773073,-5.933570787341452,-4.859583001802808,-4.120050837118738,-3.5240867916335428,-3.0645914463324275,-2.800172285374702,-2.989778800588489,-3.047039824047379,-3.52386273053759,-4.070503064691121,-4.743472526594842,-5.305988685721711,-5.842489942966358,-51.273050189385515,-5.534110082714355,-4.811419196906196,-3.9505483117678573,-3.3661070798770742,-2.552680461409093,-2.1215292620263044,-1.8425021074105015,-1.6865996216233212,-1.8670388205962987,-2.174775695270204,-2.632574495633149,-3.297301977955462,-4.092379422895539,-4.762022773406881,-5.349873577339386,-5.409722535098874,-4.924612789464175,-4.136898283595245,-3.3342444089698238,-2.5590275706721863,-1.8529469071324454,-1.4280094177452616,-1.1645734149073155,-1.195638158561768,-1.4854143053243596,-1.975207569134043,-47.360984237308614,-47.360984237308614,-55.422783977147475,-55.422783977147475,-55.422783977147475,-49.85975852450804,-50.10799480672493,-52.41248362003775,-45.88035843778766,-62.41248402050766,-55.422783977147475,-1.1387631526031394,-1.1908991045704285,-1.6089576474124645,-2.0259804213068633,-2.7330329369450683,-3.5854800331214935,-4.370680758780162,-5.048630444354356,-5.21903000727415,-5.013399796021375,-4.2470222191746405,-3.5540678799393155,-2.9805227923270863,-2.581776409513385,-2.1892728277570535,-2.0715600372585747,-2.2380767419671765,-2.6882891252905483,-3.2497871025639844,-4.040710608454649,-4.828058792776433,-5.571196884948274,-6.108246092240047,-6.391775612126668,-6.335050024875901,-5.923402332668899,-45.42278379026152,-4.97650810233845,-4.913730529604397,-4.739292012189822,-4.796655451280818,-5.152241430894487,-5.624369268953936,-6.247214135679479,-6.762227655326772,-7.380994222019669,-7.93191690473745,-8.105977967623424,-8.270072850780874,-8.218461630560448,-8.212183638256334,-7.854521999125343,-7.714602447825766,-7.860623650964279,-7.763104765179185,-7.775315680417904,-7.8672669317891,-7.9101006855784926,-8.015842075652058,-8.205452628964501,-8.279285422897956,-8.4330665215741,-8.735124139053612,-40.79880355626009,-50.10799480672493,-43.77925536444422,-55.422783977147475,-62.41248402050766
-45.16580142938645,13.889057549056687,-52.40855990133318,-62.40856030162222,-62.40856030162222,-55.41886025826203,-6.969902676219412,-7.38647468933019,-7.417823234269701,-7.762085381825403,-7.803641295078846,-7.801114848030285,-7.308676437606296,-6.779104214066222,-6.075229442683122,-5.258611317738025,-4.949306675400104,-4.748203842526266,-4.579958366420682,-4.648119012944334,-4.992365061301466,-5.375973086839348,-6.025405117438934,-6.368266358520743,-6.573069988344193,-6.597612250723378,-6.093128465425296,-5.5024176645403875,-4.91948126199236,-4.187455330038848,-3.7601281026516347,-3.545226794332814,-53.37766043170279,-3.5734790442853854,-3.8587505585861943,-4.427954699085293,-5.113397374062657,-5.873878556325303,-6.439512068284456,-6.783240881113462,-6.462027695496277,-5.9754353453005375,-5.074083765348448,-4.475036505782418,-3.7535407380054977,-3.406719483303852,-3.3210031659972743,-3.3994620829098277,-3.887513023356349,-4.2498619350934,-5.264022339488989,-6.296458926580611,-7.153188703138262,-8.05457680106023,-8.19204424895374,-7.807101887780023,-7.038206427413854,-6.277650836266265,-5.507929260127212,-52.40855990133318,-13.545955194592995,-52.86613476246337,-51.26912647063919,-49.855834805823555,-52.86613476246337,-55.41886025826203,-52.86613476246337,-56.387960388342606,-53.37766043170279,-49.398260344982404,-10.58301590077278,-9.518359771348049,-8.414419450887006,-7.484686821206637,-6.662402921856655,-6.221261605386966,-5.969565070963487,-6.20976272842541,-6.687689269873357,-7.6935017714133185,-8.691787323609892,-10.43848528085941,-12.598805452350597,-15.161706534594256,-15.998879392389929,-14.140235202663963,-12.501088495309887,-10.586554214214592,-9.542873052494961,-8.547603506229624,-7.980565359229744,-7.814560221831117,-7.800648971394151,-8.494656653191488,-9.493429071225792,-10.779184580050789,-48.42916048176122,-15.35248895651176,-19.7253552046271,-22.69116453998702,-18.597590056854468,-15.49624204068191,-13.212497706552726,-11.457250353207547,-10.470359808588936,-9.924291051380228,-9.859962767492554,-10.161546428415246,-11.282476826939927,-12.540843051947888,-14.865917963777237,-17.66057195979617,-22.51228272153293,-37.132261328542874,-27.93077992125972,-20.8780371968583,-17.825204216048398,-16.13613105166148,-15.20779488228567,-14.865306206220279,-15.30975772689625,-16.22766090675202,-17.137677522095775,-52.40855990133318,-56.387960388342606,-2.67192089511062,-7.2582910830736305,-7.911123455011961,4.782908743485618,15.827480799427153,8.711846122867371,18.595246997585736,-55.41886025826203,-62.40856030162222,-10.3024324015659,-9.297551438640776,-8.48797787727063,-8.047411116528263,-7.749544309340305,-7.751148756537891,-8.060157842428195,-8.50053375582606,-8.936099537232236,-9.09621113051165,-8.966642389334488,-8.326398183321722,-7.354753808567836,-6.163006413735337,-5.178932117857187,-4.204279348169697,-3.668092865484934,-3.0504051126796656,-2.921902790328763,-2.8470441086187908,-2.919728691886317,-3.2947574608277748,-3.7626428500776776,-4.5344022207121295,-5.1644574867307735,-5.728113562249225,-43.270421924232274,-5.617971449151704,-4.9874624436124275,-4.341165814776088,-3.2857654601796664,-2.84556434057079,-2.202275185111477,-1.8458516888145944,-1.6680756650574557,-1.716361483878575,-1.962609870263172,-2.4824373647139715,-3.128187901341456,-3.832262572862623,-4.714004187352821,-5.22197412074484,-5.464526301193383,-5.075519726058777,-4.320585132348854,-3.3700886169793227,-2.5336629211855666,-1.8813286677718712,-1.5372047305149894,-1.1691426669260339,-1.190356376360664,-1.3784570718188878,-1.7921888003415583,-45.41886007146048,-50.104071087839486,-41.58070696235687,-52.40855990133318,-45.87643471910318,-49.398260344982404,-47.35706051842317,-47.093771209687716,-49.855834805823555,-48.2588270785096,-40.765032091060604,-1.116802921798961,-1.2420013098528169,-1.356467129595421,-1.9333001706494808,-2.5745668503288686,-3.542857510973583,-4.388757389255514,-5.029179505704482,-5.232945158444932,-4.847100076343977,-4.411978068053452,-3.69042090981044,-2.906470288567409,-2.434469420287101,-2.1905002887374985,-2.098011852433559,-2.3699587790715784,-2.59372219702294,-3.1859519938320884,-3.944496125488046,-4.664237339415079,-5.388324023020566,-6.185901913892459,-6.296150638525888,-6.092610942636105,-5.979841076643872,-47.093771209687716,-5.043559887781274,-4.615446130746353,-4.6986488877178285,-4.884195835126015,-5.09892192053227,-5.6107120978647,-6.2077725905080525,-6.7767289010760265,-7.6082033510655265,-8.068734733144504,-8.419824181330146,-8.16430147751759,-8.034463561149632,-8.016465421487556,-7.894933780082414,-7.949017482639085,-7.6184390761838605,-7.896085584079332,-7.97992285623015,-8.06974248622365,-8.01116085225067,-7.996748290242927,-8.169207291251805,-8.32806108734901,-8.638231124344472,-9.003305987555045,-48.42916005478622,-47.78458055268385,-47.78458055268385,-52.40855990133318,-56.387960388342606
-49.848545488575525,13.896347334307706,-49.848545488575525,-46.2734322758988,-47.77729089774438,-49.390970805165026,-7.006244411926966,-7.298810797390956,-7.619055707656035,-7.839903861247067,-8.11742821144906,-7.802567977156079,-7.212013895289813,-6.649565663564793,-5.960096396340844,-5.435252483303122,-5.001743855447838,-4.830440112554381,-4.712781971895657,-4.892470626577099,-5.178050122162986,-5.598387049088425,-6.049802148587663,-6.5460207431380955,-6.720897191144889,-6.48074740234052,-6.146736333242529,-5.406283860903805,-4.801964837435484,-4.184969539514752,-3.834313829354988,-3.4979937505289134,-55.41157071844465,-3.6515557390155458,-4.219110641052096,-4.75383196755004,-5.432728609176108,-6.222506352554643,-6.7074263502295945,-6.665349480422585,-6.294488288175014,-5.591456038573841,-4.807516442714655,-4.124425080517822,-3.684082464987351,-3.395562442635198,-3.366355737157605,-3.5804333868128695,-3.9798172420199345,-4.821779025697101,-5.581824870689616,-6.647452344498489,-7.525574617014058,-8.228281434634695,-8.113122026176159,-7.52081443484474,-6.566086529037264,-5.7266483210479455,-5.0265139096994,-48.42187080840222,-49.390970805165026,-55.41157071844465,-51.261837084908294,-56.38067084852522,-50.0967815480221,-50.0967815480221,-55.41157071844465,-43.70895379870195,-62.40127076180484,-47.08648163059338,-9.934709345908487,-8.685549831164778,-7.603359001537214,-6.763138781389292,-6.3437180206080255,-6.038398374531749,-6.224642848601169,-6.706080403301034,-7.359961461100286,-8.559081314530271,-10.125565355757814,-12.088236838965734,-13.904743089495602,-15.32897669012941,-14.418770897183427,-12.828790806721845,-10.978315187535356,-9.684875480595881,-8.570840491333673,-8.082537227896783,-7.758611365276087,-7.9178411959433115,-8.464851709732942,-9.230901228391327,-10.40358153841489,-12.43435949264763,-47.08648163059338,-18.80196757848756,-21.312239639199298,-19.180732365362633,-15.579820291476452,-13.091475051266668,-11.569111918077962,-10.405418918548454,-9.922299048837322,-9.685897820241697,-10.095938798133306,-10.924878485263996,-12.26632572599123,-14.327205899000505,-17.042635617350722,-23.071462938481485,-41.432171042342965,-28.07959811863606,-20.27194085158328,-17.05770929220107,-15.584156037890207,-14.805347880087215,-15.121793341730017,-15.005547095107666,-15.832625899254978,-17.071562461504637,-19.035873004638294,-49.848545488575525,-50.360070935245595,-2.6646314450909268,-7.2510014987797735,-7.9038339615065265,4.790198327779475,15.834770359902972,8.719135421416297,18.60253614337107,-62.40127076180484,-51.261837084908294,-11.203302990435677,-9.839748217237332,-8.83304133717392,-8.024367247970552,-7.557346662121066,-7.1708593008810535,-7.240507233495289,-7.409171687645161,-7.863379640607082,-8.437672743289031,-8.671230979429069,-8.526500327720033,-8.05989497306844,-7.166342546892968,-6.044825100725518,-5.041690578462287,-4.142947663443514,-3.549508086609085,-3.026528316479062,-2.8086957287572405,-2.7254916057750487,-2.8867104072817056,-3.2505822788910743,-3.7949864174887686,-4.3971728508812795,-5.1408078166950535,-55.41157071844465,-5.796998962826071,-5.561430973211602,-4.9656555050893605,-4.155144860905745,-3.264785080729657,-2.718846596576064,-2.1319155139489516,-1.8124991274841182,-1.6520245527341084,-1.7972389972537561,-2.018750163160861,-2.580979316160974,-3.1815669260350834,-4.02214276310912,-4.77535500767742,-5.323764276851925,-5.301578953168963,-4.887171025311472,-4.098464110066279,-3.160996754530274,-2.3756321929435815,-1.7794947726541137,-1.320541284806374,-1.1735762167444925,-1.2468133671343036,-1.4378966410337721,-46.71925330494395,-47.08648163059338,-51.261837084908294,-48.42187080840222,-45.41157099841194,-46.71925330494395,-53.37037089188541,-51.261837084908294,-52.85884544521534,-52.85884544521534,-55.41157071844465,-1.2239687294741852,-1.136693591238174,-1.3659941826516875,-1.664102126575873,-2.3311841198346337,-3.0410572418952606,-3.9077152976573934,-4.660767962050836,-5.129267091324104,-5.155808641970068,-4.58004341209398,-3.8898800966761597,-3.29075548037876,-2.69623523307301,-2.2981865258466674,-2.1579825180329673,-2.140904634974277,-2.571646885706677,-2.9945077479911006,-3.6450736438371356,-4.536958299769653,-5.337191607342841,-5.939586859270313,-6.268668241704355,-6.349373456900821,-6.028325294528301,-56.38067084852522,-5.070735381941497,-5.01663599956332,-4.760257063125378,-4.87997933679737,-5.103890471112549,-5.70913466094015,-6.113285867921833,-6.723763095371396,-7.310307700007184,-7.8154358026213835,-8.210953876556983,-8.301990266165221,-8.129510878886471,-8.121867984359083,-8.064980006468037,-7.667131274276465,-7.745523819634647,-7.762669367551901,-8.011861914975324,-8.076773240319184,-8.153352290834942,-8.169205484827863,-8.372245808024076,-8.572567089913056,-8.603702685616609,-8.8877532292149,-62.40127076180484,-50.360070935245595,-48.2515374102868,-55.41157071844465,-52.85884544521534
-45.10215589530059,13.952703650522135,-55.35521454794829,-55.35521454794829,-51.20548106824011,-55.35521454794829,-7.050893522102294,-7.260721831351996,-7.323034361770646,-7.629063924245391,-7.813979571143851,-7.942595523320052,-7.572934882749052,-7.132631494563602,-6.527624476572508,-5.856534861274386,-5.494164718789097,-5.057725183083354,-4.681976077960809,-4.541561130166456,-4.729086078173927,-5.004152333774108,-5.367173972714799,-5.812316358280507,-6.156435254461908,-6.565805124576548,-6.491695004188731,-6.314033792408037,-5.937825057405374,-5.1891176523898155,-4.645995955362778,-4.126531747938974,-49.792189540275416,-3.5386478480212435,-3.4287371504690873,-3.5065631737083454,-3.9818695139357834,-4.371234585525927,-5.050156847607284,-5.780166274701517,-6.4377886975557805,-6.963942785163622,-6.846914828066245,-6.425980046263172,-5.587497669046808,-4.832085329558794,-4.2071706740130566,-3.882477631583532,-3.709395816730248,-3.517250823549995,-3.7612933731630758,-4.098392044291787,-4.637418056039751,-5.3748545759025355,-6.330834104289492,-7.362071058043444,-8.137949318018812,-8.855541133977127,-8.658067450098407,-59.33461463466867,-53.31401472138904,-55.35521454794829,-49.792189540275416,-50.04042537752574,-48.365514504588106,-53.31401472138904,-48.1951811116003,-50.04042537752574,-47.03012542088593,-52.34491459130848,-8.518891635559235,-10.003944979431454,-11.628082295339624,-12.546654737329055,-12.375203169935698,-11.259095616823165,-9.580388617787749,-8.552348962451552,-7.643456662392244,-7.223996737603064,-6.80330702521594,-6.66330806935214,-7.127194009309546,-7.723660627236033,-8.536726078174796,-9.466516585503154,-11.108847875657716,-13.268974137222354,-16.04104276185183,-17.196781529910467,-16.631903199866848,-14.682422503582977,-12.292036603591331,-10.900978444982455,-9.906352348641109,-9.01042152124022,-52.34491459130848,-8.378789342282925,-8.875266240427491,-9.503202602047251,-10.211517050717367,-11.973200303575071,-14.270917437627023,-17.44982955538044,-23.52479484503697,-28.087942531241378,-22.877936274558767,-17.79433332779256,-15.030235511813917,-13.28760338568535,-12.400995137195688,-11.804839588699492,-11.738502687534819,-12.413507243197282,-13.126593746004687,-14.625220048350416,-16.632019879402428,-19.47653428149486,-24.03710360447925,-32.572252606609375,-30.23638093815955,-25.293121958721734,-21.241375041229663,-50.04042537752574,-55.35521454794829,-2.6082755965694777,-7.194645172925157,-7.847477996635637,4.84655465363409,15.891126941925664,8.775491725428893,18.65889262409066,-49.33461463466867,-56.324314678028855,-13.091174813925635,-13.302629536368997,-13.325756796083239,-12.851014276497747,-11.631803149779493,-10.30738068808136,-8.7158506167142,-7.473870339660747,-6.364487380838074,-5.497528982291147,-4.947593449043018,-4.4378420880836895,-4.196148218482296,-4.180533178286772,-4.287262845811631,-4.659117911671525,-5.132374676079843,-5.666529632130308,-6.18682338758977,-6.430116782577672,-6.363643689213484,-5.918241729389483,-5.232132881467159,-4.528761015267208,-3.749971121499225,-3.0599317208297205,-62.34491459130848,-2.162862912908156,-1.9862164567140064,-2.024943831232508,-2.1097358195739564,-2.4869417569069774,-2.9881290216445606,-3.608256457690519,-4.285273498984489,-4.926074894047073,-5.3473695210704255,-5.405667211648567,-5.0172067189963965,-4.3274141026357125,-3.569335636239509,-2.774687492291981,-2.12365902603306,-1.6778321773363043,-1.326330870346931,-1.2118734304316274,-1.2820499258985598,-1.6103964226307546,-2.1083702700108726,-2.8116432843364425,-3.651488086176541,-4.370383211563668,-4.999211972136371,-47.72093461231891,-43.31401472138904,-49.33461463466867,-48.1951811116003,-46.66289735063853,-47.03012542088593,-52.34491459130848,-51.20548106824011,-55.35521454794829,-51.20548106824011,-48.365514504588106,-2.0686955040752153,-2.7666875562968753,-3.5820604353235725,-4.303110939891642,-4.920168964813517,-5.187537870556468,-4.828782973487819,-4.1826012411943525,-3.4861877914396104,-2.7332483688997744,-2.290685611733821,-1.9873163180674325,-1.7509730638464545,-1.7868782996633241,-2.026416626574635,-2.5968053830643334,-3.1581854235122493,-3.924785102902762,-4.609960776237364,-5.3626474594606135,-5.744118761725238,-5.836741092334506,-5.908562379546828,-5.328440052971038,-5.004152663574013,-4.638419254068193,-47.29341480810942,-4.315009753287899,-4.358408047704148,-4.656078330019216,-5.144603876647123,-5.466255584721252,-6.210132900540612,-6.8381682188342365,-7.315988939040242,-7.834299450887351,-8.11776901623329,-8.261208841037618,-7.874807983226663,-7.697039512587383,-7.601396834217464,-7.728053567129147,-7.585226087651883,-7.617935082460253,-7.8224797724030815,-8.023530826895898,-8.1412305916725,-8.05927422836364,-8.205717348076417,-8.4185783771949,-8.538280539029246,-8.875734982808636,-9.129158228486393,-55.35521454794829,-52.34491459130848,-59.33461463466867,-51.20548106824011,-49.33461463466867
-46.30577830872048,13.971239656341341,-48.346978016323845,-48.346978016323845,-52.783953149635714,-52.3263782220001,-7.201121334213889,-7.285395489623953,-7.684687767195955,-7.974545941028142,-8.218184101662686,-8.049553453143309,-7.61016065382754,-7.097112684172612,-6.376036820526134,-5.924615746602356,-5.380317292790791,-5.006584195111751,-4.841667838365665,-4.860253830332774,-4.930266799696262,-5.424018212410466,-5.732607857073368,-6.218871711347836,-6.676582772904242,-6.8884656409559,-6.702200325205144,-6.258728329103347,-5.680541095968231,-5.006817956205087,-4.383170879954231,-3.913972370775796,-45.083619065879894,-3.581994487722329,-3.8027674416861474,-4.052775746676448,-4.60332998730803,-5.257460084188889,-6.057536118386031,-6.626965023389369,-6.96886854909851,-6.817921134893881,-6.427953751743722,-5.725125839611371,-5.0032043806603,-4.332283043360477,-3.8241746661447937,-3.5997292300572807,-3.525007340786519,-3.9552814879538545,-4.151405186026441,-4.9233435917900525,-5.820495615613577,-6.952809418474411,-7.880294290652211,-8.709666430271387,-8.742879211756055,-8.217576789561038,-7.351152109480328,-50.021888809957574,-51.186944653179474,-50.021888809957574,-48.176644416942544,-56.30577811046069,-52.3263782220001,-51.186944653179474,-47.0115888144433,-52.3263782220001,-50.021888809957574,-59.316078067100506,-11.390445188944337,-12.168590632962367,-11.797131105412095,-10.550551157050903,-9.381517111370552,-8.409742034805896,-7.548323429856922,-6.944349281342909,-6.674738481568286,-6.650821092893931,-6.990258619878109,-7.738534254077351,-8.638081482000764,-9.916445099453494,-11.78143473151939,-13.977595003824401,-16.34044291072604,-17.150592725972636,-14.942060727374887,-13.033977395619871,-10.980655190078023,-9.78174339609719,-9.189371803480345,-8.452302016385087,-8.157361573708354,-8.480012907838145,-44.19724424380124,-9.761124454007824,-11.222332657180065,-13.173435033067928,-15.976167337315177,-19.989311357099176,-24.99440526004646,-22.34683762150556,-17.498070339079277,-15.040811452426976,-12.984424413098882,-11.993870148965957,-10.940035966902812,-10.792010164525973,-11.125576893592072,-12.182432967068289,-13.356708797167654,-14.96767552351381,-17.93984725039045,-22.260006702633603,-30.27975286913083,-30.40349185349205,-23.67830175215451,-20.26216726581088,-18.2853992230675,-17.221866464790214,-17.077226169582012,-62.32637802374032,-44.692097883014625,-2.5897385944238183,-7.176108789767976,-7.8289412583099995,4.865091036791273,15.909663249601323,8.79402863015367,18.677429198984797,-52.3263782220001,-50.28517819718107,-10.40223676239999,-10.265975944040118,-10.473648397783675,-10.83184672545862,-11.227860206681871,-11.355541311831276,-11.20498822774077,-10.452976030299128,-9.133547565939587,-7.9333037914987345,-6.733477764788961,-5.71832100087518,-4.796464812008362,-4.140833043259217,-3.6603567573632514,-3.6700743136872167,-3.6109173468305182,-3.7504240740853594,-4.023507561368567,-4.653141985855191,-5.238592603573852,-5.770642978398996,-6.286603208031083,-6.141587622137541,-5.759561114177181,-5.061542740528816,-56.30577811046069,-3.610128999121229,-2.93800952240624,-2.336047504745813,-2.1322859840011903,-1.8827331820014108,-1.9585489075321771,-2.150215092585123,-2.5486115888459833,-3.1907823340057764,-3.9750232950925075,-4.64039686326855,-5.276323877723962,-5.605981455110422,-5.337911548295981,-4.796004281391975,-3.8792897406621933,-3.032714724811463,-2.286252788297097,-1.8202104223646598,-1.3948938246867413,-1.2805342063719258,-1.2936995057690543,-1.677180900755568,-2.116565708036559,-2.800172528794093,-3.6234394864361095,-59.316078067100506,-51.186944653179474,-53.29547815382088,-59.316078067100506,-50.021888809957574,-46.644360997405265,-48.34697780484676,-43.18823971750534,-50.021888809957574,-44.47307974946972,-46.644360997405265,-1.4093814449387936,-1.7548918347158629,-2.497517216080368,-3.214007925806756,-4.142950718264389,-4.874529070544216,-5.197440477056922,-5.077780945267571,-4.524573284526437,-3.955363001804982,-3.1887424511851634,-2.641151885622865,-2.251012450607402,-2.03232515963022,-1.9109986315977951,-2.2883272694537524,-2.5653690866835266,-3.2897818646148314,-3.938863158258472,-4.803787758306211,-5.4168726035657455,-5.9766101175311785,-6.234597387644534,-5.994027013522362,-5.699913936886485,-5.177047947489141,-55.33667798038013,-4.603212176102596,-4.5705573289882,-4.691012656643162,-4.9646922283619555,-5.336738890695626,-6.026861637552729,-6.653655409583424,-7.281003705417092,-7.765314838092308,-8.120335595128102,-8.264707638461479,-8.351670901991104,-8.074999112910312,-7.89492198651719,-7.781435517636092,-7.751767695724373,-8.06274570964852,-7.899072780185906,-7.973908465822149,-8.213127493097941,-8.2987107018043,-8.573583959908339,-8.508190297908389,-8.826224814949114,-8.91005457423303,-9.078616390099759,-48.346978016323845,-50.021888809957574,-50.28517819718107,-62.32637802374032,-51.186944653179474
-47.65686586643753,14.016772164413302,-48.13111239187584,-62.280845618733764,-46.153007211880464,-49.27054566209395,-7.3414020743662345,-7.556601949307944,-7.766711752308736,-8.184675667665726,-8.247512351398552,-8.230525441668975,-7.893207503833062,-7.50956058088319,-6.807209688926427,-6.233553461961687,-5.715063177882205,-5.283881463211716,-5.077565514273745,-4.974298378142471,-5.188273496958652,-5.210784426767993,-5.7098184582861835,-5.979375028593825,-6.671060599910421,-6.984489101376888,-6.964970737248162,-6.7534702227146015,-6.051073070096516,-5.653711247164475,-4.968464572150529,-4.413891992318122,-39.35828471733738,-3.772153965885488,-3.7363278984282693,-4.025772994385734,-4.102588384305886,-4.858686164109463,-5.5056337603196965,-6.224294117039083,-6.829432725241016,-7.06222361504417,-6.955212522202897,-6.575019262152172,-5.9722363694016085,-5.300980023844525,-4.694171272984565,-3.9307287263333714,-3.7783479482940625,-3.724818243709102,-3.934572238444481,-4.195845816389754,-4.833183990357247,-5.664895485658646,-6.682329854105676,-7.713542190269768,-8.793825632524024,-9.209609598944247,-8.90615329737156,-52.280845224287376,-52.280845224287376,-46.26024531100776,-53.249945748814326,-62.280845618733764,-49.97635640495102,-52.280845224287376,-49.97635640495102,-55.29114557537358,-52.280845224287376,-47.65686586643753,-8.849261753129596,-10.661269037821068,-11.857453687978143,-12.575517079699763,-12.393963341836226,-11.399342855983228,-10.204044197854067,-8.996947567204991,-8.075545358989785,-7.1138001196127485,-7.082250727518826,-7.201180799960109,-7.28561064149889,-7.801253513465998,-8.735612570162095,-9.925232717167225,-11.817923419841318,-13.809994962821904,-15.977686071887891,-17.929890746998097,-16.480039038511272,-14.572546137660767,-12.900404256719886,-11.081526587208872,-9.719973189084852,-9.46676207325258,-52.73842008606675,-8.866223198508811,-8.877098325392126,-9.597758019540453,-10.645982056033173,-11.979505504998812,-14.036072803093305,-17.53868303903539,-22.58435704768798,-31.44223784094762,-24.01103201343949,-18.375026883083493,-15.348062010646707,-13.421581976767953,-12.536834009831402,-12.234536960996929,-12.323396869304336,-12.208063335018313,-13.486789658980934,-14.896449302842695,-16.77306066809077,-19.65111676882133,-24.043495546914837,-32.48536196265529,-31.05868668219621,-24.81139167704596,-21.576033918377057,-52.73842008606675,-51.1414117922451,-2.5442067015818233,-7.13057605035563,-7.783408725670986,4.910623776203618,15.955195638655333,8.839560757893377,18.722961367054577,-50.239645792174514,-52.280845224287376,-13.28740184164684,-13.657981101233567,-13.677166210965572,-13.096243549295385,-11.993018636419794,-10.448147041370717,-9.162035898588549,-7.831392974316951,-6.706675732218848,-5.6521720897321215,-5.049171157763297,-4.586444450058896,-4.308710528159101,-4.282700337934683,-4.408508317646067,-4.744754877474883,-5.270824863873976,-5.634980509105507,-6.3464563383151535,-6.6781318513285415,-6.5471855468666105,-6.1624978902685825,-5.489747543000631,-4.717733865242703,-3.8372356329875212,-3.284862158067538,-52.280845224287376,-2.3175328873936225,-2.048312578695993,-2.054376477282195,-2.1129180943353196,-2.531447458838741,-2.9760164431660563,-3.634874492997393,-4.3151019655274245,-5.121939725120047,-5.5727302832439465,-5.6849824522801296,-5.297534497247995,-4.510857485475482,-3.7521617290774847,-2.902889359999243,-2.3100893911035887,-1.6143631911579537,-1.4717970808973646,-1.2917098329402212,-1.3410493864406803,-1.619286476209949,-2.1739928012371683,-2.8131946476482894,-3.700041792751538,-4.551727420379707,-5.316888520877175,-47.65686586643753,-45.29114583833784,-52.73842008606675,-56.26024570545414,-55.29114557537358,-55.29114557537358,-49.97635640495102,-46.966056525653634,-49.27054566209395,-48.301445374234824,-53.249945748814326,-1.9822940794726187,-2.80719443497562,-3.6414701180798357,-4.544436211056456,-5.0846414003491365,-5.287629458712625,-4.88463994149712,-4.2877573904640975,-3.584134808957968,-2.8688926147543627,-2.2672127232296386,-1.9134949905668504,-1.8029509505894605,-1.8832751989821848,-2.174776832853394,-2.434973987168124,-3.1469198109022005,-3.805254586333268,-4.771559687875579,-5.513607946201068,-6.023071724783632,-6.204151107156094,-5.854884926826202,-5.65994757792715,-5.172828640253329,-4.765091011026519,-45.291145391298585,-4.360011483568886,-4.499651367364754,-4.752174699479623,-5.029099108220109,-5.723124287743313,-6.375860008837013,-7.102001511616649,-7.663624925179764,-8.086443351431436,-8.276605453608108,-8.445833541324642,-8.371318174594148,-8.184320451133287,-8.042622256174845,-7.653243181619888,-7.796101598490287,-7.881931726451631,-8.107241810286684,-8.197818565877327,-8.350132272667633,-8.565715441578952,-8.820348978612063,-8.777105251185258,-9.228493426475712,-9.228944844661,-9.503195249151494,-59.27054566209395,-51.1414117922451,-46.966056525653634,-56.26024570545414,-59.27054566209395
-45.054639937278864,14.000219360909718,-49.992909332510564,-46.27679883061309,-55.307698502933114,-55.307698502933114,-7.5726276188898165,-7.781836731918212,-7.915758035404547,-8.318137475804852,-8.263087137385746,-8.294402307182159,-7.9395124155090455,-7.2288860695528925,-6.818999458854217,-6.158716183248309,-5.605904239455347,-5.370295263037306,-5.233686225187373,-5.107103437987791,-5.374129876781264,-5.663546278752223,-6.095579542975361,-6.4486496693276365,-6.755075909073255,-7.009349460514467,-6.944330696092175,-6.363507746164647,-5.841633488319243,-5.152189938132025,-4.656385025825432,-4.136139807247605,-48.31799853861269,-3.8465115096441655,-4.003524219679938,-4.294648720947661,-4.757678298976806,-5.480961630744029,-6.146360957090686,-6.897083640124089,-7.179567343991613,-7.099748488952139,-6.47334420588609,-5.760161191370473,-4.993775762217743,-4.479665068934971,-4.031402972210978,-3.791756797840376,-3.7303208871551585,-3.99276931998539,-4.42877022180618,-5.088779925601812,-6.031613378119994,-7.088831113038699,-7.997857823295023,-8.709810071917094,-8.728042502509176,-8.376587267915356,-7.4894987356107645,-47.673418453740865,-55.307698502933114,-59.28709858965349,-52.297398743892714,-49.28709858965349,-56.27679863301368,-43.266498676373864,-49.992909332510564,-48.14766493991883,-56.27679863301368,-45.054639937278864,-11.443457691028796,-12.286121420934853,-12.051680024600927,-10.8073642410166,-9.5377010571119,-8.544604282207082,-7.5970445372646465,-7.073882158427095,-6.822876312545292,-6.775524153221406,-7.163824215240556,-7.794522304867735,-8.847584510299825,-10.321147768671787,-12.197920380617,-14.127036536129765,-16.346406336295466,-17.064486999744357,-15.28379146432483,-13.223284747339042,-11.226350731851474,-10.017812054999407,-9.298209193266345,-8.600918029114132,-8.493893252906602,-8.851805492491073,-43.664169972157154,-10.076349471324058,-11.221060223172666,-13.393747240977547,-15.963421042973188,-20.779104851094527,-26.146318964281644,-22.78159482856543,-18.08514452829487,-15.143884073817713,-13.285977063434494,-12.137601442626977,-11.109033095999152,-10.988884137778243,-11.336018729462992,-12.254184775859716,-13.556931569258238,-15.17426927991815,-18.224169465163868,-22.166497481912486,-29.82012011256929,-29.720612919145108,-23.441525077316125,-19.88467367415437,-18.15418424317062,-17.566180163401615,-17.27244442893743,-59.28709858965349,-49.28709858965349,-2.5607592469573737,-7.147129296141882,-7.799961591439267,4.894070530417366,15.938642631265434,8.823008176923794,18.706408669734643,-49.74467371481515,-49.74467371481515,-10.520735114615166,-10.40530367184063,-10.498894326501995,-10.741214494394846,-11.189616707480084,-11.391009498168959,-11.141293299028705,-10.457017722074776,-9.225648176509697,-8.035377670574098,-6.828013328496421,-5.788449215698737,-4.867744878464697,-4.221506967421535,-3.6733532079483178,-3.6162114365532894,-3.6660922182839473,-3.7452547444876694,-4.072030362970029,-4.6157776942301005,-5.187226530228663,-5.793497719437905,-6.149807620485578,-6.242828770385329,-5.9094622427793775,-5.291745760239543,-48.317998327839994,-3.6170171867196457,-2.933985355995117,-2.3833962617132025,-2.0439053661992945,-1.8807993295742411,-1.9269242616826552,-2.122019569545946,-2.519518186781007,-3.161077029047835,-3.892015649925326,-4.658291617555929,-5.334603845058476,-5.664498946784261,-5.482733666817714,-4.810108166331916,-3.9262508083777674,-3.054766142047617,-2.279693710803533,-1.7429535959506968,-1.3474739520367915,-1.2275214943945358,-1.300640380589644,-1.5849869374113734,-2.113618600457251,-2.791939262193698,-3.6162112487697873,-46.27679883061309,-62.2973985462933,-13.990647608056758,-62.2973985462933,-52.297398743892714,-55.307698502933114,-49.28709858965349,-51.15796517522448,-42.12706502663921,-59.28709858965349,-49.992909332510564,-1.3293927388012428,-1.7819453017751232,-2.3999731920667036,-3.1771508611079593,-3.9873437910324223,-4.823326867339246,-5.234488948975625,-5.10168280326684,-4.655001808779701,-3.919835463752243,-3.1908771592299425,-2.535320787760291,-2.209609103604799,-1.9566954505356215,-1.9620791511324518,-2.1924781483544544,-2.6497643211935906,-3.165317663638954,-3.9803638897187916,-4.805525487943375,-5.581227886579776,-6.155125195515381,-6.383936225550712,-6.146771849200679,-5.786392487962893,-5.335564925294854,-52.297398743892714,-4.750476180366624,-4.65013192126262,-4.723301605303701,-4.904634683204725,-5.497989118526142,-6.0632515546718935,-6.842718960582488,-7.484119253591144,-8.175482292558623,-8.413029321062336,-8.565335034550882,-8.411981761858287,-8.397767819957325,-8.130910201163672,-7.963412844078064,-7.847821097881875,-7.983036845268233,-8.11859795011753,-8.119958545773168,-8.394319184590131,-8.627494465503906,-8.791565844223697,-8.951072110433993,-9.03164375195198,-9.33458671657903,-9.52171859487976,-56.27679863301368,-59.28709858965349,-43.266498676373864,-59.28709858965349,-49.28709858965349
-56.281610852708184,13.995407629116093,-62.3022107659878,-49.997721552205064,-47.250710982788746,-43.97712163892544,-7.659551431507605,-7.851137178424836,-8.111877592276265,-8.19489367419303,-8.407218577034847,-8.285138850433537,-7.893670882633998,-7.351487532532554,-6.594948718668895,-6.09150792728371,-5.693309452584632,-5.379136059352387,-5.250349644772616,-5.293426330921113,-5.432480552039967,-5.717431659986103,-6.2608900845255056,-6.614035454735144,-7.0782247458776615,-7.0130439070591155,-6.7881867895598935,-6.199847847156056,-5.594540026777884,-5.06913204401237,-4.4812339156451655,-4.121945716811928,-43.609893586489655,-3.8983834040618266,-4.242446999902207,-4.641973229157651,-5.105815899926962,-5.953882711395524,-6.562072005295684,-7.021159188348028,-7.13060822657884,-6.693524048835342,-5.942902142919204,-5.268179542974448,-4.61528186621366,-4.138756648656661,-3.8525145707032387,-3.7970592822062423,-3.914821205210522,-4.355434954856104,-4.858967823336295,-5.7063478035971915,-6.538497813872509,-7.8222472723188226,-8.563367018353556,-8.895291390141303,-8.47597142774356,-7.507882987932247,-6.569014789304126,-56.281610852708184,-56.281610852708184,-52.75978589127113,-50.26101093942856,-52.302210963696716,-53.27131089606837,-55.312510722627614,-62.3022107659878,-48.15247715954314,-49.291910809347996,-51.16277739500322,-12.090276670780092,-11.714155742097637,-10.389237773313605,-9.139109760436906,-8.222441545229485,-7.4243243057547135,-6.94937105503846,-6.757161491451224,-6.789114168618353,-7.073010706247454,-7.976718506865584,-9.007825474596695,-10.379324808175056,-12.238192441462601,-14.409154234744122,-16.400817175739192,-16.285412628465163,-14.545887781702378,-12.530052025260911,-10.955022547012236,-9.715144073408508,-8.878674935995456,-8.497113276450307,-8.492559028401589,-8.708789534913837,-9.411630807912804,-49.291910809347996,-12.044688554776648,-14.234985996369605,-17.440173840195047,-23.26209155310845,-24.416991808716606,-19.82640546558782,-16.218127194414816,-13.7423577469869,-12.05124239012819,-11.099564878969154,-10.676984683599501,-10.952380063504863,-11.547836554058117,-12.308990946168128,-13.792258534129527,-16.30207108792863,-19.383196515812266,-26.134306143177565,-35.142177177556036,-25.420683365066417,-21.272388116213126,-18.49106008192645,-17.060327546022926,-16.91546825354598,-15.991833789646845,-16.576979711130747,-43.00802143906526,-46.9874215567988,-2.5655714686217603,-7.15194142957179,-7.804773942656491,4.889258396987458,15.933830578104757,8.818196093501772,18.701596355149107,-51.16277739500322,-48.322810547461486,-10.198677451705077,-9.564145124258076,-9.367171136224853,-9.218594870020997,-9.553592174806301,-9.841239984057632,-10.181054266269733,-10.29630455964616,-10.055197190775441,-9.488126837368704,-8.398441803790398,-7.159589425615548,-6.049703907698182,-4.992951518956936,-4.248500651751656,-3.702084994916881,-3.3973188515810158,-3.2817359207200223,-3.4064038990353835,-3.6207936054338905,-4.063395121418522,-4.661511128613551,-5.268978932363105,-5.803286051886464,-6.08328484969357,-6.076133564084001,-47.67823067337243,-4.684247167777834,-3.8996311286341143,-3.1760321129095748,-2.5544003916654363,-2.1379617798009445,-1.9578959131037312,-1.843237139737786,-2.0185726938346877,-2.2685315425252868,-2.9116432557345333,-3.665717288503099,-4.378819622928169,-5.041192822028222,-5.575691613937755,-5.54749797637256,-4.946413276150173,-4.025617023371835,-3.2809792697113744,-2.522114125921517,-1.8257517363502545,-1.4243612924393134,-1.1963505230212765,-1.2753904606116326,-1.5993749818170901,-2.04909891923336,-2.7266260003762284,-48.15247715954314,-44.667930943984246,-48.15247715954314,-45.05945215702157,-46.9874215567988,-55.312510722627614,-52.302210963696716,-46.9874215567988,-49.997721552205064,-45.05945215702157,-50.26101093942856,-1.173560970581522,-1.4012817639618158,-1.9538053722564999,-2.5657745775471,-3.464722320304313,-4.294490164248259,-4.887503322589849,-5.219889164897577,-4.9525731839087435,-4.54035838420768,-3.783777138998341,-3.0158715955211735,-2.60203047623696,-2.228830201172128,-2.0460557800503363,-2.204214593248565,-2.4235068135700275,-2.9535662414518074,-3.6940351719802376,-4.403351874024693,-5.300497292077726,-5.903264042033744,-6.302572609747026,-6.38461047990827,-6.029105224615866,-5.687785230642398,-42.80831066251453,-4.801603194446332,-4.856151608358817,-4.7866097054819035,-4.967854163448551,-5.459566767650978,-6.046483353144967,-6.619700771244837,-7.329140265383832,-7.898394596961483,-8.270525057551524,-8.427387143635773,-8.582448905283936,-8.411879583826105,-8.065395098302162,-7.986964663048718,-8.0464607654617,-8.047308965632228,-8.082685482095654,-8.32480856431429,-8.394183933742118,-8.689882462052678,-8.728027387453189,-9.006483083473661,-9.173162516473747,-9.335537019440064,-9.582935202620117,-50.26101093942856,-43.21736050397578,-49.291910809347996,-48.322810547461486,-56.281610852708184
-41.61973444184494,14.033303530172176,-48.28491424739375,-55.27461429075394,-47.21281455091506,-55.27461429075394,-7.708298589296032,-7.896806037062744,-7.831418641412137,-8.088717173121113,-8.170732302158912,-8.1755918113679,-7.900954078231383,-7.663578683038864,-7.162270092119986,-6.413905141262295,-6.081772228748691,-5.765652498380022,-5.322686406571356,-5.211836574122016,-5.230875895181856,-5.450364540922009,-5.773332381762235,-6.064026452047077,-6.433687352293936,-6.788806985058805,-6.847897787138639,-6.756003802848739,-6.587887875158552,-5.983645006607899,-5.3966291130501,-4.876817592189512,-46.701289326441255,-4.1078131542530585,-3.8773783154734858,-3.873652498330933,-4.17532041447428,-4.493027097272188,-4.933233113498831,-5.7041279192212695,-6.382751809187864,-7.023925323606537,-7.262210281793125,-7.232047525896648,-6.636427121812497,-5.952759552236666,-5.205087843325247,-4.760002110806324,-4.3171968227534325,-3.9419725238637455,-4.0073725603641845,-4.088785928080282,-4.510562271475081,-5.037670652694733,-5.705480763353229,-6.542547880655788,-7.6567638766411665,-8.77151967076198,-9.320600233467669,-13.944086876972086,-48.28491424739375,-52.264314334114125,-49.95982512033138,-49.25401437747431,-52.72188923972088,-50.223114507554875,-53.23341446419469,-47.21281455091506,-13.944086876972086,-55.27461429075394,-7.319150488847068,-8.468865958876243,-10.189532158067076,-11.775043637604718,-13.027937420264719,-13.237216197913675,-12.228158259132744,-11.059825334785497,-9.765729696075109,-9.022457158364386,-8.060861653592198,-7.461139720464035,-7.568302930101785,-7.582540353712453,-7.782416272029028,-8.185954246112168,-9.123007423037393,-10.412520442328736,-12.304410295125688,-14.497883400530382,-17.39675149640957,-18.746351057787795,-17.392081864081693,-15.566126306034132,-13.45337913779941,-11.505561254966988,-62.264314334114125,-9.592596745057968,-9.447073958396057,-9.355846719175066,-9.218870509641468,-10.098617959411833,-11.122609534235115,-12.540804626633658,-14.770894120095054,-17.50920049084987,-22.83679483905411,-34.64503610429957,-25.655659253788823,-19.644552540743206,-16.539083357443833,-14.65255601787659,-13.535238120917715,-12.981738657046362,-13.07452783866486,-13.410645774904586,-14.446330101912466,-15.754152118749138,-17.944247421039027,-21.21057544842695,-25.217662737059428,-31.676259167068448,-33.47335575061035,-53.23341446419469,-46.2437144208345,-2.527675108078645,-7.114044840392041,-7.766877847432747,4.927154986167206,15.971727038987636,8.85609231519252,18.739492404807137,-48.28491424739375,-59.25401437747431,-15.255893159707712,-14.220875150056774,-12.763588094676216,-11.190789476140859,-9.617552783908387,-8.331792100949636,-7.095392722946041,-6.3113697834473905,-5.727366438408309,-5.294253979875273,-5.081589506138293,-5.034489165786281,-5.271957436982236,-5.606778998371167,-5.956325000399982,-6.433993775537274,-6.899487460477133,-7.043303322938854,-6.708811715024971,-6.194603236361979,-5.4261287399451845,-4.652578776317558,-3.7756153507375863,-3.1967358100404155,-2.7142039995232388,-2.2994336111486584,-44.630034081717554,-2.1069872498962843,-2.3517520492735193,-2.673972103947506,-3.072089391732616,-3.8156923692738505,-4.484242881568209,-5.073488466097359,-5.576561467239567,-5.490571895717525,-5.217662628654331,-4.5090475854389025,-3.799409543518366,-3.0528986597338914,-2.304099247117371,-1.7747990028681468,-1.4174186335070085,-1.342464377899267,-1.2986866949273042,-1.5480233822103684,-1.94701112436996,-2.595391629987203,-3.415171794797736,-4.17737106422705,-4.956483483530979,-5.282786721196446,-5.184484367155479,-62.264314334114125,-49.25401437747431,-51.124880811045756,-51.124880811045756,-43.63108573290957,-56.2437144208345,-51.124880811045756,-43.939225207051756,-49.95982512033138,-55.27461429075394,-49.25401437747431,-3.042703390487608,-3.797300770578605,-4.532119699378227,-5.012837420554095,-4.945365874530415,-4.683852248734369,-4.081183964902232,-3.382019107517138,-2.7083991497585815,-2.0589076848183745,-1.8603479497522057,-1.757868779421301,-1.7838722143867836,-2.0001704977455605,-2.444770100250366,-3.1153319368767116,-3.8563739144229063,-4.591003669571433,-5.279855169007941,-5.823139819470226,-5.968322721572142,-5.746409043821352,-5.613713413675415,-5.117396301102151,-4.512952247109406,-4.48740067633254,-45.73218919636069,-4.251834925411841,-4.475482987169633,-4.788883485616982,-5.427100163548243,-6.01962666875408,-6.743414461041687,-7.480554671456016,-7.9954134966200305,-8.480826291203652,-8.500260233962788,-8.330440487579478,-7.814316382027599,-7.737251999852464,-7.558489523087203,-7.713733167930999,-7.786084886286401,-7.828039653192919,-8.188689060716415,-8.432697929267002,-8.805090383912503,-8.843543413047847,-8.928612531858935,-9.060815382588496,-9.154918624478764,-9.331970901854636,-9.486297553770932,-62.264314334114125,-52.72188923972088,-59.25401437747431,-52.264314334114125,-56.2437144208345
-42.30092567404303,13.996692562075879,-45.76880039571739,-45.31122584154115,-55.3112257097547,-48.321525587322654,-7.779686375732894,-8.063880667751476,-8.149104628199545,-8.368403724220864,-8.443701300790062,-8.222191734605733,-7.847997783748616,-7.287251792032424,-6.8193297129105614,-6.314070943312862,-5.822306094549662,-5.508491991892893,-5.510928421373263,-5.538563703714634,-5.798822317301563,-6.04909803229678,-6.511120385445532,-6.767521283524869,-7.178071854405788,-7.106925258842093,-6.740748456033012,-6.294190808344907,-5.55707308570626,-5.115161547544541,-4.674020103722657,-4.26621127109814,-43.72760056915814,-4.131615670117138,-4.4619325271155885,-4.8888425079659275,-5.379147982611338,-6.256710491477678,-6.78983079574096,-7.061420149177998,-7.175082269163538,-6.473373910758362,-5.879189916636918,-5.127707930974525,-4.665559933974329,-4.213119145410423,-3.9610957883504767,-3.7688795803255735,-4.008647212857553,-4.597280934034731,-5.167658882645715,-5.891244520552301,-6.956539435166712,-8.132491147300296,-8.741241341949085,-8.802751810889811,-8.254144993735965,-7.249154295228144,-6.340444814045696,-53.27002588319546,-44.23912601327602,-47.67694588773434,-46.737900525797954,-43.60860878732186,-47.67694588773434,-55.3112257097547,-48.151192400124444,-13.651693867333153,-62.30092575311489,-56.28032583983527,-11.939229805023608,-11.40159207367137,-9.82507149794582,-8.710752719064425,-7.839267720861453,-7.211684428913988,-6.842166539342218,-6.821186009327174,-7.03374762517143,-7.307960112880195,-8.381963652807956,-9.672026412328252,-11.071398217937027,-13.248095093700385,-15.173587523608802,-16.48803008995088,-16.070811766767534,-13.669779688768525,-11.575008346820454,-10.412962141169462,-9.269397242226061,-8.663207906965416,-8.584706739942874,-8.489774919549506,-8.971433670773557,-9.89600763330971,-49.99643653933216,-12.923240248348586,-15.386132283952376,-19.323320860484067,-25.814398568742206,-22.023353511620375,-17.79227891033043,-14.78428606949134,-12.762169454846152,-11.86235388390135,-11.150648205704796,-10.934417519937693,-11.085294657961672,-11.63941849687631,-12.84087611309798,-14.980045179944202,-17.712734765084146,-21.456592988396004,-29.743378109741418,-28.674216236309444,-22.192415891522614,-19.342177215724,-17.656328219317526,-16.656395634090764,-16.006319668199627,-16.30766369206168,-17.116312985044814,-46.986136621453056,-52.75850043907758,-2.564286828528169,-7.150656470342216,-7.8034889372392815,4.890543356217031,15.935115684302922,8.819480776998832,18.70288114012486,-49.29062579647508,-62.30092575311489,-10.139029230669918,-9.524994165991775,-9.015560099159819,-8.94414098530413,-8.891093828068273,-9.181650520902432,-9.517964048619795,-9.999656905170628,-9.934898430642125,-9.456956512889919,-8.660145585053167,-7.532812510909541,-6.3226031557855755,-5.286938351123495,-4.448759754414676,-3.84870450423339,-3.4178052041248757,-3.1067450314599028,-3.1421174382105903,-3.338375695899716,-3.6540292879322402,-4.272846394324508,-4.912192903925206,-5.562904545223591,-5.96138589101423,-6.094558575412962,-43.27002588319546,-5.059601504289101,-4.192796245319505,-3.358180504706569,-2.696575041929128,-2.2184678757396887,-1.8216384189327315,-1.7521724451316123,-1.8090208397204806,-2.1591281824769744,-2.6389264813962763,-3.305073434640046,-4.052055891361442,-4.87893949129954,-5.415792836883196,-5.5018525530637055,-5.159640776464945,-4.276164872131493,-3.4367348222482548,-2.575990948021979,-1.9062573812033161,-1.4932757950335518,-1.1757438231555821,-1.1624948650794618,-1.3864722388988207,-1.9357784825478255,-2.552899261702408,-49.29062579647508,-45.311225986506244,-51.161492077985244,-51.161492077985244,-44.171792186686346,-44.17179239957213,-55.3112257097547,-52.75850043907758,-49.74820048243777,-62.30092575311489,-52.30092555543523,-1.0842900114072864,-1.3296027233714838,-1.8100911390655763,-2.501692387081986,-3.2596964984214916,-4.162947914089253,-4.718886957995636,-5.1543679975627015,-5.032773847198686,-4.585807787237172,-3.831199503506295,-3.0531726902036347,-2.618053460775354,-2.2378699743551818,-2.111903564874397,-2.135698414674136,-2.3949089853368295,-2.8511815992487346,-3.6164976409462914,-4.445662963514313,-5.25543164412631,-5.92066810445629,-6.18831414545153,-6.39105931859656,-6.139816832570878,-5.540706128601083,-51.161492077985244,-4.868611907322352,-4.803176203419844,-4.8196579841898455,-4.989923550591438,-5.575513865826082,-6.049942265675197,-6.725564937174497,-7.54305199919248,-8.07696435579325,-8.5610535894863,-8.563110039743897,-8.605130808979203,-8.484270690854714,-8.193490875254652,-7.877367000842057,-7.900261551223672,-7.954981064926877,-8.032756059556817,-8.29226634816906,-8.50950274887721,-8.899797439719318,-9.091387185415194,-9.171328400480244,-9.445869987561931,-9.503594899735434,-9.46653376058803,-42.13059248684482,-51.161492077985244,-47.67694588773434,-46.986136621453056,-49.29062579647508
-46.260932529514264,14.016085509429296,-53.25063277011324,-46.5995151861316,-55.29183259667249,-51.14209896524216,-8.142502844178289,-8.101006739352018,-8.312916197841819,-8.297236741930101,-8.550278704016039,-8.278208045589343,-7.877716143813047,-7.505791317009801,-6.938428095071814,-6.369405755169646,-6.04010438204701,-5.769043679376279,-5.515089846743912,-5.632312399531153,-5.647463512196651,-6.244979752842853,-6.360986876838353,-6.886054783800109,-6.908656986098258,-7.1018055560346625,-6.767703818777441,-6.434320023199049,-5.994435889905423,-5.2022132285136,-4.702829734430547,-4.313979047937333,-45.12149905196254,-4.178501898489058,-4.459544485393346,-4.588963521640394,-5.401875942332479,-5.777680345356937,-6.461069587295426,-7.061343935550806,-7.249551933136797,-7.125642277092522,-6.460387359967981,-5.690503289895551,-4.8823298712983085,-4.376006880230092,-3.9890289023764476,-4.110872543322609,-3.982650064154116,-4.362662267806577,-4.749993833191165,-5.555520734921405,-6.643673278817125,-7.6024338421583915,-8.386328061579851,-8.887316478860681,-8.448172936192636,-8.141749512319885,-7.18551590337825,-53.25063277011324,-46.966743508284395,-62.28153264003268,-50.24033281347343,-46.153694153013696,-46.718507413205586,-47.65755277439875,-56.260932726753055,-47.65755277439875,-48.13179928675963,-56.260932726753055,-11.905514839051438,-11.843588870521648,-11.686315099027858,-10.140886580305754,-9.119962077166804,-8.002956630465581,-7.244469794439783,-6.807379558172496,-6.929287833738868,-7.388516157571053,-7.502625425533605,-8.35509092494227,-9.854205851173187,-11.486934203281898,-13.42498105665242,-15.555382327191518,-16.399936474097334,-16.03489665519747,-14.217426263694266,-12.073777879561602,-10.897052598406734,-9.779749110372011,-8.963050451282557,-8.81792433860118,-8.99144105911216,-9.02814120498405,-46.5995151861316,-10.902171258379639,-13.057288544403338,-15.429849874917911,-18.987757465423,-25.63135448828103,-24.81830472973254,-18.924747880927207,-15.881690289663355,-13.636125130574158,-12.41972909413143,-11.420747509484062,-11.291878500683133,-11.455904845423401,-12.086880147302324,-12.96410688126451,-14.817292844531947,-17.951679780958557,-21.02216781786245,-27.99694498577273,-33.338372294958006,-24.462543768517115,-20.011669401725605,-18.42689985197883,-17.343885906739388,-16.702011705628628,-16.60585844158918,-46.5995151861316,-62.28153264003268,-2.544893293060244,-7.131263461447112,-7.7840957087739735,4.909936365112136,15.954508731576693,8.838874254127447,18.722274486127116,-56.260932726753055,-49.27123268339287,-10.217132981874721,-9.884009265691947,-9.933071128299073,-9.788057032318926,-10.439929649617305,-10.723770479504925,-10.855104477084566,-10.643183228651932,-9.904084988407787,-8.835153948372525,-7.39776039024925,-6.291385675669322,-5.28584338009546,-4.496402665697668,-3.8268006494647655,-3.5963930147726764,-3.298137718736735,-3.4538688651109006,-3.570475870826559,-4.062338007640037,-4.66065426433279,-5.305891611844375,-5.9780168139870185,-6.16621140184301,-6.0817137318710826,-5.517330891089457,-45.749407283125024,-3.9932713058515743,-3.382014237320223,-2.537520881194216,-2.1656381601696064,-1.7743485137528245,-1.7768494779399666,-1.8619163811594985,-2.2476855507700035,-2.7302665290252652,-3.5594276443941446,-4.159587755504778,-4.981822349287307,-5.4910891587169655,-5.516041458131182,-5.133793737076494,-4.14289541137527,-3.53507963259392,-2.3975483303528127,-1.8730890693630724,-1.352103000129063,-1.2251706904623787,-1.193704539641077,-1.4453527676728493,-1.794143985578055,-2.416878867391969,-3.1607957629876546,-62.28153264003268,-52.73910732648521,-47.65755277439875,-48.13179928675963,-49.977043426249935,-52.28153244279389,-52.73910732648521,-48.30213247441678,-47.23003285683362,-51.14209896524216,-41.453678877098845,-1.320552932043499,-1.569394086399106,-2.228007139749616,-2.8496352748677465,-3.9201024715715294,-4.6555721970186665,-5.064118898137897,-5.287899710099319,-4.73400598750051,-4.0333455347205565,-3.375735162928406,-2.7481016921957058,-2.272226881975591,-2.022721333123862,-1.8859441892780757,-2.3640058729149676,-2.5727664158979335,-3.2983514443880546,-3.8399616569546695,-4.786759120050591,-5.600722091494845,-6.153259934786566,-6.613199646817978,-6.116052739266866,-5.708516473369296,-5.402677385772254,-42.78763261051965,-4.71686056825842,-4.616630866033294,-4.63139975057898,-5.283840523239611,-5.3405285426452,-6.143610931480188,-6.913916238944199,-7.56556474236361,-8.498825973053652,-8.907958403318013,-8.852629836928093,-8.569782508802922,-8.194486855605362,-7.936322391576072,-7.992510010517178,-7.816891180084693,-7.989745015581572,-8.149859874941841,-8.499861811726086,-8.813153824362276,-8.95510808776217,-9.209140316592965,-9.390439205498243,-9.390059725285303,-9.480075499811452,-9.762037417995536,-52.28153244279389,-59.27123268339287,-52.28153244279389,-48.30213268480484,-49.977043426249935
-46.17006634635178,13.999712642953615,-46.17006634635178,-52.2979054694303,-51.158471855156876,-53.26700520428899,-8.303712179370542,-8.428049273963502,-8.490512043529742,-8.52189239696926,-8.287468343101448,-8.330299350777473,-8.012507733755234,-7.344737675750447,-6.833737142274333,-6.206445143617627,-5.964786094308896,-5.766687571577597,-5.745886645202721,-5.867476460689517,-6.156528949903319,-6.5628302417902535,-7.005591076865731,-7.101081830941542,-7.230798719952498,-7.015257174645255,-6.434676963698793,-5.904295192075094,-5.399739363018869,-4.858756457384568,-4.439732471343037,-4.443681565543779,-43.66467652714385,-4.664029399659595,-5.001301716292922,-5.558365605205086,-6.193581780461211,-6.809037959971977,-7.167421629299474,-7.084091513060513,-6.616051931783193,-6.030293865521415,-5.25155294614093,-4.747500137483462,-4.181122924649442,-3.8867078057501296,-3.9520196531055336,-4.27256901906071,-4.875549110567744,-5.409205847571879,-6.451144538087778,-7.484912613303296,-8.279335156494895,-8.607751639301233,-8.194857700663393,-7.427200426887753,-6.622230866044782,-5.962159984716746,-5.4423418919227595,-48.31850514557679,-55.30820503084824,-46.61588826080536,-48.1481713411529,-46.61588826080536,-55.30820503084824,-53.26700520428899,-62.29790507420843,-48.31850514557679,-52.2979054694303,-46.98311582629139,-9.546243253458297,-8.520763906566286,-7.719328050051337,-7.179271641144828,-6.686843560086393,-6.681525485119946,-6.631644921269876,-7.287312629136853,-8.312047201344418,-9.60826638996162,-11.278063989678753,-13.052527732408636,-15.285248483719396,-15.875238890705909,-14.670744379199236,-12.200974491503185,-10.729506942433314,-9.559793031108837,-9.085608647789012,-8.50430579807,-8.426784678474156,-8.845775597183973,-9.074285713369614,-10.353260975388983,-12.000821603289998,-13.957387543908347,-47.673924868079865,-20.619712301027985,-21.977764451020093,-18.657087607401476,-14.930355675311711,-13.07163652721549,-11.668439400286378,-10.696823013812649,-10.477155204939137,-10.360733184886632,-10.849424072057083,-11.779591130044425,-13.676471981722555,-16.23409143718949,-19.68170819786932,-26.122659452965024,-34.54544236186458,-23.064946392728743,-19.398449654582596,-16.90752104097717,-15.536732733839315,-15.053016715346264,-15.101609526592018,-15.597952552093641,-16.77402137077308,-18.392086238751975,-20.83383395897695,-13.551092219216747,-59.28760511756862,-2.5612658013118637,-7.147635466188026,-7.800468170660956,4.893564360371221,15.938136224864962,8.822501135923611,18.70590205873038,-13.551092219216747,-55.30820503084824,-12.122855464413096,-10.61573002035069,-9.302112831554355,-8.392086252472719,-7.628161835705811,-7.333133911326717,-7.029229385626477,-7.2484005268955904,-7.582039697460683,-8.004306930021384,-8.455123862939486,-8.636497210630225,-8.390955778941748,-7.726461687543631,-6.8356133202548985,-5.640275898380773,-4.632104072022077,-3.840972537306411,-3.3206611767508356,-2.894483460377902,-2.703136196175795,-2.8630340665369447,-3.038557698912157,-3.507807133346672,-4.132443186608408,-4.882276731436031,-42.43018760931242,-5.982402135745355,-5.975306755023625,-5.473891131016021,-4.444086775170464,-3.7778346305633614,-2.9995025242833675,-2.268072095022015,-1.8907740773715822,-1.6394014594584112,-1.6432393044951297,-1.8342568273780246,-2.347184885975188,-3.0280431831178314,-3.7907261908722436,-4.667662881464318,-5.389832918554005,-5.551259066994611,-5.12153278807914,-4.353547212901584,-3.3508352782907096,-2.532988419852234,-1.8673886224216518,-1.315040552955925,-1.1488012686426066,-1.1386031847730858,-1.3522574920019155,-44.66362536571806,-52.75548041895058,-55.30820503084824,-51.158471855156876,-48.31850514557679,-44.44460687527851,-45.765780375590396,-43.97281594714606,-52.2979054694303,-46.27730555615067,-44.236105334369554,-1.244748792725052,-1.1771530309846123,-1.1755962342841122,-1.5748879153310682,-2.159236004050343,-3.038341763868342,-3.8431231081122412,-4.754390937509708,-5.328665044872959,-5.073532290738234,-4.776429130487642,-4.061063228402365,-3.342591153239286,-2.7748149749436135,-2.3997597416340666,-2.2783493790403413,-2.3641338660077733,-2.5555337113478322,-3.0322121818300998,-3.790462939395529,-4.561320481172505,-5.383226312821244,-6.243205915687336,-6.605653142104622,-6.545738030062001,-6.351239707147229,-39.917444339908,-5.465380920101609,-5.016316304452987,-4.867827613239767,-5.006768021264451,-5.259816947542717,-5.738284503601775,-6.467414458974005,-7.291355839723797,-8.034582138495418,-8.665547116589718,-9.021925247062807,-8.862243856967616,-8.566485403267038,-8.403090069384685,-8.218339329055281,-8.150427323524662,-7.984911045942611,-8.261553092983373,-8.551667984995797,-8.864213060843188,-9.012131658366847,-9.25808657609404,-9.313173437467555,-9.402684524901048,-9.786756813957044,-9.853006337039044,-62.29790507420843,-55.30820503084824,-49.28760511756862,-52.2979054694303,-52.2979054694303
-43.58619425209818,14.019106191535329,-55.28881142381085,-48.29911130158258,-50.237311640611786,-49.9740222533883,-8.217181913501618,-8.241799740988116,-8.493714677106722,-8.453352003666883,-8.733796577440074,-8.346885185492445,-7.923810517024172,-7.45993060545606,-6.977680297418242,-6.5585134103194225,-6.086701374794306,-5.90208304744669,-5.807107911139324,-5.8623031811481034,-5.97825221580114,-6.380746087240671,-6.63150743456444,-7.054590878226432,-7.131427248922249,-7.196379960192806,-6.837272601837475,-6.428102374949935,-5.840413132161927,-5.223004160570788,-4.787644250115034,-4.39744321487763,-59.26821151053122,-4.30265110788228,-4.7168227447091295,-5.035122181974549,-5.5962746732375805,-6.232525476993308,-6.89935116169822,-7.357587766922293,-7.237052815309805,-6.836640077592513,-6.170749591273354,-5.352650230619092,-4.816966591891071,-4.27064676795611,-4.018476212540713,-3.9971735022986516,-4.133239168510866,-4.737093428907892,-5.215388045730967,-6.160641381767718,-7.069420158398181,-8.132487720818508,-8.712517155178812,-8.808101355694191,-8.374159526408839,-7.447376035722218,-6.478390223125219,-48.12877811385401,-49.26821151053122,-48.12877811385401,-55.28881142381085,-45.7463861103396,-59.26821151053122,-62.278511467171036,-52.278511270000834,-59.26821151053122,-55.28881142381085,-45.37655057299532,-12.199967251610225,-11.590718035479764,-10.209254955221102,-8.811364024845908,-8.020805826026159,-7.371947006716456,-7.047019185286466,-6.848117198606557,-7.064149068986381,-7.4543494390560925,-8.250843881858822,-9.56711508370837,-11.072640745042788,-12.96937743483321,-15.14259796991915,-16.58418729952117,-16.383372061070638,-14.292005076790822,-11.937844977534077,-10.769596928426177,-9.514146203278308,-8.848879204059065,-8.83677077034751,-8.697144192234587,-8.96930314161669,-9.871322266614746,-53.2476115972516,-12.494606104588842,-15.077249343361707,-18.60681634415893,-24.02944675670724,-22.9730960236915,-18.47278161917053,-15.55605504137051,-13.167468097517403,-12.356290933893867,-11.598731854608557,-11.135571546424552,-10.982579141132604,-11.568644300482113,-12.547925761536217,-14.758872445412376,-17.127989796150988,-21.09586385278146,-26.856483663386996,-31.189479923001105,-23.775112820130552,-19.934351260827697,-17.80786189939105,-16.80593490871449,-16.15385183036672,-16.43237280139141,-17.07000921961107,-52.278511270000834,-55.28881142381085,-2.541871989216131,-7.128242090098672,-7.781074593684015,4.912957736460576,15.957529792996228,8.841895361833302,18.725295449692617,-56.25791155389141,-55.28881142381085,-10.163034618434573,-9.541254582180796,-9.229450403022382,-9.007907000353043,-9.207489040306411,-9.62276364228317,-10.015090528406311,-10.32480202974838,-10.10404059449976,-9.568231240350874,-8.560114954554983,-7.360343819376919,-6.1241035281935785,-5.00082239793867,-4.120078745720877,-3.74734847009572,-3.304164961040696,-3.1912971731629054,-3.135370765682819,-3.4383277913470462,-3.8926334654415973,-4.505454020998384,-5.291270375836811,-5.767544321809327,-6.173102013521369,-6.117812165544035,-52.278511270000834,-4.85420598191387,-4.001691966804679,-3.1254785641654643,-2.598092841990489,-1.986711763085449,-1.787956419976109,-1.6892655741669285,-1.830504453986375,-2.2434755716212638,-2.8294571768629946,-3.5378412020117938,-4.441862134331486,-5.110125864802627,-5.525421839450337,-5.594428583029622,-4.978566240780702,-4.11251919359751,-3.1084375887016376,-2.34788078400464,-1.7108957417060031,-1.3108534439341262,-1.136790028759061,-1.1978533078366143,-1.4281188371352336,-1.9549632334784626,-2.6534922714955336,-48.12877811385401,-55.28881142381085,-46.59649401334411,-49.9740222533883,-52.278511270000834,-48.29911130158258,-47.65453160149768,-55.28881142381085,-52.278511270000834,-51.13907779243328,-44.149377829963434,-1.0599171251269182,-1.3087443852801677,-1.9315531697855806,-2.534071663558641,-3.4399161200147437,-4.345511986687323,-4.98164864950025,-5.2838723643462355,-4.9746136471577325,-4.452839165650958,-3.6759401764586164,-3.002524103497937,-2.5017145794073703,-2.1699173062771697,-1.9823604604958336,-2.162971765069914,-2.4122537868956138,-3.067923913921615,-3.596865211958489,-4.557723558728278,-5.415358072195375,-6.164497206140403,-6.464556710338087,-6.428814195513083,-6.181777776864889,-5.550322218696722,-49.26821151053122,-4.807960893392064,-4.800875476866439,-4.750492610882112,-5.098147161208501,-5.469973079918345,-6.1404948375910395,-6.934480747437376,-7.647274252933198,-8.45313645313378,-8.986058557565242,-9.048673615036352,-8.777892589134526,-8.499878298265184,-8.190076565466631,-8.030788974331927,-7.880685926424929,-8.102000979475013,-8.182020428230292,-8.490137472115677,-8.802771840108253,-9.09001354670656,-9.356548835330557,-9.574867563269775,-9.645418048797211,-9.7205537745836,-9.776434273974814,-55.28881142381085,-52.73608615369979,-53.2476115972516,-62.278511467171036,-49.9740222533883
-51.108718368678694,14.049466156854074,-52.70572686452723,-49.69542690788742,-52.24815193708912,-62.24815174060688,-8.347212198084508,-8.39485986467613,-8.449913809820174,-8.480776480282987,-8.659118459412412,-8.463282295224422,-8.066382005935019,-7.604314423737955,-7.040068282849519,-6.664558490236391,-6.193355729853584,-5.949847514321846,-5.81140459666384,-5.764464048908481,-5.921048603269517,-6.2216818781498295,-6.515442920254011,-6.922518865707335,-7.155050817186921,-7.2420000093571515,-7.065697808508675,-6.604036160316136,-6.226140515411148,-5.537442445157554,-5.120703568225133,-4.635821981921612,-62.24815174060688,-4.291679823085396,-4.433233510878462,-4.651224138510057,-5.086506479949047,-5.7099702561911005,-6.3418506057758375,-6.919079960390833,-7.3755654414242535,-7.299123240942827,-6.852723671105205,-6.299973867393333,-5.571782779835527,-4.846025482783609,-4.371103811892215,-4.171387479141616,-4.035263966112157,-4.258208182695724,-4.509746527349999,-5.240543934141277,-6.016279325909993,-7.060473162755702,-8.024141432065097,-9.003845374488268,-9.163254636067457,-8.88715820683464,-8.068372127044402,-46.227552023809494,-46.56613471235016,-52.70572686452723,-55.25845169724669,-50.20695191404763,-51.108718368678694,-56.227551827327254,-50.20695191404763,-14.214307031456267,-59.237851783967066,-43.923062613544516,-11.152636243353122,-12.334295914470097,-12.490709924683225,-11.71149096831267,-10.706104014124389,-9.343509346630118,-8.225296865031419,-7.582070471876597,-7.203252644396729,-7.257607666249404,-7.343678851005401,-7.762448660907257,-8.642899187843474,-9.611886016189944,-11.253831593777369,-13.239675786113787,-15.621989471251505,-17.24949462348324,-17.09617151360329,-15.104434794841648,-13.302277490047082,-11.561470384676724,-10.22065415897696,-9.652165220828916,-9.270612104548434,-8.95569911080621,-52.70572686452723,-9.670286539344097,-10.903766932113646,-12.253714511137284,-14.464830178957936,-17.373232813404623,-22.416400633255424,-29.32116188041213,-23.259803586615337,-17.567633926200447,-15.044904834494295,-13.141054087608318,-12.474894848526574,-11.971679597506363,-11.957521176035037,-12.141718064272947,-12.834031145440989,-14.606614455604971,-16.57835897705003,-19.438500262756826,-24.426292991764313,-31.065504505151523,-28.437000671804384,-22.910748514558247,-20.294137039842994,-18.784230823364258,-17.636018872846485,-62.24815174060688,-55.25845169724669,-2.5115123445147214,-7.0978821280336675,-7.750715105898451,4.943317698525581,15.987889822688956,8.87225462836622,18.75565532447063,-55.25845169724669,-52.24815193708912,-11.130017146630209,-11.149363903025796,-11.523079417143068,-11.848461379174877,-12.132108795754027,-11.838293323056382,-10.970238622411602,-9.82065084681718,-8.436061735863436,-7.212968813710633,-6.074583216906038,-5.101761203562786,-4.555796461695948,-3.952733754470148,-3.6487869793045355,-3.753681114285579,-3.7724128179956846,-4.265555312873292,-4.617677053169752,-5.307112216803552,-5.875246077417461,-6.274963119175959,-6.3924614694990245,-6.047155919604416,-5.342328117319717,-4.448595430478764,-55.25845169724669,-2.899411365770737,-2.5000788468956547,-2.0395524848766544,-1.825858728763384,-1.8103766254093967,-2.0960888010044205,-2.408260042428202,-3.082506896579274,-3.76152012201657,-4.627934531738074,-5.3208450670403185,-5.559653995145476,-5.391289521030743,-4.840286677957722,-4.046860097967429,-3.078997776477268,-2.4561611309609677,-1.7325789072880209,-1.3197494181521452,-1.089261848769685,-1.135792367956682,-1.414440930108018,-1.932463333173252,-2.555740506033761,-3.3965471550882276,-4.233607213284322,-45.25845156625853,-47.624171648696496,-59.237851783967066,-48.26875152289834,-59.237851783967066,-52.70572686452723,-46.1203130935387,-48.09841813494855,-45.08811845539907,-43.21725187068744,-45.25845142217157,-1.5506868338277684,-2.0656208263629985,-2.814503028091187,-3.7055467715877577,-4.602766732640745,-5.120939536225141,-5.113036392445666,-4.840973036276232,-4.065041702696793,-3.413757624525397,-2.8202905559206433,-2.3163562438142065,-2.023208205192735,-1.8791493369297685,-1.950532909951027,-2.3760312499531517,-2.9004106443708286,-3.630836969269825,-4.369171070381422,-5.194399212499256,-6.004712135206669,-6.249048285965411,-6.454866542095949,-6.011721012182079,-5.522804769548695,-5.048577877751049,-42.953962691503975,-4.579786420815488,-4.543247537870218,-4.716175281908144,-5.2577826117247195,-5.795609584419444,-6.456983744166168,-7.285430333939743,-8.06633272463472,-8.708970379369575,-8.960340564811084,-8.935478835414967,-8.668155403245411,-8.251951126693424,-7.919741209484867,-7.998209123501784,-7.882263909688405,-8.000315096241188,-8.26000521593137,-8.599828938785828,-8.83845875924894,-9.263769624061403,-9.336017625533138,-9.713511750873616,-9.832861090365762,-9.904902551853718,-9.906599296681433,-62.24815174060688,-46.933362531658396,-51.108718368678694,-49.237851783967066,-50.20695191404763
-46.7121787924533,14.022413621217986,-49.26490428147555,-46.254603930645466,-45.74307866237273,-56.25460432483574,-8.462013105617734,-8.609368794382476,-8.70865582440419,-8.746975348302671,-8.61469326043891,-8.560295834384542,-8.02100352275431,-7.486423834673838,-7.004321004012736,-6.496048652966577,-6.255603537895685,-6.0624026836056055,-5.996877250940474,-6.115598400456067,-6.416165975884161,-6.85011190125174,-7.178220642793297,-7.375478696696387,-7.453545518344738,-7.208625216822395,-6.658443497467529,-5.993318475037219,-5.537164649621998,-5.027040741246917,-4.610480505597189,-4.548217861780429,-47.22370445491631,-4.875242689671452,-5.3477922011379935,-5.820981678803728,-6.55685865232075,-7.112376081750643,-7.341948707298025,-7.250099971689846,-6.614743823589604,-5.965924404167935,-5.2455853184248715,-4.67988546662964,-4.218856894150149,-4.061792314829466,-4.126039575349687,-4.465460184495487,-5.115755436328789,-5.960584125773158,-6.901585263653854,-7.815350315033997,-8.48234829008218,-8.649154710617132,-8.158064778469639,-7.4636453182810225,-6.492927852613625,-5.78197262194871,-5.247238315966438,-56.25460432483574,-62.275204238115364,-55.28550419475518,-49.970715024332634,-47.651224485671946,-49.970715024332634,-53.24430436819593,-52.27520384392509,-59.26490428147555,-59.26490428147555,-46.254603930645466,-9.324792225282007,-8.20005463850714,-7.465481612036518,-6.921503605609358,-6.655179789107473,-6.854211005719288,-7.088104137140032,-7.853778879226124,-8.863471237913242,-10.464775516538992,-12.189160113229299,-14.016401271081405,-15.567088949544626,-15.392964435933457,-13.58464783242735,-11.890433215296891,-10.480232146449254,-9.379626788816141,-8.86139304328106,-8.525925061389573,-8.642827667960066,-8.948840627447863,-9.7542501667528,-11.025404056400696,-13.022857156538922,-15.389493518076732,-46.254603930645466,-21.985427326397186,-20.31233642040587,-16.665502628588747,-14.16884714830405,-12.088199059945929,-11.023775925458096,-10.577137911677688,-10.430220135662054,-10.948765466985176,-11.475979112716976,-12.810681850778163,-14.916502008667049,-17.8107647603756,-23.1492643141043,-34.6110757129927,-27.41089953059546,-20.307917215869082,-18.04077942648523,-16.176167118941976,-15.320037529257224,-15.043521805801278,-15.059323847500409,-15.752741090875661,-17.509641052035736,-19.63033161355955,-23.014868267899445,-53.24430436819593,-44.42190573722452,-2.53856528927279,-7.12493504826183,-7.777767213915482,4.916264778297418,15.960837306551149,8.84520195613035,18.728602945743592,-51.13577041182371,-55.28550419475518,-12.79493980153731,-11.102723468234387,-9.723227304012559,-8.557932783578416,-7.6422180517298886,-7.224776615021183,-6.972567014646708,-6.952693848038719,-7.052627078017398,-7.480890608921003,-8.070464454468132,-8.447615927813256,-8.545918890129041,-7.985486380826433,-7.0154711468064415,-6.133237195651091,-5.027040466221458,-4.118596742368651,-3.50419898361251,-2.9888851311389075,-2.6834444910195403,-2.625912189535353,-2.859985329315343,-3.201622812191191,-3.748831098507913,-4.5410112725410325,-40.66152429732223,-5.7173200346930635,-6.006424246260269,-5.619300589399417,-4.889451694231016,-4.084650114032695,-3.2148182274455155,-2.4631585420732445,-1.9829499135599629,-1.6602797249735484,-1.5950200101718943,-1.7720062659306333,-2.1448424017692695,-2.6934416593898716,-3.520673041466524,-4.37020608564888,-5.1266695555527955,-5.543658468807497,-5.406233194729866,-4.669094724007073,-3.752820600013689,-2.8104602216368098,-1.9880077435417751,-1.4410202223052024,-1.1831831571587612,-1.0934767298734573,-1.2677710463501721,-42.98101468726203,-46.14736583115796,-49.26490428147555,-55.28550419475518,-49.970715024332634,-49.722478749093106,-52.27520384392509,-49.722478749093106,-55.28550419475518,-55.28550419475518,-51.13577041182371,-1.3196751476106836,-1.1372912662308368,-1.220156763498588,-1.51380824179119,-2.083002495835746,-2.8519088872774434,-3.710561798009477,-4.602361127440455,-5.069402441955624,-5.236850232547276,-5.029267361283043,-4.2086502375022965,-3.5159547999942937,-2.8618194165459343,-2.3886649440776235,-2.2853266238072756,-2.314134843507496,-2.5776724807760223,-3.031646269998337,-3.808017785935061,-4.513061128942605,-5.3865494822393,-6.302498727864504,-6.726667779361128,-6.60459936057452,-6.343008278817624,-48.29580441418852,-5.45764668429428,-5.006490163390476,-4.961492579205554,-5.074264786463585,-5.375583874011389,-5.799486833107352,-6.611772309415722,-7.290982381880166,-8.28350516729692,-8.958401265920383,-9.276972766343818,-9.150278370242868,-8.820977137828555,-8.429429872109184,-8.381044599043934,-8.155557517120238,-8.106520140491495,-8.287664097035341,-8.608472358951746,-8.874552355412336,-9.153155315460724,-9.505052116008883,-9.73492263149783,-9.826769506854662,-9.899741832964029,-9.996337519459795,-52.27520384392509,-43.64197558291214,-55.28550419475518,-59.26490428147555,-53.24430436819593
-48.2658027989331,14.052414802603895,-62.24520304278592,-52.24520264995483,-53.21430317286648,-62.24520304278592,-8.585234725850768,-8.66581656337485,-8.760265636006599,-8.760888498155321,-8.769463650249813,-8.513783595241323,-8.126565650052855,-7.587806217679721,-7.161764847381752,-6.816189693770226,-6.313838101934604,-6.008472715829115,-6.131177966192941,-6.109564847418097,-6.237803962790869,-6.492585368476886,-6.755268695968017,-7.163839807453469,-7.385123005905699,-7.385420386336267,-7.179002762736552,-6.663639621427631,-6.040385918055201,-5.576869694788408,-5.088971227085466,-4.68608074288926,-52.24520264995483,-4.4466055653481025,-4.8392947101181045,-5.1772572800051995,-5.578478939991126,-6.348152525920032,-7.0288801445909375,-7.425047046429906,-7.533973729045363,-6.9694067820866925,-6.403135235603024,-5.731754117801653,-5.155176096064842,-4.612825295444599,-4.288592431895874,-4.067137132710892,-4.134569799864102,-4.754451929057708,-5.172763540501172,-5.992027162449659,-6.91221155349735,-8.031203925783412,-8.93631905725211,-9.105413413412832,-8.931800825277888,-7.960453589691049,-6.929800932582041,-55.25550299942573,-44.11606947635736,-49.234903086146105,-52.70277751191369,-48.2658027989331,-45.08516930426016,-46.22460273667521,-45.7130774685535,-45.002444173833524,-56.22460312950629,-49.692477555273875,-12.369523440069463,-12.21879161163925,-10.862049592626907,-9.724419400545193,-8.655428588369361,-7.911665684384469,-7.548381670825056,-7.168668068279142,-7.176879642376641,-7.3388633265251,-8.156700309752429,-9.173795777192309,-10.205306553049507,-12.032276217549976,-14.091750601597873,-16.425251508426175,-17.115159265223205,-15.759163695115745,-13.494764142864351,-12.057490876887083,-10.6117701342622,-9.652107546782055,-9.25237536336367,-8.931132433972573,-8.983606928949575,-9.618889223873978,-51.10576921753979,-11.756746986295699,-13.512113367422309,-16.083599533267734,-20.58682704347102,-25.5159159273027,-23.043448017346613,-18.646848344040862,-15.103499005990733,-13.342949739713287,-12.010456338057146,-11.640604033223775,-11.33201614050664,-11.752053444523035,-12.362958681886928,-13.891786044296726,-15.754776558141685,-18.156700484970585,-22.997242791156598,-31.737539953755082,-29.258854854063294,-23.354988700949555,-20.378464606503,-18.180993505427843,-17.63292004601186,-16.6509249107083,-17.075224563989867,-45.25550281610455,-14.132336655215438,-2.5085636082733416,-7.0949336155503175,-7.747766066752186,4.946266211008931,15.99083818564858,8.875203760976179,18.758604202164786,-59.234903086146105,-49.234903086146105,-10.200069078478018,-9.707898463048917,-9.745592527166998,-9.864691523511835,-10.125459202573497,-10.461276229407074,-10.800550826650944,-10.770139849924316,-10.150991143763724,-8.871009603302436,-7.652469602661586,-6.520750707096658,-5.429173259099591,-4.551747247179113,-3.8589157477304505,-3.498130238605076,-3.3344636038376025,-3.32966711281745,-3.49258765830367,-3.9609182876551263,-4.525729158630835,-5.052345632523179,-5.708669493095938,-6.162628383943311,-6.087259273618785,-5.786796454238034,-43.92011391572355,-4.135824742801062,-3.3535256037805903,-2.628591124385565,-2.157290007885035,-1.8342701283462248,-1.7933426769467455,-1.8484844117226154,-2.1249802140800127,-2.6183281127979496,-3.313024072670116,-4.132422988331463,-4.899620844759839,-5.410823781015953,-5.572448630336374,-5.274575802037099,-4.366625162607754,-3.4096673142565654,-2.6473649397264296,-2.0326815844265798,-1.4897153372465435,-1.2347127008993048,-1.1969328749701382,-1.3386941328477446,-1.7947127135332586,-2.406415427523436,-3.1424922377623075,-55.25550299942573,-48.26580321795294,-52.24520264995483,-56.22460312950629,-55.25550299942573,-59.234903086146105,-52.24520264995483,-46.117364635276,-48.095469814892546,-52.24520264995483,-45.25550326131313,-1.2139764828625508,-1.5442477982219618,-2.2391443311425516,-2.903734533078755,-3.8891533482524014,-4.595226743221576,-5.132421585644544,-5.153775842989661,-4.764299915428326,-4.1341468451221095,-3.3346645422638455,-2.7041048781174313,-2.328150219494345,-2.060540913993976,-1.9904198535680084,-2.252400745087519,-2.5778742154852576,-3.2059513517296474,-3.9505574936397947,-4.858815902500208,-5.73284939966011,-6.337843079700706,-6.484808883755823,-6.360233791870479,-6.032401278900253,-5.4487079521862904,-43.92011391572355,-4.771131201453443,-4.710138442432787,-4.799167758741596,-5.1075682736243735,-5.620930424632561,-6.453725998378374,-7.192929742400011,-7.95162156558318,-8.518844036308668,-8.975519099821375,-9.02756206347324,-8.914762645415777,-8.61299556954048,-8.334828393293932,-7.98422388417646,-7.885167465080477,-8.229043938394069,-8.348546275899086,-8.677107417695339,-8.967242297513677,-9.325966981543015,-9.709472897291379,-9.964666339527165,-10.024857277070833,-9.994540994013946,-10.043782242254968,-62.24520304278592,-45.08516930426016,-52.24520264995483,-56.22460312950629,-53.21430317286648
-43.21599120115178,14.050726688455388,-47.622911092081665,-48.26749098435084,-48.26749098435084,-46.22629115779159,-8.777398838213918,-8.728058947855848,-8.908127545863703,-8.84385815378327,-8.8794725695202,-8.508634841386002,-8.20536415387005,-7.661419107256654,-7.2806799787711,-6.822072567008145,-6.431752089721004,-6.208045584512018,-6.176063345216459,-6.2599050585808715,-6.415391241472275,-6.680079692350183,-7.022344321452843,-7.4067128260293895,-7.516330062759965,-7.419569577264662,-7.0856903317807705,-6.530909227152797,-5.921245356766219,-5.437909433592417,-5.073448794291106,-4.666974960349691,-53.21599120115178,-4.609197882215726,-5.035275134427261,-5.441423789414114,-5.9071092481268295,-6.749185551643917,-7.393538983102012,-7.498772007839024,-7.4185839576471135,-6.811959518599696,-6.146286354982512,-5.410073269097846,-4.879389705750661,-4.4272995487626545,-4.261427139202308,-4.223738345984038,-4.3934502567438924,-5.13285138944434,-5.800014566013584,-6.5580127606517555,-7.607468441147399,-8.51170227731953,-9.146333806649867,-8.842251539751926,-8.358599551213803,-7.241274224899245,-6.40916966325368,-55.25719102771103,-50.20569124451197,-49.236591114431405,-62.24689107107122,-47.622911092081665,-62.24689107107122,-59.236591114431405,-56.22629115779159,-51.10745754800285,-50.20569124451197,-48.097157591363036,-12.163743094497892,-11.172484921324163,-9.827020559198647,-8.709421212904436,-7.948060802598055,-7.309690042295348,-7.035248643406406,-7.117366865295832,-7.357874202403082,-8.027941337499236,-9.124778538250597,-10.462819664614697,-12.008524720493261,-14.191610391261591,-16.087810996099016,-16.586288832988714,-15.31366741841202,-13.264796898361805,-11.649742431332474,-10.437035616691121,-9.607573031331812,-9.132552782869045,-9.015174667649848,-9.0879427476078,-9.615148168235491,-10.65227194873292,-59.236591114431405,-13.906882544433008,-16.630511650626556,-20.941945298719222,-24.849585644248272,-21.67746129590856,-17.610797717665047,-14.65285676622983,-12.863194880047285,-11.585197805138929,-11.104618921274694,-11.228046327671814,-11.52626777867033,-12.272809034684016,-13.743063332946601,-16.03720699499885,-19.146333474981084,-23.8906197233441,-34.071237375473416,-27.064384281592872,-21.401485465858016,-18.881093261482512,-17.505602724011297,-16.57933541633303,-16.723008201824783,-16.75931274683561,-17.31398409726393,-43.67356610675854,-44.11775750464266,-2.510251781262091,-7.096621642511526,-7.749454458605244,4.944578184047722,15.989150524767833,8.873515682238018,18.756915922947655,-62.24689107107122,-52.24689107107122,-10.21620860556075,-9.346633899008438,-9.182619046293466,-8.838485320569403,-8.930593951602496,-9.009791937871135,-9.460589570943911,-9.963092447854438,-10.075421621728147,-9.603908963471103,-8.745942512334096,-7.694710410549709,-6.518151765517672,-5.430671111764351,-4.44883456258463,-3.831337736232381,-3.2889261767920317,-3.12551011494876,-3.0343455648332336,-3.2241415046709387,-3.590255994056874,-4.100620306807853,-4.831829388771071,-5.487413075115292,-5.894848891283991,-6.116299529059183,-47.622911092081665,-5.05535232059078,-4.276987066022622,-3.398156187186427,-2.7332775867985095,-2.168858514154246,-1.863416062109611,-1.7075371071558023,-1.719086352555719,-2.059232778043199,-2.5535892277771515,-3.2109128706165113,-4.020523297669133,-4.741992414273347,-5.330030487017526,-5.6376296198916185,-5.019951215342301,-4.3521416006597144,-3.411355394307016,-2.587728294085559,-1.9101731241757969,-1.4661820168609483,-1.197743840815682,-1.2026686984151607,-1.402929948536169,-1.7989660586184917,-2.483148556574859,-52.24689107107122,-46.56487383040127,-51.10745754800285,-48.26749098435084,-48.26749098435084,-46.56487383040127,-52.24689107107122,-46.11905250387387,-52.704465976677966,-46.11905250387387,-48.097157591363036,-1.116845284558608,-1.2891147562219716,-1.8868337717969752,-2.419544394052941,-3.311359192517415,-4.085989997806037,-4.916773045233152,-5.2675479749014595,-5.037925894558326,-4.627755440576189,-3.8267615276717044,-3.113156231568965,-2.6155086824590636,-2.2851904505415654,-2.0699106145669917,-2.2346397806813383,-2.4167210686420804,-3.06354623518735,-3.706595240219558,-4.512771673941931,-5.405792745830774,-6.081117139330294,-6.606720070936412,-6.599082694284104,-6.29616366760117,-5.768818020893827,-42.24689107107122,-4.914918211384506,-4.886688956956056,-4.844772464919428,-5.136313668772008,-5.543606753426072,-6.262652001788201,-6.958494953569296,-7.8163901940630875,-8.66510516058329,-9.081484435297194,-9.104636308496211,-8.987098575851416,-8.666304817229642,-8.473938162534942,-8.15077145445377,-7.912441210946133,-8.284862811649413,-8.386612859124682,-8.795251991535352,-9.175012257363061,-9.378510611347632,-9.699356587783043,-10.177634469491876,-10.048400690990192,-10.024800132816473,-10.162880845603935,-46.93210190064867,-46.56487383040127,-55.25719102771103,-46.93210190064867,-52.704465976677966
-42.94562712311282,14.057801889800078,-51.10038285718738,-52.239816380255746,-55.25011633689556,-48.26041629353537,-8.793182918202525,-8.905262882291854,-8.987102695780397,-9.074556660608108,-8.87231839900698,-8.604147819821804,-8.240138411137627,-7.783945759767866,-7.365321658689687,-6.891815954572164,-6.532787788403934,-6.285813379224111,-6.246466904682958,-6.21169867112636,-6.52369437317907,-6.67011338518005,-7.139060220460509,-7.242492303045617,-7.644911417185611,-7.452160802061313,-7.239030449145699,-6.723645576059104,-6.020942587946314,-5.606727631372453,-5.171845404409144,-4.817751096757473,-52.697391285862494,-4.695324110752969,-4.899334727562969,-5.366132165505412,-5.845748573084966,-6.727012624566559,-7.322040497129455,-7.554496825539967,-7.646057463079307,-6.980302774300245,-6.3073100685828,-5.62591171647974,-5.129399607055333,-4.627079573558209,-4.456791268918135,-4.17754838174303,-4.362909665986365,-4.946021841966472,-5.5351218059309755,-6.177884578423416,-7.350785623556638,-8.415719117471005,-9.162182835397362,-9.260264270594663,-8.704193195414328,-7.611854855706315,-6.838411718793312,-56.21921646697612,-49.93532716647301,-55.25011633689556,-53.20891651033631,-52.239816380255746,-52.697391285862494,-55.25011633689556,-49.93532716647301,-46.67679137258287,-62.239816380255746,-53.20891651033631,-12.553819452082763,-11.972849882299737,-10.467049392537835,-9.317920715037962,-8.400496298523958,-7.745572316283439,-7.367583727074507,-7.31057911700833,-7.358258934933291,-7.741007528587483,-8.729084817288985,-9.932134647687983,-11.361079572398156,-13.065706833293945,-15.025832499770592,-16.71045833116473,-16.70754212945174,-14.693122653821254,-12.721343584951795,-11.382986738345144,-10.112561645985918,-9.525211096629148,-9.154236437047105,-9.052235765894753,-9.450246249125486,-10.17668578257885,-62.239816380255746,-12.918682175301273,-14.957171430350929,-18.246194579017466,-23.08898536374374,-24.829877064406887,-20.371099898922647,-16.553927428632033,-14.269912753482163,-12.468755971004828,-11.824113197062655,-11.433659472869177,-11.613056299964759,-12.180293619190527,-13.04516535328788,-14.834926161875938,-17.194156709065226,-20.186419114394795,-27.01276645290825,-35.555957685134786,-25.718320169985468,-21.08371122981941,-18.93547577130648,-17.609252221958236,-16.963517835036438,-16.726170642856523,-17.007425994567487,-46.111977813058395,-52.239816380255746,-2.5031772846655542,-7.089547084367003,-7.7423798353021835,4.951652742192245,15.996224939659342,8.880590147328029,18.76399065025185,-53.20891651033631,-52.697391285862494,-10.078764496425649,-9.601255305213947,-9.34381550286949,-9.427027567861057,-9.555674913837844,-9.75846451422891,-10.158817536887106,-10.278468825825907,-9.928868900331617,-9.108043277613632,-7.999301867303593,-6.853614090758704,-5.743469917234496,-4.783346602309198,-4.097073822842488,-3.53665514358233,-3.299703732370708,-3.103521311647448,-3.3437740802295663,-3.623122387380705,-4.00060997451576,-4.558765469752811,-5.242392627481834,-5.708221769878068,-5.954364350510292,-5.8879458489174645,-42.94562712311282,-4.489941551202067,-3.6934406959522463,-3.016621507707061,-2.3710919881485175,-2.0310472326957747,-1.7617348914749877,-1.739810322045057,-1.9395498784718355,-2.370979782944292,-2.8553694139104016,-3.6408954002819396,-4.377492678785652,-5.0604997738736355,-5.4644312293552,-5.324395462876341,-4.775926990348719,-3.7878312085737846,-2.977806987729768,-2.277326902141432,-1.631399140671845,-1.3791489216661135,-1.1594933284244084,-1.1895679280574347,-1.5332587042575323,-2.13124744778659,-2.842128607490189,-46.925027209833196,-51.10038285718738,-46.67679137258287,-49.93532716647301,-45.25011633689556,-50.198616553696496,-45.25011633689556,-56.21921646697612,-49.93532716647301,-62.239816380255746,-53.20891651033631,-1.152732255399279,-1.5038021984036576,-2.0116328644630417,-2.7403570318045043,-3.462579053413381,-4.332426812054997,-4.91644135545716,-5.153695785488585,-4.903888194933861,-4.3272269298349695,-3.534928620995877,-2.888352946821306,-2.4604186103759322,-2.14216366740248,-2.0467712355844156,-2.112919909413128,-2.519858237084992,-2.997189030922253,-3.7979971451977903,-4.608495267360315,-5.4932988159837315,-6.102740217838553,-6.3534134983037704,-6.457723735752099,-6.183049783890676,-5.6525873364196535,-45.07978294390775,-4.8179640274399835,-4.720546483250226,-4.856371513359953,-5.021347374710024,-5.641253100690222,-6.300258075070554,-7.021469068092029,-8.004441349233831,-8.658335302188448,-9.16207596566164,-9.227041324388882,-9.067334042836261,-8.629246487665,-8.523080173745909,-8.083940554415975,-8.173375903270546,-8.292481137658836,-8.469669808194247,-8.9189679848221,-9.136282762161738,-9.656772575805471,-9.935326903393163,-10.151292955279423,-10.356382272902831,-10.118340108004869,-10.410821552654168,-46.111977813058395,-51.10038285718738,-52.239816380255746,-51.10038285718738,-46.925027209833196
-41.67061726571205,14.096216422971894,-55.21170165718607,-52.201401700546256,-48.05166822083807,-56.18080178726663,-9.040649154478889,-9.087339021646166,-9.122143533541266,-9.143676164651046,-9.08640635239979,-8.788302910386975,-8.394767488338037,-7.856910297700667,-7.497752582957004,-7.027793019069452,-6.611377750182018,-6.388574437904416,-6.299617647750688,-6.29698513944374,-6.572325901501279,-6.705753639107592,-7.156135602844845,-7.421844367133044,-7.632808893517815,-7.662395870781773,-7.335609082590696,-6.97346579211135,-6.288039397166853,-5.820964367420335,-5.318227385720853,-4.924615060724097,-50.160201873987006,-4.756492635763,-4.9016505036326805,-5.229727206574392,-5.752586434807506,-6.461737516049668,-7.07666540967325,-7.708454250350583,-7.870779164850611,-7.591912357710864,-6.975068705593916,-6.179824691273596,-5.482373022252115,-4.909980852675988,-4.617544578273962,-4.285772543979796,-4.426553389777174,-4.656565258279085,-5.127402978435129,-6.022762917623643,-6.938978635186902,-7.93446748653299,-8.878775061422429,-9.45382107874165,-9.327101895154952,-8.650240125753577,-7.704936387029585,-59.191101743906444,-49.6486766495132,-48.05166822083807,-56.18080178726663,-53.17050183062682,-44.34810335043858,-51.06196817747788,-59.191101743906444,-53.17050183062682,-53.17050183062682,-51.06196817747788,-12.476595927497215,-12.99547298371678,-11.935374544607264,-10.760487758614087,-9.504777925456475,-8.649186107319673,-7.87868528592666,-7.57990837560547,-7.434113952564106,-7.514709362834595,-8.018488269785077,-8.886622796054434,-9.948929347551449,-11.641161954131558,-13.450962965299663,-15.59179861555643,-17.436852994524745,-17.037238090092725,-14.841821647051262,-13.108730691529946,-11.340295807383487,-10.395956614214054,-9.834794953132352,-9.180257979329413,-9.174089051103191,-9.584253866210158,-53.17050183062682,-11.190085392566843,-12.416994071645657,-14.875454192420484,-17.984046759405725,-22.912836313773404,-25.810523147630136,-21.828332589472566,-17.17494551323727,-15.183218714672593,-13.661379308738042,-12.714485373779867,-11.817863039657412,-11.758787907399846,-12.185449155628627,-13.340726519990781,-14.642272532586434,-16.61611626001362,-20.22143275628727,-24.246077471219273,-32.93283478990216,-28.117305608590726,-22.7211867004281,-19.71627427070985,-18.277070418135985,-17.621826087749454,-17.67893555984196,-45.66927656279282,-46.8866125301237,-2.464762377863318,-7.051132137748789,-7.703964827024913,4.990067688810459,16.03463993256815,8.919005014009983,18.802405625036428,-46.18080178726663,-46.519384459876306,-10.522972682382573,-10.231519648358097,-10.304449750391571,-10.663466242022304,-11.005016506354439,-11.308534166507693,-11.042768354050112,-10.410827254248945,-9.206329103991191,-8.023364433762568,-6.843398980356936,-5.789497396697247,-4.813081086422838,-4.190652585659572,-3.694148800437223,-3.4937062074075276,-3.518149529757168,-3.589517919330584,-3.980446825980734,-4.465987387322711,-5.15247050432433,-5.616431982197606,-6.138308301727582,-6.173153928164955,-5.831981462575026,-5.316340281374032,-43.628076736233574,-3.6326151695631532,-2.9208655024905665,-2.3623571000278676,-2.039219100421116,-1.8458196826574436,-1.8672767067372882,-2.150467661046433,-2.5248362649508156,-3.1807091758357813,-3.8294330622385258,-4.676853231150982,-5.2974201904896265,-5.599788712970744,-5.406814057615591,-4.802198555988944,-3.9688181392479613,-2.9923146746372478,-2.2853047206490937,-1.7674133127457132,-1.3647384825938824,-1.2743322609595777,-1.302845132213847,-1.5728901665337591,-2.095197092918901,-2.878729302859859,-3.728192386866996,-62.201401700546256,-59.191101743906444,-46.638376692873386,-55.21170165718607,-49.191101743906444,-14.365868018508932,-55.21170165718607,-59.191101743906444,-55.21170165718607,-49.89691248676351,-62.201401700546256,-1.373246634001721,-1.8653548473590038,-2.5515588949703427,-3.29197990331429,-4.110924529723505,-4.926371791032079,-5.206831268585716,-5.1038104890499705,-4.594267598312104,-3.8500471297567946,-3.154506121475354,-2.649624977268866,-2.2563473854002365,-2.079861067528289,-2.111067550094852,-2.3111061358730707,-2.795912903338051,-3.318747297565836,-4.202588454457208,-5.037987210156743,-5.7197050987365365,-6.408402877912241,-6.57093593278606,-6.413268404272825,-5.988537787656716,-5.467533843645041,-48.22200161382588,-4.821195133883846,-4.65454785284508,-4.817004878678498,-5.159467453195889,-5.707741683390721,-6.405840698792339,-7.322371761931482,-8.177463996890664,-8.8276679051301,-9.34895743149334,-9.338880975816243,-9.084011149557906,-8.87376588028752,-8.483244784334582,-8.090190143686682,-8.219743750682783,-8.234352974933044,-8.48629016214493,-8.850675675889313,-9.314394512432546,-9.707828154804588,-10.212138252286433,-10.32320608236734,-10.421941153379631,-10.406515465264,-10.450634499718866,-52.201401700546256,-52.658976606153004,-50.160201873987006,-46.0735631333489,-52.658976606153004
-42.316681165143386,14.113219634210534,-49.87990935434641,-59.17409861148933,-41.502539967338066,-44.94163995799028,-9.021654329533654,-9.085500228349419,-9.084585464542501,-9.078824699605931,-9.03500852726523,-8.745017562756555,-8.448860651916112,-8.095675633387799,-7.546886984014226,-7.052368953533438,-6.661489202988857,-6.405162717058468,-6.269367419059298,-6.353261341989312,-6.462690501313563,-6.52733668355358,-7.037858806118353,-7.313509928179314,-7.697706489076964,-7.674214220589559,-7.6265581058136345,-7.183324349793053,-6.541230003056197,-6.000653927201203,-5.531177846458581,-5.076110855282829,-44.33110029262899,-4.685892070679075,-4.830254191099914,-5.151029086507571,-5.511354316113083,-6.29754786834393,-6.855606715893435,-7.63788536902706,-7.9205875685239935,-7.764620899848579,-7.2604127569288615,-6.591354274883359,-5.899078973262646,-5.207250544728658,-4.724871964939318,-4.381325955558292,-4.391168318509363,-4.581244837609325,-4.929586608494608,-5.510466661710318,-6.24531590844464,-7.468049835496945,-8.513487268780473,-9.290292843342527,-9.82038641541984,-9.407550366142177,-8.496380714704431,-53.15349869820971,-50.1431987415699,-49.63167373381316,-46.50238153831906,-52.18439876317451,-52.18439876317451,-56.163798654849515,-55.19469852476895,-49.87990935434641,-52.64197369045297,-52.64197369045297,-11.83210288135907,-13.170796144176027,-13.062124675703949,-12.220245237007232,-10.941443730790079,-9.5754596790481,-8.683392326213891,-7.976625486565357,-7.65167412491803,-7.483220298040778,-7.671693403141882,-8.193115233892271,-9.037196632289838,-10.016249582663292,-11.605456283552131,-13.410166457410567,-16.00046587535535,-17.613910437069414,-17.518094583384602,-15.754118293783266,-13.651554653009931,-12.100228104305337,-10.744482284171768,-10.027150658269026,-9.662618312639657,-9.391905077857224,-55.19469852476895,-10.167123630697354,-11.074194189472932,-12.618248847889236,-14.36297034778364,-17.171066576215857,-21.9832725470885,-28.292737817362564,-24.531439170137958,-18.3448092752736,-15.61058890705417,-13.885702787360723,-12.967065767348275,-12.409265930738933,-12.292170416580586,-12.433022590314572,-13.292502529489525,-14.728576191228228,-16.50684393691342,-19.167805849476103,-23.980413322507957,-31.044965307121736,-30.769900878719678,-24.362540029460273,-21.70114582236128,-19.309740351530195,-18.457303495870246,-49.63167373381316,-49.87990935434641,-2.447759238590352,-7.034129393761357,-7.686961485753134,5.0070704327978905,16.051642855650226,8.936008110841703,18.81940853506388,-62.18439856812914,-56.163798654849515,-11.44190444707182,-11.482209122789175,-11.93605408981496,-12.248052501874557,-12.075422872282125,-11.612570151293085,-10.777276331856516,-9.320866684000338,-7.995124529069154,-6.756231499094561,-5.694245089964549,-4.853220590893296,-4.383011692886761,-3.971491391472183,-3.8727098568049327,-3.7643440648698507,-4.05483043421188,-4.38461222898612,-5.005414782545219,-5.534220377264805,-5.962569426663466,-6.233307047739677,-6.099127475313506,-5.781075089353402,-4.968518339406146,-4.200426425940754,-59.17409861148933,-2.8005774813128355,-2.4228024832397126,-2.086589053300307,-1.849638307525583,-2.061945886346707,-2.2406768640400068,-2.714313120885495,-3.250731618262463,-4.026569621990669,-4.761350718348941,-5.354559282389388,-5.605659141343679,-5.317991443052571,-4.672839569861373,-3.8484655922503586,-3.0057059068277,-2.3417457539336386,-1.7853656432838314,-1.4020461692716177,-1.2751730827759398,-1.3606171632438726,-1.6571667009580966,-2.0873406085760102,-2.7652610462816813,-3.578934457543644,-4.496242406181013,-49.63167373381316,-52.64197369045297,-44.94163995799028,-55.19469852476895,-50.1431987415699,-52.18439876317451,-50.1431987415699,-53.15349869820971,-62.18439856812914,-46.05655992164506,-44.05526500170058,-1.7470475905258036,-2.280454897001411,-3.0758235425959985,-3.877171365822062,-4.638515416081669,-5.162126838711853,-5.179957835562229,-4.7835127247691105,-4.194165279037907,-3.4316442880628295,-2.7894256651634897,-2.340237451623788,-2.089358531307101,-2.020094938312849,-2.171817873094507,-2.3921208400725513,-2.9817407484035447,-3.7348823864689686,-4.662338594985163,-5.364708816914009,-6.077616058148018,-6.476389867452188,-6.4907064517359565,-6.149003494701914,-5.660339658632938,-5.148690842784804,-49.87990935434641,-4.607667498229978,-4.643324439374826,-4.853863515386221,-5.195593478062106,-5.962040841896884,-6.75831013952172,-7.571800162688714,-8.321888524895279,-9.012271595861932,-9.24933659649094,-9.310927797135161,-8.77399259644497,-8.556672087551465,-8.258414088676462,-8.010528532684107,-8.169893688032207,-8.176118497062724,-8.636382752868832,-9.02559719996389,-9.297949643023335,-9.841149239920986,-10.065721061448205,-10.251454866824876,-10.418132661027089,-10.38308247252889,-10.427280472017003,-52.64197369045297,-53.15349869820971,-43.04625997293392,-62.18439856812914,-55.19469852476895
-42.88336497513693,14.12006358747005,-51.03812069980495,-51.03812069980495,-49.873065308924026,-62.177554522706764,-8.93841600156373,-8.847900771066758,-9.200868689345658,-9.01648764696198,-9.075635909010083,-8.868791981617804,-8.420808485366617,-8.0290069497704,-7.566157374822349,-7.1586401605494405,-6.710425342113822,-6.381399107070724,-6.251412624203583,-6.312840451238363,-6.351240387666055,-6.701222648414024,-6.89089405344385,-7.300516236405327,-7.629715369179828,-7.772226311406916,-7.859206448709273,-7.22548441517724,-6.840621637997949,-6.226992429226473,-5.720650316014538,-5.109899095725522,-45.017520786525324,-4.57544148189832,-4.85167107926644,-5.031491359136268,-5.373763916317326,-6.054018882904943,-6.835452462166031,-7.3779162764591,-7.906833805185468,-7.857487654008556,-7.512125872035571,-6.897223524517672,-6.270807622982565,-5.51427490606014,-4.897158961751963,-4.57332216015269,-4.367516062486643,-4.603214598998796,-4.682131750613568,-5.286269262702808,-5.971177046370356,-7.04883021353162,-8.039462167934332,-9.26331102643682,-9.798499732191146,-9.656673669945674,-8.823276189190459,-62.177554522706764,-48.02782129285979,-48.02782129285979,-59.16725456606695,-48.02782129285979,-62.177554522706764,-51.03812069980495,-46.156954219643666,-45.27559353681045,-46.862765428712336,-55.187854479346576,-10.921538216802373,-12.497724641011203,-13.19200254171204,-12.697731083898399,-11.653039384402053,-10.572599069943585,-9.619500626997379,-8.762160513941836,-8.009868671667977,-7.528100603802734,-7.839920344685961,-8.122161633096445,-8.441502124721625,-9.212438363281233,-10.58329624412903,-12.52248001778161,-14.57981870154908,-16.749175967143685,-17.58362990497011,-17.166962160384905,-14.928490978650103,-13.041852688456036,-12.150150390827593,-10.547253221457511,-9.74625580856481,-9.725266661010766,-47.5535747677307,-9.951820659925234,-10.324371900011728,-11.28143505468104,-13.100324705878275,-15.000433639019919,-18.124944798677383,-23.698744495322863,-28.105345740962434,-23.377998744965147,-18.415435748222695,-15.768270220331203,-13.87442686858535,-12.67858240083048,-12.073791883590104,-12.665150886715438,-13.074192619956994,-13.738875659075923,-15.575732086999976,-17.769565278095467,-20.99292327846101,-25.342581364489,-35.347084059450324,-29.473095515019057,-24.15871740819293,-20.908451477566558,-19.491774812838866,-48.19815428007299,-52.17755413292329,-2.4409149612997645,-7.0272850054510885,-7.680118020283089,5.01391482110816,16.058486617878973,8.942852120297053,18.82625248965451,-49.873065308924026,-55.187854479346576,-12.27763105407984,-12.459185574515438,-12.89231568031331,-12.898412672161182,-12.364987811166227,-11.222025541429838,-9.948829523075323,-8.518614137999341,-7.1406146635057235,-6.102307362333573,-5.3781541196298575,-4.673450629257331,-4.223336170280038,-3.952474143749693,-3.901736160504101,-4.227205164263327,-4.563734920006274,-5.076474429183671,-5.545777318086401,-6.090102048120119,-6.268289536362199,-6.114558070871116,-5.952005789035697,-5.2202688864589515,-4.322626296061812,-3.7059632331212495,-52.63512899522077,-2.469206115527045,-2.138535386845039,-1.9101631613897163,-2.0245608577406813,-2.1775546734646185,-2.612105193744414,-3.136931602216628,-3.7399334243332816,-4.521517310544548,-5.25810651015583,-5.537211500756104,-5.421145624977042,-4.9088407615065135,-4.0343788607572675,-3.412639643663086,-2.5792442754020235,-2.0097271888838093,-1.543391641724835,-1.4221288349357655,-1.3588915558308459,-1.5200177630334695,-1.91625641594642,-2.554348989329394,-3.2899825434214485,-4.0549405179808975,-4.864116732576976,-45.18785473920224,-55.187854479346576,-51.03812069980495,-45.187854297447615,-52.17755413292329,-45.64542895186058,-45.18785473920224,-43.5443258681072,-55.187854479346576,-62.177554522706764,-44.93479565509608,-1.9841935887181386,-2.5063028090640054,-3.437023345934926,-4.22386473072953,-4.878588072138573,-5.143866470540198,-4.942595606450685,-4.491203102175444,-3.713459651679555,-3.1564696180382974,-2.5516594142138227,-2.1240288243539465,-2.0253654616037533,-1.9765532862534232,-2.1101137452901395,-2.5992937269435066,-3.1284851800788225,-3.9610440909691498,-4.757495429247911,-5.572001808298266,-6.19257138275712,-6.440254033910432,-6.249160883014429,-6.020957035197826,-5.460042474586006,-4.9898147336855265,-48.02782129285979,-4.489538536396283,-4.698078616298059,-5.007002317116744,-5.355851020054018,-6.03765712125095,-6.839668566207022,-7.668108164744428,-8.44790067877822,-8.878838706828876,-9.317371223905498,-9.122213495960244,-8.773192615281296,-8.538991588532422,-8.131064235730378,-8.010733228671173,-8.060011086214931,-8.352179288528506,-8.460652528724989,-8.959292745028431,-9.272756649255689,-9.791448898415089,-10.197117553193563,-10.341269434013174,-10.469043390941032,-10.262010267991538,-10.381461936105683,-52.17755413292329,-50.136354696147514,-56.15695460942714,-56.15695460942714,-14.353812783891465
-46.899335670893755,14.083492849171957,-53.18322500977217,-49.2038249230518,-49.2038249230518,-49.2038249230518,-9.140769332319637,-9.276588784215999,-9.08507693100706,-9.066922507211729,-8.979025594194269,-8.686705739624934,-8.4992900627029,-7.967758466878394,-7.365932518310671,-6.874257426537772,-6.656072797402742,-6.600201040512948,-6.6381745845939735,-6.562674060766324,-6.90299070016657,-7.244800565727885,-7.739366130237434,-7.74184678031151,-7.881788349805973,-7.614639305409455,-7.066668885257608,-6.501777992335588,-6.016181930274017,-5.39714577770526,-5.123860096951788,-5.150557713077807,-48.234724871256844,-5.227674261836157,-5.579858362309102,-6.182551291319845,-6.816026955028464,-7.6101833772661145,-7.806293253697737,-7.839505130194986,-7.392466250047894,-6.773320314335387,-5.826437672993448,-5.399134606685411,-4.673318858200671,-4.490291934584808,-4.480474030953262,-4.687764529054977,-5.29006222806281,-5.815108410571057,-6.9297790396617485,-7.949630199211612,-8.817921118118887,-9.44498219178052,-9.03798304510696,-8.270711664380354,-7.3275741695689,-6.656833934895819,-5.987322974384178,-45.681999959398205,-51.074691507172496,-55.22442483633142,-45.224424562331784,-49.909635665908866,-48.06439127452572,-43.52180745316723,-49.909635665908866,-52.21412507540564,-48.06439127452572,-50.17292505313236,-10.561978452787796,-9.46273936173023,-8.501783321185929,-7.9189112934743076,-7.310255591443472,-7.205724603282283,-7.268669301779126,-7.66372615657856,-8.567395500458526,-9.797041450351532,-11.227514733901728,-13.311648020622515,-15.324146039315977,-16.74117831054643,-15.768852838486072,-13.66541897217153,-11.95108061391087,-10.683601940208654,-10.067540674138286,-9.35598765767768,-9.283550148890377,-9.301102802319338,-9.385276333295119,-10.501981104912305,-11.852908326263583,-13.18947247067064,-49.2038249230518,-19.015780161865855,-22.83643897812999,-21.695656714014284,-17.093554241134164,-15.007488702062258,-13.059387887750534,-11.79246654343704,-11.298088262550671,-10.737361928042485,-11.15762682726318,-11.66454922752958,-13.36130427139123,-15.1673871032566,-17.886836395265803,-21.865034477772618,-34.57984506553991,-29.408341393470877,-22.78809228628763,-19.16039620474316,-16.89882468975496,-16.26169834911844,-16.004752380177713,-16.016410973653844,-16.97848066810562,-17.906925540714628,-19.880863385456657,-48.234724871256844,-56.193524966411985,-2.477485582060007,-7.063855444184385,-7.716688343305076,4.977344382374863,16.021916443818213,8.906281329036652,18.78968224887833,-59.2038249230518,-51.074691507172496,-10.844985888342775,-9.75184822963761,-8.712400804967045,-8.199223579916552,-7.604515262783792,-7.544070370619593,-7.578599138325699,-7.870847502987948,-8.328974346649373,-8.649085974272833,-8.726988287023914,-8.379113045276767,-7.722674798967556,-6.685679126848283,-5.702275302630088,-4.588202202588189,-3.94067791503313,-3.2517186942162346,-2.9917242800882105,-2.7996367707066803,-2.805912907964628,-3.1074914974153023,-3.475921876467345,-4.137279989273163,-4.737443885977657,-5.411558917123798,-48.23472466249521,-5.697149088669937,-5.298138687849812,-4.706943064614975,-3.710101460215008,-3.215104865356283,-2.4987965356131774,-2.0219229120845412,-1.7956443743300976,-1.7711382980453663,-1.9100504790067991,-2.295407400658169,-2.8982851026577117,-3.7110635151245273,-4.603624062998251,-5.0934900744581455,-5.502905939798758,-5.184411535607765,-4.644889658226984,-3.701871791934359,-2.8277571316135286,-2.157636003236605,-1.7315717891059532,-1.316486200088158,-1.3188004681535648,-1.4232500394438297,-1.8737392995412465,-46.086286232935706,-62.21412487969161,-55.22442483633142,-49.2038249230518,-49.66140004611858,-59.2038249230518,-52.67170000275839,-45.224424562331784,-53.18322500977217,-55.22442483633142,-49.66140004611858,-1.2993121803914163,-1.465536299198269,-1.5396368618792844,-2.070726032999705,-2.6455424011913364,-3.495921338338373,-4.3492796762231025,-5.011506413312722,-5.341931168110257,-4.993893166597261,-4.568687218623192,-3.84895354118536,-3.157201759396191,-2.7063885044950435,-2.433269536779786,-2.3288476166595724,-2.6067447300719095,-2.822507942956727,-3.4012768434181737,-4.206232707828593,-4.96916233285709,-5.914883683138593,-6.572437336605433,-6.672917492666577,-6.581818185287172,-6.374591685790504,-62.21412487969161,-5.332597609496224,-4.986757392149894,-5.037203771280208,-5.176079973534567,-5.598032686080481,-6.120101741914295,-6.938006518114297,-7.800441543242763,-8.827229997320348,-9.169628716585427,-9.574972110689439,-9.25825580792172,-8.903457346912067,-8.546347757828281,-8.264812767281134,-8.401872812079443,-8.117346204553987,-8.520927069947309,-8.790016396797402,-9.10657619025763,-9.644711910582167,-10.080408622544342,-10.177052748463257,-10.26606883727846,-10.443234783952342,-10.507020265398644,-49.66140004611858,-49.66140004611858,-53.18322500977217,-62.21412487969161,-55.22442483633142
-44.04471822285796,14.123766354538514,-62.17385171935519,-55.184151675995004,-59.16355176271538,-50.13265189279594,-9.070020518360607,-9.183662585369587,-9.059852812373581,-8.97577750456209,-8.951886090887841,-8.818450248113644,-8.432364635453197,-8.021362947667232,-7.5490333860001515,-7.132012275503067,-6.810060555734745,-6.529818881832073,-6.4845047066297345,-6.450783000515738,-6.542020455424641,-6.971466731709954,-7.1962645323047925,-7.570045755362539,-7.742709192032643,-7.919422299886206,-7.583894697005723,-7.162313942133418,-6.731868689187147,-5.978640382326117,-5.536418495910063,-5.1170189271417605,-48.19445150276237,-4.802418257098051,-5.014403061540418,-5.255957650041352,-5.840278332170403,-6.459651768406205,-7.0913836331828906,-7.813339071557156,-8.109387030391968,-7.972560554085332,-7.51155371388486,-6.81892315923476,-5.900551675247573,-5.227790938780518,-4.798927718634262,-4.5837268833091045,-4.486938172075819,-4.685260534739054,-5.140619762697046,-5.880357030032194,-6.637229870612773,-7.71966246247409,-8.740120176373503,-9.538130030182838,-9.70670013451913,-9.465061233863075,-8.50544013478725,-49.869362505572454,-52.17385191416387,-49.16355176271538,-59.16355176271538,-42.87966239345626,-59.16355176271538,-51.03441834613966,-62.17385171935519,-46.153252000884244,-59.16355176271538,-47.12235193615613,-11.998302086707778,-12.94576688220793,-13.182544070616535,-12.009828755096311,-10.825134758783989,-9.551572037276193,-8.5402520520241,-8.090688614326519,-7.621549285603062,-7.706585190945465,-7.924218833373246,-8.469645972449644,-9.443537785416972,-10.468975708749777,-12.141142680887151,-14.005806490626838,-16.075773825773723,-17.362293075410594,-16.916538469461997,-15.101131344316132,-13.258198272397571,-11.698883674309872,-10.690725287383412,-9.874986382820111,-9.57702898130744,-9.54874730631763,-43.60052697149659,-10.351731483094246,-11.472068563447825,-12.984640583319011,-14.824093913722272,-18.58517965444291,-23.48505686476741,-26.786858037949894,-21.848469885665402,-18.144707028061354,-15.463512450251427,-13.84059502133993,-12.764505156025658,-12.222195995445835,-12.273928279873665,-12.724437615516964,-13.597572147823428,-15.012064980525043,-17.009687810808536,-20.096969271542537,-24.917185103878335,-36.456763350781706,-29.08607425699656,-23.82583122256431,-20.893414949127816,-19.70665067117529,-18.856340541894024,-55.184151675995004,-56.153251806075566,-2.4372124541756177,-7.023582593685456,-7.676415026427556,5.017617232873793,16.062189993349755,8.946554576855718,18.829955532027366,-49.869362505572454,-51.03441834613966,-11.131268767640382,-11.19250447024045,-11.496263796711453,-11.830575894115507,-11.876281460544426,-11.506530878354784,-10.56754563538606,-9.315646870804201,-7.853190703159188,-6.726996441746453,-5.686252278077005,-4.929314922115062,-4.251805853147023,-3.8344165844602602,-3.648015187882998,-3.7542914230805065,-3.9544603547884933,-4.2281207778511645,-4.694748498451585,-5.397480978703156,-5.89318263459014,-6.092990018540712,-6.069752360390835,-5.61331060258412,-4.958935832223619,-4.201141754381521,-47.54987162840663,-2.8721024365148766,-2.424453652431587,-2.0690672225595144,-1.9247733928151802,-1.960151893526565,-2.2406800817197614,-2.595495485362535,-3.2191398472680657,-3.9285259234284577,-4.6378296946218285,-5.153986595049792,-5.431396410313574,-5.365848004653123,-4.692770237508342,-4.00597232321981,-3.1361709930822346,-2.43237451307117,-1.8105574917923941,-1.4811011403831251,-1.2787779292522838,-1.461801372636347,-1.6822529596921596,-2.2082362140074343,-2.852296235423891,-3.5743427817166697,-4.407159416970422,-51.03441834613966,-50.13265189279594,-41.20475145940218,-59.16355176271538,-46.85906251073486,-55.184151675995004,-56.153251806075566,-51.03441834613966,-47.12235193615613,-44.931093109112126,-48.19445171055829,-1.7939727547781528,-2.325910938204249,-3.0834076164794273,-3.8695434593027755,-4.572395146752388,-5.164462021896678,-5.132964277076532,-4.848466858227266,-4.151883841661593,-3.4818870502815007,-2.9098866349463552,-2.4760917922417307,-2.1036451894396766,-2.0651005796752404,-2.1461456730221573,-2.5970846006265873,-3.1063543820737345,-3.8317688630601476,-4.538538631441113,-5.4870762289465045,-6.104022435432336,-6.420483693160904,-6.578460229744655,-6.028834261645722,-5.559511377663102,-5.252894671118397,-49.869362505572454,-4.700106694278497,-4.655766201036234,-4.859801495968914,-5.407061847598862,-5.909616485096457,-6.74736466196229,-7.673547955615403,-8.494089817822553,-9.070041811945481,-9.465061470407376,-9.241441756734133,-8.785105348893214,-8.369043876321808,-8.118049213814357,-8.07276310187001,-8.046542281826595,-8.101336670408305,-8.406440155005205,-8.93125338687915,-9.170071073912862,-9.80623731442168,-9.893725666358918,-10.365570529588071,-10.36720337067787,-10.388225767906427,-10.297037204096945,-52.63142684141603,-55.184151675995004,-48.19445171055829,-46.04601307296732,-46.04601307296732
-41.634034279973775,14.132799262062004,-49.860329380472734,-46.85002946199099,-49.860329380472734,-52.164818399649285,-9.037439837230966,-9.085154418572905,-9.164388065361605,-9.40947066000351,-9.113950275905829,-8.942129181205116,-8.579607078942423,-8.066957868982211,-7.500339188373067,-7.143812676904374,-6.838803486249347,-6.472742044609932,-6.414453571723558,-6.434326511392268,-6.577444998025896,-6.716340073701917,-7.088364332934802,-7.424259387283474,-7.757348716045151,-7.886778049473308,-7.955677269429051,-7.4541027475512225,-6.777548322068463,-6.319945826105159,-5.83182113790476,-5.290278345162011,-46.14421848636966,-4.785612170240977,-4.838549108516458,-5.112392757397557,-5.402740034911804,-6.192596300739931,-6.903856455100451,-7.541123508408468,-8.039406454577623,-8.130095719005556,-7.768508056946636,-7.177840435325628,-6.535077352456545,-5.858729742974785,-5.139048629781172,-4.626560395861639,-4.425711280158669,-4.64829436746176,-4.733328607926262,-5.185057573672833,-5.903130009377787,-7.020337362278498,-8.022273946942436,-9.203741178549697,-10.01053190210914,-9.96033801268885,-9.331082489455275,-56.14421868097584,-48.01508523929485,-55.17511855089528,-62.164818594255465,-50.12361876769623,-47.54083872710854,-52.164818399649285,-52.164818399649285,-55.17511855089528,-49.860329380472734,-47.113318811056416,-10.77494317527163,-12.533648880376528,-13.177950673870082,-13.081845399685921,-12.331397974370752,-11.10440629478819,-10.081776132195596,-9.092062056173793,-8.375717957413242,-7.7271678891662345,-7.886583336866658,-8.042078574166169,-8.40102005024953,-9.082312507640104,-10.182538104438525,-11.785058516517527,-13.988305672893027,-15.93677447973365,-17.50563918647746,-17.80733043434837,-15.655723928333472,-13.9846721142199,-12.650957640301346,-10.973679368605584,-10.219869832528117,-9.995615289282105,-51.02538492149003,-9.884281781653812,-9.949606601367849,-10.82863137477991,-12.307321653035725,-13.869143758818584,-16.324221709658282,-20.722190483058704,-26.091341064482087,-26.915667354584613,-20.697338679483646,-17.17647713438941,-14.79058599551766,-13.624613860105654,-12.846935894624053,-12.841856896568292,-12.946653620313498,-13.283023857314957,-14.731445762435735,-16.397259925710948,-18.784239781086335,-22.40315340557981,-28.29092025642865,-35.72043273046695,-29.26002040246054,-23.429287746085382,-21.062289676069717,-59.15451863761565,-52.164818399649285,-2.428179153651885,-7.014549160327417,-7.667381696332061,5.026650666231831,16.07122309808537,8.955588128177679,18.838988415215102,-46.601793370353505,-49.15451863761565,-12.894555723251095,-13.03319950917871,-13.183492894844393,-12.705949553628884,-11.786372062334667,-10.411411076649195,-8.96630713405843,-7.64667795787931,-6.451341394253777,-5.492438113592717,-4.9549855323642795,-4.374246122212776,-4.107085797338529,-4.051180022185287,-4.121208796044376,-4.49625275543972,-4.889194834962021,-5.433383127730219,-5.98643090052272,-6.2542948607641975,-6.24293973314639,-5.88213508603736,-5.3365379858837105,-4.578235361059376,-3.798887493398833,-3.175790295669513,-52.164818399649285,-2.2816374583990626,-1.991103925034512,-2.000795388067843,-2.091485108653267,-2.4356845118432675,-2.9152784687831907,-3.521386924603081,-4.195545065896721,-4.9461434031874925,-5.454479777121939,-5.607423393815551,-5.169519735178094,-4.493520056969514,-3.7586771758054476,-2.975031759607992,-2.3346121224052627,-1.7106306459368867,-1.5671516443183344,-1.3600650678546375,-1.4434011651426415,-1.7648350798885581,-2.1588423444347264,-2.834478524476859,-3.697168186694481,-4.531257352275464,-5.208425590535458,-52.164818399649285,-46.03698010616632,-55.17511855089528,-14.32434272344059,-62.164818594255465,-53.13391872433603,-52.62239328363313,-43.472501624862865,-51.02538492149003,-49.15451863761565,-52.62239328363313,-2.2030261474165513,-2.9154903224864235,-3.7583760567595004,-4.656635130108554,-5.153544187431582,-5.275551017822554,-4.8518322589643965,-4.3075063688498,-3.5583905242228697,-2.982323226175023,-2.4727614154154236,-2.0426700120033914,-1.9952997614037957,-2.0526632960176854,-2.3258058066920317,-2.681902024808873,-3.3784232145411526,-4.180487519203551,-5.099006196902922,-5.750226379287184,-6.398065465946155,-6.5320846319855015,-6.2206059280579415,-5.844327488576958,-5.386104057014403,-4.8064275900392515,-51.02538492149003,-4.44375856723573,-4.639010432889038,-4.986175565905505,-5.324825618737357,-6.047574914230033,-6.940676179057555,-7.834212238780185,-8.668508274514386,-8.954035663314961,-9.167567273764513,-9.077040555873094,-8.638170264401282,-8.27917086406744,-8.076976783077873,-7.769723331548555,-7.783304489114587,-8.176931999979548,-8.364371387052111,-8.782963731814737,-9.320376233347952,-9.870432308125737,-10.21476614577528,-10.373295297358949,-10.416373269911093,-10.320573710360378,-10.288342122842513,-46.14421848636966,-62.164818594255465,-14.32434272344059,-48.18541863727255,-59.15451863761565
-42.715823630982655,14.08789409553075,-49.19942377742398,-56.18912382078417,-56.18912382078417,-46.08188508734819,-9.188818517812075,-9.271039988727853,-9.207835277399951,-9.393005164602796,-9.135939981841222,-8.75238001365913,-8.272901152859426,-7.810967280910096,-7.341891974188127,-7.0601974030260735,-6.672397914100517,-6.5656080581475855,-6.5526618965940395,-6.7458641394028,-7.160613125948699,-7.460906208927748,-7.814738683388967,-7.978494146967843,-7.95906272161412,-7.77294866415194,-7.210297206586116,-6.6700929475630115,-5.96463391622785,-5.496551272804911,-5.141991583644302,-4.9823807981883625,-47.15822395086473,-5.268904377696714,-5.801869171696168,-6.494475417407861,-7.128225950702287,-7.741805589876918,-8.130565560088856,-8.052630038227466,-7.453404126110403,-6.612512293897561,-5.843631110686809,-5.2284750316696185,-4.7955443308196575,-4.609111903050638,-4.628601994701197,-4.781451668640019,-5.392500348827465,-6.14752307363005,-7.2218507247452255,-8.24016708701093,-9.236671806846267,-9.572392940614352,-9.18914331139055,-8.257980313626078,-7.230853096535395,-6.3693419970921585,-5.676884289095986,-55.220023690703606,-59.19942377742398,-51.07029036146841,-52.209723929678674,-56.18912382078417,-52.209723929678674,-52.209723929678674,-49.19942377742398,-53.178823864144356,-51.07029036146841,-49.19942377742398,-10.425796510809274,-9.13694620387767,-8.06209511882328,-7.578486901283796,-7.173396310653295,-7.237040110833343,-7.5224112848559,-8.06124329115676,-8.964409279998302,-10.377024940040835,-11.915480191062567,-14.090423021026876,-15.813066547876257,-16.160338842161593,-14.66226657985777,-13.112772798462233,-11.704650585161552,-10.451070124733686,-9.464797237842786,-9.203660109931812,-9.101091851800115,-9.219687272616405,-9.94844376136562,-10.832386018514256,-12.379734074581538,-14.363194040515415,-48.230323516933495,-20.420529660096257,-21.625083662325192,-18.541200091810037,-16.228715625483183,-13.706325338554732,-12.239269285705895,-11.4357178606494,-10.792029059148344,-11.059445970689922,-11.453195973201105,-12.453935439478634,-13.599579728091783,-15.911551985030158,-19.362033726448107,-25.11278504938156,-46.52770670486939,-26.276863157009164,-20.886486703959605,-18.372826412604233,-16.908751785266073,-15.91552614343862,-15.663627418127815,-15.991109243417673,-16.95616542753308,-19.147403794322468,-20.49509177598306,-52.209723929678674,-53.178823864144356,-2.4730843709758625,-7.059454433380735,-7.712287093181135,4.981745393178513,16.02631740092581,8.910682536631198,18.79408319211437,-14.235541395743,-56.18912382078417,-11.11592943686962,-9.780807931451,-8.734901556102098,-7.937817705460231,-7.422673839938433,-7.1777431752644185,-7.154290120521298,-7.399714108398197,-7.6601474590610525,-8.197614686777607,-8.521780491634484,-8.331662228828764,-7.77595134629122,-6.87958238468028,-5.843992387809546,-4.996036910628053,-4.182089262880285,-3.4796699352051896,-2.9437784920595407,-2.7881745474191204,-2.692731122551995,-2.855356731965971,-3.32774361272647,-3.7410973687364453,-4.416869243799849,-4.965711584425996,-59.19942377742398,-5.715937102124523,-5.520462911567924,-4.933489421151815,-4.147347038031438,-3.3608586321138234,-2.7516660163805904,-2.1975718248781395,-1.943521157544727,-1.7677567481124008,-1.9369576802511002,-2.1908079754492977,-2.671276735988441,-3.330328193973,-4.149790498161376,-5.039238036138551,-5.46955844699599,-5.399012984585737,-4.883720045943776,-4.132580907689621,-3.1532704166973247,-2.44033497781483,-1.8129460792312853,-1.4974746330183963,-1.3516502987431223,-1.4880409862630364,-1.7030961586368034,-59.19942377742398,-48.23032372558937,-52.209723929678674,-46.18912401639905,-47.58574364265188,-47.58574364265188,-59.19942377742398,-56.18912382078417,-49.19942377742398,-46.52770670486939,-49.6569989003806,-1.3956674997922147,-1.3243512541915534,-1.5597188434729328,-1.9281447697046397,-2.5733467766335174,-3.3639792233594923,-4.171841911755461,-4.970293044158764,-5.31250751511249,-5.25140629950818,-4.861277673735806,-4.044466801702017,-3.3870008978579507,-2.7836069123403377,-2.4807281814031157,-2.3300550518876024,-2.472959977755591,-2.7389906571600386,-3.3254572181796838,-4.024238313137184,-4.885713954521928,-5.775887796509101,-6.607452333811535,-6.814133022194452,-6.749469943832443,-6.296661651234965,-43.178823864144356,-5.36456446786816,-5.098360544773382,-5.012268992336464,-4.966358572714163,-5.466238667711786,-6.0139490701124165,-6.790625320469047,-7.669862871128742,-8.509017351532686,-9.271901066437877,-9.538710730357076,-9.30474784208181,-9.048153639816615,-8.632013528195209,-8.292876209779651,-8.098158109850477,-7.975151616613046,-8.17162317246652,-8.57493868130649,-8.933989033124233,-9.49332836630883,-9.811600833120306,-10.17678347567963,-10.444586039799384,-10.519272253738364,-10.434791916987376,-47.58574364265188,-53.178823864144356,-49.905234520281056,-49.19942377742398,-52.209723929678674
-46.03291970336634,14.136859703924928,-59.15045815578141,-51.02132429009866,-46.47874045117781,-44.30745961350408,-9.078679443160206,-9.043283085332051,-9.207176546437388,-9.030315744226124,-9.245626481014764,-8.9477568884571,-8.535254746285213,-8.152944370011493,-7.693026217422321,-7.114730893381525,-6.784065361829992,-6.500757482667943,-6.350311886123821,-6.371960439059605,-6.409942362603964,-6.6407719212981275,-7.040361176389659,-7.351710212811595,-7.658482629582794,-7.927889487353415,-7.9401641721497604,-7.579322092456843,-7.1746477232750205,-6.499613563153596,-5.963127532668801,-5.389572577580649,-59.15045815578141,-4.774117350419866,-4.8822806280575675,-5.001384663303632,-5.320486862786314,-5.9480288673091755,-6.6077573554011915,-7.354681582119774,-8.102276607382011,-8.265553393455704,-8.162982831934867,-7.495492578336088,-6.770034766114229,-6.109259574096022,-5.385619715273141,-4.908896739281979,-4.548329869910701,-4.628912495723043,-4.6032746377990765,-5.070833381523993,-5.683603951024722,-6.683687842396115,-7.659730303496758,-8.830519340032968,-9.795259763975249,-9.984839707005941,-9.799165971722573,-53.1298582425018,-48.18135787008867,-50.119558285861984,-48.18135787008867,-51.02132429009866,-55.17105806906103,-48.01102488209155,-46.845969018279156,-47.536778357012395,-51.02132429009866,-55.17105806906103,-9.981788055718111,-11.621948589380494,-13.122372837297672,-13.547923796924026,-13.26471632201976,-11.981080935082653,-10.570864996038994,-9.424264530747612,-8.817105168137777,-8.28454681475759,-7.984629898390107,-8.001397458700389,-8.30317631092379,-8.794539949199336,-9.567591637607324,-10.960681570671529,-12.560190979292756,-14.560757627415038,-16.295672461650362,-18.08752914092979,-17.77375291205176,-15.722087449837854,-13.709157099886625,-12.38123707408214,-11.173456209123325,-10.185857665766488,-48.18135787008867,-9.562622443326184,-10.027147965569887,-10.490983659890576,-11.406711660115683,-12.456685167839247,-14.461596456948671,-17.536778069398146,-21.531180084774817,-27.480239849190333,-24.894300927776058,-19.377796232924332,-16.779421318828657,-15.165155570426965,-13.928363922789357,-13.12714453217946,-12.744600592781177,-13.330506908370586,-13.83586069118736,-14.959992528473817,-16.802755446004042,-19.601764665680893,-22.975212849153404,-30.85099123473098,-37.317759689191476,-29.27156240583138,-23.933194592751057,-56.14015819914161,-51.02132429009866,-2.4241188392851685,-7.01048869078919,-7.663321495591177,5.0307111357700585,16.075283533231225,8.95964842808969,18.843048843805196,-51.02132429009866,-52.61833258577192,-13.708971034398035,-13.583032358301509,-13.310653262232792,-12.167277302040961,-10.883977380394967,-9.393268490354178,-7.981310256352669,-6.86642868144549,-5.8344744624684255,-5.180928109280773,-4.619171653432056,-4.301902949312461,-4.248589933807545,-4.327862723016773,-4.584657609979141,-4.978382523094634,-5.467198501455642,-5.969146381528162,-6.1878771166639215,-6.355146180993483,-6.024791990559821,-5.439336130478514,-4.671160210818888,-4.020433945039088,-3.344572080584114,-2.718922936489128,-62.16075811242122,-2.089525988597308,-2.0955115211954727,-2.1137577763425783,-2.3902381101887293,-2.7567787724908293,-3.365871173412542,-4.03812377701391,-4.694563806211194,-5.188978812498114,-5.578792526753977,-5.319767726349651,-4.8020714589749005,-4.0376889672987355,-3.250872844649791,-2.5847572258293594,-1.9857457254895658,-1.6687875867199446,-1.3925774977774574,-1.419907433998946,-1.5732758262820639,-2.0649533897493706,-2.63182221358512,-3.3873845035023367,-4.1870504170741425,-4.939151018786002,-5.319767726349651,-48.01102488209155,-45.000724376819036,-59.15045815578141,-53.1298582425018,-43.022619730912275,-48.18135787008867,-51.02132429009866,-52.16075772339077,-51.02132429009866,-56.14015819914161,-49.85626889863849,-2.5780968272051394,-3.2446646117548172,-4.187736336372437,-4.7355728178685235,-5.29327852288068,-5.231654705958522,-4.717953594270808,-4.06055102978762,-3.370688930000422,-2.8581107305585833,-2.362570829838895,-2.0190445482371415,-1.960855625057396,-2.0418032330999987,-2.314045154644676,-2.888322897306957,-3.5441001447842106,-4.396528654833315,-5.242581519938697,-5.937001232670875,-6.375729887005419,-6.453869704749797,-6.080153371171654,-5.6003705797631955,-5.172474286581576,-4.715763044982824,-52.16075772339077,-4.318922946773293,-4.571813266047538,-4.864761256308875,-5.4469931925629735,-6.07651405077161,-6.9522561142170165,-7.846074995356428,-8.649097675070127,-9.181971952968434,-9.189809322481317,-8.956054530114171,-8.543083299577312,-8.368899940417569,-7.897646496756953,-7.80664674135849,-7.781667758332001,-8.048872240572626,-8.297177490020907,-8.688121384801454,-9.149329035384007,-9.705532730960616,-10.044400602415761,-10.459167946146849,-10.45990206472704,-10.45881632342951,-10.356517228394557,-51.02132429009866,-49.15045815578142,-52.61833258577192,-55.17105806906103,-56.14015819914161
-43.146988573722126,14.119729209277343,-62.177888443641564,-55.188188400281376,-46.050049876444206,-45.188188400281376,-9.16695907377027,-9.14746221586767,-9.277520078257979,-9.106331089753507,-9.260360357137293,-8.832446069885481,-8.486026594358561,-8.043382037037151,-7.496528106814578,-7.098871096156393,-6.771065713874684,-6.49003001369241,-6.402131591240744,-6.508048763108461,-6.7145844853147,-7.1402539614891305,-7.450952654043558,-7.866680462788764,-7.93617971278973,-7.99214162799414,-7.739424793126213,-7.189023941324226,-6.641278984865297,-5.978767683968788,-5.463336626026498,-5.151162314039052,-49.16758848700175,-4.9570389539773645,-5.261266286401679,-5.52085951619619,-6.237566910286784,-6.786612890117146,-7.60958402910147,-8.15847467055623,-8.243014027131201,-8.009720078063127,-7.277853751714371,-6.4483825931468015,-5.658821314804521,-5.104622912225843,-4.705160895522346,-4.629514052475653,-4.621388065911242,-4.978239833886604,-5.563387127046725,-6.447082601272671,-7.406197944822993,-8.574453780641464,-9.502885863969654,-9.931910071739933,-9.469493359804476,-8.7828772272194,-7.791626556125068,-51.03845492057319,-45.188188400281376,-59.16758848700175,-52.63546334924832,-46.15728853036194,-55.188188400281376,-55.188188400281376,-59.16758848700175,-56.15728853036194,-48.19848835692119,-62.177888443641564,-12.923272146101468,-12.852237591133104,-12.101434604939914,-10.737441742706187,-9.655136481173619,-8.459602335091605,-7.806902325021399,-7.568233748042699,-7.505893350296117,-8.019811269037744,-8.35970091858596,-9.256989988320509,-10.512048018240725,-12.238370428618598,-14.007724737427935,-15.804492028402784,-16.72865442905984,-16.068201372218702,-14.560939924028425,-12.839726431048373,-11.3822777654681,-10.623010016896366,-9.601102722285859,-9.565259759703606,-9.613501548501961,-9.759809703842274,-49.16758848700175,-11.4437478511482,-13.16848483204568,-15.19288132176808,-18.442700166428274,-22.7677459512193,-24.764796166064123,-19.911889223156546,-17.12842481169716,-14.499727717338518,-13.027374502028437,-12.017379481398041,-11.970547512129105,-12.010729973096728,-12.593730906391515,-13.159547110340812,-14.595963609016477,-16.925237017423996,-20.44340321113944,-25.25382623776967,-39.23322618202563,-29.306592566481168,-23.820982812177807,-20.760882821912055,-19.070318039293888,-18.182881828423984,-17.840989515593073,-51.03845492057319,-48.19848835692119,-2.441248992698098,-7.027618798603673,-7.6804514921521205,5.013581027955575,16.05815277364482,8.942517741895912,18.82591848655276,-62.177888443641564,-47.553908464652004,-9.993767704238378,-9.841937499488699,-9.995685463267732,-10.1322934726553,-10.585194578575145,-10.738097124152578,-10.69072059661999,-9.934630054029155,-8.902868563277327,-7.819667823500609,-6.568855793514791,-5.4879758733088035,-4.639201786847094,-4.039330741958883,-3.5114889130036393,-3.40225743841148,-3.3111713087643855,-3.496095270104173,-3.8007294779553864,-4.364931512317502,-4.920388765059961,-5.427514540923461,-5.86908579059581,-5.942945802607406,-5.595551284220407,-5.052191391644014,-55.188188400281376,-3.55254372431009,-3.0845269017672527,-2.4071442677541883,-2.126040266038668,-1.8400612083271004,-2.004015303932138,-2.161641795962282,-2.5413463303872037,-3.1338057246148416,-3.8737729087162416,-4.517293677347967,-5.110761973776366,-5.481103525210863,-5.347202167093106,-4.837735550783045,-3.89993207856534,-3.2959139605209127,-2.4404555658149634,-1.9141697625757648,-1.504140791246721,-1.4104064908683631,-1.5311974807518198,-1.82846086499283,-2.2476150866724316,-2.886684398873998,-3.6726209250101864,-44.324590093533885,-51.03845492057319,-51.03845492057319,-49.87339922985882,-51.03845492057319,-46.495871202971614,-49.16758848700175,-52.177888443641564,-50.136688617082314,-50.136688617082314,-59.16758848700175,-1.5652902568862985,-1.9573594676331028,-2.680378753406079,-3.2809505139501476,-4.3173056408957375,-4.92869379469349,-5.268948865331879,-5.203807813930927,-4.77896196898436,-4.058788818930196,-3.4249773243056083,-2.823702740656449,-2.344756223762417,-2.1341198724977866,-2.1380471308697784,-2.457990560127218,-2.7968460832855113,-3.4709353954362268,-4.114236216277599,-5.085935444099787,-5.944392602371309,-6.555316729581185,-6.874713076275627,-6.350972289914958,-5.959637024824854,-5.445650989257155,-49.87339922985882,-4.722986909631143,-4.648458332394117,-4.683114813969723,-5.280920474493133,-5.61926549776933,-6.463863291897561,-7.288026294608796,-8.260476742974301,-9.019317933286434,-9.41579847553305,-9.415637915318467,-9.013278275113288,-8.655291007816732,-8.170005585466097,-8.073406443806073,-7.885906608418516,-8.003470380878671,-8.217063690907647,-8.58423970233243,-9.082097546387708,-9.526595640243977,-9.900537812107595,-10.28116113483134,-10.208696316829558,-10.472807018007519,-10.393875149069158,-49.87339922985882,-55.188188400281376,-53.146988573722126,-55.188188400281376,-48.028154963933375
-46.63255577126642,14.102037119115762,-55.20588051858286,-51.05614718910285,-56.17498064866342,-49.8910913481603,-9.104370259161191,-9.223448874296201,-9.176061403762517,-9.246511813525592,-9.174176708514034,-8.756199924336327,-8.293827617031418,-7.856410760329493,-7.387623289269336,-6.972690546366843,-6.590966397325914,-6.526434875204659,-6.543373596289114,-6.7213534366339855,-7.046677768254369,-7.221722362847921,-7.814747731717993,-8.036103377035227,-8.113011238998546,-8.005594483668354,-7.485187759741301,-6.84490636222357,-6.230049581619505,-5.683033010142514,-5.323636502283797,-5.0585923963178905,-46.06774191535681,-5.219582101671673,-5.612604027308278,-6.202231092090283,-6.888142025994348,-7.700040502647493,-8.18143717508995,-8.414328170044161,-7.910328708800833,-7.204733728454125,-6.291342359610522,-5.576725245920202,-5.042191920772355,-4.730351589321258,-4.587587721447323,-4.678940770598278,-5.180375851748197,-5.7926251805405276,-6.669165903550955,-7.776682172318963,-8.926796609555959,-9.65808267994629,-9.744774564123974,-8.999731816214773,-8.098734085442814,-7.176160128360287,-6.313704473350375,-49.8910913481603,-55.20588051858286,-59.185280605303234,-52.19558075723967,-45.205880245167585,-46.88079135322703,-49.185280605303234,-46.88079135322703,-49.8910913481603,-49.8910913481603,-47.571600470714046,-11.768998556978737,-10.497602301660125,-9.177015280135802,-8.211301623421983,-7.597194491486887,-7.40057597388875,-7.407348324518722,-7.661020799821541,-8.388838344223913,-9.299579727474377,-10.510310730426252,-12.273758130998186,-14.505206218515191,-15.984649143937627,-16.658570374003805,-15.210573676959934,-13.389444908801929,-12.031390115839628,-10.498924704204386,-9.827739776774074,-9.269011016969342,-9.052483326683786,-9.355335963180467,-9.799057884642655,-10.618474533946538,-12.170895966503583,-52.19558075723967,-16.6353306863823,-20.102307306155303,-21.928614235155916,-20.575615179098882,-16.299882079135667,-14.12259844020409,-12.832756036596498,-11.545537819793928,-11.30296057425685,-11.252651179973823,-11.656502408735358,-12.157831386195141,-13.469473091765604,-15.216925681824991,-18.201439435408094,-23.2072324065836,-35.830701747249776,-30.818875172032456,-23.180997160281525,-19.718302498319687,-17.721209326551268,-16.46013475477898,-16.28883381792344,-16.843652499404467,-18.172966735075885,-19.32271556611671,-46.06774191535681,-48.21618055334132,-2.4589414908360303,-7.045311095565173,-7.698143650677283,4.995888730994075,16.040460898244838,8.924826155501238,18.808226390474164,-62.195580561943046,-50.154380735383796,-10.033974421033596,-9.09024048438727,-8.338070641496087,-8.008441978436704,-7.874935715313452,-7.9332016451241145,-8.141604530070985,-8.533724180368964,-8.948476956930909,-9.054800553979021,-8.610045696195057,-7.769591480815457,-6.780187791778963,-5.814183579001224,-4.814619997375598,-4.028893014981759,-3.558903126993288,-3.091956832166061,-2.8704927281160764,-2.9834358666506855,-3.0985442132419143,-3.5067740144864565,-4.024576275648199,-4.657046882785726,-5.298852184897912,-5.707444689435571,-48.045846957044716,-5.440757435993504,-4.771534686387596,-4.075744352788378,-3.313937513638683,-2.67729179366954,-2.200082455253738,-1.9541526606203945,-1.842704146341658,-1.9991591075634512,-2.3025198936626574,-2.8062373044850992,-3.484026797970831,-4.262532177409674,-5.0864735635566385,-5.476524578107397,-5.52314330971525,-4.908342504136893,-4.227749441138085,-3.371143209167233,-2.6111027088579757,-1.9620598327601488,-1.6474205890800482,-1.3683513724386123,-1.4481109703300254,-1.7930394939292582,-2.30207044241631,-41.55100055743442,-49.185280605303234,-46.51356353240458,-55.20588051858286,-59.185280605303234,-53.16468069202361,-48.21618055334132,-48.21618055334132,-49.64285572790623,-62.195580561943046,-55.20588051858286,-1.371568938215006,-1.5320194943608332,-1.7451493900776787,-2.324028073655218,-3.01274947887276,-3.832763592841993,-4.688453014990943,-5.331344847878835,-5.434408279773191,-5.013920137130269,-4.408938802770464,-3.7356752568619496,-3.077779491688986,-2.6583267124759398,-2.3521754820897893,-2.3048844203205037,-2.5746112333096525,-2.872943988535666,-3.5641013805136152,-4.347945982812227,-5.178683103680674,-6.119732793113214,-6.742001867798191,-6.939626484814664,-6.6490296705758345,-6.243871028521686,-52.19558075723967,-5.160775267521405,-4.871313293580154,-4.865069111560679,-4.989539452525388,-5.40021183650138,-6.0773602675232565,-6.921640341591696,-7.775347508859283,-8.645550383028585,-9.224675495947675,-9.409667687527207,-9.333059904981283,-8.842004660180605,-8.49472599200905,-8.109704734558022,-7.985649023458642,-7.9386086967736595,-8.123711568566929,-8.448830127578312,-8.743941493468698,-9.299133354562324,-9.618195007735125,-10.021767893469809,-10.29537442000047,-10.294365364837807,-10.421572204593438,-55.20588051858286,-48.045846957044716,-59.185280605303234,-62.195580561943046,-55.20588051858286
-46.513143443678885,14.102456962808445,-55.20546064098865,-49.64243563331578,-55.20546064098865,-48.21576059762846,-9.191705919638443,-9.109580489308474,-9.210472471835889,-9.152560881264328,-9.08319736556865,-8.801958149695336,-8.40382846775936,-7.862311610304653,-7.302974814485901,-6.907998795840292,-6.686789148177791,-6.596178089661413,-6.618597335218191,-6.762466152186089,-7.079802603766542,-7.462496135554055,-7.901837768371483,-8.138180236620713,-8.134376986174907,-7.911463745468426,-7.454601411544476,-6.8593463994657675,-6.333227386063508,-5.680887997724383,-5.308596258578514,-5.073472458049157,-47.14366090114978,-5.3991920990784426,-5.851748596036175,-6.381023564470762,-7.2593535014756245,-7.937389903857454,-8.337203917697485,-8.361441731924069,-7.750309747564144,-6.984499365560625,-6.249621889877057,-5.519127617245135,-5.037658668065101,-4.657277815592471,-4.661467625984339,-4.899778755692363,-5.4161359837636365,-6.192479989857983,-7.1816511143699255,-8.26747064985133,-9.309896137332577,-9.794038359466457,-9.467186860658739,-8.711332963267495,-7.676912654526351,-6.818921437735933,-6.00871887103514,-56.17456077106922,-46.06732211715148,-51.05572716128047,-59.18486072770902,-56.17456077106922,-46.06732211715148,-51.05572716128047,-46.06732211715148,-56.17456077106922,-44.066027117920285,-46.06732211715148,-10.944579294375709,-9.721713892395782,-8.629166319309403,-7.963275812348427,-7.509546056785741,-7.459502474969966,-7.552978242671326,-8.025396012289255,-8.840581371008966,-10.036512392978507,-11.51014811248746,-13.358546532950115,-15.290984600083954,-16.13952436483651,-15.411798405760958,-13.710251964470732,-12.147434273475195,-11.017676322385604,-9.832912528252047,-9.42204892819342,-9.095772994556079,-9.199303546388988,-9.68510868575726,-10.491223170461028,-11.80304251921282,-13.303208836209663,-53.164260814429404,-18.41845623425828,-20.897939286421668,-19.847457715148277,-17.298387600419204,-14.583402897561971,-12.905367757935073,-11.822768605358895,-11.169143092484585,-11.021088990791688,-11.298299182700687,-11.98521203325308,-12.926336734581842,-14.483697407892409,-16.871949065100697,-21.417123035760106,-29.504703708294294,-34.7366089102516,-24.572127111784567,-20.74102100696145,-18.12329199629704,-16.944064514320026,-16.077927377634058,-16.14987625476927,-17.051144215562125,-18.168421094101493,-20.004033114597284,-49.8906714705661,-53.164260814429404,-2.4585217480770747,-7.044891111210268,-7.69772379522026,4.996308715348979,16.040881012376907,8.925245720436907,18.808646422699326,-52.195160684348835,-56.17456077106922,-10.435985371264175,-9.307617589120074,-8.412399089438038,-7.774174517476783,-7.489174139939202,-7.396745427172017,-7.587970709892612,-7.866221248243943,-8.155038537886949,-8.404554143969227,-8.436239566087549,-7.9727432308685,-7.287585775722269,-6.2707282630421055,-5.238234723650983,-4.577978976892905,-3.7709402886840238,-3.2715819966570865,-2.8833799530082205,-2.847086497398213,-2.9030054503417633,-3.1764379769904854,-3.6916579172537087,-4.1082916635911895,-4.756020193928869,-5.207371966023832,-44.95240198834094,-5.471632283393432,-5.2005819328809535,-4.446707330566612,-3.8192948657265555,-3.076657082490885,-2.567808229430732,-2.1924344293215476,-1.9552983308469838,-1.9616277804627926,-2.2122099161753654,-2.5544791984572774,-3.059459427084507,-3.712283960488176,-4.524240686763647,-5.2009809116151215,-5.42891052343516,-5.2320422800097415,-4.637288134467457,-3.8343257635150794,-3.070107847361915,-2.3860551194424278,-1.9019970635096008,-1.6116290464552832,-1.4936289300635677,-1.6840024899242425,-1.987965073587972,-52.195160684348835,-53.164260814429404,-44.95240198834094,-52.195160684348835,-14.106418655817972,-48.21576059762846,-52.65273558995559,-52.195160684348835,-50.15396085778959,-44.13336094450997,-46.06732211715148,-1.5212937824430173,-1.4685266215040347,-1.746119471659474,-2.076378552846783,-2.7847995873322473,-3.6262653023646307,-4.346392982223717,-5.058097136532064,-5.36983834187398,-5.165954612407196,-4.642572519722982,-4.040864493367305,-3.330422765942572,-2.7852321424989057,-2.425419373022372,-2.4356757071308874,-2.497885498535363,-2.825617367967359,-3.358625659221952,-4.142510860819371,-4.979758228468866,-5.894779214062286,-6.542043875177459,-6.688903277253294,-6.529548253310268,-6.189439026809712,-42.9009714272059,-5.1919920709432485,-4.856442486560887,-4.904938946086829,-4.973850461853778,-5.2841338719198605,-5.907900603642031,-6.6654385906188995,-7.595132901230243,-8.311129192536026,-9.069494522584403,-9.167501894773531,-9.123924461110551,-8.743207837856005,-8.315961407244732,-7.990717820286956,-7.839376228061674,-7.936363398352401,-7.976473839224758,-8.326445069709754,-8.575069630709933,-9.072011787036821,-9.570032744181459,-9.889598863633077,-10.128925669663616,-10.078936651109657,-10.186655770075097,-59.18486072770902,-53.164260814429404,-51.05572716128047,-56.17456077106922,-49.8906714705661
-44.53661421832747,14.126723360457492,-56.150294464519,-56.150294464519,-52.170893988313914,-50.129694551239375,-8.976377313449284,-9.123835018660586,-9.089670241308992,-9.200537108618054,-9.246118695057149,-9.00102741719495,-8.603066388816726,-8.078057174673523,-7.536384211528203,-7.033326544311399,-6.573718863290575,-6.488771552369757,-6.3228800165014585,-6.311101008172915,-6.520862489869228,-7.008383720606419,-7.302765546387775,-7.879042322831941,-8.0421074797324,-8.189879295859665,-8.04689387846376,-7.507735676301865,-6.902824989082661,-6.123354046124221,-5.583027331957559,-5.119059028546843,-55.18119433443844,-4.920603792914684,-5.178745828923866,-5.3976267383911125,-6.128363934158584,-6.851343323905761,-7.652708044182413,-8.33954788680052,-8.516445045261886,-8.468762202381356,-7.794086201211998,-6.845567356964172,-5.992507069943651,-5.351791997847018,-4.81604675282758,-4.735537812227873,-4.609213356546645,-4.975642623174105,-5.378487450191953,-6.258767271452203,-7.28379426597142,-8.640180173682225,-9.626622083606112,-10.370496512024506,-10.183965990398407,-9.537161264274198,-8.467373923817705,-46.15029407503429,-49.86640516401589,-46.48887671606413,-46.85610528374562,-46.04305596892839,-48.191494135284366,-49.16059442115881,-52.62846885064459,-53.13999450787919,-52.62846885064459,-49.16059442115881,-13.291065963752011,-13.406118030938455,-13.113528874680274,-11.444976352077274,-10.276216067644272,-9.058082637102789,-8.251791661567355,-7.740064764347062,-7.710915879663466,-7.9142317197176135,-8.353427955438537,-9.072783602689228,-10.167287534017923,-11.640340679669137,-13.414437429374788,-15.483588021151746,-16.672895121246306,-16.944626459391646,-15.55380859363189,-13.45399799902224,-12.223149297865255,-10.838252643199764,-9.94828342344415,-9.696071734605683,-9.592525097298235,-9.495516110231376,-47.54691462265086,-10.766756854826463,-12.240502111470855,-14.047376975338498,-16.626971810202786,-20.416936296883375,-23.890743776069897,-21.746714459275708,-18.671323604326155,-15.460277049735163,-13.78366241492343,-12.532024910162505,-12.21607793240938,-11.959953011256301,-12.22697489868545,-12.636777289940415,-13.592445605068367,-15.997849615232267,-17.822012880851453,-21.269019553098097,-27.793388781814894,-44.92813551031948,-28.330946642650147,-23.6534202719466,-21.17270734519861,-18.943534472220666,-18.839243907990564,-49.16059442115881,-48.191494135284366,-2.4342554587547807,-7.020624734273319,-7.6734576158710635,5.020575092285928,16.065147126905014,8.949511858096788,18.832912474542923,-51.031460555126635,-51.031460555126635,-10.270660586718002,-10.126737110738208,-10.457726216711619,-10.631983929725369,-10.781397337685814,-10.743715534519314,-10.216741026654821,-9.254431333162046,-8.002077024480972,-7.0364541706457215,-5.923114618030455,-4.951955657364397,-4.42361552644656,-3.921712469013649,-3.4869188475770403,-3.4931268652896836,-3.5128865724744425,-3.7916723141748028,-4.163579309907041,-4.604639584317268,-5.151132326165269,-5.551622540819073,-5.780414325848752,-5.681969122761439,-5.241077727777014,-4.623360624936619,-52.170893988313914,-3.372312230471324,-2.9278428774223606,-2.388139540912687,-2.155339902969661,-2.047441057718787,-2.172197278564126,-2.4129013899954845,-2.8565954845507346,-3.4129682376254387,-4.142870271796857,-4.621107838955605,-5.251578728250621,-5.4383805382931,-5.131578332087457,-4.634129704905528,-3.768177037280818,-3.192595357381699,-2.443937544622334,-1.9540407795230974,-1.6482268138403076,-1.6737460596575064,-1.7441632085894567,-2.0508788240522415,-2.5347680252018656,-3.1967127368901505,-3.9177955196117944,-49.86640516401589,-48.19149455073473,-46.48887671606413,-55.18119433443844,-51.031460555126635,-44.92813551031948,-55.18119433443844,-55.18119433443844,-48.19149455073473,-55.18119433443844,-45.6387688072844,-1.781256931995205,-2.1496489420177536,-2.79601644154396,-3.4658663112490053,-4.374922150976323,-5.016945161386882,-5.308241777825521,-5.182497361871208,-4.675378606586758,-3.9759153154857385,-3.355010653208395,-2.8088846812966124,-2.3754108062789263,-2.1295298590906535,-2.0946068362651853,-2.4692397739974132,-2.7983442237187353,-3.4668319850925347,-4.176592574669645,-5.055386675392465,-5.845177631740864,-6.374601499617002,-6.545348981973264,-6.2983097431939985,-5.75931743397004,-5.345887511738937,-49.618168894004775,-4.633394558745207,-4.5219925929413645,-4.598262778362223,-5.123059468353307,-5.438352851402354,-6.232885157609679,-7.0403042283583614,-7.714774471732344,-8.49271532831646,-8.917934415195383,-8.93060243273149,-8.674234700844227,-8.386879037492125,-7.795100724153996,-7.8671443693463505,-7.66464698718122,-7.781422567722595,-7.9057491896062695,-8.169556938160047,-8.671730606022065,-9.044530511877754,-9.395329284783143,-9.76777335612219,-9.948179026753444,-10.130726377937664,-10.258341011854263,-56.150294464519,-45.01086064184701,-55.18119433443844,-56.150294464519,-55.18119433443844
-43.12799174522074,14.138726214633406,-52.158891420666734,-49.85440240135744,-59.148591658500365,-55.16919157177999,-8.865116197299848,-8.997321587581254,-9.127600783342189,-9.324137622916455,-9.121899505842826,-9.052532114730255,-8.553241154366468,-8.05901982340547,-7.563806033396634,-6.990828561959287,-6.656497883563219,-6.478635116261199,-6.238790248037825,-6.316823510435045,-6.603050442302617,-6.803899944479761,-7.318684891545094,-7.657632455411472,-8.137723121610641,-8.245129502300827,-8.063465452456928,-7.652552164093509,-6.889699100951781,-6.3766152641243306,-5.814965646357835,-5.335157200202425,-55.16919157177999,-4.9671704159431345,-4.974539414766068,-5.44908012524154,-5.7601039219388,-6.675022140540402,-7.415024365363527,-8.130261945584769,-8.659320465804704,-8.71496899902099,-7.905571592780138,-7.1936913862798875,-6.399973396271705,-5.636380089247281,-5.1995764386630805,-4.700324474764212,-4.719430103206876,-4.8175364694147245,-5.311299592846057,-5.832122299498441,-6.776674202596919,-7.968508681803149,-9.162315145448526,-10.028684205655905,-10.448241541687526,-9.939092703527892,-9.076876636158865,-56.13829170186055,-52.61646630466533,-51.01945794247686,-62.15889161514018,-55.16919157177999,-55.16919157177999,-47.534911747916965,-52.158891420666734,-62.15889161514018,-45.62676626130514,-48.17949145063043,-12.417045691742016,-13.76128377861091,-13.496609062397035,-12.528856600739573,-11.232491705640244,-9.97540144995174,-8.959548729079115,-8.17834506080732,-7.989924839683454,-7.814416097031568,-8.071846256540315,-8.624326852223906,-9.358551503180594,-10.44923766628797,-12.100868331945112,-13.68705310186548,-16.034232110953784,-17.332156340566492,-16.932363190052083,-15.376895726436137,-13.796030520825859,-12.10858871650011,-10.70226707794796,-10.202191605343662,-9.878457473620646,-9.562332010823283,-59.148591658500365,-10.17768426326654,-10.982732478637384,-12.49672324301919,-14.128555915021572,-16.796717450376526,-19.86335300180884,-23.65733264959474,-22.771193032397786,-18.447473933497314,-15.958260037901578,-14.025751209055592,-13.259154985131323,-12.549619481457828,-12.500668215503525,-12.276647250157062,-12.954318944065832,-14.249428782311979,-15.71233971686856,-18.13026202040532,-21.445595461001016,-27.350202460745116,-42.158891537350804,-31.85289433808714,-25.39744505753946,-22.00110377732415,-20.400295786306085,-62.15889161514018,-59.148591658500365,-2.4222522067445715,-7.008622490323927,-7.661454562130007,5.032577336235321,16.077149733258363,8.961514731727597,18.844915558064464,-49.85440240135744,-14.621114228669498,-11.008614508379315,-11.371243238313797,-11.294652508314506,-11.703706456148687,-11.258817144362936,-10.711530830979601,-9.61694064021549,-8.442672477304638,-7.139102443299191,-6.0948627847667645,-5.302755205529756,-4.578315434617813,-4.112285202620006,-3.8579730843939943,-3.7681230617340296,-3.690172442656313,-4.097519008324357,-4.277547178209798,-4.827585351858291,-5.295299992097826,-5.598216350070992,-5.802405822630272,-5.560138533062383,-5.171858575077529,-4.64926643562205,-4.060157543981642,-59.148591658500365,-2.9585719595183093,-2.410584022437158,-2.3752143050521473,-1.9793056277793475,-2.307803306423434,-2.4806327766041845,-2.857055201266516,-3.328384477759514,-4.020274123218599,-4.566021574540165,-5.175023730167395,-5.42416695164982,-5.287982956142143,-4.8539675565950615,-3.987093484135971,-3.413349008197602,-2.610872470562711,-2.1816866274844453,-1.7655677874875968,-1.606771681913162,-1.7206493782709846,-1.944000851731718,-2.3099788017562277,-3.0695346585407868,-3.780199230015368,-4.62437067128606,-41.51431183463734,-51.01945794247686,-44.524611567744465,-55.16919157177999,-59.148591658500365,-55.16919157177999,-55.16919157177999,-48.17949165806876,-51.01945794247686,-47.107391831941115,-43.46657440031029,-1.953849189365129,-2.579846295807389,-3.1271174637294443,-4.083108219882744,-4.701766760081671,-5.307845449361115,-5.303122302023149,-5.033026009365015,-4.364708851231136,-3.5089125010182025,-3.03175665980229,-2.5781045660079065,-2.227294880301991,-2.128730535256004,-2.262613963616707,-2.4741929801272744,-3.1150849260369826,-3.585246920740051,-4.508132685005319,-5.345854875313317,-6.097217594311294,-6.5378551336023785,-6.342238974953693,-6.114114884326943,-5.591969371088544,-5.212093848953937,-56.13829170186055,-4.612396831001065,-4.309802851803518,-4.6410752368641255,-4.877294159191818,-5.638053866867288,-6.300901704324806,-7.097279166421994,-7.949272498672349,-8.572082450510944,-8.83335578109298,-8.973500279810684,-8.56657189560767,-8.127205661373937,-7.951332813554242,-7.617748328107704,-7.682196109477895,-7.618359135353229,-7.9108260163005415,-8.09217862816508,-8.696575159466175,-8.89139683416521,-9.584169601216153,-9.673666276579164,-9.897069640490807,-9.930635103279936,-10.072704335757262,-46.84410248284968,-46.476874164228676,-45.25693072224864,-55.16919157177999,-55.16919157177999
-44.56267681330414,14.100661316434913,-55.20725681783055,-56.17635694791112,-55.20725681783055,-51.057523187870395,-8.746338320039776,-9.029853373059362,-8.903344545072345,-9.114429599826261,-9.135452916736428,-8.840272107716347,-8.33614278075727,-7.944582814778801,-7.301520122514072,-6.766562594156421,-6.5575682739075605,-6.390329377049026,-6.3961505920370145,-6.701308925150052,-6.949387776884062,-7.427539963834841,-7.933633957245709,-8.17466958934697,-8.182882795847462,-8.098352431606566,-7.515773834373164,-6.852925953979476,-6.209084545289518,-5.566311508909339,-5.248133518488393,-5.114269664843568,-42.1537432522934,-5.415954220317138,-5.906124665079405,-6.58019606735392,-7.353032989830349,-8.15400897330447,-8.562303436281026,-8.402813817960485,-7.825002489331797,-7.168577043117589,-6.198781159229775,-5.559373021945834,-4.9125749811700405,-4.756242129073201,-4.7726515153958795,-5.053550147935775,-5.6516393821424185,-6.490255321529503,-7.534911199327893,-8.676444404657527,-9.601782268560084,-10.094922570088034,-9.435602589447068,-8.568269721626645,-7.420463632251117,-6.656028387510643,-6.021711662878485,-49.18665690455092,-51.057523187870395,-55.20725681783055,-44.56267681330414,-47.5729769944584,-49.892467647408,-53.166056991271304,-59.18665690455092,-56.17635694791112,-44.56267681330414,-52.65453154976686,-10.401410417099337,-9.175856264033094,-8.422582760167346,-7.805004073222986,-7.450337026864455,-7.401592254060767,-7.662397282256062,-8.43913221040794,-9.417176526078666,-10.81772141064347,-12.433778267735455,-14.600203012080124,-15.950217575198531,-16.089822968361972,-14.352210699573789,-12.566401604287503,-11.243135957797918,-10.152880615127692,-9.72242864677282,-9.229602871502099,-9.357502714801976,-9.606181072958433,-9.95315410284049,-11.165079552268086,-12.586117384043119,-14.598465937178988,-56.17635694791112,-19.473898146716316,-20.048518574453304,-17.848554120785167,-14.877445177407168,-13.56819274846641,-12.145666539857288,-11.263860618362685,-10.993257829891084,-10.692186196134703,-11.229072955554678,-11.927336291844224,-13.661313318434525,-15.695824933352265,-19.16542860097421,-24.12295986852144,-32.91299825263033,-28.73147122792213,-21.45391377026174,-18.493491637355035,-16.879869008603855,-16.347767537862318,-16.439537548423242,-16.40163586624629,-17.362510546700108,-18.174342926125917,-20.300369733662812,-48.21755669633934,-53.166056991271304,-2.460317385599475,-7.046687194314063,-7.699519988626021,4.994512632245185,16.03908476780623,8.923449455706105,18.806850200399023,-51.057523187870395,-53.166056991271304,-10.913674890323296,-9.401268405013706,-8.62582583346413,-7.757446205829275,-7.242165933967493,-6.909679229470694,-6.87741879939256,-6.94199983549678,-7.356621982581921,-7.664920412511146,-7.714223013166378,-7.7839339865520145,-7.330201633885384,-6.72264350984473,-5.772064335337037,-4.922846021992548,-4.165220737090519,-3.5937087779119374,-3.18813165563069,-2.91824565405177,-2.836139565175345,-2.9650555439466517,-3.1937662796294415,-3.6336265214899606,-4.069554366234485,-4.6649500039269505,-51.057523187870395,-5.431392469210632,-5.37325857781366,-4.992452758911482,-4.350940733022335,-3.773330286996479,-3.12765090087992,-2.597989505566847,-2.288238540084463,-2.0994870313814076,-2.10495985479897,-2.287440009375957,-2.6955974221194396,-3.2941273101738178,-3.9841147064895646,-4.643316114501718,-5.2015276518896485,-5.536197257568542,-5.178954917644175,-4.546220139627194,-3.7897685688352634,-2.9998756457914966,-2.475182985992023,-1.9632384836475794,-1.703531971163474,-1.6827994709766307,-1.8320652791667893,-56.17635694791112,-55.20725681783055,-42.902767458509615,-51.057523187870395,-44.13515712135187,-53.166056991271304,-52.65453154976686,-55.20725681783055,-46.88216772906771,-49.18665690455092,-51.057523187870395,-1.7674826251000582,-1.5989568965116598,-1.5932389678736916,-1.9339411847382328,-2.4779481941588295,-3.192144168940387,-3.981395748198331,-4.816885311541008,-5.443995566744907,-5.402586954126144,-5.081339331655734,-4.415234324514129,-3.604697206872106,-3.026819773097232,-2.692310462747511,-2.397605180367085,-2.3668314909408035,-2.658075195731451,-3.0459145905734806,-3.7478565772695758,-4.47912773872445,-5.496633368428086,-6.311573176126042,-6.648117969464828,-6.711871017527802,-6.380645713640288,-44.13515712135187,-5.309876048846566,-4.909329832687437,-4.617828777697897,-4.7846448089836295,-5.058248201751734,-5.444554671947781,-6.08723754588158,-6.995725577104292,-7.886923777173775,-8.415704567337928,-8.790037522645855,-8.731920829900272,-8.636220028815503,-8.176734271436056,-7.975968920050743,-7.769651208981778,-7.539173981929162,-7.689540254058937,-7.86173869159345,-8.223658428933014,-8.479906805458109,-8.80990255464496,-9.166811474940424,-9.480120052550285,-9.872358128699155,-10.071245490142074,-48.04722350669253,-59.18665690455092,-51.057523187870395,-49.892467647408,-49.892467647408
-42.60616126584938,14.149032101718522,-49.84409688746943,-47.99885262154399,-43.45626865895145,-53.11768623133274,-8.618334471450503,-8.774033666785753,-8.924966301871065,-9.083542655226154,-9.155670898860564,-9.117814201242076,-8.705095747078252,-8.160006081270542,-7.772586203812526,-7.022675969413027,-6.817617807852587,-6.464832079619894,-6.240769241985208,-6.190175020013026,-6.301825631842894,-6.706094402664879,-7.087000808208658,-7.531920163516103,-7.797471558526881,-8.273673681989335,-8.16590415715283,-8.016577628895678,-7.53420092962159,-6.732082399534692,-6.085718776569099,-5.634090578275336,-44.019452255910835,-5.068628409679496,-4.869328138711678,-5.110644131800407,-5.504902326314448,-6.0194662048309135,-6.740625777554518,-7.546796836326351,-8.391419406745019,-8.88881428773438,-8.804671899719098,-8.311347495799625,-7.2861235868242265,-6.309234034475889,-5.615380645750902,-5.221482555354264,-4.937828763899205,-4.682212717789413,-5.015462149931925,-5.348233348245928,-5.9310816787991545,-6.72524987337294,-7.893684213598865,-9.024506071890263,-10.090860411496685,-10.870219254287845,-10.509521640562202,-53.11768623133274,-43.57526113693949,-52.14858610125218,-51.0091525781838,-51.0091525781838,-52.606161006858926,-49.84409688746943,-62.14858610125218,-53.11768623133274,-52.14858610125218,-52.606161006858926,-10.029561978404839,-11.757896681029163,-13.380405774594271,-14.288884545112746,-13.688618892266934,-12.289967213865904,-10.942781231298447,-9.737107430046002,-8.92110211404059,-8.558811614741456,-7.990242178145489,-7.999771092405664,-8.501256637035887,-8.970208336258207,-9.759798889705948,-10.738323416189836,-12.264914485588143,-14.152837459751042,-16.566302199508144,-17.74169888862035,-17.737450250378558,-15.762295905436849,-13.553300724885798,-12.452330726597815,-11.342754023069743,-10.257333675204334,-49.138286144612366,-9.611209403871143,-9.935356699357186,-10.399037933708959,-10.9408405802058,-12.530721920455223,-14.341885243284768,-16.370796731355686,-20.069281985578236,-23.79485177670687,-24.725263343775993,-20.321872046236553,-17.49118930148239,-15.561890777556581,-14.06053677655682,-13.151693998588488,-13.043409463634035,-13.298141775023923,-13.68360675035023,-14.612066119047808,-15.990137193346532,-18.137856282231823,-21.165264563412038,-25.761697234350937,-33.27241300396045,-36.084772450146126,-28.30146899333791,-59.138286144612366,-46.02074753405482,-2.411947164424087,-6.998316915054624,-7.651149626351799,5.042882911504623,16.087455411737924,8.971820164047767,18.855220757266085,-62.14858610125218,-51.0091525781838,-13.324877663619226,-13.082865243671794,-12.604424423079784,-11.439899055919525,-10.28241284696426,-8.909179851961731,-7.640661733042621,-6.618389859698416,-5.666889395964811,-5.208346127702801,-4.664309733610141,-4.354288060430626,-4.316971422558532,-4.3685145306484054,-4.550268801353671,-4.914275392081812,-5.278784436381274,-5.663180866144941,-5.872285685422259,-5.958237325088759,-5.779486512946908,-5.255985984399678,-4.680594477901354,-4.121217995714982,-3.4947449573367058,-2.9526332427737634,-55.15888605789199,-2.3686995341973365,-2.332914010562565,-2.445484519440125,-2.5226913319393063,-2.933255892251976,-3.498340685205397,-3.9888131474929667,-4.572098203852077,-5.058720517434744,-5.436885597936785,-5.274188554623857,-4.97158172975595,-4.358974357837445,-3.672285614614343,-2.9306762091772787,-2.433072523274707,-2.1000221975633973,-1.7875853010414942,-1.7404432054082188,-1.8463098825177546,-2.2516590512752233,-2.7564899543433814,-3.5098580338859318,-4.208609091220086,-4.880042929442869,-5.334066128964463,-52.14858610125218,-52.14858610125218,-46.02074753405482,-49.138286144612366,-48.1691860145318,-53.11768623133274,-47.52460612226261,-46.12798618797255,-52.14858610125218,-47.52460612226261,-44.51430585304813,-2.612399860804688,-3.401559674431885,-4.044560685019656,-4.7836007899213016,-5.2525675250138075,-5.4310738072515115,-5.021037070491857,-4.409011364210006,-3.6665900811411145,-2.9329179628458597,-2.5500663897316485,-2.186123320024924,-2.053545896515674,-2.0387510629080348,-2.252215223543915,-2.8375836545986433,-3.519112914042366,-4.287598386108215,-4.928354517545542,-5.743562949278465,-6.188930552990303,-6.308441615464957,-6.164336270720524,-5.480824031858016,-5.039655942240743,-4.620406538450718,-41.28498756098871,-4.151149738877676,-4.222953598551719,-4.574610910516286,-5.061615590642158,-5.584144688192082,-6.368661652284212,-7.2063580534681195,-7.981432449397596,-8.429322331464919,-8.77798854937925,-8.626760830355193,-8.135528932852866,-7.6795968280413724,-7.415512328047828,-7.3608295582228305,-7.203241540272721,-7.27635348457937,-7.53640778222619,-7.946981333356087,-8.342675469720048,-8.624348818782742,-8.930820863911652,-9.36942414577085,-9.564224518976365,-9.7027225748779,-9.983100506184158,-51.0091525781838,-52.14858610125218,-50.10738627469293,-53.11768623133274,-56.12798618797255
-42.68870881975733,14.11500926896474,-50.141409059647216,-62.18260888620645,-51.04317536313808,-49.878119672423715,-8.504988038984212,-8.631830894417368,-8.756151734378573,-9.017433337888011,-9.014982193651527,-8.908120601771465,-8.398702736233217,-8.021781501731391,-7.350873913931592,-6.868918444579033,-6.561191846392629,-6.280065967922702,-6.171399977544471,-6.217462657660324,-6.496930853577444,-6.879971152543153,-7.316745863093993,-7.859138333873826,-8.203816715254412,-8.299252121374689,-7.983233058737962,-7.46287452831165,-6.959079758357049,-6.241557435494473,-5.622221421286527,-5.322237496545394,-47.131109103007404,-5.004364707412568,-5.152843904837537,-5.601788707533237,-6.14255300669944,-7.034781240121099,-7.812702023277379,-8.307197827829588,-8.683969058844381,-8.435547259235154,-7.793705865142831,-7.0199263168075365,-6.070762581799536,-5.4088661984912925,-4.938793212519994,-4.807851755518135,-4.823986262836849,-5.111252430910792,-5.685007281776649,-6.407908915477291,-7.346193895057835,-8.559556215410444,-9.733779394896862,-10.315248346034366,-10.181083234921859,-9.471514484254765,-8.368641636940747,-46.61958387853359,-49.878119672423715,-59.17230892956664,-50.141409059647216,-46.16200897292683,-45.192908842846265,-52.640183791813214,-49.6298838351734,-56.16200897292683,-52.640183791813214,-46.5005916455365,-13.103123807639925,-13.486244249074314,-12.701414707798369,-11.347510934097828,-10.174733275666132,-9.129159703833837,-8.226723960537631,-7.86755625461442,-7.762643038552451,-8.050214981920732,-8.426777737825,-9.090886867405132,-10.208011054763592,-11.624851221395236,-13.355656187586977,-15.256959563330508,-16.610786380624663,-16.277311402193245,-15.13895864878252,-13.213600501723706,-12.038915940918267,-10.716708730705658,-9.77759069388102,-9.542345121068632,-9.477381179561812,-9.502894012189586,-44.32931053609878,-10.80925774524496,-12.12475685860305,-14.15282010873959,-16.462029390222284,-19.678408804689,-22.498713462143023,-20.968323566881306,-18.23354118254095,-15.064705306195824,-13.578929231825029,-12.458266018558808,-11.895717067762249,-11.925455259511606,-12.145376388009465,-12.626693287685027,-13.47453285527537,-15.613485366366287,-17.84955177622089,-20.874769601020606,-26.923095608493096,-44.32931053609878,-30.780671900849306,-24.588952957437627,-22.213991347959542,-20.096851872328138,-19.058930699671667,-49.6298838351734,-49.878119672423715,-2.445969692328946,-7.032339421799827,-7.6851722412325385,5.008860404759421,16.053432590933134,8.93779733948429,18.821198122121643,-55.192908842846265,-62.18260888620645,-9.908652877125009,-9.881339665206012,-9.873090170257026,-10.145211072984106,-10.300132122084024,-10.260587340113428,-9.800642057681314,-8.99803096185251,-8.08977148200307,-7.069699140482804,-5.970420292899473,-5.127734796732682,-4.44084906036306,-3.9192364238546027,-3.5493209704009905,-3.4517289181377464,-3.5289335942893496,-3.5903011546664314,-3.990579730380794,-4.433281176868828,-4.8443953615271065,-5.323096833263481,-5.605999091820156,-5.568874471114654,-5.312878758106994,-4.784473646794697,-46.16200897292683,-3.603997385941628,-3.084856570665151,-2.7146976382345454,-2.341599852449396,-2.26097652201626,-2.299758075745623,-2.4528044338257544,-2.853930666986284,-3.2608554887841317,-3.9440532122190297,-4.568969387850799,-5.109249557305313,-5.4053987494270785,-5.230279992281394,-4.875423977772261,-4.168701855459778,-3.488572711696929,-2.8237844400145145,-2.2936988052465117,-1.8960832057614219,-1.7502599674304034,-1.8570619955289882,-2.071524667970116,-2.525865581591172,-3.1287255020886597,-3.8163302592130135,-49.17230892956664,-56.16200897292683,-56.16200897292683,-51.04317536313808,-62.18260888620645,-46.16200897292683,-49.878119672423715,-56.16200897292683,-46.16200897292683,-45.280648085921314,-48.20320879948608,-1.7409559954877651,-2.1563871220764876,-2.728666770422877,-3.509949542617374,-4.285533155635511,-5.019069166160054,-5.390647543541496,-5.265386208400344,-4.786664232910882,-4.095031802679737,-3.4971459546564505,-2.8555583652267327,-2.3564147913846982,-2.074298246159736,-2.0387265815359514,-2.3355720846559875,-2.7548869043876807,-3.302994112411079,-4.017723149999473,-4.899582884923207,-5.66571058606237,-6.205163481850261,-6.3788224550715285,-6.20943109592535,-5.640053621324876,-5.226917088584449,-42.68870881975733,-4.432449860589309,-4.2530636530727115,-4.2894464405552055,-4.716998723863658,-5.157226665969351,-5.759942445183965,-6.4788491051991315,-7.342402491897096,-7.949150426620966,-8.459013092292011,-8.515428664517955,-8.268846622692049,-7.787829242971185,-7.475887681413579,-7.262356386602809,-7.15951222991367,-7.099184147154252,-7.294944664451797,-7.637742605439367,-7.871545283414053,-8.15233042337608,-8.73026400987165,-8.981644865032782,-9.214465716842952,-9.456187662573411,-9.746053444014933,-48.20320879948608,-52.18260888620645,-49.6298838351734,-42.88841962906353,-52.18260888620645
-43.560236478190504,14.104153183982053,-62.19346510614151,-14.265745036325294,-50.15226527958226,-51.05403143288156,-8.487778940359837,-8.599645219218425,-8.841595104014276,-8.825566640872152,-8.91625997036095,-8.69670807895414,-8.404655158847312,-8.000517856189308,-7.4254382556302385,-6.736721014354522,-6.465747728855458,-6.366730409183122,-6.227087416613046,-6.289672930992043,-6.479906132906099,-7.100028250664943,-7.543847690368955,-8.110302237880674,-8.109301549192848,-8.32633549269026,-7.908019159833008,-7.302250806872369,-6.916109684455519,-6.087778716822665,-5.531243834251437,-5.190781967242905,-56.172865192861885,-5.0384459613267865,-5.315456305405018,-5.707718667371503,-6.5870711577502705,-7.211572962877906,-8.085136451212637,-8.728487671648477,-8.611603316941988,-8.47724578956169,-7.4823087878670345,-6.739899028328971,-5.700330902335182,-5.119500892172949,-4.822771464932054,-4.8615806715886825,-4.996697261415395,-5.322101447665264,-6.054243810399899,-7.102166292897162,-8.19102208265477,-9.304492669043732,-10.020837452490863,-10.22151461486952,-9.512133520162852,-8.749542328885918,-7.700455771613072,-62.19346510614151,-55.20376506278132,-55.20376506278132,-55.20376506278132,-48.043731751592986,-48.21406494132151,-56.172865192861885,-62.19346510614151,-53.16256523622207,-55.20376506278132,-62.19346510614151,-13.237416652619382,-12.286436816672925,-11.470451321473627,-10.155496351617153,-9.132969766120222,-8.277022724193818,-7.78638900254072,-7.596977598774018,-7.7511428331270675,-8.474422686914654,-8.940936394026046,-9.888515934530552,-11.634905509658644,-13.38047446727173,-15.104414360326782,-16.19681712958529,-15.650063004176783,-14.336964377994946,-13.042951017404945,-11.428954085530592,-10.717072382559834,-9.738931011015756,-9.105836696189428,-9.320801197392822,-9.560395580201645,-9.937787920408255,-49.888975892358765,-12.151068443922373,-14.442970389769506,-17.072894815759525,-19.53350149918564,-22.19303075528106,-20.113353785564676,-16.708342338352796,-14.655719955303068,-12.922791379738026,-11.99877095283737,-11.444569594469558,-11.373370848007738,-11.810284809177707,-12.457707301447174,-13.443084181582632,-15.03995071652681,-17.847776085707267,-21.306435289645155,-27.936493319543647,-43.16256523622207,-27.373309565156173,-22.803766769960024,-20.086268280455645,-18.62002546534534,-18.48130837176436,-18.26561675837571,-47.569485239364056,-46.630439881525234,-2.456826177860583,-7.043195532492568,-7.696028290770989,4.99800429406668,16.04257628992094,8.926941563172221,18.810341809636654,-55.20376506278132,-48.043731751592986,-9.485419106107251,-9.07452838455116,-8.833573440633595,-8.83988920391007,-9.113779008155415,-9.322168751178001,-9.384314094844466,-9.316343087374815,-8.69214815227073,-8.023833154708393,-6.992234184724401,-6.018219659482902,-5.1684273453830984,-4.391718406430884,-3.783864901167082,-3.458852196623729,-3.251135672377096,-3.2837528851840987,-3.3948199000875094,-3.710138772811381,-4.083012851457739,-4.588034203843242,-5.013400084400228,-5.386004505902493,-5.478478629647126,-5.2429582143331075,-44.06433153971295,-4.388960128187151,-3.792749199556349,-3.2178759421415664,-2.727188643425742,-2.4083276171215453,-2.321661833204634,-2.2515562799770676,-2.408327713143503,-2.7371792560839947,-3.321541561831502,-3.8854431237982934,-4.557770265623571,-5.147730335704673,-5.404677198223649,-5.40491384129167,-5.006704657713773,-4.33726301087691,-3.498888782698672,-2.8472586679950505,-2.2302927821753356,-1.9363396805021116,-1.7648919253283049,-1.8915293480230582,-2.138721231089328,-2.5476398021637134,-3.18027141967242,-49.888975892358765,-45.20376533613002,-46.06562661831369,-51.05403143288156,-50.15226527958226,-55.20376506278132,-49.1831651495017,-41.32986721016393,-55.20376506278132,-14.265745036325294,-62.19346510614151,-1.6249879899711495,-1.80524518829292,-2.2534405492031375,-2.827599067281552,-3.7667238438011053,-4.540050978659655,-5.176731813302023,-5.529174265030594,-5.211676593580693,-4.61093366475244,-3.9179502902142254,-3.295200709025112,-2.5563376669528393,-2.2107843475261895,-2.044959860826822,-2.293701473466548,-2.501170157161839,-2.9892574914777876,-3.6266291369352883,-4.571144390070198,-5.350173882787602,-6.093201548858287,-6.515945581341231,-6.262266723009295,-5.894315761242566,-5.453520446412071,-46.17286499761282,-4.529894148398706,-4.2374384787462045,-4.274973079827816,-4.600012859611152,-4.934471368717599,-5.57862281471423,-6.400912547313018,-7.105717909957318,-7.855926867161882,-8.386921498093576,-8.428243003847232,-8.23033797617994,-7.849277257825957,-7.314138085621442,-7.329372697134277,-7.0529573527933485,-6.938753942041501,-7.251640684405579,-7.5112772535055985,-7.727829143572743,-8.093035815903605,-8.537013379783772,-8.850033440483694,-9.008303141588025,-9.300920778448054,-9.467044211691194,-46.87867597400309,-59.1831651495017,-55.20376506278132,-62.19346510614151,-52.193464910892445
-41.03115320719751,14.127031483690871,-56.14998677704052,-46.48856944965019,-55.180886646959955,-59.16028673368033,-8.014160203533816,-8.340965736804778,-8.507290932976899,-9.02894275665437,-9.04557610891614,-8.940356634244264,-8.558258400199655,-8.136155279495918,-7.516624398195754,-6.983210814663462,-6.521122646517126,-6.179958730871564,-6.0434895515724545,-6.047273481271766,-6.214158715634909,-6.379109728299797,-6.7636641345713935,-7.309684084435815,-8.04436840689845,-8.24400426106352,-8.480358673084305,-8.134543234683132,-7.558934334706992,-7.0670404104102555,-6.3448058060306725,-5.652690954322091,-53.139686820400705,-4.93208304368747,-4.967694954490504,-5.098147791386428,-5.3038932292866035,-6.0145683225821465,-6.7595766322499715,-7.525914716350127,-8.490881031069852,-8.851983278326367,-8.923482797661089,-8.341271120127875,-7.700914618662111,-6.850627436904584,-6.109418317506673,-5.351935714826759,-4.978890234388102,-4.838734244154283,-4.910017084810979,-5.23519909355096,-5.673656300834143,-6.709591540975475,-7.8258555773509535,-8.912311563042167,-10.087543709095211,-10.648161864276657,-10.67365446916957,-52.17058669032014,-14.175435502874306,-55.180886646959955,-52.6281615959269,-62.17058669032014,-44.92782765138189,-52.17058669032014,-62.17058669032014,-45.18088628345377,-43.03244845146171,-46.04274812312279,-9.7804463806506,-11.357077664164565,-12.64576223632554,-13.536108636524514,-13.70857667362076,-12.821311757374772,-11.60241451090506,-10.418252807801728,-9.325264388790849,-8.538510604409709,-8.260935423696164,-8.175891945216003,-8.203207040585394,-8.545290829765136,-9.242777601592087,-10.267577933315852,-11.745225151004995,-13.37148888166735,-14.76309209120205,-16.99704371077068,-17.136902324190647,-16.103978879809645,-14.407280570153564,-12.745446749470359,-11.350492768606662,-10.52170731839498,-55.180886646959955,-9.548829389587429,-9.346790291535221,-9.749697007307875,-10.44490797807879,-11.371542446196807,-12.550257343797087,-14.691033441721855,-17.35960162072691,-21.64672583262615,-24.995546083001116,-22.194538479701478,-19.056226989303294,-16.456643340468872,-14.740744367337085,-13.5706823397668,-13.554047952190324,-13.031336072718979,-13.368740986403008,-14.148461531632417,-15.145850451164629,-16.592988780871757,-18.869291218178603,-21.923678312308525,-26.577506409345617,-34.19099007102971,-34.93602985707817,-45.18088628345377,-52.6281615959269,-2.4339474642954113,-7.0203174865793745,-7.673150200546494,5.020882339979873,16.065454642291293,8.949820096504768,18.833220072479577,-62.17058669032014,-55.180886646959955,-12.99521644073937,-12.690665078761668,-12.001171983558866,-10.879845398770772,-9.828730219730442,-8.526953439761286,-7.403255593482607,-6.49932295256998,-5.573477795645431,-5.059198801129653,-4.680671310953043,-4.460168141956553,-4.467074627453077,-4.469603287747671,-4.6261171046771,-5.053754228813085,-5.345724533826425,-5.779219805897101,-5.9275798771411905,-5.8759810116560285,-5.547202125901839,-5.118109373128361,-4.714826965314117,-4.02756461878299,-3.4868696651253472,-3.09431249585487,-51.03115316725179,-2.458672636764949,-2.453520022364837,-2.5179107170514987,-2.720699300549641,-3.0691146883806866,-3.618297630664227,-4.2188938577539545,-4.789300472069489,-5.268324670046297,-5.5942927146003685,-5.415947151241346,-4.921261053727359,-4.323037826624252,-3.6085075109239337,-3.0594101462559675,-2.5584932750518705,-2.1025902748482697,-1.9060674518234058,-1.9109571922411208,-2.021464470577248,-2.3786868452632697,-2.8947635093919333,-3.6739053885970585,-4.4066482297104255,-5.1902772080037565,-5.5969198523475825,-52.17058669032014,-51.03115316725179,-14.175435502874306,-48.02085321061196,-45.01055325397216,-46.48856944965019,-53.139686820400705,-47.11908690712109,-59.16028673368033,-55.180886646959955,-52.6281615959269,-2.669348548250257,-3.393441986449339,-4.249718257291782,-4.961150371274612,-5.441437938774943,-5.507044765176795,-4.889305862604514,-4.262944319150562,-3.4159686978040065,-2.8589739875068836,-2.3001389363235254,-1.9479449184522288,-1.8359309341801155,-1.8989179843673831,-2.178123944120312,-2.6309180543256288,-3.240474570765122,-4.055989549107723,-4.975143923346726,-5.709824563242646,-6.2476084631092625,-6.181631656955414,-5.811398407591878,-5.257119144882347,-4.711060600815237,-4.1235237458438965,-47.54660671133059,-3.731951471729885,-3.8908749632938027,-4.2349668674142595,-4.557128129863867,-5.24912663971096,-6.180439613762872,-6.854865167797138,-7.586202525718902,-7.849941459571741,-8.145496512869917,-7.983647205239565,-7.6011903319545855,-7.316822405382336,-6.944136590806465,-6.6025821744010464,-6.631307781618652,-6.853524345001219,-6.890255763317819,-7.065324266718732,-7.520775739335638,-7.919729851539391,-8.490899478223902,-8.701387414506614,-9.062379498098254,-9.085710591780028,-9.159201180751438,-59.16028673368033,-44.041453123891586,-56.14998677704052,-50.1293868637609,-52.17058669032014
-52.21726404749998,14.08035403936969,-55.22756400413979,-47.59328406851043,-49.91277483371724,-44.36396569739231,-8.175702972559229,-8.56609212989937,-8.78071663701964,-9.079161067260959,-8.95292239410258,-8.859036013222612,-8.230781900649772,-7.5811708347018385,-7.06440825454873,-6.477124950978793,-6.174863262916691,-6.134892997032466,-6.157042302913717,-6.415361602993337,-6.910849496510264,-7.193634883871992,-7.904366610918242,-8.331261517398813,-8.673624451119606,-8.233801181628163,-7.835829153716922,-6.960986055871854,-6.1888535971896195,-5.740647101329635,-5.349310577004922,-5.067716290447794,-45.685138909746556,-5.320536055841398,-5.914562114352458,-6.651296329830847,-7.3425854983676055,-8.405300748610358,-8.8760050765188,-8.84634671235473,-8.260680702395106,-7.2665410356211515,-6.241979549931246,-5.637436684869286,-5.138897793179927,-4.838534516586978,-4.901722710175439,-4.9903163375951225,-5.633162144235095,-6.571550175922564,-7.508442532379004,-8.692641078099951,-9.682914664330616,-10.353974213237933,-10.019480614678947,-9.014762027942211,-7.991628465235713,-6.852929452436868,-6.1372912411577465,-51.07783052443162,-55.22756400413979,-49.91277483371724,-49.91277483371724,-55.22756400413979,-55.22756400413979,-52.21726404749998,-51.07783052443162,-47.16576426430093,-49.20696409086017,-51.07783052443162,-10.863106783187007,-9.685701997706683,-8.431323035281311,-7.851169412189439,-7.508971030348727,-7.474955780558046,-7.827713180353007,-8.260628351395864,-9.078907986668582,-10.139386047907205,-12.05675537707034,-14.119782296022358,-15.343758538963616,-15.958996595332204,-14.59423038790848,-13.183650687555632,-11.695636284446831,-10.346289178763337,-9.410365231965182,-9.006584884473126,-8.821855521468404,-8.946107406528979,-9.489568318383991,-10.305409704271034,-11.645283168595888,-13.769014243259385,-50.176064220940745,-18.97608615555232,-19.351352063078366,-17.957848221351004,-15.356177053613644,-13.437967043614425,-12.139359661963486,-11.141332328032105,-10.370548103943127,-10.459537281784463,-10.743098503609163,-11.599083984329992,-12.586094400102452,-14.221515634112741,-16.78192239526197,-20.909746213394065,-29.036630697872372,-32.27849489808787,-24.32568938968647,-19.925823570959675,-18.127744959502422,-16.838947044831087,-16.413717411187008,-16.49447432993274,-17.275021913980225,-17.857228814006486,-19.646000157663288,-56.196664134220356,-56.196664134220356,-2.4806250806826133,-7.066994842122462,-7.719827027738564,4.974204984436786,16.01877752590165,8.903142825418271,18.78654313318726,-62.21726404749998,-55.22756400413979,-10.758714288410733,-9.455013583903574,-8.486488156003155,-7.762031850471458,-7.182176170047096,-6.998133056617174,-6.845560851094744,-6.928045604003969,-7.122442717473627,-7.3522650907851785,-7.615489625875419,-7.505916939044867,-7.2313333150426065,-6.610905694041822,-5.824660806912151,-5.015629911014785,-4.368168441556842,-3.713742927960284,-3.339010345918079,-3.0852632200990944,-2.884771152165299,-2.994598876488333,-3.2210285355498955,-3.6718114294698925,-4.169329577073348,-4.740023811989877,-45.685138909746556,-5.479159875319386,-5.402454215891295,-5.194569981753544,-4.561286234277538,-4.069722162676615,-3.3979820708084203,-2.86103807207576,-2.4600745939377875,-2.2663729514937963,-2.2308615655519715,-2.4902384095188896,-2.8542882924067237,-3.399943626635476,-4.065439423597385,-4.86426968668088,-5.528710304298867,-5.697490481645638,-5.647068642057368,-4.9594785132407155,-4.122569622184371,-3.2990974222894742,-2.611291169024196,-2.0210794101487894,-1.8325803728994148,-1.770220847279171,-2.020531775350941,-47.59328406851043,-56.196664134220356,-46.90247487707744,-49.20696409086017,-48.237863960779606,-48.237863960779606,-59.20696409086017,-51.07783052443162,-56.196664134220356,-59.20696409086017,-49.91277483371724,-1.6770927515240053,-1.5303821947630503,-1.5566524639794352,-1.9261994102252493,-2.373206147280825,-3.24910929889002,-4.069768767942516,-4.84148160105663,-5.4551489495135606,-5.567001510248475,-5.054742675477587,-4.213028388616746,-3.5925037534903255,-2.8557876859069378,-2.4079903061419317,-2.072810721879566,-2.025436078076373,-2.2739828901730346,-2.8667685891098555,-3.468400626326971,-4.431027594278457,-5.274073404515882,-5.9150807828962115,-6.467314975096336,-6.544258966015475,-6.024024355141214,-47.59328406851043,-4.7466123020823074,-4.312857014860646,-4.2088564173726,-4.159395041401713,-4.519651950577092,-4.930731783940176,-5.505304042776248,-6.359995245073224,-7.184956505209104,-7.75324393253959,-8.167747086389856,-8.167815696927667,-7.922309176635672,-7.678807988954461,-7.05697653503435,-6.946677594682872,-6.755466204163463,-6.782183484744381,-6.951170550324005,-7.12378664305349,-7.519206061277877,-7.905283199331579,-8.194701678442765,-8.716257810661968,-8.894293597842434,-9.322756994592357,-52.21726404749998,-49.91277483371724,-55.22756400413979,-45.057230611151994,-52.21726404749998
-42.31433573624635,14.115565003062997,-56.1614532259362,-49.62932830484132,-53.15115326929639,-48.03231953451231,-7.946498145703734,-8.273196232199435,-8.529026692163026,-8.755044024555737,-8.952834553825777,-9.061443821714388,-8.624626708446769,-8.11239574354184,-7.534878267901104,-6.754047540146568,-6.489332658861039,-6.058485423473307,-6.015355481184626,-5.852573357746196,-6.0212381998600115,-6.433641421396796,-6.992678170841774,-7.469942974841793,-7.911982457777667,-8.402983185686882,-8.510955106663342,-8.253800210712999,-7.705357609432294,-7.031346052452704,-6.11058139467599,-5.670630459166834,-43.489735959472966,-5.015176476647342,-4.82682258436315,-5.058722035081759,-5.406449398686796,-6.046404231713271,-6.8092406809993715,-7.699319765223435,-8.49788250920614,-9.199549683038496,-9.087774043326615,-8.497324646186126,-7.460268428752732,-6.624701749937994,-5.856457620943139,-5.312385584376957,-5.041934013764999,-4.75021035645961,-5.048407503471082,-5.416122554186089,-5.981921772930666,-6.911402081268877,-7.939118585684437,-9.161255854800807,-10.306930565843569,-10.997289082569905,-10.734132390516603,-62.182053139215824,-50.140853312656574,-52.18205333420853,-52.18205333420853,-55.19235309585564,-51.04261976614184,-55.19235309585564,-59.17175318257601,-55.19235309585564,-55.19235309585564,-59.17175318257601,-9.863561142644187,-11.609881809117052,-13.300651372528442,-14.014471230333324,-13.887407107847288,-12.429159980552631,-10.828181858923982,-9.793265961936738,-8.888623681154193,-8.512876484425757,-7.905034030345809,-7.909318706202044,-8.247757905061023,-8.757727661094583,-9.514163967238963,-10.361760581235604,-11.988314465335746,-13.516817147448371,-15.904708384758361,-17.569319354105616,-17.061482592948746,-15.856265538240494,-13.40160558163282,-12.207096940860438,-11.032708986223307,-9.98450557802385,-52.18205333420853,-9.179990895935697,-9.430575348023893,-9.980710622112372,-10.299519745629835,-11.764810991526037,-13.17701649411411,-15.492885106133569,-19.02465785356668,-22.59689190467934,-24.1625306821728,-20.16589732768018,-17.448935605575876,-15.527650159322608,-14.214506469663286,-12.844650279480781,-12.499839458269474,-12.90091219740075,-13.129276499498456,-13.942487996377196,-15.364848008009504,-17.05614308832763,-19.53175112946703,-23.024362517492158,-27.52079417171035,-36.791292282786024,-30.37219723665858,-53.15115326929639,-55.19235309585564,-2.4454140980323738,-7.03178377880478,-7.684616643375964,5.009416047754468,16.053988423450424,8.938353205939327,18.821753748155018,-46.05421449275313,-56.1614532259362,-12.501147851145982,-12.495309340497858,-11.965199609342157,-11.337291394488762,-10.126057939017102,-9.019140858535419,-7.835278332307536,-6.852153720284845,-5.944434429075914,-5.234623895187368,-4.783356347960597,-4.460589755694081,-4.288657787346476,-4.2754725379233935,-4.466935126868759,-4.665121507374863,-5.145958720618758,-5.336965857854695,-5.68533680906028,-5.9323050839552325,-5.871218743229308,-5.523393036200242,-5.0488784536412865,-4.482308560341183,-3.891763421187404,-3.346432584878331,-62.182053139215824,-2.6338175222648426,-2.475813980506219,-2.4880945640819037,-2.5213448701962937,-2.950001342235549,-3.385676377798943,-3.913242558835528,-4.591935318756098,-5.131759443768481,-5.500533552268098,-5.614700177272685,-5.491544918932298,-4.873931461595403,-4.190619982442108,-3.3634552856891995,-2.8062473522418174,-2.3919217695219923,-2.0274076723646903,-1.8421570859327396,-1.951501035639993,-2.23985837620792,-2.731810701883417,-3.33384485195279,-4.122119890173595,-4.9139255273475895,-5.636851286861778,-47.55807304816148,-52.639628261481135,-52.639628261481135,-55.19235309585564,-48.20265313049252,-52.639628261481135,-46.8672639305594,-43.6087283915617,-43.15115326929639,-55.19235309585564,-43.15115326929639,-2.4115331510236695,-3.1942530985597894,-4.0140078663266445,-4.920700472628077,-5.373079898258329,-5.581750566710339,-5.258757908338453,-4.559019453265962,-3.6895242665276835,-2.827157096238027,-2.330654568755986,-1.930797830330688,-1.6902726213263832,-1.6512688768034924,-1.9413856848159148,-2.4262970956253676,-3.15364559162234,-3.8654987309554922,-4.650912880537275,-5.5406652382496135,-6.077868445043956,-6.120551559676516,-5.92066193685156,-5.230862814989718,-4.614886272728954,-4.163346630138473,-40.814847728590905,-3.6706627611264837,-3.621873533160141,-3.8218202350264354,-4.318110079693993,-4.963543399811863,-5.5757886167530355,-6.473706209082567,-7.233094073561989,-7.975285287009895,-8.033572437198114,-7.853225499871738,-7.398625221055097,-6.965952794079119,-6.710584990045401,-6.534422344620108,-6.446085550556773,-6.392121834081816,-6.658462117188134,-6.9163218425676884,-7.163138982818759,-7.5517129594518275,-7.851142603592027,-8.288176851193892,-8.488688421274247,-8.840955470089007,-9.154048508424422,-48.202652922500306,-49.62932830484132,-49.87756392543308,-52.18205333420853,-46.5000361093488
-48.01213344030353,14.135751161246919,-13.989402637214347,-49.857377706228974,-46.84707774958916,-49.857377706228974,-8.063194709979108,-8.304195894816843,-8.680279460613589,-8.983238741041959,-9.152740022052816,-9.070634897747109,-8.701370243744941,-8.02437750137333,-7.488790970635439,-6.986081736817592,-6.4042056334407516,-6.121151465246083,-6.05541449007749,-6.014560645809484,-6.154565800893796,-6.687258123226472,-7.07376959970046,-7.735407549635727,-8.337931633866177,-8.681682302015222,-8.789391737273357,-8.28432129347165,-7.543206338167763,-6.874794909198939,-6.253716191310658,-5.521947820319113,-45.62974178225828,-4.9431264592558435,-5.1456259438476195,-5.368996413697905,-5.760611653009552,-6.574913199905841,-7.359252955509441,-8.227781913053988,-9.046489624614017,-9.080385959849927,-8.860957258457713,-8.05468456920054,-7.260750614133119,-6.360455218471952,-5.654576962781785,-5.135795858091522,-4.868404086121108,-5.082071379395897,-5.119597930606244,-5.732030999873628,-6.447107912136721,-7.600849647268282,-9.005185405365108,-10.219221959192966,-11.01158953372609,-10.80322901865387,-9.830890069026134,-49.857377706228974,-56.14126700673209,-62.16186692001172,-47.53788694102215,-55.17216687665153,-55.17216687665153,-49.151566963371906,-56.14126700673209,-13.989402637214347,-51.02243339694334,-53.13096705009228,-11.381760207867622,-13.125921227559225,-13.621662005924765,-13.362139391848835,-12.449433233473199,-11.200800378414682,-10.020849877272447,-9.114333994717624,-8.46051236031073,-8.015191464228973,-8.073957183342547,-8.264537487837643,-8.51423741942321,-9.31068404735773,-10.439282964591513,-12.217375538364067,-14.265989339075277,-16.137251265711225,-17.12110249071866,-17.053736807525993,-14.921567434029754,-13.32678561734349,-11.83688852221951,-10.564270972596546,-9.754927334826597,-9.30015507071754,-52.16186692001172,-9.326593545391448,-9.730047182331852,-10.45148079068813,-11.97602705938338,-13.520436032470633,-16.01078705388619,-19.382338356208827,-23.690460879019433,-22.634426506629744,-19.357676656133826,-16.4350090849831,-14.419909976017962,-13.146575372104683,-12.482598281095356,-12.25936636461239,-12.475496643059614,-12.908642940390784,-13.86741418011,-15.333469527946447,-17.411405148469196,-19.94772424013886,-23.14782841772849,-29.49014981825335,-36.68411999105062,-28.166860410248134,-24.29080587996247,-51.02243339694334,-41.48000850207837,-2.4252280166859657,-7.011597283270148,-7.664430155308134,5.029602543289099,16.074174555031565,8.95853938216523,18.841939934887346,-56.14126700673209,-48.18246683329134,-11.31993068532466,-11.350086778088134,-11.401837610768549,-11.230558339666157,-10.97802949308612,-10.060474556728803,-9.063926463221943,-7.957358454457574,-6.795007634319291,-5.987532927911353,-5.311529529683164,-4.710291115091769,-4.312657020615021,-4.04448190416604,-3.9931329709049663,-4.207036253765074,-4.421297880786755,-4.775250419746733,-5.115129237854536,-5.564587329719197,-5.7681076533542015,-5.813538719547687,-5.7836388631598945,-5.316994879179724,-4.70118692828779,-4.242456368220219,-55.17216687665153,-3.1383019561818486,-2.7574991900650985,-2.537865631499468,-2.511082895659673,-2.615308008639967,-2.881710231695687,-3.332769950780029,-3.8936772111826667,-4.460640299938977,-5.250653859606142,-5.751639861098599,-5.821963959287974,-5.537273065625027,-5.0536469321908415,-4.3603869256559475,-3.6078567187301407,-2.9714784405198396,-2.4323537535941457,-2.096342454009352,-1.939658221008718,-2.057065453268849,-2.289634417134147,-2.824782991026153,-3.4439374802609635,-4.272091535016197,-5.060583176673809,-13.989402637214347,-53.13096705009228,-45.62974178225828,-50.12066709345247,-51.02243339694334,-55.17216687665153,-55.17216687665153,-48.18246683329134,-56.14126700673209,-51.02243339694334,-56.14126700673209,-2.0259367880923875,-2.643515341078052,-3.479437903509946,-4.320174863083702,-5.197726437113235,-5.6597052962783945,-5.530041814192444,-5.082581317936253,-4.236066165628605,-3.5212378751749625,-2.7671037284961764,-2.1713580078190287,-1.856821239860416,-1.746215203572023,-1.877943990676999,-2.3268579420860362,-2.7734236018476044,-3.512047573097579,-4.428647415087451,-5.285819382865605,-6.0996663259861394,-6.426722587796252,-6.147938446977802,-5.728080934844857,-5.074582269575068,-4.428442599136993,-41.19276656167081,-3.6464158756781524,-3.7670738088491706,-3.8880451943197443,-4.207760079155045,-4.830689355187517,-5.5119699963623345,-6.358617111243373,-7.197538539183817,-7.694243289884271,-8.014522705895608,-7.925575227435244,-7.633824972011508,-7.201653037937644,-6.8946240427346694,-6.586794856176784,-6.329958692347582,-6.43964702116474,-6.574277266673702,-6.692580208097833,-7.038746016344132,-7.5060606825202205,-7.9534016972652175,-8.36292246716743,-8.69229669648355,-8.973015122438904,-9.037384792019118,-48.18246683329134,-52.619441825618466,-51.02243339694334,-52.16186692001172,-47.110367136812656
-45.05830699208165,14.079277816100586,-55.22864023444712,-52.21834047361634,-49.66561544433985,-52.67591540097966,-7.999653202357991,-8.302885392838208,-8.730600733643662,-9.221742298161075,-9.797897741011957,-10.079737435632687,-9.79101334167417,-9.317415351284478,-8.55551190074771,-7.75543887039103,-7.066465780346089,-6.435100628520324,-6.011972809280838,-5.853601745318392,-5.9199134116635355,-6.157440866503931,-6.657801443446117,-7.155875061701642,-7.965281238904804,-8.701285608420775,-9.124678916041113,-9.178392420547626,-8.979449180311049,-8.098021137282482,-7.203735494438969,-6.2005968409848755,-45.686215357619474,-4.953831356760119,-4.6376960682572586,-4.414965527506231,-4.599024728914627,-4.892079008269853,-5.472916092619059,-6.237430788809456,-7.17442010016139,-8.413532439097276,-9.354808424739288,-9.717801605276813,-9.164310642336309,-8.362527501088001,-7.300900324276823,-6.3134329663010025,-5.500227362520063,-4.915193965699919,-4.512103078853086,-4.519222551451637,-4.535001414473447,-4.945775074370396,-5.4160645823712406,-6.337315736555212,-7.498606278732707,-9.08276839084823,-10.390058404714788,-51.07890690536127,-59.208040321167495,-55.22864023444712,-45.05830699208165,-49.91385106402457,-14.083008735000853,-45.686215357619474,-55.22864023444712,-62.21834027780731,-53.18744040788787,-49.66561544433985,-6.38153577388419,-7.349078815781189,-8.6453774543942,-10.379238900769565,-12.581878558969352,-15.294277707222781,-17.101511353554375,-16.685336846533247,-14.051884821484963,-11.740375646367252,-10.062678371711822,-8.748848262085147,-7.834847387524858,-7.3712855899483785,-7.2317890380453145,-7.34161245935831,-7.880321783992712,-8.691692547967492,-9.848536063107268,-11.643162886399907,-14.5089369552122,-18.32880702214473,-23.290162171967506,-27.095499542058107,-19.232211038557516,-15.457168111006938,-47.59436018628382,-11.295871857697026,-10.217362468647565,-9.46448960494315,-9.078298000559498,-9.118952872398726,-9.550145351151189,-10.121555265143034,-11.329858816193115,-12.451998044638628,-14.635732948708249,-17.026625577777075,-21.549492580618896,-24.506141077811744,-23.579760824977065,-21.74130903687198,-19.202614898531813,-16.83210037957017,-16.12495766262263,-15.460923481200886,-15.461931162285508,-15.577470433387584,-15.861492510922483,-16.55361157489817,-17.731276938926097,-17.94656365333975,-19.202615073757674,-56.19774036452768,-49.66561544433985,-2.481700979144598,-7.068070735990267,-7.720903324584707,4.973129090568982,16.017701270197456,8.9020659330832,18.785466752019346,-59.208040321167495,-55.22864023444712,-14.128132759408654,-13.990776778409655,-13.418784498363546,-12.132849428857153,-10.730771696886867,-9.31420978242201,-7.9714021507581565,-6.908037012309816,-5.958038319977054,-5.275360544179334,-4.862854158813741,-4.658829817001955,-4.707690234612884,-5.016482898796973,-5.425878920570555,-6.050582564268959,-6.775029873636683,-7.356459325557995,-7.610624326275596,-7.326830225758378,-6.548771090362341,-5.592678760143777,-4.62946353912093,-3.7480145803136296,-3.065640578337336,-2.574777437127122,-49.208040321167495,-2.2098279173628836,-2.3635906727994174,-2.6700028281953654,-3.256639892046182,-3.978976902285879,-4.900954270742449,-5.753107283356802,-6.5444886469361805,-6.820543397483004,-6.548300381735913,-5.647456581341124,-4.584322600359049,-3.585391399161132,-2.7536750166889306,-2.1366834690791783,-1.73139780210968,-1.4878173740130434,-1.503714213123755,-1.7226213041487757,-2.193008081549506,-2.9039955436271536,-3.8860720429994196,-4.98063183779693,-5.915027615886429,-6.416152096007856,-6.283950760428682,-51.07890690536127,-44.36504200259927,-50.17714045124806,-56.19774036452768,-48.23894026941055,-46.536323248822804,-53.18744040788787,-49.208040321167495,-56.19774036452768,-48.23894026941055,-52.21834047361634,-3.215663132452493,-4.323005847762734,-5.20988499496437,-5.712837081414296,-5.6333706391738145,-4.885757525100777,-3.8623859398931466,-2.9058115448090898,-2.06191843368111,-1.4451808107594701,-1.0941334778268614,-0.9515562224135925,-1.0296738763434685,-1.334958735459425,-1.9065954374052758,-2.7317658298392495,-3.588479945613191,-4.63205964912652,-5.302707301325951,-5.9819920809671645,-5.866781114223135,-5.363887821636829,-4.795701371657292,-4.01981587446608,-3.4277490009514033,-3.0903825881928357,-49.91385106402457,-2.9447800721330104,-3.2027437881188248,-3.6344963847509786,-4.36472114186474,-4.990973070378983,-5.874272925042212,-6.721969792940046,-7.353398070242875,-7.775377755584789,-7.622455583415528,-7.291043394791354,-6.725536002105933,-6.31355556828828,-6.064269279348443,-5.9802154852435745,-5.802954580799296,-5.969859886650473,-6.137832136981465,-6.547076118410095,-6.900180386614258,-7.259942707403991,-7.539359811252893,-8.14174649092623,-8.324180732699682,-8.643375195675208,-8.807518183409943,-56.19774036452768,-14.083008735000853,-51.07890690536127,-59.208040321167495,-55.22864023444712
-48.13625855910723,14.011625751865019,-52.74356694442217,-49.27569208217561,-47.662012059825855,-53.255092168895985,-7.954745021110503,-8.413998991502268,-8.805339283659684,-9.340602576389488,-9.745903723043233,-9.842305019352658,-9.350665178173577,-8.735080038830112,-7.80695743821452,-6.967104517192104,-6.536123928926594,-6.197042970742722,-5.9466937793985055,-5.97560514053971,-6.323485621733232,-6.9188299877881585,-7.575467282406308,-8.381869652809657,-8.72493026387806,-9.249604286959709,-8.851906188984726,-8.18874008184625,-7.41647623183591,-6.315087060046402,-5.482093013753855,-5.165854080635862,-49.27569208217561,-4.572138585950707,-4.676146088786612,-5.005694555123101,-5.736721831000432,-6.588017277215805,-7.570141596455255,-8.564534124509876,-9.070048934274409,-9.24604409961296,-8.409780772955072,-7.495222752455113,-6.161947237764959,-5.299767792353944,-4.667014142857752,-4.414044653226791,-4.296090003537988,-4.441324327355282,-4.976684601848952,-5.6283626996764795,-6.59514530012074,-7.976087474435549,-9.168876946711384,-10.34570765384286,-10.739865705606258,-10.238688891394187,-9.142894672844564,-46.15815347161806,-62.28599203881541,-48.30659195209503,-52.28599203881541,-62.28599203881541,-56.2653921255358,-48.13625855910723,-51.146558515747046,-62.28599203881541,-53.255092168895985,-48.30659195209503,-12.790042676938214,-14.72351196756081,-15.132895965451405,-13.206506954870708,-11.062850033397048,-9.26577973502053,-7.95844709373258,-7.082860214286626,-6.707312375361375,-6.831386734561821,-6.921253641197481,-7.4956406348226645,-8.619278607656465,-10.211641089749515,-12.298169527943434,-15.356994459134178,-20.02773212419648,-22.745497973639765,-18.87659633621893,-14.679882905789894,-12.361296647955625,-10.354273200938596,-9.181501826912086,-8.720513711346213,-8.437083897894007,-8.372811743548905,-49.73326698778236,-9.736645943466801,-11.267662514170375,-13.105426587217792,-15.787971753260774,-20.622875058552328,-28.889490462678573,-26.383148001633792,-19.728444485442427,-15.930149251967851,-14.043366835601388,-12.483912494943297,-11.762246790559276,-11.555226771324241,-11.809661264700743,-11.951030274060974,-12.760925101151079,-13.917625723825282,-15.332401144850063,-16.995154846248692,-18.919593994933532,-20.301070624744895,-21.40463141643356,-22.73103896852443,-22.69653301465086,-22.407096135806025,-22.68366352667691,-48.30659195209503,-62.28599203881541,-2.5493529103780164,-7.135722908054114,-7.788555232333052,4.905476918505134,15.950049443193983,8.834414778363778,18.717814932805037,-49.73326698778236,-50.24479221225617,-10.067026542797606,-9.21229398499029,-8.662053665261688,-8.363596621494537,-8.307895124921789,-8.53460700217582,-8.933419634773959,-9.405177499243816,-9.805032945444207,-9.789020271012719,-8.963870490898962,-7.928503918894089,-6.751713225618115,-5.532966115462231,-4.525252192571193,-3.8003569281250766,-3.3501444119399375,-3.0195534628538208,-3.035631725258581,-3.248734457634794,-3.638977378777727,-4.330083758130579,-5.151985121522429,-6.06243206513208,-6.690540165249686,-6.936382147890767,-52.28599203881541,-5.48372521405156,-4.561241913279657,-3.615278723462273,-2.768149744704454,-2.2797555333694612,-1.9971375755725331,-1.8553847502293808,-2.0256262796151563,-2.373797832661841,-3.100635468919561,-3.940412058053726,-4.960213129326222,-5.8786239862866,-6.50498900805021,-6.436430103284973,-5.621701322546891,-4.578532169768396,-3.4723166367095977,-2.502027498396652,-1.7886152273577258,-1.3799375549297634,-1.1742675954835196,-1.2505373143500687,-1.6250261936204384,-2.1763138374498823,-2.9663515244833665,-52.74356694442217,-62.28599203881541,-44.65171210318604,-53.255092168895985,-48.30659195209503,-62.28599203881541,-44.15685847238686,-52.28599203881541,-44.15685847238686,-55.29629199545522,-56.2653921255358,-0.8257727262928056,-1.0870949040336737,-1.7391990489704388,-2.625927429863158,-3.6289072711480497,-4.662230113254967,-5.369263950562239,-5.557212073762163,-4.963655525062966,-3.9483902853910373,-3.0715727642880992,-2.242911395569568,-1.5437612050388223,-1.2050356584842978,-1.0717529028560018,-1.3792610712780529,-1.7683059013033096,-2.4420062958419035,-3.228891055059689,-4.30636832599536,-5.215709440808858,-5.924624549135343,-6.0502535589002635,-5.588984305835368,-4.998721829124266,-4.368236294262032,-47.662012059825855,-3.3724243591996994,-3.2133784060335535,-3.2741286522184914,-3.728517381074936,-4.138902306625431,-4.896308530502541,-5.684094281653785,-6.538955669620911,-7.249215297320784,-7.704011466390526,-7.798542315091222,-7.336630367031651,-6.895068058275626,-6.3660798097002536,-6.279812683528374,-6.097627779089221,-5.882201441386917,-6.209372632643034,-6.4456437283969725,-6.721652299999392,-7.030672151173696,-7.409278655093172,-7.843591850246013,-8.082539291772989,-8.39752318776849,-8.768550680673844,-47.662012059825855,-52.74356694442217,-49.27569208217561,-49.98150282503268,-51.146558515747046
-44.928516821772284,14.126342652110191,-55.18157538868059,-44.53699560833721,-13.758622905571338,-50.13007560548154,-11.133751015256998,-11.65404064947051,-10.991871117792746,-10.182066621404829,-8.988554713464943,-8.156925289915511,-7.130306424192259,-6.402278293509069,-5.826664068054754,-5.4603158771840645,-5.549696297196052,-5.929186934505562,-6.3035461884966395,-7.011213351482012,-7.982133655256872,-9.09022209776268,-10.550143881548363,-11.030172195125356,-10.921508102012565,-9.70668346845349,-8.345468238954744,-6.987057079858503,-6.085105951703915,-5.177876865230516,-4.7369775667461305,-4.658407709286846,-44.10947569220191,-4.981926416792256,-5.508117354721335,-6.5308554816449895,-7.964458177370011,-9.852859886622829,-11.620168922887725,-13.07304163605889,-12.380802252854918,-10.56080140270881,-8.411477181110127,-7.041764514150255,-5.714596921794488,-4.924707897043522,-4.563757036846306,-4.456385373721191,-4.757395209715721,-5.149435077239889,-6.258569545200182,-7.552975082891901,-9.397567703567384,-12.016965483283592,-14.713503394027814,-16.167210117037392,-14.002171082032477,-11.410553631624868,-9.183399169517823,-52.17127562679168,-56.150675518761155,-55.18157538868059,-47.11977564884172,-51.031842058780796,-52.62885055403743,-49.16097547540097,-44.928516821772284,-52.17127562679168,-55.18157538868059,-59.16097547540097,-19.530420255393707,-22.20878627417016,-16.653848656730617,-13.041088602730326,-10.452578158317857,-8.874998978606751,-7.5914576323279315,-6.885077617761971,-6.615083812548948,-6.5671271761716,-6.969191923723495,-7.635829465647845,-9.024830596890114,-10.660029685607476,-13.517155670497567,-16.541926137489767,-24.59352048597623,-29.82357238780111,-18.15554685018047,-14.068143752928952,-11.369485953548716,-9.850746720221833,-8.651670675552742,-8.095123458615868,-7.797052187987594,-7.783985190453122,-43.03313683695328,-8.877052531312403,-10.078055781074708,-11.89370338450191,-13.456655504844013,-16.298657036067535,-19.030495602883462,-19.14623426095293,-16.92640527703653,-15.229348918873562,-13.259414578800147,-12.220849493839554,-11.380150562601763,-11.004235330523803,-11.11113537085632,-11.143474768480178,-11.851014046890098,-13.030754243889685,-13.611241234976315,-14.330739720589875,-15.194623437471162,-15.840430907003055,-15.877077811969546,-16.28631731075421,-16.487263568166544,-17.24618570701214,-17.891224206709545,-55.18157538868059,-47.54729534112541,-2.4346365190560517,-7.02100616186487,-7.673838464147283,5.020193664694378,16.064765975160704,8.949131164446978,18.832531809074297,-55.18157538868059,-48.191875215486476,-9.546171486247738,-9.333899891714644,-8.919876063836055,-8.843236027915843,-8.471699432581161,-8.401839378603261,-8.057873554795025,-7.513017094563386,-6.975778189667298,-6.372833797137998,-5.8010839299999875,-5.2270752737464266,-4.746215756404254,-4.301945089139607,-3.8833360848093488,-3.592157429633689,-3.5259269783446268,-3.376360235903406,-3.489270381926329,-3.5167946912559955,-3.651962832254494,-3.9054357702436326,-3.9800495273895042,-4.30750249684471,-4.4024479775968866,-4.317350302072803,-44.317977156427986,-3.8231217969794122,-3.411476984669698,-3.226846323008578,-2.809416693277373,-2.61788162741283,-2.3937238645191075,-2.4490157504579377,-2.400398591458287,-2.673137070347556,-2.9711225351888872,-3.4181159465758877,-3.9436861300941124,-4.281020025985542,-4.581967478329723,-4.422399273983919,-4.2801378171467865,-3.796470538847859,-3.328233959211895,-2.7371959314619376,-2.318681707521977,-2.0658589995519256,-1.9571659483855237,-1.997385397211191,-2.3519937696654165,-2.7804382082045325,-3.3804486839292935,-42.87708610616224,-49.618550597397615,-48.191875423220765,-62.17127543204078,-48.191875215486476,-49.618550597397615,-51.031842058780796,-49.866786218258035,-44.04214193552281,-40.022836872396766,-59.16097547540097,-2.022824765683042,-2.4162222436488596,-3.0164486576978256,-3.793952165085637,-4.458392346968156,-5.096783377344533,-5.199592391706522,-5.0671482533560885,-4.4116119616151215,-3.5912179199852226,-3.1183641289964372,-2.668147692787099,-2.3343583990335857,-2.271951974281477,-2.5171653799304265,-2.7845323742082515,-3.5959908866915224,-4.26904331142213,-5.263893724891489,-6.275074134261143,-6.866294586961292,-7.004110726720446,-6.610989699627552,-5.957383153144695,-5.382915372297551,-4.933042563787881,-43.53804685751442,-4.365611161747647,-4.29518308822023,-4.762274450026967,-5.406854233653441,-6.356819711797642,-7.540935702469088,-9.01367051718802,-10.113143690256932,-10.912398204667394,-10.447990085115798,-9.516187019644333,-8.260777007469528,-7.281878159863302,-6.637567354631145,-6.255498759704005,-6.300679269496795,-6.328630378383039,-7.074828883846389,-7.703512510962039,-8.78854344675949,-9.99822598325686,-11.12377601806839,-11.775666678710508,-11.835027720893578,-11.210347702407367,-10.107091790363338,-46.15067571351206,-56.150675518761155,-49.866786218258035,-13.758622905571338,-13.758622905571338
-49.8647967410553,14.128332115132263,-46.48726871416809,-44.31598760473037,-52.626860860444786,-62.16928595483804,-11.137785075390996,-11.497460908784142,-11.081403693978167,-10.509220453623696,-9.090027416489379,-8.175370143487177,-7.007053507142329,-6.265549680143025,-5.761431161873361,-5.572690713870671,-5.537206158797262,-5.711674937472485,-6.309898547165675,-6.9078969029189805,-8.075500707233566,-9.112978038432901,-10.296504649125948,-11.098509607296963,-11.115546588375745,-9.882075280552282,-8.618507675684704,-7.296699971575979,-5.976505454416216,-5.36324788625505,-4.837088612073381,-4.54626735521109,-50.12808612827879,-4.870278830688309,-5.5837351277193905,-6.5298973105497184,-7.7093541082907615,-9.71127308770598,-11.77744546758439,-13.175842416666148,-12.701767265539509,-10.611524501318268,-8.643216313419504,-7.058678210149064,-5.9226498180570815,-5.074127393568713,-4.693956044670084,-4.37507432500034,-4.601449611707731,-5.231700020143549,-6.0316074554572054,-7.230190530382474,-8.92884945067485,-11.643962658673498,-14.872374894485706,-16.73506255786053,-15.02380879352951,-11.659073639256178,-9.473759943856743,-46.04144738764069,-62.16928595483804,-62.16928595483804,-49.8647967410553,-56.14868604155841,-52.16928595483804,-49.8647967410553,-48.019552475129856,-55.17958591147785,-49.8647967410553,-55.17958591147785,-19.37626776986582,-23.777648688812526,-17.97882016460649,-13.528626977550147,-10.77348560236299,-9.115556891266154,-7.944946923062712,-7.15758396252205,-6.677131342823967,-6.492507175364064,-7.0094620077029575,-7.672635354554689,-8.562802726122136,-10.075208353635416,-12.389764695517602,-16.138600308017153,-23.49284361510284,-33.518246399679875,-20.800495581465952,-15.111674869790061,-12.065226359727447,-10.300569510204294,-8.963793892766402,-8.176703128326203,-7.827287029037887,-7.930784327993084,-48.18988586811766,-8.92051681542609,-9.557847109075233,-11.081572729495893,-13.225128301080709,-15.570313933133477,-18.261347585027956,-19.177919141250644,-17.86208745521808,-15.072771222420684,-13.520320508578736,-12.234306491001668,-11.523320877686679,-11.091082997027309,-11.105847120972383,-11.529725843973191,-12.198700232985018,-12.519622383820598,-13.901801651573704,-14.558280376794144,-15.389112911278236,-15.782397423900619,-16.137300722572586,-16.175696281514465,-16.909901981385783,-16.53044256189438,-17.054730297236038,-55.17958591147785,-55.17958591147785,-2.4326466656050667,-7.019016815440412,-7.6718493409281585,5.022183011118836,16.0667555984966,8.951120935219134,18.834521060195023,-55.17958591147785,-59.158985998198226,-9.585308132795982,-9.304317291414904,-9.019980495465802,-8.964915163392334,-8.60566128304378,-8.418138977279789,-7.94448753030405,-7.593600585948738,-6.865636800718899,-6.22487436867591,-5.769155132791157,-5.070534285423558,-4.700041916713803,-4.152601663746233,-3.8310728207395965,-3.6167602911827084,-3.53439226335383,-3.3910994168800195,-3.458111964818171,-3.6111880207746583,-3.7527822455633837,-3.9098020421154454,-4.159010419210144,-4.275735656538956,-4.273126057868256,-4.311077848229474,-49.158985998198226,-3.7787813963506958,-3.3728576101008527,-3.062305418914868,-2.6793306530783805,-2.54142184969533,-2.40994786845739,-2.3958918764802646,-2.5556589345206797,-2.7501929192662278,-3.136367099671824,-3.5991406088662528,-3.9794037683774874,-4.3399396891718425,-4.478985425959786,-4.496777361384255,-4.182579153650589,-3.615760192365116,-3.133785302277163,-2.7287798881830034,-2.2989726248045104,-2.0951201267729838,-2.0500140890200473,-2.091253896561946,-2.4692736180072994,-2.9048068882561178,-3.5095334634648943,-52.626860860444786,-42.12607221701161,-56.14868604155841,-59.158985998198226,-50.12808612827879,-62.16928595483804,-50.12808612827879,-48.019552475129856,-55.17958591147785,-62.16928595483804,-49.8647967410553,-2.0460946450765243,-2.514287088258414,-3.1720381351476594,-3.8666333979139305,-4.558175012013221,-5.113992798381453,-5.069500981019753,-4.849194098238242,-4.219465890301351,-3.599279737409138,-3.0058313122569578,-2.526793197497079,-2.3437474242942953,-2.325111388466756,-2.527798004405886,-2.950528103388276,-3.581694795274352,-4.308106442610936,-5.357126962704038,-6.272380936071577,-7.0215645417680586,-7.076051060415759,-6.59734268718981,-5.980389016780528,-5.328007785654024,-4.787182275256282,-42.626860860444786,-4.257363769120458,-4.376748954886749,-4.807791993479581,-5.306982091449138,-6.346901937824681,-7.676755246571073,-8.925596846537802,-10.281209986269818,-10.69632657426152,-10.373739372400191,-9.243181336671823,-8.182855889963122,-7.3621760273106185,-6.727488662702623,-6.235971229612629,-6.133068635307666,-6.402912913331534,-6.843347389163098,-7.605260989553901,-8.541728918066513,-9.926416517172253,-11.125063772556704,-11.877315211210327,-11.851930377968,-11.01198270232417,-10.218013992465151,-62.16928595483804,-45.009252518490044,-49.8647967410553,-62.16928595483804,-52.16928595483804
-42.10920423095285,14.188413922662637,-55.119504032901354,-44.86644555051137,-41.85614525335612,-46.54617949828675,-9.594452601853027,-9.89858415617562,-9.835428405353486,-9.841401068859794,-9.258809584554244,-8.635279709748453,-7.855623027784278,-7.097995242293152,-6.387809779353894,-5.80788560256137,-5.451818297908149,-5.2806081651046135,-5.299959518254852,-5.598237029710788,-6.072023927274342,-6.581913505625019,-7.513274185441246,-8.521691644057958,-9.390578844513717,-9.865116946231318,-9.46270204329191,-8.544031452478777,-7.41248589237626,-6.35000907852107,-5.488419189660101,-4.793888174744239,-55.119504032901354,-4.042216030206539,-4.117660124357301,-4.454127913791085,-4.878548801984566,-5.810573691405041,-7.080864822726088,-8.776001317373153,-10.591431153548287,-12.80965322480746,-13.24655368696619,-11.842237650844439,-9.998933812077995,-8.148798069735703,-6.809846791253536,-5.6108240227501955,-5.065690957833576,-4.780765304138555,-4.829426239804146,-5.050968598826819,-5.689656457030814,-6.684373131091461,-8.069903932811043,-10.085056769344675,-13.24463511061098,-18.044994437256758,-24.370608467220475,-45.207243460132716,-45.11950377508252,-55.119504032901354,-55.119504032901354,-52.56677941156637,-50.969770850676454,-49.09890411962173,-52.10920446298981,-56.088604162981916,-45.98136535185758,-53.078304206342104,-10.113270140013494,-12.25830878173144,-15.759899014678345,-21.783822627882405,-30.024790256609695,-21.714269449104037,-16.751707052979295,-13.411139250040744,-11.24382579079433,-9.544528101475374,-8.956849938950533,-8.513125428865123,-8.28426099556678,-8.455429094158898,-9.00106057719395,-9.602565083222885,-11.02057793243727,-12.728612162288869,-15.396642164986389,-18.724639071621493,-22.48598446298635,-20.657861604442374,-17.504435472543904,-14.164532657930431,-12.111941237599773,-11.179157370748447,-52.10920446298981,-9.680983273231796,-9.161544917851835,-9.314861678082057,-9.789184844749492,-10.281520558944967,-11.342362779208466,-12.525620085615536,-13.906861031209875,-14.714034159034808,-15.788074867527612,-15.977871491313218,-15.16490709728596,-14.38767447669254,-13.611018723980656,-13.328929355827643,-13.264535602927145,-13.100400953084591,-13.869704051185945,-14.566867691768387,-15.642716473431289,-16.53726131203722,-17.563804154192333,-17.951960414969392,-18.71787074485755,-18.16398702974861,-18.206036283608224,-62.10920407626154,-46.08860454971018,-2.372564962800396,-6.958934764976505,-7.611767530623567,5.082265061582742,16.126837597606333,9.011202753007764,18.894603114589795,-62.10920407626154,-56.088604162981916,-11.204155070173229,-11.13302172545357,-10.554325468239806,-10.211437994032915,-9.299006889060625,-8.465176296528638,-7.618804096325996,-6.62128214895778,-5.91005227530228,-5.088199984578063,-4.711882828434787,-4.350326355340968,-4.121137517651825,-4.025169593633862,-4.060282547788436,-4.1836483517131615,-4.524346686588693,-4.706801442130949,-4.9825382810214744,-5.029246440270867,-5.033553549260792,-4.84339871732984,-4.455424491547911,-4.057812557139789,-3.6234644014983983,-3.3451546912410417,-48.12980414423247,-2.7180070218164616,-2.528173255282079,-2.6280095177393967,-2.6219454003981095,-2.932574118916463,-3.2310457245467994,-3.6571196129164463,-4.061453449053609,-4.343463391883438,-4.590095779497055,-4.72468092374856,-4.574476967845115,-4.2306829531437105,-3.884012441650735,-3.3731324891401067,-2.9974095175483955,-2.5571145713116716,-2.5815262783699,-2.4759919881350054,-2.5291638825676315,-2.731513183253459,-3.2059941406305468,-3.510930612933369,-4.073478894952939,-4.520471023182086,-4.792204484443426,-47.057704293062486,-46.79441483000992,-45.98136535185758,-48.12980373172233,-50.969770850676454,-47.95947034865064,-47.057704293062486,-62.10920407626154,-59.09890411962173,-59.09890411962173,-52.10920446298981,-3.4645085054162266,-4.066439738419608,-4.309309158820217,-4.6480799944506375,-4.532473506923506,-4.394138003957802,-4.047404746870273,-3.640034145473621,-3.1716644316174154,-2.826982141812376,-2.739158287689415,-2.7484824126126894,-2.8610735686586737,-3.256468256499361,-3.6516520894058417,-4.083375079456612,-4.747749438645019,-5.066926470320526,-5.496379029114303,-5.671273449439235,-5.458425112868096,-5.139702444683531,-4.849549385253576,-4.536382769622532,-4.465634019591096,-4.509128174269978,-62.10920407626154,-4.90852091356931,-5.321171715842179,-6.110547809127658,-6.7047956385295135,-7.7662944180475035,-8.36054777597054,-8.876063915487522,-9.107315929604269,-8.866997013065962,-8.326370282087604,-7.940769424563619,-7.490618803217371,-7.320351556346233,-7.19209995653838,-7.353291222584495,-7.683324701665082,-8.152777879636977,-8.942100719613956,-9.544312028181883,-10.374864417951866,-10.830837490196393,-11.32536074301445,-11.178876755076487,-10.77071868634202,-10.289339696403994,-9.92592383996345,-52.56677941156637,-50.969770850676454,-55.119504032901354,-44.94917093739683,-56.088604162981916
-42.204879897340106,13.448158059622548,-46.82886020791096,-42.981742502838344,-47.53467069891431,-40.754309687210565,-7.558622954735905,-7.741423572502119,-7.892213228854551,-7.4659222330197785,-7.1701547910443235,-6.4972267853969115,-5.544786416938157,-4.756153020915197,-4.0927076498630575,-3.610593108665542,-3.338295833306471,-3.2571138229101013,-3.3952420418259646,-3.78031011408953,-4.350697578470307,-5.535337085506389,-6.284060540513496,-7.4020221981928,-7.798611360063954,-7.79687460336647,-6.60444239942727,-5.431170825920876,-4.478344036730769,-3.4215988653607776,-2.68278632606209,-2.221185300148674,-49.83915995398455,-2.214456378348351,-2.646427326455332,-3.2642748430800266,-4.50975726431357,-5.759713211771913,-7.921730212195234,-10.037989386006247,-11.356498564374846,-10.86165258339195,-8.83454110388827,-6.798726816452051,-5.057125504880173,-3.895626808960839,-3.158535600904199,-2.8959294279379444,-2.720910419791156,-3.114482434172639,-3.695983775526569,-4.848615765956984,-6.37213992694428,-8.719481743757653,-12.20693971170872,-18.500578618096025,-22.11594276155381,-15.47522745548285,-11.201144923215471,-49.83915995398455,-46.721621257830975,-48.22547981061973,-48.8700596835265,-48.22547981061973,-50.80826008406511,-46.82886020791096,-44.276135180274146,-39.92689929732923,-45.859759726886686,-47.7979601274253,-19.090081636037958,-24.77343297917305,-17.839826270279886,-13.58866073213486,-10.725319831702983,-8.822359120492601,-7.3965247188617855,-6.724238502325345,-6.507378285167087,-6.767923524415887,-6.997278816428022,-7.776556350692184,-8.915462852268378,-10.574680720365176,-13.07327549826452,-16.928581328733753,-20.720130180278595,-19.463102347317648,-15.26912641305782,-12.230677383528485,-10.351778940083127,-8.781929646454971,-7.899542523987332,-7.379482847278362,-7.281599871060314,-7.1522455168247845,-50.54497069684162,-8.529377052359209,-9.784416105695055,-11.04599288483107,-13.233825412197742,-14.60039523554423,-15.48669034452217,-14.97110163205659,-13.482261778065974,-11.937962945278729,-11.212450588237548,-10.157577126198795,-9.880066856063225,-9.93999208189437,-10.184015319347823,-10.567253069514885,-11.263121468307931,-12.380842264476241,-13.098774007790093,-14.09994780733726,-14.425552111967948,-14.738403657822044,-14.339691077125504,-14.309802452445199,-14.014776322411816,-14.602410484231571,-15.274209184401517,-53.30703505019358,-59.83915995398455,-3.1128203465931605,-7.699190382292733,-8.352023347596207,4.342009444266514,15.386581325635545,8.270946325946532,18.15434704164854,-52.84946012119058,-51.710026549530006,-7.470752699957432,-6.977504262014636,-6.898467666309159,-6.51004111082532,-6.634944830007856,-6.613307837896779,-6.53164443973564,-6.288084880199766,-5.909905031749123,-5.489879913470141,-4.629401100263653,-3.9105058187932675,-3.2714725319617797,-2.7021632732990297,-2.04934246076727,-1.85956366421459,-1.560577895644274,-1.619088472810459,-1.4499578523625365,-1.778595566093546,-1.9316863403351672,-2.2812304056058172,-2.7026043466667953,-2.8492083385626548,-3.026652798441382,-2.935315821029636,-48.22547981061973,-2.29749313739896,-2.091034941082916,-1.4851398895315047,-1.203314595277165,-0.862050929655289,-0.8288838509225273,-0.770510918376627,-0.8448018401159223,-1.1063607789623882,-1.5579352693361264,-1.8474852006352784,-2.3718646530829077,-2.8756309259740687,-3.0090815409534395,-3.217604737494897,-2.7442807673767424,-2.4978051436237254,-1.8341197112067151,-1.3871839322386992,-0.9216754646213081,-0.7046958024970996,-0.6095294955065875,-0.7644764484344628,-0.8658446462298437,-1.2785416876024238,-1.7406817758472461,-42.31867551926992,-53.30703505019358,-47.53467069891431,-48.87005990813047,-50.54497069684162,-43.55527057916394,-52.84946012119058,-59.83915995398455,-38.471954031380456,-43.55527057916394,-50.54497069684162,-0.7819295715120388,-0.9890409667182891,-1.469134419943336,-1.8269069754342944,-2.5004493598159727,-2.8226341407113646,-2.859525208169229,-2.759763978104206,-2.4414589887634577,-2.1252513038955305,-1.610362039272696,-1.3408243793996655,-1.096774887334793,-1.053913331862595,-1.1541820753910583,-1.687511287490546,-2.0049807527418078,-2.670678397798789,-3.05468155734524,-3.6347127220434503,-3.937599039582469,-4.066902420636597,-3.991721401300036,-3.5940700114182373,-3.2934289527577847,-3.064358796854762,-45.60670130731858,-3.0015188307418788,-3.2391758804136317,-3.588341669356416,-4.483351692097814,-4.81814038894503,-5.719521797488875,-6.508296339644288,-7.020171679065341,-7.355993596894331,-7.327061753549944,-6.7613660827866875,-6.266550232799454,-5.8065472123762,-5.607537077370935,-5.773579206165089,-5.836535051538032,-6.118513444895549,-6.533267093335034,-7.2421702938962005,-7.75344290169158,-8.310102812663638,-8.708119941717143,-8.999173388798345,-8.740186929830763,-8.320238824147458,-7.971347737783577,-44.99616164106114,-45.60670130731858,-55.859759867264174,-56.828859997344736,-59.83915995398455
-44.51270553090681,13.459823359287963,-42.794580642540616,-48.85839429087064,-62.83779465796918,-45.59503614711667,-7.582034739447998,-7.764364084523516,-7.873341492433142,-7.722155687023196,-7.133299236659488,-6.35687916988287,-5.496055671466583,-4.747688172122521,-4.019385054909969,-3.507408736510107,-3.318763803258316,-3.361864538734054,-3.4690750231941108,-3.8921086160514906,-4.498091768267971,-5.587626384495968,-6.615726821598164,-7.6586475445412,-7.964120021175205,-7.562501105729681,-6.483389562631921,-5.283063064109433,-4.299711694788523,-3.2150767245127954,-2.646178978773439,-2.217844552021876,-43.54360525239075,-2.372647706877088,-2.814146365696862,-3.6150822148485586,-4.762525564771362,-6.3946692815258475,-8.379620626382675,-10.790492300294652,-11.582168471492718,-10.251373737570013,-7.977118815563145,-6.242197757676109,-4.700084053764978,-3.6962840987279897,-3.0383339079646,-2.836331236308138,-2.9266951065310067,-3.3244003339072776,-4.0648584746749785,-5.317832823945895,-7.097458651045115,-10.16983483810023,-14.197135937520803,-21.68335399587439,-18.974588667448643,-13.385817784753598,-9.980736739059752,-47.786294874770114,-55.84809461460899,-50.79659483140993,-53.80689478804974,-55.84809461460899,-49.827494701329364,-12.705423128850311,-48.85839473947569,-53.80689478804974,-46.30566998751269,-47.52300540508245,-23.410275039581457,-21.2529637984299,-15.325465770431412,-11.936060554127817,-9.57636189262657,-8.02899051799624,-7.045791357578431,-6.524240102119857,-6.60400966812242,-6.894134131857532,-7.480171310115958,-8.565449824835378,-10.077567998126678,-12.262883558968428,-15.641499460283363,-20.125421352139288,-20.496166472401743,-16.175423785053425,-13.161940585739796,-10.742644107552202,-9.353928017209105,-8.182940351574603,-7.279875731467604,-7.207815761563852,-7.243372745724973,-7.520936838898852,-50.79659483140993,-9.29790159171459,-10.797409223637446,-12.560833589727636,-14.966591542934342,-15.619029490329428,-15.450544042537246,-14.07532773576169,-12.467515981058995,-11.025047958162135,-10.023710691141028,-9.519615572620332,-9.579252614939403,-9.801471586671838,-10.189592552394505,-10.719116901022886,-11.745587601650513,-12.85502671737399,-13.709996021210083,-14.40316216537758,-14.601943529523322,-14.423386630436578,-13.97322573221034,-14.126503863953278,-14.277215715536562,-14.842665723334019,-15.475025416325998,-53.80689478804974,-43.54360525239075,-3.101155536402312,-7.687525445129822,-8.340357992388736,4.353674381429427,15.3982465113406,8.282611651616074,18.16601246884504,-50.53330544418643,-52.837795078536416,-7.475746563432529,-6.930969867977652,-6.528779073940275,-6.389107288379975,-6.143463455502691,-6.207186678391309,-6.215657956383351,-6.108756669393404,-5.97864042672449,-5.559325297140565,-4.97598272790564,-4.369025723129459,-3.6907461747437886,-3.0178832820242762,-2.4344422061548663,-2.013154400663485,-1.6771126395282165,-1.5598810866951265,-1.490475685617372,-1.6201616064347388,-1.712381606981668,-1.9848031642846977,-2.3442190058339287,-2.7506474103111733,-2.911190354651354,-3.0650362646587537,-42.97007718523439,-2.715346215739455,-2.346137906890808,-1.895725813891498,-1.4529427317719799,-1.1801005221729988,-0.9481919811413089,-0.8058304985097506,-0.7871457717635655,-0.9398692207335169,-1.246985977820573,-1.6591281274495788,-2.083927331499856,-2.5997983491366847,-2.9986013063466825,-3.194594752687415,-3.0591462693182314,-2.7842687367143797,-2.2128395948891333,-1.7526281561615678,-1.2089111134861938,-0.8921797390098325,-0.7055610481037493,-0.6786022040133849,-0.803742245106268,-1.1001530644372701,-1.5381905548444605,-51.69836145841407,-43.29536947011654,-47.786294874770114,-62.83779465796918,-50.79659483140993,-41.254170204313624,-48.21381443727431,-48.21381443727431,-48.85839473947569,-55.84809461460899,-46.81719516525679,-0.7056462541809558,-0.8748914398809416,-1.2828158304876038,-1.7519378112063364,-2.3137410592767718,-2.743604449242264,-2.878526201960248,-2.906338718174533,-2.5863096191020225,-2.2174043377061317,-1.8004343458508922,-1.4869774881779168,-1.156044454900568,-1.138450366342242,-1.1960722742888317,-1.577312493231712,-1.894369564852243,-2.4623464599770113,-2.9503105771169325,-3.577350461237085,-3.9959321125579264,-4.080192510549393,-4.048987844227291,-3.6710188514109774,-3.4850146326596687,-3.2074286310377618,-46.70995591980953,-3.0797187935948096,-3.208639034835582,-3.566422281431617,-4.185185373925131,-4.772189464394851,-5.614977425362091,-6.533007158817936,-6.999552034263386,-7.346461938143466,-7.176838972142081,-6.811498233042601,-6.272012072559708,-5.83572623824471,-5.5981672144414745,-5.722083848233125,-5.657987533216704,-5.956569786799085,-6.480343985263098,-7.152949598077324,-7.835690728752188,-8.348799966326483,-8.56272292493928,-8.609844845419575,-8.453368336495231,-8.544261294293955,-7.994895986410505,-50.28507007423306,-55.84809461460899,-45.93583405795415,-48.21381443727431,-48.21381443727431
-43.569055096903014,13.697663142788565,-50.5587551402632,-45.697994263967644,-53.05753009976664,-43.305765862129334,-8.76036553290886,-9.095730533111082,-9.027278379103121,-8.813759922126849,-8.24628972040433,-7.527199413358204,-6.60259775661843,-5.848039493738504,-5.245355661770519,-4.673727306374084,-4.454782437029153,-4.528435292537827,-4.666822350842973,-5.183137661244137,-5.965640917860737,-7.040973130110453,-8.300027354776692,-9.559942590935563,-10.135510937178227,-10.071133665683405,-8.96193673923204,-7.626055295909597,-6.4517732963590255,-5.31637676278426,-4.524814387752371,-4.1558293625674425,-40.321088094215476,-3.9555504382109756,-4.320804565712232,-4.892185773661162,-5.86479724157619,-7.290559527408127,-9.3298412308145,-11.874882804935716,-14.577624005390451,-15.01742377816677,-12.323197969413895,-9.895472262267752,-7.707994434758777,-6.230574860106705,-5.335862047127682,-4.853289665597605,-4.566954573268859,-4.592605773579763,-5.127787574002266,-6.009458975683214,-7.313602922190206,-9.26306423620072,-12.026755986368284,-16.880422251710673,-27.123438511353722,-21.155769621510693,-14.394524970668565,-47.28516575628153,-46.47211631645287,-46.47211631645287,-48.620554961943554,-50.295465753039714,-46.06783005640645,-48.620554961943554,-43.46181636813028,-53.05753009976664,-50.5587551402632,-43.51510470225682,-14.795197695462843,-21.651052713799235,-28.839663371904777,-18.128839837624074,-13.803663964155726,-10.866547822387886,-8.746019428655462,-7.560523702005969,-6.794970697476269,-6.474659502740173,-6.278410064003756,-6.505077871573725,-7.2704248839146555,-8.02015249116572,-9.460228586392361,-11.237253081166212,-14.0829086522725,-18.27266643108706,-23.398199741394645,-21.51092355162387,-16.509562911424617,-13.071207732903062,-10.864450600514644,-9.46647240599361,-8.506914756782582,-7.753127666473719,-44.27486583976009,-7.36103396203907,-7.875023494368029,-8.218583624607929,-8.84383068567432,-9.881121150138545,-11.220593424496478,-12.441455537802677,-13.514568448017222,-14.569961038740333,-14.485277455956718,-14.314322648922314,-13.586189057892948,-13.269437127140169,-13.061005857026782,-12.517872485860078,-12.422611840029603,-12.9102249506503,-12.7227117667195,-12.748924944478087,-12.940040247614196,-12.915078831009128,-12.738958475929607,-12.735776119302766,-12.856450277063022,-13.172435940042043,-13.868725925537927,-44.74665669497849,-47.97597487024457,-2.8633159694724277,-7.449685740484294,-8.102518022012037,4.5915140860749535,15.636086735152919,8.52045160161429,18.403852183083735,-55.610254923462264,-55.610254923462264,-9.200673146489633,-8.963647153696993,-8.662290724137105,-8.591157689617345,-8.437328571225269,-8.16518168422972,-7.620146056438733,-7.080273563583282,-6.343435771182665,-5.532964530799712,-4.713605323929957,-3.966291762563193,-3.3841619417786033,-2.9364535714362066,-2.5834135917088137,-2.4641639255661714,-2.3936699966523274,-2.5156563832890395,-2.690864043703965,-3.085841710428636,-3.3445647907405283,-3.742244551619528,-3.673878645569678,-3.828586331158837,-3.5025073235276794,-3.079585422725566,-40.956426642543946,-2.089595511333429,-1.6632556550322035,-1.308317120768137,-1.0434705683973413,-0.9590297522493497,-1.0111429488936796,-1.1758944698133698,-1.66146368612794,-2.095349488350965,-2.653999262910276,-3.0833551812441455,-3.5548282405766267,-3.7010856604604796,-3.4196307562255424,-2.9150131561294383,-2.2176133127269333,-1.7154896473214514,-1.1312733188839161,-0.7428792988201117,-0.5456888029726567,-0.5607725634218867,-0.6723797895985911,-0.9757296308636448,-1.4354118936515086,-2.0918091270608565,-2.6735851029719226,-43.305765637466465,-42.73223756088051,-48.620554961943554,-45.43992168786191,-48.450221355958064,-44.4708214003939,-44.96567514878141,-45.357196360891656,-41.264565843001904,-41.63085513682731,-40.98627490214091,-0.8308446594980688,-1.2573867554606646,-1.8994546135649957,-2.421173259961335,-2.814853779032014,-2.885187690315942,-2.7611991049416345,-2.341110816858009,-1.8184728135015407,-1.383972663558172,-1.046275886314231,-0.7880498990913621,-0.7604017643810808,-0.8699290361703091,-1.1781820694985603,-1.6600923488068706,-2.243652700838405,-2.956995866187062,-3.4812658231220444,-4.031735989305776,-4.101604156097764,-3.925439535858572,-3.671860128727888,-3.256702691627367,-2.8849608279355103,-2.82198300832651,-59.58965501018264,-2.890491783944638,-3.3170103850790205,-3.813880831831465,-4.69359930273968,-5.526152427712385,-6.418636620614113,-7.409909398859128,-7.800849318812936,-7.728090460761315,-7.375512424771599,-6.779219031259512,-6.23037444840135,-5.804494784588018,-5.66236000700501,-5.795720367910688,-6.124237926214299,-6.5942987133204545,-7.261154316603921,-7.93494168654613,-9.043179813210392,-9.515890059839876,-9.965748725879727,-9.759304267868162,-9.295797062282197,-8.9545761419434,-8.54469876224901,-45.43992168786191,-50.295465753039714,-42.73223756088051,-43.305765637466465,-46.47211631645287
-49.53844742799876,14.206444996840723,-45.18921192377923,-55.1014728644786,-53.06027303791935,-43.39885567576089,-10.187127415007826,-9.94631084876117,-9.352159607951657,-8.681875770162675,-8.301927213768382,-7.9243517888055415,-7.339082575979601,-6.9649024382153115,-6.816498088427004,-6.593479334526812,-6.778773036471887,-7.177667992524696,-7.654335010486425,-8.144065140791966,-9.116522143900607,-9.7015588120893,-10.229862706330067,-10.161458349011784,-9.687353296259717,-8.842178043419505,-7.978259321531828,-6.9776607892771425,-6.309080343572436,-5.932155997333986,-5.736134289096344,-5.6548108965347055,-49.786683694056045,-6.371744694594557,-7.400010369513224,-8.500714297948349,-9.58002507705136,-11.42947968675694,-12.796064141435096,-12.760655293288758,-11.778502499292449,-10.100179081386626,-8.707464378675487,-7.458754617655238,-6.649053600368138,-6.188942395323577,-5.916786729960771,-5.920110290865001,-6.28123923703254,-7.065126629850863,-7.942893081750018,-9.421216699942098,-11.432501390284479,-14.21062113454247,-17.32691460427352,-16.513575212252487,-14.026320899314344,-11.536395500279239,-9.71450435727958,-53.06027303791935,-48.111772666747896,-47.46719315064594,-52.548747384638574,-43.39885567576089,-49.53844742799876,-50.95173908790406,-52.09117252191252,-47.46719315064594,-47.94143967551925,-56.070572994559164,-23.305380688678497,-21.32658909123569,-15.845464750629928,-12.597175247786993,-10.483337656322835,-9.047538861578735,-8.046906839987308,-7.463211249587298,-7.321205697277392,-7.290269575945353,-7.928063604221087,-8.87113101947065,-9.98034118757027,-11.667583690097793,-14.316614911514929,-19.438747931640496,-30.78140577103583,-26.66914477970384,-18.826790270980563,-14.611619777587773,-12.190227610577406,-10.547785758935586,-9.549222318806706,-8.792030349107511,-8.700237482954119,-8.916682494531642,-49.08087295119898,-9.98349467812845,-10.736284473145856,-12.168068592342768,-14.209135342856204,-16.156871889210375,-18.188005069849126,-18.753074193641982,-18.0548209046022,-15.710575407312174,-14.5357019046872,-13.838405012875374,-13.38684151253085,-13.132750391197348,-13.39768187313426,-13.815864539955511,-14.78714570633066,-14.795475961952423,-15.647772275828673,-16.0861272203352,-15.806772550318584,-15.472573003031165,-15.288814863084985,-15.171080381204874,-15.3612404194234,-15.637736261537746,-16.120146960286426,-53.06027303791935,-56.070572994559164,-2.354533349760453,-6.94090339187336,-7.593736402719777,5.100296434685888,16.144868477342158,9.02923364276109,18.912633983597026,-56.070572994559164,-55.1014728644786,-9.558714066244546,-9.264385444985457,-9.126539214305154,-8.965485831260391,-8.549896367039842,-8.323195868313604,-7.865652052073832,-7.238275092537364,-6.605018751445609,-5.869105033018384,-5.337156843886957,-4.799160298063826,-4.30941410562602,-3.9360264456719167,-3.681485191045173,-3.4420297758817213,-3.3708115765975055,-3.3728639487575625,-3.5089480426790534,-3.689798155133763,-3.8559288372863247,-4.081528921369541,-4.245620540212427,-4.297805847505666,-4.209878249921743,-4.098918633887183,-46.409155249951255,-3.573246773949679,-3.310875160212328,-3.0313481081373572,-2.7485221398465876,-2.7227694854212467,-2.7022096820621657,-2.8353190875597214,-2.962636648455575,-3.203488369208389,-3.5568615760976234,-3.905799858161095,-4.132094593718442,-4.2679594594392025,-4.421619008972264,-4.238885672812975,-4.018529542555117,-3.535587419844205,-3.2746733194982447,-2.9011038240263525,-2.6449151348690334,-2.5667646170694964,-2.5896430389512877,-2.744148683495911,-2.9142643602207094,-3.2907581186692454,-3.629874768316685,-47.94143967551925,-47.94143967551925,-50.95173908790406,-50.04997308127954,-50.95173908790406,-44.931139174624434,-45.55904734127839,-55.1014728644786,-50.95173908790406,-55.1014728644786,-50.04997308127954,-2.675561464877188,-3.047388154489203,-3.2375381153945066,-3.6307659295007673,-3.853269091042652,-4.054608135039691,-3.8623293827020895,-3.6629717392917356,-3.4445794516474986,-3.1731565390662193,-2.9516314244746695,-2.866321004182546,-2.968123081076541,-3.1216799272450473,-3.5002885258248884,-3.8857890916561115,-4.368007047840535,-4.872926650141761,-5.267979963620353,-5.4213155624614515,-5.427856439175286,-5.290484064227655,-4.900180869735361,-4.707268489895325,-4.640096659651001,-4.585032447751843,-42.79698336314296,-4.970698023321496,-5.821069853971074,-6.447140134773269,-7.187977364294546,-8.283617005416094,-8.911270421260003,-9.152753782019019,-9.085000758149759,-8.336512164435728,-7.787519331509935,-7.206765867901717,-6.951410264150759,-6.712855976044457,-6.731728315889676,-7.037977088975325,-7.669307864862813,-8.541641257965306,-9.603081184999795,-10.307015432403144,-11.085641043910524,-11.63035922759981,-11.191945459971762,-10.427167455981259,-9.598968816152862,-8.991360035702101,-8.481378190841253,-56.070572994559164,-55.1014728644786,-59.08087295119898,-49.786683694056045,-49.53844742799876
-43.087886815698624,14.178831086635551,-62.11878668561806,-44.87602773394168,-49.5660618496712,-45.99094803973063,-10.324503939163577,-10.001282797493587,-9.365673034261151,-8.715039465827022,-8.273746973451,-7.68294960737788,-7.331030303217924,-6.908125586879981,-6.833720530935449,-6.684066174094921,-6.993049944028257,-7.298273087204033,-7.777570705746776,-8.3912680137344,-9.09623536340725,-9.953301363213875,-10.340046639148817,-10.14584317358501,-9.328851078503394,-8.557724389615222,-7.629977185808179,-6.846600656291148,-6.330962296624213,-5.742118396648696,-5.659202769243835,-5.785263297577709,-45.99094803973063,-6.659619690393508,-7.575812327193664,-8.559102131910636,-10.319794698892885,-11.282005280837497,-12.204310835026606,-12.142738897787659,-10.96331394254863,-9.493658661521708,-8.202432259781613,-7.185042530391632,-6.375082258225126,-5.948898874270933,-5.646130798845207,-6.055983630285554,-6.425223231927624,-7.119154314928091,-8.438745672217003,-10.26016507273683,-12.175703009072523,-14.687061041422671,-15.966231895744265,-15.115817532034567,-12.612169382228748,-10.704414532908624,-8.914415749086185,-47.49480659537703,-52.57636180631101,-55.129086642257874,-48.13938667632872,-49.814297471835324,-48.13938646984597,-55.129086642257874,-49.10848672897825,-59.10848672897825,-53.087886815698624,-47.49480659537703,-21.63903255702319,-17.969053188041183,-14.237598291519598,-11.455974805989722,-9.74714611476404,-8.381779130889107,-7.63331558202916,-7.106646022944445,-7.067178456800637,-7.522389301380211,-7.980409942723027,-8.876744706962707,-10.679743625246248,-12.91004349816639,-16.173424510351705,-21.679272489164575,-34.95875288196904,-21.946366055207132,-16.26801599998285,-12.995875049503931,-11.02580297496486,-9.909289694164118,-9.109702596100366,-8.653750874305873,-8.541534311049325,-8.61892460445168,-45.12908637124927,-10.069749155701937,-11.608304062922109,-13.097614942259066,-15.052632941389465,-17.55618943706335,-19.300956076281167,-18.971479509571196,-16.852809919400805,-15.696417287909501,-14.3424160522034,-13.560809612874875,-13.11140223546624,-13.08777832052564,-13.431108542813515,-13.684901753255108,-14.207145373613336,-15.3066454042004,-15.206734030684338,-15.316337953960367,-15.26531093620747,-15.113047268313771,-14.731615015955793,-15.107858024961837,-15.145359563839602,-15.913574605469748,-16.892258280635033,-49.10848672897825,-49.10848672897825,-2.382147388778948,-6.968517250641753,-7.621350146629,5.072682575917495,16.117254719616408,9.001619985941655,18.885020401617304,-55.129086642257874,-55.129086642257874,-9.36491319683695,-8.948919545730053,-8.834888517642321,-8.439471549480487,-8.44384815443251,-8.059998095634022,-7.740884792397664,-7.304474886965046,-6.756271441814212,-6.190171474888827,-5.534894713305754,-4.947367903282139,-4.502981181952519,-4.112433979371484,-3.6276771291442698,-3.5700813634464277,-3.2743163558843786,-3.38118189374132,-3.30494036845242,-3.4469117208429094,-3.7130965110057597,-3.8788506771915205,-4.158791402634928,-4.215033789072159,-4.2381430650565575,-4.175579342212599,-52.11878687919564,-3.696059141827151,-3.5066335819104726,-3.056967107437681,-2.854106737704736,-2.6070051523340916,-2.6057565243955634,-2.6562293483816295,-2.8027335518836995,-3.0278389579578575,-3.4162406533893104,-3.640069435386791,-4.064940774326085,-4.308524892195267,-4.3377811199341565,-4.3011680592111095,-3.929029773647765,-3.8268751813784183,-3.1703281195894766,-2.9056213064191927,-2.5836009529299426,-2.47116634691366,-2.4203752968077588,-2.5846837589628464,-2.692531500659902,-3.0057615577830292,-3.349775461303466,-50.979353311455526,-45.99094803973063,-49.5660618496712,-49.10848672897825,-43.98965291072135,-55.129086642257874,-55.129086642257874,-52.11878687919564,-45.12908651320616,-55.129086642257874,-48.13938667632872,-2.510151808122851,-2.703821506527639,-3.1061818480897676,-3.3190244806426934,-3.7032902079766212,-3.7144505986712506,-3.7413242475936084,-3.5732976772666976,-3.3071718695573926,-3.091683062315287,-2.9286284985976407,-2.7831443244487346,-2.769602340796382,-2.8591303761586895,-3.076902368032468,-3.787538837117589,-4.150824160973923,-4.723617048020415,-4.922615150074709,-5.234010226252812,-5.259578695050816,-5.165563715234497,-5.025052191339858,-4.515368501997741,-4.321263401354779,-4.412549023770078,-47.49480659537703,-4.910704396724228,-5.56820029687621,-6.187255599081707,-7.249765765435497,-7.851852962396727,-8.685330925203278,-9.045088757088275,-8.977142812506957,-8.512057560390826,-7.961359378959889,-7.274051302379414,-6.788887354067463,-6.535769946512049,-6.566148665739442,-7.141641041892976,-7.599311288715791,-8.494828971412621,-9.414327918596555,-10.587317558358569,-11.459107803641862,-11.631844311180878,-11.25031423606421,-10.661323360793642,-9.679481437207194,-9.158631993712605,-8.534183937841203,-50.07758685905881,-55.129086642257874,-43.98965291072135,-52.57636180631101,-47.067286902419
-43.98889483447856,14.179589685059318,-59.10772858323394,-59.10772858323394,-59.10772858323394,-49.10772858323394,-10.399916051690862,-9.95560378265895,-9.568078733908504,-8.77200363233988,-8.361520677477941,-7.896646097365505,-7.363626670543143,-6.982856389775342,-6.813354753880844,-6.833682437148772,-6.607629508090601,-6.813354637990989,-7.194504256191452,-7.7644750617707,-8.371497992252511,-9.152253872015839,-9.669520203672736,-10.172885258945087,-9.993994929065055,-9.589886169356854,-8.883589378529852,-8.002605990761381,-7.088775205090506,-6.56070143085416,-5.9890778116857755,-5.627465741948576,-50.97859471901973,-5.676204135419792,-6.367420762146122,-6.9310863811258185,-7.733427827608567,-8.881547764528522,-10.377866904068942,-11.621740168580764,-12.596305980104063,-12.449668226416087,-11.147191575184083,-9.745960427049965,-8.494768341345546,-7.503148349967503,-6.615524686230486,-6.117343163711267,-5.713641569972659,-5.9658533126671065,-6.08181124360761,-6.593183849562262,-7.494138736841467,-8.934786028970347,-10.791430078401024,-12.840168447234689,-15.439951107050131,-16.731286382227,-15.133021656938904,-47.49404878336773,-49.565303058705865,-56.09742862659413,-55.12832849651357,-52.11802815275241,-55.12832849651357,-46.43601088069424,-52.11802815275241,-62.118028539873755,-50.076828713314505,-46.097428239472784,-10.42631184898304,-12.682489570517054,-15.798520449837428,-19.85538139922741,-22.449105659467804,-18.007053139226354,-14.06050596734536,-11.636525102954609,-9.984339099422709,-8.800497222631954,-7.895528867684504,-7.4735354066634585,-7.309626301990515,-7.344717351951264,-7.810620119183024,-8.798575173784403,-9.888757906834492,-11.698696291058273,-13.53988067566439,-17.686024906597076,-24.050125967590333,-41.148928750459994,-21.39148660200594,-16.967242060438437,-13.93411983262854,-11.960659946552845,-59.10772858323394,-9.802287487057802,-9.390332426741718,-9.24323585582807,-9.690303975488238,-9.682861134725876,-10.439511386234141,-11.570902565410165,-12.65694631231831,-14.249804564634228,-15.59895150242107,-15.917396753929898,-16.519321546538965,-16.384090276836332,-15.726651029550744,-14.832461631821516,-14.815294222678695,-15.301998319840989,-15.562322813254399,-16.27245504706558,-17.517323323677157,-18.46296169671415,-19.19901450991703,-19.145896562338013,-18.796675115171734,-18.131685423942553,-17.437510555233157,-52.11802815275241,-43.9888949734452,-2.381389234078859,-6.967758992809524,-7.620591664546771,5.073440833749724,16.11801306153708,9.00237823876629,18.88577846075451,-49.81353932609102,-53.08712866995432,-11.410042458573775,-10.591201587336307,-9.696467147239595,-8.684553514487236,-7.923593063205988,-7.118945396134766,-6.3889757189470755,-5.758679536590895,-5.295061400813346,-4.936766911342736,-4.601504198574099,-4.3477858629597925,-4.331163381251038,-4.333665253333788,-4.335459584640638,-4.556203325352531,-4.521621990767638,-4.653165746231781,-4.387591600958213,-4.508107645852996,-4.147397191740918,-3.948162679840237,-3.7497446248356288,-3.337724786380872,-3.0473511731497167,-2.8206469294476157,-52.11802815275241,-2.580344738233327,-2.7073238675639058,-2.6247334831205493,-2.9265939226466346,-3.1238838162085876,-3.472508117747885,-3.783847925167454,-4.124505470694036,-4.306300345432283,-4.362943469474466,-4.169907581029128,-3.867143982907566,-3.5960048883992455,-3.1718940378386358,-2.9497582283048502,-2.5630895735056667,-2.5839112862780533,-2.309952782667516,-2.4846750221869267,-2.6689204403906146,-2.8663001442069937,-3.338731861090618,-3.6337973245784685,-3.9058747326047873,-4.124443893490425,-4.089819183704719,-42.575603531507475,-49.81353932609102,-49.565303058705865,-50.97859471901973,-62.118028539873755,-46.097428239472784,-44.264730041686875,-46.43601088069424,-46.80323944535735,-46.80323944535735,-52.11802815275241,-3.2701878944486635,-3.3992997111365257,-3.719397081869032,-3.5714165783245306,-3.6381771121550823,-3.2652930893976286,-3.020003486253406,-2.7770201402961825,-2.5947930710268996,-2.5488083454567056,-2.5365530254176227,-2.70999562496177,-2.9851421063234667,-3.5285862753519637,-3.8509781746359972,-4.328156673933777,-4.5200435455999886,-4.93313636033094,-4.800642461978369,-4.747502552689482,-4.60621528741697,-4.343398036895213,-4.122189912164746,-4.061049215844596,-4.15803333557753,-4.283495229014137,-46.43601088069424,-5.302269675171402,-6.202530101186147,-6.935943542003844,-7.874668459178289,-8.287167324285534,-8.590301005527026,-8.535005120499955,-8.106488217863834,-7.487583939710646,-7.021689237164772,-6.510977820626302,-6.570944878081142,-6.563093906127953,-6.9637808866504844,-7.2775229299571365,-8.097805963629263,-9.249648143611935,-9.942346574590047,-11.039826206816583,-11.75006358944502,-11.6376136447683,-11.051768938058132,-10.229165397306943,-9.414105455395934,-8.774596854097966,-8.40317536861898,-45.990190130042805,-52.57560301534568,-62.118028539873755,-53.08712866995432,-52.57560301534568
-42.30271803765976,13.620635000998105,-45.687282973705805,-48.52724953735781,-46.65638310378637,-45.042702749256506,-5.00146940873171,-4.78871220465107,-4.614281241756501,-4.54127978396602,-4.749522912318203,-4.879142740673338,-4.92317245982535,-5.053498860430937,-4.919102185707696,-5.059380938767154,-4.980610590133325,-5.15003912981147,-5.182573068335969,-5.232136433127549,-5.338649184259578,-5.536822005994379,-5.448587644171106,-5.403676982917952,-4.96668175304893,-4.868015669906965,-4.543488615805181,-4.3160216062996835,-4.3376878038686035,-4.18457690392376,-4.4176288060419635,-4.801740528872686,-41.995124611323575,-6.02934116234426,-6.7599610224273485,-7.392637066444939,-8.168197953601323,-8.07001870458775,-7.738082477107223,-7.227761765854376,-6.4157459943149355,-5.792954342052093,-5.391497404393184,-5.055834047538469,-4.825793006415008,-5.075413060778912,-5.630013815420175,-6.565859924902567,-7.669021273179868,-9.242325836000333,-11.158873456625631,-13.139869295890637,-14.11858263469192,-13.426545211843795,-11.190555633870824,-9.632486960562284,-8.38991831225926,-7.690005258646064,-7.18309982772229,-52.67698301706599,-50.372493803283255,-55.687282973705805,-48.053003038076426,-50.63578319050674,-46.54914444986864,-52.67698301706599,-51.53754949399762,-45.042702749256506,-45.68728258837687,-48.053003038076426,-13.511706498573776,-11.371008217809988,-10.493597301836516,-9.582001126805666,-9.128660361306144,-8.967616434630227,-9.175569064662332,-9.80806388183317,-10.956064304964727,-12.52724386820856,-14.483584087023392,-17.58415102490796,-20.264507587814222,-21.480465553444176,-19.331440592516657,-16.526956519845296,-14.031279079438415,-12.676982986239675,-11.916261118471487,-11.22532990995946,-10.880029604580127,-10.773526290318916,-10.515614524052923,-10.85711858360952,-11.1766678792255,-11.608345701170414,-52.67698301706599,-12.142164899585179,-12.143278663809644,-12.384038063441665,-12.993181029199757,-13.18440089028403,-14.252076242157564,-14.516095424552285,-15.820461112451751,-15.086048709170027,-14.890189974896293,-13.640658108161539,-12.386555935428543,-11.168528532722991,-10.060049203559133,-9.486234868053037,-9.06754785879005,-8.660428035463157,-8.969170117698747,-9.585516323647553,-10.462501413157327,-12.031616940282365,-13.720437741317522,-16.982307488265192,-22.310694273918177,-30.75688721081192,-27.199235727717635,-48.053003038076426,-53.13455792267274,-2.940343962189018,-7.5267137477757124,-8.17954631926873,4.514486078783534,15.559058149968514,8.443423159590333,18.32682407739008,-50.12425796603293,-50.372493803283255,-7.047812253608408,-5.694750697187843,-4.856178471629568,-4.017910289783192,-3.739093266296538,-3.5124174911564756,-3.493129937580493,-3.7082718996204593,-3.989175271781769,-4.3850133028962714,-4.691492066043957,-4.724288031682763,-4.286271227085702,-3.608269496469012,-2.6646446950181857,-1.8725580009664626,-1.0566319866154028,-0.589547062696723,-0.048140543757535,0.10254531819646813,0.15337074182160512,0.05913073416334742,-0.28619143772419275,-0.7145991070054867,-1.204933071563357,-1.936879353568695,-45.68728258837687,-2.7226935414584714,-2.7817510012926796,-2.3569033614490014,-1.8251837793651948,-1.205301220734153,-0.6747812628830532,-0.11571067736819081,0.11040880507632302,0.33250243407329994,0.2233142643224785,0.02583537901077136,-0.35153205727969195,-0.9284424938998523,-1.647435016198111,-2.5791264445162665,-3.1399659165143907,-3.556144616104512,-3.4370190293342957,-2.938170686755341,-2.202657392423217,-1.652463911948665,-0.9931132701094908,-0.557172165898785,-0.33757183030607824,-0.30346355821977816,-0.44767313626022487,-59.66668306042618,-55.687282973705805,-50.372493803283255,-47.113958009393116,-46.65638310378637,-46.99496577639604,-49.66668306042618,-50.372493803283255,-42.633769279239566,-47.113958009393116,-50.372493803283255,-1.630456038260154,-1.4625011025524217,-1.5847082180821332,-1.8514125034529327,-2.471083035807787,-3.1115341681366444,-3.8654370003675123,-4.62571420633713,-5.1203304959916265,-5.339106073365896,-5.214222392907777,-4.80259114559942,-4.343439647484256,-4.005090544371609,-3.720630940864189,-3.9949484488018463,-4.092807899809104,-4.489117209417514,-4.7683278357616175,-5.449220639780244,-5.909818032118627,-6.4796129162247755,-6.9196906784788395,-6.928570764633392,-6.989054269746864,-7.183455261575828,-42.506649624078186,-7.686136100374478,-7.847318999717415,-8.19146584770736,-8.94462552706298,-8.867638331184974,-9.258682341074234,-9.07413579326792,-8.584213716680445,-8.32413064140104,-8.140910322865583,-7.784797169776242,-7.634382025110939,-7.740729564878195,-8.063888750080817,-8.81841908838259,-9.03287993265762,-9.50987990734675,-9.690613693200227,-9.117088233767495,-8.337285425752874,-7.576226650189582,-6.6452793370693914,-6.072834596097745,-5.669210522397348,-5.632560733288434,-5.663332454150213,-50.372493803283255,-59.66668306042618,-62.67698301706599,-50.372493803283255,-53.646083147146555
-46.57705397609041,13.69996447177581,-56.57705356699143,-55.60795343691087,-51.458220271894206,-44.53585374043218,-5.189504409389912,-4.856836056221148,-4.931109170183575,-4.803037840551036,-5.077322725878317,-5.1176813607082705,-5.125672343029207,-5.111153475153678,-5.094537229340298,-5.254928707614807,-5.210402256983121,-5.2143521076667065,-5.395564147900254,-5.477212468015931,-5.501901112437419,-5.729673746991951,-5.471316564957803,-5.6010100508248994,-5.212226063563602,-5.173654380841965,-4.804979596978064,-4.456176692425033,-4.53567726393047,-4.452161122977137,-4.595398657846563,-4.787715594966778,-47.54615369707199,-5.981078824549084,-6.9958483153402025,-7.580982399574717,-8.305995006305873,-8.506441319856963,-8.364260710477057,-7.586663776373655,-6.8338599489050615,-5.933737547435907,-5.658511970945746,-5.238073061577381,-5.207589516436015,-5.274673421855775,-5.690006446651621,-6.6146412673849895,-7.321766707135894,-9.289864418211316,-10.75105145878859,-12.95637792429682,-14.219244584010365,-13.904808237582508,-12.409899747998683,-10.793641744800537,-9.196981578765786,-7.942129491986404,-7.18880514199215,-41.23044748023338,-47.973673266167154,-62.597653480271056,-48.618253557190265,-48.618253557190265,-62.597653480271056,-50.04492888379241,-51.458220271894206,-47.973673266167154,-46.91563668187027,-46.91563668187027,-15.278141790651974,-12.665893290103782,-10.75343668225333,-9.56202120590201,-9.360080512536218,-9.362224232692325,-9.508916026919131,-9.895687974114525,-10.862149051193054,-12.081305496278269,-13.72767277927171,-15.915099160702388,-19.440048846609994,-22.152255969883413,-20.22171319058216,-18.1997491992043,-15.526978852024314,-14.019204619486425,-11.96923995718678,-11.704184711818797,-10.918988099780547,-10.72862689930018,-11.031162857683086,-11.019339926349955,-11.23825328719821,-11.227627288568677,-44.27256435320869,-11.692603800649389,-12.3898983308027,-12.354562464257475,-12.665893290103782,-12.912730550832798,-13.538345956955716,-14.375318629217027,-14.971467838786364,-16.25469492162386,-16.36216274635996,-15.127810812423487,-13.574088506082944,-12.151746511617132,-10.893334476967969,-9.92995233198413,-9.125973943954847,-9.24538217961369,-8.75519466536672,-9.246164998438491,-9.885279740995694,-11.203837847187044,-12.738900090661808,-15.409316350069824,-18.610442991244973,-24.82991560822545,-40.89503676859064,-55.60795343691087,-59.58735352363124,-2.861014390645175,-7.44738409202875,-8.100216506515878,4.593815734530498,15.638387783394151,8.522753215004217,18.406153576923142,-13.321719558734241,-50.29316426648832,-6.789133139453977,-5.5617392293463395,-4.972090578690919,-4.17859279588899,-4.155112803181449,-3.923155347454638,-3.9933989301590707,-4.212757919274618,-4.561962288501727,-5.057191558541656,-4.9960154626718225,-4.7414514618833286,-4.197345610953433,-3.4206033786291083,-2.3211690774623674,-1.8101496223492985,-0.9234017486561176,-0.5969004032582539,-0.07447400670304011,-0.09190668617611036,-0.033916202258951235,-0.2556759716770941,-0.7926645974572544,-1.23514177947919,-1.7106061993785084,-2.275960459249999,-46.57705397609041,-2.7918934472128107,-2.817542813488627,-2.1884277118968667,-1.7861257087807338,-0.9372559318041236,-0.5603071422223778,-0.14377790527633338,0.08842561950860583,0.21108837490374133,-0.09822603399862699,-0.3136164038951289,-0.7724086749046204,-1.3565515461251485,-2.0119813807742783,-3.104065592225143,-3.3628817222904694,-3.7925240999115646,-3.410756577615407,-2.96034183141646,-2.1475982513234673,-1.482306437556078,-0.8514508405345365,-0.6868449260097419,-0.45268804364915616,-0.5169259618325681,-0.7181818557531955,-42.59765364391064,-46.57705397609041,-47.973673266167154,-45.35489496436963,-44.4685199138425,-48.618253120818046,-52.59765388937002,-46.57705397609041,-51.458220271894206,-50.556453653711806,-50.556453653711806,-1.7244330946966921,-1.450076221118636,-1.9387765437630924,-2.0418479549229667,-2.917300047014904,-3.4204457978199065,-4.232481798344473,-4.934104990221451,-5.331351108710088,-5.58369225531041,-5.233369853180736,-4.823087714728854,-4.483230789768459,-4.113003280762078,-3.8072683588237117,-4.172309967162608,-4.133378881350376,-4.6421826352810935,-5.069243696056719,-5.730415386363582,-6.190812243885415,-6.686984906708744,-7.198052326989527,-7.235794922798674,-7.337299171300906,-7.285202317710096,-46.91563668187027,-7.4758275862934,-8.28694441160207,-8.405946574854445,-8.909189627444007,-9.238142590342518,-9.513354431658755,-9.103615038307876,-8.962248280125564,-8.303085886433482,-8.097226779469981,-7.876029710351855,-7.898344044348539,-8.083197042042183,-8.205574428974746,-8.967403113263344,-9.28504086344152,-10.010274953474061,-9.498010454556146,-9.125797738565838,-8.418272188213503,-7.652698594916718,-6.8391960243805805,-6.428353183181301,-6.005871952257817,-5.768724294134268,-5.790736602253698,-43.90533631981705,-47.973673266167154,-50.29316426648832,-59.58735352363124,-44.74435528664932
-47.271603606404526,13.974514539156589,-55.3334033462434,-46.195264741843204,-55.3334033462434,-51.183670018985254,-7.426527336034349,-6.9640257695162076,-6.7447961369554745,-6.873275382817753,-7.07291476243622,-7.510369039151491,-8.07761895681889,-8.797940027264668,-9.271977080708641,-9.854130636667563,-9.908012205804305,-9.845825143544655,-9.404599336288562,-8.864956654735495,-8.413311176607134,-7.910787919897416,-7.499341716714831,-7.255821101581484,-7.171560741833156,-7.211411431075298,-7.182449512124012,-7.336345809079664,-7.389735944941908,-7.68542712038985,-7.935133596411482,-8.246917420609575,-55.3334033462434,-8.653180037575956,-9.279383371895248,-9.52201102366687,-9.741041902128567,-10.38281914935779,-10.763854958429809,-10.951968836908495,-11.179362379537645,-10.91268441584685,-10.66149736076573,-10.25500667241756,-9.73998806698895,-9.204378647395098,-8.991755207768787,-8.64423499087914,-8.453407577654271,-8.830250267288918,-9.227035802651429,-9.91988262930391,-10.836583537400665,-12.586284220903696,-14.8435501310973,-17.60402824980059,-21.704810690108506,-22.158620428745373,-19.358206816153338,-55.3334033462434,-51.183670018985254,-59.312803432963776,-52.32310358778864,-50.28190356304434,-55.3334033462434,-49.77037855877613,-45.33340321412004,-59.312803432963776,-50.018614175820844,-50.018614175820844,-13.906443332458355,-16.084617280786865,-18.50185189382327,-22.62894420879141,-27.033936273466757,-22.89756678404689,-19.117279112049324,-16.235062690521886,-14.272038666516188,-12.81337310236443,-11.865141970587935,-11.283390768260627,-10.670244621483743,-10.129721007688639,-10.272684621298477,-10.663660128240602,-11.135001830684125,-11.547207868984364,-12.228382049780333,-13.626914773589823,-15.25473127603966,-16.96510030767818,-18.763418828406284,-21.222596425635274,-21.635309927086773,-18.251234650573988,-47.271603606404526,-13.78679015973182,-12.071478879848875,-10.78919306065438,-10.006853030369903,-8.907333742027209,-8.366956862786703,-8.175374952873257,-8.119947227051,-8.5412142563486,-8.807362354387285,-9.591700774374615,-10.750470139562703,-12.303604120275615,-14.499523834458337,-17.35865039713119,-21.73391115889654,-26.027987958762292,-20.868963945085337,-17.488657035533056,-14.575306558707366,-12.49135272443709,-11.2686488194953,-10.590279091928274,-10.415613708347763,-10.452382490573104,-10.752768525409575,-49.312803432963776,-48.34370338215723,-2.5864638940104796,-7.172833998193272,-7.825666518423015,4.868365828365976,15.912937982851021,8.79730309163567,18.680703482568685,-56.30250347632396,-52.32310358778864,-9.02999956542303,-8.051733247026046,-6.9226632970364275,-5.848872664394104,-4.88584244831073,-4.045373457991207,-3.3864846211829462,-2.7443258681952654,-2.440636465558481,-2.1879522840206405,-2.1011877483523183,-2.1549713534180954,-2.3567174930504753,-2.5728495682055246,-2.829178937912649,-3.0788582487139857,-3.2444073244782285,-3.203456679078828,-2.9096539559544246,-2.646865319031498,-2.140572361516077,-1.613770796480026,-1.1649188279036224,-0.7762837649667171,-0.524171514585277,-0.3743402628397299,-44.4698051153044,-0.4112407443388354,-0.6371948787373254,-0.9950490814456457,-1.4408174580539554,-2.0359190782227747,-2.5747775361488086,-3.1877621014984463,-3.464783070734544,-3.6008177481097103,-3.3732509107003343,-2.941084653902863,-2.3459161292440354,-1.735124138103846,-1.2565649113052568,-0.8393659480859555,-0.6438923260274818,-0.5770806617729517,-0.7138195613081194,-0.965999548194637,-1.4543107242128905,-2.1630299626738587,-2.8986076467508854,-3.5884438468429627,-4.242176060298348,-4.468495374583214,-4.365804519372091,-45.33340343872975,-45.16307010570563,-51.183670018985254,-59.312803432963776,-46.195264741843204,-41.948838307165374,-45.33340321412004,-42.82920328604115,-45.33340343872975,-44.68882356787367,-62.32310338960359,-2.8748972614745187,-3.6452180035522064,-4.145539596419644,-4.504106923754407,-4.399123345627187,-4.035699234832771,-3.6135598013878574,-3.012828994541753,-2.637110969723586,-2.270912305241666,-2.106836830419148,-2.1682650283595124,-2.3308192349829397,-2.6069637993492947,-3.068904663041456,-3.5095708234311376,-4.127815219838829,-4.720990070775898,-5.19030674003112,-5.426596713214138,-5.598781232184198,-5.486285255891264,-5.490741258348261,-5.447670985475205,-5.657876818617913,-5.913283125899442,-45.08034478084697,-6.614219530049507,-7.124390446630064,-7.641048117345558,-7.899419072764404,-8.313840136373132,-8.098748227282467,-7.847414473429438,-7.56353131950508,-7.803566824997671,-7.850623506331237,-8.121135670487257,-8.562848417445734,-9.333067266009131,-10.517830259621611,-11.454950898291415,-12.378303888939545,-12.704859866626242,-12.329187713879353,-11.351919177745833,-10.078031532207108,-8.97203599744596,-8.24537124543384,-7.745495043582435,-7.593711700762787,-7.718184446423189,-8.238448212590685,-43.29220351968415,-62.32310338960359,-44.19396989431838,-53.29220351968415,-59.312803432963776
-51.333044393593426,13.825139641705624,-56.45187831357107,-51.333044393593426,-55.48277818349051,-59.462178270210885,-9.316447705169104,-9.977999925948048,-10.01379973397271,-9.580848903949544,-8.806530248198708,-7.9766143263698,-6.951736603022253,-6.152118581958998,-5.561265533090058,-5.17402968777977,-5.130482781435354,-5.334398630479863,-5.545542141752665,-6.307996111660636,-7.215850918013727,-8.07164024733277,-9.011609856142314,-9.463481732084459,-9.35218611129333,-8.592798977111345,-7.56782239475042,-6.6665925469120255,-5.887384599701155,-5.307862230957165,-5.072737978912407,-5.136485567714578,-55.48277818349051,-6.003718355075244,-6.919441596733183,-8.129280729341517,-9.689127414997156,-11.106223618466453,-11.331308028023415,-11.018742376641505,-9.43309110674621,-8.222845779852964,-7.0714368236247225,-6.300251571510005,-5.71891137049628,-5.62097486131948,-5.878517451852195,-6.529823985609439,-7.464078141201828,-8.627564374576137,-10.341340211786749,-11.743364969487228,-12.220853670860992,-11.378447981089437,-9.756477805750452,-8.155544286881947,-6.91244617929439,-6.165301563999198,-5.492021339519463,-46.90945277112719,-44.838198059471,-51.333044393593426,-49.462178270210885,-50.16798901306796,-62.4724782268507,-50.43127840029145,-50.16798901306796,-45.4827784523209,-55.48277818349051,-48.49307797883209,-7.6716035632529955,-6.6969859339449105,-5.84971736291708,-5.297861824043616,-5.0191534201687755,-5.1903614306642805,-5.125168047206994,-5.670274318838008,-6.5081350458991825,-7.678150431543141,-9.105759859791426,-10.880146134051643,-12.552026642637639,-13.234599956683136,-12.449521205153856,-10.495676108978307,-9.062072222986219,-7.712630308334621,-7.04071624782772,-6.36328006802756,-6.12302250214123,-6.2033700597559776,-6.508662608441051,-7.416461341283597,-8.592176803189847,-10.459463432791512,-62.4724782268507,-16.851334939100706,-23.30846503845626,-24.48597199848907,-17.03813056043119,-13.974599957271675,-11.756419381377771,-10.386720963238051,-9.46826263605992,-8.97321745082164,-9.002653724361082,-9.577435774383298,-10.502293122187753,-11.7706954150913,-14.016041266531953,-16.513769718552858,-19.68265727781415,-20.19361116067099,-18.858033221367528,-16.402648956961354,-14.702417550868825,-13.769317258527797,-13.042432802265527,-12.979310360724401,-13.494393491795956,-14.323013809760763,-15.700059704302847,-52.47247782360513,-62.4724782268507,-2.7358387353870564,-7.322209046926575,-7.9750415672323705,4.718990779632674,15.763563161869412,8.647928166685023,18.531328620112067,-55.48277818349051,-62.4724782268507,-16.361408068276287,-18.050190009356445,-15.836976446636948,-11.842561879510836,-8.90699961350029,-6.9862504815915045,-5.370483578995464,-4.191914492642196,-3.5485825028043845,-3.2075259947832264,-3.3279888943729463,-3.7660988413249985,-4.529717689053776,-5.688350828652402,-6.922090189062448,-8.383975751797193,-9.026257223965073,-8.453219716400309,-7.048183014842266,-5.4746385664354325,-4.1142796631176655,-3.167979976988039,-2.4706155890553307,-2.0872544104520543,-1.9040505338910254,-2.0704989406027194,-50.16798901306796,-2.753006233737737,-3.3474839102424125,-4.07814377899984,-4.472453056230457,-4.959810503344679,-4.947476556209099,-4.761713360704563,-4.1912950935346736,-3.572131740099835,-3.09049928835886,-2.705531177294907,-2.3828591980164533,-2.161909547598186,-2.051904135676757,-1.9727779941735804,-1.9741444570825704,-2.0332308294571013,-2.1415556106010376,-2.162742872798882,-2.2218251516794933,-2.340611749742354,-2.4354518852969447,-2.4453718583168955,-2.541538742594154,-2.4566769366606125,-2.4108994996319177,-42.60476100890338,-45.48277799530925,-49.462178270210885,-52.47247782360513,-41.790619574923646,-42.60476100890338,-56.45187831357107,-50.43127840029145,-46.790460550239594,-49.919752727767005,-47.84849847961148,-1.0190066335386168,-1.399476055598573,-1.6584542601205068,-2.0107547237478784,-2.2455144263955304,-2.317988070443004,-2.3084260916401083,-2.109923314287622,-1.798429202041765,-1.287949526859498,-1.0740619090466046,-0.8419593576088892,-0.6412807872675472,-0.6678417497682347,-0.8208749846765484,-1.0953776087258082,-1.5638866877471902,-2.0696794492095334,-2.739712387140893,-3.4152475883408577,-4.0384998243623595,-4.457549178154566,-4.547384816520543,-4.39314516262014,-4.054898946968187,-3.7421506890400162,-59.462178270210885,-3.1333302251809476,-2.9845156485412536,-3.1504509587209384,-3.473966778568574,-3.9343162887567256,-4.80922749985693,-5.917434511820591,-6.841347482086208,-8.192734612071643,-9.00187283833419,-9.531079693693279,-8.962985272676617,-8.325618936724501,-7.577928000443146,-6.928386215944588,-6.485787803719136,-6.2427987238101625,-6.44059067868891,-6.812442365590127,-7.346701295144571,-8.289697647156391,-9.2187792534072,-10.433179225502327,-11.431261909956822,-11.778461474998316,-11.52532184433693,-55.48277818349051,-55.48277818349051,-52.93005268440682,-49.462178270210885,-56.45187831357107
-40.844274211771115,13.809814921430437,-55.49810292915641,-46.46720305923697,-59.477503015876785,-49.477503015876785,-7.617097999386005,-6.923571463757225,-6.388509507805508,-5.722842063625267,-5.556894066737769,-5.49824159131436,-5.264557728458881,-5.348783349815487,-5.592139200284192,-5.945768148484698,-6.726405879286132,-7.6197447978334925,-8.45019960593665,-9.46949770321452,-9.99195537911026,-10.316939860153035,-9.561853153291061,-8.626935309903528,-7.130192289600746,-6.591255290349221,-5.644260491371179,-5.13612686178658,-5.09603678391303,-5.009080473395885,-5.382829799902812,-6.081945003682896,-41.95701837085622,-8.64115143170241,-10.729207534263649,-12.951559145480847,-15.427798337293337,-14.688592975703614,-12.264798083922734,-10.303366782876314,-8.500280627169456,-7.300137516400859,-6.4745379651787545,-6.109454720181261,-5.777834113230309,-6.022266119526577,-6.608090531186269,-7.936764315430977,-9.50457842852327,-11.819923800695303,-15.509148222860041,-21.070797518753153,-20.7127264118795,-15.498363523843505,-11.74695620012894,-9.582070278488045,-7.916860075524385,-7.176438165419228,-6.540243024748548,-47.436303189317535,-45.3277695361686,-48.50840288579622,-50.18331375873386,-56.46720305923697,-62.4878029725166,-55.49810292915641,-49.477503015876785,-52.945377878123345,-13.77670003328362,-49.477503015876785,-11.044427672166972,-9.12638871761123,-8.303033160213056,-7.462097960852829,-7.07310899195606,-7.156579850667068,-7.2111818127811365,-7.768259055815005,-8.904151490576986,-10.813772566009384,-12.84572561648928,-16.17133638343508,-21.706135747769526,-24.22122500117336,-18.542585707983967,-14.37091345785569,-11.795563467882697,-10.316860702064556,-9.367723180659919,-8.783467617781199,-8.538770427338363,-8.66264356561756,-8.873528031392079,-10.02193077541988,-11.280747806959736,-12.981623376992022,-59.477503015876785,-19.881127423079732,-32.58885724987893,-25.704440658825227,-19.075436522132463,-15.783766764342564,-13.80182846197471,-12.405677832062594,-11.76894608041075,-10.90113273372538,-11.092758653066568,-11.528093633567355,-12.937808604357082,-14.52691841808446,-16.502852239767265,-19.105429989267872,-25.024575549579783,-44.634504622408926,-27.73690478891237,-21.777456405140057,-19.025642627517396,-17.317824550281944,-16.336196435505258,-16.151805350655323,-16.431628269713126,-16.5614835651288,-17.573485673795307,-50.18331375873386,-50.18331375873386,-2.7511640814922496,-7.337533625798561,-7.990366208198942,4.703666200760686,15.74823812550765,8.632603846924384,18.516004065117958,-51.34836944944823,-49.93507792148353,-7.50187199741381,-7.399745802604754,-7.8687226021071215,-8.187616820568328,-8.930414989123367,-9.632004712324667,-9.943168056775619,-9.640834046604654,-8.662067619650728,-7.535232569966342,-6.132955403096755,-4.887070246601332,-4.007951485198854,-3.193102606283969,-2.5598604951814514,-2.4457374407003813,-2.1747687708605263,-2.4244049384498174,-2.689184115667871,-3.3452916164763553,-3.921861585401503,-4.671361677593671,-5.665413352950516,-6.204312524862777,-6.28868207723512,-5.968164727993662,-49.477503015876785,-4.135705648255454,-3.3965393886647877,-2.4705307646544754,-1.9128918205906176,-1.4886977615106713,-1.416517551142964,-1.5068191752973557,-1.6530309018004332,-2.01978906068093,-2.8428259823323225,-3.647591140684907,-4.598190360268359,-5.407845266740933,-5.829179957115697,-5.751604916774172,-4.697519279472778,-3.8379481274248746,-2.6450101077002834,-1.805751337079454,-1.0853252606214352,-0.7006430937832169,-0.5228352801442101,-0.6339199118634536,-0.8178154309500343,-1.1216054387620142,-1.690145813684705,-46.80578573184665,-51.34836944944823,-13.77670003328362,-52.945377878123345,-55.49810292915641,-46.46720305923697,-48.50840288579622,-45.24504392082272,-51.34836944944823,-55.49810292915641,-47.17301380209405,-0.4184624816730656,-0.3207353900361949,-0.5637061998655308,-0.7625760206295508,-1.3587982651262356,-2.0280480529013754,-2.449304579136668,-3.032993966323932,-3.4272501857085014,-3.6855625071159617,-3.68482424335443,-3.3167355819581408,-2.8586004503161493,-2.348448255142133,-1.9442734859038546,-1.8777064855494605,-1.577436194349131,-1.5741971015222953,-1.55658183042839,-1.8723243204929665,-2.123410493663289,-2.478597166548423,-3.1322265166508076,-3.6110166718856496,-4.156682617063648,-4.699506334032982,-44.358669116067155,-5.123631133118522,-5.204062534949169,-4.771774012196239,-4.632191411985302,-4.047108818648838,-3.8567167511387463,-3.5561688536024976,-3.487235778793111,-3.5123018479582924,-3.7524464563085695,-3.946236916463869,-4.252617214655354,-4.7490251420214005,-5.200427079277371,-6.060032842458867,-6.509918804529687,-6.864957821281218,-6.932868118362785,-6.964284612046913,-6.55541863872595,-6.2311707414606285,-5.606791954258714,-5.2722935089321785,-4.974295962008712,-4.9207342414966995,-4.905817192877952,-43.193613493592984,-42.44458923469017,-46.359964405319246,-48.50840288579622,-49.477503015876785
-43.3771167227485,13.88960165389657,-62.408016592667934,-52.408016392535934,-62.408016592667934,-52.408016392535934,-7.601968745281679,-6.837085178628897,-6.218910567960521,-5.663327566606568,-5.563926423885539,-5.534680441153884,-5.504779559285914,-5.778163609742574,-6.208854273315113,-6.811762713091891,-7.6407289470873945,-8.749525254049624,-9.669280572356866,-10.074374373658085,-9.81100289122266,-9.2256091345067,-8.093655326336917,-7.1369269435453875,-6.014985126660779,-5.5806017781494095,-5.148696211882963,-5.1462808143975405,-5.54858469101231,-6.026789869036379,-6.987783607170934,-8.469598480932191,-49.39771663602812,-12.581822371043664,-14.432155890599825,-13.656825000955363,-11.869168633436189,-9.581840879894392,-7.8926696269048655,-6.980459100275094,-6.085144534897999,-5.908810142149417,-6.037103970075623,-6.468856452428758,-7.3343564586445,-8.814367420069466,-10.926310556235633,-14.380552748986126,-19.0890891662676,-19.981360381154968,-15.733394012257785,-12.170184821395164,-9.664867802177797,-8.087548196973346,-6.9260272328331975,-6.3987123140467705,-6.278610503517576,-6.834857605578398,-7.54959591660305,-59.39771663602812,-45.41831645591281,-50.10352737888519,-52.408016392535934,-55.41831654930775,-62.408016592667934,-49.39771663602812,-55.41831654930775,-14.169012207516632,-43.834691405986355,-59.39771663602812,-6.844677804052859,-6.84837052242985,-7.527334768893439,-8.385402839191109,-9.863768909304811,-11.821441584349177,-14.734602658381936,-19.545697720036973,-23.296973369848168,-19.062473846332683,-14.204359574008613,-11.520987056527375,-10.1410383882048,-8.97343798158685,-8.363562725839143,-7.839954944369313,-7.969115440422502,-8.677535227884437,-9.804440182782605,-11.346108078848552,-13.743666374155703,-17.3516335422676,-23.03785538174494,-28.664199395800193,-20.6851993300886,-15.662528235407711,-55.41831654930775,-11.48263473191136,-10.825718990494327,-10.393362299427311,-9.985361103766845,-10.607188429305987,-11.546910902856244,-12.991660153194902,-15.191888623337066,-17.787332342777272,-24.072083406958736,-38.964093786389434,-25.455827594852774,-19.572743028854457,-16.739047714068327,-14.84196005886838,-13.693571468582244,-13.971329672918078,-13.638798059689703,-14.277212705112083,-15.383280559285403,-17.454654771733253,-20.676154188819545,-24.029608078833956,-30.440729063204763,-32.15495793246808,-27.37283328881551,-52.408016392535934,-45.41831645591281,-2.6713771109137756,-7.257747215742775,-7.910579717698431,4.783452610816473,15.8280244980988,8.712390050626844,18.595790405974494,-48.42861642589476,-55.41831654930775,-12.182413268076056,-10.189702693028316,-8.615450789287829,-7.092346242720508,-6.121226097161456,-5.330186725302671,-4.791488989397402,-4.469944968073295,-4.572203447997737,-5.0010665310374245,-5.346875297432474,-6.038917201340727,-6.826020465033188,-7.403771913208912,-7.410197710976362,-6.975956425077046,-6.019511238341545,-4.967708690626792,-3.9230652360504386,-3.1666095041120275,-2.502421803781521,-2.1248869367331866,-1.9227831370764732,-2.0439553096001055,-2.348108503811877,-2.8025478667476467,-49.39771663602812,-4.40878993353726,-5.471546817387772,-6.135741019041847,-6.3974822950564425,-5.972098109048326,-5.035883421209712,-4.024651964927803,-3.0082290323153,-2.1448746378168697,-1.6349590544019414,-1.2758417190511344,-1.2774216562172063,-1.4782954483913477,-1.921796653848066,-2.6192934887106842,-3.4336700848994814,-4.56131588522059,-5.351123880973109,-5.575519020543524,-5.24562861297348,-4.369370736339761,-3.3267009626788906,-2.3032108239128752,-1.4738804799328462,-0.9002646718719699,-0.5370417257006146,-45.418316682729085,-49.85529131926598,-44.27888295439712,-52.408016392535934,-50.10352737888519,-44.554718166007035,-56.38741667938831,-47.09322746148695,-49.39771663602812,-46.38741647925631,-14.169012207516632,-2.1137731446079844,-1.498044018694267,-1.000894220765127,-0.6476482815927258,-0.6760577973676247,-0.8138939327712408,-1.017980507130435,-1.461426061711183,-1.9673685206848335,-2.6324037098968307,-3.2050608832157126,-3.67424658510926,-3.971671689364546,-3.9171101798400314,-3.611908904002261,-3.30193808532466,-2.812975781040397,-2.5161492351890713,-2.0866659821211404,-2.0505983620330674,-1.9773034370041895,-2.1256805214629257,-2.4650211114526996,-2.764547921802828,-3.296520106907982,-3.875312425908746,-42.36480298694184,-5.093893791890548,-5.4691650284038715,-5.558513160097393,-5.52324012109255,-5.151104641667654,-4.734105576347167,-4.431429811612225,-4.007426421165501,-3.9039990039847967,-3.9065489976326178,-3.926667693866018,-4.043908049566717,-4.387281580802592,-4.883591103384801,-5.631782407991478,-6.102060210419108,-6.788360978036416,-7.106570465219039,-7.260175668743863,-7.089843748203036,-6.758398614401443,-6.1251085230840765,-5.668918916547301,-5.268837480016768,-5.216527488376125,-5.211969356688265,-48.42861642589476,-59.39771663602812,-50.10352737888519,-50.366816766108684,-51.268582915651876
-42.03161587311076,13.584143222931074,-62.713474526007474,-48.56374131206249,-56.69287461272785,-52.7134741114169,-7.545516902446606,-7.9389480655206945,-8.06735689014356,-7.588858707270834,-7.183265830561146,-6.477983785557951,-5.551562167273508,-4.906147435855421,-4.313813315312915,-4.062186188411852,-3.8479303691927242,-3.9003528304204367,-4.150669484854669,-4.612198216745515,-5.239837910348372,-6.273177558526251,-7.147362133848194,-8.203290092214022,-8.503542815799285,-8.193216597040081,-7.42469314251661,-6.4293295414683636,-5.637636403633577,-4.7542159125428505,-4.233647261508013,-3.8865219882635422,-44.02115729134721,-4.118218980883107,-4.85152029655231,-5.573321926348415,-6.796452244901179,-8.16464519157608,-9.675187754827467,-10.647482233312868,-10.488781209149282,-9.358614743466894,-8.128183889123319,-6.880126217155103,-5.944993679816058,-5.383348611772206,-5.0252813881046645,-5.189785688257701,-5.338415439739404,-6.158239048411476,-6.972316491229417,-8.089195254278463,-9.45616344284421,-10.552105795753326,-10.547434768515432,-9.961167726560273,-8.658217757981262,-7.68873929224691,-6.6537044580304,-51.57404068402328,-44.140149101038595,-55.723774482647286,-48.089494785288366,-59.70317456936766,-52.7134741114169,-59.70317456936766,-50.408985312224736,-48.734074273450865,-53.682574656088036,-48.734074715680826,-8.418778079775805,-7.778545586239176,-7.3523743675670445,-6.602404610936182,-6.321319985267852,-6.044804827792953,-5.751640993124866,-5.870758298612402,-6.143403787422437,-6.757894984569738,-7.15468585063377,-7.859710187818621,-8.436390590242366,-8.876523264142422,-9.001225379143483,-8.82465082789585,-8.193032718852688,-7.83234064570835,-7.320404719836798,-6.977692409994959,-6.879378314729239,-6.8298160427482415,-7.090545916245613,-7.459371883697939,-8.01865636290534,-8.706368113366675,-45.723774289171686,-10.295769305863399,-10.892182264998178,-10.85621172605926,-10.632152708635141,-10.190260993968907,-9.608984504165791,-9.332078673707505,-9.015658925104892,-8.90693107870632,-9.118059939593179,-9.448047736043684,-10.118945599760803,-11.004230539341354,-12.387891066999902,-14.261191296203338,-16.065833171243476,-17.96548605123342,-19.07716681587671,-18.836373444234876,-17.827685135077985,-17.046979146406937,-16.100649722923905,-15.870587527971178,-15.807527023948895,-16.20447655805465,-17.050750146697688,-48.089494785288366,-52.7134741114169,-2.976835009433534,-7.563205442432437,-8.216037731625057,4.477994384126812,15.522566774509045,8.406932211832643,18.29033237103743,-59.70317456936766,-48.089494785288366,-13.896546956126407,-13.809432199604231,-12.84710055511287,-10.75132552939862,-9.144175933744789,-7.51376468657601,-6.241483990274333,-5.2396517164609655,-4.659764270540915,-4.380307764515754,-4.375261541041707,-4.722461678130527,-5.294107043822807,-6.111462446550347,-6.902526733294746,-7.898976500442011,-7.936634287939191,-7.361027051453039,-6.198038932000566,-5.087318910029222,-4.0415056297141625,-3.2683273064839597,-2.793151088813066,-2.48348255851285,-2.4525402902184905,-2.5898608786237762,-48.734074273450865,-3.6495800607566604,-4.47666521876302,-5.071586449133565,-5.757423373040098,-5.714845671644003,-5.414960862933256,-4.814474785015093,-4.076142783800422,-3.2562980196399742,-2.870389295164826,-2.4179929697719684,-2.1983918041287156,-2.200463210683469,-2.2600058790915374,-2.651895958349124,-2.800814987084031,-3.3226268350428367,-3.47013351559115,-3.548092834109153,-3.5026887312026806,-3.386859782905849,-3.021729857941777,-2.7538378667761867,-2.353113343219167,-1.9892988990430693,-1.6937330957264265,-46.692874198137275,-45.81151352829825,-48.089494785288366,-55.723774482647286,-50.16074901431822,-46.692874198137275,-50.672274699448224,-48.734074273450865,-51.57404068402328,-59.70317456936766,-51.57404068402328,-1.4336198087376464,-1.400596018305003,-1.5045119779086782,-1.3302583263566645,-1.4273043256833602,-1.2655536579557671,-1.0557799291355991,-0.9008110891334276,-0.7122175353753517,-0.651775657466806,-0.5327825256170661,-0.49825752477565977,-0.5408969364803581,-0.736672755495923,-0.929446466105748,-1.4699291317455687,-1.7331562343097113,-2.2688842232296276,-2.4077930951210256,-2.6490321126367116,-2.677318192057587,-2.5451083002891166,-2.3861387943125956,-2.0182586285681463,-1.8768431300738637,-1.5839108844384868,-40.4346071282456,-1.517732132514091,-1.859209304609063,-2.0528630817225766,-2.7117680137185114,-3.183381336026881,-3.9656308587128315,-4.69959539701541,-5.22355972778147,-5.4428627503879135,-5.43245402854378,-4.96479532111441,-4.355808225424252,-3.8221500084439572,-3.3478897403043217,-3.1992781057457726,-2.9546501033292345,-3.2723753092629186,-3.4925648692003564,-4.063228925358153,-4.817300785654167,-5.804216588125639,-6.6335125041379595,-7.483649015589833,-7.794677431867758,-7.651726766931426,-7.022452212478302,-45.079194352107656,-62.713474526007474,-59.70317456936766,-50.408985312224736,-53.17104897095803
-47.05593093150385,13.559669634350676,-53.707048526989716,-56.71734848362953,-50.433459183126416,-56.71734848362953,-2.9226885670871234,-3.534246594311139,-4.212599673433114,-5.093280516735396,-6.097812371596698,-7.06961517800035,-6.980413840778137,-6.464842974713648,-5.461519208650335,-4.39307356223398,-3.775939056797119,-3.180715316292412,-2.8340050538166035,-2.7761556080442547,-2.9281663045984874,-3.3422717337543646,-3.997045854215599,-4.788016502899844,-5.548200738644789,-6.4252869898826335,-6.811507325587042,-6.950639549060308,-6.790112824961996,-6.012453532723927,-5.255556434021674,-4.9046168997920505,-47.05593093150385,-4.482155215466901,-4.51048332835842,-4.79610146222621,-5.561609655961567,-6.292341566053027,-7.191458071614391,-8.510572943644764,-8.883959500125679,-9.290332974262231,-8.734831383036125,-8.053101607869037,-6.939004116719397,-6.261106926277517,-5.806133160820015,-5.758509656948135,-5.794827637283025,-5.966835793021298,-6.7877282778490535,-7.713977536319487,-8.831475737543444,-10.077984757533581,-10.484596742481047,-10.461086390372195,-9.525154364324317,-8.426547023905137,-7.238638568019345,-48.7585482270367,-47.42315926724743,-56.71734848362953,-45.748248256538204,-62.737948396909154,-53.19552307153791,-55.748248353548966,-62.737948396909154,-50.1852231148981,-62.737948396909154,-51.59851471393294,-12.102775897637779,-10.566637456622875,-8.885390082727785,-7.21802296491404,-6.0248127208960085,-5.484117475929833,-4.649730367234673,-4.4730211503144925,-4.648388519299109,-5.348748554372346,-6.057744297263899,-7.372717643611976,-9.656467706185682,-12.279205348795305,-15.169686642710161,-15.190491028033023,-12.727147964136007,-9.945454958248362,-7.909598492907486,-6.447554424988154,-5.538258497199892,-4.887940913805365,-4.52598487663469,-4.8200733844410895,-5.312480064502598,-6.146604835642401,-48.7585482270367,-9.402427757196472,-12.342339926992834,-15.968453054192748,-17.486463484799295,-14.848279292928623,-11.500182981123876,-9.25067565592958,-7.510012166118059,-6.404021379512991,-5.803282314237796,-5.542804662476144,-5.827540162385545,-6.2566034814488045,-7.270844181893024,-8.47822299362761,-10.443587496212128,-13.587486930110511,-17.315920594877966,-21.75566543028605,-20.56995762269895,-16.778359160246982,-13.832956024333456,-12.166119928678885,-11.317152205828855,-10.928092928246071,-10.913202982145311,-50.433459183126416,-52.737948189028955,-3.0013093871269287,-7.587678962557028,-8.240511308030126,4.453520864002219,15.498093233579537,8.38245844413873,18.26585879138657,-59.72764844026934,-50.433459183126416,-15.52602754844763,-19.272463057710823,-19.344427861441908,-14.310608524531858,-10.72744710483008,-8.288605030400653,-6.288739684350382,-5.0302456023567785,-4.105356241411533,-3.680799000113604,-3.552146747146308,-3.832123433904962,-4.616987475443092,-5.6761237304560535,-7.257298686635027,-9.387262902508686,-12.056609307390548,-13.85250350478315,-12.343608772711537,-9.633309656905292,-7.313615875697402,-5.696133886578031,-4.479145664089186,-3.701970200304058,-3.321775609825823,-3.1075444491901,-44.04563118087145,-3.5366944038662522,-4.190056083478217,-4.979077900796595,-5.7559682826177525,-7.003650230663437,-8.063554661021973,-8.521777478971236,-8.420693198347426,-7.674562418239953,-6.772934326585043,-5.698744464103368,-4.839152960416458,-4.0264878117446425,-3.4216919198247133,-2.97558152338188,-2.721909389800579,-2.724653503955314,-2.7115370582894576,-2.8873994833867815,-3.246835857546456,-3.8214754390356225,-4.287352908143109,-4.7862556073926985,-5.208886230252059,-5.346776353919118,-5.124926166557316,-53.707048526989716,-50.696748570349904,-49.72764844026934,-59.72764844026934,-50.1852231148981,-44.60881475585694,-47.42315926724743,-59.72764844026934,-56.71734848362953,-43.44375921313571,-46.61010991421595,-1.4660450404663807,-1.8987208039486403,-2.3791302016784694,-2.88778180645578,-3.3078631429805885,-3.753236136399466,-3.4564487075874566,-3.223368384138896,-2.5956842418718997,-1.8864985190362191,-1.3736947683633436,-0.8044700332303,-0.3555595548389651,-0.07947050397231306,0.013828605806764035,-0.11680851758010372,-0.38487381948011756,-0.870675633521918,-1.503057964136788,-2.4280794628717217,-3.377950831701514,-4.324948203122491,-5.139933574673094,-4.986323624086434,-4.446893048153974,-3.577385167056871,-47.17492315825829,-1.8316122299497004,-1.057489851593131,-0.6678936225506859,-0.5144623712022175,-0.5487248102753722,-0.8734368872394648,-1.6043116537470694,-2.330493410374435,-3.5428475372475896,-4.808872090003989,-6.12719869774947,-6.691401257618176,-6.491167853115528,-5.473765583871986,-4.438012491002769,-3.3322602926922524,-2.346362251429941,-1.7362289807548965,-1.4081703035976978,-1.3046988171099456,-1.4678955253313763,-1.766024606041393,-2.3791302016784694,-3.3235447479569795,-4.598070886803903,-5.858086185198051,-48.58821505045752,-49.72764844026934,-48.7585482270367,-46.61010991421595,-59.72764844026934
-43.386932629618414,13.772546726444514,-55.53537111009539,-62.525071153455585,-52.525071153455585,-46.843053912785635,-3.0380423510562378,-3.6215934540681456,-4.480398419668588,-5.341565674839218,-6.251975899979847,-6.731786432630564,-6.22851901722547,-5.523530754953584,-4.634427748285651,-3.9684928688113845,-3.3925925862875808,-3.136108050315553,-3.0517487788358233,-3.1308773820557585,-3.463563627223449,-4.212357937885971,-4.79232780020237,-5.610277733001463,-5.989578864599191,-6.654643881666729,-6.423539449061513,-6.275189501778358,-5.929359917757495,-5.499042793607502,-5.198520646618907,-5.051434950079426,-47.90109117446602,-5.261931868061743,-5.790613154929671,-6.045014885388361,-6.7513829768921605,-7.031053106336201,-7.415066263477694,-7.743881083353077,-7.4798185881147505,-7.3576023820373395,-7.138517004398057,-6.951334579138915,-6.852254383097328,-6.973194951133047,-7.06021230182266,-7.630534848855102,-7.862179459448071,-8.410675818935818,-8.552173207736566,-8.627299199607572,-8.312059519509802,-7.988921950066842,-7.2325649936745515,-6.8930138037651165,-6.359801276858054,-6.274859946277847,-6.267729420922547,-52.98264605906233,-62.525071153455585,-52.525071153455585,-47.90109117446602,-47.47357137025652,-12.973765455712144,-46.843053912785635,-55.53537111009539,-51.385637630387215,-62.525071153455585,-47.47357137025652,-5.805709895062878,-5.548663697653993,-5.915534764668821,-6.317289386171997,-7.405315736990286,-8.935486932956007,-10.387397440786268,-12.471807145427274,-13.73566134817904,-12.905926772672377,-10.779239814695371,-8.867477632586645,-7.346359103654056,-6.255798717651809,-5.575580791451969,-5.514142593756539,-5.499042793607502,-6.268438805327055,-7.2067577227321244,-8.956841731396533,-11.277519284235929,-14.555652442890946,-17.097190218948818,-15.253482708387727,-11.84273051929377,-9.282966866440107,-52.525071153455585,-6.254998869109932,-5.652850331682654,-5.119407664776646,-5.333606809058496,-5.790060790007377,-7.0481112690675385,-8.702288538354132,-11.139833998969022,-14.520030826898225,-19.376291238097455,-18.420166953421102,-13.55160504608624,-10.373323894840285,-8.314035733075396,-7.340550488080927,-6.454726498581101,-6.520025014473509,-6.578527697198275,-7.364532616932705,-8.687186864107684,-10.630504909540207,-13.605851217650082,-17.50503570688918,-22.828582748648326,-22.614140072966705,-18.310183575849322,-59.51477119681577,-55.53537111009539,-2.7884322800723322,-7.3748016161507,-8.027634092287357,4.6663982104085475,15.710970431721382,8.59533552063052,18.47873598210195,-47.47357137025652,-47.21028198303303,-7.267369592304388,-5.971371825759615,-5.1984963282191625,-4.640488402634803,-4.677115722326895,-5.037262388209275,-5.646109227557039,-6.8364625191481565,-8.783070000714595,-11.352490807924651,-13.155412461564588,-12.286745851240395,-9.590009439664179,-7.17941650912589,-5.3040565878507815,-4.226394244151878,-3.3146345421492533,-3.02278582136294,-3.027415203780301,-3.5239952665333476,-4.220403757702289,-5.381999812478418,-6.800886375124908,-8.709858847336566,-10.148100532270533,-10.617889474904667,-49.51477119681577,-8.091251756939128,-6.724379121493442,-5.428810639598224,-4.736521239696389,-4.106160666221956,-4.0292925471227115,-4.166789862204935,-4.35483442927664,-4.867365283620994,-5.702446410851235,-6.471880733100896,-7.391376569811888,-7.97184016712091,-8.126062623620731,-7.925706083496444,-7.041594842965372,-6.1655516208610255,-5.192054893592467,-4.577319791207742,-3.9996061025869127,-3.679280933252436,-3.5726585895395555,-3.660333406405933,-3.8281315668799203,-4.080889986945105,-4.417096180966149,-49.51477119681577,-56.50447124017596,-48.5456710667352,-56.50447124017596,-41.6614728467081,-46.39723258625823,-47.21028198303303,-50.483871326896335,-52.525071153455585,-55.53537111009539,-47.90109117446602,-2.843488056147537,-2.6711927569359495,-2.7191432199272962,-2.602766511457328,-2.838803775677307,-3.0307370863998044,-3.0909870280004075,-3.4628412602037644,-3.8268421865219437,-4.272498144879218,-4.529839573806701,-4.66333750915176,-4.473312608893657,-4.10226841087405,-3.4372194723510416,-2.9843209191620974,-2.2926453550912025,-2.042576322076653,-1.6996406862895923,-1.9375283671477619,-2.068829639835999,-2.642224682285522,-3.555963880374204,-4.430571838467802,-5.689557954918969,-6.564854011532527,-44.890791217826205,-5.796475970896388,-4.695695905390535,-3.342953659940315,-2.494595208535709,-1.6195388438601825,-1.3801458348594131,-1.3965921631861768,-1.5484038330959966,-2.207836328549832,-3.166161360889256,-4.294896333198363,-5.534224964173843,-6.6434187987891,-7.03115110834802,-6.4782217541623766,-5.122510489892889,-3.9533810876898423,-2.7181624645722695,-2.027833841934374,-1.5809888185068923,-1.6061341313869342,-1.5449888164326357,-2.030874864018404,-2.7066589201646076,-3.8449961953166634,-5.055228314624629,-52.525071153455585,-53.49417128353615,-62.525071153455585,-49.51477119681577,-50.483871326896335
-43.300238199178416,13.45495461074919,-55.85296334372327,-52.84266380788651,-62.84266338708346,-59.83236343044365,-5.902001622322298,-5.400007335099448,-4.995121234038652,-4.798256662096272,-4.892313916006371,-5.026222360929083,-5.107395290305168,-5.334648845677923,-5.504449890426823,-5.719635538691494,-6.0479031000742385,-6.359990326882464,-6.370545542887191,-6.381205016217306,-6.304703538752648,-6.165249045416429,-5.847503294015288,-5.379560400583535,-4.786988796196255,-4.556257786622101,-4.0714792702515155,-3.879418999336495,-3.89904875123794,-3.851903148311794,-4.1108239787501475,-4.5997773286209505,-42.79944937149925,-6.043254092300496,-6.882039200128141,-7.63556182224028,-8.366494160877423,-8.175262287411396,-7.710260746177693,-6.975238036955844,-5.930743211063469,-5.335913250599815,-4.686453911795361,-4.385675017993705,-4.042735285109734,-4.161805435723966,-4.600226597659774,-5.530540408168609,-6.551127171659256,-7.795047099097927,-9.696576208796511,-11.742627866076525,-12.590833958776813,-11.981629025406777,-10.107534629429047,-8.496064509570628,-7.112345012268922,-6.196055749777236,-5.6000608042142455,-62.84266338708346,-44.989365197938696,-43.54847444348006,-48.8632634686843,-52.84266380788651,-59.83236343044365,-55.85296334372327,-59.83236343044365,-48.69292963762974,-53.300238760249165,-48.86326301982773,-11.409953977043779,-9.31813647017769,-8.120000184796544,-7.084263892976772,-6.438713558766142,-6.173320478831068,-6.064185816725395,-6.322096176086804,-7.17587293361924,-8.566991153550665,-10.063707643642575,-12.374123109525502,-16.347659603258567,-21.23857829272755,-21.478628845804483,-16.104532118640506,-12.792575048245268,-10.864622138624437,-9.690183559796777,-8.693247342762643,-8.326487444809402,-8.078173047389164,-8.034979143688803,-8.927719566142336,-10.051471904176172,-11.193991773616474,-59.83236343044365,-16.70953170603412,-23.369797060507768,-44.15034622768388,-23.56639333578272,-17.549772278036727,-14.966925534590791,-12.933949366572065,-12.001872078394623,-10.89086466375819,-10.967794552433613,-11.17856954501695,-12.266230660187283,-13.437448940796212,-15.320641786822353,-17.627882544258277,-22.03603810167334,-28.357145862739678,-26.184040303610065,-21.13711297216259,-18.30092481916813,-16.438146818943085,-15.147044000537411,-14.856364228804189,-14.819031676180568,-15.030496485202232,-16.051565302997698,-59.83236343044365,-49.83236343044365,-3.1060243528267515,-7.692394135332853,-8.345226687781134,4.348805691226396,15.393378183542254,8.277742953430323,18.161143489913506,-55.85296334372327,-53.811763517164025,-6.584581057422688,-6.89170437329525,-7.44391442555397,-8.008758725949418,-8.710990687248142,-8.973181443319156,-8.544672390482248,-7.536248686553815,-6.148434362570415,-4.902072441209984,-3.67976111999009,-2.7891676574918383,-2.080214160879971,-1.5993656069298436,-1.2929245169365313,-1.3011636844655838,-1.4172111248405603,-1.768673982997587,-2.2400036363753526,-2.9513527204963097,-3.5308930377677523,-4.091587387762542,-4.555909795330171,-4.631748721621788,-4.21769466001291,-3.6426830385617266,-50.538174173300725,-2.164499567263698,-1.683730641644658,-1.1810747739572398,-0.820034065741373,-0.7100949779548835,-0.7725141896404703,-1.0123120895375828,-1.330187827530519,-1.7812983978871768,-2.4871093716834203,-3.2188563975057467,-3.909152075824874,-4.2877141010469835,-4.338345110885658,-3.952987333050228,-3.2367664723731115,-2.5430090135738537,-1.7365611745351743,-1.1074647384096683,-0.6419563181737633,-0.47185278750999693,-0.3742863712715441,-0.5152806904382541,-0.8383336975911199,-1.229216803739536,-1.8411333410019226,-56.82206347380384,-56.82206347380384,-44.71352997171241,-56.82206347380384,-53.811763517164025,-47.5278741341505,-62.84266338708346,-45.599904876334776,-50.538174173300725,-56.82206347380384,-59.83236343044365,-0.12054904360119147,-0.2722141780594805,-0.5058960048125389,-0.8303616431921492,-1.3977685620790028,-1.9056701286411268,-2.3709900378785274,-2.68636293420285,-2.822969310606973,-2.718792489452605,-2.5124607981565115,-2.164113185350751,-1.7444757531314257,-1.4196792688183049,-1.1585694180430486,-1.215030762460766,-1.1554941533043204,-1.2675969425191702,-1.3672605752251306,-1.743652817420159,-2.0130151049739937,-2.3667611289445447,-2.8013720671926245,-3.1744058210277712,-3.5290410925216387,-3.9411983269262048,-45.20838369329492,-4.324743216621723,-4.353232252104858,-4.309399419500854,-4.361998194064732,-4.033995771707636,-3.9035983418358597,-3.883881879181837,-3.7368783176008464,-3.8728074310305645,-4.039410011281872,-4.326656037688704,-4.59611502470922,-5.127046050383472,-5.7587093960448055,-6.728829690324632,-7.352422142407844,-7.6260404244257085,-7.942389803784068,-7.660209612763912,-7.180292462360413,-6.432267344100247,-5.808373955200372,-5.4392890798170015,-5.1829618637800055,-5.182813131788108,-5.295503627073808,-51.70323018770975,-47.5278741341505,-13.473333179934633,-48.86326301982773,-48.86326301982773
