0,1,2,3,4,5,6,7,8,9,10,11,12,13,14,15,16,17,18,19,20,21,22,23,24,25,26,27,28,29,30,31,32,33,34,35,36,37,38,39,40,41,42,43,44,45,46,47,48,49,50,51,52,53,54,55,56,57,58,59,60,61,62,63,64,65,66,67,68,69,70,71,72,73,74,75,76,77,78,79,80,81,82,83,84,85,86,87,88,89,90,91,92,93,94,95,96,97,98,99,100,101,102,103,104,105,106,107,108,109,110,111,112,113,114,115,116,117,118,119,120,121,122,123,124,125,126,127,128,129,130,131,132,133,134,135,136,137,138,139,140,141,142,143,144,145,146,147,148,149,150,151,152,153,154,155,156,157,158,159,160,161,162,163,164,165,166,167,168,169,170,171,172,173,174,175,176,177,178,179,180,181,182,183,184,185,186,187,188,189,190,191,192,193,194,195,196,197,198,199,200,201,202,203,204,205,206,207,208,209,210,211,212,213,214,215,216,217,218,219,220,221,222,223,224,225,226,227,228,229,230,231,232,233,234,235,236,237,238,239,240,241
1.206432015412118,0.6018382196992385,1.010830085805846,0.5684018993111832,-0.6553392354576474,-1.0461978960938656,-0.8316595377017071,0.0,-0.9454350670343479,-1.1108614988149732,-1.146905359950628,-0.7750343389496057,-0.9092783951404143,-0.9780251245773541,-1.2184508845381907,-0.8544858858334412,-0.7947024614278396,-1.5290335578609822,-0.9120225841126316,-0.5876308797553121,-1.0913700814168028,-0.730445676766584,-1.4953157360840057,-0.7386157748467713,-0.8170027384371108,-1.1028596777751656,-0.9098549892636172,-0.8874118061173198,-1.0045378266925538,-0.7398148026135847,-0.1352816052244761,-0.6213281516810659,-1.4701509205492262,-0.5420019295774029,-0.8521543843889462,0.0,-0.9101842711912307,-0.7478489282497518,-1.0707150836670742,-0.982093050602473,-0.8330314869333778,-1.1734433843460188,-0.9635701849484102,-0.8753844396163136,-0.9959224525068072,-0.692699746697734,-0.9880891708963386,-0.9331109271111324,-1.4959938989432164,-0.7117639857462464,-0.9003104042149732,-0.7428336224844898,-0.8697780758397688,-0.7816144342836947,-1.2419010372441621,-0.8960928726155373,-1.1250055581095864,-0.5949855594704541,-0.006504122296729565,-0.7301479877610246,-0.19559044240969192,-1.4511262651888082,1.0716988576676878,-0.045183990238562295,0.3036161247497782,-0.3756156186794026,0.21907018917999418,1.106199534844789,-1.0749244815171093,-1.1027770901612872,-1.0533508174120068,-0.7803929304488141,-1.0646644195961537,-1.5367083655868468,-1.038889705033005,-1.0139033393872157,-1.0997712249658218,-1.139151326481876,-0.8365424398250302,-0.7595100985280595,-1.0992483588953603,-1.2243293356883307,-0.935285184082128,-0.8476859954814017,-0.8818250387679514,-1.101189024323655,-0.9320857704020108,-1.1076908320248398,-0.9929731905314243,-1.1057400076707629,0.0,-1.0895720596217158,-1.015949828457679,-1.2700216642321498,0.022346314369217628,-1.0330628210713155,-0.9806952712081404,-1.0173939124268374,-0.8380180345013107,-1.0796987973314356,-0.7672699532533904,-0.41903341641266645,-0.7450446334662163,-0.5345693336786789,-0.8829589591239858,-0.8777065170341424,-1.28498125649,-1.2444721085569637,-1.1622299863750265,-1.0750087450324861,-1.0496222145661838,-1.0272808150788746,-0.9179965702583182,-0.8834010007937669,-1.0281068762865642,-0.8065809089563944,-1.220455895467619,-0.968200440480942,-0.9649510907803268,-0.8428339098353159,-0.7916734771439918,0.9532425742163665,0.9730457221000155,1.0191734371534908,1.0529690553122495,1.0668429601830562,1.052792043899598,1.052821887291336,1.0456948148382543,1.0249604997711432,0.9959657629443447,0.9408210062137191,0.8776052472901004,0.7918841769577043,0.6618979707093755,0.4640379612398672,0.208724496689443,0.6011245509999285,0.8508960817231156,0.9077425968523801,0.9492759868229824,0.9868103253512155,0.9775299485957832,0.9545712596684107,0.921246749345704,0.8749210139956526,0.7917329862187543,0.7350118845324708,0.5943913582615566,0.4025361821350554,0.13284246778911624,0.24679122764445405,0.8518416606902581,0.9996380617291197,1.046758953625677,1.0512949503414575,1.0710195352721383,1.0772606708729775,1.0638341850134396,1.0548791467237997,1.0460144953308894,1.023873258210324,1.0135800598504128,0.9742591062151742,0.9536846537551142,0.8865759044372233,0.7873661110858717,0.5852495523705104,0.21270294587159586,0.7987112889062691,0.8680575045163597,0.9463679643141657,0.9855001616055834,0.9777682887193625,1.1003423160673147,1.093053158696167,-1.5584855280777545,0.1486714396740632,0.5584726988202176,-0.5105674209037713,-0.892335740761152,0.3077023663919842,1.5752905256943075,-1.1288020835422017,-0.30957392495424063,-0.7667128234210706,-0.9376147113853731,-0.8822045624810047,-0.9720549805339108,-0.837734991891457,-0.7681353643928056,-1.3413899093026476,-0.8561635005537567,-0.9732821533864621,-0.8916675234322974,-0.854487131723118,-1.0567014278985798,-0.7623387880814209,-1.1902969008475877,-1.138176828498321,-1.1282216968446237,-0.7096746406277713,-1.0872410914861952,-1.497212385925799,-1.1484124237139606,-1.2331466292534232,-1.1722866810318098,-1.5243937218403207,-1.4287080023650147,-0.9771407760594659,-0.40201527658146896,0.5594235717716095,-0.842006595218026,-0.714597898250267,-1.175089607628523,-0.7304147498185977,-2.0021135927069094,-0.9778791662455605,-1.0678437317000666,-1.2267117414576603,-1.1216677648090123,-1.3463418046757907,-0.7677702292636782,-1.39163598805477,-0.9603624482603655,-1.168835087554453,-1.0380559449886733,-1.183307106703266,-0.8933602311842843,-0.8628630803605195,-1.0352138615058009,-1.2474430877810965,-1.5990810368929969,-1.0518905897538264,-0.7644897196548777,-0.7228433756317417,-1.2003003679988458,-0.852942804981094,-0.29694648766550213,-1.9117171672640392,0.3886834389523553,-0.20630390389088502
1.206432015412118,-0.27629670488315183,1.2095420416043152,0.5226619696311539,0.9582197733921486,0.9779552909481314,1.0039867517576024,0.9997076056901142,1.0042963527611828,0.9982650560237454,1.0034180559102914,0.9965288646064484,1.0130476267929494,1.0015557803910384,1.0116305894033675,1.013479257866675,0.987339633885561,0.9861861247826198,0.9964122615961685,1.0167231609225809,0.9778000442401277,0.8158895784767599,1.0114044226121612,1.0062052995580253,1.0144550589302561,1.0139053316001032,1.0015452383044428,1.0229873523738617,1.013983647538655,1.0114420850555237,-0.024178137830662482,1.0285723163212805,1.0393731715257994,1.0525308776827877,1.047825111959082,1.049383969791125,0.9928916481402265,0.9499347802766325,0.9655645332977442,0.9563114230357613,0.963190350865649,0.9736210216959232,0.9724445228221787,0.9805780430387726,0.9815345642820839,1.0072945009400074,1.0069646934055532,0.9530106990757521,1.0253190171241924,1.0530052393794171,1.0218186337249298,1.0331635613803574,1.0122570693728838,1.0122306714220386,1.016674243667847,0.9928262130297624,1.0107675628725608,0.6917498115468116,0.1396430387258758,-2.393925941982618,1.0036023102367826,0.36270743412628,0.2506778150822789,1.1090195654096493,-0.4317697412805271,-0.5494095112603954,0.7506172614806408,-2.5856788038864176,0.872717907247656,0.8603312136476063,0.8243796074260731,0.8864684262306552,0.9258527374347211,0.960806014795246,0.9836838136281618,0.9878387143172447,1.1045150146289358,1.0731867967917532,1.396616111374741,1.456471051304946,1.006619496592156,1.0698828479040998,0.9526150375117131,1.263108353370484,1.13458807742296,1.1003934436130764,0.956198281873113,0.9954155272895219,0.9631248634916278,0.9440540849786707,0.9718857642545999,0.9618821715188715,0.9586929773877362,0.9949340361957822,-0.16969105694462078,1.0092470378248732,0.9217256075869337,0.9137723348437462,1.069594095783276,0.6856564289057956,-0.4754307920650508,0.3213429050111241,1.0044648475234734,0.9963475753092045,1.0000535002433786,1.0347016807680982,1.0221646449384982,1.0473012998272646,1.058984157360983,1.16853147945161,1.2177542510508448,1.1545361052524776,1.3248705770151157,1.396517620971329,1.391287206154814,1.155682967340301,0.7268858853817461,0.7411773886638087,0.7552854961281008,0.8305104040102741,0.8834737090613911,-0.37078603863429965,-0.31175007693534745,-0.45639870076246186,-0.5958269206409652,-0.7530098845756417,-0.817748502176608,-0.8559454558019595,-0.9475945146038983,-0.9996460217343232,-1.0886318279258937,-1.061233479815629,-1.062394308345048,-1.1057153809196,-1.0051753217556259,-0.5999028755061863,-0.14761180250480707,0.06782227368963592,0.05732720725774255,-0.2288527365730946,-0.5265868280990783,-0.719915814646162,-0.8815846626310548,-0.9667080645031627,-1.0847258639026527,-1.1667617143368665,-1.216443538095029,-0.582298699778524,-1.3598200320967389,-1.581858874386035,-2.006772791272245,-1.8502959337849707,-0.8977737282343258,-0.5168001450062111,-0.4792213777735804,-0.6234746026462701,-0.6564677038460349,-0.7449898022317616,-0.7855447178133558,-0.8943002908547464,-0.9236200145620292,-0.9615551844230587,-0.9864174309148808,-0.9941258233884913,-1.0620399112984287,-0.9570715172101246,-0.923199093804512,-0.6031990246386657,-0.22931910955013649,-0.19097060161755558,-0.32323128024250675,-0.6303116730366656,-0.8006895308965346,-0.8976799632263759,-1.2133316104726377,-0.6030816393832756,-2.382270998991561,-0.8192091967678792,-0.0136131833585338,-0.47546977806685026,-0.13523619994451405,1.2223010917477777,-0.201696387523747,-0.08240018209365463,-0.9275369002670136,0.9845128492518164,1.0022288045584138,1.0078849863476589,0.988999829530432,0.9655167520965714,1.0141585181206654,0.9712815636529298,0.9929643001804864,0.9707987820433805,0.961153097533647,0.9706832293857035,0.9439391107076613,0.9439774474564485,0.9090000771271409,0.8554374190202981,0.8667923646017516,0.9102547783144573,0.930411632862136,0.9366754784274571,1.012452372073347,0.9468762471268748,0.8996300568865345,0.9005642194501906,0.8723693536512058,0.8529965468991182,0.9726008574125214,-0.21520067805264734,0.9958056914938713,0.7576348793764344,0.7946656696674457,0.8433895026482249,0.7967583573728724,0.8551393745803683,0.9899344694594445,0.9324391233914864,0.9179026766721023,0.9319545011012782,0.9434257977273913,0.9409233843796255,0.932599073948707,0.9334370061016455,0.9421969573057069,0.9669416072088277,0.9244591662992603,0.947478447246484,0.9247228453697054,0.9215567559232851,0.9495130264597799,0.9726952898530272,0.9504032298511756,0.9624977433986048,0.9416402903876686,0.9468631174436704,0.07505752841645599,0.37986329758520193,-1.4827027142039229,-2.467461433339058
0.4608080444466003,0.060277184063273204,-0.07338316935901087,1.2419319026323765,-1.2840724339471312,-0.7534069088827156,-0.8531841933380865,-0.9501481098637463,-1.2991765558989854,-1.1975548493401933,-0.778262221366646,-0.9541049461223553,-0.7135000264182546,-1.2148523304074055,-0.9599441935368821,-0.7122034672809487,-0.7854851078229738,-1.3892079575314318,-1.0924685226265682,-0.8587342000861581,-1.3534592152503566,-1.5141380560450852,-0.8903447017412257,-1.0933195026451747,-0.7832166169699846,-1.1237284375060868,-3.297953934167354e-16,-1.0404964006221684,-1.0886862173282044,-1.1673731878141917,0.23503550755881447,-1.4483852440965377,-1.1305148995679353,-0.7237769775336165,-0.9539182046962118,-1.1745746546156868,-0.6412076241246393,-1.2990062389303374,-0.8839233919774584,0.0,-0.9923071807946353,-0.9246340225981606,-1.34825029231293,-0.7952420212140027,-1.346107757416266,-0.9152538856876603,-1.2700707379220941,-0.7021082591130157,-0.7804279558119533,-0.9092609880595465,-0.7062513812665075,-0.6559720872402706,-1.2829055693896854,-1.1466841747625187,-1.1973042858949945,-0.7012246507556872,-0.9881699105291323,0.48698129613570196,0.34030764207917497,-0.6359088306707608,-0.43270869925306454,0.539851050557246,1.0346774239667356,1.1461705290200765,1.3999979378162912,-0.9154687577532092,-0.2974548928600181,1.1011080747651198,-1.008635830205259,-0.8918256641485047,-0.8555140202639523,-0.8108949977505777,-0.8709261693183407,-0.8900177385273613,-0.9564724036063476,-0.9456506561991671,-1.0377596227954222,-1.1955597980593125,-0.7142767224918315,-0.7669840190556214,-0.9710498847526434,-0.7939095989879715,-0.935942575938532,-0.8994917092060538,-0.7729638007294138,-0.9196223622482195,-0.7339282474833847,-0.9340036839973038,-0.6791053558433114,-0.8676943551481273,-1.5217381261953413,-1.0944680795524924,-1.1673631045902957,-1.2509628382241644,-0.9428931463259439,-1.032242623856984,-1.0616109188396092,-0.9522894525493626,-0.8974518508718934,-0.9105083864811686,-0.49079170137848865,-0.20166562436419563,-0.36087326729547636,-0.5397295046407935,-0.7375937857648164,-0.9381533410824667,-0.6336023133085809,-1.0039940381127253,-1.0179549930862115,-0.9418895117922514,-0.9284139438755965,-1.0002310711949893,-1.129896590113049,-0.9087260547804478,-0.8826089003286157,-0.5958336069688476,-1.0437471154602065,-0.6244415229161835,-0.7507230960011249,-0.652142121892676,-0.6580306931281912,0.8088733456512257,0.8899764903956651,0.9834464443398485,1.0123407528383725,1.0304193093734664,1.0408416736129829,1.0658315958589155,1.0540904108460691,1.0249604997711432,1.001525659345412,0.955380432423678,0.9116337865288249,0.8417631156062484,0.7573667679499859,0.6439460413682654,0.7266586694189752,1.0433285562711172,0.9586140377617192,0.9708221794823171,0.9847567315125296,1.0013991254378978,0.9767559621396869,0.9504846982773604,0.9067990846332292,0.8342468570226743,0.7658627534981255,1.1206853625058644,0.46576338496893166,0.09894153154261134,-0.4626541254580663,-0.5935595074125095,0.6260159668298115,0.9402304432160206,1.0129571742957908,1.088043868837999,1.1092684090998124,1.1166376939264098,1.106640088286143,1.1110949584510112,1.102209363309007,1.0942217557732972,1.0799874700597007,1.0687973554773018,1.041290070629002,1.027356873572819,0.9557573820347098,0.8550668897530752,0.8201380211691937,0.9003715760157583,0.8409844668658143,0.8636363987642544,0.9183423683994133,0.9125930299506004,1.0993399670885702,1.0968524405400975,-0.9353158760370364,0.1486714396740632,0.34901609684616974,-0.5105674209037713,1.089677159554874,-0.40881187628957916,-0.06368631546890373,0.45356858199301886,0.6437861107541111,-1.824550548364729,-0.8958580736353522,-0.9961173113443847,-1.0426879625997083,-0.8565906958125347,-1.1281621630978786,-0.9766035075979944,-1.0984410725984726,-0.8850577751191122,-1.1463519111697273,-1.0245179442380243,-1.216573660428858,-0.8343954277661291,-1.238728716076828,-0.6016826267550656,-1.3156652432242786,-0.6857208442475079,-0.8560974866917594,-0.817677149672356,-1.1692057412893806,-1.0034990072591337,-1.1299864484947502,-1.3085093482567638,-1.2123471943159208,-0.8910161569334903,-0.6433479187103728,-0.5432267946300515,-0.553665918676827,-1.0259658797865305,-1.0543907389409495,-0.8495152580181448,-1.5515918098593149,-0.5868798938197981,-0.6415042674713017,-1.147579233031465,-1.5754371813562666,-0.9689594457600356,-0.9876792258962458,-1.0239787881780564,-1.0101190201171568,-1.2607603059024433,-0.9077806847819883,-1.1874433708450274,0.0,-0.9839168604996518,-1.2829665590400756,-0.9647315233646506,-1.1122023584209202,-1.5391430737496752,-1.413383379307311,-1.2664748784758464,-1.4617579414285162,-0.9181258396256822,0.3727464836038907,-0.9092732410659266,0.7369228611427626,-0.4204025472002211
1.7704747752636298,2.146910547914016,1.4272607308664045,1.8777978637763855,0.9788301697440804,0.9764612873353944,0.9944724233476789,1.0153288483270482,1.0127457362697474,0.9987509364043003,1.0104850178445914,0.9922975338415083,1.023899880353352,1.0020829955207928,1.0153909113277129,1.0170831888641967,0.9856799076020406,0.9772184271002453,1.0029970138072324,1.0100474454633717,0.9177566872505627,0.8048268415271564,1.0069334585386172,1.015938437676152,1.0178274496030024,1.0003728118630337,0.9835774880436645,1.0085205069304508,0.9980159322175625,0.9765466467902019,2.3559074623887972,0.9933029337985432,0.951685791500029,0.9309979697442474,0.9020798315492905,1.0538028334437375,1.042839017396673,1.0407548576460546,1.0392635422536585,1.0254866714942803,1.0048952305962142,1.0199559353461602,1.019492108607232,1.004274450386857,1.0137878391470625,1.0279226943233633,1.0114627083057872,0.9806310281872683,1.0840759331397374,1.1524151520493742,1.0643753362358186,1.0192703740485585,0.9958156354072127,0.9905468552041164,0.9919467265787812,0.984369977531958,0.9919861624562704,1.6162640994068629,1.4922032738714843,2.5407537612749653,2.4581720210492755,2.4167019842801967,2.6258739070797663,1.1090195654096493,0.8599140571974315,1.512926093423162,2.06882164661687,-0.6855527121707917,1.3382899966856672,1.1854482494992489,1.0543979225920177,1.0478164150255034,1.0469796289262918,1.0142599066004145,1.0353910168107368,1.0332715401747217,0.9337514032277613,0.9475988645098851,1.0464456077268385,0.8731656678832589,0.1898037972873233,0.18334422393576416,0.5216351768898793,1.0741143722452202,1.0558516133286397,1.037907179526439,0.9664899169360182,1.0203437584762494,1.0131470347869485,1.0047593532017411,1.0343289088993068,1.0305070013047788,1.003211740702504,1.0631033779018026,2.08417228562182,1.0873609604091758,0.990333148660682,0.9448226575731695,1.1405153450937773,0.8129714687688059,0.5943512470904472,1.1492075193720763,0.9327002429246101,1.0661635158318388,0.9912748292989385,0.9662839890524498,0.9543402021713558,0.9583166655420083,0.9414987740047239,0.966217641731788,0.9793334090125118,0.7704997776704013,0.9429850667081429,0.8285422951229717,0.8951683252476182,0.7263948885842432,1.030534820496959,1.1154106414837064,1.055382391384238,1.0856270993735544,1.0773083559420966,-0.9546140890011736,-0.950601164104619,-1.0635255364584104,-1.142270904658549,-1.1149660673947601,-1.1106264114993594,-1.0851390698115853,-1.0999551076681835,-0.9849563264432428,-0.9217057674845697,-0.9031140970012187,-0.813261454138702,-0.6655802851817235,-0.3678255295214373,0.03393471199694549,-0.11790525554907803,-2.7914472447066254,-0.9929678864458773,-0.9243446767628007,-0.9462470023923178,-0.9926708192231463,-0.9599425771992615,-0.981114152399999,-0.8249284548366174,-0.8140347979264484,-0.612036092002847,-0.6515852193184232,-0.3160113976338246,-0.09989380665668549,0.061562539007708764,-0.22633220437874707,-1.2902507151933014,-1.0959526849891845,-1.1316639067460696,-1.2092236612976526,-1.1209229087892747,-1.083015740861922,-1.1655503743781381,-1.119251566212253,-1.1005413569780467,-1.0195072657644197,-1.0575016822094192,-0.9580879316379443,-0.8907838588345998,-0.7617835263116477,-0.6561495922044429,-0.3923498050347647,-0.36711406237545896,-1.9966409201668864,-1.043285011047108,-0.9193011612505207,-0.9853044094317138,-0.9794436547508228,-0.4252029807154098,-0.5301186319329226,2.4596561464358,0.9611264807522357,2.371942039710822,2.170239043815976,2.20735588144514,0.8200162648730215,1.7035737231734505,1.1533570531425745,0.9708161636497344,0.9074427266286444,0.9230532404074593,0.9543194220785235,0.9488686678285067,0.936415102232682,0.9950771326141677,0.9573092318155738,0.9771229568183911,0.9683590702188343,0.9641870692456386,0.9793468242845442,0.9543887454225455,0.9655381083628682,0.9341169515443407,0.9153242606998493,0.801963982672668,0.744269146268106,0.8874287995562017,0.882058353520806,0.9983494867491469,0.9360044595189274,0.8954593704254725,0.9115802064282463,0.8911946795181274,0.8889516066721723,1.0015941991229378,0.0023390332258417376,1.0118851679645717,0.8339650948033414,0.8439586385107591,0.904267873987204,0.8131806708145155,0.8527582204837884,0.9554742250955888,0.8813079400640152,0.8885813191614856,0.9082913139437332,0.9333831993835405,0.9299999009276451,0.9302789024536026,0.9330388855022637,0.9428406848901765,0.9672914444034524,0.9336432652869792,0.9445624792834938,0.947181951515823,0.9325845692674773,0.938083896383671,0.956184932181458,0.9672945103627038,0.9726061878505143,0.9321738584541103,0.9597423075143424,1.2103810821205319,1.5644282384688586,2.8987844524154194,2.7330431697270243
0.02901371334580014,-0.48128385157269205,0.3243194825272033,-0.27931386489455134,-0.99559758974074,-0.8517594987600645,-1.0612731471146792,-1.1857983863828736,-0.6612051606502383,-0.703033691008951,-1.1690396446913174,-1.5609517825468247,-0.9092783951404143,-1.1061785890068732,-0.7817669544197998,-1.116163642820336,-0.7854851078229738,-1.0116173527885917,-1.1514736626197324,-0.6479774811391491,-0.3689290376976546,-0.6786612747358467,-0.9522261498048102,-1.0368726547632794,-0.8948326122477248,-0.872474370441506,-0.7701331951282676,-1.1449461028968397,-1.1605169406193596,0.0,-0.6247944434134516,-1.1245861969203104,-1.6164241930631913,-1.2211258794694062,-1.085114587267813,-0.7692837954279538,-1.008491701901456,-0.674746302868951,-0.8594993010577452,-0.982093050602473,-0.8809837004438011,-1.5751848914986921,-0.6546219302828931,-1.3525650261888413,-1.346107757416266,-0.735798765939967,-0.7483428427192091,-1.0723113072228492,-0.9509302933902514,-1.078072665790872,-0.7368236875525574,-0.7528767046036997,-1.0103685613138693,-0.905850494209879,-1.5189613625616611,-0.7213209569952925,-1.241041763964255,-1.8511101793548894,1.1995631481725675,-0.5516090320549744,0.19374037727747004,0.539851050557246,0.5723493608101511,0.3222769131523289,-2.279751472206139,-0.3756156186794026,0.7665750267260147,-0.20112102576410873,-1.0498089688426426,-0.9926751297619922,-1.0429692669424633,-1.0532173227172452,-1.0383879690326927,-0.7235399948780338,-0.8631827331195695,-0.8690040551967841,-0.9254604822526111,-0.7716299683594176,-0.8091804446104883,-0.8807660630856915,-0.7563330008429632,-0.7769054388882737,-0.9538887805998724,-0.8758717709327283,-0.973620572663239,-0.879199668383045,-1.0352210917850855,-0.8972767447010158,-1.1655454711417939,-0.8537964843409088,-0.763279834626974,-0.7967865160523978,-0.8977086531503152,-0.813518976146665,0.022346314369217628,-0.8119439281028044,-0.9828639904567915,-0.9270325309632936,-1.0551701661186628,-1.022082096190104,-0.5489415257351388,-0.7683391892087009,-0.9770389069506773,-0.9123545294274077,-1.315928953872282,-1.1114996137458617,-0.6780507451980972,-0.6830119255538434,-0.8691593211208122,-0.7291800748757234,-0.8475748398944251,-0.7664629489137779,-0.769168184244094,-0.7211856793543834,-0.6730040843819896,-1.0654060506515513,-0.8433789283362323,-0.9411560743693338,-0.4681247027069304,-1.4227818638930632,-0.5990095780203953,-0.09417906601448518,0.209276302616428,0.39290679900461795,0.5411318434542916,0.6679813552968726,0.8069025845161726,0.9250380170012583,1.0314970017443368,1.131447534354257,1.1944126659843495,1.278725901036944,1.380827785060054,1.4563621428356222,1.4955062918576043,1.357137149662032,1.2885333030121375,-0.2734500940458778,-0.158718086526876,0.21205834540080784,0.403144939863017,0.6186795344137849,0.7547316694311824,0.8676213199027716,0.9810535181035098,1.0655768300866102,1.1883825161273098,0.7695742531535115,1.3201851373374551,1.2826927266859875,1.2389472175947915,0.8485510748025225,0.16277636201058662,0.22710448736860342,0.3719261618738229,0.5547675408107129,0.6716003288846802,0.7682531396672478,0.8566786895605815,0.9506599279444427,1.0432930157101343,1.124021971818678,1.164736908180713,1.244437420442631,1.30403537176254,1.404817385821495,1.4439949487141206,1.4253362694702958,1.3922595159553053,-0.6668617501462135,0.08745212109851586,0.3986573487701446,0.6001011389710337,0.7366592834482153,1.089420368253142,1.093315731213542,-0.05914410648593736,-0.5981293236263651,-2.220709644384947,1.0624960037001043,-0.13523619994451405,1.5889722257858991,0.08422184522500886,0.10190013048042006,-0.14281208293935338,-1.2625944824341833,-1.137003539148311,-0.9007239885645342,-0.8691871591433374,-0.8422735269370346,-0.9243473529510242,-1.363120872526177,-0.7320907361777876,-1.028768371629152,-0.7718313255026935,-1.0338840175936475,-1.1314651895998113,-0.911978902035894,-1.1841598044718051,-1.475303845909961,-0.6048045903727561,-0.5258552668676455,-0.8142818419426201,-0.5146612088892017,-0.6390501393889303,-1.2425150907569738,-1.1763028478912205,-1.0956483679668771,-1.4596767198478018,-1.4587705812998177,-0.8158434596393105,0.7631006305255531,-0.824531028756243,-1.1436012479748172,-2.2607091183443178,-1.2238635676141651,-0.4696297596288236,-0.9049585584398195,-1.0470070402943734,-0.7967770043310441,-0.8241383253567907,-0.9029500977547215,-1.1526633453904525,-1.1346547819661956,-1.1143587777275086,-1.0886506381549341,-1.578186290137997,-1.3949301029574344,-1.095568660213713,-1.0549050780498492,-1.5768353362029695,-1.3330243788983958,-0.7748555991856738,-1.1194466283095887,-1.4653747082628608,-1.169373675924158,-0.8667449492124457,-1.0188321671626017,-0.2115783192899306,-0.13340566913639593,0.824191753824793,-0.4204025472002211
0.9881344249272276,-1.022844887208657,-0.07338316935901087,-0.5347639529675353,0.9665448068649314,0.978590754163331,0.9994887609390762,0.9915751580251709,1.0109707102114505,0.9969170353058924,1.0011517291815921,0.9860743172810146,1.003824062354743,1.0101874452682873,1.0033165965210107,1.0035700708309148,1.0183445480389322,1.0124287518601562,1.0426438646591814,0.9780013066641627,0.8956923838088388,0.7816224900586378,0.9876360341129783,0.9852722979734226,1.0003022675579076,1.003527175044717,0.9844457491087442,1.018441490356384,1.0097446063142237,0.9848695163654148,0.5799901304989141,0.9883346669170653,1.05093660943093,1.059449101274956,0.9728561297212595,1.0694812945196397,0.9960110982758841,0.9421883608037712,0.9778671638844962,0.9741314198599168,0.9818436948486098,0.9837936091953583,0.9962504294087462,1.0031239451103597,1.0054224239320761,1.0103132821326295,1.0028312964343047,1.0126819309932673,1.0205040199342585,1.066512860677292,1.0937396612211114,1.026733820395687,0.9338066463541927,0.963517872962561,0.9861027935990332,0.997660460948019,1.008166406295003,0.7769770315914317,0.1396430387258758,0.8548672699981572,1.1559992981349985,-0.2390789134975495,0.2506778150822789,-1.7573407228753648,1.4476892894858884,0.3380314129753972,0.0,1.0202127450947898,0.9686286144069837,0.9350003314334797,0.9552894271331941,0.9404301290131164,0.9745941793938673,0.980069671524608,1.0093141577525757,1.0413050289940036,1.1478435099473159,0.9438144112507525,1.3790994427466656,1.3417961155814164,0.6415526527449115,0.8936851607215497,0.8868995181505038,1.0665985963748792,0.9754456705809815,0.978942659338725,0.987624027036127,1.0261819288308138,1.0005082294048742,0.9843204175729044,0.9954673001353161,0.9831703426841364,0.9799613299520238,1.0506999834321453,-0.48510191676768105,1.114523406456686,0.9962092415916934,0.9469978900676256,1.2889667752580116,0.7761691075067851,0.42174344469671476,0.3213429050111241,0.7909087144584611,0.8470597638331664,0.9094173802678978,0.9805707280674478,0.9761762216700273,0.9898906009392505,1.0004617703182805,1.1070274540818184,1.1310279779938455,1.0827795559002733,1.2575718004063439,1.2827877256653124,1.2607985745130046,0.8604474447865151,0.9464394097075058,0.9275650174645488,0.947106157669351,0.8179930200041095,0.943293040191077,-0.29749137769626094,-0.31050698662233633,-0.34768796411428504,-0.5205524659776334,-0.6376146404840142,-0.7886637045719443,-0.8640971197092997,-0.9173522606725261,-0.9888769793661459,-1.072495705962383,-1.0696029670836251,-1.0934098742503247,-1.133849340535083,-1.0790108834586858,-0.8212184742606574,-0.6777020620801665,-0.37999900866590325,-0.09662756999018278,-0.31926908431793555,-0.5622185626219106,-0.7511816949418826,-0.8645254496459837,-0.917264117546069,-1.073187815207421,-1.1463469268553934,-1.1472913208795086,-1.3214105398922458,-1.1799663996681715,-1.3379639251221573,-1.5285100631309163,-1.2902438838755614,-0.6971650924420886,-0.4169272356164268,-0.4526182417574889,-0.5920121669560241,-0.6872548476737594,-0.7584925672282752,-0.8441073604775348,-0.9213955276492765,-0.9921549274426844,-1.0315139998511815,-0.9974617103700258,-1.067127307837623,-1.0964069679369943,-1.067749485455153,-0.9991880989655553,-0.7296627268540142,-0.7955761067880975,-0.3313437337957593,-0.267325832295198,-0.571548025536761,-0.7053172692960152,-0.845823832514308,-0.7190725137069803,-1.001199551114756,-1.1359316949101252,0.8527396273973439,-1.648623762206196,-2.1504990925393495,-1.618358747567255,-0.18608037797363802,-1.6982509933925773,0.4251206428664966,-1.6793824438817004,0.9943736255612047,0.9984954256188935,1.0025446562437341,0.9822548693192396,0.9642316000332888,1.0132420749311881,0.966811954763329,0.9889762291153972,0.9665891222810606,0.9608216577495234,0.966263783386041,0.9338009507619787,0.9437863809597974,0.9164857264243546,0.8634999369593723,0.7663276379094021,0.8898272453278948,0.9493871730069312,0.9211432702735117,1.0071831945869123,0.9337183536096515,0.9062704231443613,0.9041173262944295,0.8882879606079582,0.8690638302000755,0.9679929248703364,-0.5600484687040055,0.9573976769571175,0.7970611878283617,0.8176554014967099,0.8091684521677293,0.8436233495493404,0.8679984622680602,0.9810919760588003,0.9156812569643452,0.919176454666546,0.9376395345401657,0.9355733894895488,0.9418087973911118,0.9355935883817552,0.9352157531659343,0.9338273178341169,0.949938473263195,0.944336271852989,0.9264904162523324,0.8982578587125748,0.8705669136553844,0.8756289048406238,0.9697118724922418,0.9451838409911628,0.9658513905551046,0.9425992072987281,0.9484195098410791,-0.1661973542971436,0.52576558728434,1.0185851035276325,1.1917524971686977
1.206432015412118,1.3255172351342366,-0.10762909619296471,0.6391687108039146,-0.5641670556189227,-1.1054474023166783,-0.92767905890658,-1.1645789652640932,-0.7829881389547989,-1.3665669774568552,-1.2573647086609065,-0.8323058516606104,-1.1174530833678167,-0.8898483652650926,-1.0891975390375364,-0.9630919677101792,-0.8698225108382177,-1.2493823572018814,-0.6336273925339653,-1.0181655033182502,-0.8180625401705135,-0.9063659091171855,-0.9905579962377761,-0.9791565001862262,-1.1659454796429602,-0.860466450220482,-0.6181909358932454,-0.8928050634323071,-1.4543208209548075,-0.5370596625092764,-0.1059219699009545,-0.8613657787114404,-0.7826022207221092,-1.5687578436119793,-0.7627596868089407,-0.8816684247890956,-1.4356489914201271,-1.500898410197074,-1.1251202754990473,-1.0493599641812834,-1.1492088139438252,-0.7809771059923099,-1.0700079648036684,-1.0946602241010297,-1.1746839000841824,-1.1230251728121612,-0.8017094930504838,-0.8278056545221271,-0.8036333105801174,-1.6388529207916334,-0.6162182603873482,-1.1919778847355684,-1.102613722090921,-0.7816144342836947,-0.8141943076429078,-1.4473980330954814,-1.1482573557220548,0.6611390604139814,-0.6843427551047833,0.7199508773473293,-0.43270869925306454,1.3835005044921578,-0.018860620447014875,1.1090195654096493,0.8599140571974315,0.8621498058523833,-2.3234635395897,0.9163914860641859,-0.8028323241479004,-0.692552466352386,-0.5866026527306905,-0.5999866571058905,-0.6220341920694645,-0.8900177385273613,-1.3162817706090864,-1.2679847373437394,-1.223046475617306,-1.2515660327799425,-1.311968199390888,-1.000504035319499,-0.9343913197106025,-0.7684679611051958,-0.8904970025608395,-0.9087529123049389,-0.9152667661383278,-0.7360496998939505,-0.8630637111861927,-0.6547062739252262,-0.4867926359736628,-0.6053045550691077,-0.8420986930345098,-0.9213311561460661,-1.0722958739797985,-1.1734152760239165,-0.3328560278903827,-1.0481977912387899,-1.1047009949321667,-1.0863098506480067,-1.0260613003270749,-0.7055258032710872,-0.6454287614877835,0.12128586497110071,-0.40038354145481103,-0.7009075556762074,-0.3864906183350225,-0.4811833254192268,-1.1188467878609816,-1.2417233537195875,-1.2040009799828315,-1.1879458492173496,-1.1185811058607182,-1.1067681857529192,-0.956260219769402,-0.8374678614503868,-0.8073882491484683,-0.758436763052492,-0.8167327365743086,-0.5727872852542519,-0.6288363712899294,-0.862662679104821,-0.4694517343007342,1.7385153736184895,1.5667220105664525,1.4925898028346536,1.4335677823104762,1.3320034547745134,1.2280353127122552,1.06358620503298,0.9199202652865297,0.7614953696981376,0.5869863849086739,0.38595497946727775,0.1453750036006519,-0.20517464133637428,-0.6922080325312301,-1.3108594943609693,0.18956961008949968,1.7374903206289811,1.444879723958782,1.4100350799358738,1.3938271804036189,1.2813475294553314,1.1544533461911275,1.0241866736356666,0.8677316491512642,0.6862911983933114,0.49748193166994614,0.4711390448706373,-0.060556057765236405,-0.3612851755014021,-0.07227373000967866,1.3020516472691868,1.9108786677044138,1.6823121674694634,1.5701422341744864,1.452410462101221,1.3527893808369227,1.2584056632919236,1.1505062238126962,1.0509156503799817,0.9450060997971557,0.8259096073252926,0.6895442185497245,0.5473928923455404,0.3448367170191895,0.09557600107042105,-0.35185838301085076,-1.0267768487043545,0.03298209613091031,1.9174753280447077,1.5023379937242993,1.4625636991666342,1.3504508937305417,1.2280618420873175,1.123210053309458,1.1075628645907503,-0.38223706189165746,-0.31931942539439434,-0.1037403237829109,-0.9099386732713771,-1.0691435447025595,-2.484413557409134,0.3448638953126141,0.5168430586377282,-0.05467125489961184,-1.2038203884743766,-1.0833254459952242,-1.3823144687417883,-0.8461655475153084,-1.0506122763540697,-0.9269026983378476,-1.096164404386347,-0.9749599618044834,-1.3840515619509692,-0.6932886330930108,-1.0650261123562956,-1.1740194250143348,-0.8820602212011837,-1.0579483001099967,-1.3621822380004684,-0.9867620904899005,-1.4928846491827046,-1.3533052443887843,-1.0030235266314655,-1.0105565451609877,-0.9354853658088879,-1.5458056792462624,-1.2722758087850867,-0.6185087627000334,-1.7665145851468909,-1.2647310830525627,-1.833885448459399,-1.03580120093458,-0.9712241142357378,-1.9270481817104426,-0.6268186459541197,-0.8535209154551185,-1.1975352390907288,-0.7765361119330147,-0.8722240946475969,-1.3539646182330487,-0.7745125748869797,-0.9164754729379081,-0.7740652655566692,-1.177468416629195,-1.7784248452423361,-0.9715318228161857,-0.9433849829619891,-1.0743196576485161,-1.022296085720615,-0.9268463115480258,-1.208776973894783,-0.9997989087900917,-1.0023522741863056,-0.9231306682745465,-0.8744671571646996,-1.3361783039161645,-1.3282382770332681,-0.004597759117570825,-0.0766255739347123,0.3106187543173745,0.21994166527569814
0.4608080444466003,0.7761819321667514,-2.3129923188697434,1.042858799538636,1.0480135046728176,1.0087244399139126,0.9990822851046148,1.001066388124187,1.0109505010462216,1.003301516784985,1.009442331429085,0.9893800872872774,1.0050782978895287,1.0003327739084715,0.9944078696633005,0.9894378628424277,0.979132908917581,0.972403656500621,0.9547382206253395,0.9558270934108006,1.0076991379826066,1.2011224547837585,1.0304947079042686,1.0388951505804611,1.0150829873298086,1.0013797417313366,1.0077624328552577,1.000431294123786,0.991181900760026,0.9878682175120266,-0.42397879821922485,0.9843103887470718,0.9123588213113929,0.8629672178914715,0.966020135326586,0.9230112471849593,1.0518353479250502,1.0718651446718181,1.0449315639676091,1.0511737236757956,1.0262096705004202,1.0230097120587585,1.007870353293484,1.0062149387127766,0.9987727499834449,0.9948728272492516,0.9743895364925451,0.9584048361679189,0.8823030053790947,0.7253563867225137,0.8824622235304664,1.0396039632642806,1.091536342199856,1.0432317139556464,1.022397003584176,1.0207437956628376,1.0230729241343124,1.3762802524953384,-1.1069993422288438,-1.2847406391682223,-0.43270869925306454,-2.3181404040389677,-1.8216890619351729,0.806244784090075,1.1525650494533042,1.2631754780362296,0.973811971524829,-0.6855527121707917,1.1644624465911522,1.1360792417314158,1.12960597849595,1.0595999157372773,1.0384786425874406,0.9815150650176229,0.9709635432732748,0.8991751853787423,0.7760783809959901,0.9954803368778027,0.22907885677237433,0.518915671895168,1.2480983588808585,1.2577868787540356,1.1849232602007542,1.0879036541982077,1.1045537616305614,1.1142213985034548,1.1266610039064042,1.0815867088663664,1.0711677069965055,1.0694691725384122,1.0131955664261887,1.065380202705091,1.0242287442109959,0.9294022914932372,0.7702192794891031,0.8211893556977337,0.9344093397432456,0.8871653284078203,0.37452298270885015,0.4523019468223783,0.35873582085713596,1.6839902707388277,1.5163154877880378,1.2125186837923685,1.0821115611348886,1.026657905149577,1.0662599484225903,1.048704206239071,1.0093870333887658,0.8009989265586542,0.7275793168167664,0.8586284831200317,0.4895549218563907,0.44988147785630245,0.762989491321032,1.1866465535344415,1.309697136636842,1.2991082133356218,1.2414418684487043,1.1859583273938554,1.0968667048605196,-1.7785278592863147,-1.9987759239729737,-2.0292803366988954,-1.8745781289642802,-1.6946987197396457,-1.4949658651106306,-1.299799515662931,-1.1489568400600503,-0.9766557998283347,-0.7673551977166893,-0.5864525778053482,-0.3738586711773748,-0.011136381100673678,0.36191153938176374,0.7456894746326475,0.9649715676287834,-0.039456054302777176,-2.429868034482353,-2.234537346895258,-1.8682466919121412,-1.612697690987828,-1.4111707186744433,-1.2369116278167782,-1.022292938881949,-0.8172755984579693,-0.6576924385572872,-0.27321786965695166,-0.08679741535975954,0.36492582879640095,0.6128768459703005,0.1699251684121586,-0.9817415559008135,-1.728382895486914,-1.89113913268959,-1.7610083870095252,-1.5992816314564893,-1.47353399315218,-1.3372573476474978,-1.2144376473763185,-1.0856005058327465,-0.94167143693534,-0.8224944704673398,-0.6952925159314844,-0.41486471064324837,-0.2284220246544897,0.06226188933371064,0.5379690746972412,1.0560731628610451,-0.8224383917500606,-2.0656791792036384,-1.8474142153801902,-1.6411670786590329,-1.425657354434869,-0.9370466163334721,-0.6697628412903041,-1.5584855280777545,0.11307173717478783,0.4683455583958401,-1.3305332567215604,2.0084532351369844,0.19165724361071132,0.2583026801669988,0.20234201714505612,0.7300535624280484,0.8616323650256806,0.8797561980890407,0.9044353962575941,0.9118899345731658,0.9218797131192225,0.9806757905377906,0.9519479520433055,0.9801909343961206,0.9699398080870021,0.978352925537877,0.9908637090489922,0.9713824403104752,1.009188833267951,1.0102700033934153,0.9942629563802181,1.0269958237355306,0.7646125490992972,0.8115006043788779,0.8102414324337169,0.9492890430468248,0.9027952163383617,0.8777411407299779,0.913162141009426,0.8698449213007795,0.894699473980269,1.0007905779715645,-0.19379722361923318,1.0333579769343142,0.8869572702614087,0.8380289371454137,0.9726232569983384,0.7699845370625155,0.7454465486799192,0.9298606763559667,0.8636131648074009,0.8967160684848017,0.9165439174205399,0.9223899301162432,0.9347160058711863,0.9290119644112146,0.9381089776607557,0.9398727925257034,0.9674218486373496,0.9504989772245425,0.9522747128502348,0.9355312487496247,0.960497491295497,1.120528027637814,0.7740267384414634,0.8641599743557254,0.9244100192509788,0.9443109707019451,0.9562908248312506,-0.8683643354691993,-0.34107475196040365,0.4177432113381837,-1.3610746025506497
0.9755180219348153,0.6018382196992385,1.2976664367465833,0.6787559241714624,-0.8322052550383771,-1.1633938800289374,-1.1148729269629019,-0.885381737920147,-0.8547107053237875,-0.7005240942964988,-0.7001180898035574,-0.8519301000107927,-0.7264629113631353,-0.638385897860624,-0.8260863385237187,-1.204881810423189,-0.9595778033180645,-0.8061456908755593,-0.7806940017495139,-0.6936233304994746,-1.0163253162225543,-0.730445676766584,-0.7011026124295379,-1.0368726547632794,-1.0192391369896892,-0.6698684517082868,-0.7486432376237144,-1.0292452482454821,-0.6465645294180412,-1.4662236741717614,-1.5071058060242135,-0.7928964262495697,-0.9288754932360741,-1.0941663793618785,-0.6109536398851168,-1.2011066839568132,-0.6412076241246393,-1.2990062389303374,-0.6939166731026427,-0.8807954025883181,-1.4174339274438494,-1.1506880756185671,-1.0700079648036684,-0.8826810214586928,-0.9959224525068072,-0.8515200577582531,-1.0757133040779416,-1.0281114163422855,-0.8036333105801174,-0.5172924107901107,-0.6162182603873482,-1.342489929764373,-1.229532701165627,-1.4396948189425842,-1.0063388464986784,-1.1404162671088018,-0.7864835818846379,0.48698129613570196,0.37557735434190853,0.2129033840809519,-0.19559044240969192,-0.2390789134975495,-0.5875896726068839,-1.1866218119964307,1.1525650494533042,0.7958252049039642,-0.2974548928600181,0.026665031334761898,-1.0652587364719792,-1.2355238766354502,-1.1606146641840027,-1.5707662848440986,-1.2108049055680083,-0.7170650994416543,-0.8164284082587937,-0.9552633353165622,-0.8476010769787564,-0.9811499881159462,-0.8943891011901183,-0.9076473136687324,-0.9051777588660878,-0.8462884033578523,-0.9727977530934332,-1.0149193623416712,-1.0461318214359463,-0.9609898639008384,-1.1760267248151675,-1.0794525107609036,-0.9121697776196137,-1.0936708418130037,-1.0238476581773235,-0.9014715647659601,-1.0021212785972191,-0.9371622040228782,-0.8220739687232823,-0.9655127058201133,-0.8984229656950274,-0.9414559167089487,-0.999969470850719,-0.9259289458028229,-0.8516155430227487,-0.6144658339358251,-1.0353926522560093,-1.3573517529579322,-1.3704146593453834,-0.8802868760410433,-0.7384708973609386,-0.8222131841033207,-0.9250833301719055,-0.8294479215370837,-1.0590963684513761,-0.8583815631379673,-0.8649907577631861,-0.9917540769275927,-1.1306792872164515,-0.9454249921568707,-1.1477320104329372,-1.050622262478887,-1.197329431394293,-1.3194169859326432,-0.8386020737125433,-0.12275082332662436,0.13377515350691974,0.34450120449617466,0.5246518607306464,0.6846807617645433,0.7892039229999459,0.9501883554828565,1.0190562072049543,1.1242340095907042,1.213350657647637,1.2834838018951151,1.371880938866452,1.423689179160372,1.4741623480980028,1.328039519726823,1.2855759553349497,-0.3418506571595542,-0.1693231198305349,0.20631643292264065,0.4040233295988848,0.6008176348079435,0.7598411087761678,0.866086859565183,0.9613199614796525,1.0792708055261822,1.1629861755552227,0.9261333826836522,1.3106203425762761,1.334956996883205,1.2713067824511448,0.8164149480130161,0.1270806617357593,0.18416216380593384,0.3747123629607045,0.5374696637171859,0.6593526044724067,0.7602187075400362,0.8621156032244384,0.9473072411097172,1.0220968838684164,1.0950684570505014,1.15698127805687,1.2428157828252258,1.320746784462453,1.3852139807299826,1.4642398374563885,1.3952785952634637,1.3759587089370577,-0.6319532078529051,0.0644957186241699,0.3634897561806696,0.5720853655545676,0.7613492721767097,-0.7171544432636171,-1.139261860945126,0.8456911462355973,-1.4458820547670521,-0.0136131833585338,0.46054152353746347,-1.0691435447025595,-1.5306665431863713,1.331328055709752,0.8362482964844181,0.6400328645039214,-0.1989033537895968,-0.5445180072440597,-0.40244275688648123,-0.09086296860994467,0.04594505931972963,-1.1700718666616998,-0.10523152889645562,-0.04290418975977736,0.11056802927897279,-0.36208587257613495,-0.041784445181043725,0.15576075146516571,0.26740756866988113,0.23896598517671405,0.6320653395591064,0.94010377133972,1.1132132441192018,0.493369807060996,0.29018625676052007,-0.8020437968144603,0.2820884217253425,0.5967434744960786,0.6853237152550242,0.7968944876617845,0.7817142253548166,-1.349127938478079,0.41963815239130464,-0.6354807811032381,1.2291247898598963,1.0312126873921172,0.7395748608851639,0.30002376431048816,0.6476356966660894,-1.660067331247471,0.34260535235281425,-0.1483587771714212,0.1340993699209241,0.3857600747997234,0.5225648082966512,0.4904366355054202,0.10028783905726252,0.38527097063649585,0.41859194942651634,0.39204625925148395,0.07710455941940834,0.5683384960617597,0.7537096103715992,-0.760332103118292,0.7521783455034347,0.5921401259699773,0.4030552421214299,0.5035489990651629,0.4895638650459013,3.8816438108080007,3.576406673653918,0.3737146627873172,1.049494473641889
0.33137047062369457,-0.48128385157269205,1.5347751689318427,-1.2848213628477623,0.9825219943196545,0.9734287369023472,0.9885931342383533,0.9926353371411535,0.9996367848656259,0.9942800263115119,1.0034908546006487,0.9940488327422861,1.011723578788846,1.0055684844532438,1.0215016057343604,1.0247124763919515,0.9981063300252264,1.0019899556152159,1.0279702595911255,1.1077885074404157,1.1882753905450387,0.9262774106774976,0.914302149322,0.9637354000478137,0.9753064214352986,0.9738760766397182,0.9860741431676585,0.9982869407163494,0.9928969409862226,1.016397631841944,1.4398200814711806,1.042171412109177,1.0168976357337534,1.0049482712014128,1.1001834861515003,0.8873163176014368,0.9038011723782262,0.935203947473435,0.9432526470399085,0.9579967606914854,0.9663994266170857,0.9831529888278561,0.984336971723784,0.9981975188525674,1.0071148052813315,1.0411915564649177,1.0469666575717607,1.039856391130972,1.0833275146831873,1.1463376047659986,1.017024578937532,0.7863151731703252,0.9313093359425287,0.944230572309185,0.960511896340876,0.9472462299731185,0.9746453272786068,1.0752806716037844,-0.24774383613545134,-1.2847406391682223,0.3954119350288925,-0.2931634428173223,-1.2529600097753038,0.8763614533803624,0.8599140571974315,-0.9154687577532092,0.5287373790625497,0.705457352191489,0.8569619609177316,0.9239645847183977,0.9244116363003642,0.9377671899659838,0.9857719188419112,0.999858220208327,1.0159839630753364,1.0285337412044917,1.0309877451682465,1.2171094799396398,0.8967321043529176,0.9196109482267117,1.4036564409256813,1.1492882173089993,1.0302460521307888,0.8495778593131699,0.8980351963730573,0.853571517262106,0.8417658505278209,0.8522869825813231,0.8833354096084812,0.931353947109167,0.9711798737687621,0.9792151775184611,1.0052036577346957,1.0161912440693586,1.3731575639672278,1.096364694780067,1.2571041280482744,1.3733267462038017,1.362602405295031,2.085274215212541,2.7014309955252727,1.0983710223573717,-0.38579538007567704,0.5742960272097559,0.7477747199407482,0.8624677589516772,0.859948006016399,0.9273336488705408,0.9914865976812972,1.0023973386055915,1.0613423363017613,1.1967422187434062,1.1755640265703289,1.284688487992886,1.3082438963999021,1.27579296944524,0.9310976535751777,0.5670654952949076,0.6571042167232914,0.8238785790265131,0.8586799628224995,0.5539453564609849,0.3643555872711388,0.04881147205023407,-0.1706773896657656,-0.4344180701509107,-0.6088277475932362,-0.9125066568004848,-1.1085129899206572,-1.3085777936692364,-1.4390418479413203,-1.6806262161375667,-1.8962445411533289,-2.0922935516439742,-2.3905012742545844,-2.328731647775466,-0.5598049081456066,0.7530699066769226,0.5152419073426522,0.1690368701599103,-0.17855768366195351,-0.41464758702096394,-0.6721889875435575,-0.9181499232114305,-1.0605507215164367,-1.2631346821973233,-1.5388804130323321,-0.7937764997655797,-1.965612359295848,-1.8855435119495083,-1.4322351761927543,-0.25529102720887303,0.3188936308507557,0.19513474595545624,-0.013841578650680064,-0.22360283286733712,-0.4143091038429833,-0.6312632243090649,-0.7829154175531712,-0.9325045243622977,-1.0631888528077227,-1.1997598166098227,-1.378967179546206,-1.5475759116421137,-1.697485722159985,-1.9669052326237328,-2.23137662509442,-2.621350540430219,-0.7843924601621758,0.8186148737481551,0.32151978958178223,-0.060842413711272476,-0.3670726533005791,-0.5891245181283624,-0.9303137722641411,-0.9626179391101182,1.121221077093954,-2.1926828180674813,0.1874591977812039,-2.1504990925393495,0.02928686102683113,0.704270513276419,0.794728130705912,-0.4147377765482144,0.4422716186604462,1.056227369168744,1.039412635119703,1.0415570959422695,1.0115299530403512,0.9757141305492477,1.0203286010767536,0.96707709248461,0.9813873949883727,0.9555962414340505,0.9383754826105785,0.9402710303856887,0.9030367885217739,0.8783726343289237,0.8096334271134413,0.6827416056300876,0.8128158588752692,1.024442292760418,1.0394894377652437,0.984719883549797,1.0494915920910173,0.9560344319056453,0.9105697191581738,0.9160153180826002,0.8621184155864196,0.8645116379633616,0.9824159028990186,0.1564608855577802,0.9507240722675782,0.7464773705008577,0.7149215751666036,0.816475841967027,0.8416199629231174,0.9008625151903568,1.0187612043762235,0.940701062718605,0.9383715293001424,0.938268356392219,0.9431106305127165,0.9391366315541501,0.9331073811455101,0.9287445305116876,0.9342443090787447,0.9547823578621011,0.9184237675498762,0.9345740927365622,0.899872977410102,0.8792103403928123,0.9766471480012145,0.9555465992959599,0.94364448970618,0.9638032095236425,0.951718111604866,0.9604300824965429,0.19110195155823484,-0.3599820234049782,-0.9691297146965043,-0.20630390389088502
-0.7166102576197182,1.1907657222224008,0.23468606267061087,-1.459984596110139,-0.7661309871300804,-1.365768317646276,-1.302066795019224,-1.6283155220283476,-1.071661882466219,-1.1975548493401933,-0.7753486092530901,-1.1517009306735753,-0.9692961010602144,-0.7891357364618372,-1.0891975390375364,-0.8123651749428464,-0.848299111899964,-1.0116173527885917,-0.9365812621880409,-0.6479774811391491,-1.2896328574688436,-0.8046499164050052,-0.6109546657613603,-1.588713457089222,-0.742327207853566,-0.8049470336118497,-0.9310931341938828,-1.0404964006221684,-0.5830839162050675,-1.4662236741717614,1.180606436081703,-0.8219843853233072,-0.7355127447687484,-0.5420019295774029,-0.44511687288058155,-1.3491239268692679,-1.0683649136433104,-0.6456487434517927,-0.8376512072347776,-0.8807954025883181,-1.00336639193311,-1.4412710557811343,-0.9417812623488288,-0.9241944222579084,-1.4757848994598282,-1.1460929263457262,-0.6586947455332121,-0.8676571043698736,-0.9509302933902514,-0.9636062098663314,-0.8321040194020948,-0.7528767046036997,-0.7818233663410694,-1.1217892576950637,-0.9202439605774955,-0.5912422851744934,-1.4219286508829634,0.8163370071165021,-0.006504122296729565,1.1606751711952512,0.5295502216044639,-0.547000637968436,-0.06575924665205067,-0.6159029011174966,0.700643630943682,0.9934805003725063,-1.0521966752048528,-0.36642677841640947,-0.9477482146456829,-0.9017505376672413,-0.8113234878732993,-0.8289366411897976,-0.8548312281595825,-1.3273237239564082,-1.1057758323354019,-1.1277627629151317,-1.1184420267808708,-1.1399008863372435,-0.938612098347981,-0.9683869068249463,-1.0609861471006434,-0.9190860551160022,-1.0226816315012581,-0.8189489370222676,-0.7573915431456055,-1.0467996008992082,-0.7255114718203755,-0.9670923972302715,-0.5522296506641999,-0.9655534225772027,-1.0711462373058984,-0.9938336753086849,-0.9047211192735265,-1.1550175892897239,-0.48510191676768105,-0.936407317949308,-0.8652378924163573,-0.968245431342305,-0.944044774643847,-0.7409892695216609,-0.3968062060142544,-0.38788736580888045,-0.6340283026602896,-0.6949825523272001,-0.9098312615596528,-1.2976526576094705,-1.335029315942266,-1.1211137587074897,-1.0816136812658077,-1.1013409673105878,-1.0013298469662923,-1.1053973414809648,-1.0797974124625398,-0.7546606988561041,-0.9095423272643619,-0.6100675579817432,-0.8013774564649452,-0.7635138855672512,-0.6973437670794737,-0.46285967467979433,-0.9342130681592784,1.073720558734497,0.9956652738007161,0.9796352905920274,1.0247154705734296,1.0199823671662958,1.024957044823018,0.9955423862139652,0.9816498410587771,0.9360555439882765,0.8875587751205422,0.8499482061452184,0.7937663607973066,0.676367472511756,0.5067694649334857,0.2384827925893048,-0.6083413440454836,0.47420825498568153,0.8873092090169054,0.9730577152737956,1.0200153873720894,1.0592796617944027,1.05400411164425,1.036298625872304,1.0135269433129457,0.9888384294023229,0.972602122066357,-0.6891733758746502,0.8327969253564674,0.7150435084643211,0.6512494785359111,0.7857467580760759,1.059396533737486,1.0321170032596556,0.9833554083883618,1.0090363433221372,0.9924604775845051,0.9750821429839386,0.9705623076441366,0.9758316872066516,0.9718057900536894,0.9449501765549622,0.9043719291174699,0.862872187396763,0.773674022853267,0.7053201913578456,0.5381840460238942,0.3017659109478507,-0.6181998702186948,0.8830755899341747,0.9759344301575914,1.0587132740397027,1.0715334411706596,1.0515863207623197,1.1107718672388496,1.1011915304531954,0.31102342804439986,-1.711665079978822,0.2518044024918193,-2.770779302173336,-0.892335740761152,-1.1006791033294308,-1.151690710556216,-0.20098807782838,-0.09695306688071496,-0.79672074262611,-1.0833254459952242,-1.476496541832801,-1.3067237281698334,-1.1310942301829834,-0.7692434206373318,-1.2352352580546255,-1.1663308787645645,-1.212084378181192,-1.4101727663243806,-1.0245179442380243,-0.9406412811914476,-1.4370681041137776,-1.6824532457446328,-1.9598063875835308,-0.8882694282366274,-0.9199712930709735,-0.959260857880413,-1.1618848332917668,-0.9386559147097855,-1.205421032735964,-1.1845522988596187,-0.9038720819605589,-1.2852054076886157,-1.6214240649075602,-0.7136495276272072,-0.668578677801542,-0.8583262648843909,-0.7190946857764403,-0.7658856898720678,-0.844019173161844,-0.8777955106955543,-1.1266645584408859,-1.0420637757113715,-1.1180183060700417,-1.0103383802050458,-1.268960565341903,-1.10677900041598,-0.8789691243636659,-0.8512861382687895,-0.9771305317717899,-0.8652710234050424,-1.138988350766421,-0.7549650023026426,-1.077291434006048,-0.8383685482073722,-0.834483894383913,-0.7556418582861699,-1.5391430737496752,-0.5720576052838409,-0.9180136859627658,-0.828232312152578,-1.0137103086663293,0.026674484992718808,-0.5458997343400781,-0.2902231378720744,0.34688951150331926
1.1771926414100395,0.4748609741189229,-0.9996932903360227,0.28630048262796187,1.035184196827388,1.0070561098773338,0.9877083786485581,0.9897720148814978,1.004609883934266,0.9999782272889827,1.0032871713544973,0.9826605568520111,0.998142851672203,1.0196334321077178,0.986893375265702,0.9831178548245747,1.0245988711304477,1.0244677584931459,1.0399736494111091,0.9244504690683767,0.9160968935427882,1.1390553936834857,0.9616003503025421,0.9871622026046979,0.9992848445679986,0.9924792716147505,0.985442579632656,1.0094204002882032,0.9993160893837564,0.9618456782643708,0.04951161451327759,0.9427389527376671,1.0011829500144354,0.9843798594957007,0.9187071266786115,0.9161070434632462,0.9894551158663795,1.0083963017952373,1.015763079513316,1.0286952371695137,1.0235611244179488,1.0154708096316623,1.0222002001683956,1.0291483447388703,1.0319182632748456,0.9958492777689899,0.9737010102392083,1.0455111492134659,0.921513502634951,0.8853213751537236,0.9309825479870579,0.9660255840791754,0.9382260466828264,0.9394627441462191,0.9626986702827026,1.0073120237932078,1.0040182735974894,1.2693819488629152,0.1396430387258758,0.9460349911942001,1.0036023102367826,-0.7952553882452061,-1.0698701495063818,0.3222769131523289,0.8599140571974315,1.512926093423162,-0.6809490269516373,-1.393399914825263,1.0176778401985787,1.0492203388479895,1.1703031319828558,1.0702863932190647,1.069593668430478,1.023334520653924,1.0614053505008134,1.0864765505660283,1.0907743971345045,0.8800670627141657,0.9593797557818993,0.7917984676888364,1.0155126540849497,1.0741036138283302,1.144365097889689,0.6630523425250222,0.7891715815405975,0.8218843434959375,1.10057610641295,1.0458104281048077,1.031226761534996,1.0481119917663972,1.014619674105207,1.0379742767509448,1.0282245801802532,1.0257132659332715,1.3251190745331165,1.0172989572372657,1.0748370389248225,1.0966411573800114,0.9995270601651085,1.2822091038936634,1.4584789310182538,0.9868328358753788,1.20332112376976,0.9979656822762232,0.9804972562327645,0.9855001639834721,0.983224653497269,0.980486005307467,0.97826230599036,0.9006778822330739,0.8596918649659927,0.9468819176059204,0.62641864922976,0.4816672379018336,0.3307774846873751,0.680306628479173,1.1139688092507902,1.2662080215051932,1.127437189235346,1.044298985498501,1.0605211508195362,-1.129622838110479,-1.1218130954216066,-1.0383177053987112,-1.1263988279431827,-1.0970360519876508,-1.1544168036843783,-1.1014173280341224,-1.080447520913917,-1.0411210640573156,-0.9112289525440994,-0.8710224282265405,-0.7729065677808882,-0.6175571313092186,-0.39218532578350235,-0.05680805372746533,-0.0985496412678117,-2.673224226597762,-0.9188048565949688,-0.8713534574049092,-0.9465489405136895,-0.9605533038389287,-0.9315395913978711,-0.9166472069732686,-0.8183718657967565,-0.7814429476030793,-0.6877153576392592,0.1670089059563815,-0.3609893355588327,-0.02072991794342479,0.15064555179326702,-0.3872358581876428,-0.8694717587286067,-1.0000611462125426,-1.130630962230324,-1.1052725524734297,-1.2195019579484383,-1.1656798406511177,-1.1526329320166118,-1.0785246591805215,-1.0744438345499565,-1.0691650748578354,-0.9671374513963453,-0.9359717195169078,-0.8501629233096196,-0.7502237820707368,-0.5384961638581645,-0.20070079455092765,-0.240367995602923,-1.6514694066290836,-0.771684468375935,-0.906306853476111,-1.037122980351454,-1.006866279566484,-1.0493032425873245,-1.2794720296039557,-0.6994389194806422,1.0062824789297677,-0.8923673618656833,1.3723700141939417,1.2690785829955733,0.9995695934318357,-0.5603091413994624,0.07134761710036115,0.2086399854279419,0.9350506962837009,0.9447747291233629,0.9466437349412425,0.9370628615058784,0.9336803402987492,0.9919574507039148,0.9557510321522437,0.9806701337059253,0.9623766862652918,0.968909509223241,0.9695615179434655,0.9387889006188728,0.9740369143474621,0.9567017693708397,0.9178260588917773,0.8182125728526513,0.8158821805206611,0.9101153701851018,0.8861985511836081,0.990856955412359,0.9186484874100515,0.9031816353970356,0.9141560488934154,0.8883819624068466,0.8936464110344468,0.9710761347564525,-0.7868428279086327,0.9834293089820985,0.8875598566781826,0.8522004194173354,0.9080973826732184,0.8228364098397793,0.8051080119264495,0.9468657910679759,0.8907215294863127,0.8974836460023977,0.9141122006063002,0.9260918236917824,0.9403648832369855,0.9319877494926697,0.9397322463183161,0.9322414336848459,0.9446829448072721,0.9588138630761361,0.9158152227267954,0.893749984411781,0.8782524095965943,1.0049222810148923,0.7940259227082374,0.885116123785518,0.9300807629140296,0.9529444009573883,0.9558834277170826,-1.2403683515511574,-0.2117517589407072,0.14528517700036334,0.10148923288193758
-1.0990718063572222,0.4748609741189229,0.4975987470093547,-0.021444730107692378,-0.6831036781676091,-0.6419693101266826,-0.7324725844277598,-1.1117392673991442,-1.2561033645381063,-0.7244434946838438,-1.5598170680159889,-0.8738681432020946,-0.782640378066712,-1.086698865977886,-0.7928478274469951,-1.508680278300679,-0.9818854003344878,-1.2493823572018814,-0.7895146529724926,-1.1775968065503424,-0.6310181715312082,-0.774444406779298,-0.6109546657613603,-0.9441910626869205,-1.21317437304122,-0.5858830946065338,-1.0495767833989669,-0.9645819893206801,-1.0886862173282044,-0.6327456308044616,0.21655124140064944,-0.9851335377750087,-1.6164241930631913,-0.956795423676418,-0.7181253788590494,-1.0265574117032323,-0.701080835866494,-1.0884723182038525,-0.8376512072347776,-0.9191302175532456,-1.4174339274438494,-1.4412710557811343,-0.7071167800387305,-0.9241944222579084,-0.5848556378273344,-1.4175980413996343,-1.1290799544092163,-1.2757096447704874,-0.5397635250072298,-0.6719130589452433,-0.6743506359990549,-0.7428336224844898,-1.229532701165627,-0.9752839356050311,0.0,-1.3151881827290464,-1.1042061163838006,-1.8511101793548894,0.37557735434190853,0.002983619352223556,0.9266388140409906,-0.35052777320816136,1.225306411548477,-2.328059633754299,-0.9880676737281805,-2.168968928481816,0.5903178374332098,0.5067261768903628,-1.0060356290637376,-1.09990832110417,-0.974787282020158,-0.9290135316501215,-0.82733197532138,-0.8950125551040045,-1.0131757715300413,-1.2267377994045428,-1.0401272341156604,-1.0677348673407578,-1.0629493831337162,-0.9430552425735668,-1.0119180001907544,-1.059836604718913,-1.0238973909540587,-0.9575455554996596,-0.963780260685986,-1.0879841018458045,-1.0622401493565214,-0.9674408950384229,-1.0134630732448358,-1.0114091450031522,-0.949045391350604,-1.0760965704729188,-1.254100796030036,-0.9726393016764578,0.49504014133769114,-0.9514509064520908,-0.9645113084378814,-0.9057642385869826,-0.961460781472194,-0.9464973402905695,-0.44069717970998085,-0.35555243639806333,-0.8926032657011128,-0.9553738007197059,-0.8446109411859846,-1.2012973319801339,-1.1922690708439945,-1.0039940381127253,-1.132163754320109,-1.068417255733519,-0.9756988464660266,-0.973456839844161,-0.8882192009514951,-0.8924490539306291,-1.0669066963589484,-0.6613985329551009,-0.8315017821108271,-0.7758556577533722,-1.0161519362854108,-0.9680643856293946,-1.157211628194445,0.9787754007952759,0.9857898607899426,1.0179002478284789,1.0371676717118716,1.0312486157402674,1.0108760481798342,1.02221480771237,0.9927842349599288,0.968410734925724,0.913936187882095,0.8570410544566847,0.7908125514610723,0.7065793915461333,0.5293053449188998,0.2468015719135422,-0.6267582360112384,0.4887988181274115,0.8915027214332365,0.9743109975850596,1.0354478126704418,1.0525275673682053,1.0512550523289912,1.0368301328697258,1.0236936707881918,0.9977639410614797,0.9691089658886112,0.7032039854416893,0.8390364989523812,0.7130433642226063,0.6504860080829218,0.8096895441916842,1.0475285172498194,1.0176714299930154,1.011325588462232,1.0106829104761734,1.0197713767173333,0.9915208867605195,0.998092933871212,0.9888692539976061,0.9690077515022996,0.960258582882842,0.9117202264795883,0.872452615775151,0.8019708791616895,0.7387944294957439,0.5572335163416872,0.30141683987121837,-0.6801421730855257,0.8875123908324175,0.9882835983983365,1.0649248422574662,1.060873051300917,1.0738279270025082,1.1091169832904817,1.1033104450524034,-1.0814275065616588,0.8295630900592398,1.192231320994092,-0.1842573481206979,-2.7167891532966455,-0.1279190682012924,0.47930443646539245,-0.4147377765482144,-1.6793824438817004,-1.1912975223667526,-0.8056867984686423,-0.9492080985389518,-1.3869189183454562,-1.6102964641834074,-1.4723484299647112,-1.2135042948310966,-1.62182718115509,-0.8448977453302597,-0.8916675234322974,-1.1113932510800524,-1.3062049536784683,-0.8638055452318026,-0.9114753071579191,-1.7983055403590076,-1.0036165349429884,-1.375275645953528,-0.9117712088035992,-1.0399058315430236,-0.730141140135517,-0.9392135486153481,-0.604011869042933,-0.8128170137893496,-1.06136138995912,-0.9006152655288433,-1.2511202621105963,1.647098935763595,-1.2547558857576937,-1.1888326336593595,-0.8461927445280978,-1.3523385737289504,-0.6252991849971008,-0.6963544150451093,-0.7096837747242585,-1.2075795524014399,-0.9743980965566857,-1.1468620286032223,-0.9189985355943716,-1.0239787881780564,-0.6617198119941418,-0.9139006167941375,-1.2522650761247982,-1.261344201332101,-1.1191401181451155,-1.745216175342198,-1.0395838528078725,-0.7823997234352472,-0.6744880503226608,-1.0800734351588652,-1.0292541833996003,-0.7372871565008723,-1.1655784706270762,-0.9417606968411086,-0.29694648766550213,-1.5775691918646684,-0.014920842001059196,-1.9142680179448537
-1.2806530174712292,1.473106619303308,-0.3944654471337034,1.2419319026323765,1.0415772319611125,1.0043892445285378,0.9752407784176731,0.9930179699125814,1.000200613282073,0.999825972664037,1.0032154151113095,0.9939290273089914,1.006410986947586,1.0139398774199597,0.9977578057478969,1.0031326679011614,1.0134144777217922,1.014043461631554,1.0324760496758443,1.0113920846906455,1.0412546358469523,1.0804542492655633,0.9241799488789062,0.9880610584253827,0.9877063901009135,0.9923320207731741,0.9966012506359062,1.0051371952653367,1.0054214867758602,1.0032019439862545,0.49469433568183463,1.0196932180913705,1.0153493045363562,1.003169061234603,1.0523896608957113,0.876955365051822,0.8745315211874223,0.9551499334879147,0.9463134456247795,0.9906999079021664,0.9850399554837196,0.9901233190643348,0.9897196996995968,1.0043748843557347,1.0112955705925604,0.9994558100706711,1.001292792671614,1.024960996189965,0.9623542534774226,0.8929652300588936,0.695792718153215,0.8367451344956305,0.976430051799772,0.9717429000476832,0.9787597186928277,1.0073154623594136,1.012474838779945,-1.3101267515518116,-0.006504122296729565,-1.1062016834621722,1.1559992981349985,0.7276296275485555,-0.28587054062192524,-2.328059633754299,-0.4317697412805271,0.908431347457659,0.9236438429407878,-0.8799133466208364,0.7306369613423018,0.8571570038454458,0.976747834336877,0.9759186688503544,0.9952583299955596,0.9743607129136284,0.9987873568152758,1.0156008430472303,1.0093656693839166,1.1475296524804384,0.8278804657073446,0.8763166485038569,1.585529173637701,1.4259718632031926,1.295754713969469,0.7955958587002906,0.910315394745083,0.8738769066266854,1.034504758009709,0.9467459084115426,0.9910986046165768,1.0041696250333003,0.9771700440650603,1.0106498687220435,1.0251915453342517,0.9677529686184946,-0.48510191676768105,0.9759670320015253,1.130452267788173,1.1919368197786109,0.9913551838525746,1.5349001776283502,1.5711170196088353,-0.430226750300759,0.47620257721300124,0.9125241474076706,0.961059453502625,0.9658308931138063,1.006762281296917,1.0590933744103945,1.0891540614471038,1.0081604887934243,1.0263066389203523,1.2095799828179787,1.046489338136161,1.0056675423755905,0.9288088715737995,1.0491630841269155,1.008999900117618,0.8471188212775256,0.8842522063179675,0.947314087052602,0.9424932053514952,-0.17396270117667703,-0.23241879827795786,-0.3969355477336818,-0.5138237638145268,-0.6456316049528881,-0.7623850378083559,-0.9192089828872024,-0.9794107544969537,-1.0424065163743377,-1.019908451497286,-1.2005037897405242,-1.187512581766407,-1.045997475622837,-0.9505267084708877,-0.6972899034586951,-0.8046332645110138,-0.24527999545221746,-0.020452928344128315,-0.27938131930510124,-0.576309628028635,-0.7419540863276627,-0.8393857947933973,-0.9801963830825885,-0.9996610636946962,-1.0628086605274503,-1.2089641588526172,-1.2495995884249305,-1.2829813478117127,-1.1815911182726913,-1.2349848024890628,-1.3685678348783947,-0.5587311616097825,-0.4425569524148134,-0.48887255419878495,-0.5828155903795662,-0.6962871905321725,-0.7909012546432395,-0.8569454247013981,-0.8699682913285497,-0.9324116814134902,-0.9619131649622648,-1.0515415879567052,-1.095329855396074,-1.088125534641012,-1.1279597543348956,-1.0906058863717634,-0.8367130149726775,-0.9716635935591069,-0.14444225941693867,-0.21650929666813734,-0.5645076619778122,-0.7697538987483611,-0.8780097095261687,-0.8946692529958863,-0.8171106258024062,-3.6286103030729975,0.4307746986929917,0.6525160765576018,-1.4248177673886706,-0.1663127339550488,1.2223010917477777,-0.5603091413994624,0.14037844362778587,0.7395408350012712,0.9911794117488594,1.0059938471144367,1.00337062777449,0.9842989991323873,0.9620078295651566,1.0138273355856604,0.9664283798851718,0.9865858280510873,0.9646094562387508,0.9625057138087584,0.9556967898878475,0.930916658274398,0.9387531095733331,0.905845802866387,0.8378830537115795,0.8516318658050411,0.959772749431546,0.985262056041615,0.9210256049137507,1.011004525832498,0.9454884441374117,0.9080900215386289,0.9013738123586543,0.8858985357241208,0.8841809834015385,0.9591023852288055,-0.7398424196463207,1.0204188992148289,0.8144354913738222,0.7381993841309371,0.8185324586615655,0.7417812482614086,0.901169417625161,0.9940727143199503,0.9227282842994301,0.9296766773046085,0.9309272807702219,0.9326487524563066,0.9416608245451329,0.9365605935673441,0.9365076730614359,0.9308572981295554,0.9514173602751735,0.9377969669507559,0.9221687298390279,0.8963574780296938,0.8974651986837445,1.0331163519345758,0.8629105957095484,0.8884624703087848,0.9433626521106501,0.9594565226191051,0.9631516229046452,-0.5529060806056811,0.3272211988383381,-2.5098487132187595,-1.1829861002285602
-2.408738537174252,-1.7387496353121354,-0.44437384249249506,-0.3717711966324463,-0.8187315701600103,-0.7534069088827156,-0.705980017710865,-0.918112762282123,-0.8116375139629083,-0.8934556228005058,-1.0778009686081722,-0.933765694631364,-0.7754747522353618,-0.8448059633340854,-0.8087274731156053,-0.8936800171530416,-0.8698225108382177,-0.642560225208338,-0.7895146529724926,-1.0181655033182502,-1.1215066366917161,-0.996380681849413,-0.8413707128728874,-0.9668590468812097,-1.3598807156944912,-1.5589327594763769,-1.0045964123987297,-1.2813862877100146,-0.9532880445157056,-0.9099573901281166,-2.02597827953671,-1.071801744540173,-1.2767881720819003,-1.5687578436119793,-0.9030362945425789,-0.8192579825902,-1.4356489914201271,-0.6062351475584532,-0.9351135566242318,-0.9517014766116787,-0.5996112536544115,-1.07964481500082,-1.0019818120776203,-1.4815174272327472,-1.0450067580406204,-0.9229352443772938,-1.150510989650415,-1.323209889386064,-1.0541029505128148,-0.934920885284357,-1.0338338780833702,-1.0291229313821872,-0.7540604995037024,-1.5862001410326168,-1.0063388464986784,-0.8334345011221223,-1.0524122332991475,0.12015563261090377,-1.9309851360595027,1.29866921786655,0.7497297635310499,-0.13938451130160381,-2.3904181140950422,0.729596611298584,-0.5163287478896559,1.0327582402237392,1.3140798642720357,1.3393386788491717,-0.7015506332145323,-0.7163383487772224,-0.6832636852172383,-0.580977014437822,-0.5391321013968114,-0.743983065744993,-1.358870362422152,-1.4475992515991547,-1.1766609056859414,-1.1825769164082358,-1.2248446425859707,-1.2373497452270439,-0.887508156202808,-0.8761225994685713,-0.8364944338222262,-0.9879610035757012,-0.9208603505837112,-0.8374445246787384,-0.7141052979040139,-0.767087624565246,-0.6580608704582357,-0.682188141320301,-0.7314612424470399,-0.8857502169782616,-0.8293683606854979,-0.9738407492355233,1.1409042459840553,-1.0315601339270832,-0.9621673438397906,-0.9100931419003405,-0.7357464068489026,-0.6640207988851732,-0.41983345044682396,0.030087472983271163,-0.34157851889381396,-0.5638649611127575,-0.4546996194521966,-0.7768746812051979,-1.6476993916873603,-1.07850732324008,-1.3045092251108323,-1.1632535111948688,-1.1392689538317156,-1.0735373848009453,-0.9817477726240292,-1.072543342016698,-0.8096589346949189,-0.843735978834328,-0.7245186781209961,-0.5870885694001879,-0.7577566667917868,-0.5953695232555049,-0.7419598654259291,1.6780180785371588,1.5067601058750697,1.457210448856813,1.364838384352102,1.2427749045582481,1.1246762178403258,0.9899198961262914,0.8360199089341029,0.6784754796662501,0.4695653787194148,0.25471951156611056,-0.04407661558757071,-0.46976081243807655,-1.134888554602841,-2.7202707708965934,0.2568631040589603,1.8475487552038885,1.517982749312867,1.505922750432777,1.4769332307760448,1.3772263793525152,1.2663561687307032,1.1314240784026708,1.0115636878252465,0.8805772623597472,0.7114861422427251,-0.08660802867752133,0.3119526077790431,0.174210441601785,0.4079542794598724,1.4515497997826476,1.8723798755129286,1.614504560464312,1.4735914655131856,1.3694553716274414,1.2515840981145387,1.161689680101436,1.0653326062370212,0.9617141384858519,0.846050358630702,0.7288306966825604,0.5781420285611767,0.42004747733281245,0.12126559445214997,-0.19278640100607108,-0.7456329742819641,-1.839986657105265,0.19034483443309383,2.127004296486024,1.5998483901524052,1.534566556963187,1.4465629131183952,1.3703537704819118,1.1355059180523983,1.1265330432138687,1.0647180610628673,0.5307672333064621,0.8238902846705706,0.8628103775163017,-0.47189241973743634,0.3077023663919842,0.44283459910072387,-1.4135442827809128,-1.303459672074357,-1.0868079836084943,-0.7275132066391309,-1.0218682175634466,-0.8329724523312287,-0.8100061021119643,-0.8983187942624009,-1.4910064869977282,-1.1198136288664091,-0.8638598951323353,-0.9516872833007942,-0.8051752884248138,-1.205012338519715,-1.2112591299448399,-0.8141793234268195,-1.9598063875835308,-0.8518373420830802,-0.9900589501461171,-1.2384768794881396,-1.2063765184759225,-0.7270327659065245,-1.1942346673443647,-0.7227085881424545,-1.0335267310243552,-1.2433159117987076,-0.7789744495483173,-0.8970046661506581,-0.8387122814508087,-0.5826103599525576,-0.8067950504388807,-0.8410523050432602,-0.6883770983482872,-0.58665778960548,-1.9355045656164325,-0.9874642808614796,-1.0838257564885034,-0.9515581465139562,-1.2413618753678266,-1.2226435289600395,-0.9453476723650507,-1.2892708424742472,-0.6523097187944517,-0.8002382236445409,-1.0454450028818647,-1.4750150211503064,-0.9432335073920337,-1.5768353362029695,-1.2474430877810965,-0.6314352965351806,-1.1367511660675298,-1.2518835606172372,-1.5321511930717735,-0.8033130328203676,-1.1626080338484397,-0.004597759117570825,-0.17098887220168701,-0.8037961373794928,-1.1829861002285602
-0.3215323058898019,-0.11406652840424,1.2976664367465833,-2.548197995587832,0.9933948795393105,0.986575839805275,1.0087812317578144,1.0038697420285767,1.0108678051491395,0.996484717752148,1.008399500165538,0.9908059587610641,1.0075285588194536,0.9926915136965277,1.0033128531449178,1.0024445713019392,0.9514067225885983,0.9434173986470459,0.9193394506622351,0.9900094343679201,1.057593708549732,1.0930492646441003,1.0736508861891452,1.0395936920819235,1.0306362583743451,1.0049262471780496,0.9969173637586782,0.9916781153351747,0.9823097861484225,0.983575611998074,0.23503550755881447,0.9715884661376659,0.9206156993444851,0.8888480086800958,0.9502039969975019,1.0629692441243366,1.1082307417760602,1.077429242790777,1.058542393111668,1.0365941965359855,1.0208061472507326,1.0174329595672666,0.9968940888744726,0.9897876220420296,0.9762265096351164,1.0044082610557425,0.9920529983484787,0.902586475550365,0.9614598096736975,0.9156897468357843,0.9221235848838197,1.0913791157384154,1.0994510722676392,1.0660593921134485,1.0369462242275977,1.002892728585095,1.0059831562456774,0.48698129613570196,1.0160278701610903,-1.2847406391682223,-0.19559044240969192,0.2121969744671035,1.0716988576676878,0.13854646145688332,-1.7234535397584856,0.6220313123229717,0.5903178374332098,-2.5856788038864176,1.2976767478117102,1.1909263807929586,1.0809056010924216,1.0334802800743315,1.0342132195503293,0.9915974240497636,0.9323949589793905,0.8790075947267217,0.823824443020731,0.8906780957804504,0.6850826046325967,0.9088785719415119,0.6028698019293538,0.7511111102666529,0.8904222417553265,1.2443107777463231,1.1811257604519554,1.1896306681105162,1.0623001986346388,1.0897837203415066,1.0512259107318878,1.0444132980166634,1.0330156465740148,1.0089290182585033,0.9941789056879669,0.9792505001170144,-0.16969105694462078,0.9121212110867566,0.83158258976048,0.7455312251792311,0.6008865904491186,-0.3573996251924419,-0.24321838432586926,1.8226833888463745,1.5959679895811942,1.213744634545971,1.0830970537185032,1.0342827899995741,1.0046268289637947,0.9727819994491888,0.9111799685744799,0.9102050194328835,0.8610375013731875,0.7062348420175524,0.7461439350834609,0.7591760970567767,0.9359266841713066,1.1284362890144222,1.2515662067255635,1.3310871807205584,1.2642420952073952,1.169766016941214,1.0957489222061003,-1.4503910998713567,-1.818158349955156,-1.9978374382713917,-1.8824336624140865,-1.6910793524231194,-1.5329791971266198,-1.3061378096878196,-1.1345531264486595,-0.9807655023085532,-0.7984429306389532,-0.5943181483088545,-0.3462964567422107,-0.05531223033175894,0.300060532536043,0.6987231696455747,1.0236426126341938,0.13217580632733017,-2.0275710548897425,-2.2201583959213975,-1.8815982552828987,-1.6661418865474362,-1.4802544755068314,-1.2713242096778652,-1.1185297652890174,-0.876912557285086,-0.6573951892679334,-2.4055910544159267,-0.08137982900129727,0.29701023881537575,0.5881702073568496,0.2838780675687945,-1.0183616016556347,-1.7680518920588877,-1.7931180597141407,-1.7630225210359032,-1.5963126678137787,-1.4263424144735923,-1.3535431294897433,-1.2602506386778776,-1.1284391242129441,-1.022027627987129,-0.8350759382767555,-0.696661601498059,-0.4859745499408466,-0.2737683910835872,0.10225475040653897,0.5319626626233133,1.0878024175388763,-0.7605869664631754,-2.162321775857256,-1.8525828489419094,-1.563722740894579,-1.4165890338678437,-1.1124289077259661,-0.8995709944605642,0.9886972684335844,-1.9716029449259675,0.6525160765576018,-1.3305332567215604,-1.4415509436258473,1.283672638113074,-0.16522655015907842,-0.83466698625557,0.5274213330241312,0.8547871227895376,0.8742197406178641,0.9112145974942814,0.9201420226824809,0.9208732699926244,0.979784481072218,0.9453441100647455,0.9769664080847111,0.9686994514477127,0.9709049273942287,0.9916573791367748,0.9761820622136476,0.9971439128723246,0.991556726150196,0.9799887442890048,1.0803542743949346,0.7642677414100757,0.7713292705277448,0.8363516484360632,0.9564883925118133,0.8972646683819777,0.8763261776125431,0.9000241736079039,0.8692251363120221,0.8688504544630183,0.9782080599528507,0.5718535814710606,1.0402655623646946,0.8357850168112118,0.8875834961677816,0.905553059397715,0.8407896905214939,0.8574374651932688,0.9330614368552423,0.8813482714142843,0.8863668709783832,0.9066766560582408,0.918344452111506,0.928032835043867,0.9243439215828683,0.9305987088872997,0.9453200381034409,0.9657798505838843,0.93833950538382,0.9642874479167787,0.9526997360745422,0.9920553874985754,1.0944234056382116,0.8650363246275767,0.9192518752166078,0.941623241929835,0.9287247848508894,0.93938143772172,-0.4963603193872412,-0.2117517589407072,-0.2902231378720744,1.2078760636703458
0.33137047062369457,0.6211307411464098,0.23468606267061087,0.0,-1.5000653516794242,-0.8931075439029754,-1.4436734896498213,-0.7335734328618148,-0.8750483472860245,-0.961283382580518,-0.9549123493058245,-1.1736389738648771,-0.782640378066712,-1.5124154599234543,-0.789080564761384,-0.9010833425456994,-1.5058618438093188,-1.2043685680713077,-0.8341458280486462,-1.5477848287294436,-0.4895188580236406,-1.0689530051054559,-0.5437964694166401,-1.0368726547632794,-0.8253039009381582,-0.8049470336118497,-1.0045964123987297,-1.0404964006221684,-0.8843685267092245,-0.8008134900600333,0.3835908682880207,-0.9103795353939603,-1.1527488894783888,-0.49380384102126307,-1.085114587267813,-0.7692837954279538,-1.2265455560953904,-0.6120084831068211,-1.0707150836670742,-1.1159958530103504,-0.9287470574038039,0.0,-1.4764769947677698,-0.6807935065647327,-0.9959224525068072,-0.998467064430465,-0.7483428427192091,-0.7021082591130157,-0.8817765276862206,-0.9488414608957132,-1.8430454496316448,-0.8516316647686435,-1.1667787778205263,-1.0440660282516063,-1.0798311364958209,-1.1404162671088018,-0.6888245528850868,1.2975101861598404,-0.4836781517514841,-1.1062016834621722,-0.5279308967715007,-0.2931634428173223,-0.5875896726068839,-0.43217244942205096,0.12452819116712653,0.9934805003725063,-0.08555786071553603,1.2530099003916235,-0.9296183695050061,-0.9647487616495035,-0.9904872844124244,-0.8306260450317536,-0.8636695784934681,-1.3858364129954461,-1.1444561721745599,-1.1778101237132403,-0.9700617628377823,-0.967343902003318,-1.1191123329797195,-0.9623439624197639,-1.1372353504673223,-1.1335427815603527,-1.0699025814361258,-1.0343530390012503,-1.0603807333443485,-0.9049520548426891,-0.9908400510042268,-0.8908911327947878,-0.9490389119932336,-0.8879465922156177,-1.1030809599655467,-1.1830545060877196,-1.0673666456467374,-1.063784115882945,1.0253266608439313,-1.0118931072775679,-1.0119988247915628,-1.010922638393159,-0.8664236349677356,-0.7153668812736039,-0.473059680868005,-0.3601705835639794,-0.6038159272238279,-0.7550368919699637,-1.0948354688179889,-1.0449260114366443,-0.8926115746040149,-1.1309555503597073,-1.093708292983875,-1.1262728836522056,-1.0268375759594457,-0.972093133461162,-1.0138503480865926,-0.9138270780147676,-0.9240642359913424,-1.0083767122378513,-0.8963225747866187,-0.7833869844059438,-0.9676309451213577,-0.7433588780527021,-0.6486884333764146,0.9982436236304296,0.9725360581256304,0.9934445286853675,1.0121776290780187,1.0097841685341011,1.000707842041424,1.0002675826046104,0.9686598931199835,0.9277510318984984,0.8818430400217823,0.8390019011026132,0.7639920445741234,0.6384523384803015,0.4688554257250207,0.2197616988656223,-0.4653690049697727,0.476960600661328,0.8830587219327964,0.9548827418277991,0.9873753734395485,1.0129144638772267,1.0087028628531054,0.9957315280841924,0.9952236873039584,0.9822449511834956,0.9402652458726126,0.36338683533777955,0.8460245918927953,0.7512715374709219,0.7564207517947718,0.9907828592551051,1.1491430476006967,1.0620795012994895,0.9851358145736727,1.0027423452663795,0.9836690961344433,0.9770563758726722,0.9760982549846949,0.9575357769966288,0.924885640872183,0.9116926087400424,0.883671625715564,0.8450288103527319,0.7727393832468964,0.6991885825406244,0.5499952800157242,0.29886854647219396,-0.3407829041426288,0.9482798826963641,0.9561686821357014,1.0171434345378063,1.0262633112174024,1.039369803796417,-0.852124329353388,-0.5442890495642283,0.12434655143316474,-0.37704945048485167,0.11767014102461826,0.5414239770299809,0.41397900292018114,0.6960552124363658,-1.151690710556216,2.950673639253187,3.1715159679198397,0.2963346601921417,0.3340482909411253,0.0940366082691517,0.17082233283663098,0.13065662769023317,-0.9979787332282837,-0.16811984853836076,0.09898201402554421,0.1614216318245141,0.19570337734375956,0.11641916696041905,0.4563819307509415,0.2367306309823154,0.3480153982403484,0.6083074830425204,0.7272974632702763,1.1020230351705225,0.7832199687962076,0.6267290698366947,-0.882597876504193,0.47417786709013243,0.6936401106321427,0.9027310454958849,1.0236034753673016,1.161638485590733,-0.579259101058135,1.0316381098953176,-1.070171384105727,0.972074186188388,1.2946693668328897,0.5182720971115502,1.148951775248353,0.6126714088490727,-1.003647584322196,-0.16804956196463347,0.4664566605301463,0.4809359114779382,0.2751600096825009,0.3227308459135493,0.3154100084301152,0.3815539545270923,0.3195642720887407,0.2005791548631041,-0.19819281981036682,0.5264119595281128,0.160548158154519,0.41733096472485437,-0.9025151249772438,0.5285564243622055,0.5752365536075231,0.2872230832034883,0.0648349537826839,0.2159099421816383,3.461937590123496,3.057764164724474,0.6690780519099341,0.13279086819398322
-0.15256749776820688,0.3505825478730236,0.10791905393953463,0.7286126797725347,1.0322386991932444,1.0314766176254841,1.0003312061159306,0.9999627790153031,1.0106961747083005,1.004678275313138,1.0053653636840523,0.9849201790289484,0.9930717669162235,1.010271041463895,0.9765890285614696,0.9715277097352076,1.0084261468185014,1.004680640597156,1.0082873799065935,0.8215453528647978,0.858940273413496,1.1919707370831727,1.0319893732080632,1.0320094118498486,1.0282504314740974,1.0196637097719659,0.9875952849715902,1.0177512642500823,1.0098598228506444,0.9555263507571016,-0.1059219699009545,0.9276155130386717,0.9809254301441406,0.9656484195007721,0.8914789203328523,1.0190367821195543,1.04320016419969,1.0451638864233288,1.0391145763424994,1.0431157894058825,1.0213228810434392,1.0141223515489983,1.0159727972488484,1.018677394339113,1.018028722601037,0.9662524253358725,0.9372605128236281,0.9905742354805427,0.8576351035437407,0.8345103383133042,1.108168287251941,1.1376333511523242,1.0203882235755422,0.9958561158476217,1.002439937904512,1.0254038407529313,1.0193766198854088,-0.1362332861959511,-0.06102156462742334,0.9821362154892013,-1.0591577757835988,0.5164863656419985,-1.2529600097753038,0.004732707262208421,-2.279751472206139,-0.9154687577532092,-2.3234635395897,0.5067261768903628,1.0788993258732866,1.0786502447366484,1.1336979613405156,1.0625295396326166,1.0196098773036024,1.0085753454131212,1.0267261392107623,1.0086642877974372,1.0219721396719068,0.6986885433644294,0.8844782704534303,0.7962517317390113,1.1047834894334452,1.2349903919390568,1.355437602572665,0.8735177472021,0.9924021831951703,0.993249021490906,1.1932581682936303,1.1248228705048573,1.0899974999625024,1.0611376773881698,1.0275052990483098,1.0175697638920562,0.9838661653582543,0.9960163480553588,-0.44487019509603354,0.9173826304231134,0.8383241962102174,0.7341903531367132,0.5239947699293952,0.12833248990919474,0.8152617265680743,1.915104147490385,1.647727312003308,1.1924608691669913,1.0807500729148258,1.0515116025117845,1.0268072551811989,1.0061565242984978,0.9688136885842701,0.8876871410777886,0.7916255359622643,0.7697955942228785,0.5189506751782608,0.36060269633290376,0.4145339889343437,0.9970929598965512,1.4155016446943112,1.4280159733386542,1.3237712982438115,1.123488830354402,1.1080736275010068,-1.9463121583069225,-2.170389985642169,-1.8843802525703983,-1.7655304893965624,-1.6494457843856989,-1.5007774855189484,-1.342491454589231,-1.137958095146264,-0.9573618185288969,-0.8054619902013231,-0.5785991280523423,-0.3425395912080578,-0.030355989630652728,0.3448483162753428,0.6890503616160906,1.0252144457463717,0.10926036132094619,-2.480593750776047,-2.1093388864515386,-1.8758508508476859,-1.625125973710418,-1.4282195125756139,-1.2464055855297478,-1.0442791164020717,-0.8633904779723951,-0.5972896518152868,-0.891379529900097,-0.05149091191027413,0.280986736350459,0.5651146534883765,0.1781466546421657,-1.0848174285891126,-1.677459834027246,-1.8161026404681453,-1.6506824972710155,-1.6655243238700836,-1.5211057714350489,-1.3544290487518589,-1.1991351523211962,-1.06261811911098,-0.9290610383772434,-0.8302668891686353,-0.6455645004943165,-0.45882317510005705,-0.17510231526325845,0.13651120639297468,0.5731126102293126,1.1003603687113508,-1.2558657757544984,-2.063916542314276,-1.7864190049704143,-1.6726944360748417,-1.4203637488725351,-0.852124329353388,-0.7615086846301944,-1.0300395908883013,0.7565913379768137,0.8341431552175105,-0.2354069941314463,-0.13523619994451405,-0.40881187628957916,-0.8097575367835497,0.6264638372763611,-0.14281208293935338,0.8623727900181936,0.8928352055188111,0.8983207443839146,0.9095438574605847,0.9145648418796476,0.9860720204113166,0.9520014472776442,0.980801576689353,0.9695611140281291,0.9754398565402248,0.9894263541366437,0.9679778782943012,1.0181022185093809,1.0171282522714056,1.011488295219549,0.9663286629301716,0.6904904197395394,0.7922567569576977,0.8069306359004986,0.9461300597024983,0.9021330290322452,0.8779951739179219,0.9051193423637284,0.8803490862448867,0.90290928462923,0.9840686680417995,1.4458468112209941,1.0511227194550208,0.8964320512560671,0.9048672043334255,0.8754426881163824,0.849017431934251,0.7504209888582034,0.9141137936843919,0.8704006550786675,0.8802102437412784,0.9115328168974051,0.9287001744713538,0.9377046881481909,0.9336030881116697,0.9462887311835818,0.9337266734794247,0.9518814940716129,0.9594737843621242,0.9375708323223756,0.9083519578370255,0.9041073173391702,1.0359099525559485,0.8173166794519847,0.862727659005271,0.9298906971073083,0.938213043909198,0.95357717377292,-0.35555247540315266,-0.3599820234049782,0.1029348380447105,0.34688951150331926
-0.5350290465057111,0.4748609741189229,0.5318446738433085,-0.9158778963712928,-0.7661309871300804,-0.8804833827567645,-0.92767905890658,-1.1645789652640932,-0.9167856920262386,-0.961283382580518,-0.9549123493058245,-0.8692689443574154,-1.0287507863827658,-1.2561085310644158,-0.7210844108897947,-1.508680278300679,-0.6947973171869378,-0.7439533832313371,-1.1514736626197324,-0.634575005848675,-0.4160885809754307,-0.38860853492151326,-0.6778844570701079,-0.7897500846453104,-1.21317437304122,-0.9977581280274561,-0.9746785104259472,-0.730765015629888,-0.9127281297048125,-1.337515775328724,0.532445599044968,-0.9851335377750087,-0.6864842561699855,-0.9216920038829729,-0.5626195016648651,-1.0409511217531995,-0.701080835866494,-1.2990062389303374,-0.5838828929721985,-1.0493599641812834,-0.6664152986009068,-0.8232975598320937,-0.922290406913435,-1.0946602241010297,-0.6948214531311616,-0.966637806598033,-0.8924872817164383,-0.9247620707009601,-1.4959938989432164,-1.3012295653289823,-1.1983953292327454,-1.7546118883115032,-1.000987506192827,-0.747029309930749,-1.0063388464986784,-0.6901105268868387,-0.8256602004655411,-2.3920936071579675,0.34030764207917497,1.587998877111405,0.04685983565805937,0.10887023897516629,0.2828585115379441,1.471907572083419,0.8599140571974315,-0.9154687577532092,-0.5879142666419568,-0.486821536869665,-0.9567057716314961,-1.0176840678186496,-1.0348399708088694,-0.9297718169518412,-0.9876589970375216,-0.9105945609615161,-0.9459951450568092,-1.0991127543732309,-0.9566223058439255,-0.9324914489535455,-0.9448937702968442,-1.0754493770813305,-0.8607828195580767,-1.0697454200276557,-0.7380505819975086,-1.0530673996718922,-0.8243831338358991,-1.0397087031322545,-0.9787776861894399,-0.945821526850472,-1.111321356188087,-0.9886303495270601,-1.2554192217673354,-1.523195504905843,-1.4622767276063284,-1.1590071188531532,-0.08295399820906543,-1.0008582634320355,-1.0877380605908489,-1.0605690266286016,-1.1089770941584685,-0.9204577797939174,-0.5916605518152227,-0.21914774217792576,-0.8319293238945799,-0.8146425724613343,-0.5616028482778592,-1.1452255034477115,-0.7760293541040468,-1.075605275947739,-1.074711556196716,-1.0111129498036864,-1.0797576116310688,-1.044735223359918,-0.9507505125433622,-0.9878706703759418,-0.950898574121232,-0.8971887813765463,-0.9627201234977728,-0.9172498670866331,-1.3092517933479693,-0.7679510362123158,-1.182022004829472,0.7932255162408051,0.8795139239602703,0.9798973018147212,1.0317548457365358,1.0417753740598394,1.054577377465635,1.0435128840797283,1.0361342145431458,1.0081768483624054,0.9593708531043015,0.9460305144901883,0.9008492358028999,0.8451260322258881,0.762520792333928,0.6667483252595201,0.7137063748743023,1.0446076798579762,0.9462282266928216,0.9641532773560347,0.9920833397999649,1.0039896290009893,0.9790369102461541,0.941223327528539,0.9127237476748274,0.8390966525963667,0.7778205318495037,0.2713798899227276,0.44386313285071716,0.11655902481670043,-0.4347403208094799,-0.5551120929915809,0.6512185818489051,0.9655901331661289,1.0271434231655256,1.0718465901791894,1.0979343280449323,1.1030872802037393,1.1084231387505878,1.1072096380865024,1.0978039228386138,1.1016019618088986,1.057685856112473,1.0501623874371726,1.0213071938631277,1.0098977738024641,0.9468846415147519,0.8530503155064745,0.7876939593752197,0.8863508931317245,0.8478015897680955,0.8724511856946139,0.9106073813323882,0.9255290257508644,1.099329510724425,1.1006400032471821,-0.6012639767189274,0.1486714396740632,1.192231320994092,-1.9508134663555468,-0.3431205378964564,-0.0379344426537155,1.4328682903999264,-0.25221546232247566,-0.9275369002670136,-0.5607661526256623,-1.137003539148311,-1.2050207877662749,-1.154434134452561,-1.1801110036677929,-0.8875835874141538,-0.9027438066590475,-1.0534221075747194,-1.0098062218270765,-1.2357966661013078,-1.0214932470886824,-1.4809447177571253,-0.7675055145193194,-0.771031921174436,-1.0483188313215432,-1.4691509471907582,-1.4040403549596987,-1.2002888467040806,-1.0399058315430236,-1.4678852804918714,-0.8012094619233223,-0.8773938967209657,-0.9172206786483424,-1.2955416817001368,-1.2341447043910065,-0.9721701448033268,0.5382969686982024,-1.5062058933907672,-1.9056012777230225,-0.8255610219480267,-1.105262651295633,-0.6516275044514697,-0.5762178050454829,-0.5523350951376844,-0.7491624618415472,-0.750768510395226,-1.1218671858872329,-1.1099670801941095,-0.9783444122299745,-1.0591215159966116,-0.864732194491694,-1.3303641335500598,-0.9632685519680758,-1.6246358594619414,-0.8443339329971438,-1.0485817749524418,-1.208776973894783,-0.8350109133925196,-0.8702252124388219,-1.1423750708827132,0.0,-0.969814488836429,-0.80341985017098,-1.3601268957388697,-1.9117171672640392,-0.410638161462708,-0.7138797952477077
1.0936586763443552,-0.6556275640402053,1.1028265902116745,0.6787559241714624,0.9839608104509611,0.9926127594512664,0.9790724323668729,0.9979092203251222,0.9969596652464118,0.9961119460074284,0.9990392175741335,0.9843568644339049,1.0005791429571391,1.0101712043523354,0.9930775434999219,0.9969407089762147,1.029341724074612,1.0302649183919064,1.0553988103714786,0.9511060784189294,0.7906699262839454,0.861283890943724,0.9648528325918894,0.9786870328427164,0.9972552475944992,1.0033234986569397,0.9768391554430836,1.021908633819849,1.01358996321502,0.9837751290851744,0.9939523749770569,0.989717882456229,1.0515224811728874,1.0681017490894598,0.9524555338857408,1.073453646944351,0.973056159599864,0.9350699816496383,0.9698277587968376,0.9806387470262553,0.9720963113827262,0.9850722455858313,0.9946078794603489,1.006421197771996,1.0141343085529095,0.9902042374726836,0.994364361025409,1.0225835006136608,0.9972837271915349,1.014772506979985,1.0555885491415773,1.0096269783311862,0.8977597866381437,0.9339871305227118,0.9748291895879494,1.007093793690593,1.0114929366353722,0.9457335694102046,0.7629642292032357,-0.341689267326246,0.04685983565805937,0.7276296275485555,-0.28587054062192524,1.4386354354346294,-0.5163287478896559,-0.457674965824642,0.7665750267260147,-2.0721922356819906,0.8689299429747978,0.9142210698177069,0.9545365244372686,0.9681004779927797,0.9755213138887557,0.9844463474694473,1.0023827793275712,1.0573418218410333,1.1589872961939311,0.898240054887314,1.4042483172612286,1.2673753964538246,0.7866464697908756,0.9478574109237162,1.0841326578954693,0.9070383043327122,0.9625449183947817,0.871465232580639,1.0559383769642192,1.027344252438619,0.9999139061794294,0.9937999310625047,0.9710868386874161,0.9753869272075119,0.9806849929095336,1.0605462585019851,-1.533088690377875,1.1184813344822804,0.9657103950604955,1.0346345014430622,1.2183913677451812,0.9581312830989555,0.6347648189311396,0.32613155705119556,0.9033526163508153,0.8433470299750688,0.9065366443264725,0.968113471895725,0.9901809453183105,1.0062096972009695,1.0128948324960838,1.088044353065712,1.125707949406036,1.1004729006504257,1.224592626954903,1.2282076611223518,1.1972096471564486,0.7987844687610812,0.9912498045014952,0.9639758343533665,0.9651472742366289,0.8604740079522882,0.9051556649307676,-0.35123271338440726,-0.26592716099862257,-0.40008060534940676,-0.5110278855129968,-0.6858273882180498,-0.7785598554166921,-0.8884720232547063,-0.9328140741020714,-0.9901503813101478,-1.1243100941652102,-1.0708382170285957,-1.11501478702559,-1.133540286028712,-1.0133766695741346,-0.7214929954845118,-0.7285219330238188,-0.43312405730292236,-0.08373755349439006,-0.29076634835217174,-0.5473682190994497,-0.7610133142493207,-0.8741825183800547,-0.973360092808342,-1.0694947446755527,-1.1264385591752468,-1.0962482070164126,-0.5121906764346887,-1.180222818642716,-1.3716725029771426,-1.387900130947881,-1.436680302685327,-0.5363812175267333,-0.3690117730831474,-0.43646362955261847,-0.573700412920624,-0.6994083187778938,-0.8315724664272146,-0.8545163265635497,-0.9092504610386448,-0.9574437442451585,-0.9716975690921478,-1.0803087259745376,-1.0099203668494205,-1.1512858920215228,-1.0386450198759605,-1.0314991530929971,-0.7601688142333013,-0.8482818585615176,-0.17181193635442893,-0.27894727389084173,-0.575167580698765,-0.7561011109006665,-0.8317419686448043,-0.6990676756871053,-0.9558366616386739,-0.45825785452094064,1.0818048777202003,0.9913865899634202,-0.3777500417516709,-0.3431205378964564,1.035435251235023,0.08422184522500886,-0.43849885289755686,0.09795051828233245,0.9972908539701884,1.0132218375605733,0.9913890116950765,0.9865300694065421,0.9570648665134117,1.015062694639413,0.9682450437457067,0.9884546628320738,0.9645048695609931,0.9594783741993359,0.9613603274125726,0.9333081865976355,0.9472546302647972,0.9189921643580065,0.8545739449098744,0.7474295987189792,0.8921218067649096,0.9601223423695342,0.9280577956328633,1.0119189259568928,0.9424503990329671,0.896534717374695,0.9049437146166127,0.884223649552199,0.871134939719303,0.9755651769669643,-0.48470251921219326,0.9414790010373482,0.8288295383737978,0.8396116055484072,0.7452020960896395,0.800360262764494,0.8450725788728968,0.9876412282589851,0.9231360318939991,0.9188708963839494,0.9275391163534895,0.9386710264506198,0.9395533265337552,0.9380468870103652,0.9440306391390441,0.9251354437201893,0.9510303746094243,0.9419074847759279,0.9230902893419852,0.8857888149654689,0.8542909064557774,0.9180691518751459,0.9671944943966795,0.9106371488937142,0.9551629556022084,0.9475397571724522,0.9577421179422746,0.3674062569643873,-0.9092732410659266,-1.3173691368869112,0.6859842835881872
1.0248508042981113,0.4748609741189229,-0.10762909619296471,-1.2848213628477623,-0.9046871815124751,-1.0103035278380472,-0.7860723642759825,-0.7670025453669543,-0.9378643293947794,-1.021308362121447,-1.146905359950628,-1.5609517825468247,-0.8531009284368375,-1.2148523304074055,-0.9795911018911035,-0.8077041825461271,-1.3186789049026706,-0.8717917524590414,-0.8572325191553367,-1.1775968065503424,-0.8931073053647621,-0.8154987196102341,-1.2791986614103694,-0.9921996972562056,-0.9720102435914292,-1.2843494038624284,-0.9310931341938828,-0.9159896620334753,-0.7489703538967258,-1.337515775328724,0.30472064721063635,-1.5878379032418395,-1.0185376269942745,-1.0714089416761896,-1.5861328012064733,-1.3491239268692679,-1.2265455560953904,-0.7589606793385606,-1.6025960626381324,-1.0277855685681623,-0.7870459389946415,-0.7687065175540919,-1.22002358985809,-1.18209922434572,-0.9350409427367932,-0.8627145069035109,-0.8231405282916826,-0.8330619352048196,-1.1539808962642257,-1.6388529207916334,-0.6162182603873482,-0.6896642886302421,-0.9165974862999618,-0.8536735305824535,-0.7767788119092086,-0.8759965663759318,-0.7749805937739322,-0.5949855594704541,0.9988985448192681,0.7827366499631082,-0.19559044240969192,1.354679342574043,-0.06575924665205067,1.0152008997344037,-0.05455974241552516,-0.3756156186794026,0.7975547822320235,-0.486821536869665,-1.1316077155520299,-1.093445617103883,-1.0401065821646802,-1.0168485793415167,-0.9971627415760711,-0.7937833273966087,-0.8982263372674514,-0.8559404089490307,-0.9449488084406341,-1.0244997899151351,-0.8864973918946562,-0.8809129217545866,-1.0115776984125486,-1.2219968897834683,-0.8695725013998188,-0.9500338418571844,-0.955184924573912,-1.1187360861904676,-0.9516547327714382,-1.1493107790107915,-0.8682573007571944,-1.3270235249243743,-1.0639186063184172,-0.7291922090569584,-0.6817369034199854,-0.9472034920026868,-0.44487019509603354,-0.9638380791647636,-0.9357299549771976,-0.9437505418448741,-0.8871893402164547,-0.9708705430823552,-0.48155051609434574,-0.6550326946733386,-0.5404166687462203,-1.3573517529579322,-1.65804803981196,-0.8855259217129713,-0.8668782263231303,-0.9116226193466397,-0.8671870644657901,-1.0006432683284971,-0.8582673466548058,-0.817367745802875,-0.9905272518662875,-0.8856513807677461,-0.9760816403357528,-0.6430887399203994,-0.9572797399992742,-0.9802991573763116,-1.0148750579636245,-0.7723779818950444,-1.2833147164621965,0.12036263672098865,0.18635933437727764,0.3096587519828178,0.4548766935539369,0.6030745015009491,0.7169935704708037,0.849824159131039,0.9581666432009557,1.0432341276467032,1.1263496296987028,1.1962497893854884,1.263405152900141,1.324470706949018,1.3259744144801002,1.1803355904916624,1.0128848045903232,-1.902839345801024,-0.04580370228620517,0.34203629351475145,0.550833623129766,0.7561647820765397,0.8907667942684198,1.021850626212739,1.1299059986957418,1.2173205295480878,1.32856053339834,1.5035100852162957,1.5219698427714503,1.5649071240954628,1.6247306110404112,1.4611839777280085,0.5353038093547293,0.26546951341770664,0.3285037895610599,0.4764234683524734,0.5945814403496357,0.6956966089933544,0.7895065245313853,0.8596140156293314,0.9283891186595418,0.9935660123462444,1.0677117250214248,1.1266046803501562,1.215713421496758,1.26693730507667,1.2970908571536872,1.1888767590965763,0.969566061470207,-0.8903153401740775,0.2880307169758625,0.5741184779881782,0.7246938875516526,0.8189135264630704,1.0955039621782476,1.094189173047726,1.2721118402746456,-1.0637862611346525,-0.4544157411541331,-7.320459811970755e-16,-0.4266029476989412,0.29545493153960106,0.627738388328588,-0.08240018209365463,0.2086399854279419,-0.9000964482217608,-0.9710922715636717,-1.0304430424575963,-0.9369339850369626,-1.0923015549285149,-0.9269026983378476,-0.9551881987573609,-1.1917849613990643,-0.942934455168811,-0.9604385501601942,-1.271990624029187,-1.613130246421259,-1.6433487405050313,-0.9978598483095853,-0.6016826267550656,-0.8676666721959895,-1.7537509566098748,-1.1019477840231302,-1.2170995977234909,-0.9692892684452497,-1.2425150907569738,-0.6103518976505565,-1.11023819324404,-0.9747034343720803,-1.2177741651617282,-1.4880292686869467,0.5262341552539959,-0.6429855389944493,-1.038490495671441,-0.8109040799558346,-1.0484841408826782,-1.0877824871478787,-0.9778791662455605,-1.8296688531929093,-1.4089013786786195,-0.7207511891729271,-0.985348778770908,-1.9651458428403439,-0.8789691243636659,-1.123619512911963,-1.120867596178762,-0.6857981614704344,-0.9302205099128135,-0.9654075890125837,-0.9648328965895471,-1.2076019422051707,-1.3055760460789765,-1.3537627000039696,-1.5072454947422829,-1.190754002089674,-1.2664748784758464,-1.1655784706270762,-0.9313000906505798,0.0,-0.6752227273597746,0.3106187543173745,0.4765941459540524
-0.7166102576197182,-2.2803106709481007,0.0,0.5684018993111832,0.9479535843267363,0.9785758390248946,1.004271202373918,1.0098379085946745,1.0100862663886252,1.0013598138563393,1.0045674403507834,0.9955080381076037,1.0110553511828249,0.9959564666480843,1.0081949294424524,1.008334096700392,0.9766318217033639,0.9723521486017529,0.9754753783435754,0.9967571199362435,0.9751458140411542,0.9642661027018335,1.0411393692378321,1.015195537195718,1.0135043062026428,1.0059178861298808,0.9815597776341005,0.9983108384711521,0.9894552711342547,0.9837917170391086,-0.6247944434134516,0.9773170814523818,0.9464020933677715,0.945772257000828,0.9118673888484154,1.0405847919795383,1.064316432935025,1.0381334067016406,1.0418313600742137,1.0173473703572524,1.0076790222536063,1.0163841114711962,1.0090955720310626,1.0059332809322241,1.0047531736825237,1.0299241760955486,1.0294231261813793,0.9632699893765084,1.0537090689078799,1.0722446702084099,1.0615672433608092,1.0323289858573628,1.018755061925745,1.0103968427339562,1.0064099284630752,0.978800279222629,0.9911678421547437,0.42613433156026254,1.6393490606384502,-0.5516090320549744,-0.634380257004487,-2.3181404040389677,-1.0698701495063818,0.004732707262208421,-0.4317697412805271,0.8621498058523833,0.7665750267260147,1.6145946429695466,1.2747585355488007,1.2006059205978146,1.0626121235771078,1.0583696311871447,1.0409250112111956,1.0319109237715043,1.0367328449045163,1.0002416571569837,0.9930306933561864,0.9340937199381594,0.8967321043529176,0.9007097228119586,0.09673639032399116,0.22776058531318688,0.4991101111568082,1.010050731223774,1.0309788116301648,1.0768989465150376,0.9765309016972216,1.0325097969908124,1.0096223240359545,1.007238316126808,1.0274020227949638,1.01344476222746,1.0068672856629748,1.0680231444870145,0.7702192794891031,1.101387090297182,0.9881661934504407,0.961308954912528,1.1135455410531356,0.7189169962353111,0.05811524957304599,1.0683296199661707,1.1109248174666027,1.023595684846739,0.9643490310518898,0.9755174570461648,0.9391999190740798,0.9443528321063092,0.9239555552629163,0.9586703767015099,0.955892734053524,0.7680176586763735,0.9180503197419504,0.8443945852184425,0.8414319109652597,0.7523763429724601,1.0224585336773577,1.125516262994898,1.113806532641114,1.1036571212046156,1.0694724816141985,-1.011979949931689,-1.029592212969009,-1.1212154274984432,-1.1115138378036347,-1.1698756754173134,-1.1075272096441409,-1.077898527757498,-1.0336831410045904,-0.9644192575166104,-0.9680415446845679,-0.8470377248111388,-0.73404206565704,-0.6500924642771823,-0.4288197807075661,-0.11417145715467285,-0.02337007225592684,-2.440022882177986,-0.9033389736438584,-0.906115516058528,-0.9522825763959369,-0.9898663817431079,-0.9531736260053748,-0.897970998086124,-0.8901220342948408,-0.785283594388038,-0.6362019689896479,-1.2495995884249305,-0.29260850281623474,-0.11740533046428422,0.09912231754613848,-0.23766491956337912,-1.0411593935207324,-1.176452466315574,-1.163585773974476,-1.2035707989790783,-1.1506485819814232,-1.164236946723283,-1.1388478119879333,-1.1321186093924853,-1.0854204884362335,-1.0482665584932322,-0.996966129855162,-0.9280214604731358,-0.8745624168776742,-0.7721855158185228,-0.616667205714074,-0.3010614385862918,-0.12711915287609218,-1.726672429618527,-0.8665742521042755,-0.9834964930233432,-0.9486625115898557,-0.9399299747338951,-1.3706271342886198,-0.936956059044687,-0.45825785452094064,-2.0759890645273247,-0.4544157411541331,0.344496057750939,0.42907184114911984,1.3328086772661532,-2.5502746126369362,-1.4135442827809128,0.5632917204131602,0.8982649628104029,0.9354292229863467,0.9534686500513544,0.9498028404287739,0.9388188432768785,0.9945680978913706,0.9531139515561798,0.9824055257925107,0.9668222043747395,0.9580906835671612,0.9761054661112347,0.9553355522306045,0.9623417065781711,0.9295913801761478,0.8792037757536542,0.8248133821507754,0.7681378904288566,0.8650545458543375,0.9100746253521658,0.9921948712142675,0.9356520778293343,0.8994177543649811,0.9015354276971458,0.8748780921372963,0.8839876653406298,0.9755495413847718,0.8956940687259101,0.9887285900554323,0.8590628468111158,0.8952886320478676,0.8950947839428095,0.8488186390791276,0.8384100080161988,0.9678791216015488,0.8951527197184422,0.899111125418711,0.919626886067419,0.925438690458535,0.9338180860853251,0.9243043567700572,0.9286861517570937,0.9402424667649861,0.9644270439961625,0.9312805287833851,0.9508743453574544,0.9349994861138056,0.946483833886697,0.9231621434997255,0.9753089011082597,0.9346431107305836,0.9530653047508907,0.9336131311243925,0.9513542723249604,-0.5835823353718887,0.07002670670805428,1.4158294379671923,0.7731350806699024
-0.7166102576197182,-1.022844887208657,0.3243194825272033,1.050909947423753,-0.6553392354576474,-0.6548387380298184,-1.0188534057580292,-1.1857983863828736,-0.8977838966846668,-0.716120917009502,-0.7509790058575924,-1.1517009306735753,-1.370729117515221,-1.2148523304074055,-0.7520002166486965,-0.9010833425456994,-1.068681961919032,-0.6869523629989172,-0.995586402181205,-1.0694909190331672,-1.0163253162225543,-1.2606837705498637,-1.2791986614103694,-0.7470539881593814,-0.5985005356490787,-0.7880798245784656,-0.7251528241280304,-0.5872519174196591,-1.1399359995050524,-0.6002871688818378,0.1376810203232651,-0.6496115053349338,-0.611473462165237,-1.5687578436119793,-0.9030362945425789,-1.0265574117032323,-0.7463686158112905,-1.1954473466368594,-0.7100831759142389,-0.7626676925750954,-1.0552710524946656,-0.8939032283563145,-0.8810106288784597,-0.7167346075932721,-0.8002378753958509,-0.9152538856876603,-0.8017094930504838,-0.8079896309760256,-0.6646709107751011,-1.3012295653289823,-0.810277283335814,-1.399629355084416,-1.0103685613138693,-0.7038912048402374,-0.6756641449841583,-1.1404162671088018,-0.8072830236104236,0.23599360378835374,-1.1069993422288438,-1.1062016834621722,1.3638823922003196,-2.97401128098257,0.2506778150822789,-0.43217244942205096,-1.1671556073108322,1.243943798542018,1.1573269378891031,0.6697490170256336,-0.8299618938018727,-0.9455551429628742,-0.9904872844124244,-0.9822656582961532,-0.9957871068966418,-1.1146816498549177,-0.9364014707418812,-0.9314501721134265,-0.9758339489202028,-1.0278338423381161,-1.0150526030133955,-1.041485502185759,-0.8778241273581039,-0.9458938809364301,-0.9361618205443967,-0.9855294124367159,-1.059085670069268,-0.8916776788916123,-0.9532711390610019,-0.9505010315565823,-1.055900624692602,-0.9471737586218648,-1.1222618375648985,-0.8239961204934969,-0.8341498411991846,-0.9284339946063802,0.022346314369217628,-0.9655127058201133,-1.0170082444875694,-0.9648112784656762,-1.0816383770935838,-0.7269784334035292,-0.7298488026357751,-0.44473270243438107,-0.6820486604658155,-1.3573517529579322,-0.6621352783051616,-1.409364980944351,-1.1071979178226983,-1.0106964341734859,-0.8667332023898379,-1.025390675119737,-0.9946936139397332,-0.9972047624705463,-0.9920896675234924,-1.1644515500605055,-1.07262477961268,-0.9287910506565513,-1.2909411071797992,-0.8486857265887022,-1.084439092953234,-1.0689853345709643,-0.8192770181808796,0.9899972125768693,0.9782694786964921,1.0210745423178427,1.0409370407023546,1.0438304934778988,1.0289848486169544,1.026416270184261,0.9991901780541519,0.9602785223727512,0.9281621649438749,0.8725369730004595,0.7887324415518878,0.6809929308828443,0.48524244148996404,0.20519978188294014,-0.726825820455183,0.47617119550152953,0.8858674017070852,0.9759907094647592,1.0366917808548226,1.057116941222329,1.057487879453102,1.0458688036053123,1.0306157478079918,1.002667795663757,0.955590260407627,0.7535990454786723,0.8383316217295154,0.7323105904756577,0.652144174186342,0.7382503154629757,1.018779533888871,1.0044552873405557,0.9939037881715231,1.0076885133443079,1.000183617455916,1.0142300619550806,1.000177736472511,0.9842738946565759,0.9708057956921068,0.9446859410146411,0.9100448395388834,0.8803826364042853,0.8021313219632579,0.7226324433011572,0.5657956143987402,0.286095567750739,-0.6122545137028013,0.9269609715744642,0.9691759957592198,1.0403765970576937,1.0689669067714622,1.0620707527033562,1.1105805507027124,1.104569617995286,0.24093259014905993,0.9191836339651284,0.5584726988202176,1.0624960037001043,-0.892335740761152,0.12083652587922931,0.8798729531053074,-0.20098807782838,-0.8065167985142989,-0.8815707268528837,-1.1702538991179803,-0.947705480874126,-0.9930416557685106,-0.8991084776147846,-0.9097050069225098,-1.1073496435830745,-0.7411215131643997,-1.3840515619509692,-1.061420565878235,-1.3866613709030366,-1.3487591890929915,-0.9966149278830482,-1.418446306773742,-1.4233121858402753,-1.2912067825202451,-1.2073224446738877,-1.585074985249537,-0.6977799385988734,-1.0932468798301862,-1.2070627240732505,-0.5770699287450296,-1.1056608528368652,-0.7549022982325277,-1.1126474816846703,-1.732577697389268,-0.16217851417165077,-0.7545563708020531,-0.8282475496647027,-1.1064290053447896,-1.1708732877906278,-0.822432444815052,-1.086754562014172,-1.2920447484953972,-1.1180183060700417,-0.5584513532765685,-0.9524151577301664,-1.0181983902451648,-0.7862908272522651,-1.6500620574782272,-1.4006530156261245,-0.9077806847819883,-0.9884733107679392,-1.6246358594619414,-1.745216175342198,-1.4690082284425812,-0.998514957616531,-0.9516794953510611,-0.6735830018865167,-0.720099905130956,-1.4818532207872508,-0.846622008302473,-1.4501597672201156,0.25431473452750775,-0.18419719506550078,3.030558161468496e-16,-1.1829861002285602
0.4608080444466003,-0.27629670488315183,-0.6786110125613306,0.5534494465101575,0.9822545804384587,0.9820201193693097,1.0091202292729944,1.0040157649082921,1.011407751223976,1.0028401420017015,1.0099941462228368,0.9961213676704646,1.0143208945656925,0.9962778255809199,1.0082170513145754,1.007874548569079,0.973385810507972,0.965282734056213,0.9539508991017897,0.9798726860441639,0.8994357130778635,0.92737579342252,1.0564500937492391,1.0284417318261023,1.0387468145193277,1.017499065788935,1.0060722475646062,1.0175929959726449,1.0045515965288678,1.0049705231968526,0.23503550755881447,1.0111876631796737,0.9930770900572163,0.9922389216417182,0.9957573142786482,1.056977622575822,1.0402084555027649,1.0049977300359096,1.0109903464377747,0.9919892880344634,0.9858374705229764,0.9918392661456608,0.9827751804043516,0.982484454632136,0.9729632849248684,1.0036989435239232,0.9951234817780935,0.9175424832794071,0.9826265648700496,1.001465051398525,1.0099807918116233,1.0946277195406946,1.0786394045003707,1.0594142123994872,1.0437266083559782,1.0056904836209568,1.0180924524323278,0.12015563261090377,-0.5784249009138941,0.30027461859095933,-0.19559044240969192,1.0185783110698818,-2.3904181140950422,-0.21614870804366484,-1.1671556073108322,1.540019031967219,0.46194697683048486,0.2343139956307623,1.0244194946598375,0.9981241301283846,0.9344436413006898,0.9598376147539908,0.9485778722508291,0.9730072957467949,0.961402121721263,0.9681827505795743,0.9770424185479422,0.9861550230102418,1.2090841900050686,1.2845297312617898,0.8463386349178609,0.9945797587807815,0.9600111123671299,1.2795875076034913,1.1850628138630102,1.1763770012950583,1.0167709472877258,1.039234522124597,1.0018107253788846,1.0030265020468552,0.9983086645452848,0.9917682653863119,0.9747717372690216,0.9909075740617558,1.5455488029124944,0.9464804308166606,0.8352218647933274,0.778206549422096,0.7597958866047322,-0.20180101070078493,-1.6654568411758186,1.4453002083309268,1.4348380688070141,1.170764552136664,1.0938668598122743,1.0691101372074296,1.051399456796309,1.0652607361975288,1.043839331734111,1.1124834911344446,1.112546637002596,0.9927709194120512,1.1426777895901818,1.1676941461919137,1.1481506742306669,0.94704152599876,0.9166627914753764,0.9675008885465592,1.03635191749718,1.017318310080258,1.0012688341712737,-1.3834747831788665,-1.1630927333812209,-1.1212870611138661,-1.108298564563534,-1.1037929734446712,-1.0415428866000758,-0.9798416379042015,-0.9342147637829737,-0.8602657066242719,-0.8276026719756151,-0.6591059950830803,-0.5508190470802142,-0.41654096596162904,-0.19226021820402112,0.18911620928303452,0.5226939803298724,-0.4297703736078336,-0.753364461902079,-0.9501382011309084,-1.0992314454490784,-1.1247861528045333,-1.1258977656877016,-1.057324279313883,-1.0403052307030975,-1.024500299454992,-0.9217803284630482,-0.07510428851704012,-0.6592958836316871,-0.5819161473381029,-0.6482933793098775,-1.4903263235122683,-1.9975977986287374,-1.3806660992223512,-1.101370049249148,-1.0912545011161117,-1.032527934201396,-1.0108887975489935,-0.9638621774198166,-0.9817009188068503,-0.9393584671762438,-0.8890451285871246,-0.7714001387919801,-0.7343292737701375,-0.6299054805162918,-0.4520289472488041,-0.21993230138657613,0.16067669756942654,0.5911893038766148,-0.9930442636009722,-1.1153978754831027,-1.2591863203326996,-1.128731249639996,-1.1561128042432418,-1.2516376639654363,-0.9626179391101182,-0.7347000571639475,0.1486714396740632,1.0080608028323317,-0.7102530470875742,-0.13523619994451405,1.0813354491670584,-1.0537200067681063,0.0,-0.43059402670695535,0.9096633339542071,0.9412567551613631,0.9694145790112885,0.9592855995490539,0.9507419424336009,1.0043602879027027,0.9656589815859851,0.9925635002058159,0.9763097384507649,0.9731508370652514,0.9918558372989204,0.9648014242802824,0.9773329155824514,0.9573095173260078,0.9277711168596287,0.9652938709522048,0.7828303569585524,0.8476529521592945,0.8783306589251888,0.979736947754237,0.9193223325624253,0.8907636901686493,0.8924417243678475,0.879034447223977,0.8541153567232233,0.9852524298246272,0.17758748863118728,0.9548195324640081,0.8101828356344789,0.8183567695046183,0.7992573107516185,0.8591311148704434,0.874348448106197,0.9783657913481307,0.9115670816009598,0.9064139139780294,0.9233650352998221,0.9322438418693001,0.9382856182967416,0.9324288415866426,0.9385298510354276,0.9481439810486308,0.970850438579548,0.9461041609969993,0.9513135848040994,0.9408458667373872,0.9597378133172929,0.9766623158285301,0.9316694447082466,0.9507889605298809,0.9599048538039481,0.9372347592614282,0.9472437938679277,0.35105915518171577,0.38400129404002176,-2.5098487132187595,-0.4204025472002211
-1.8446957773227404,0.5195192669932668,0.5484767806776718,0.21992462100890503,-1.0588342014093601,-0.8931075439029754,-1.4436734896498213,-0.980039635843785,-0.8547107053237875,-1.4944197167777962,-0.881238146965816,-0.7643881219916279,-1.0766847477909665,-1.1279550666348965,-1.0402736454211086,-1.0245188956464892,-1.1770804778546413,-0.7611319017449855,-1.513432672266972,-1.3883535254973514,-1.2896328574688436,-1.2606837705498637,-0.7887398940020306,-0.6406216446870563,-1.0415389549009961,-0.5948201002480085,-1.1364122544322217,-0.8166720606835822,-1.0045378266925538,-0.8409631476694829,-0.1352816052244761,-0.6613344905987814,-1.1527488894783888,-0.9698900924391128,-1.0012648003776943,-1.4053162415498386,-1.1192877065159677,-1.2990062389303374,-1.6025960626381324,-0.8858516439081339,-0.691966678538081,-1.264246594051964,-0.8737551096227804,-0.9241944222579084,-0.8662453104632453,-1.0510064432146142,-1.2700707379220941,-0.6628188387714762,-1.3486969161330826,-0.542952308014921,-0.810277283335814,-0.6856941971644467,-0.6254131498344124,-0.905850494209879,-0.781713797918746,-1.3151881827290464,-1.1482573557220548,-0.1808439482806509,-0.006504122296729565,-0.341689267326246,-0.5279308967715007,-0.2931634428173223,0.2506778150822789,0.05179542151569515,-0.4317697412805271,-0.9154687577532092,0.04281299988718888,0.5927129666403627,-1.0003837187479614,-0.4705781828285755,-0.7082430464924929,-0.32044120764039097,-0.6486517798221013,-0.31004150858234236,-0.44531539981256363,-0.33579389018442446,-1.3452559162521636,-0.33709256726697595,-0.2503957112681556,-0.6167744156457157,-0.1467457365325328,-1.03790431988412,-1.584626369928034,-1.479270828646854,-0.9758611020090829,-0.46192879703760054,-0.7078176463731134,-0.5662143457502742,-1.7698149306365398,-0.5208475954743117,-0.6652965298848812,-1.523195504905843,-0.45263757530287024,-0.8482274644373493,0.2259128048869118,-0.9645551020391235,-0.5081150241981183,-1.2650860357440008,-0.44437245924722435,0.022106316457738504,0.05299063400591985,-3.891821443464009,0.22695756007694395,-0.5061937439745453,-0.05893623619166262,-0.003425823591504946,-0.6762340491254726,-0.7778207606893424,-0.34732601436013505,-0.6870547379649775,-0.3467348931888287,-0.4868248417956582,-1.6428858649683844,-0.23568983215737158,-0.2539047397238713,-2.6628290727385946,-0.3307821458990245,-1.914729111811524,-0.19489619809996397,-0.8803812170217977,-0.5027411635006438,1.0285020633786346,1.0025713105081513,1.018539600661273,1.0350977873147666,1.0513475397729422,1.0325149104677385,1.019602508929232,1.0147310788378399,0.9723723728103544,0.9477511386785649,0.882410534045709,0.8016337521641363,0.6804851698679907,0.48314336547958375,0.22422532020669608,-0.6584902094577243,0.4708904919350214,0.8811180639822243,0.9640909119810969,1.0459003933992923,1.0628118933084096,1.0770171082609998,1.0711794594056323,1.052950217406702,1.0110675058157192,0.9611247525247926,1.352705535473541,0.8149780398776426,0.7584352197509334,0.6515218355615837,0.7958325609274208,0.995045020893113,1.0139343273242734,1.0110065946213398,1.030325816909015,1.0309222759181063,1.0300341079895208,1.0104966805301334,0.9960718670713887,0.9776922192112528,0.9418330961485827,0.9237998327956337,0.8795987257378293,0.8261111822710895,0.7252565109955664,0.5567379057121044,0.32510325395939316,-0.6608635006268663,0.8847348182577776,1.0153592735129062,1.0774078819249764,1.0841213213055263,1.0530645254377031,1.1111257524287976,1.1018185209696514,1.4112511016012133,0.6215866645253914,0.11767014102461826,0.015428278063104645,0.3668948527654903,-0.1469320891066686,0.16284851826159105,-0.6721446720298313,0.009207422641948812,-0.8028352932816768,-0.8315646665719538,-1.1246251155486091,-1.006339242093242,-0.7213930944061862,-0.8983187942624009,-1.0287370974466896,-0.9177588917067238,-0.8448977453302597,-0.8400653833693273,-0.8862678164444737,-0.9709754603400069,-0.8469748139285752,-0.8736437230672833,-1.1752383410697955,-1.7341906011069386,-1.1251170727646045,-0.9251210250395467,-0.817677149672356,-0.7882231078594865,-1.014276706769504,-1.1776573356992701,-1.2987654616893631,-1.02119017189301,-1.0838742241742163,-1.1574066991057,-1.3580256317876545,-1.1710106294770084,-1.3154344050102529,-0.5748239451722723,-1.4328051913279656,-0.62213618989786,-1.4904732468504291,-1.0906214012532864,-0.9517692156168446,-1.0194099559693814,-1.2939554080578923,-1.5375564615172266,-1.064066959966224,-1.0810026108557902,-0.9642242391133116,-0.8605338194089452,-1.043284315385231,-1.210854232331158,-0.7553897026018269,-1.0029618868495136,-0.9286273043382515,-1.1797065700056444,0.0,-0.8423114770400074,-0.8744671571646996,-0.828232312152578,-1.3063839005342777,-0.11110406581691377,-0.28843265321354,0.3886834389523553,-2.467461433339058
-0.056722530986913385,0.6938629794607796,0.7266845203782188,-0.021444730107692378,1.019287340210646,1.0007412929978685,0.9908279758656918,0.99942562947152,1.0062433833129747,1.0000439347720473,1.0007567561992108,0.9828927733086388,0.9967744919875873,1.01233465584449,0.9839276613557977,0.9798230627020846,1.0221425888742717,1.0231027274962525,1.031694845589399,0.8796498758391597,0.744118790741871,1.118140619995392,1.0046422655296443,1.010376320016896,1.0219714938207072,1.0110706895616388,0.9963350798117713,1.0286116613297906,1.020255796419261,0.9788307306355359,1.0135668091943317,0.9676336277290029,1.0398061053063645,1.0366593710494514,0.946842547858052,1.0256541276481037,0.9996714863153582,0.9678251105528702,0.9902518912120214,0.9945634075049963,0.9943299888018021,0.9848837915048541,1.0018279731492987,1.0045089070418785,1.0044751912839205,0.9561405386108695,0.9428524306525139,0.989286279861031,0.8682819707621384,0.8663523864970392,1.0953008900306942,1.1156585234469152,0.9866521451472614,0.9894358138058292,1.0047942889872252,1.034778454077187,1.030151557860026,1.02796472393878,-0.06102156462742334,0.5575762707594215,0.7249672562895685,1.681381245842573,0.37245681267451997,-0.43217244942205096,-0.9880676737281805,1.0822252400386523,-1.0521966752048528,1.1212672649751267,0.8362646127256345,0.85909727132587,1.0032559344562488,0.9732588847883561,0.9769210922219917,0.9622279547533537,1.0143654111333225,1.0532709829630726,1.1256100832494258,0.8792789526148512,1.2720151961482071,1.2293534900629621,1.3306366244327499,1.44898542620832,1.3987902195069601,1.0346438176626862,1.0181117278285479,0.9616869185598304,1.131518991096986,1.0872407022282742,1.041705155753679,1.0245254092653773,0.9939855652134509,0.9848717630222102,0.957671300652309,0.9951859858896399,-2.1360269748559992,0.9933266520669723,0.8260757510282585,0.7549028232707916,0.7481513676947409,-0.03514685120640782,-0.0738169255770106,1.349023640758929,1.5088830788633327,1.145492134794294,1.0681161056926498,1.0544878697758135,1.0816245362938404,1.078943530264125,1.072988880967393,1.0735664123995439,1.0676171050745995,1.0708064583305223,1.0471331458245514,0.964416276018958,0.8000662792448792,0.7447783878491384,1.1154410931167367,1.1082225934864631,1.1064804353161548,0.9746386777373519,0.9951075769010765,-1.5623946525396886,-1.215849098079085,-1.0586521639315936,-1.0569948455903355,-1.0221306419875988,-1.0590977504814714,-1.0055951192118402,-0.9749596124437154,-0.9088256270641587,-0.8380535673157095,-0.7163247333093834,-0.5959343723330783,-0.43453055205941943,-0.19042887767204358,0.22046123696599276,0.4771482093599063,-0.5372145541702896,-0.8424567747075916,-0.9225176446453518,-1.0832195260988429,-1.1254228188617272,-1.1390323524966346,-1.050823623725929,-1.069132077893218,-1.0314235105231246,-0.8820496513016003,-0.056367587775338165,-0.6513959251135685,-0.611692326816593,-0.6548114192286162,-1.5821664271185614,-1.6670593455665301,-1.189409721932532,-1.0631205726479227,-1.028582232842329,-1.1057926090759695,-1.0706226929003706,-1.016464695851448,-0.949740290209217,-0.9181683412125767,-0.8799763234111825,-0.8130731933429282,-0.715616785889035,-0.6679502124176141,-0.46733114969399614,-0.19221096602383297,0.18568359244262336,0.5552569489641694,-1.0099747753508972,-1.0295516488760919,-1.140925165440671,-1.225541360492318,-1.1948928175815658,-0.9303137722641411,-0.797409616391755,-0.07626926743992447,-1.0637862611346525,0.8739265413651304,0.015428278063104645,0.693537036586123,-0.0379344426537155,-0.5071597239317451,-0.13879713339893807,1.086488899411006,0.9317607952200014,0.9567254613125494,0.9581259648392363,0.9559634072457446,0.943127288738803,1.005082267024465,0.9656866675261836,0.9925588600894709,0.9723747101600847,0.9772686031120544,0.9822688485791421,0.9592736212641474,0.9982124215633613,0.986633223334328,0.9544552448049501,0.9259249246542458,0.8139071488667857,0.8860241652802656,0.8729036031218176,0.9684496361033803,0.9199884686129816,0.8819722423695656,0.9040560431652936,0.8698714324320345,0.8749354588664648,0.9988426694625083,-0.593111024034332,0.9970547764859076,0.8840997899867467,0.8245270692682595,0.7421744041682418,0.8256073534435453,0.8229545775747263,0.948168015034926,0.8966842173239905,0.9110947995166911,0.9208877868504063,0.9294697330838311,0.9410159038184701,0.9433918911156168,0.9424465037216397,0.9275714818682351,0.9522823280560222,0.9617869233530839,0.9237960233139002,0.8964386058725691,0.8731053859968342,0.9888507528765245,0.9005976972391933,0.8796331746285444,0.9229907278808126,0.950631438640872,0.951732623801153,-0.29694648766550213,0.10064484456975603,-0.1248895605550629,1.1917524971686977
-0.10323471540491096,-0.6556275640402053,-0.3024689427278747,-1.2848213628477623,-0.7320495320046341,-1.365768317646276,-0.8973575529821431,-1.02498035159212,-0.6778399608914686,-1.1108614988149732,-1.0273876690029395,-0.6923485265982923,-1.0287507863827658,-0.8448059633340854,-0.8452285830771579,-0.6768653040526795,-0.9898975389479931,-1.0645429677417573,-0.8762492878001777,-0.672211532422403,-1.2896328574688436,-0.730445676766584,-0.8995953309339533,-0.49680574281215817,-1.0536366768300485,-0.9213699516879027,-0.9098549892636172,-1.0404964006221684,-1.2753341723175513,-1.0800999776426485,0.21655124140064944,-1.3089325849512359,-0.7595581425812677,-1.0941663793618785,-0.9539182046962118,-1.1085057262372264,-1.2774683489680474,-0.7916630041033862,-0.871351961236468,-0.7654921148612267,-0.7561601364405435,-1.1303327583344063,-0.922290406913435,-1.18209922434572,-0.8735829007085368,-0.8938672544206835,-0.6153298152046291,-0.6726076232324079,-1.4959938989432164,-0.740449310328221,-0.810277283335814,-1.5771206216979596,-1.229532701165627,-1.1217892576950637,-0.7972949404579127,-1.1829783323626113,-1.2850930033025092,1.2021224882170594,-1.1069993422288438,-1.2847406391682223,0.5295502216044639,0.6279352253526103,-0.018860620447014875,-0.6159029011174966,-2.279751472206139,0.1642375203944043,0.21907018917999418,0.3123655424403179,-0.7374379360183481,-0.8472288752216738,-0.6117183540979231,-0.736723040587212,-0.9152461931263226,-0.9479127124590615,-0.940567722239849,-0.9430349160675432,-0.9035108247110246,-1.0454208167631078,-0.9684611626401816,-0.9970973492654606,-0.900554240359337,-1.0593438055375322,-0.7851026175951087,-0.8244374535549397,-0.8327860867765375,-0.928818674607888,-0.9155632083851056,-0.8621695520937267,-0.7938775240749201,-0.8067346773150753,-0.7787504287024805,-0.7807788049757328,-0.7668687736928005,-0.9351197694566488,-2.1360269748559992,-0.994730871446254,-1.0444762598744104,-0.9742655946040605,-1.0260613003270749,-0.7648096769504584,-0.9575199298812257,-0.5068104702966366,-0.5050554352605955,-0.8339609866954361,-0.9374815749623823,-0.8005487320348853,-1.0600544806057774,-0.9267695936608953,-0.9131368387382397,-0.9958151650906025,-0.9672598106832746,-0.83893202899766,-0.8330721663603476,-0.9050284774855055,-1.0612338030584665,-0.6597761368732731,-0.7618529256059209,-0.8071843507993091,-0.9184916150935667,-0.914484964629458,-0.9342130681592784,0.9720551067256947,0.9920023158410575,1.014899653482768,1.0543720014772453,1.0374047243084317,1.0426399751388828,1.0192722689539513,0.9776318769928447,0.9415149844280103,0.9019569870091169,0.8605398021742409,0.8023672647315548,0.6823884511348417,0.504160110776337,0.2536652242714325,-0.6460940382425959,0.43905033559203144,0.8947075902909053,0.9861630070066268,1.029713005928871,1.0581190503822773,1.058164667981779,1.0293245826910702,1.0215303197221934,0.9952337947586782,0.9555107840391407,0.795366331820713,0.8436533687972992,0.7230572031329171,0.6780826785132015,0.7625548439034794,1.024978791612006,1.0084568171189585,0.9823534402908399,1.0131692072093401,1.024123293681062,1.0020048543045976,1.0007569795212683,0.9833852539632973,0.9585304346918987,0.9519282869075152,0.8917748064255876,0.8703388805116784,0.7748760597501229,0.7358946967717964,0.5612824496487441,0.24066343943066648,-0.6731404953588711,0.947884860943471,0.9933109006108806,1.0681452396949283,1.0766230482472103,1.0956212495168383,1.111087874263082,1.106376233153238,-1.0814275065616588,1.2563620357618959,-0.1361109615251706,0.3848732155025396,-0.47189241973743634,0.2052377717061953,0.8914241781489756,0.4251206428664966,0.08761988367522697,-1.3200760032572016,-1.0284403064687935,-1.0559208318271198,-0.9207225541728948,-1.1310942301829834,-0.8258855997948675,-1.0856186803595451,-0.9804222879209694,-1.4242115917398217,-0.9495609313503209,-1.0214932470886824,-0.8980870457769243,-1.0317003351556568,-1.0721746681993976,-1.039180543551422,-0.8256723702724753,-2.1931471851269717,-1.050040764607091,-0.984458476616223,-1.3843342913965613,-1.1243493990858437,-1.3672563622263763,-1.4620701530287403,-0.7632952086777397,-0.9372726615943214,-0.4928532835966187,-1.39820127296735,-0.8041360337767072,-1.7411722139261654,-0.9577455706430427,-1.0183943822125954,-1.5947428681410836,-1.2575141816165245,-1.631247792386274,-1.0838257564885034,-1.60097007319413,-0.7329734441411211,-0.8442650134394927,-1.299318423521098,-1.6500620574782272,-1.12878321928766,-1.0587680497649201,-0.8608370224592321,-0.9298182033491721,-0.7380993801407815,-1.0727533322950058,-0.8760704539870208,-1.0446981468361958,-1.3465993887875731,-1.0903837419271634,-0.9036973613282309,-0.8564466508074784,-0.8940496008584836,0.0,-0.0766255739347123,-1.3173691368869112,0.3925070355407008
0.7746376843113181,0.7603974070263796,-1.512924629132514,-1.2848213628477623,1.0322692536789908,1.015729962630667,1.0046196734650357,1.0034157161492874,1.0087850931058013,1.0051451711776007,1.0083292335186709,0.9915546968003696,1.005778541547736,1.0004968184212846,0.9961817821046948,0.9936201669274554,0.9751285004033448,0.9730480540409986,0.9503734403082585,0.9549286971338841,1.012912772863146,1.2351055873209311,1.046471571045918,1.0349136408662922,1.0162839761231943,0.9963489774219989,1.0087410353762347,1.0010935609990756,0.9874710622546474,0.9912293994905095,1.1857512999377646,0.9810769186350992,0.9096689615093279,0.8678902963838878,0.9835928900313189,0.949064086900673,1.056941288028563,1.0697560079952901,1.0442360750474804,1.0425618791406384,1.030412332480836,1.0183779062455465,1.004430480104176,1.0027365926848135,0.9933516016324306,0.9988861945001607,0.9728792305250433,0.9533981487824478,0.8917946832741775,0.785576201228043,0.8737979590154321,1.0285539921306392,1.0914414278910427,1.0468589919521938,1.0320354134741025,1.0185163362192613,1.014955730081414,0.3601394795224271,0.34030764207917497,0.18152257505827382,-2.5137274865960904,0.2121969744671035,-0.5011410973465126,-2.328059633754299,-0.9880676737281805,0.3380314129753972,0.6098221003430822,-1.0452190992731372,1.169863229760904,1.1425871154134812,1.1159621585182078,1.040457107500808,1.0369498381751963,0.9904443819253173,0.948585783547893,0.882512803623145,0.7097202203167456,0.9988430501324257,0.31722250367633315,0.5115011095291297,1.1961980580128475,1.211646415153058,1.1524080513520507,1.1024764077275915,1.0920295476456172,1.1531353349061915,1.1076095542185056,1.0783630209055686,1.0740546695176196,1.0728447878289065,1.0145223607619782,1.0483626353375513,1.0240642886653526,0.9219804898197053,-0.8807057785992141,0.8024731930764952,0.9415915616685876,0.8720728991716874,0.40407958505676633,0.33300204028612873,0.1073251822150259,1.711150345971383,1.5388715521811884,1.2279011511946318,1.0685761528883009,1.0238463798285087,1.0589974128363484,1.050800249794249,1.00992064910916,0.841227271791226,0.7388703411338763,0.8216157287730335,0.44096185292612206,0.5555073448710702,0.7554478874595896,1.176607338145627,1.2469120416123816,1.331081845578972,1.2618982515014054,1.1649041334813506,1.1175381198715084,-1.672278644214445,-1.894681733013697,-2.044877902031958,-1.8638323314481904,-1.6484120599508991,-1.4612705848589749,-1.2980470432938238,-1.1372652889743597,-0.9537559255751193,-0.7395320082529149,-0.5613326921614493,-0.34062737056746456,0.040732895648044096,0.37050876571697994,0.7180695752989568,0.980117447751783,0.058850438631594996,-2.372773053066386,-2.2349762275576066,-1.8745347860518298,-1.6321748995546952,-1.4115650688419297,-1.218158064358018,-1.0085591418540734,-0.8401908181236268,-0.6580792410822645,0.4577520439701601,-0.07264918210365519,0.36296316229757264,0.6307395061868754,0.137365120600109,-0.9735181175730041,-1.763149560151353,-1.9108890272715466,-1.7333528612052116,-1.5861807556865506,-1.4648543473114635,-1.3509434625724845,-1.2112202193825885,-1.090182124643048,-0.955309413835066,-0.8155175351955307,-0.6725625036289803,-0.43377349057869447,-0.25467808961346033,0.13227509273088328,0.577326683460657,1.0380820385097258,-0.8958218525020639,-2.074819522213425,-1.7911909459534254,-1.5830235673026292,-1.4322881298838355,-0.7730182484481589,-1.0756820948809547,7.354560604949408e-16,0.6709581780718801,-0.6758262059616622,0.5524041783761522,0.3668948527654903,0.06032385243433039,0.4240488761762976,-0.9936150730735571,0.14684323719405298,0.8684050091475806,0.8804278289623856,0.9111218881713941,0.918205879778406,0.9206583538742048,0.9833365313879602,0.9503550142331242,0.9796453898276207,0.9724262927961921,0.9774866564048327,0.9909216714487346,0.9743111076993335,1.012018718340027,1.0071534666560773,0.983254395788179,1.0499190489655024,0.7672434832382845,0.7879539976491052,0.8305243797204095,0.9519386814138019,0.8934107415611396,0.8691576674933779,0.9118154211730715,0.8798017877194864,0.8750780745680785,0.994012220872748,-2.4477154906697427,0.9991904024859594,0.8627985045952811,0.8819933003749315,0.9963355616947803,0.8059625940657185,0.8005466432215989,0.9378745376738392,0.8802099146766648,0.8879152450449295,0.9091995063919799,0.9185692608927453,0.9315386739179667,0.9291278026522862,0.9379740146263793,0.9434801563502649,0.9677126728773505,0.9501458551001272,0.9527172809758941,0.9399879412066457,0.9614391113306179,1.1227821062328809,0.7664318868177429,0.8635976647655352,0.924564160344663,0.9433464814174712,0.9492648398562263,0.39867850107467695,0.16315910319768356,-0.2902231378720744,-1.3610746025506497
0.5930564731973114,-0.48128385157269205,0.16085400070982467,0.21992462100890503,-1.0098883475723353,-0.8079290902207086,-1.1148729269629019,-1.2095196810124282,-1.1426434534289038,-0.971826395651384,-0.9549123493058245,-0.915430434743579,-0.842658083986512,-0.9172892008913565,-0.8723011313110715,-0.6768653040526795,-1.068681961919032,-0.5701122481686222,-0.5889062763338084,-0.9578189019344135,-0.6877816340756814,-0.8154987196102341,-1.0048569686756672,-0.8300280602279722,-1.1104154237436525,-0.7840782738809285,-0.86487461826338,-1.093301907066166,-0.8897205949943622,-0.9899478532544992,-1.3400661791368418,-0.8783776817265674,-0.7595581425812677,-0.956795423676418,-1.21914359279771,-0.5286655947959125,-0.6412076241246393,-1.029364005915795,-0.8325308211656672,-0.7771962928932173,-1.00336639193311,-0.7907201868806029,-0.8084859681009022,-1.0946602241010297,-0.598106099398721,-0.8515200577582531,-0.7937317370521866,0.0,-1.006683913454092,-0.845363805897277,-1.124941733449489,-1.5771206216979596,-0.7710311788355222,-1.246025317621248,-0.875647209228328,-1.0283027229819721,-0.9673704688033463,-2.3920936071579675,0.9636288325565344,-1.83933329057542,-0.5279308967715007,-0.2390789134975495,-1.0698701495063818,0.9409728896751793,-0.4317697412805271,-1.6291157894080088,1.222031840522894,1.0959813793873157,-1.1747243593317729,-1.3289895030086423,-1.3119576538901654,-2.0197682706048457,-1.52529573431094,-0.4243383868305664,-0.6269361027609883,-0.6519775753966565,-0.5377203747767192,-0.7361959727943916,-0.8589559936258586,-0.8650628154931833,-0.9254406306177152,-0.8257328355983705,-0.9810828414436044,-1.0944936138886037,-1.1230958682229728,-1.133530772368018,-1.3194489559769234,-1.1262982459550748,-1.384368270419426,-1.2135311506503579,-0.9546772060047354,-0.6558742589542902,-0.695665748918258,-0.8306365742631745,-0.9428931463259439,-0.979727409654182,-1.069484166106542,-1.0916315589481682,-1.2767135749271945,-0.9518859516930812,-2.052916941310302,-0.9004988943267312,-1.9172099850992768,-1.0631202709032896,-0.8968907815299397,-0.9381533410824667,-0.4956088391307337,-0.6165103169532806,-0.7442883251260931,-0.7313575312093646,-0.978951265970395,-0.8979026533613478,-0.8190402280144159,-0.7951095691741099,-0.9202402878617726,-1.0267427541071212,-0.8865935790803702,-1.107134661273844,-1.3116609807883541,-1.0902702100468846,-1.4662097929816797,-0.6627543665137537,-0.9501230096283991,-0.6281010693258705,-0.29284414950408494,0.0655584704925513,0.3754162382957927,0.6223421089737894,0.8397867312353281,1.0761980003260239,1.2796113468704393,1.4759613070160427,1.6715607615620676,1.8860534424869024,2.0170251894654134,1.8994156045526456,2.037944647067098,1.2133933866273217,-1.6934408990611642,-1.0270312300808102,-0.36733615392216995,0.07639254468293584,0.3967983048426392,0.6655833074957551,0.8929204859583592,1.1301755741236015,1.3609558391836194,1.1371341775779913,1.781595365860873,1.9758359221227497,2.1124494475108913,2.0052810144624673,0.41934351257170255,-0.4335024232581975,-0.39520424600754284,-0.13432628779062214,0.12623416774664345,0.3644975171409349,0.5661251476352933,0.7438244229362035,0.9103228665597833,1.0713435101823336,1.2317869488293918,1.3946458227402714,1.5935036799596272,1.777021822776971,1.9785565426667033,2.0029413843402324,2.309020555190333,0.07389396740236318,-1.2001973750523782,-0.34835904333471607,0.125479277032817,0.41305229784145076,1.060977751571801,1.074474016500195,0.9171759707827983,1.1974881754959525,-0.4544157411541331,-0.8556872037654326,-0.13523619994451405,0.4753838870239344,0.6723803204854191,-1.5487312932495572,0.17419400310890026,-1.0519584183480688,-1.091349759437626,-1.2253731478570702,-0.8355449558756091,-1.2218002822422378,-1.0817981403559263,-0.9766035075979944,-0.9529074973409087,-1.0676829018767753,-0.8709937952286138,-1.0338840175936475,-0.9881675816528516,-0.9484415710789572,-0.7758699063434814,-0.7645580884174065,-1.7001215290082672,-0.7926221132384379,-2.066684205245379,0.0,-0.948119253597953,-1.3677398214070011,-1.305120121902942,-1.073355523162404,-1.663754025146547,-0.7516311876881502,-1.2653382586091433,-0.828083772692553,-0.7475348798484803,-0.8710356563633728,-1.3483715395316713,-1.1810447075810429,-0.8786381804417005,-1.1454045834644138,-0.7815468660419274,-0.915256499461205,-1.30045053079434,-0.9747738064325627,-1.6800862552915992,-1.299318423521098,-0.9387377492001809,-0.8173109078298337,-1.3187891982972857,-0.7949153015875878,-0.8806174159037143,-0.6997201549198181,-0.9919477266843942,-1.347915186490912,-0.4966739250183574,-0.7840547498620807,-0.8768925942815397,-1.5321511930717735,-1.0174887352263562,-1.3526693913872287,0.10212317999782679,-0.6752227273597746,0.14528517700036334,0.7011864460270805
0.8065532138132202,-0.48128385157269205,0.5484767806776718,0.009342746771311214,0.9756824246060753,0.9843718142057233,0.9940027757432602,1.0011438796142542,0.999641655298802,0.9930323128338254,1.0005248337730928,0.9869902019099794,1.0001880904999478,1.0047643382198932,1.0002017221748571,0.996417404527807,1.0207906397887583,1.0242340410965323,1.0478782954016885,0.9645692350166473,0.8526799948614251,0.8294923987247868,0.9900757459386818,0.9756012740157454,0.9915923476830946,1.0071481532563338,0.9784265902200338,1.0192836991407541,1.0116282013103506,0.9880010288160639,-0.8211937056243448,0.98927162173646,1.0420845165377508,1.068656201971719,0.9643427213986245,1.0767480812083627,0.9932321999181204,0.9378284918529077,0.978192986938443,0.9788262417178543,0.9693582804004683,0.9822276706339464,0.994321131299483,1.0067379623766821,1.0131120114719563,0.9992247373162155,1.0032846071455788,1.0074472135575414,1.0110587877427721,1.0436453376081871,1.1017403879139387,1.0159476064711752,0.9221352986252174,0.9484210806348438,0.9769921415394391,1.0034394309339665,1.013388628531924,1.2098884638189125,0.34030764207917497,0.5575762707594215,-1.2608293335350214,0.7647411159187681,0.8515875636978131,-1.002891360300985,-0.9880676737281805,0.45362736129869946,-2.3234635395897,-1.0452190992731372,0.9023548376256507,0.9234520147406401,0.9407425010657572,0.9587239216997322,0.9606144882026447,0.9869622228844518,1.0266029652604538,1.0370382461570193,1.1504158852704118,0.8708133036197238,1.412888913071654,1.3020777051369614,0.6575138609167314,0.854505161199778,0.9240547770318633,0.9874552439524563,1.0030212679638422,0.9209832973079926,1.0252269915846917,1.0225779010951355,0.981644561814281,0.9866452262256091,0.9809585577617931,0.9698037255615963,0.9723999469417852,1.0528129730447506,1.499178086934191,1.1076942944789165,0.9384810473481123,1.0025529388397438,1.234994037158489,0.9540920560962417,0.3467030982777245,0.27608162416162657,0.8778123733024518,0.8383504848198926,0.9197426317996422,0.9617170058648205,0.9776973769400524,0.9960300858837194,1.011865729166212,1.0997759727858172,1.1366864736567168,1.0412070708995327,1.2701441025114821,1.275552148908315,1.2106331791782838,0.8429414607836042,0.9314011132076987,0.8655012259607557,0.9286147664135553,0.8745320506255929,0.8843231740925341,-0.2732528071692683,-0.2548852584653066,-0.4176209732184048,-0.5099174830429534,-0.7029084321352891,-0.7888990640416361,-0.9003879442573628,-0.925546476983311,-1.001318048689124,-1.1393005360355088,-1.073952262076168,-1.0994360010691981,-1.166643627079442,-1.0554333325014225,-0.7072423276990206,-0.8116999262947504,-0.40026538909143405,-0.106889588659031,-0.2794437197890997,-0.574350420482907,-0.7560775033001145,-0.8687379210375765,-0.9910861797707556,-1.0906876254787485,-1.1356921792131698,-1.112872795562114,-1.2495995884249305,-1.146392194154622,-1.4315227629085783,-1.4568683158577862,-1.30900362389711,-0.5356165895827666,-0.41220327811094154,-0.44538941341194943,-0.5988182124142646,-0.6939009726763702,-0.8341828284759772,-0.8539122034869607,-0.9112932327745039,-0.9718573338159336,-0.9893491142684755,-1.0893155653945437,-1.0130001236651647,-1.166903881065771,-1.0593229779206528,-1.0467050368131856,-0.7882206703660521,-0.8134325179679279,-0.21853230322251782,-0.2972620312915458,-0.577348719517499,-0.7715207223365298,-0.8336728075021004,-0.5260360564001845,-1.2408904175993178,-0.11153040512322977,-1.9716029449259675,1.5550073162405451,0.24253016788231543,1.4022402270317087,0.7676666362491249,1.5807764510938394,1.0008530984267998,0.5274213330241312,0.991894926042128,1.0082493854856387,0.9981420121952476,0.9877857300260299,0.956255509005807,1.0146101085218986,0.9665661166794569,0.987580513432448,0.9683390589453144,0.9547394103810658,0.9640048153113934,0.9354876709413481,0.9491007002429731,0.9213457017211552,0.8660007042906867,0.7009572568185196,0.91158116121685,0.9616662182553604,0.9286187792975558,1.0162873725059032,0.9528834271389314,0.9032494387369223,0.9022232816744563,0.896552248739733,0.8703929955956858,0.977590723828702,-0.7532862151357745,0.9782008575970721,0.8076375768648969,0.803019402432788,0.7709742987823499,0.8206276713441086,0.886486599799694,0.9996208506156607,0.9181610816225405,0.912972706461299,0.9176976846667526,0.9386212156638625,0.9404414973178494,0.9343683430910252,0.9443933009819543,0.9276777988709124,0.9552813522769439,0.9370554053613385,0.930966612867502,0.8897331963421357,0.8649726970902033,0.8871619939747709,0.9808451509886267,0.9326909980072147,0.95658284135777,0.9437516347766862,0.960721651251068,0.5668200886861263,0.0022558558768979407,-0.410638161462708,1.2078760636703458
0.7746376843113181,0.8921435835089888,-1.512924629132514,-1.2848213628477623,-0.8954418667069971,-1.518858669837166,-1.5852801842804187,-1.1857983863828736,-1.0198791356121353,-1.0891361219014588,-1.1690396446913174,-1.3027432434255264,-0.9500467307172644,-0.8716481377758581,-0.9183339102620385,-1.116163642820336,-1.1770804778546413,-0.7099378484981725,-0.9454019134110199,-0.6936233304994746,-1.0913700814168028,-1.1306765251562696,-1.6588019918867853,-1.0368726547632794,-1.0192391369896892,-0.8233854558242424,-1.210536722464582,-1.093301907066166,-1.0886862173282044,-0.8685227014566222,-0.9882333325117163,-0.7480026973639459,-1.2767881720819003,-0.7465344152193055,-0.560071729731484,-1.4053162415498386,-1.008491701901456,-1.1954473466368594,-0.8132271163150646,-1.1159958530103504,-1.00336639193311,-0.8775670093155785,-0.794063704458595,-0.7428883316283226,-0.9959224525068072,-1.1460929263457262,-1.2700707379220941,-0.9247620707009601,-1.3486969161330826,-1.0141754836286023,-0.7062513812665075,-0.9203248890980332,-0.9748685375473871,-1.2931894968525515,-0.875647209228328,-1.1829783323626113,-1.0524122332991475,-1.135968987273532,-1.3076639455821428,0.18152257505827382,1.3761788400615838,0.0717587506049537,-0.5011410973465126,0.004732707262208421,0.5503935877856895,-0.009556372186588573,-1.2284538644976581,0.9911578632970446,-0.8595673059192716,-1.077251792800706,-0.9369012913370511,-0.9822656582961532,-0.9971627415760711,-0.9638096972635172,-1.0557267221675224,-0.9509285818007378,-0.9295570382689858,-0.9960619828154462,-1.1146229173288476,-1.0930869521769135,-0.883260900741379,-0.9383607159075017,-1.0820678890261521,-0.9846053085093202,-0.9948246052725827,-0.9489829422580819,-1.0188718357883366,-0.9089388783116592,-1.3014819696591524,-0.9508537352055575,-0.9428326561841623,-1.0035637551212147,-0.8876395007433698,-0.9207914815758976,-1.1558849167506269,-0.9322376344892508,-0.9726065086211708,-0.876699614820081,-0.9938263128147496,-0.8732336284604929,-0.6801565676899812,-0.3978749196932356,-1.101596396297403,-0.913518002247911,-1.0978770181896054,-1.0873590384062881,-1.001609379869432,-0.8514282421317859,-0.9994808894755804,-1.0084734668566193,-0.9572639803350106,-1.0296420870198242,-0.8354927977225756,-1.2329040457114826,-0.8173759656131708,-1.0663522274069355,-1.2680311156067368,-0.8263132808813456,-1.0451695595601351,-0.9110336656478097,-0.879513476846079,0.9496938911558672,0.9680977439187632,1.01266732137906,1.0528479068436067,1.042122601700967,1.0438309276571087,1.0339478571097866,0.9977925053865202,0.9789687334133057,0.9262080653159891,0.8698376324566188,0.8033657239056529,0.6928323439086899,0.5211958909973259,0.2608898182452492,-0.6345116421893522,0.4557588476261648,0.8846568070033156,0.955453634652097,1.0399745422145066,1.0560720599201887,1.0654245065482337,1.056829675713846,1.0409330163329389,1.0107380831608836,0.9600334055133849,0.2977759568193217,0.853263951940056,0.7327974928886286,0.6531967555081752,0.8225201369831996,1.0446131747426617,1.0209554849803386,1.0140151864805356,1.0117902093460487,1.0297936577761797,1.012669465721028,1.008934638408058,0.9989837392286882,0.9712571087230096,0.9630082756038796,0.9156225476687625,0.8751713136667575,0.8097424641451553,0.725826527101951,0.5687553070911749,0.2927531024688415,-0.6387025368157645,0.9128843342866202,1.0050167333934175,1.049399223598462,1.0704961007891314,1.0846675935724028,1.1086869709884277,1.1024690044478946,0.4068702458107779,0.7753442976732374,0.9829214340617938,0.2876594872202937,0.2256598577778305,0.7285183473821538,0.23534196648083625,0.6306276322807534,-2.055305215689044,-0.9349460134821864,-0.7331188659759832,-1.1692464852701414,-1.0838971474878347,-1.351299009555961,-0.9906124954314264,-1.0856186803595451,-0.9749599618044834,-1.548960038447786,-0.8916675234322974,-1.5218868015472453,-1.1314651895998113,-0.8782837100253675,-1.6324713204854095,-0.924684321204112,-1.3616751505041498,-0.7754064711144282,-0.7979857066909014,-0.9685203533529557,-0.9057418875777622,-0.8404019520926268,-1.2468967280760077,-1.0770531055019013,-1.159472459169008,-1.3701120895484484,-0.6176329714713275,0.9452237060890903,-0.8385480973104986,-0.5994767992426832,-1.442498357104358,-1.2746068257162393,-0.7951346395297315,-1.3692877820904912,-1.266264792506702,-1.019854714421753,-1.3539646182330487,-0.9564318875366175,-1.0801137351856671,-0.9831945063877042,-1.1694185687941676,-0.72925108158826,-0.8652710234050424,-1.744415203033004,-0.9593832749975347,-0.8656523014667742,-1.0997748344447824,-0.9867602626361313,-0.6253236799488434,-1.0081190578835226,-1.6268745269529346,-1.169373675924158,-1.1655784706270762,-1.4501597672201156,0.39867850107467695,0.22996783758945208,-1.9962757137113412,-0.20630390389088502
1.206432015412118,0.9690555428676901,0.8399139058729299,-0.021444730107692378,1.0227748043458937,0.9998515241682658,0.9866060727028223,0.9893105930569447,1.0035602481600259,0.9978596338993427,1.005382214394012,0.9908310418861489,1.008340757874128,1.0080303256155179,1.0045716227367938,1.0091969634158275,1.0032136018864364,0.9981773094846845,1.0131116734324348,1.0160572740423983,1.0304723849720943,1.0518521605279307,0.962488012818427,1.0059066537964843,1.003237123202983,0.9956323678612452,1.0113255782729569,1.0113346072427827,1.0093660231844985,1.0190427359342924,1.2952618662223034,1.0377080237709364,1.0281958602135974,1.0228091580623613,1.0851406840158344,0.9026668846764959,0.8679101826560276,0.9410175378429833,0.9344252949483899,0.9719537161444635,0.9712361807809948,0.9760828676067194,0.9782379502192791,0.9860782308885784,0.9860292059772192,0.9893806886888056,0.9780808564302808,0.9984071733422814,0.9537701690013097,0.8662610394164907,0.6436621666982493,0.8666210295799447,1.0157396760088535,1.0045902369871909,1.0091817217263148,1.009956069430174,1.0218927721351643,-0.3902170440593441,0.7851693670260466,1.3884951918548127,1.0218610115594267,0.0717587506049537,1.2547887179366093,1.4386354354346294,-0.0059043446619641065,-1.0892626503342022,0.0,-1.393399914825263,0.5567589971747142,0.7441731655325593,0.8972676783132721,0.9164943524459449,0.9610947710318937,0.950530924985474,0.963682723858701,0.9797825500385577,0.9737271789313409,1.2524092610379725,0.970435506172301,1.0471429676423079,1.794910332404266,1.5754831833671346,1.4752247227884152,0.9816296470063461,0.9900972162894341,0.9812720275807724,0.999718768184118,0.9337171276505695,0.9447060769686607,0.9743595165987632,0.9466111910609402,0.9739732479855819,0.9782446108918232,0.913848312447955,-0.3328560278903827,0.880925600398511,1.078464745943654,1.125164621989914,0.7878889325352915,1.1509587730954485,0.8624257286438013,-0.8109824200843134,0.7737165356578105,1.0537895727234718,1.0270494744953156,1.0175856389712785,1.0625944314369389,1.113960352595071,1.1330463358754788,1.079710159047343,1.0940993919990516,1.2607049365986018,1.1278330499617213,1.1624180464689253,1.143787750903552,1.1586749168660486,0.945361997067233,0.7292451801457452,0.7575667421955686,0.8601821043195652,0.8671748671431233,-0.28787818768923995,-0.34959075739308604,-0.47143358426782406,-0.5929711531509255,-0.6715540203814324,-0.7855879219074597,-0.9145517755267997,-0.9799904384819299,-1.0493495406898516,-0.9969458503096905,-1.1273980622027515,-1.1425443838225027,-0.986183614790827,-0.8643682282165935,-0.5070942913322822,-0.21127428094788162,0.07967386163574856,0.07559319371400314,-0.26129904074342136,-0.5321731062452018,-0.7402917207493949,-0.8200644072335557,-0.9878052436310806,-1.042467960819985,-1.1240784234014953,-1.2890830894782555,-3.4639794902724055,-1.5105982255745256,-1.442002074481684,-1.7414372456016864,-2.1825690536647144,-0.8705110514526798,-0.5223562447748037,-0.5169276816680908,-0.5880542970944125,-0.6869064279237735,-0.7444717820353166,-0.842850921525637,-0.8620506407228673,-0.8823738437849121,-0.953830210743438,-0.9766535634999637,-1.0302706140103974,-0.9876530583789696,-1.050124154618563,-0.9260930339663831,-0.6282121897882512,-0.3018153707178595,-0.07898190851062295,-0.24677683051208624,-0.6061686162565243,-0.8083946499100847,-0.9174486745101875,-0.7190725137069803,-0.6311812292856659,-0.45825785452094064,-1.711665079978822,-1.4644532440444344,0.6257097782863281,0.590786806861589,-0.8387993161465197,1.0966180168709898,-0.6721446720298313,-1.1824395703216424,0.9978525111236102,1.0057194087542451,1.0130615496334991,0.9882469376037563,0.9703151172843635,1.0166634440093247,0.9695648645285054,0.9919723926816694,0.9697702276029223,0.9681782312517608,0.9677066601970419,0.9397516401208457,0.9508653787526136,0.9196183271382397,0.85367008101086,0.9072190924152702,0.9394029414958756,0.969370357651061,0.9121770484021716,1.0109824042812319,0.9430127042398467,0.8923901906964494,0.8893611137836728,0.8600540385290495,0.8602309420891856,0.9822104524936428,0.05585470031739108,0.9557482210388409,0.8367588773894875,0.7795269739190926,0.8579746546278343,0.7170826081205518,0.8255534675485562,1.002241120215038,0.9157216348903745,0.9232138982792766,0.9350812547381678,0.9394565603167934,0.9417696029278043,0.9375421631188384,0.9354535582094231,0.9362593984378899,0.9512262689357422,0.9383512453037287,0.9336543326288549,0.9121561898411948,0.9185076757035203,1.046086686342221,0.880980807433055,0.9072555511789904,0.9548054441975756,0.9578705911842522,0.958683645248684,-0.5835823353718887,0.15660017716302277,0.05801628431833231,0.4143738663300525
-1.8446957773227404,-0.5636028042786637,-0.10762909619296471,-0.021444730107692378,-1.0098883475723353,-0.646176345744008,-0.8648613872749707,-1.02498035159212,-0.7161467602995396,-0.6038251144649874,-0.8246532081976007,-0.6804375593313058,-0.9021127693090638,-0.8448059633340854,-0.6991210359691723,-0.973881224267844,-0.9595778033180645,-0.5090588324708165,-1.3575454118284447,-1.0694909190331672,-1.5517219913023974,-1.2606837705498637,-0.8995953309339533,-0.7470539881593814,-0.9720102435914292,-0.9213699516879027,-0.7312926674932827,-1.0404964006221684,-0.7743013958784494,-1.2088078764856862,-0.8211937056243448,-0.7219131195661388,-0.9371521511006096,-1.2211258794694062,-1.085114587267813,-1.1085057262372264,-1.0683649136433104,-1.0167699286487395,-0.7276174271043332,-0.8282275549173567,-1.2401467707988327,-0.9964189226168484,-1.0505171093682748,-1.2236126251449355,-0.9457343999972266,-0.7130660844154761,-1.0757133040779416,-1.1756606528641746,-0.906805967702681,-0.8187689986172539,-0.731490802692579,-1.399629355084416,-3.913290549257598e-16,-1.000178852672486,-0.8678086838399289,-1.0082064167423668,-0.6817311391207211,-1.135968987273532,-1.1069993422288438,-0.12704908732519424,-0.5279308967715007,-1.6622695270953658,-0.06575924665205067,0.44448198885546947,-0.22120450785707202,1.0822252400386523,-0.5046918376588321,-0.5317325310687102,-1.0420482805864237,-0.9575439240716634,-1.0221430984824271,-0.9297718169518412,-1.0027271080238398,-1.1146816498549177,-1.0265631936474329,-0.8203816832925813,-1.0895967678435763,-0.9811499881159462,-1.0282613795653228,-1.0274125031215795,-1.0555428327294056,-0.9594690891200306,-0.9195521595057589,-1.0638425033855023,-1.0423479818757309,-1.0170729628951394,-0.9763069428554129,-0.9641408294727706,-0.8288844894695981,-0.8676943551481273,-1.043219010276068,-1.4232685949932316,-1.2857835212162487,-0.8771014771169834,-0.231878424671351,-0.9375401452473865,-0.9479494740722911,-0.9397407488866871,-1.026750275941477,-0.8276266880288227,-0.6592736812712645,-0.5239130094082501,-0.7500728076927817,-0.8191533385606817,-0.8446109411859846,-1.5047248199747152,-1.1220189078681586,-1.2625268210238787,-1.0109344291942806,-1.0174420997803741,-0.9628951360929896,-1.1917978223182735,-0.8610803216299026,-1.2490564790003618,-1.1371552297938492,-0.8983141267968784,-0.8963225747866187,-1.3914888970355235,-0.8352318034669015,-0.7566077492433088,-0.9027395286685894,1.0054494968702525,0.989365980970401,1.0330798168951965,1.0598470575376298,1.084841277983753,1.0913711839016433,1.0705004499500053,1.0563760164538551,1.0298136537137368,0.9956061857912514,0.9579612429591946,0.8909744847263132,0.8322255435069226,0.6877338342435027,0.5017214167568753,0.20984623071432457,0.6243210889006062,0.8647208948396569,0.912361564034226,0.9628561198185378,0.9826499641895396,0.9746509691563682,0.9578641057079048,0.932004962457715,0.8887158947337808,0.7949341355862263,0.8250381486411794,0.5906618435794897,0.39325503999921585,0.1346932878298515,0.2454518535799828,0.9079604705623191,1.0368967680627692,1.0205497458749275,1.0878186325782715,1.0946153571852386,1.08278646446618,1.07190147461559,1.0610707974601459,1.053766587505387,1.035627274687121,1.0259058518003346,0.9825255404047561,0.939557159768515,0.8723821739774191,0.7859620863412482,0.5960827538870154,0.18570517616333987,0.8091174738992402,0.8781419534953785,0.951689448280263,0.9685563621592432,0.9785724951573803,1.095606647078828,1.089015578427473,1.2565435938316534,0.6778146192154869,0.06763388433005753,-0.2354069941314463,0.8486352619718575,-1.7925463303692821,-3.1948055992614077,-0.6375164022696549,-0.48773545091810944,-0.8070085720552598,-0.6991593414597345,-1.0304430424575963,-0.9858081826314098,-1.3096097309815162,-0.9870349589086542,-1.0142590889648488,-1.0124479449003916,-0.88061374771454,-0.8870444656551622,-1.207903074991215,-1.216573660428858,-1.1690008020620708,-0.9978598483095853,-0.924684321204112,-1.499626770676678,-0.6538074208485822,-0.7979857066909014,-1.0247848918875382,-0.9001396807341394,-1.164889206374315,-0.6615823137928729,-0.8244241031113954,-0.8626078613945102,-1.280461933961621,-0.7919545435069629,0.4462487889324797,-0.7789886427924384,-1.3268283269928507,-1.1321096000901947,-1.1810447075810429,-0.8346444524137854,-1.5893000725941977,-0.47261784571718707,-0.6428985087222064,-0.589523615718804,-0.8269448599014428,-0.7677702292636782,-1.0755120709213764,-0.9547389509978813,-1.0758322026487863,-1.4378196634836908,-1.152780115446201,-0.9350619569544177,-1.022296085720615,-1.3576241873133303,-0.9682760434680358,-1.0446981468361958,-1.0023522741863056,-0.9534323952687954,-1.1102351060442999,-1.0522106325981258,-1.1844624103474304,-0.1661973542971436,-0.28843265321354,-1.4827027142039229,-0.6297926848343561
-0.5350290465057111,-1.022844887208657,-0.3024689427278747,-0.7407146631089159,0.9700582253643661,0.9659760839444488,0.9958403102041624,0.9977613267470516,1.0005787095234144,0.9946354071241911,1.006763477893101,0.994386052221103,1.0149749677072835,0.9970004382958484,1.0152582377592647,1.0163341691763126,0.9785853871307931,0.9878003129860818,0.9795195127605903,1.0785611862246223,1.137508515701962,0.9357533757663004,0.9706326167483872,0.9931205191360154,0.9919332666797647,0.9898833782007185,0.9826489731325715,0.9951380784025158,0.9850403296987786,1.0009979000977514,0.23503550755881447,1.019865782524593,0.9703067269247793,0.9629202710685368,1.0341604700187002,0.9377017970972168,1.0051214823093537,0.9890452450636005,1.0023477275480648,0.988717742781834,0.9901141033365677,1.000939931321779,0.9966233016120828,1.001252014707208,1.000789318946967,1.0399487124744837,1.0442951567308252,1.0010283508868782,1.072909883769618,1.1099378126018102,1.0326728817885549,0.9146420710302224,0.9861332511531383,0.9890310339151632,0.9929840623014448,0.9564249831277416,0.9788406927001274,0.48698129613570196,1.5869500230338944,0.2129033840809519,-0.19559044240969192,-1.0063986501517637,0.8672166568758132,0.6450739173520531,-0.5163287478896559,0.36857820838385247,0.33630455594927794,-1.5587056674775641,1.076078020556934,1.0587631950532366,1.0018315834988363,0.9857877071507049,1.0061841339181907,1.0093457502620773,1.0120166628047016,1.0073959296994346,0.9949769522842693,1.1412106883743243,0.8626704757482129,0.8504857342280491,0.9755577556819188,0.8636105675313049,0.6865632881000601,0.9605555145714026,1.000030239587637,1.0143178879792094,0.8682758661658133,0.9348169079039332,0.942442095547645,0.9658774525165074,1.0171056743182212,1.0120681894358006,1.016419935735697,1.0377281509119665,-2.1360269748559992,1.0781085460503488,1.1592829068452406,1.2074827081843529,1.2460181687093466,1.5648537180523827,1.519256057201683,-0.04849798690132044,0.2503417704647762,0.8290897543990651,0.8584339168575436,0.9302140579489495,0.9281648303837601,0.9595668531593693,0.9707489698696887,1.0087854794851607,1.0176162892812408,1.012473167913036,1.0342962717764739,1.0701993917755386,1.0752758895780186,1.0041922831121113,0.6743014418217582,0.7652894118020921,0.872673073586083,0.9933720063588004,0.9787056802889935,-0.1006924291390501,-0.2096729650820391,-0.4272759894382285,-0.6218870271435702,-0.7244457855549756,-0.8130681047712897,-0.9320143406944739,-0.9940363053619786,-1.081287781696506,-1.1357480235037472,-1.2146131386968397,-1.2017906825865123,-1.2432401892362317,-1.187282758216414,-1.0098992192513,-1.598085934270311,-0.4697423970484182,0.0006501318838066784,-0.29145745342069335,-0.49666811496788077,-0.6791439342838362,-0.7685486385882979,-0.8493518048994272,-0.9340920370060971,-0.984153507050985,-1.0640586337207587,0.22247280144405104,-1.0046636652378285,-0.9332939548187204,-0.7881351330323957,-0.6819463569317564,-0.58121742187576,-0.4783330854195288,-0.5208370080614103,-0.6642393102488233,-0.7484179225900431,-0.8406114748390549,-0.9210024394339599,-1.0002259945278378,-1.0501925993428622,-1.1165099262665408,-1.1558403644056945,-1.22733406062544,-1.2304524523253884,-1.3164483508683908,-1.3133955529259813,-1.2416146798273295,-1.6030638329961453,-0.1993817256297193,-0.21609180761996014,-0.47981030282227416,-0.6140491871261734,-0.7351716460370182,-0.9115680191614821,-0.7229270726255564,0.1649117975197771,-0.5736650734750134,0.43597492065358034,-1.5302188829053633,0.20609466496823908,0.5918054110732243,0.47930443646539245,-2.3885897126642686,-0.30957392495424063,0.9814245811651306,0.987599304385329,1.0052203523802783,0.9811416038892526,0.9620364209798191,1.0091332876251502,0.9615641215915566,0.9841946067576931,0.9648545438345258,0.9520494308501515,0.9635692177951067,0.9274659823445511,0.9146261141190213,0.8768876025769862,0.7774613808667172,0.7954591698938216,0.8944005909983149,0.9604424569619747,0.9389821328268027,1.0264145000362361,0.9534899506328797,0.9107488210577841,0.9151588283028604,0.890191366783477,0.8575202415555656,0.9770184875749136,1.080675439195313,0.9839768195862606,0.8352488905307989,0.7573104957608922,0.8878505157324128,0.7627067205881729,0.8933383412602282,0.9939804512017668,0.9218425181468153,0.9230013122216739,0.9254081800306877,0.9331664059204098,0.9306073494661036,0.9243357161744837,0.9313932541675166,0.9393436746530454,0.9562912094848031,0.9214853447488938,0.9417839596948007,0.9142169032970487,0.9294912526222778,0.9565321685391529,0.9758820418879209,0.940445206613164,0.9695868634733615,0.9365398230895067,0.9529577144248776,0.8050030525953035,0.25752240146465866,0.3106187543173745,0.7011864460270805
-0.5350290465057111,0.5409262888391775,0.7131468971418544,1.1832754105427612,-1.3366730169770613,-0.8311992973303161,-0.8316595377017071,-0.8287057673479872,-1.432974108970425,-0.703033691008951,-1.0778009686081722,-1.0832092156830044,-0.9021127693090638,-0.6319544192144987,-1.5185678588143432,-0.9010833425456994,-0.9898975389479931,-0.6635376229809894,-1.1514736626197324,-0.5876308797553121,-0.7586708870942347,-0.7070563401505083,-1.1157124056075898,-1.4395850171309679,-0.8725327943364182,-1.4216410816694025,-1.210536722464582,-1.3253102164729995,-0.8843685267092245,-1.1673731878141917,-0.8211937056243448,-1.4483852440965377,-1.3238776480352612,-1.4190409058187627,-0.9539182046962118,-0.515458451543671,-1.0683649136433104,0.0,-1.1469683693220147,-0.8858516439081339,-1.2401467707988327,-0.7079945886735611,-0.8084859681009022,-0.8753844396163136,-0.6339399433611475,-0.7911393778161838,-0.7898572064925228,-1.0152063408917629,-1.3486969161330826,-0.8549157662527616,-1.260868380786248,-1.1919778847355684,-1.0103685613138693,-1.0995199955312152,-0.875647209228328,-0.8334345011221223,-1.2850930033025092,0.9457335694102046,-1.1069993422288438,-0.7301479877610246,-1.0591577757835988,-0.2931634428173223,-0.11550190545556521,-1.002891360300985,-0.9880676737281805,-0.17127493068995442,0.33630455594927794,-1.5587056674775641,-0.9689978128434248,-0.9784244784486774,-0.9829229009433798,-1.2489023454487629,-1.4637352386681597,-0.7787952514460197,-0.8526813022486521,-0.7546360664865882,-0.6812822360021781,-0.6820313165814592,-0.819566844175441,-0.8384459034516502,-0.6947756021472397,-0.9195126251127318,-0.9195521595057589,-0.9378346158002048,-1.0401519694410488,-0.9622725818802758,-1.1038988783166457,-0.9525212710206731,-1.2764295152813077,-0.8199336171558852,-0.8362815505693831,-0.8293012968938884,-0.7598293496783279,-0.7885871453496605,0.9771592482131526,-0.8272365386904218,-0.7713354850903034,-0.9652580866003285,-0.8247744927496825,-0.9951473293167075,-0.7742867849123746,-1.1498948297264466,-0.9269065249635664,-1.2067951721585524,-0.9182063933974309,-0.4217633533065111,-0.5538999232621862,-0.7349353855123394,-0.7813813778509354,-0.7447332073202874,-0.7809498681619641,-0.8659749461652653,-0.8020585452803217,-0.8708353759941919,-1.0476405950928787,-1.0057594857406282,-0.8675871691865511,-0.932327301853601,-1.1327834731544675,-1.7167070053969034,-0.6395973922687832,-0.09964262647581151,0.18201545160949886,0.3534975111069599,0.5288576352478225,0.6834571795012742,0.807695969478146,0.9210912659601781,1.0356457967375885,1.1384036208037551,1.2219551990860584,1.2962118666543827,1.3711596624282927,1.4423803244207145,1.4823348965272607,1.3439671431076892,1.2837295444041825,-0.2282672070230506,-0.13785450613833497,0.18525876389530083,0.407782514298787,0.6282541723890073,0.7669953753519397,0.8793951929207428,0.9716871816393751,1.0873499846671562,1.1775029306405391,0.8250381486411794,1.3163566267263556,1.3123264024533554,1.2508431186159925,0.8625867984718746,0.16338774649568935,0.21035111783655241,0.3714390359100871,0.5426812283096774,0.6822705864668572,0.7863118329972533,0.8800897977099652,0.9628231585447119,1.0423561377789543,1.118773719826166,1.1730752283468409,1.2377943923432237,1.3240369919203965,1.3823283448699517,1.4487904993150262,1.4034268438037494,1.3891531670467578,-0.6450063115748206,0.11340181028616934,0.40697060091797377,0.5997487684550614,0.7152977175111287,1.083080774657489,1.0838915708301473,0.6215182477907008,0.4985448228712292,-2.220709644384947,0.8704917567178145,-2.7167891532966455,0.5918054110732243,-0.5071597239317451,-0.5736858633662014,-0.1118126791107657,-1.2171026678594974,-0.9495361667884392,-1.3249537670763496,-1.2089905228260394,-1.351299009555961,-1.211981570225521,-0.9766035075979944,-1.62182718115509,-0.760309328411148,-1.1239370315733939,-0.9761678204358438,-0.7407172782395488,-1.1462550418375212,-0.9484055793730077,-1.2618113386157521,-1.0036165349429884,-1.0180847893457146,-0.9018466754300906,-0.9584593968177223,-0.7397140007638993,-0.9501977895560657,-0.9574517476124024,-1.4284236330133926,-0.8839089774565962,-0.995183028170754,-0.7539785792625697,-1.4578182948647944,-0.7488596116394972,-0.8572627255217197,-1.0107412528582467,-0.8621931352551848,-1.5989792094243624,-0.9080036960231566,-0.3097933461854916,-0.4357787318964877,-0.822638118492229,-1.1189400927340685,-0.9876792258962458,-1.2874106060307315,-0.9894044990913816,-1.0289423778307716,-1.004442919536861,-1.1137835919665573,-1.0709729667120007,-1.745216175342198,-1.0029618868495136,-0.7096480798499379,-1.0328333033145705,-1.0800734351588652,-1.6268745269529346,-0.907192103345588,-1.1655784706270762,-1.1844624103474304,0.685837862087922,-1.2434212164652974,0.824191753824793,-0.7138797952477077
-1.0990718063572222,0.8921435835089888,-0.9076967859301944,-1.2848213628477623,0.9822042097640156,0.9896226641722223,1.0030012209064707,0.9909472283308994,1.00544663660543,0.993393432002308,0.9997816663931057,0.9919550540713112,1.0054364533983695,0.9962939143629175,1.0006756497343912,1.0036270623482728,0.9888352475187315,0.986791896489995,0.9950895657402682,0.9755930011546278,0.9383586690654562,0.9785137988895816,1.0440308843232577,1.0150810167878352,1.0224537367931403,1.005115513945335,0.9833191787440775,1.00836092494233,0.9965984042177332,0.9794104801488782,0.6770636739351847,0.9751450603993781,1.0023431051939262,0.9955266538476667,0.9464834695691875,1.0647506993972156,1.0876830964289794,1.0216422309509616,1.0240893274446778,1.0004963287911777,0.995486246756722,1.0004509844570766,0.9936666778615446,0.9999942137203771,0.9917422643242058,1.0068634230638882,0.9957066359620126,0.9453103324947332,0.9986421320274145,1.0136776823990052,1.0241452786906209,1.0809814680606042,1.0217309514198063,1.0132447729663447,1.0152984372837548,0.9951639162175273,0.9997444263587036,1.0472366687366528,0.9988985448192681,-1.83933329057542,1.0745229926053848,1.4386358075585939,-0.5011410973465126,-0.045183990238562295,1.4629767663396456,-0.9154687577532092,-0.5879142666419568,-0.36642677841640947,1.1433242893113036,1.0799238591553397,1.0191076217801192,0.9906042056421052,0.9930722194118914,0.9895457481324131,0.9914463281925546,1.0003296498440009,1.0045460247405735,0.8517912784391123,1.1825802493784758,1.1592773510106003,0.3792013931749087,0.6539179526459628,0.8556927014287997,1.1454791663702704,1.11484945582691,1.1113326517694955,1.0274564917683962,1.0620584945445743,1.0008081447482886,1.0183616571116236,1.013641977902562,0.9858198400360398,0.9768559371585006,1.040106791963923,0.022346314369217628,1.039712487700862,0.8894406320338738,0.8454622510008888,1.0234782885041813,0.3592617321930401,-0.44069717970998085,1.1008442271966308,1.2439530216201924,1.0807412515323491,1.0349621031674154,1.017119193280064,0.9760798615683213,0.9790721431409062,0.946522367935735,1.0499545913247055,1.0552260013675505,0.8571124118460812,1.0193321703454192,1.0667664267144057,1.0336416570593705,0.8436030821731348,1.027017487554789,1.1242208046621098,1.089665941407505,1.0431616960755423,1.0263519705646282,-1.0843255410909283,-1.056353909154975,-1.050947585577668,-1.057779688897053,-1.0983302189508606,-1.0980310785741096,-1.0290901347667403,-0.9773314490278487,-0.9096035003457725,-0.9005940007156938,-0.7398715812905458,-0.6168388790298538,-0.5436297115368716,-0.2855225231548328,0.10440966271946521,0.33129474943394494,-0.9146893257779872,-1.0039992714861954,-1.0147608515370183,-1.1100260253045149,-1.1643978130986485,-1.1384501442379715,-1.0930338431346787,-1.0825348127391135,-1.0090187707189753,-0.8594181612755316,-0.582298699778524,-0.5590917182894698,-0.45251515043275253,-0.3243573417169806,-0.7313415562208161,-1.2837468878760632,-1.1265051697405164,-1.0593200020284321,-1.1189050550472945,-1.0950901930921884,-1.0975470893783483,-1.0747748500988925,-1.0787227493673286,-1.0310472176780372,-0.9890412196196158,-0.9123207879474816,-0.8469024605038403,-0.8377534309569941,-0.6341148264456531,-0.40938396178046516,-0.01100719395382554,0.2552082496654296,-1.4317929583750033,-1.0523426953361659,-1.139444557867867,-1.148232419269754,-1.123679353887276,-0.8697465079622895,-0.6395153925594534,0.7122550657905761,-0.4814355700862091,0.2721843383167749,0.1097127887302147,-0.048712135544821566,0.2052377717061953,0.44283459910072387,-0.15375665365884583,-0.1756913566523268,0.9222802280615612,0.9493157644155594,0.9586777348859431,0.9532222107410865,0.9426423952892375,0.997213747434878,0.9557524768719905,0.9843198330171019,0.968776298332963,0.9633609191038729,0.9773289871188149,0.9569374908766553,0.976726432228221,0.9565730039527334,0.9313443833226401,0.9355405917603856,0.7911488128068659,0.8571461405760862,0.889265192122226,0.9796748045137792,0.9248375294730061,0.8863671324490077,0.8858374284864087,0.8697618912784656,0.861088821872697,0.9927344647554275,0.540433259327002,0.995670983725843,0.8728840395667428,0.8703902642918044,0.8796924797820092,0.8266079238465293,0.8799949967814775,0.9658998998949596,0.900883419055223,0.9008522042811128,0.9177677616239276,0.9281733702850865,0.9375214645938701,0.9264414749627133,0.9332384127361896,0.9375549001045085,0.958688035785237,0.9363419764622368,0.9445628900250234,0.9256539635476214,0.9475093802886146,0.9619943215391796,0.9847788287334865,0.9285100046961309,0.9548664340880683,0.9294920817982495,0.9358218372107462,-0.9881228796569118,0.3364038312762689,0.2416453398099319,0.21994166527569814
0.2425104539617093,-1.7387496353121354,-0.9076967859301944,-2.548197995587832,-1.5000653516794242,-1.518858669837166,-0.7115774987074892,-0.7876013243068629,-0.8040667763233399,-0.7728372425816493,-0.7509790058575924,-0.46827465042689814,-0.7719946462671411,-0.8604394716607782,-1.2600611678130345,-0.8430423457743963,-0.7947024614278396,-0.7848917670826564,-0.7013452587168096,-1.0181655033182502,-0.5227729670357876,-1.705868821489493,-0.8645888682323175,-0.7897500846453104,-0.9405967765267693,-0.5574420378954793,-1.0823366892995316,-0.8488811346693222,-1.1399359995050524,-0.9899478532544992,-0.6247944434134516,-0.7389250225812656,-0.6916950820260401,-1.0714089416761896,-1.5861328012064733,-0.9064577387357556,-0.5296028540029115,-0.9443885358834936,-0.6168673592164365,-1.0610641422132738,-0.7438713390996367,-0.8775670093155785,-0.7894957679852758,-1.18209922434572,-0.9153296159970585,-1.4175980413996343,-0.8685294226246597,-1.0723113072228492,-0.8939229550785041,-0.6499573208859284,-1.0338338780833702,-0.632524863310199,-1.000987506192827,0.0,-1.1973042858949945,-0.7863487812633065,-0.6203480279006879,-0.5949855594704541,0.9454612976819798,1.3884951918548127,-0.43270869925306454,0.4427174663292889,1.1410784129700198,-1.002891360300985,1.1636351321125236,0.1642375203944043,1.4380943800877246,1.3129459044199194,-1.0984273055234532,-1.0179068006897023,-1.1649461224494655,-1.1002817442474553,-0.9099972504325201,-1.2688110349173702,-0.8096742138586199,-0.8934110303674534,-0.900440929190699,-1.0713086007622663,-1.0040102013602088,-1.0907890401952312,-0.8280480324701647,-1.0013707008140658,-0.925485341173041,-0.9856450112234998,-1.0629794753185056,-0.8823174116346841,-0.9908400510042268,-1.040830460706007,-0.8547389534255465,-0.8287368697882593,-1.0356922079978967,-1.0346827619215824,-1.4406616840916666,-0.7941502388437548,1.0979784258158143,-1.0265379395611987,-0.9645113084378814,-0.8546533004060592,-0.8475224669260827,-0.8080388516009124,-0.568998222169739,-0.6522411622147195,-0.8402697337875258,-0.767493168357946,-1.5216300375776117,-1.1114996137458617,-1.006176039422858,-1.0030887279373037,-1.0826087505081718,-0.9547624143128092,-0.959351949088005,-1.0112088129192693,-0.9911777760268212,-1.0277759487056215,-1.0003241480786347,-0.9813563042404918,-1.1964275763833585,-0.9136007674989638,-0.9757645273438144,-0.6964611774954462,-0.8774156639460153,0.9819668949400965,0.9654757308162161,0.9791070890987933,1.0208765099611665,1.0459844279271364,1.0231476248884528,1.0102672377160888,0.9978654965353823,0.9678060689934785,0.9581042805106679,0.9149455476892127,0.8471853743442107,0.7585455477473695,0.6349011924112108,0.47143793360997904,0.33099029141802977,0.6408243015451768,0.8341573209239667,0.8617583495513511,0.9390998112695053,0.9242305780148327,0.914301897433137,0.913711154181121,0.8641175275408294,0.8117631975239846,0.7300515511137442,0.9327343285412412,0.5085928387482317,0.41323212760535327,0.21233305344800077,0.3301556679759944,0.8905384480429095,1.0098712739693099,1.029153790098573,1.0420250175299623,1.031224797113965,1.0524266488556175,1.0306724847234323,1.0136534188975406,0.9868810140397657,0.9425299050935438,0.9693236783962303,0.9136327391665954,0.9081215563920513,0.8406856553111618,0.7759500101654383,0.6491492369579069,0.4224807422539598,0.8121671466567377,0.8889266410697628,0.9394530122595048,0.9190630746010154,0.9124666840018677,1.0916309647132332,1.0828216735758538,1.1348088989582066,-0.0021128739698091587,-1.648623762206196,-1.4248177673886706,0.9079833172144659,-0.1279190682012924,0.08422184522500886,1.2427306703341585,-0.6642256599394599,-1.2625944824341833,-0.9951899464991243,-0.9730823407921575,-0.908116186382961,-1.6102964641834074,-1.0545307828206192,-0.8139006591318978,-1.0534221075747194,-0.88061374771454,-0.9894016448658599,-1.2831416051529982,-0.8387899316758733,-1.0645562728690674,-1.1666971983786265,-0.8404864356764882,-0.6496360726449191,-1.3143547280927779,-1.0219441064899322,-0.8346092655315408,-0.47984594770236594,-0.7961428870231778,-1.6163995594310492,-1.0030533799818058,-1.57461205948083,-0.7456126685659018,-1.5785302370699832,1.3695277557443843,-1.6193843865982531,-0.6151754277185316,-0.9450129008557951,-0.9440113764749161,-1.1894258677891918,-1.0354651482472175,-0.7628720836876459,-0.6834891863630563,-1.1715305027726126,-0.6274191954323097,-1.0516166744933058,-1.2874106060307315,-0.9705902843621951,-1.2387214297714757,-1.4830076241882773,-1.2390531287609308,-1.0429810694959194,-1.2193897867959649,-1.9460687302007682,-1.056647915914411,-0.6853580124576855,-0.630516871379538,-0.8768925942815397,-0.9497017496079124,0.0,-1.1163225429954886,-0.29694648766550213,0.09317068513218614,-0.09582978816923449,-0.8078811871564455
-1.8446957773227404,-0.27629670488315183,1.6160579290081658,-0.32418207872994154,1.0288842903142907,0.9956344710224004,0.9988351244809507,0.991809733345859,1.0028986018504356,0.999409349386896,1.0087319283454121,0.9942459432180784,1.0079599133352626,1.0006244364410515,1.0037953782297697,1.0030174262722333,0.9831454420060858,0.9838687135286519,0.98592341307074,0.9956395160279363,1.0356446617644313,1.1191065588669287,0.9867780408899699,1.0252012994137634,1.0067090097065245,0.995187331236793,1.0057039960473715,1.0016162799481878,0.9884495758543231,1.0025811730838232,0.09489367529327226,1.0056227455625608,0.9615298146193398,0.9493453825794186,1.0022191452028715,0.9017232504385355,0.9903611585086639,1.0212741834168901,1.0021464618015363,1.015900749118649,1.00715453402152,1.0046543094504945,0.9951628482235114,1.000336462832883,0.9950414388687695,1.009432520351727,0.9969613946727547,0.9939050450708404,0.9558033229216429,0.8737769297411431,0.7417844902247677,0.9500983655422285,1.041150017569124,1.02007707451124,1.0150028302333625,1.0072805825990032,1.0167704885545772,-1.135968987273532,0.8688820833941245,0.7827366499631082,0.0,-1.4511262651888082,0.2506778150822789,1.3003155221775182,-0.9880676737281805,-1.6291157894080088,0.04281299988718888,-0.486821536869665,0.9947163171694744,1.0238642104540365,1.0465100991478904,1.0027455190260421,1.022011918898703,0.9824925393410004,0.9681181005959798,0.9322675364710182,0.8399220549143023,1.1257990219053733,0.5251950043967555,0.6365707373417521,1.352926356263592,1.2762576090181648,1.1624595659817771,1.0071760453977712,1.0376765520951066,1.082545484459925,1.0387076000922242,1.017961960777133,1.0312554479398712,1.0343313987219842,1.0015772248708978,1.0324783620133597,1.0307279779641598,0.9475280811662797,0.7702192794891031,0.8977151552036795,1.0685601572335717,1.0403296468933168,0.7048483253746719,1.0373632762794478,0.5039425084464806,0.3891130349417236,1.1210586266984246,1.0861090388324508,1.033226772812479,1.0055408825960945,1.0448207713700965,1.068481810998697,1.0467786207041623,0.9435947721518689,0.8906758530444658,1.057455599163136,0.8105120027119491,0.7721245606473464,0.7843329874337086,0.9932826148786952,0.9497406317830918,1.0496297489850301,1.02195769336549,1.0972689600813386,1.0457318720395048,-1.1532491262629858,-0.9969126389116806,-1.0762052277091299,-1.1069215261383605,-1.0614007021504779,-1.0356105520868142,-1.008421597407346,-0.9853373098643475,-0.9243123992781821,-0.7932150424739618,-0.778758316401003,-0.6671667339728559,-0.42711992099701496,-0.17741649239417445,0.1567360896498411,0.18444907791559392,-1.2282708028002456,-1.000021681426998,-1.0509095616253747,-1.0897223549005126,-1.0820137373633525,-1.048337811622849,-1.0472168508840274,-0.9579825849871192,-0.8857567150807514,-0.8959924663479504,-1.7772336285515964,-0.6402831817499541,-0.29500999961402924,-0.22879640213948177,-0.9447718778865011,-1.324952266676903,-1.1885269343690783,-1.1670894741733968,-1.088825245943302,-1.0690238435312756,-1.0544365390208383,-1.0369803276871057,-1.0137454204784757,-0.975557742876685,-0.9478041037332778,-0.8770408818564206,-0.8498417771049805,-0.6881420047654565,-0.6413049936489271,-0.38049793980604524,-0.029232423333612322,0.13025479941861104,-1.4688389975219471,-1.0080110642427311,-1.1136356669836116,-1.1008113340694456,-1.1259469155355675,-1.003251566165731,-1.139261860945126,0.1649117975197771,1.1811791357705013,0.2518044024918193,0.1448104315671357,1.2265260741259767,-2.484413557409134,0.90283366679147,-0.6721446720298313,-0.05467125489961184,0.9239997919750376,0.9469093850561111,0.9585451237460904,0.9591285243424827,0.945296760130099,0.9987549718658961,0.9602206896548799,0.9847471931902916,0.9713590991339398,0.9690249226276494,0.9796229928956768,0.9574468338656521,0.9694291660966368,0.958576501538994,0.9210105020530489,0.9492970973878018,0.8342884602108185,0.8916299301795069,0.8635169853073785,0.9908956772518196,0.9242812294816758,0.8961573612262734,0.904274660754279,0.8678223281468038,0.8750947450748224,0.9736261503588155,0.5929801845444677,1.0141910708694695,0.8195452034546231,0.8309813323855101,0.8663701918198548,0.810119638969466,0.8562440557861418,0.9640229968654684,0.9121490939673652,0.9015223067447699,0.9295680450032515,0.9322668003172684,0.9368245454500888,0.9320799100212742,0.9332171706983962,0.9412943353920253,0.9622465458733658,0.9505143420051202,0.9515419831660696,0.9308417433800237,0.9481391862803027,1.0624212405035414,0.8320423828606244,0.9006270718440684,0.9469582532568883,0.9499269141508484,0.9547440251032423,-0.1661973542971436,0.49074815256239335,-0.609402787676653,-0.6297926848343561
-0.6207652908384244,-2.2803106709481007,-1.512924629132514,0.5226619696311539,-0.9046871815124751,-0.6548387380298184,-1.0188534057580292,-0.7785141486101499,-0.7732535183665262,-0.703033691008951,-0.8619469454517945,-1.1736389738648771,-0.8531009284368375,-0.7022384726893284,-0.6182169359858862,-1.0245188956464892,-1.3186789049026706,-1.5290335578609822,-0.8572325191553367,-1.2289222222652592,-0.6143513570274715,-1.2606837705498637,-1.331829480281226,-1.1159874868394637,-1.0536366768300485,-1.1028596777751656,-0.9966904602968721,-0.7331802800179644,-1.18352447532981,-1.0386652889711543,-1.5071058060242135,-0.9851335377750087,-0.7951422099480853,-0.6091634595338449,-0.7627596868089407,-1.0409511217531995,-0.9611070640638879,-0.8580074064278301,-0.6718095347742862,-0.8401591259424446,-1.2833213706938373,-0.8775670093155785,-1.0917968874032502,-0.746432038572408,-0.9959224525068072,-0.9872726152852074,-0.6358588236718642,-1.6183083624298424,-0.6870605078173638,-1.0141754836286023,-1.392454352181211,-0.5351821521356421,-0.7818233663410694,-1.0440660282516063,-0.9527244703016573,-1.1404162671088018,-0.9233192294650923,-0.3902170440593441,-0.5784249009138941,-1.1062016834621722,-1.8872784100655557,0.9758843778253261,-0.5011410973465126,-1.002891360300985,0.6182566642757154,-1.6291157894080088,-1.0521966752048528,-1.0452190992731372,-1.103872429049169,-1.139592343355832,-1.169871488125316,-1.3768590989291383,-0.9152461931263226,-0.6497480361418777,-0.7154549121582604,-0.719307044452486,-0.7277287639289386,-0.7963732016688911,-0.8876028088635554,-1.0959687086597145,-1.0788049723748607,-0.8368376046870295,-1.085856733752342,-1.083772031811366,-1.1745264699199782,-1.1539124312579079,-1.2093476363055646,-1.110541397638807,-1.0936697729845473,-1.308986125374129,-0.9147955253590595,-0.7720239457090299,-0.8751303762712233,-0.8292947542478307,0.2661445265585593,-0.9694819681046583,-0.9852980133613396,-0.981571302959039,-1.058058064717558,-1.2836751404688724,-1.1339883617033828,-1.2751522601646406,-1.0878251863241208,-1.3535950390623366,-0.9843000006753623,-0.6746449320648402,-0.7226313877358921,-0.7901857628905187,-0.8564236745363005,-0.903558188495173,-0.9527264922259076,-0.9347301099142853,-0.875577768708963,-1.1013468654121377,-1.1351391951317207,-0.8834513543942402,-1.2264964198377835,-1.4240764655380893,-1.1960721353532242,-1.7049707589316447,-1.8799638947068449,-0.4669594535205064,0.030732078640368424,0.31071555884859936,0.4803044021871769,0.6660895778956137,0.7697783318264427,0.9379206234245633,1.04098912610861,1.1221436307224615,1.2294812389248673,1.3290678162314185,1.4094945933272887,1.480296671373988,1.5258158163020392,1.4121974857764457,1.4693404024208123,0.5308698029400107,0.07150725685885935,0.24807365300840717,0.3866547893010553,0.5779251804389892,0.7027738776232194,0.8249295658575081,0.9100683759899344,0.9840882845196215,1.0525328451725366,1.2577328944634802,1.1291113315640318,1.1009167785016571,0.9292771287738462,0.13203149201691403,-0.41477785695591113,0.0988565956941339,0.35220977065940323,0.5625924018328274,0.6885552108300257,0.8323704266223284,0.9221099298093426,1.0093151664790363,1.0711787001715785,1.1535702722588737,1.2291551637113287,1.3153099354843019,1.4130639525028963,1.4865377531444073,1.5812179754720412,1.5700348288388328,1.6961186685163598,-0.024662779556983136,0.03151391637148938,0.3218823906262039,0.5039775941406334,0.6230609724779803,1.0747559603079095,1.0785535155306187,-0.38223706189165746,0.7310221307225079,-1.648623762206196,1.7011019428054368,-0.47189241973743634,-0.4866294553336554,1.4519104915105328,-0.21758719256229903,0.27159078948629933,-1.5208266081121133,-1.6080980968065568,-0.628390965870172,-1.0005358500549293,-1.0286072049285078,-0.6293152410003049,-0.7959957166819679,-0.8513306463978958,-0.9591593055822147,-1.317777463612247,-1.0726776443470063,-0.7923303705703126,-1.079873691959748,-1.238728716076828,-0.5819810537145561,-1.204111293274578,-0.7439252001237279,-0.9663105337223689,-1.2794516734986268,-0.42426499330702844,-0.8834558377961869,-0.8894602540536368,-0.6690329786813517,-0.9707335304296342,-1.7974930600868204,-1.0150963396925474,-0.5237638532174802,-0.7919996065813945,-1.564964010093218,-0.8427567625020042,-0.9690758910733017,-0.7473678719236581,-0.6235232248378394,-0.69034070790386,-1.358768282329319,-1.30045053079434,-1.203535659702933,-0.967437286419737,-1.4123307776229945,-1.6500620574782272,-0.9888905095639786,-1.3187891982972857,-0.8927692753867492,-1.1704432652891879,-1.1310773121822406,-0.9407546671920534,-1.0516855142794115,-0.6076964768338715,-1.019993010746434,-1.303874889572787,-1.193122604652904,-0.969814488836429,-1.0406865436615922,-0.3766017751995287,-0.00692677656103287,0.6690780519099341,-0.4204025472002211
0.21059492445980715,-0.11406652840424,1.5661495336493743,-0.9158778963712928,1.0315552817222948,1.0223399850551895,0.9972572825097882,0.9982845920386422,1.002538781120152,1.0003999781835793,0.9992612983657954,0.9863106708981868,0.9905238800086692,1.0074175975063748,0.9796807379150224,0.9749699123657384,1.0130585401248473,1.006776262129216,1.0089089757398706,0.8073927547649017,0.8094549529886337,1.208677192702722,1.0485774960747174,1.0274717876163064,1.0262840516423968,1.0198947249537007,1.000165987558802,1.0252022712051005,1.0157577516535228,0.9714527259795862,-0.9000639267017291,0.9487815008804947,0.9909799028603674,0.9828784099016205,0.9121540252591706,1.0056286431412216,1.0505916325338922,1.0208312416352558,1.0164895194771164,1.0326113952073206,1.0045976759857307,1.0030433834466683,1.0078575619726733,1.0074813225995196,1.0057743338250984,0.9449940375515304,0.9165817406549203,0.9595419797954924,0.8083694637918838,0.827161829340516,1.153608457069389,1.1598635620545028,1.0443865226057634,1.0177970611814477,1.0217887062429767,1.042389711301333,1.033984180679916,-0.1808439482806509,-1.3076639455821428,-0.6359088306707608,-0.5279308967715007,0.0717587506049537,1.0716988576676878,0.9409728896751793,1.2857794538159941,0.08217817324916454,0.21907018917999418,1.1011080747651198,0.9303857337528729,0.9922073379240968,1.0653958796550258,1.0090017926964214,0.9914173662224539,0.9704783450917801,0.9874363945180906,0.9999440295269646,1.003964203283431,0.7870848840081702,1.0262242196613227,1.0253676953851227,1.438694882547713,1.4973352705964984,1.5054589778288348,0.9711683231455084,1.062341979041051,1.0098934988882826,1.188542635475327,1.1075204485027486,1.082464255823615,1.0480143535962954,1.003393847227841,0.9918073582368864,0.9558117129139992,0.971020706491541,0.49504014133769114,0.8601033269329822,0.7167730921248335,0.5698551775673111,0.2406954567485584,-0.3654783839281749,0.9196608426705625,2.1016893550568687,1.8042589460932275,1.2516019703127503,1.124192443630699,1.0778198878805092,1.084120201611805,1.0685845789560036,1.0448516817807607,0.9409477812805102,0.8624112124067779,0.908608648280847,0.6818901579584548,0.5002887483170758,0.5122908724139658,0.9463355380847899,1.3921862619106429,1.3959954305466933,1.2471538404021465,1.1118105982177107,1.070632205180604,-2.5398531190190035,-2.42876433238511,-2.0000634181299684,-1.779529640271596,-1.616272033773981,-1.4772228815733415,-1.3042360877924015,-1.0984088417570068,-0.9078074495528731,-0.7298290837695677,-0.49830409029326367,-0.2388374506673715,0.055288741925236765,0.45199114342522717,0.8211119700019147,1.1090835732832676,0.3576489828596139,-1.6170551135156201,-2.0189901226998432,-1.9664670156969093,-1.6714070576700202,-1.5093512650491394,-1.3459323575712319,-1.1510525839468615,-0.9603071253284566,-0.7165410480097623,0.15372332865472907,-0.1955027732422461,0.09646605278732193,0.2967313617679886,-0.3121201537219831,-1.684318469676886,-1.9669178671071486,-1.889026692464007,-1.6403953689856132,-1.5948480336379098,-1.4621587667605052,-1.3072621746623254,-1.1371080252406072,-0.9974030193118482,-0.8424807974677492,-0.758267172489286,-0.5332385281523552,-0.399137220772876,-0.06397047969114798,0.29522720249632245,0.7406397876689996,1.268776830234898,-0.5254765282411056,-2.080967127229072,-1.9280657810725406,-1.7254036726657698,-1.5271323774331926,-0.8113243019409578,-0.8171106258024062,0.4842550862918212,0.5696252251120955,-0.0136131833585338,0.9647762673849253,0.2256598577778305,0.7285183473821538,-0.06368631546890373,0.016731397087052517,-1.6793824438817004,0.864763312654045,0.9001385127278825,0.8975651121900678,0.9188244694153569,0.9160986902159172,0.9875659567317605,0.9553801678603812,0.9859098040695967,0.9736622901194248,0.9813328308431711,0.9960382159016478,0.9771992080058287,1.0279921233723666,1.039725662539803,1.041976884048954,1.0357439059583664,0.7252135606543114,0.7582795338655579,0.8022918516887149,0.9359728770205485,0.8870429907929047,0.8790476591083013,0.8814823372753963,0.890849838049574,0.8887442803246735,0.9747616662399656,0.4566655456905621,0.9824244105138196,0.8759903743163271,0.8791226400285591,0.9546035454368017,0.8357798701904303,0.773264347266332,0.9259855164629717,0.8562124134449958,0.8930377516863698,0.8974837512579565,0.9224764276972315,0.9367187186666253,0.9393870530411262,0.9509588313887376,0.9345749359034827,0.9546295920220662,0.9578276091426317,0.933565509618071,0.9028060535452338,0.8937876795837801,1.0489069373337891,0.8274705004330777,0.8549188269094005,0.9213977881624981,0.950663431581945,0.9576120071265438,-1.2403683515511574,0.48743491871599043,1.3580654538931642,-0.8078811871564455
0.5296159164928447,0.9315455836673421,-0.10762909619296471,-0.7407146631089159,-0.9572877645424052,-0.9282390005473254,-1.006468081905568,-0.9010830541977519,-1.071661882466219,-0.843973656330443,-1.2573647086609065,-1.2611809518840422,-1.4973671345889232,-1.2148523304074055,-0.9599441935368821,-0.973881224267844,-1.1770804778546413,-0.6000523776225322,-0.8572325191553367,-1.5477848287294436,-1.3534592152503566,-0.938945759711862,-0.9522261498048102,-0.7386157748467713,-0.5831262698884784,-1.1470577260554542,-0.8689469979714167,-0.7356255484573154,-1.0362839936230257,-1.4662236741717614,0.6565534938357616,-0.8219843853233072,-0.7826022207221092,-0.9216920038829729,-0.6342755919689306,-1.0000253823621057,-1.2774683489680474,-0.7338546151570086,-1.268854809631182,-0.731503774927528,-0.9211584957446534,-0.9246340225981606,-0.9523551132275482,-0.9241944222579084,-0.7856524739534965,-0.9152538856876603,-1.0211466107131681,-0.6828683348409189,-0.6689640795506892,-0.7594363580767103,-1.1983953292327454,-1.0291229313821872,-0.8351962345651279,-1.246025317621248,-0.9202439605774955,0.0,-1.241041763964255,0.12015563261090377,-0.06102156462742334,-0.5516090320549744,-1.0591577757835988,0.7827649306149915,0.5723493608101511,-0.21614870804366484,-1.1671556073108322,-0.457674965824642,0.68335259774289,-0.018245962864283673,-0.9706851867249052,-0.8522560050557361,-0.7884182785988957,-0.5977265113565773,-0.9644793710322789,-0.8641274943489594,-1.1704710801970153,-1.1778101237132403,-1.2956155959612676,-1.2032596886054021,-1.0092306380859137,-0.9565080774297813,-1.0948355394706386,-1.1976962624389769,-0.8942440934157937,-0.8295066669686348,-0.7982134477007823,-0.9729323823700017,-0.688364041568547,-0.9359522581305102,-0.5045551333409217,-0.8808383386832017,-1.0973284563473529,-1.120149383792943,-1.724550578801004,-1.4606536056615942,-1.533088690377875,-1.2324630828887677,-1.2127482682340018,-0.9834118629912306,-0.9538218939767936,-1.173403017733051,-0.8086683794746552,-0.26572229460450186,-0.4790870043476872,-0.5240403013125688,-0.5205876284780073,-0.839572045214165,-1.607902648899676,-1.4497812874202323,-1.2572689384790527,-1.3698433635569998,-1.1294599503208047,-1.232622544277062,-1.3004213417255457,-0.9727135139532819,-1.0606286436550825,-0.7062034951191888,-0.7122939238999578,-0.7444723143944347,-0.8317798697873092,-0.7199435347217267,-0.7868396094990604,1.7694666044661713,1.5684117375691384,1.4753798417890422,1.408539181811534,1.3174738416596576,1.2050005507982833,1.0856859009618693,0.9537789095856603,0.7979503837619097,0.6362743951247042,0.4496050921082456,0.2337718235016824,-0.07551572513219229,-0.45225857323117086,-0.6155311531539691,0.5704108049094758,1.790007521940922,1.4426748074845919,1.3958551332959985,1.3565426465604855,1.2429576999964091,1.1057738975875127,0.9622749105732175,0.7850623265689838,0.5782745231025151,0.33505363462004834,0.18516901838826874,-0.3820446822974896,-0.9274964199606897,-0.7558853944580144,1.0011426318598997,1.8517393811351806,1.6977157797263336,1.5713845526332078,1.4954930813053806,1.3960782356552377,1.293626165996076,1.1941357177181593,1.1049478863033975,1.012523422415725,0.9106267101081227,0.7883449777733729,0.6537621100469473,0.453518409475789,0.24207497592115257,-0.11044445817747824,-0.4941605961453894,0.27122116322353157,1.8383085911963142,1.4358750689762672,1.3783216955918796,1.264501968348168,1.1395682227070665,1.1136472313708323,1.0955407671259687,1.1871951975954982,-0.07240843346745014,3.3758385681501847e-16,0.1097127887302147,0.7553098678329345,-1.5306665431863713,-0.5603091413994624,0.4912768268077168,-0.22907953461329053,-0.8156014581496742,-0.9376147113853731,-1.0738303731006187,-1.4427021031057055,-1.351299009555961,-1.1207959253010213,-1.3413899093026476,-0.9404766123677363,-1.0390553980252841,-1.3677070936786346,-1.0126907438645811,-1.0031323860453085,-1.1890976327300036,-0.942154289772534,-0.8293004570118683,-0.9606856338409706,-0.8642507653374343,-0.996615763960487,-1.0264182633034729,-0.849003494590059,-1.5915013513380214,-0.9798547290055981,-0.8490450941217211,-1.608216880755435,-1.4000809162400647,-0.9150076850507023,0.6889241865730611,-1.4631003449969349,-1.207386946758239,-0.8788705927570998,-1.3428364878642818,-2.7190609501524388,-0.49515620058771376,-1.2374452536455052,-0.9971799439835634,-0.9462053059885724,-0.9747738064325627,-1.0829114249636294,-0.9374104779879145,-0.7804396187504149,-1.168835087554453,-1.1899975068957536,-0.8949299628833829,-1.4977578514175165,-0.9839168604996518,-0.8761936942530718,-0.8862881639263159,-0.6744880503226608,-1.2298412334664772,-1.0038112957300813,-1.34936237708445,-1.0174887352263562,-0.9944010528086411,-0.01544031675702404,-0.9092732410659266,0.6690780519099341,0.4143738663300525
-2.408738537174252,0.4274945072317249,0.23468606267061087,1.4005953522244934,0.9433134185517601,0.9524795703193216,0.9967661703580526,0.9880711139985106,0.9956673846641038,0.9920197748965057,1.0040954488022942,0.9925805898791459,1.012974757506391,0.9979567358507039,1.0200042977593122,1.0246729920281346,0.9960372214393781,0.9926547199304611,1.0208238109163457,1.1006795214272842,1.1845228151249558,0.803050650884223,0.9324936933758914,0.9629173357346622,0.9764013414515009,0.9814059115967146,0.9802505593992944,0.9966569025882217,0.9961537656217946,1.0030029371903098,-0.1059219699009545,1.0385215844046054,1.0255896809135385,1.0242970318047153,1.0699807836157171,0.9672219516595946,0.9575393673917921,0.9380363555554704,0.9587978746566235,0.9440860231932963,0.9594318609141121,0.9777679452987297,0.9873388520554367,1.0007619729760002,0.999314221202938,1.0423929062189825,1.050178752222047,1.0254567080319055,1.108635632433053,1.1724481161947427,1.1287295560207868,0.8937607867833054,0.9040377291752192,0.9509343788052362,0.9642894805847139,0.9397805674110455,0.9701944490246343,0.6611390604139814,0.0,0.9821362154892013,0.43085863412084263,0.2121969744671035,-6.712060300445905e-16,0.44448198885546947,-0.4317697412805271,-3.185635417328593e-16,-1.775958702043679,0.16535218894166953,0.9790034770131971,0.9782535943513118,0.8887039466018046,0.9226638942715563,0.9554141147063521,0.9961725669406792,1.0121790331863774,1.009440817631577,1.068026338551896,1.1689635713313247,1.0885931166493228,1.0535700196445823,1.0162310652661306,0.7831854462266177,0.6778194801627396,1.005259743939513,0.9434528948010509,0.9638123195751698,0.774826607937191,0.870003030096627,0.8776986103684447,0.9169257877008413,0.9779648707735191,0.9655499809803918,0.9860557665967011,1.037756598325272,-0.231878424671351,1.1231565044391327,1.2015556968078323,1.3027132063979165,1.4421709574876411,1.896385618595635,2.240022513382458,0.9715565413730568,-0.9926384639994894,0.5160894087100629,0.7207323902363167,0.8512472507062749,0.8476599755157909,0.9034348011782593,0.9689613609401604,1.0455152521595092,1.1073275538541614,1.1382401620251554,1.2753239592449135,1.3548370102113947,1.4145467781964063,1.2998202041230975,0.8433726462632085,0.5528920210565286,0.6163017164624445,0.7750060331963233,0.8831875342613964,0.5204040996518966,0.31083599074299295,0.055243779770153746,-0.17666182506293077,-0.4661432289207497,-0.643941500119147,-0.8479194886791801,-1.0713562648150838,-1.2784094402942996,-1.4909566006404984,-1.6564340050547572,-1.8768551401654532,-2.1447575021130003,-2.470254412970373,-2.5334243845778475,-0.5723967197832555,0.6933321479679968,0.5082966917141449,0.14367017944154553,-0.16527628130214972,-0.45382002074741956,-0.719125447331741,-0.9165989500403443,-1.108770011074643,-1.3294210788609593,-1.5225244456042533,-1.0218835878742956,-1.925232995190303,-2.0146128621597894,-1.5727291134129466,-0.2548828415980755,0.25024989910377415,0.15158417327146034,0.0019239437342089994,-0.26351032688692877,-0.4329458217602573,-0.6110436604424803,-0.7547254644389686,-0.9330447136764101,-1.0799015479219707,-1.2233721872398946,-1.3696725302358024,-1.5395667440188805,-1.7298592425733113,-1.9485214251445762,-2.2875619872794264,-2.600494976686481,-0.8425713784327442,0.744682669922951,0.27914761550405737,-0.10745094526738697,-0.3731792325199897,-0.5674600562707134,-0.9753526698262709,-0.7430758174928278,-0.05914410648593736,0.2053012405635922,-1.4644532440444344,0.729992998364201,0.5404619566901778,0.903826595980764,0.23534196648083625,-1.4135442827809128,-0.30957392495424063,1.0480565904541894,1.0404240516258585,1.0391795359228928,1.0072596836368937,0.9758960349479147,1.0197818540881431,0.9659827384434246,0.9819774243398964,0.9576889733136731,0.9355138576166653,0.9429910872296722,0.9036322426015223,0.8771922066135003,0.8070723855300019,0.6754809862168488,0.7653010019151698,1.0219069775257001,1.0331291154496003,0.9807215568438091,1.053861390065112,0.9775713343145396,0.9145684946492739,0.9112853383010415,0.8816793136486727,0.8535828226586474,0.9692136979199311,0.5183887048961531,0.9665462282532369,0.7619094226315514,0.7349637818238993,0.8661702977217967,0.8192735460711206,0.9108280836390861,1.0079573939210629,0.9263709552453182,0.9266143678411729,0.9394543379090367,0.9413473803094741,0.937561654952256,0.9308010743969453,0.9230302245785924,0.9367990802843215,0.9520107202960822,0.9205524637306876,0.9343561957459351,0.900008311509444,0.8942477659190361,0.8662061525730084,1.0190139116258268,0.9574298959649785,0.965925063381772,0.9466413869837147,0.9521292677035867,0.01645154067880526,-0.28843265321354,0.9022564384597738,1.2158173172213158
-2.408738537174252,-2.2803106709481007,-0.3024689427278747,0.21992462100890503,-0.8122729384485904,-1.0595876132644957,-1.006468081905568,-0.8287057673479872,-0.7639863436132273,-1.3665669774568552,-1.0273876690029395,-0.933765694631364,-0.9797389455105396,-0.680461995061305,-1.0891975390375364,-1.0245188956464892,-0.848299111899964,-0.8299055562132304,-0.6598355888219626,-0.5772526945719674,-1.5517219913023974,-0.7146351436727776,-0.7268584459384461,-0.8961824281176355,-1.5065870583477623,-1.2843494038624284,-1.513722536805253,-1.05242984684665,-1.0886862173282044,-0.7435661675223739,-0.42397879821922485,-1.1245861969203104,-0.8131128684970981,-1.1196070302323293,-0.8183111775341991,-1.5798655138034197,-0.8503110594493762,-0.7338546151570086,-0.6813452423616525,-1.3116534178882189,-0.9719216572988085,-0.9533082966052359,-0.6802592656460624,-0.7167346075932721,-0.6033274030156502,-1.0103403688187724,-1.456450415767949,-0.9247620707009601,-1.1539808962642257,-0.7594363580767103,-1.392454352181211,-0.8923626883017879,-1.102613722090921,-1.1466841747625187,-0.8678086838399289,-0.8051250926466802,-0.9994536736198839,-0.3902170440593441,-1.1069993422288438,-0.6359088306707608,0.19374037727747004,0.10887023897516629,0.5723493608101511,0.13854646145688332,0.6808261236147801,0.03766071721472109,-1.0521966752048528,0.2343139956307623,-1.1630540212589067,-1.2419468091714165,-1.460095379869035,-1.3739854090307282,-0.9099972504325201,-0.5068503440670746,-0.667384796869042,-0.6572735574825103,-0.6494539461050105,-0.648708515091501,-0.7891044381797807,-0.8447363674783668,-0.8494689728149614,-0.7839311968825585,-0.7169099284100011,-0.818675637214196,-0.9873370938945543,-0.8823174116346841,-1.0115515963134911,-0.95134171471096,-1.0239430017170688,-1.021367055891011,-0.8382081747035725,-0.8089270169895737,-0.859158633744049,-0.8197820991570001,0.3781586937642106,-1.0265379395611987,-1.0919300134167371,-0.8826331296996266,-0.7532585858464257,-1.0935060789804487,-0.8182266648629091,-0.7261813582349708,-1.2140504593378785,-0.8474119076032846,-0.7063298837034275,-0.6207990737713832,-0.6327998635141765,-0.6558265438705194,-0.7047897416152958,-0.8092515511975464,-0.8377204933265946,-0.8662217510120607,-0.7484719779209269,-0.8569799756950158,-1.009841722413911,-1.0502013736845923,-0.7566259310434539,-1.4345683235167033,-0.7483222089851431,-1.306874132592531,-0.9995032967370154,-0.4281808340347446,0.04308339067450032,0.30049686551094495,0.44937934474035873,0.6569972895487507,0.7766337369070829,0.909770680197449,1.0224059474507026,1.1407642916254026,1.2389942125771976,1.3153349397671419,1.398735281295767,1.4828821565892125,1.5278961555934742,1.4073516650609084,1.4687075275299752,0.5345240472108264,0.05154754568339692,0.24114684146400206,0.39536791565173723,0.584326171046891,0.6999954285770998,0.8193540029083092,0.8977637451072151,0.987561407236395,1.0554380694325416,0.3231532680747726,1.1151222404513494,1.1049451446366745,0.8977616948787993,0.14673176270757354,-0.39166326438237736,0.0968482796554829,0.3356409705956653,0.5621873293299655,0.7139814498236854,0.8159995873993209,0.9207568578548676,0.9979033489278039,1.0814012573724066,1.1371197970887679,1.2175875704273602,1.2778168336040632,1.3967221756900474,1.4604337050604261,1.5656099823214413,1.5620839288273758,1.6899606259442543,-0.11767926620892423,0.03390933827535751,0.3120061129784527,0.4959957619823644,0.6215871168616276,1.0720498406188566,1.0755298605035093,0.06724521992096029,0.8354082503238652,-2.220709644384947,-0.7102530470875742,-2.16757395043195,-0.2912463367369442,-1.2612126393879943,0.6429500188776262,0.09795051828233245,-0.9674634282759821,-1.7499116894557436,-1.1819858172140478,-1.497258491479184,-0.901195953764052,-0.7681353643928056,-1.145659094299872,-1.0761398282357322,-1.548960038447786,-1.4101727663243806,-1.2949688055264412,-0.8893175280250954,-0.9286519954713504,-0.9484055793730077,-0.7052380377357964,-0.42901483482138675,-1.0845965966520301,-1.31595033830871,-0.4907853237206855,-0.966148865599503,-0.9646788988983378,-0.552781452900617,-1.3894402372290047,-1.146470826957004,-1.0609209676314233,-0.8128468533784625,-1.0707062405207308,-1.3133401833597547,-0.9752555164954815,-1.3707349789027228,-0.9460354915087951,-0.7351558643249244,-1.157009335809578,-0.4762250354882804,-0.7098955987081266,-0.48431494350574644,-0.6108749074024404,-0.7888951406643181,-1.151263445475043,-0.9705902843621951,-1.0667258827612875,-1.2022743708796648,-1.0369283308465456,-0.8535191845828182,-0.9432335073920337,-1.2076019422051707,-1.5442864663042466,-0.6890698962275897,-1.0875490493021962,-1.0383924129716136,-1.4818532207872508,-1.8056116586198836,-1.3063839005342777,-0.9249100966876391,-0.2409772902671848,-0.609402787676653,0.10148923288193758
0.7746376843113181,-0.27629670488315183,0.929547325729523,0.9840627678455187,0.9919250740776259,0.9721802336918163,0.9997703975034612,0.994960254890939,1.002036596395475,0.9933849823589894,1.0038694008629878,0.9938891435697544,1.0127555806631876,0.9997592106525253,1.0133430622980846,1.0127384459425584,0.975538019164886,0.9720927477563074,0.9770054797408698,1.0649593494985505,1.0779633006897045,0.9324247548300768,0.9661302921613096,0.9956533416299159,1.0009659779298459,0.9890870581235806,1.0013166581967512,1.0038603682281457,0.9938318087649815,1.0068549221757053,1.758999631776271,1.0305896448550873,0.9989448313476615,0.9887852358854078,1.066080590020694,0.9477513843348044,0.9677852493753132,0.9775934282413512,0.9800830808768599,0.9699798915517583,0.9832089183986803,0.9871637523031437,0.9859325748021888,0.9865646548335995,0.9870337743023684,1.030142218006953,1.0226959301574676,0.9905256217117828,1.0382677017528823,1.057136765018693,0.9141462506289204,0.9138878491248719,1.0169711342492456,1.020028560710225,1.0081840973938656,0.9799513482394716,0.9943336539854027,-1.8511101793548894,-1.1069993422288438,0.8952174028560478,0.3954119350288925,-0.2390789134975495,0.2828585115379441,1.0567243202486207,0.3036161247497782,0.03766071721472109,0.04281299988718888,0.705457352191489,0.968287160416199,0.9412133863382391,0.9373383529586272,0.9191311465194452,0.9756095816486126,0.9778556253689193,0.9650332615402225,0.9646386566414237,0.9725214838183673,1.1751442452929326,0.9177508761585418,1.0220178210761666,1.1759815306134287,1.046187002788613,0.9534193235561857,1.0991810456662117,1.0463424753915835,1.080772732929356,0.9168606926961359,0.9492283213900187,0.9369539587212949,0.9602657465633205,0.9941826548532162,0.9893431680286651,0.9998465672221977,0.982800076954791,-1.533088690377875,0.9969278152184418,1.1135348287666311,1.1235805727460029,1.0851469235170237,1.3497040243681073,1.0574250568923012,-0.9891744905643549,0.2578910717121193,0.9366956711976882,0.9477818227634995,0.9647874446550141,0.9840464662079372,1.0280227832489188,1.0288224148583165,1.0551932928143888,1.0824706697031474,1.1392638470068035,1.1330146406015826,1.1930695047656439,1.1675255005680938,1.113145835103579,0.7551085622682805,0.7187608336503978,0.7814855244723705,0.9364888824914206,0.9429957226066359,-0.17725983493508476,-0.2453696752891243,-0.41364519224843205,-0.5964675724400961,-0.6670125661924591,-0.7889677878521077,-0.8945656076135963,-0.948484667777128,-1.0043474984470697,-1.0268571677451492,-1.1118512447416153,-1.1262904292480496,-1.108054324431887,-1.0225682647996153,-0.7254878820846,-0.6791478568471649,-0.3027172793506947,-0.0029328234652275017,-0.3389421678801767,-0.5717090324795672,-0.7435150220224297,-0.8665915024951684,-0.936011261856526,-1.0239016351276158,-1.063615207779574,-1.2033971137361923,-0.37888480673678526,-1.3457748562445049,-1.239013180599137,-1.334774449378386,-1.2436479551110484,-0.7693277241719404,-0.4975950208427504,-0.5064656983975743,-0.6310970423281745,-0.6919046689757344,-0.7448126844159796,-0.8651846367061373,-0.9260800723492938,-0.9607122090084447,-1.0528812475936051,-1.0360945939284087,-1.1449131030727946,-1.0683591924200848,-1.1944994297327094,-1.093419197324989,-0.8661199097775856,-0.9146109921099452,-0.39841408380098986,-0.30616430226237284,-0.5799802292585065,-0.7105244395500148,-0.8728857170545437,-0.7190725137069803,-0.9558366616386739,0.3655276163928656,-1.2848661342761662,0.1874591977812039,-0.06787603125783415,0.20609466496823908,-0.20624577932343297,0.23534196648083625,0.07134761710036115,-0.14281208293935338,0.9854491790923914,0.9894923393909567,1.0109025413844357,0.9855043935364898,0.9688719006648472,1.0112595153370818,0.9652874056733348,0.9882284266272654,0.9697789510646958,0.9600369558130043,0.9678473529389817,0.9378724431120082,0.9257387269950745,0.8857143650031332,0.8138909417576851,0.8647703985983182,0.9126914913011963,0.9613526046016063,0.9250735747198875,1.0252639360426439,0.9423050334604374,0.8990596888460514,0.9123915926323835,0.8762778678515071,0.8573462080806432,0.9802831151638431,0.16972601875187257,0.9557250209420566,0.8145930845868762,0.7458553031536583,0.86501250589771,0.7626330331470159,0.8768774590398121,0.9962418555421131,0.9183193526288836,0.9188126921429101,0.9359873831646156,0.9402170193925089,0.9342771743446245,0.9299895939835079,0.9294861434348844,0.9420149366660129,0.96153949378792,0.9305555251597433,0.944723837347746,0.9228347355049161,0.9280476763254155,0.9918226478704297,0.9422849572643003,0.9401069773902546,0.9638346998973097,0.9385445412931022,0.9504807331357831,0.01645154067880526,-0.28843265321354,1.096649788162614,-0.8078811871564455
-0.10323471540491096,0.2346208965307864,0.30275890047444504,0.6391687108039146,-1.3366730169770613,-1.6719490220280562,-0.9196664524840819,-1.1645789652640932,-1.1223058114666666,-0.971826395651384,-0.5386891156061465,-0.8214527961589415,-0.9797389455105396,-0.9885929360902974,-0.7614042173148521,-0.696242363884424,-0.9270835348710028,-1.109556756872331,-0.7895146529724926,-0.6993028968540658,-1.1215066366917161,-1.3224072906006774,-1.2791986614103694,-0.8877442148050253,-0.9069303341767775,-0.9977581280274561,-0.8689469979714167,-0.8281418045075053,0.0,-0.9899478532544992,-0.4693608589992192,-0.9851335377750087,-0.7595581425812677,-0.9698900924391128,-0.7958645555686464,-0.8192579825902,-0.667210436590854,-1.2990062389303374,-0.9269805495349394,-1.0493599641812834,-0.9287470574038039,-1.1303327583344063,0.0,-0.7049186377731923,-0.9959224525068072,-0.9872726152852074,-1.1744688487421935,-1.0723113072228492,-1.0290735104963546,-0.7594363580767103,-1.392454352181211,-0.5373801550747008,-0.8979501579102284,-0.6764821756981103,-1.1973042858949945,-0.9581634516700347,-0.7904718409675616,-0.6772167139990288,-1.9309851360595027,0.30027461859095933,-1.2608293335350214,-1.4511262651888082,0.2828585115379441,0.3222769131523289,-0.9880676737281805,1.0822252400386523,1.1378226749792306,0.6605463579924443,-0.8348033712236447,-0.8213998566587133,-0.8447480830822401,-0.7405834874095697,-0.5671271442333377,-1.3699394281909905,-1.4626614637798472,-1.2145925769835066,-1.053211860214794,-1.0404975045955582,-1.071881936940902,-1.1474476731533092,-0.9946954399146539,-0.9182334762963363,-0.9760100619644533,-0.8954146109377888,-0.9639177159044491,-0.8540595122111274,-0.9659389807988131,-0.8722519826724645,-0.9016209230739965,-0.8389561982932416,-0.9546772060047354,-1.101956686352357,-1.015949828457679,-0.8643314942341226,0.1178363677104424,-0.8426260478058767,-0.9761307177220406,-0.8252198969759478,-0.7726527326421135,-0.5368543364056327,-0.2746681512907634,-0.06672974809633551,-0.5156647769175428,-0.6897928261932432,-0.6287559824045302,-1.7150184391778978,-1.0373858059150827,-1.1060105511429337,-1.0463182409524165,-1.1450581371511805,-0.8901792691476309,-0.9579125834068581,-0.9038304945317254,-0.9818579374911062,-0.7169771073353571,-0.7073562952788037,-1.0677754345444666,-0.8726212166940815,-0.8058630658406212,-0.3188892817967575,-1.092131510991419,0.9413950983345526,0.8918315081883451,0.9007189261790708,0.9288447289686441,0.9223753047795057,0.9397665845418266,0.9127088033418763,0.8871151176271005,0.8459240275553179,0.8020891191223453,0.7238924523246052,0.615763914730172,0.49131689631051795,0.2023735512707754,-0.14864645565629417,-2.816233373436525,0.7801956665960742,1.0433567680840952,1.132177083385543,1.1908086105973528,1.2097239901198595,1.2057641831471841,1.1999060065343858,1.1973594119528854,1.20431978127266,1.1848708631723075,0.7695742531535115,1.1421504864317051,1.0865177322863164,1.0821461848275808,1.2044504161659784,1.091408724910215,0.9186736905176854,0.915214741825691,0.8899592011360189,0.888624184801755,0.8910628711816977,0.8820855368820608,0.8534808394029244,0.842012267245717,0.8092988443591367,0.7675869468066159,0.7140916894215461,0.6049100170940852,0.4848118966523957,0.2827519064585739,-0.12974274732809973,-1.728667872379357,1.2338020738890074,1.1148684410638126,1.1807190648307786,1.1717484769830324,1.2106400870906773,-1.132648193642253,-1.5191628960885175,-0.6994389194806422,-1.4458820547670521,1.1721814573451752,-0.1842573481206979,0.2256598577778305,0.9873221585794526,0.44283459910072387,2.2731784665618266,3.3368857942866876,0.35329631052255606,0.21168196994435903,0.12200013635177014,0.46414350472616644,0.3904529996962195,-1.7327152897039013,0.2805608233109799,-0.5902947789356476,0.008502225035447057,0.30754470744770857,0.33701706579291074,0.5939744130848706,0.03200166929761629,0.6625331553372166,1.0385550151178895,1.158746229879911,0.8726873779658726,0.8925765426831036,0.7432921996704271,-0.6748186522893355,0.2067458833375458,0.9018713557505371,0.7739240609885407,1.1374748774951269,1.0879577319484013,-1.048649030769025,-0.14394328090860892,-1.3467833650036627,1.2710924757041393,1.1287943429593303,1.6960910076738602,1.9744690510657157,1.746655715714588,-0.5088287263573479,0.9583729488153359,0.9239011159532226,0.7785904931921311,0.5564634535946845,0.4044425298626598,0.5932803383716905,0.7537219080897399,0.546726347930899,-0.22570152859805678,0.4952481955377141,0.4756977442582771,0.8422487152683632,0.5835775475948134,-0.9516794953510611,0.7420195794671968,0.5556696996460074,-0.13474580662238603,0.23722980928921103,0.20925491108066188,2.559489726898902,3.136833914677217,0.3106187543173745,-0.7138797952477077
0.9364509186591217,0.7761819321667514,0.7266845203782188,0.21992462100890503,0.9949898179412485,0.9838097398722673,0.9981550387134056,0.9906699369651173,1.00047625359454,0.993983947225683,1.0060203195308401,0.9964151068214572,1.0115038877832028,0.9983502283602811,1.0142122695210598,1.0143248910238252,0.9890488850110634,0.9842387863549664,0.9887877123987902,1.0780017677268727,1.114359669594829,1.0185351498692228,0.9617449993266561,0.9803972097272426,0.9833546962633037,0.9863654554788687,0.9927237921319093,0.9927141839154373,0.9833441642580788,1.001513757596821,0.5799901304989141,1.0224310442862254,0.9733032816297109,0.9542526811955638,1.04098888159693,0.876977247656682,0.9752434536782354,0.9893882573804491,0.9903065441296612,0.9916731717169024,0.9966459664728561,1.0005998028617866,0.9935185106641515,1.0051373486787996,1.0039458512948005,1.0372935702513855,1.0390032372626279,1.016696561177614,1.0507325989637057,1.076064821032776,0.9390965384011567,0.8407152259614252,0.9818602585191734,0.9841564583577505,0.9790119171171694,0.9686752211314936,0.9793948051914648,-1.135968987273532,0.9636288325565344,-1.83933329057542,1.6207818185740508,0.2121969744671035,-0.5011410973465126,-0.5189234893632387,-0.5163287478896559,-2.168968928481816,-0.2974548928600181,0.3123655424403179,1.037103251951312,1.0482758827604,1.0278913567415047,0.9955141773810137,1.0228651568080565,1.0064794053187478,1.013004011799132,1.0021693276398236,0.9594397216672129,1.1616871567031957,0.7345006683652356,0.7402513908198285,1.1795006883285426,0.9393693763718168,0.8676697362702085,0.8891883918431036,0.9247714298730867,0.978942659338725,0.8975330355447484,0.9100933435061449,0.9575099691532432,0.9667605600501479,1.001132296835942,1.01797869573736,1.0287847477461,1.004566541761001,1.089173415418804,1.0453757917418423,1.203250489341833,1.241790487894373,1.173360278649145,1.7172488954256386,1.8448721797013043,0.03527410300030767,0.09172928182015519,0.8421569949784261,0.8812488559034871,0.9346344797750896,0.9293225375943818,0.9712653321766237,0.9953462927869787,0.9655909236246634,0.9864590382319229,1.0849536774945456,1.0069314389459951,0.9963018079622789,0.9430859256368346,0.9685927701188175,0.8531180366422253,0.7231420480767405,0.8595063438338458,0.9046787111129638,0.9757139767310254,-0.12379102091141063,-0.21127503677509799,-0.4390853888492181,-0.5894664543266752,-0.7040320087871826,-0.8243930818465646,-0.9463810972250625,-1.0053482388490171,-1.0909693781955137,-1.0989085221636714,-1.21102689935814,-1.2382541085018182,-1.2043944062665328,-1.1282806254200768,-0.9417678205688118,-1.5481984975308867,-0.4625842033816807,-0.009742126740192758,-0.2905234674149127,-0.5169919777038202,-0.6614653897145468,-0.7840056607615022,-0.8605253729432412,-0.8931893091442329,-0.9529686533683024,-1.0766283961494343,-0.5424311173368725,-1.0709693433224774,-0.8509753482324114,-0.7931757496249824,-0.7764065556818659,-0.5546643020185773,-0.454252285088757,-0.5472912553941582,-0.6522675500247052,-0.7404649317386451,-0.8486459200435016,-0.9312429680340286,-0.995534931618805,-1.0665881896398735,-1.1003864488676498,-1.1455132280075484,-1.230526501187957,-1.2186649073746263,-1.3255583900858348,-1.2892709732081296,-1.16819092652154,-1.6256868691477764,-0.2649990972981819,-0.13429329676464496,-0.4585921559830496,-0.6329546133518543,-0.7613162000991754,-0.7530926589572375,-0.7615086846301944,-1.653209242929019,-0.37704945048485167,-0.5044519978486934,1.0051534251365253,0.9079833172144659,-1.7925463303692821,0.08422184522500886,-1.0574456119770104,-2.055305215689044,0.9820918231691523,0.9888378175014333,1.0057960715276715,0.9819166138757729,0.9628940843123721,1.0046945163925183,0.9605874330065848,0.9854937173986377,0.9634900702393404,0.9523645279447331,0.9617626752447963,0.927593205631118,0.9186725468367626,0.866719795867107,0.7855461954507338,0.7973179578037011,0.8823012271478841,0.9764543767153014,0.9334117766758301,1.0191461567634823,0.9555542118080488,0.900757337135328,0.9336627910108427,0.8739554973640088,0.8618098563481573,0.9849738740657341,0.3196630825582281,1.0044859120044385,0.8096194547738005,0.7860781822279025,0.8525602171054175,0.7581421846897942,0.8618429946358089,0.9881746465656152,0.8956436203840894,0.9180232105891745,0.9288452510325212,0.935795337220662,0.9371358313214762,0.9280905226679546,0.9280870586962193,0.9415142540041089,0.9565377237655213,0.9231893156732379,0.9352612148632192,0.9143440372389692,0.9212435935774619,1.025314351266696,0.9224257345835511,0.9223597121710585,0.9487291599711988,0.9451409464892917,0.9545431135277467,-0.11110406581691377,-1.2434212164652974,-0.8818608220144737,1.5472777342004655
0.33137047062369457,0.3505825478730236,-0.3944654471337034,1.4208540259381026,-1.3366730169770613,-0.7950596623175727,0.0,-0.7785141486101499,-1.2561033645381063,-0.7620893960494419,-0.9549123493058245,-1.1517009306735753,-1.0959341181339164,-1.2148523304074055,-0.8306908480362276,-0.6375273551252395,0.0,-0.9697311565427806,-1.0192817479965355,-1.3883535254973514,-0.560408111042194,-0.2868925422093332,-0.8645888682323175,-1.2424479426034287,-0.7231971941075005,-1.2843494038624284,-1.6534443309406026,-0.7764976086768316,-0.8294975400017575,-0.7398148026135847,-2.5448507530492073,-1.3089325849512359,-0.9842416270539702,-0.788814438133447,-0.9539182046962118,-0.8192579825902,-0.9472721356442247,-0.6456487434517927,-0.7157647669256105,-0.9517014766116787,-0.8581946240446231,-0.9533082966052359,-1.1787438118231148,-0.8826810214586928,-1.0450067580406204,-0.8627145069035109,-1.0334780652293158,-1.128160408248598,-1.1539808962642257,-0.593938252144536,-1.0498364043204444,-1.1919778847355684,-0.8494094993963618,-0.905850494209879,-0.9202439605774955,-1.1829783323626113,-0.8940193230615966,-2.3920936071579675,-1.3076639455821428,-1.83933329057542,1.0745229926053848,0.0717587506049537,-0.5011410973465126,-1.002891360300985,-0.4317697412805271,0.08217817324916454,-1.0521966752048528,0.45967515850060764,-1.0010271679142793,-1.0962794946159458,-1.073570324708086,-1.1535774368793101,-1.2991316426987494,-0.743983065744993,-0.7286144705383467,-0.7222791489925617,-0.7435413564373644,-0.7970947594743981,-0.7487317548145072,-0.9468757501113736,-0.7105349655863058,-0.8591343600216593,-0.9263518392010288,-1.077285220545026,-1.0908146089834843,-1.1767992002277297,-1.1796991873072373,-1.1882688705190305,-1.235004698056974,-1.1375639631036873,-0.7693733035698903,-0.8254021870185472,-0.7651557621170378,-0.8306365742631745,0.022346314369217628,-0.8426260478058767,-0.9786619038399983,-0.9688447082187281,-1.0968257080352612,-0.9295939665091254,-1.155244929050201,-1.0963570936948834,-2.236069840534535,-1.3353525229764658,-1.869924549505963,-0.5561574324703578,-0.483963488357176,-0.7270052242353222,-0.7877589797780176,-0.8209999253124719,-0.9201198925806952,-0.9472729537194677,-0.8183518801339176,-1.1190649978016736,-0.9796752391793457,-1.2046787293667733,-1.1673416173403632,-1.1879332434436625,-1.1758034484179463,-1.4516215273752038,-1.3610824499585286,-0.2390303789347893,0.15796954182522346,0.3611241638614006,0.517161495613231,0.6504133202904271,0.8009642282886057,0.9198712120687077,1.0328098376479278,1.1177584456594476,1.2047021097400028,1.2785187651494025,1.3743620597678885,1.4456570831705098,1.4784667865336212,1.3369159225453808,1.286473420842448,-0.22013982354481318,-0.184388461511316,0.18238568345422204,0.42864855687971287,0.6113245851731753,0.7445400050371963,0.8621000021906802,0.9672793868954106,1.055539639233951,1.1575679800414453,1.212111764511208,1.287265552629315,1.3066535546100047,1.2504607689999692,0.8533129414515637,0.11187318716648785,0.19226283733448285,0.3784983740511237,0.5328602033824293,0.6607614886597081,0.7743679379326815,0.8553383183479609,0.9377979215001282,1.0195792946365152,1.101779575605632,1.153091979362559,1.231601800317447,1.303838744981356,1.3811743560064236,1.434645635595686,1.4053688003543712,1.3623173241812483,-0.7279894313353518,0.10514215267181112,0.40149458592762055,0.6064134901153952,0.7116389346492138,1.0888968514104185,1.090760221367702,-0.4068699388475828,1.1131179243549076,-2.7927955265636983,0.09163388733446495,-0.47189241973743634,-1.2628979282004733,0.5808446711555675,0.5365465769857981,0.4635426554825705,-1.824550548364729,-0.9495361667884392,-1.1864027353093018,-1.2038559067792605,-1.1310942301829834,-0.8568515290390591,-1.6188921014692796,-0.9529074973409087,-1.0499662516159292,-1.4101727663243806,-0.980985078970411,-0.7497761351557891,-1.2958951557919942,-0.771031921174436,-0.8583417069306082,-0.7272321801814446,-1.114409338526358,-1.1376055980945616,-1.879702718117749,-1.2731468579713643,-1.1063980328333676,-1.2640521347400209,-0.9419237503831516,-1.2788777030841647,-0.8044530142632349,-1.824739719395506,0.5183887048961531,-0.8232501173444664,-0.7682728280405318,-1.2475756567371812,-1.183632544869091,-1.0877824871478787,-0.7509996809034332,-1.8296688531929093,-1.5056842850673664,-0.9714079936091172,-1.7352355464219023,-1.097501019467778,-1.34010270531145,-0.7666750334600675,-0.8829884762862319,-1.578186290137997,-1.3949301029574344,-0.9695192798334805,-0.6997201549198181,-0.7025025636512324,-1.0668656258537061,-0.9516794953510611,-0.8593469047917243,-1.0903837419271634,-1.007568031943162,-1.6575219232191636,-1.1963184788978176,0.07505752841645599,-0.8017016199351379,-0.09582978816923449,-0.2546877717622413
1.9985681707956349,0.060277184063273204,0.7266845203782188,1.1832754105427612,1.0027892341811904,0.9898701698412469,0.9959374767287069,0.9915128594415034,0.9979294538329437,0.9958367360252246,1.009444067191004,0.9905593372605269,1.0114460931550942,1.0000056389075478,1.0130081256263617,1.0120090914213085,0.9879835547701125,0.9928889974655789,0.9935856917849094,1.060657275692404,1.1292296352506774,1.019686201751979,0.9543797951967157,0.9891837470334458,0.981489700407902,0.9785515843618696,0.9905909922124533,0.9910249310211584,0.9827900222607782,1.0031508890312981,0.09489367529327226,1.0206468511914892,0.9766442476388354,0.9579802897032204,1.0412329645915266,0.8887543035494108,0.9586539735689014,0.9868988635371617,0.9830955969404326,0.991222409126548,1.0011264561280435,1.0005359033168812,0.9984389596824297,1.0013041025826752,1.0068564512567508,1.0300423732337063,1.039056748243611,1.0237920290621843,1.0459374193150208,1.0697182413068214,0.8877951083904451,0.8240835039323571,0.9768100778882469,0.9707368186109246,0.9794893264387287,0.9690039734387266,0.9879095181276027,0.48698129613570196,-2.5543063265368624,1.3884951918548127,0.19374037727747004,1.0185783110698818,0.2506778150822789,-2.328059633754299,-0.0059043446619641065,-2.168968928481816,-0.5046918376588321,-0.5317325310687102,1.0184327727634466,1.0358882443640338,1.0223023646416616,1.0001865724148116,1.0224224223686236,1.0066349050723775,1.0216998946835023,1.0069833487757365,0.9493146878491194,1.168318546307114,0.6515701312339552,0.6825222515315065,1.2212329525095542,1.0029996475656857,0.9220739876535301,0.8682070975901766,0.9204139470321637,0.9263689056813051,0.9177331290442969,0.9238047363411324,0.9649069407847517,0.9795195668101496,0.991568624616565,1.0195765210569914,1.0278366159566439,1.0078922999714124,-0.48510191676768105,1.034839579270521,1.1881471001655186,1.2551796377436655,1.1598922379368417,1.7335420015507532,1.8956797608026204,0.16480667601977317,0.11475438354909122,0.8288590506757438,0.8860796454952329,0.919571831174057,0.9405779501782496,0.9762293142809356,1.0020094353113926,0.9407570456534944,0.9426176611656497,1.1074579732037757,0.9599657244787683,0.9564217070390446,0.9086845724507367,0.9777812705953755,0.7273478366591625,0.7571774027768983,0.8939186151451108,0.9807243217109053,0.9819277846108576,-0.1136142710816502,-0.2241633402558321,-0.43127950345923904,-0.5976962101844887,-0.7053874120786124,-0.7975441550309751,-0.8906527375589071,-1.0117653201655064,-1.0916520992592367,-1.1063279940246151,-1.225392592184789,-1.2544997080889857,-1.1940173691987641,-1.1688887567486672,-0.9811491107766867,-1.6135456806924735,-0.41772141343965186,-0.01533557389377363,-0.28372092716672836,-0.5058964587614692,-0.6433466771997519,-0.7618487638244309,-0.8668758929089769,-0.8955289449720304,-0.9285724614019828,-1.060218970791463,-0.33230862357566565,-1.074016540796431,-0.8363493038937978,-0.8034075565361581,-0.7368321296693991,-0.5148508035445255,-0.45754466541223343,-0.5473158403430574,-0.6825845170670835,-0.7603304216441955,-0.8446035810533425,-0.916357139625916,-0.9683857434368253,-1.0247205673396453,-1.0949013256517643,-1.143128255793545,-1.2330488286427108,-1.196064728406562,-1.3292396406565852,-1.3355861379187253,-1.2640089138693889,-1.6755615267399568,-0.18070424610451852,-0.1898575307341902,-0.463143402369802,-0.6754819040850205,-0.7786750528641804,-0.7507570376391062,-1.2794720296039557,-0.07626926743992447,0.4567347460739735,0.6000955751664231,1.1336493755156005,0.8486352619718575,-0.8779476050134891,-2.5502746126369362,1.179067974564725,-0.43059402670695535,0.9845531021328302,0.9868292244934674,1.0018864425296976,0.9788373477207322,0.9618518705999786,1.0070776621898718,0.9625730304201293,0.9834855530304732,0.9626914878565705,0.9551284403395649,0.9556497487230415,0.9246689917990356,0.9177182270801263,0.8794761916198379,0.7742402442820988,0.8217815188408009,0.9128854920436469,0.9682768625599499,0.9334792273187454,1.020289154776122,0.9561759078143777,0.9009159740892198,0.9013998861709556,0.8829246966522174,0.8804243074750754,1.0030928084246946,1.3222606145578135,0.9893995588277753,0.8351547628917512,0.6993102346752326,0.8971064212964629,0.8225021618401287,0.8711255873046714,0.9962512934578638,0.9158585773710969,0.9082552290926967,0.9340997983775611,0.9325060715022823,0.9373607600691688,0.9248186901306237,0.9290095115447157,0.9392420174494854,0.9606712190448453,0.9239404090230905,0.9331929004815107,0.9200527617276674,0.899714576292713,1.0269757105330732,0.9207975782933623,0.9210850310490466,0.9525003497958163,0.9480903550203998,0.9532145060149164,0.39867850107467695,0.534890281662346,0.3886834389523553,0.7731350806699024
-0.6207652908384244,0.8217078624655736,0.7660818439121441,-0.32418207872994154,-1.1732806822746984,-1.3164842322198274,-0.8475867123414623,-0.9721406537271711,-1.2991765558989854,-1.3665669774568552,-0.9549123493058245,-0.7750343389496057,-0.9500467307172644,-1.0381912901310797,-1.2184508845381907,-0.8936800171530416,-1.1770804778546413,-1.2043685680713077,-1.1751690084350626,-0.8829682513694118,-1.0163253162225543,-0.9221764422109917,-1.6588019918867853,-0.9791565001862262,-1.0192391369896892,-0.9136015041422455,-0.8028931010288324,-0.9568617222529913,-0.8461321191696046,-0.8226841799565735,-0.8211937056243448,-1.5878379032418395,-0.9058314150952328,-0.8070784858832013,-0.5840963733291524,-0.9438330676815349,-1.2774683489680474,-1.1462807071502301,-1.4588615285059974,-1.1697194932281905,-1.5515464841938615,-0.8828604041834516,-0.922290406913435,-1.0531468233018142,-1.1746839000841824,-0.998467064430465,-0.7483428427192091,-0.7731580725009298,-0.5049915153994726,-1.4700412430603078,-1.8430454496316448,-0.7798559261884385,-0.7508062146722627,-0.7279747485441618,-1.2419010372441621,-1.0082064167423668,-1.241041763964255,0.4047501416071272,0.37557735434190853,-0.1755553363538267,0.04685983565805937,-0.8949497904411514,1.0219561988641732,0.004732707262208421,0.9790312437009768,-1.6291157894080088,-0.08555786071553603,0.5067261768903628,-0.9267410142782992,-0.9372642261427944,-0.9324305708805114,-0.8877354073794114,-0.8186818426540592,-1.1146816498549177,-1.2083185966705874,-0.7897546642868,-1.0248002408184087,-0.9186562791982699,-1.064758692829969,-1.051796327329662,-0.930696918319654,-0.8052235544291667,-0.9632336339812072,-1.098421087646699,-1.1423465948250662,-0.9988911892235838,-1.0069478650854324,-1.124083908586722,-1.240637423346438,-0.9600195233453709,-1.0167830715012374,-1.083159336488018,-0.8751303762712233,-0.805157644838304,-0.3328560278903827,-0.8374754179003152,-0.9279245924454669,-0.8665196223619653,-0.8765408972062396,-0.8611978429486177,-0.9720599316152698,-0.5564426950780955,-0.740505890565139,-1.0579600999411747,-1.297764807387171,-1.0652755799764733,-1.0348850403737802,-0.8691350838712172,-0.9589035200215336,-1.0014528220808738,-1.130193626808156,-1.0428244327908476,-1.0410504862867105,-1.0669308550319083,-1.1194303818392426,-1.0894392572556326,-1.0563505140888292,-0.9576510754718889,-1.2678953229123604,-0.779289562781857,-1.1685636537693906,0.9640758071056001,0.9812916952548691,1.004323192154922,1.0094467067786193,1.0352495430061268,1.0778879896192775,1.012229387996258,0.9872872003393294,0.9499428218223,0.9091866516442187,0.8725487411957037,0.8069091816085311,0.6753340176535382,0.48987192347079633,0.2290476339677417,-0.6040145776079436,0.42290872973559046,0.8846340699923683,0.9607483701749693,1.0562530157913785,1.0525785072099492,1.050595194844627,1.0406219340671825,1.0218875476989457,1.0038504016575283,0.9581152550928236,0.8221304930145595,0.8200979331569184,0.7397288225361801,0.6271072062207503,0.7700087934648807,1.0368179806270381,1.0128156145884997,1.0193963716365044,1.0096247763768127,0.9997043605750617,1.0029348583576465,0.9919578356937474,0.977721791638455,0.9537177403958456,0.9279500161497837,0.8958396560811769,0.864544145857159,0.8067718100872795,0.709510318174344,0.5560563924135357,0.26768535546955796,-0.7036318185891969,0.905260521862262,0.9847746605405923,1.0489596771540444,1.081865416355021,1.064556118435823,1.1105075386537655,1.1049326670600397,0.7122550657905761,1.47744190890341,0.11767014102461826,-0.47546977806685026,0.2256598577778305,-0.38416486064786737,0.16284851826159105,-0.20098807782838,1.2153881990972575,-0.9349460134821864,-0.9951899464991243,-1.2663032091054667,-1.1080333554697825,-1.351299009555961,-1.0817981403559263,-0.9551881987573609,-1.0984410725984726,-0.8485337066784978,-0.9868124005747757,-1.1314199533151792,-0.9881675816528516,-0.8058227280024114,-1.0086566373550645,-0.8293004570118683,-0.6600295066921126,-1.2073224446738877,-0.8338067524462879,-1.661942005690577,-1.2731468579713643,-1.1880700632897738,-0.9342015511128298,-1.1634537911909295,-0.7829399774239115,-0.8772440294605143,-0.8295532347270413,-2.2940649529400625,-0.8481186817030135,-1.1009703070556272,-0.7190712050835898,-0.8254104601563842,-0.7840415377189811,-1.1629869786485894,-0.5890083541757335,-2.0819449590208308,-1.9014896155939207,-0.871743761186913,-0.9534647938521011,-0.9224379878079534,-1.0029793503165385,-1.1895530074690321,-1.384689263778119,-0.9786755299914202,-0.8327254171419491,-1.2193897867959649,-1.1370595382930955,-1.3055760460789765,-2.0184555037803493,-1.2973972720222395,-1.0292541833996003,-1.3256134483557045,-1.4617579414285162,-1.2088935247013908,-2.104134927902786,-0.00692677656103287,0.9313162108456022,-0.2546877717622413
-1.0990718063572222,0.5409262888391775,-0.6786110125613306,-1.2848213628477623,0.9952133828303769,0.998056194265745,0.9862149834444381,0.9920809585874613,0.9999625083327783,0.9947139770298152,0.9978856392669174,0.9825434658794179,1.0011449280868743,1.0101584739884064,0.9858482900445378,0.9913681133471749,1.0277398246704685,1.0347825574036764,1.0661500503281602,0.942717823435925,0.7808552038763836,0.933379883696191,0.9406555099276251,0.967929803106867,0.9999418551543753,1.0021613591833543,0.9820399857432708,1.0199610071432879,1.0148483618893616,0.9775603815047109,-1.3400661791368418,0.9789986021178382,1.0592515819612616,1.0716980041834918,0.9726578791516477,1.0527452915134436,0.9381341021989289,0.9214519463075946,0.9613171752752429,0.9861639756595815,0.9763122513029934,0.9816136185818081,0.9984180526965333,1.0097406795373651,1.022910779209373,0.9836345946448696,0.983044587282767,1.036434742123331,0.9744642693565849,0.9828816114364488,1.0303381803639362,0.9877573919775258,0.8809413951829133,0.9234400581254189,0.9578612578303289,1.0102905417789243,1.0156903179531245,0.3601394795224271,-0.006504122296729565,1.1319256807176705,-0.43270869925306454,0.36270743412628,1.3881359194020173,-1.002891360300985,-1.1671556073108322,-0.9154687577532092,-0.2974548928600181,0.5401515995391885,0.7988232799698325,0.8470646174541472,0.9938886837297483,0.9756651667334121,0.9718250090634194,0.9736970336498956,1.0261893443240422,1.0712274369272126,1.1438318657937392,0.8801556628940308,1.3574622205839457,1.2949448482320816,0.96948607565482,1.0902797049618325,1.1571697942206614,0.8613690145341146,0.8715055663171606,0.8633630843468509,1.0556730527916711,1.0145403732245282,1.0110469920899283,1.0029721662780966,0.9776812441737665,0.9801397238823492,0.9814880057537014,1.0364260415939794,-0.231878424671351,1.0722392337631383,0.9979015997405959,1.006279142577411,1.2065918519865593,0.965315158186245,0.8918637803145958,0.3046281495119912,0.8994338810945796,0.8496021749994235,0.9278017535645757,0.9696261740984937,0.9841532457921077,1.0044512428136552,1.0385827952233682,1.0689968798808485,1.1086778581373355,1.1049287971276254,1.197691917185368,1.18702161669967,1.0818399716476272,0.8837434535728447,1.0053808001459348,1.0011218993254867,0.9163223278002892,0.8737731192232976,0.921253297193488,-0.332415070307273,-0.30437481775122693,-0.3911249693401628,-0.5080853705407731,-0.6584809821624915,-0.80433211657291,-0.9133113452671491,-0.9637463195364941,-0.9993291339266483,-1.1000508078706848,-1.1028764040695171,-1.1098264597740382,-1.134571782772853,-1.0356050664672498,-0.6912252269610304,-0.7898866362703953,-0.4217029762395177,-0.09735320399191627,-0.3196745832157323,-0.5829129719927604,-0.7458576954640301,-0.8932253735443028,-0.9517707839083297,-1.0752360491581132,-1.157925069245043,-1.1451434688111137,-1.2495995884249305,-1.2266653584205196,-1.3071545496322259,-1.344854790887918,-1.345183136428932,-0.5688753577530947,-0.38332152916603,-0.4632089925980154,-0.5492915777815447,-0.7067447724221203,-0.8253345979220716,-0.868752278232858,-0.9013770081204369,-0.9653809696409668,-0.9800884861554715,-1.0660358150023874,-1.0523134219546164,-1.1739757185508453,-1.066231917264721,-1.053400246391933,-0.7684088932172743,-0.9068689885727984,-0.1921761561721114,-0.26438773586379505,-0.5736467125032669,-0.7689979007195056,-0.8586453517057816,-0.8113243019409578,-0.6322012936733922,0.8394693652338534,-1.4458820547670521,-1.4644532440444344,1.0051534251365253,0.12261225516575465,-2.707145055725075,0.4240488761762976,0.16771374738487976,0.26411009269657737,1.0025134542797367,1.008160760690574,0.996161311739709,0.9820826374842692,0.9568854015166905,1.0119590533732672,0.9672124603230731,0.987063561173175,0.9642405387296674,0.9597438886468423,0.9577573366061202,0.9306666805889261,0.9516986785353128,0.9245162243667642,0.8589038164254083,0.7539402029862046,0.9348232926429878,0.9593604702100805,0.9277112384778035,1.0111802769874016,0.9336949193236409,0.8986054216362722,0.8965198681638158,0.8815726127054359,0.8884895696355188,0.9587460837634095,0.3992483806701677,0.9561651521906646,0.8429412136434653,0.8098369629860311,0.784762724893681,0.8467360240119489,0.8406807826243722,0.9903958663127636,0.9201929970096391,0.9341140324884332,0.9238412299873829,0.9380144944048857,0.9463034887952695,0.9408248328772353,0.9448929181705381,0.9248114222942627,0.9441443819898334,0.9438813923546446,0.9188474003702346,0.8768606556336862,0.84762217104237,0.9414423498768653,0.9448701866749659,0.9008602898799486,0.9387126391334488,0.9488407484821565,0.9547317846320389,0.26089995026504437,0.7942238579763713,0.8159131289331193,1.1148716605196716
0.21059492445980715,-2.2803106709481007,0.9079867436767648,0.5226619696311539,-0.8464960128699722,-0.6907331062856368,-1.0612731471146792,-0.9010830541977519,-0.8499443133709792,-1.4944197167777962,-0.8284497861496527,-0.7952682706246993,-0.8821620543842372,-1.384261995493935,-1.5185678588143432,-0.9853247643268886,-1.3642634167612897,-1.5290335578609822,-1.1751690084350626,-1.5477848287294436,-1.0163253162225543,-0.5387149113221763,-0.9905579962377761,-0.8877442148050253,-1.1882452975542668,-1.2843494038624284,-0.7651557585465756,-0.9159896620334753,-1.18352447532981,-0.9899478532544992,0.6137661488057691,-0.9851335377750087,-0.8379683545400052,-0.956795423676418,-1.428079152078908,-1.1085057262372264,-0.8253910790429337,-1.1462807071502301,-1.0707150836670742,-1.1159958530103504,-0.9211584957446534,-1.039529548628461,-1.34825029231293,-0.6550110767887438,-0.9457343999972266,-1.102390364124987,-1.5974411992808266,-0.9331109271111324,-0.6646709107751011,-0.934920885284357,-0.6162182603873482,-0.7798559261884385,-1.614488112645084,-0.8744800706341945,-1.0063388464986784,-0.7012246507556872,-1.0524122332991475,1.0752806716037844,-0.4836781517514841,0.5773330293104726,-2.5137274865960904,-0.7952553882452061,-2.3904181140950422,0.13854646145688332,0.33509342459058156,1.326976092030587,1.4646475531374632,-0.8799133466208364,-0.9296183695050061,-0.9368817433575701,-0.8360193146245243,-0.7847948132342704,-0.8937736783707674,-1.4402835951433408,-0.8631827331195695,-1.1844798774655905,-1.0043568526722175,-1.1635950452110184,-0.9442372902272934,-0.8936452907548624,-1.2920677577472468,-1.5376283841258875,-1.1534436425024919,-0.9633446747669666,-1.02745224479078,-1.1576912640832464,-0.9532711390610019,-1.3587341588424195,-1.107944797264305,-1.1928999679909027,-1.2732471894333148,-0.7187001785398217,-0.714367400768317,-0.8790166656731618,1.1409042459840553,-0.8776903821922859,-0.8603056008910052,-0.7359020048741517,-0.8877449274459435,-0.9427666799393676,-0.3892319586000806,-0.855453571183807,-0.6770897114952152,-0.8644168817660594,-1.4276402085859146,-0.888185677752868,-1.1383198048635177,-1.052094494703649,-1.0442620155541937,-0.9990283542005637,-1.007622718576206,-0.9681735217607119,-1.0686231419761325,-1.0115223944799254,-1.1351391951317207,-0.8558484105452941,-1.4115220776881372,-1.2602556462778156,-1.0520251281892439,-0.8942261903843102,-1.6323529260881877,0.9862810588403076,0.9458812224275259,0.9152802511721773,0.9539859793815657,0.9393724605783285,0.9384637634851263,0.9367034349634751,0.9040188459899605,0.8709069683987016,0.8040373896164511,0.7580901108384386,0.6613343998961038,0.5162919485018648,0.2771356776625022,-0.09858511154343931,-2.636946140492748,0.7702376768709422,1.0457881862215104,1.1372267642286116,1.1957833718855349,1.2235502412118782,1.2284364401806638,1.2070966528505411,1.220139861866191,1.2000748321090888,1.2092834957492151,1.0351606424023867,1.1447862979845946,1.079040732781325,1.1250002404146942,1.1902492217961496,1.0986603508328388,0.9816823628633483,0.9019221678137159,0.9234681665019143,0.9219274895437073,0.8993889199414715,0.9071065324285508,0.8847092935056888,0.8807394473223397,0.8526415089174926,0.7992389814147224,0.7563153121747639,0.6456458073684095,0.5582309206359424,0.30924194915694486,-0.04708898919549303,-1.8916482851521905,1.183910550979762,1.1364264440672454,1.1979878191144189,1.2011669373518479,1.2143227053764616,1.1231320648843623,1.117447888664507,0.7475162034738828,1.1477328613193507,-0.4544157411541331,-0.2896584636373911,-0.3431205378964564,0.2830553507502723,0.2583026801669988,0.016731397087052517,0.6585446246674103,-1.0334326969791916,-1.158559643923544,-0.9492080985389518,-1.242784934018884,-1.6102964641834074,-0.7830765410152757,-1.0805635712164816,-0.9918267164217527,-1.0238372695959623,-0.8709937952286138,-1.0214932470886824,-0.8871867415371618,-1.2638534955185148,-0.9592284577558154,-0.4724718665597185,-0.7742412345465544,-1.021799298711772,-0.9645299240396098,-1.0674642313410219,-1.2084189932149372,-1.266622775370591,-0.8883017065108219,-0.8983796150438285,-1.0641430558680305,-1.117248410303874,-1.1295856200624583,-0.0547486355911977,-0.7786216292771284,-0.970354664240393,-0.749021293835646,-1.1493690347005876,-1.2083023308305252,-1.113094341308223,-0.9778676283335005,-0.9294236111139024,-1.146829777126547,-1.6878820550035165,-1.2727388134449906,-1.079480263123494,-1.5294218948828024,-1.0789612966239297,-1.1728741085049381,-1.3464750828788281,-0.7466762713934814,-0.7891897610471793,-1.0727533322950058,-1.208776973894783,-1.5990810368929969,-1.5072454947422829,-0.9014410663132456,-0.8043532910686169,-1.1095247844933342,-1.2519630638503092,-0.7275564914851108,-1.135849595334509,0.7818414148691398,-1.1829861002285602
1.493796178213272,0.9811690788562918,-0.07338316935901087,-0.021444730107692378,1.0114594674624593,0.9869090597210891,0.9966070670425375,0.9957876572771999,1.0026778677597465,0.9965994976279311,1.0100702807426332,0.9921875938246068,1.0161048421612482,1.000573584744062,1.0113095356859643,1.0116037405799854,0.9893646185322386,0.9876432483087386,0.9968551643231971,1.0536792775262438,1.0802229521293418,0.9766854199548262,0.9632427118923379,0.9977690758267629,0.9988041346473343,0.98917472819819,0.999851834531741,1.0044542109351768,1.0001590977729002,1.0178772481772842,0.7539079810713116,1.0375821353396526,0.9937694544719591,0.9730954712244733,1.0760638591288831,0.8886986124186544,0.9478636638077892,0.9730323723069895,0.9661732761010472,0.981896063452666,0.9825056819088277,0.9907518209718844,0.9877859328170668,0.9919989172248115,0.9942417652997381,1.0181348612195842,1.020466335457218,0.9972169324265098,1.0219562125341328,1.0066162146860262,0.8194087553821899,0.8682674663514519,1.0137734390643742,1.0064450685951778,1.0026295220230579,0.9850623441382886,1.002673309803915,-0.05400213166737604,0.47377617066244443,1.500627642601398,-0.634380257004487,0.7827649306149915,0.2506778150822789,0.9409728896751793,0.3036161247497782,1.1173669953623344,-1.2284538644976581,-2.0721922356819906,0.8925991723571726,0.9525466035412419,0.9393214507139345,0.9491714419901295,0.9810196406890969,0.9733239889880507,0.9745391747764239,0.9665181809975806,0.9363315003869033,1.1924743971672804,0.7962957366322432,0.906149399392332,1.4198979083247536,1.2784613676784928,1.06744649099046,1.0270683923658512,1.0281825721643387,1.0151566732386559,0.9290144455616938,0.9291918166513836,0.9436747713883822,0.9750913434774978,0.981011183878479,1.001500579825589,1.0008400359848804,0.9736737009679182,-1.1558849167506269,0.9914381833481724,1.1411147001253186,1.1573681801039999,1.0255008933610303,1.5124447980220175,1.4086518309890441,-1.369787665233134,0.3126779233280101,0.9068232535572093,0.962392548774597,0.9702502596187613,1.001313582410075,1.0471360321239138,1.061521237937708,1.0362281917791647,1.0511696868765752,1.1926279506069566,1.1068519578553202,1.1092116912320977,1.123252144793357,1.1445533189772954,0.8149907157464863,0.7087628983857173,0.809823097864605,0.9357004029615734,0.9396238751172288,-0.16743180988591347,-0.27086226644557815,-0.4057091698390707,-0.5695594191671951,-0.6701410318325391,-0.7748223477459173,-0.8600729073962186,-0.9355545712866628,-1.0144012235084712,-0.9973311738302645,-1.126275860230137,-1.1261412474445551,-1.0444668089667808,-0.9721854284773362,-0.6811399035053374,-0.7407549937478769,-0.2458322763546648,-0.0411436073058195,-0.34709062969136784,-0.5519978256957159,-0.7336557392536143,-0.840251032444347,-0.9663907967987863,-1.027964931937394,-1.0493720988881052,-1.228355798951635,-0.19121115256845142,-1.300875889201822,-1.2016872503010432,-1.3334474127746696,-1.3421893922844446,-0.7221409666911368,-0.4883388722742717,-0.5092048642953015,-0.6205066791702575,-0.6897500082140758,-0.7595154933242763,-0.8506957183647005,-0.8871264110902097,-0.9287634942157295,-0.9910200520398497,-1.0580296664952862,-1.1395517973924827,-1.0373982271512565,-1.1601331024610964,-1.1026829048487012,-0.9279442042239943,-0.9152831969428726,-0.17631366650547792,-0.3033553125505003,-0.5637968731517643,-0.7371746279251526,-0.8326941077885283,-0.7507570376391062,-0.6311812292856659,1.1348088989582066,-0.37704945048485167,0.2721843383167749,-0.5105674209037713,1.2265260741259767,0.34356802419517046,-1.0537200067681063,1.361687759602487,0.4890093957841121,0.9851418425494741,0.9938026007561858,1.0095236455621857,0.9840556309993106,0.9676252839216796,1.0108718234557486,0.9665558978543093,0.9877452095006494,0.9698592472134665,0.9628452044830683,0.9669416540209492,0.9370463288223354,0.9285619283690385,0.8944042072602331,0.8095459340632388,0.8856814522423408,0.9245980878679749,0.9585469908520928,0.9242751934688513,1.018956936353722,0.9452825733808695,0.9041362724686448,0.8946721009687144,0.8612154183295702,0.8639205934441606,0.9964535089512154,-0.3526116682523578,0.9997569516843258,0.7660785509618123,0.7667982760187402,0.7972396812442459,0.7394572526177392,0.8729821509264052,0.9920966492062486,0.9287072384605874,0.9236709413863405,0.9321336761627613,0.9400414544009733,0.9407609258044985,0.9298177532224787,0.9320869444801653,0.9402070742361364,0.9620880372993066,0.9290306080539271,0.9406839398650707,0.9220816046112041,0.9328602320256424,1.013610117536295,0.9068535886728945,0.9274524226926985,0.9535849141015957,0.9503069729732526,0.958700158103928,-0.2115783192899306,0.07002670670805428,0.4177432113381837,-0.7138797952477077
0.6889014399786049,-0.06670006151704229,-1.1025366324651045,-0.8234205646333975,-0.7661309871300804,-0.8931075439029754,-1.1363975825992814,-0.7457831242481738,-0.9167856920262386,-0.674961528213781,-0.9549123493058245,-0.9541049461223553,-1.2440911004415187,-0.9172892008913565,-0.9599441935368821,-0.8936800171530416,-1.3642634167612897,-0.8006186136231177,-0.7895146529724926,-0.8587342000861581,-1.7499847673544382,-0.8154987196102341,-0.5276629468132632,-0.8961824281176355,-1.1659454796429602,-0.8049470336118497,-0.7312926674932827,-1.093301907066166,-0.9319572434691886,-0.8612399544114615,0.23503550755881447,-0.8007871497440832,-0.5326283334990185,-0.7237769775336165,-1.0610899436701444,-0.6705592199939182,-1.0683649136433104,-1.0427218148567519,-1.0150864953686027,-0.6476763125537667,-0.9719216572988085,-0.9457309792832622,-1.34825029231293,-1.4815174272327472,-1.4757848994598282,-0.9872726152852074,-1.0211466107131681,-1.323209889386064,-1.1539808962642257,-0.9488414608957132,-1.124941733449489,-0.8369953515084813,-1.254733487319226,-1.5862001410326168,-1.1973042858949945,-0.9581634516700347,-0.830534821222892,-0.22815989594565583,-1.9309851360595027,-0.341689267326246,-0.634380257004487,-1.0063986501517637,0.5723493608101511,-1.1866218119964307,0.12452819116712653,-0.9154687577532092,1.1857090036693105,1.1923253253505233,-0.9198869233689143,-0.7899205151768026,-0.8630236206168246,-0.7042337778612323,-0.7115490379321274,-1.6908377506492993,-1.4202105647181202,-1.5848325580492877,-1.2689319770694036,-1.2295378305806286,-1.4068719215095449,-1.2359715295005602,-1.1529857315251264,-0.8567315250617039,-1.0485882566425309,-1.0510336653707042,-0.9907809879218847,-0.9378685040915171,-0.9435049610594662,-0.7385165559471298,-0.7228123948396232,-0.6314240351445718,-0.9147955253590595,-1.295339516325946,-1.3275194509772352,-1.0216711805463141,0.2661445265585593,-1.0845590013999178,-1.0791441534552102,-1.2160636515672176,-1.0769025853730803,-0.48932891054805394,-0.3067109427850901,-0.14508972593754982,-0.5028262787676391,-0.34904007306369134,-0.4707712482069218,-0.8701160061538455,-1.8830317969623778,-1.4572293820776179,-1.5571286802268214,-1.1454989831764708,-1.3439373725859234,-1.2603299656956852,-1.0090072131121788,-1.0094386081259263,-1.111594793025495,-0.9278128747992295,-0.7437502850616492,-0.6796052381146709,-0.7159509661943666,-0.7345657593058829,-0.5575934769246239,1.7308372466769069,1.5234152633802833,1.4487712624520084,1.3646081058906396,1.2725580650736008,1.1262071686681916,1.0009717827095603,0.85729627217978,0.6869974841801709,0.5077371150057219,0.2898755895149499,-0.021093866039998868,-0.46216567438710443,-1.1630649200304148,-2.575316378044309,0.2727478428944387,1.8569703326885645,1.5316197181683089,1.501175277099692,1.4858011137394687,1.391984631447639,1.2719646496629606,1.1676982073526376,1.0283825704462728,0.8691662693866655,0.6911747090647615,0.9481510253008846,0.29287542349384293,0.15186902154061982,0.39358204047556966,1.457388203771523,1.8880891777452775,1.6200143197043892,1.46910904914599,1.3616801099608775,1.258366683262157,1.176768320267341,1.0719866760230052,0.96051204544995,0.834622306816319,0.6884212884134648,0.5800904468610856,0.3940639966478421,0.1664186459993926,-0.18094576707674043,-0.7367171512344065,-1.8644366222742652,0.21831212613143092,2.1009178457939544,1.6250765500305637,1.5649446461697105,1.4517623927788328,1.3410343075134774,1.127346393892432,1.1108284458935866,1.2407010029800312,0.39506806707040065,-0.1361109615251706,0.5845588416863422,-2.7167891532966455,-0.1469320891066686,-0.5603091413994624,-0.15375665365884583,0.3212515169077317,-1.2171026678594974,-0.9951899464991243,-0.8789002677011449,-1.0403645710048883,-3.0566515399898327e-16,-0.9097050069225098,-1.2135042948310966,-0.8124896999230801,-1.2782652650450805,-1.103886238523981,-1.1113932510800524,-0.9881675816528516,-1.2958951557919942,-0.7300342344347515,-0.5614978976700206,-1.0124269457978448,-0.9646441264426017,-1.2002888467040806,-1.5502434785881933,-1.33645121292017,-1.0431470719057852,-2.037132806928407,-1.0648200798002523,-0.9227740946990544,-0.8108415371745803,-0.8295532347270413,0.9024287754756416,-0.4741923391563897,-1.0046694363410558,-0.8814271465431532,-1.5305745968234024,-1.119946490053054,-0.9054639099834771,-0.6258318091052539,-1.1211172168087333,-1.552597231313537,-1.563147324251243,-1.0640827352196371,-0.9085264171905925,-1.453948292105386,-1.3137113225413166,-0.8547640206796198,-0.8617669909118231,-1.1276061930939216,-1.6031178225522813,-1.0395838528078725,-1.1673377245635217,-0.6076964768338715,-1.3465993887875731,-1.303874889572787,-1.193122604652904,-0.913760802702687,-1.1963184788978176,-0.18090206452372284,-1.135849595334509,0.3106187543173745,0.3925070355407008
1.0825871900130963,0.4274945072317249,-0.10762909619296471,1.4357121358464704,1.0292249823735877,1.007176460955077,0.9748995842950614,0.9843530299005857,0.9979500905425442,1.0000819652507205,1.0013455069777593,0.9820057820201141,0.9991059694656891,1.0121332368201237,0.987137131955911,0.9921250039767185,1.0337166816375951,1.0390150388996857,1.0731063432537733,0.9593690149821879,1.002918535495455,1.0337740456536226,0.9015241723057548,0.9650959801347864,0.9766359602791854,0.9830859679308396,0.9811999311370792,1.0068019679566889,1.0024897015133079,0.980833375634979,0.4129505036115423,0.9829438712853265,1.025817788191386,1.0262371394423244,0.9903245117750703,0.9567094392510694,0.9069219653272084,0.9499656874418763,0.9583646745557125,1.0069089894995173,0.9938484760917639,0.9981474404128181,1.0088380197617994,1.0223661642242299,1.028181708045079,0.9977428319041317,0.992994597649715,1.0643812447883567,0.9733161229530966,0.9307414868619058,0.8865081216771241,0.8402782622219905,0.8713165363220421,0.9020178824472991,0.9397168345602109,0.9978376151395205,1.0043787144156362,0.8538069596604998,-0.06102156462742334,0.18152257505827382,1.3514163328201023,-1.4511262651888082,-0.28587054062192524,-1.002891360300985,1.1066915202333427,0.1642375203944043,0.68335259774289,-0.20112102576410873,0.840039326269106,0.9195287033310894,1.0691241784558831,1.0359005496747085,1.0365640072179376,1.0062236132498565,1.0584266129316318,1.0756412891880778,1.1346762949966105,0.9767136490144971,1.0926089473319571,0.9804665781234854,1.154500190755263,1.1807951961353698,1.1628867693605827,0.5398694150291695,0.7080701460683193,0.6863321182045564,1.0541946394724002,0.9800071250915247,1.004512887767741,1.0129461566194369,0.9865255501486888,1.0331966911413661,1.024090819313861,1.0270635874578793,1.6581490728364603,1.0684090973495286,1.1531247726199376,1.2683427488220667,1.2292884304976877,1.624071497651823,1.8948195805739165,0.8749790199975573,0.6436850654151288,0.7807847599492268,0.842012244707375,0.9094466301193619,0.9279490252176928,0.9714114574134813,1.0080977133525386,0.9552724168069062,0.9659395931762639,1.0913963129953468,0.9567790018667466,0.9006209811594718,0.7719454747716811,0.7391985628247124,0.9748741520517408,1.0582194612202875,1.0263156302513614,0.9168916923837971,0.9329291944373604,-0.21658581780818975,-0.2906168690012427,-0.4068591570543604,-0.5407744395659412,-0.7051972228019852,-0.7921404855343582,-0.9358134113727339,-1.0130217617581343,-1.070201724155139,-1.1126380535011984,-1.2068215859939013,-1.2243901644661355,-1.1533345924968474,-1.1405358364206881,-0.950629332639612,-1.8768103863572487,-0.45142507478513244,-0.038634371528484014,-0.2536575359011141,-0.49183836256062763,-0.6379021891192186,-0.7213490382081695,-0.8795017757058878,-0.9098298896694217,-0.9429515320025943,-1.0005616973496536,-1.0218835878742956,-1.0300361861069964,-0.8647005003267579,-0.6494363243985233,-0.9562808379185347,-0.35834022031728985,-0.3198205584011164,-0.48682124660509485,-0.6083636538235162,-0.7908783073547174,-0.8895304093237442,-0.9280378169115076,-0.9451836306448398,-1.006049960669545,-1.086808820518522,-1.1646316215517565,-1.1676798110870186,-1.2704549548936888,-1.2227843952799407,-1.2734767034583572,-1.0952326045980978,-1.8552822275498846,0.015092426581761569,-0.08425152142101563,-0.42990231622070024,-0.6720444393298836,-0.7697180522280057,-0.8842620958425477,-0.7080269134220126,0.06724521992096029,0.5696252251120955,-0.1361109615251706,-0.2354069941314463,-0.4266029476989412,-0.8779476050134891,0.08422184522500886,0.8565898165017632,-0.9275369002670136,1.0055030925952244,1.004829656140793,0.9901200168225736,0.9784614791351027,0.9550478707241258,1.0118555447777937,0.9639569372185455,0.9808693175001272,0.9608366521186692,0.9564764919267479,0.9507706942085608,0.9208493111171667,0.9428783261580748,0.9053278482810417,0.8218677330435054,0.7522945021618684,0.9530224732458079,1.0030960142838077,0.9356812333002109,1.0187903774397584,0.9423343580093525,0.9242320408012136,0.8983002946350785,0.8885700211780435,0.8701290907170072,0.9745275084197592,-1.3159078512467257,0.9934201422147889,0.7955816734338006,0.8212083298623643,0.8248838396891556,0.8048800660939796,0.8853812030538566,0.9862337573322193,0.9250773141273126,0.9271912869198103,0.9220801352620428,0.9269417178038801,0.9461991892966252,0.9375719760332047,0.9445015819795216,0.9206519488312858,0.9418549174214491,0.944336271852989,0.9116229841627032,0.864344932467462,0.8553962564345462,1.006383108489096,0.902496535302476,0.887378731793186,0.9361598808390188,0.9562857827239404,0.9600978494691306,-0.004597759117570825,0.10064484456975603,0.6588581765077812,0.7011864460270805
-0.3215323058898019,-0.27629670488315183,0.10791905393953463,-0.5347639529675353,-0.6488806037462275,-1.2126779654553859,-1.006468081905568,-0.980039635843785,-0.9378643293947794,-0.6431491397298351,-0.8246532081976007,-0.7401646747967663,-1.2440911004415187,-0.9885929360902974,-1.13080782231238,-0.8430423457743963,-0.9818854003344878,-0.9697311565427806,-1.513432672266972,-0.6936233304994746,-0.466087880358034,-0.629356205329033,-1.0538309575440052,-1.4395850171309679,-1.0192391369896892,-0.7446918797699014,-1.329020371669666,-1.05242984684665,-0.9609493508677961,-1.0386652889711543,1.1857512999377646,-0.940239808889385,-1.1527488894783888,-0.8734939153268331,-1.21914359279771,-1.3491239268692679,-1.092408860619152,-1.2990062389303374,-0.7129045133078662,-1.0493599641812834,-0.8378091005487964,-1.0278170640738724,-1.0700079648036684,-0.8367554220132184,-0.8735829007085368,-0.8078174955375139,-0.934722520565064,-1.6183083624298424,-0.6331309730018194,-1.132417887597657,-0.7773018035814023,-0.6524881454682904,-0.8306401683284411,-0.7593451721198463,-1.5189613625616611,-1.0507684819961765,-0.8256602004655411,-0.5949855594704541,0.04489628956346546,-0.341689267326246,-0.43270869925306454,1.1957219275008484,-0.28587054062192524,0.729596611298584,0.4227333112533232,-0.9154687577532092,1.0654953499582742,0.8332233607711098,-0.8638531441306367,-0.8897228921209375,-0.7866009916153603,-0.6419080255629336,-0.6001937206465496,-1.0481353364666022,-1.1162772632063196,-1.2987286770073008,-1.179660321222836,-1.022217910504398,-1.0743203592931936,-1.0445466988607692,-0.9450156313796209,-0.9034331369717441,-0.8260393008863165,-0.8367592470920667,-0.9147608953181959,-0.7271306911937993,-0.8035474395731668,-0.7011780378161281,-0.6959187392939742,-0.6749560078974525,-0.8382081747035725,-1.0928276676379673,-1.3315898513932585,-1.3445023019872315,0.9966984563711803,-1.2410350840082256,-1.2301021820351408,-0.9774507865101295,-0.9738318077946739,-0.8080388516009124,-0.3892319586000806,-0.18305325107626153,-0.6263472990332585,-0.5717939649875924,-0.4455195544572016,-0.6746449320648402,-1.1071979178226983,-1.2167697942271523,-1.225289295357426,-1.295540774490166,-1.0728305650377965,-0.9959357811435691,-0.893638187758601,-0.9192469723644732,-0.8598436398257764,-0.7043340980878682,-0.6509207996280106,-0.5340168909888228,-0.684644007610811,-0.7834968144429046,-0.9252617373646166,1.6974273570396152,1.5305166824943568,1.5059823455567833,1.4081758631047236,1.3477588232502031,1.1937728817005995,1.0761079227153554,0.9376525676602703,0.8096106015581708,0.6601274615898454,0.4461254622489584,0.21193502405588496,-0.11796973911410252,-0.4934694484866374,-0.6442275691589626,0.5835250030108362,1.7830127394111257,1.449502128516188,1.384222803547323,1.3620151248816443,1.226950807603937,1.089784632610905,0.9608573966253909,0.7860041419166061,0.597693404047482,0.31213157481057346,0.6384283076617496,-0.3969431494471587,-0.8490924345399472,-0.7656425526125505,0.9777268023807815,1.8116849116545857,1.6657177417999807,1.5866315603483028,1.4799402317774049,1.390920986569483,1.3117272496151853,1.205954324329074,1.1104926247367588,0.9931799092152966,0.8631334651882495,0.778791342038625,0.6118557299659652,0.4810495923235463,0.20083850215477872,-0.10456637106857886,-0.5577776286849047,0.27335223004849013,1.8439650740883018,1.4227170360080494,1.3856864889282245,1.2508988379994537,1.1584147596728378,1.1091103526518724,1.094563415745636,-1.0814275065616588,1.1131179243549076,1.2118056486875601,1.359177512135362,-0.47189241973743634,-0.40881187628957916,0.08422184522500886,0.5603076533351415,0.06634884685310267,-0.7830840433558786,-1.7499116894557436,-1.2478164265471374,-1.1080333554697825,-0.8061801560205436,-0.8568515290390591,-1.2135042948310966,-1.4424901646564172,-0.8503796096849606,-1.3877578867280476,-0.9580068974731566,-1.1031609890041405,-1.5164543867751081,-0.8604208020101817,-0.5580629980450122,-1.2686561888591688,-0.6781815659998572,-0.5486578894421453,-1.497212385925799,-1.33645121292017,-0.7002764157542588,-1.087760520469645,-1.0835668760894488,-0.6864079785050019,-1.234627740423381,-1.1915710396932226,1.2345839717718199,-0.7267946682560665,-1.1856713413670863,-0.6388537001225231,-1.006488425426097,-1.0093481677835143,-1.3022948192107344,-0.9270617486158251,-2.0819449590208308,-0.871010960372822,-0.7451030819608907,-1.0161523332975722,-1.8439070657438525,-1.0101190201171568,-1.1895530074690321,-0.8342258020697874,-0.8949299628833829,-0.8861882345419831,-1.1310773121822406,-0.9919477266843942,-1.0516855142794115,-1.0446981468361958,-1.3465993887875731,-1.0903837419271634,-0.8328636203533192,-1.3613424524177236,-0.80341985017098,-0.12435630330528306,-0.6752227273597746,-1.3173691368869112,0.7011864460270805
-0.5350290465057111,0.9811690788562918,-2.3129923188697434,-2.548197995587832,0.9583103846986629,0.9754940189489858,1.0021903875736737,0.9939849869139913,1.0023909516920142,0.9984223414213682,1.0047799730980072,0.9915907121750277,1.0062289640144784,1.007663377437541,1.0070301969672675,1.0023396269997802,1.0037778360358958,0.998944897017,1.0046463030563015,1.0205906879888,0.9540318275023475,0.7691391256333688,1.0030135368462603,0.9837635123394532,1.0036802179531996,0.9999407387960817,0.9815597776341005,1.0220015509035922,1.0076370163337118,0.9916883182161854,1.3629757743350537,0.9980651077510009,1.0339519079046926,1.0524926414527307,0.9788585519417342,1.0671648088413646,0.9925342036550939,0.951419919067809,0.9833719345956413,0.9699816708817319,0.9689738629742174,0.9853503462349013,0.9902577791310014,0.996528702115774,0.9949114361476634,1.0140832111977571,1.010379262647222,0.9926100650956563,1.0269851213691672,1.0847860254273227,1.1026397203420033,1.0283003360721115,0.9504805625903606,0.9626921751139274,0.99494428239549,0.9873411578036763,0.9989866054273929,1.0752806716037844,1.3974565247090744,0.3790373150533709,2.3971344871919076,0.2121969744671035,0.8194068672421478,0.9409728896751793,2.052642619687103,-0.457674965824642,0.25004994468600283,0.5927129666403627,1.003878048175888,0.9729921292237573,0.9280944347785975,0.9380997851376881,0.9710513876280251,0.9863837750412118,1.0023388955106987,1.0292254379607106,1.1066768544405698,0.9487288608746818,1.3570346276958871,1.3224011210599513,0.5923099002381725,0.7124250647947512,0.7955055274706114,1.1228464570555743,1.0451518407411184,1.021794209003461,0.9628456987122883,1.019910593791766,0.973128935198904,0.9555184706770159,0.9929442328453654,0.9809795123213894,0.9770604498203312,1.0406537993301337,-0.8807057785992141,1.1025276724423199,0.9851480599531848,0.9720755808478762,1.239517000977282,0.9029990020889859,0.4749708106239581,0.13808116522276678,0.812884210152859,0.8464435047665826,0.9218052844215459,0.9683963473211502,0.9575567401922461,0.9877555880197858,0.9828598763664999,1.109400918064091,1.1334267935484048,1.0470415328194935,1.265301961787411,1.3088264381102561,1.2961252145753737,0.9517744303623007,0.8696289238730769,0.8692922875262508,0.8920714691327374,0.8590867327991292,0.9239439231312204,-0.3229659819291918,-0.30509806535914064,-0.4037240582009923,-0.556776673578389,-0.6759809239638691,-0.7846003758094225,-0.8437226495053567,-0.9158375647274635,-1.0032322274871186,-1.0691597219380715,-1.0256392855369834,-1.0860281295629508,-1.1815537727277052,-1.0376075136005765,-0.8069691756686705,-0.5739050378253537,-0.32596746122562853,-0.08573861330449621,-0.3195772488934565,-0.5677483372339038,-0.7567418432742109,-0.8986192475378635,-0.9275417338110544,-1.0596014667380889,-1.1505650308278264,-1.1219016378273912,-1.2495995884249305,-1.234916238565699,-1.3114738763992029,-1.4333538488875184,-1.3187741702002742,-0.6677917402288897,-0.4432114912535406,-0.47266163684552537,-0.6041101926538383,-0.6994211569441301,-0.7550567544768677,-0.8168043618202957,-0.9250472979756301,-0.9984387522659429,-1.0479982202329992,-1.008240351984036,-1.066300173108151,-1.1264772993125367,-1.1189006371573955,-1.01411555529123,-0.7917195048003626,-0.7587651238267893,-0.28910871645535374,-0.26110220563344916,-0.5632355274601374,-0.7416989524728507,-0.8281523788349099,-1.0493032425873245,-0.7212066563193996,0.11040760917131066,-0.11711158553770577,1.2246019587363532,0.5303073721803985,0.9631942057848766,1.0295464234320346,0.3448638953126141,0.8450498525738522,0.17419400310890026,0.9771814702209836,0.9966781995732082,1.0032549600145546,0.9847693584081764,0.9619020424608166,1.0128178147600666,0.9697848742556402,0.9883358483359032,0.9657349980486348,0.9587778570108445,0.9685871999910598,0.9340999506563388,0.9352983899096792,0.8974018001627136,0.8363490417504403,0.7768468532484736,0.8637767880483949,0.9492535539431181,0.932279878789289,1.0195599237161084,0.9489548335207828,0.8985779732627851,0.908669075283575,0.8753479353092043,0.846457811092603,0.9551492916783884,0.7063240863782002,0.9798318795031519,0.8188683035024458,0.8028388738945361,0.8080543744569452,0.8732564262970876,0.9013216223998612,0.997095103836696,0.9206501603581967,0.9076840497046401,0.9344436330962254,0.936055225940331,0.9467206647054143,0.9308973171714414,0.9308852966893126,0.9375993969932228,0.9503380357487707,0.9383994023957364,0.9328156982240344,0.8979366894533956,0.8909532008628013,0.8603147564751195,0.963292241990201,0.9485626985608308,0.9614544406598474,0.9395786419587383,0.9514786528492464,-0.3766017751995287,0.40417468210742563,0.6165078375521287,1.1148716605196716
0.4608080444466003,1.016422009754888,0.8159902392709357,0.8916054361076238,-1.6634576863817874,-3.6135016188092017e-16,-0.9732662323323046,-0.9501481098637463,-1.2991765558989854,-0.596590755362903,-0.8619469454517945,-0.8519301000107927,-0.9021127693090638,-0.8448059633340854,-1.2184508845381907,-1.0245188956464892,-0.7472409071273829,-1.2043685680713077,-0.9454019134110199,-1.2289222222652592,-1.155196439198316,-0.8154987196102341,-0.7223657232340928,-0.8961824281176355,-0.8253039009381582,-1.1028596777751656,-1.329020371669666,-0.8874118061173198,-1.0886862173282044,-0.8685227014566222,-0.1352816052244761,-0.9851335377750087,-0.9288754932360741,-1.0714089416761896,-0.6941007352613809,-0.7958158247690803,-1.2774683489680474,-1.1954473466368594,-1.1251202754990473,-1.1912938888413114,-1.0150962571938131,-0.808137092743077,-1.0019818120776203,-0.9241944222579084,-0.8662453104632453,-0.7757707479086813,-1.0757133040779416,-0.6444962614541199,-1.3486969161330826,-1.2468843435221975,-0.810277283335814,-0.9303679712172431,-1.102613722090921,-0.8975607061615737,-0.7581740598291543,-1.0082064167423668,-0.6496479343041835,0.1507663837437339,-1.9309851360595027,0.9460349911942001,1.0573077106513769,0.5164863656419985,0.2506778150822789,1.329900980715522,1.6267772230685404,-0.3756156186794026,-2.3234635395897,0.8332233607711098,-0.918042986232913,-1.077251792800706,-1.2788475525759584,-1.132063645478381,-1.4176945943802555,-0.7497148773863618,-0.7776591325658965,-0.9699089099337855,-0.7872088961460829,-0.8351990476462423,-0.8545683610277426,-1.0258249341723296,-0.9061047988824498,-0.7383489706168347,-1.110301473303781,-1.0566407098102573,-1.1378903596685956,-1.1613570817655607,-1.385551835584246,-1.3164862614301813,-1.2764295152813077,-1.7784869539021029,-1.1454048655860516,-0.7882113942940742,-0.7245637959419018,-0.9006817546760348,0.4791362969832423,-1.0245159422234222,-0.9189750975112804,-1.1773473094004068,-1.2095982311142002,-0.9453299350288082,-1.1601593314451155,-0.6862456904552466,-1.1430373902556417,-1.604239487954426,-1.0978770181896054,-1.355519122650894,-0.6986741545732539,-0.81537280279362,-0.7813813778509354,-0.8595609694016331,-0.9264500836990829,-0.9789477372569534,-0.9791892483107831,-1.114731386462494,-1.0317776089597137,-1.2035336722379355,-1.5658492706256166,-0.9485731018220973,-1.2715736525291956,-1.1977451035420343,-1.2879781894011044,-0.18018272234889723,0.16735608493314894,0.3655445294985116,0.5032980831350996,0.6595139280644676,0.8252755521887283,0.893878454586919,1.0166388811741156,1.1202514760091227,1.2120669242480926,1.2807137312506336,1.3525210268292687,1.4278108781319385,1.4588242794466753,1.341180728875991,1.295715333836902,-0.2489683699875812,-0.19268358676171124,0.17306516875490197,0.4323319504088931,0.6022357552342448,0.7448583386273028,0.8727571919907073,0.9698573006078831,1.077293290862497,1.1404153271894442,1.2115747177606309,1.2896781587682566,1.3260940673808077,1.242461880188696,0.8683930873030237,0.1434565530172129,0.20313666057576413,0.39832056501042035,0.5365745729553671,0.6651428294914785,0.7842656251737938,0.859412709350483,0.9338241055670381,1.014995159508988,1.0769679572203141,1.1509040556555847,1.2103371338133815,1.2897271707231042,1.3389060673542958,1.4162845538998194,1.3938183666981945,1.3773702008152802,-0.7100397456006041,0.10399374271274545,0.4138569596653966,0.6042392099712778,0.6889337995646089,1.084061200684071,1.0882967889572612,0.8456911462355973,-0.5736650734750134,0.06763388433005753,-1.0957499877008365,-0.5199283418378641,-2.0152778286852238,-1.0537200067681063,0.5876429570922349,-0.05467125489961184,-1.1682140331308937,-1.324470911508183,-0.9447308770342346,-1.1212404209843734,-0.9599062242948153,-1.0017731044744043,-1.2240500188578984,-1.2341042884664686,-1.1638038447332484,-1.103886238523981,-1.200251543000504,-0.824539896857021,-1.229513805914221,-1.2030998142710696,-1.053025990839054,-1.934685359438528,-0.8197761259686238,-1.0027179568236688,-1.1219608246731452,-0.9879009020467473,-1.0947952369954663,-1.6163995594310492,-1.5400951616118967,-1.2696589305766088,-0.8562395415344505,-0.41366638394317884,-0.2717270862859934,-0.9796958094801801,-1.1269875507215512,-1.1634174379870814,-1.4467906855179793,-1.3357691499561841,-1.6159742727846698,-0.6119453440964892,-0.8860377926216151,-1.0194099559693814,-1.0586188212676615,-1.3825606070165228,-1.0239787881780564,-0.9960797154066992,-0.684438819665949,-0.8073133969251939,-0.931501618654014,-1.2687609564567504,-1.294775054169671,-0.9883907933155316,-1.9054413901590272,-0.9025151249772438,-1.2973972720222395,-1.1282498378786647,-1.2060064737955114,-1.1095247844933342,-0.96046026378238,-0.1661973542971436,0.52576558728434,0.4177432113381837,-1.9142680179448537
-0.10323471540491096,-0.27629670488315183,-0.9076967859301944,0.5684018993111832,-1.1206800992447683,-0.8311992973303161,-0.9732662323323046,-1.0461997727109005,-1.2991765558989854,-0.9006899819025902,-0.8246532081976007,-0.9614101212212596,-1.0287507863827658,-0.8604394716607782,-0.8306908480362276,-0.9630919677101792,-0.9898975389479931,-0.879703578281633,-1.032136548238705,-0.7366839978040595,-0.8292809475832489,-0.9063659091171855,-0.9522261498048102,-0.7697219723536705,-0.8170027384371108,-0.7321117780549826,-1.513722536805253,-1.008505918083665,-1.0886862173282044,-0.6670179785178314,0.30472064721063635,-0.8456808786297069,-0.6363289482081441,-0.7947325037754454,-1.5861328012064733,-0.6240802283736304,-0.5498511803673153,-0.7961143952436828,-1.4588615285059974,-0.7771962928932173,0.0,-1.0278170640738724,-0.7527839264236198,-0.7167346075932721,-1.2164306153727042,-0.966637806598033,-0.9427002765633615,-1.470759125907953,-0.6089172907112604,-1.2468843435221975,-0.4846322889923851,-0.8100161299237425,-1.3953239727933264,-0.6793579003531054,-1.0798311364958209,-1.1404162671088018,-0.9994536736198839,0.12015563261090377,0.37557735434190853,0.18152257505827382,0.6185178960565818,-0.547000637968436,0.4532271467043038,0.3545702028352694,-0.9880676737281805,1.2911608879433272,0.41406064814040416,0.6788387571460964,-0.9610799422370834,-1.0673764969554613,-1.1748536497881839,-1.161067297757368,-1.2306421268350483,-0.8732491076843842,-0.7388050358495644,-0.7890614577548557,-0.7716975570122674,-0.9635624298913178,-0.8593127280430148,-0.9335834897296095,-1.0206886318367745,-0.9884606103195913,-0.9246197330019778,-1.081249599784713,-1.0552175596252158,-1.1384980918052519,-1.0517591213773785,-1.171631599576487,-0.9060583404557152,-0.9344010229432775,-1.1259979343953523,-0.8457705293996933,-0.8031468501095385,-0.8497591814940663,1.1658231413206352,-0.9778826823843363,-0.9069303607610354,-0.9563851914856479,-1.078892370980743,-0.9089350879005851,-1.1244006190842333,-0.4128174937384802,-1.0589191290545041,-1.4187102273394385,-1.5898390386947858,-0.7768746812051979,-0.7870030194063202,-0.8849633853264478,-0.7920635542228355,-0.8371382661786094,-0.9558335045708968,-0.973456839844161,-0.9366521130281739,-1.1072619672897823,-0.7934958856951677,-0.9630652990832433,-0.8176903664757049,-1.0567773299640009,-1.2635194293010132,-0.9796187837192389,-1.3225583029168737,0.024007870333339645,0.14672555374444227,0.28576423858549355,0.4115808536672884,0.5897402134479034,0.7156273870435235,0.8202063853682509,0.9334940207346806,1.0178308633948827,1.1040312607108547,1.18958693723886,1.2305623617970576,1.2879020809930635,1.286070889384176,1.1610036770500791,1.0314201038785318,-1.7581892055970059,-0.05022082570250747,0.32469383441624416,0.5500371179959491,0.7189009661948453,0.8644378397245172,0.9898319418762065,1.0988728963255452,1.1997713255367946,1.3192572792269324,1.2394505637100237,1.4919797273742346,1.582866963701127,1.608259333656918,1.455446414623296,0.501555201366884,0.2753245169876699,0.33008361576693335,0.45099267052838593,0.5509742534616264,0.6743769613248607,0.7728503301681867,0.8342319065778151,0.905852206547942,0.9654056188976959,1.0434445330969604,1.0983240501708051,1.1549283737180105,1.1909426999102266,1.2446115079722229,1.1797666457505969,0.9457738343143528,-0.8984383591880505,0.25746955374487884,0.5165128945231235,0.7165341641272074,0.8196729105969998,1.0946333036259097,1.099270336052446,0.7122550657905761,0.5307672333064621,0.4193007077846689,1.4396223203410528,0.590786806861589,1.035435251235023,-1.6982509933925773,0.5365465769857981,0.06634884685310267,-0.7167750701138036,-0.7207154462349671,-1.3335285919704993,-1.0838971474878347,-1.1310942301829834,-1.0398884367921049,0.0,-0.9191040560997998,-1.4242115917398217,-1.0652652727964984,-1.061310017939196,-1.205012338519715,-0.9780104515935714,-1.1167152731194032,-1.7983055403590076,-1.0907120241886559,-0.9251716831981845,-1.1411062925349136,-1.2441789757306452,-1.223046757350019,-1.8458236405056636,-0.8027838496767683,-1.222668477506521,-0.5905164072197678,-1.0160246412584466,-0.5876109577106777,-2.406639573170031,-1.4453949129697814,-1.0923341460114537,-0.5671135186594609,-1.5046085642997544,-0.9225141630672872,-1.0354651482472175,-1.0966632705612636,-1.2706891796902242,-1.0194099559693814,-1.1868831284220118,-1.0421608923868941,-1.0239787881780564,-0.9720939160718995,-1.3465113022086501,-1.0587680497649201,-0.8149960169437626,-1.672803010895056,-0.8684799957999206,0.0,-0.863837304861452,-1.5990810368929969,-1.1367511660675298,-1.0903837419271634,-1.0497667013639649,-0.913760802702687,-0.9417606968411086,-0.35555247540315266,-0.2117517589407072,1.389432221042216,-0.6297926848343561
-0.3215323058898019,0.26526433075281336,-1.1025366324651045,-0.27931386489455134,0.957430681364942,0.9723602194075325,0.9892961281759427,0.9974954579300482,1.0083284094208358,0.9942290560340997,1.004992487923321,0.9924712312196191,1.006011360954591,1.0058998579754748,1.004598144218976,1.0085526236895703,1.0060043795869356,1.0122106589488709,1.025424351792847,0.9980703090838308,0.9134210259320845,0.7764864579689716,0.9730756015635167,0.9805149432861331,1.0020876475167138,1.0069589455394046,0.9838710963956014,1.0179686339716363,1.0103756781267286,0.9859465611455774,0.5799901304989141,0.9936429303531378,1.0397073303119244,1.045032547252909,0.9801495824671016,1.0534556382334275,1.0033261858445663,0.9524211016425056,0.980575713438603,0.9745163990834586,0.9733820845564987,0.9849187797608615,0.9948124277881338,0.9978925360895261,1.0033133966465329,1.011874852783641,1.0067122676679119,1.00524680782987,1.0296820102950106,1.0820653703214276,1.1066476254234856,1.0146331028494213,0.9435077992508532,0.9791305737574811,0.9904826757310317,0.9885709928805938,1.0046714850342924,1.247599862338074,-0.06102156462742334,0.42754356408200367,-0.19559044240969192,-1.0063986501517637,-1.0698701495063818,0.8929958240312629,0.5503935877856895,1.4020029449261902,-0.13344418940561642,-0.8799133466208364,0.9881922178632162,0.9612125555796224,0.9341015599009561,0.947659766216318,0.9725557578115598,0.9856395591560669,1.022985077083281,1.043774960483201,1.1169710730342153,0.9374346201323147,1.360947825012339,1.293199340514725,0.5293593860826185,0.7614034508567465,0.8333409898913744,1.099993108847984,1.0307272380892705,1.0176865043294125,0.9738987509389201,1.0135843532513462,0.9733902852890621,0.9894422822482599,0.9923411336743545,0.9858538149676374,0.9769331035748542,1.0472240482497261,0.4791362969832423,1.1119851130604022,0.962804369919302,0.9534820607364366,1.2533361311931415,0.7721948359964741,0.19908294005772237,0.16480667601977317,0.7767236614102353,0.858336147294507,0.9259381715794271,0.9779171678150783,0.9746485106681848,0.9822797781945397,0.9812842412126666,1.1242572799042634,1.1565676903607798,1.0599017906259725,1.269696195237931,1.3016436020933342,1.3075445496434972,0.9481432567814789,0.893164249906765,0.8966873961086742,0.9204824322993317,0.8542468467061013,0.8769423996381317,-0.2587245330596914,-0.3051855843995198,-0.3722246162009038,-0.5347249778474761,-0.6550778558955096,-0.7923866212445806,-0.8546055936579594,-0.9161440264693548,-0.989962354069268,-1.0520490602127803,-1.0336787211048084,-1.0808445779834714,-1.1849385235358927,-1.0484606804123466,-0.7732771650336986,-0.7232531823741228,-0.3945866191672021,-0.06405007489975612,-0.31149182718102864,-0.540176605357876,-0.7488879570434892,-0.8707666473235304,-0.9160998767173082,-1.0615147532159623,-1.133614435314549,-1.1205517540819607,-0.33230862357566565,-1.1923199937897067,-1.331921175952387,-1.3946428556873616,-1.290469435718933,-0.7136163483472621,-0.4241973043340298,-0.45785902921385296,-0.5930478435309211,-0.6847282694471537,-0.7511404684202206,-0.8269524264061587,-0.9180092713583754,-0.9784100046091395,-1.033983025894743,-1.017312274172476,-1.0839046444940335,-1.1200521145251332,-1.0867865335909381,-1.0424130182594638,-0.7653027302317649,-0.7710429710620051,-0.30457826306279845,-0.2580616178270937,-0.5776589110848779,-0.7011349935985707,-0.8360746391125315,-1.2516376639654363,-1.0756820948809547,-1.0814275065616588,0.9964241708147508,-0.407240303494343,1.4396223203410528,-0.3431205378964564,0.7676666362491249,-1.151690710556216,-0.3485815926069945,0.3790704451653226,0.9839271626890808,1.001860817605725,1.0049172740769983,0.9837055119735537,0.964273204196705,1.0139689123108986,0.9674397363038345,0.9907845606855252,0.968038015079188,0.9594191965663692,0.9664518413682459,0.9362719472316481,0.9384996238380082,0.9003301052867151,0.8518517656240958,0.7681993380123147,0.8741079549301723,0.9403889898032788,0.9217523876495143,1.0206987602381294,0.9506271603798351,0.8986769966932604,0.90498678898384,0.8830890479458436,0.870431136405701,0.9562166083805264,1.8555127696984322,0.9412005135960536,0.8396130490336282,0.8006293945546867,0.8400283782559499,0.841603143677676,0.8887874042262887,0.986211634014919,0.9231419611160613,0.917429389912061,0.9349569777899841,0.934437482764568,0.9425486208948654,0.9342224742276976,0.9288359113949833,0.9402336192126606,0.9515050252745335,0.9439397713573969,0.9302332075716633,0.9037813247017974,0.9048914959160261,0.910369073013529,0.9883834789534327,0.953548973017275,0.9602054917034839,0.9455083066833174,0.9500750531618727,-0.29694648766550213,0.21264596357530535,-0.09582978816923449,0.6859842835881872
-0.5350290465057111,1.3019584426623447,1.2095420416043152,-0.5347639529675353,-0.7275593903212857,-0.7400171917120852,-1.0188534057580292,-0.7432812507373995,-0.8116375139629083,-1.1975548493401933,-0.9270206360705969,-1.132076682323393,-1.2033227648646687,-0.8604394716607782,-1.0891975390375364,-1.508680278300679,-0.9898975389479931,-0.6607930132935674,-0.9454019134110199,-1.1775968065503424,-0.9569336631462753,-1.2606837705498637,-0.8995953309339533,-1.2424479426034287,-0.8948326122477248,-0.8233854558242424,-0.9966904602968721,-1.1656854330586566,-0.9008858208105269,-1.0386652889711543,-1.5071058060242135,-0.8668781142089309,-0.9371521511006096,-0.9216920038829729,-0.6808140714503366,-0.9438330676815349,-0.8592614783185736,-0.9443885358834936,-0.9813857413669124,-1.1697194932281905,-0.5216317735383488,-0.7907201868806029,-1.22002358985809,-0.753728620414787,-0.8160572579536646,-1.2818454838726803,-1.0757133040779416,-1.0152063408917629,-0.8817765276862206,-0.8187689986172539,-0.46560827875546257,-1.0291229313821872,-0.5834042551707052,-0.7038912048402374,-1.0063388464986784,-0.5912422851744934,-1.0524122332991475,-0.05400213166737604,0.9454612976819798,0.18152257505827382,-1.2608293335350214,0.9157866175269639,0.06758795481335682,1.2157928282309867,0.5017381900321282,1.335678343977771,0.68335259774289,0.705457352191489,-0.9743820155619909,-0.8570024050593191,-0.8958967613328127,-0.84681904393772,-0.9282183317829584,-1.1455667106099627,-1.2449940960230637,-0.8824616390410278,-0.9993047542119945,-0.8843555812311442,-1.1120679924087005,-1.114072457850207,-1.038093885379123,-0.9110165905654001,-0.8950790473052622,-0.9211894034053155,-0.8871070368594521,-1.0951630257894625,-0.9205048923375303,-0.9286874845250345,-0.8478950006967417,-0.927804662674286,-0.9655285760899275,-0.885324436902355,-0.8293683606854979,-0.8850933828375744,0.7702192794891031,-0.9901832342298046,-0.9528900933290603,-1.0182078035959718,-1.0465831695657022,-0.6053021552241206,-1.4256277231286,-0.4668791080356627,-1.2439279613499883,-1.2731046568256716,-0.46454867831822666,-1.535268780914396,-0.7417255373193983,-0.9205926610550241,-0.8285500547776294,-0.8671591198816165,-1.0275856863250366,-1.0177763264996107,-0.987026263674398,-1.0532765372514856,-1.0841994365904213,-1.1262815730971905,-0.8749086480975811,-0.9802991573763116,-1.5670353377779447,-1.5836709373743076,-0.7146104591818404,1.013489491326542,1.0119897918305223,1.020405008772428,1.0351446860521216,1.0490985329780833,1.0787167599874885,1.024461889765928,1.0011869856923494,0.9776674229686413,0.9412483192622876,0.895717689067877,0.8099515063621024,0.6917883618822644,0.5088008302768825,0.2608898182452492,-0.5961369629068546,0.43034737247028204,0.8817948312358217,0.9754909504718811,1.1016725472264055,1.0633170317041882,1.0657616715051195,1.0671484386969385,1.059107866314056,1.0185784378276783,0.9551497584272053,0.8716969829316158,0.828145082939377,0.7527604857387115,0.6710369101337624,0.7906855945716572,1.0183104824967224,1.0186184888124463,1.064022966792613,1.0325176144850927,1.0288232622238527,1.0328565921077548,1.0161099538547975,0.9964384775020166,0.9757809385620287,0.9379519170948429,0.9195309044423944,0.8727965723555017,0.8266542207331868,0.7264834762179769,0.5806880996775604,0.3203455468732351,-0.6448290303567134,0.8763305131557778,1.014260304284696,1.0882569857522275,1.0658930546867218,1.0360206672241983,1.1082369892063122,1.1008119999643955,0.9171759707827983,0.6846239366799912,-0.407240303494343,0.5414239770299809,0.5005030673198739,0.704270513276419,0.0,-2.3885897126642686,-2.055305215689044,-1.2038203884743766,-0.9536695147790103,-0.8372249366454352,-1.3067237281698334,-0.7143124804986406,-0.9979787332282837,-0.8697406023447205,-0.9191040560997998,-0.88061374771454,-1.1348146503832672,-1.0214932470886824,-1.7453157750853925,-1.3440685125960854,-1.9929693271491546,-1.4233121858402753,-0.7781946372303152,-0.9968003352971812,-1.0027179568236688,-1.5502434785881933,-0.849003494590059,-0.7696525757061518,-1.1389909366119608,-0.9701284915339162,-0.8269946095467973,-0.8089182156554005,-0.6796183911020917,0.9708905305261537,-1.571990461503184,-1.2653993708524842,-1.021918615947459,-0.3240398457550905,-0.7246887852354524,-1.2946586984525488,-1.3812668196022484,-0.8459912140556838,-0.9728978896921242,-1.563147324251243,-0.8736225395231998,-1.0011800277144705,-0.8651475942679105,-1.4006530156261245,-0.9540803019077052,-1.093900022960471,-0.8861882345419831,-1.1310773121822406,-1.0485817749524418,-0.8942233421022773,-0.716412406344091,-0.9054225188283276,-1.4653747082628608,-1.0856208927793574,-1.0174887352263562,-0.9181258396256822,-1.7321309118208277,0.10064484456975603,-0.1248895605550629,0.3925070355407008
-0.10323471540491096,0.4274945072317249,-0.44437384249249506,1.2419319026323765,0.9755788233140382,0.9784998917907529,1.006771949403257,1.0058506756831513,1.0160538092843883,0.9983154218888445,1.0099253390758578,0.9982871990777927,1.0069915933293194,0.9989498627474657,1.0006422355065785,0.9996633066499077,0.9778575324571628,0.9667403270106179,0.9516250029168819,0.9319601240415963,0.8208263332244669,1.0469683167550736,1.075935280825733,1.041142632255259,1.0345469351900871,1.0187020628515129,0.995948585705248,1.0133721003872629,0.9981341420358821,0.9747101097479733,0.8152290700838964,0.9502142683449313,0.9587456369235484,0.9378750676981819,0.8660438518916432,1.096189852416674,1.1168346160209808,1.0613481599802574,1.05951432512136,1.0365440671052961,1.0188562574968978,1.0170847426771905,1.0075786546925785,1.0042568761894124,0.9924390549338596,1.003303485783573,0.9882325854534942,0.9147787945812093,0.9637488219731369,0.9984187656754332,1.1108701831935361,1.1629945818613954,1.0782924705508512,1.0501493341262276,1.034397696642583,1.0103804733133663,1.0083020610361044,0.3601394795224271,0.9636288325565344,-0.5516090320549744,-1.8872784100655557,-0.2390789134975495,1.3881359194020173,-1.002891360300985,-0.4317697412805271,-0.17127493068995442,0.21907018917999418,0.45967515850060764,1.2828102731050455,1.1838895280576802,1.1078377981409269,1.0521759618067819,1.0285639311409538,1.0095243025544394,0.9943047791621149,0.9458731366637549,0.9847038160997862,0.6951773171849054,1.0471237212706188,1.0564170473421914,0.23630018246304493,0.5725004133877235,0.9357951587839685,1.1787361330538064,1.1432420877415297,1.1584186685011617,1.1067856821655566,1.1125684214796858,1.050700542732427,1.0397469952970992,1.0507990440465997,1.0013901617718342,0.9787699457563794,1.0254423864010471,-2.1360269748559992,0.9817873103309178,0.7446749499799972,0.5946052154173646,0.7294566110407971,-0.56677317794639,0.41129665449313046,2.0091810423163308,1.6284220125295472,1.221152637511517,1.1012694430188954,1.0554109913800884,0.978957206514503,0.9356132447844882,0.8792568668736881,0.9704524146752348,0.9156285311996949,0.6163382901121891,0.7536928881965851,0.7503559033697486,0.830534651208244,0.9077740168690898,1.3641155533621527,1.374316407738071,1.2958893230726836,1.1887700511146189,1.124977615504739,-1.536881905809643,-2.0312349482708663,-1.9309448337244444,-1.7965519658880333,-1.624040479564907,-1.5148753639811265,-1.2825136576540084,-1.1295770925912594,-0.9217403403575791,-0.7679147081584923,-0.5336227432382783,-0.28428488112934974,-0.07296145281070675,0.31799143810244557,0.7003129944323128,1.0517604350979717,0.18350321995189348,-2.309543075253722,-2.204556203940265,-1.8786276162946047,-1.6126871713557798,-1.4471949490065605,-1.1948114423329044,-1.0518893105890603,-0.8384427943811207,-0.5836586705430712,-1.2495995884249305,-0.03397081627445613,0.26408929590988917,0.5261662466474957,0.2683946041108125,-1.2515318490296767,-1.8672773095069288,-1.8253279826979687,-1.754994858102876,-1.6201061651832747,-1.4547378331042622,-1.307458312947416,-1.2328089370063025,-1.1265874561412945,-0.9754505105464095,-0.800955981891883,-0.6361016618634693,-0.4463210037706633,-0.1877812969962072,0.14768137151117725,0.5901684903870467,1.122369126504046,-1.1517161448635491,-2.275023766568332,-1.8440198073351692,-1.5576364249115344,-1.403823441561919,-1.0136587233190695,-0.7797255612182835,-0.20625411997449436,-2.1926828180674813,0.48406689973480294,-0.47546977806685026,0.07732278312725915,0.012403286236566686,0.2583026801669988,-0.43849885289755686,0.09795051828233245,0.8326934995927572,0.8752566417413852,0.9084736265859347,0.9204435783988921,0.9184642101186428,0.9814224927316216,0.9518175487605062,0.9835359321390242,0.9711102514788671,0.9754049499375081,0.992369997642168,0.9790744640439125,1.004581275090525,1.0037244344737348,0.9885934803210716,1.039270981987657,0.6862978694721065,0.766031502624452,0.8310669854873143,0.9496408771843037,0.9163767797901675,0.8717371629324489,0.8861957293760426,0.8695464894146145,0.8726096935702423,1.0037914692064096,-0.6275027603018307,1.0488919794985065,0.9203846430786864,0.8589149977974385,0.9278446556811466,0.8088310693192587,0.7769716023086441,0.9304858198582707,0.8815351295206502,0.8905355720189017,0.9104348588732729,0.9250212568568513,0.9335706142018748,0.9270873024206132,0.9367484555094918,0.9442788346354194,0.9654089779794774,0.953203054745648,0.9594649114508209,0.9424709648649279,0.9754714845419364,0.9716922918547888,0.9295106055913771,0.91452165434394,0.9516368658949781,0.9319510763317016,0.9470156306696443,0.026674484992718808,-0.0766255739347123,-1.9962757137113412,0.9457004509349044
-0.056722530986913385,-1.1971885996761702,-2.3129923188697434,0.4399560681066722,-0.6027386524277173,-1.1054474023166783,-1.1363975825992814,-0.885381737920147,-0.8860815825406957,-1.0891361219014588,-1.2573647086609065,-1.5609517825468247,-0.9797389455105396,-0.680461995061305,-0.7782149773004209,-1.204881810423189,-0.6145534469023777,-1.0116173527885917,-1.2016581513899174,-1.0181655033182502,-0.4215369880664321,-1.5141380560450852,-0.5437964694166401,-1.0368726547632794,-0.9637090810903816,-0.9977581280274561,-0.8247910695908097,-0.9645819893206801,-1.048126302517311,-1.1673731878141917,-0.4693608589992192,-0.5811056562453372,-0.7139290719364938,0.0,-1.0012648003776943,-0.8520081394496511,-1.008491701901456,-0.688104111809908,-1.0707150836670742,-1.4992798605139364,-1.4174339274438494,-0.9964189226168484,-0.8535541111742797,-1.0727479871676546,-0.8662453104632453,-1.1460929263457262,-0.6305290854613658,-0.9247620707009601,-0.4990607688007316,-1.1037325630156822,-0.7773018035814023,-1.1649986631508296,-0.6495532413654864,-0.9873650809441958,-0.781713797918746,-1.4473980330954814,-0.9233192294650923,0.42613433156026254,0.37557735434190853,0.18152257505827382,-0.43270869925306454,0.539851050557246,-2.3904181140950422,-0.21614870804366484,1.416211989645085,-0.009556372186588573,-1.0521966752048528,-0.36642677841640947,-1.3121435155181993,-1.1954168786907708,-1.1400991678701369,-1.275535199636049,-1.4515687729577644,-0.8531543476171026,-0.7524927420077712,-0.7561348281142762,-0.9573713557150492,-0.8890223309733204,-0.9644210809263436,-0.875934875093019,-0.9246019502468471,-0.8668838000474955,-1.051977630310417,-1.0001292167899491,-1.1182462006142746,-1.1525684103962688,-1.1671853257128388,-1.0311122324768884,-0.9712885767115376,-1.2940879879405047,-1.3442281352603778,-0.7187001785398217,-0.7770852804721845,-0.9147761475065491,0.42988952432946126,-0.9841822141975233,-0.9883880416051288,-1.0059554689657464,-1.089693809995009,-0.9759174823890902,-1.1479125432565918,-0.6708056019184999,-1.3940882610241445,-1.9649896153526893,-1.130082903091434,-1.239786192568047,-0.8516946614306273,-0.7960658390053997,-0.7673364721637075,-0.8740182845223905,-1.0037518756814363,-1.0217570488972514,-0.9607038070569123,-1.1892156806842993,-0.9624118492255964,-1.159962454666152,-1.0163031397806652,-0.8083998758549411,-0.8955784862399027,-1.0069572186055291,-0.8718843106721621,-0.11026075738375708,0.09798419508358983,0.3437184891967307,0.5132010662777956,0.6596915089473981,0.7711748850806897,0.9384235358958836,1.0212833887192485,1.1224088598070248,1.2213535334690648,1.2771434777943087,1.3592358551928003,1.4392940051631045,1.472957970321624,1.3337646904387335,1.2714166516556722,-0.30036446037401493,-0.17761754529121124,0.16075775385195862,0.4151771365072143,0.5804106172506001,0.7592668254273344,0.8602607434910687,0.9487680027538166,1.0768768941248725,1.1649851596631517,0.7438242604169838,1.286760642044625,1.3240470743573518,1.2524486801991217,0.7772140019807375,0.1081087172971078,0.16968625422953332,0.37673631667017365,0.5158399476992376,0.6682191668024522,0.7691233012151274,0.8625247585850839,0.9430044739536182,1.0113603849492971,1.0904952127787895,1.1617930822170837,1.2154047777599595,1.322121887544297,1.3616903054628127,1.4436263914162162,1.3894273055066948,1.3738554936478244,-0.7410916600611321,0.06664119641053896,0.3913689633054938,0.5719754324612619,0.7504117744220654,-0.8563631995030874,-0.797409616391755,-0.6012639767189274,0.6981037608236142,0.4683455583958401,0.44836616317237155,-0.1663127339550488,0.07579940920927335,1.5359551647734468,2.9028719580775544,2.373113763170288,0.1572251622047743,-0.20051956265300078,-0.00077871371155036,-0.025571296586814635,-0.10251950235215786,-0.8875835874141538,0.13481154732581915,-0.5677459925154654,-0.07074077262701016,0.27442458441516765,-0.0992316098255171,0.049049046726456144,0.30157708122186316,0.47875373103793606,0.6115618930509427,0.6467001664575626,0.7740008656681939,0.113321510817395,0.6622157798480538,-0.9340598859861086,0.751029530085574,0.5006882255317568,0.6386957578112847,0.5949290462027644,0.6868964193108743,-0.6483802333507019,1.5314625072087762,-1.1879070231393198,1.3460053804430798,1.509081644827319,0.9412434107299962,0.7730831118557663,1.014638518593306,-0.5419765843668891,0.8378103521825295,0.835886053410534,0.5066935409523732,0.5112532409598292,0.43477848077991704,0.36859864654791075,0.44971146066215784,0.3434938259747203,0.34898588383918233,0.25952800949790394,0.1454115342738782,0.4817164039050005,0.6992497987800604,-0.8231460698708943,-0.023311685928097212,0.6446944237327983,0.045408741733641546,0.03059412838063787,0.23945272657028047,2.7245291242833507,2.296026857042651,-0.45555671518908586,1.0297875613482568
-0.15256749776820688,-2.2803106709481007,-0.10762909619296471,1.042858799538636,0.9864817613278154,0.9772511621149023,1.0054647640889254,1.0005231112303452,1.0040892697822903,1.0009758889867866,1.0070271762788674,0.9934201779760665,1.0151443985946427,0.9951888212536298,1.0164714747034138,1.012138428519319,0.9732587267197833,0.9701919715131265,0.9583896451156485,1.032695892876485,1.068245786964179,1.021223164169195,1.0248409246383692,1.0189549781875478,1.008327297529427,0.9960872970199515,0.9914409282961024,0.992514751400836,0.9845249721948977,1.0003298775373342,1.9586925549836771,1.0026162695257843,0.9292601945883981,0.9115967944919715,0.9553542924424192,0.9801132125938781,1.0559837973366346,1.0494004603871745,1.0328157997728051,1.0211354688597476,1.0129245060668735,1.0168683713699271,1.0029314089160195,1.0032509202104383,1.0055170464931813,1.0328943308105263,1.0304368879416017,0.9751102643008686,1.0450892374074694,1.0456616547771127,0.9550990646382311,0.9862492125015306,1.04214639605768,1.0189209147502811,1.009073971502054,0.9791929007596054,0.9916120240100635,-1.135968987273532,2.0588186542659592,0.30027461859095933,-0.19559044240969192,0.4427174663292889,1.225306411548477,0.05179542151569515,-0.22120450785707202,0.7958252049039642,1.1378226749792306,0.42231575390839243,1.2493473380789606,1.1831258909211786,1.0741027608749343,1.0432863400407504,1.0482297294084115,1.030191805537948,1.0120166628047016,0.9818048060280374,0.8942893171293329,1.0653696618380422,0.5896326963193246,0.7180535941608928,0.6517274495587092,0.5674308193590648,0.6043275185831255,1.0395848443167377,1.0214863879507714,1.0812996049225505,0.9871778542137195,1.009180736540803,1.0013931942563912,1.0247727739248431,1.027841954908808,1.032323572085094,1.0304387333956373,1.0280676620833353,-0.8807057785992141,1.0228778664682,1.0810911353886405,1.067518592212408,1.0567103950717553,0.9642832700616015,0.6027341906207866,0.7880049642464813,0.9673513103622623,1.01610948724004,0.9807526578823393,0.9609051691339647,0.9779595008233309,0.9705080633380945,0.9525540670226368,0.9206717580767604,0.8915298203823783,0.8620779027472492,0.8182423381520092,0.7906456680988054,0.8267924469637514,0.8840000963906592,0.9112142599361991,1.0367913259986123,1.1032433054272002,1.0994349641517323,1.0662270351908694,-0.9223864366209268,-0.9716067826512312,-1.1513521979833967,-1.1169599499407026,-1.17256438863357,-1.1085583287830931,-1.0743014303877805,-1.0360054364503843,-1.0009340302217273,-0.9588067182090875,-0.860886119087088,-0.7652550666783334,-0.592288590929408,-0.3611070022333799,-0.05797679721609859,-0.048997378334925866,-2.3947570912465292,-0.9033878454458384,-0.8883336868860837,-0.9709328735481818,-0.9952594898979628,-0.9363516575537598,-0.9326799693686078,-0.8421624853624282,-0.7661963725389291,-0.6668345693988815,-0.7188451926951172,-0.3178263605888485,-0.0753088260065691,0.10486312369178634,-0.2944937326223894,-1.036575567281525,-1.1523666712614689,-1.1835171663596888,-1.2192178758841061,-1.1492705890570718,-1.1381442592197408,-1.1296463099946283,-1.1029447017458742,-1.0771652788481514,-1.0322941780018378,-1.0161291690444354,-0.9365791488469207,-0.8615677310877421,-0.8002291067654761,-0.6223581685294635,-0.33894940953452163,-0.2921430399558348,-1.846858013480667,-0.9087120331383506,-1.0069800558669184,-0.9441405404356419,-0.9368764754971669,-0.7925785488382986,-1.2408904175993178,-0.11153040512322977,-0.7591452441172509,0.6897560232033693,-0.2354069941314463,1.0497182701845693,1.2223010917477777,0.9362454644693674,-1.5487312932495572,0.5085553640842053,0.9039895389352481,0.9323803719550591,0.9640115907667364,0.950164561559614,0.9394701415110671,0.9966058278060819,0.9567583011539357,0.9838503868246259,0.9674410405492709,0.9627912704209589,0.9755288984737865,0.950740201974663,0.9520256502564121,0.9309767642711732,0.8761299022548481,0.8924317607953839,0.7626673165956682,0.8600290469376147,0.8929661268666851,0.9968029415909827,0.9396169907192976,0.898958426477901,0.8907763227962968,0.8910631015423458,0.8731677982290985,0.9976100638265293,0.3916656076778407,1.0294108002716449,0.859893583566031,0.8588908061284775,0.9338305676530282,0.8567883480814076,0.845206137715619,0.9639153091663556,0.889757706730817,0.8990989062453281,0.9120579798422621,0.9296893501146388,0.933359911129603,0.926609208919361,0.9295190508605805,0.9454509887548369,0.9707942270895049,0.9271999396084816,0.9675528399840502,0.9470051871153183,0.9519941940357304,1.0241757631897666,0.8864267320790551,0.9239904565068594,0.9507487425247818,0.9399775448197418,0.9505334367239062,0.3727464836038907,0.6905947055641865,-0.1248895605550629,0.4765941459540524
-0.5350290465057111,-1.022844887208657,-2.918220162072063,-0.19660796337006933,-0.9572877645424052,-1.0335737349476548,-0.6194971846236667,-1.4887169083563745,-0.8977838966846668,-1.021308362121447,-1.1271055675526829,0.0,-0.9797389455105396,-0.8898483652650926,-1.13080782231238,-1.0245188956464892,-0.7305066030501691,-1.0645429677417573,-1.04577089095139,-0.6479774811391491,-0.7868279692523905,-1.2606837705498637,-1.140562822225361,-1.0933195026451747,-0.8890335505068367,-1.2843494038624284,-0.7292252038360671,-1.2813862877100146,-1.0886862173282044,-1.1673731878141917,-2.02597827953671,-0.7062282194844051,-1.1305148995679353,-1.2693239680255461,-1.5861328012064733,-0.7192088998582582,-0.8253910790429337,-1.1694954604288468,-0.9043364274807062,-1.4992798605139364,-1.1492088139438252,-0.8577345525039938,-1.1787438118231148,-1.3525650261888413,-1.1746839000841824,-0.998467064430465,-0.9125106524871212,-0.7297125895634943,-0.8036333105801174,-0.8549157662527616,-1.0043363062842796,-0.46648892780625223,-1.1667787778205263,-0.7510553840715412,-0.9527244703016573,-1.0082064167423668,-0.7117756465396706,-0.5949855594704541,0.1396430387258758,0.18152257505827382,0.19374037727747004,1.4386358075585939,-1.0698701495063818,0.3222769131523289,0.039969184557997375,-0.3756156186794026,-0.6809490269516373,0.45967515850060764,-0.8562103895059175,-0.9109540124861333,-0.9171376000617918,-0.667956113263888,-0.9099972504325201,-0.9052970082244792,-1.0131757715300413,-0.9430349160675432,-0.9425685419709718,-1.0901828505102835,-0.7996942485013186,-0.7224365181491353,-0.9361902295227202,-0.8117892099668651,-0.8407913935198275,-0.7332907055382626,-0.8163126377004933,-0.9347427030831766,-0.7481445875044657,-1.0513872678537695,-0.6619137550753607,-1.0672553977251726,-1.0701030676718553,-0.741933143453941,-0.7798811398683516,-1.1880493838504025,1.2523383863645645,-1.012286975282615,-0.9588535328230927,-0.8323234734143206,-0.8337436582488538,-0.9241017219684468,-0.3199603904494331,-0.35680989402199026,-0.5745462181546339,-0.5574579554294337,-1.1899167723708304,-0.7307572262196552,-0.6469033443445115,-0.8622967359470416,-0.9992754246593778,-0.8907238319069379,-0.9449146731311543,-0.8635133233945216,-0.9414358044531043,-0.6909073613071872,-1.1753927253863186,-0.5794523361867945,-0.8788671602844734,-0.7148521267306905,-0.842213584516909,-0.4895309990739339,-0.6017745801181936,1.012057461951868,0.987391435460224,1.0189434593477373,1.0696989287330927,1.0776347112083056,1.0694608496892763,1.0674948879452664,1.059398737330734,1.0235148860064092,0.9926194495843168,0.9497653824227615,0.9077162415305541,0.8211851190661481,0.6945896559231486,0.49498788452725057,0.19574801258346647,0.5929878768461994,0.8444060493844151,0.9182152623706755,0.9601794363117165,0.9948538744676493,0.984680394791021,0.9679533232750781,0.9347609137989717,0.8846069124749647,0.8308929011063552,1.010098840000717,0.6071197578247921,0.37417037634526823,0.12800553602940917,0.20910182771723046,0.861483847050224,1.0135662994559431,1.0355157514128834,1.0766048403694524,1.0825683915066142,1.0734001909201727,1.0743281764349444,1.0726662400840346,1.0540779480590985,1.042578828796857,1.0193473871063252,0.9944326587388345,0.9428623899483846,0.884410431239553,0.7648887024151982,0.5787572490305632,0.1818183936107471,0.7569117306832961,0.8862676764127964,0.9641974295337995,0.994559017617298,0.9717920626772492,1.1016505748910272,1.0901334055425589,-0.07626926743992447,0.7753442976732374,-0.4544157411541331,1.3230160191445335,0.5785020638915266,0.34356802419517046,-0.16522655015907842,-0.28894366412749073,0.473873290089676,-0.9588705421815676,-1.278817131797498,-0.8215395660357062,-0.9529935784467397,-0.8685380551632305,-0.6220707896480128,-0.7907389524961748,-1.1198136288664091,-1.1638038447332484,-1.4996175212559615,-0.9961945226709708,-1.0418338963502012,-1.0896145194007405,-0.9262899618766971,-0.8868179840970201,-1.2345871167604974,-1.814671874470625,-1.652580542366759,-0.9750318457553442,-0.8993498790059147,-0.8855904824701715,-1.2378922399587966,-0.8702440545973631,-1.2343468082545377,-0.7092335974500956,-0.6969759426776324,-1.6836170412219351,-0.6249313283737133,-1.5112375632339108,-1.8396693717689416,-1.6629765105902343,-0.7612338138543318,-0.9560903261885001,-0.7536666115381699,-0.7134257998825674,-1.3217902739725078,-1.0188371406415833,-0.9090868807189331,-0.9453476723650507,-0.9387377492001809,-1.0988287200477942,-0.8640762928825546,-1.261344201332101,-1.4183817947683854,-1.1768227641825308,-0.8383685482073722,-0.7894890917421223,-0.8411225299788568,-0.8739399460411755,-0.9231306682745465,-1.0497667013639649,-0.969814488836429,-0.9181258396256822,-1.3601268957388697,-0.8017016199351379,-1.9962757137113412,-0.6297926848343561
-0.10323471540491096,0.060277184063273204,0.5484767806776718,-0.32418207872994154,0.9623899324977094,0.9686742020712058,1.005998143444774,0.9947364321829473,1.0029155218329384,0.996521978699177,1.0088529822572725,0.9969860333097854,1.014828585385265,0.9981161075274245,1.0182612249283693,1.014433729549105,0.9797129478333816,0.9823436441536829,0.9868788989479523,1.0413928043309586,1.082765354290456,0.8716811927845248,0.9935314959597916,1.0031924554740814,1.005547161098232,1.0018250405232503,0.9951238259830174,1.0039232633053832,0.9990155275157546,1.0120746330545054,-2.02597827953671,1.033201750985806,0.9983219180218683,0.990397754637775,1.0591333041374325,0.9832414685921953,0.9899196358607318,0.9776708988205016,0.9849109189582571,0.971435541563519,0.9702432740591828,0.9883432813979146,0.9836362311924373,0.9928825425586046,0.9896220290189806,1.0221047694764118,1.0317404853659589,0.9782590457260828,1.0456971730033722,1.0727254789018459,0.9796298187933201,0.9603808019383208,1.0190023298988808,1.0114984652285233,1.00497052174493,0.9698183013453469,1.0000024165405177,-1.135968987273532,1.4408028620112887,0.18152257505827382,-0.43270869925306454,-0.547000637968436,0.8194068672421478,-1.002891360300985,1.0580361224797816,-0.3756156186794026,-1.2284538644976581,-0.8799133466208364,0.959353633780387,0.9681860375418515,0.9106805158955242,0.939563856439335,0.9637454215523588,0.9746273300407918,0.9811842644106703,0.9625642764074004,0.9713133137312453,1.1229228169575125,1.0117871247017232,1.0748229378201117,1.0228720691778532,0.8660266053183718,0.8524287208527879,1.1146588371103623,1.086265203011763,1.085676511163993,0.9025731768235093,0.9541269265586698,0.9439694716202752,0.948734451524653,0.9917718111814268,0.9849434370485148,0.991418807723526,0.9987084145140063,-0.44487019509603354,1.0291644803709745,1.064352959850398,1.11451610272195,1.1154966805077517,1.2595272256076893,1.0076454041149736,-0.8077388663676529,0.49055373912839784,0.8987405877733055,0.9457389088197491,0.9687183663157596,0.9620524154467714,1.0048841736564926,1.0190243687808143,1.0773744011118533,1.1210116581748435,1.0955229128297965,1.194617412846864,1.2188267806363133,1.2423062892762582,1.1399720469030092,0.7312604222064972,0.6640678490093884,0.8169895791956235,0.9411941954423962,0.9303392916585178,-0.18571139937514247,-0.24734243140231044,-0.3863796007763591,-0.5470618099931053,-0.7021733999516924,-0.7405251772653101,-0.8494630950841096,-0.942878778069368,-1.001586909429289,-1.0557239207940385,-1.0462330852063229,-1.1201046271459842,-1.1111343497376074,-0.9666939737018011,-0.7404328789834004,-0.6951314339862448,-0.28800607981043325,-0.0012054417567695988,-0.31714688085191095,-0.5773559060055193,-0.733220510130182,-0.8374254143998949,-0.9532632647143411,-1.0243152785079124,-1.108959104786525,-1.1830521415313355,-0.853061097078337,-1.279228547764875,-1.2757821980329622,-1.338621480323095,-1.152598710520959,-0.6919948253061513,-0.46628578615616395,-0.47847893864951724,-0.6358757741215846,-0.6528937803731387,-0.7686648095460632,-0.8634025754105512,-0.9142765304713051,-0.9444538182590703,-0.9929966335061241,-1.0549021993344307,-1.072356555599658,-1.096195692453753,-1.1542134332760137,-1.0995068032588708,-0.8761174083095833,-0.8506537147885912,-0.3012277170051422,-0.33622979458210256,-0.6058306684248332,-0.6933156763762468,-0.8385828077538008,-0.6341031886340542,-0.8359912283963932,0.21629971319313454,-0.23000206457582772,0.8238902846705706,-0.1842573481206979,1.0289568191197398,-0.5710307011606218,0.16284851826159105,-0.43849885289755686,-0.8065167985142989,0.9819139707527528,0.9937130139931364,1.013543564847195,0.9905021212436579,0.9650871662856619,1.01461185902315,0.9668361426544099,0.9885046476404276,0.9702826899477368,0.9569570414378467,0.9691439454337157,0.9367556348136532,0.9269569831120714,0.8843592531244221,0.8248125476892844,0.8366127298967433,0.897545372015755,0.9513117126971343,0.9277411643565644,1.0195449505697396,0.9444417701207743,0.8982066967070954,0.9153298279719831,0.8563373089052301,0.8677861950122525,0.9843538593706843,0.8562007848522428,0.9449540946837236,0.8100587984544805,0.7237035436850069,0.8841506116051814,0.8343370051592423,0.8886321411154087,1.0026523241922938,0.9171177713861315,0.9259690375655523,0.9325746029047038,0.9350976611369665,0.9396525470453194,0.9306407115115146,0.9346279958689989,0.9416778783717806,0.9648698055280684,0.9218625698291948,0.9452763366791562,0.9249049884313952,0.950537177205971,0.9272078404971559,0.9631970671021521,0.93999029865947,0.9563324967839562,0.9376017869045128,0.9476657300170952,-0.24411484749299575,-0.18419719506550078,1.3083756058711555,1.1237889532569942
