2,3,4,5,6,7,8,9,10,11,12,13,14,15,16,17,18,19,20,21,22,23,24,25,26,27,28,29,30,31,32,33,34,35,36,37,38,39,40,41,42,43,44,45,46,47,48,49,50,51,52,53,54,55,56,57,58,59,60,61,62,63,64,65,66,67,68,69,70,71,72,73,74,75,76,77,78,79,80,81,82,83,84,85,86,87,88,89,90,91,92,93,94,95,96,97,98,99,100,101,102,103,104,105,106,107,108,109,110,111,112,113,114,115,116,117,118,119,120,121,122,134,135,136,137,138,139,140,141,142,143,144,145,146,147,148,149,150,151,152,153,154,155,156,157,158,159,160,161,162,163,164,165,166,167,168,169,170,171,172,173,174,175,176,177,178,179,180,181,182,183,184,185,186,187,188,189,190,191,192,193,194,195,196,197,198,199,200,201,202,203,204,205,206,207,208,209,210,211,212,213,214,215,216,217,218,219,220,221,222,223,224,225,226,227,228,229,230,231,232,233,234,235,236,237,238,239,240,241,242,243,244,245,246,247,248,249,250,251,252,253,254
13.979400086720377,9.030899869919436,17.634279935629372,13.010299956639813,50.08297763478044,53.38546132296735,55.17248696501119,56.983615660551095,57.904850202009264,58.99286878605003,59.426716440936445,59.5973427873217,59.652454576371454,59.11607656255281,58.73702984658234,57.96486216605325,56.278265379179295,54.20558058716701,51.737455359449285,49.225438153907064,44.73121863290729,46.00537294364469,49.59084342398731,53.27992031718778,55.17483572247902,56.5999696943171,57.81761835183485,58.186652459624106,58.3246100993781,58.68094611007653,10.0,57.43344325034066,54.90751852637076,52.97780201586442,51.73256216252638,46.86466450156474,47.338470163943455,51.21930625217794,53.20007040200649,55.38564937243889,56.63758387886023,57.41090115426197,57.72233665134234,57.80390048573957,57.49523752913771,56.67453886855577,55.57441030115422,53.57410710747145,50.701117827821996,45.38799869965,35.77261953585815,41.5956719323362,49.60684780130385,52.24473495175407,54.3028956856142,55.50563425700142,56.409750793288175,-inf,20.0,15.051499783199061,16.020599913279625,9.030899869919436,9.030899869919436,0.0,10.0,16.127838567197355,20.644579892269185,17.24275869600789,44.495863808375674,46.53839375402497,47.89756932285287,48.61665814342345,49.409595181580585,49.74682061180809,49.72360230030325,49.95744851076331,49.53092520597549,51.10404506501023,48.92790030352131,49.258069670429734,51.65600402517412,51.459573864663426,51.19552797667117,49.12338986672293,49.58286687187968,49.842436917125625,50.90173373128259,50.90035733223533,52.05258512004059,53.16913439164992,53.4244044705125,54.286611380325,54.493873652263424,53.82962090781572,20.863598306747484,52.91237831843834,52.76298625858915,51.38002536456432,46.86171343268639,45.486227810298686,37.46945409615105,35.507174234692826,44.28037553035308,49.741062234071684,51.68709570145828,53.34907914305646,54.641332023061715,55.327760294973785,55.78690772214927,54.94495492715363,54.41168637059276,54.59418122440827,51.96190007050505,49.928626713890274,47.78643172093456,46.371894221487615,45.08718208999562,45.62649672211917,47.84930955316871,50.57399817266062,51.35049920738958,50.41554528396205,53.58583898678446,55.80410585047475,57.77108416419018,58.96272621303674,59.88579021355246,60.414325594573626,60.50758969894164,60.34942735195469,60.06093630208201,59.02097032707165,57.74735882551753,56.38746762153357,53.83285634478604,49.72133382748365,43.86409778881913,47.52586178740409,52.13881508864782,55.107125297774076,57.12999689450433,58.56367532717926,59.5259146877947,59.80226146160739,60.22512912214562,59.91750900248755,59.06650141205195,16.127838567197355,56.445272119519544,54.714706739332854,52.72472848627142,51.451124613446595,53.894531556129365,56.3458205247548,58.56920324333802,60.26628039054205,61.67322357172327,62.385659411182665,63.028246957463345,63.44000642585043,63.48909338442005,63.19850283182702,62.355870222129084,61.47467627290104,60.20646712588727,58.0779606746832,55.13927078394198,50.487873923896316,44.86203708021318,48.574531170352664,53.50387590559011,56.8086559119265,58.893134703263854,60.26775878702552,19.030899869919434,20.043213737826427,16.020599913279625,10.0,9.542425094393248,21.072099696478684,16.020599913279625,18.129133566428553,9.542425094393248,13.010299956639813,14.62397997898956,55.158314714513494,57.80375646287007,59.61451944491253,61.32613450575337,62.14055046541545,62.97139803331355,63.42160643250889,63.44099173412103,63.41108533006688,62.70983317686084,62.01823015673162,60.763363675102404,58.796932687757455,56.268841782393565,52.02283927151903,48.09000495184327,49.842662081338425,54.540059381037906,57.34588629544855,59.692294798626435,60.75905927092865,62.19891671755658,62.223590063391114,62.885264414844364,62.64568740356239,62.45384581407238,35.2022143588196,60.107425078767214,57.892174731948586,55.602630070249646,53.338904116161245,50.30134012287374,51.487290999890305,54.50326104061412,56.84969171760137,58.85592442898983,59.76590219099805,60.84810697932098,61.26706620646707,61.320835019057355,61.20345208362602,60.563776637115,59.744679387032534,57.917306387548166,55.996396680245645,52.93161384473248,48.73959654743353,42.20996697147369,46.69326180134252,51.78729530303869,54.66489486183501,56.83861702110158,57.93528472240282,16.901960800285135,6.020599913279624,16.989700043360187,20.043213737826427
11.139433523068368,18.573324964312683,13.979400086720377,18.129133566428553,48.984015335688525,52.73059174134606,55.5609133406474,57.10974102958056,58.19497213470841,58.90247713584073,59.41958416530814,59.698071602781695,59.66429445542459,59.23793017726457,59.04049260458768,58.016952000964956,56.11120824352459,54.28253074551684,51.38141584513705,48.46442270425858,42.448459090324356,43.301295624875245,50.67520919525855,53.20549224151931,55.32593876889932,56.87804432342187,57.6839091957775,58.18445625346821,58.288158021750334,58.365956231418245,22.09515014542631,56.96199070491402,55.27629900871339,53.29741517458709,50.98384109699789,49.20311201529162,49.30113241580648,51.34957625662232,54.04000234610202,55.209457480818934,56.52246341003323,57.4713513867729,57.81371159213457,57.67971721381619,57.237781944616046,57.131359065178025,55.975372319387176,52.91124546612215,51.92901826109565,48.15006281903948,43.22570724231276,45.53798100425305,50.15347179132089,52.980535883112765,54.71977823590939,55.29908790034482,56.236224165130125,13.979400086720377,16.532125137753436,12.041199826559248,13.979400086720377,16.020599913279625,13.010299956639813,19.084850188786497,20.827853703164504,21.335389083702175,21.367205671564065,17.853298350107668,47.48250064643889,47.96546581877668,47.09693869727792,48.49622078212741,49.16853841725876,49.97757604280254,50.25125554658057,50.17141899349816,50.48150363332397,49.70281773676818,50.75360795290415,50.72176344478966,48.86067504919496,48.7750956084423,48.531747966947584,51.10202375877088,50.96228504818271,51.17897421628228,50.33524274983268,51.52034421983025,51.70053321430143,52.56325597774616,53.86891169452432,53.952914383844835,54.11964647889289,54.7541692817638,11.139433523068368,53.743303426265435,51.584861277851566,50.28977705208778,48.82695262381597,42.88450448275636,30.253058652647702,39.17452991929664,45.65056398811962,49.13161921590438,51.71343169572899,53.29031575010839,54.393990173774654,54.86868095149851,55.1006890197906,55.73397314367645,55.26639043910336,53.630927723513544,53.40977235961176,51.65570740632901,49.37843741353889,46.59954211052493,43.9208111979816,45.82756316679422,48.91882971772194,49.99204513005313,51.24764984062712,50.06007973081033,53.41159417266243,55.89583255106451,57.69095090693683,58.95751733603929,59.93345393929323,60.461079116555325,60.62781225163746,60.49900724076213,59.9425070537109,59.328008843710435,57.90887971371656,55.80725450756721,53.10958692419998,48.61223662668179,45.01880493755059,47.31371160568575,52.038620437240944,55.226658888301145,57.21686984387049,58.5535740082501,59.43625575898277,59.96928692278136,60.053525654611946,59.80323858130478,59.29576775841988,12.041199826559248,56.63177761301496,54.50723185290479,52.42442036037531,52.021857858184084,53.53450734684298,56.315949340053805,58.534603187022725,60.17035427248001,61.562661923343626,62.50046055325314,63.08933247147336,63.26677426196545,63.24649906414804,62.980234148664,62.498071661067065,61.54184390744929,60.13725565119462,58.1047245654764,55.20386575337419,50.7160588491774,45.156884345438996,48.53673880871554,53.356684774386395,56.621352115382464,58.92101840871527,60.218757687571355,20.644579892269185,12.30448921378274,17.853298350107668,18.692317197309762,20.5307844348342,17.24275869600789,16.532125137753436,20.863598306747484,17.16003343634799,6.020599913279624,19.138138523837167,54.675341138495924,57.39250261743231,59.7219774534355,61.1313079603395,62.2638257472624,62.93843217270337,63.35544951458789,63.483368010195285,63.36591803331173,62.69973379096436,62.185242144635204,60.89300562520595,58.67986916231899,55.87693009320314,51.850461017086076,47.57099817926543,48.974346397079344,53.77994310234789,57.47207431631815,59.60722338596128,60.84449366766508,62.25884082855052,62.480346030587384,62.85902132411191,62.70737048661636,62.47915601966912,28.305886686851444,59.72503684487316,58.4745481610154,55.388475947714014,53.38665621780072,50.00460108336458,51.042582953037716,54.244651020087396,57.098946580217074,58.5953216729494,59.996754607915264,60.86123396216267,61.12686089075727,61.159780920137734,61.02680970445131,60.63645548367226,59.70403135575589,57.746424915372685,56.239776735561115,53.26272350960036,48.21225213158303,40.17575868391074,47.92741785834749,52.3272427381708,54.96209838095885,56.47360472295226,57.66532559056265,16.020599913279625,21.84691430817599,23.979400086720375,6.020599913279624
18.325089127062363,19.030899869919434,17.853298350107668,9.542425094393248,6.989700043360188,14.62397997898956,14.14973347970818,16.989700043360187,12.552725051033061,18.06179973983887,11.139433523068368,16.989700043360187,6.020599913279624,9.030899869919436,16.989700043360187,13.979400086720377,20.043213737826427,17.634279935629372,14.62397997898956,9.030899869919436,12.30448921378274,12.041199826559248,10.0,16.989700043360187,3.0102999566398125,12.041199826559248,11.139433523068368,16.020599913279625,13.010299956639813,14.62397997898956,14.14973347970818,0.0,19.86771734266245,6.989700043360188,3.0102999566398125,0.0,16.020599913279625,18.692317197309762,6.989700043360188,13.979400086720377,0.0,9.542425094393248,9.030899869919436,12.30448921378274,13.010299956639813,13.979400086720377,9.542425094393248,12.30448921378274,17.16003343634799,13.979400086720377,14.14973347970818,13.979400086720377,13.979400086720377,0.0,0.0,9.542425094393248,18.633228601204557,3.0102999566398125,12.30448921378274,6.989700043360188,17.24275869600789,11.139433523068368,21.958996524092335,10.0,16.127838567197355,13.010299956639813,13.010299956639813,13.010299956639813,35.09068045017162,33.91993072259713,28.506462351830667,22.55272505103306,16.989700043360187,24.14973347970818,31.64352855784437,32.25567713439471,36.14053105987219,35.51693915127225,37.85187420029362,36.513749439130436,40.05738042651424,39.04877766963405,37.78295991088834,36.13418945034573,33.53531559077762,36.363875858131564,32.19322508419337,32.003031829815846,22.87801729930226,24.668676203541096,24.29752280002408,31.222158782728265,31.442627737619908,33.45961541813141,12.041199826559248,36.41573253178176,35.59308010907012,35.051499783199056,33.67169488534681,35.93839661081272,30.68927611682072,32.46744709723841,25.76341350205793,20.374264979406238,16.901960800285135,21.335389083702175,31.613680022349747,33.57172257723033,35.08664363052943,34.44825199509748,35.186455243303115,33.94801777162711,37.31508183596026,35.289167002776544,34.74216264076255,34.89677291663698,30.766404436703418,31.392492175716068,25.2244423350632,25.158738437116792,20.969100130080562,50.20249379386541,55.13533214780815,58.32207356572498,60.675201760039656,62.45958577694678,63.7320119095698,64.74707118260991,65.33479719725985,65.61215192069795,65.57280250818016,65.19633370500613,64.43346395289822,63.2289750513202,61.40993289197144,58.78067731973363,54.896618210536275,50.806914098153506,53.44081671564599,57.68126560772444,60.534226679644725,62.58498640693191,63.90996716056093,64.68653444429532,65.04191845724866,64.99150892839288,64.55780860033366,29.29418925714293,62.59775394196858,60.770177846215425,58.36640541572774,55.83539952293526,55.61832149035399,58.290167219297935,61.09572135361212,63.445659567435754,65.13664187458615,66.34951913223509,67.19131084133095,67.69607190186723,67.92716378339432,67.88727147979537,67.54959969485327,66.9221228014637,65.92267494359282,64.46428424513266,62.3325838568353,59.25926992467627,54.14118952394282,49.642784916540144,55.340883250774326,59.826244060551886,62.4978957397622,64.11890634661268,64.92423016485395,65.20713523448546,21.613680022349747,17.634279935629372,20.0,16.127838567197355,18.325089127062363,17.634279935629372,10.0,3.0102999566398125,17.634279935629372,15.68201724066995,13.979400086720377,20.969100130080562,20.0,13.979400086720377,18.633228601204557,21.335389083702175,17.24275869600789,9.030899869919436,11.139433523068368,13.979400086720377,21.13943352306837,21.13943352306837,9.542425094393248,13.979400086720377,20.863598306747484,18.129133566428553,26.5991620006985,13.979400086720377,20.5307844348342,29.37016107464814,32.347702951609165,28.597385661971472,25.289167002776548,35.77261953585815,34.881274962474585,31.869563354654122,31.821292140529984,30.9968064110925,38.227563329513906,36.95831772826692,34.158077276355435,26.127838567197355,22.55272505103306,22.671717284030137,25.71708831808688,19.294189257142925,20.043213737826427,21.13943352306837,20.969100130080562,17.24275869600789,20.253058652647702,19.54242509439325,19.54242509439325,12.041199826559248,19.294189257142925,15.314789170422552,18.325089127062363,21.13943352306837,16.532125137753436,19.54242509439325,11.139433523068368,20.043213737826427,13.010299956639813,20.681858617461618,12.041199826559248,6.020599913279624
11.139433523068368,12.30448921378274,6.020599913279624,13.010299956639813,49.23471989301967,52.520880964863245,55.330141138429205,56.87350569558028,58.02147479579831,58.77272840857967,59.4900189607183,59.76776267996111,59.81902378526817,59.23088515442399,59.17925946701392,58.367202445350266,56.35388231738724,54.43621230425094,51.75827707117819,50.10978012174743,45.25109622271934,44.001579233904486,49.20290330515779,52.50295551790821,54.77827133117984,56.40680153277665,57.553777994032735,57.806463293993204,58.021837785707106,58.65947451931274,6.020599913279624,57.50052261903416,55.101494076374784,53.01589874501378,52.28318214862793,47.130703258556395,47.93231447056521,50.71429074412152,53.062984739312036,54.74998164276168,56.29671524050786,57.32549756116959,57.69714733373155,57.744439689249646,57.35998681693416,57.62602049151422,56.500869193555594,54.01848391395518,52.81190230639298,49.77266212427293,44.05551248282309,42.28656958108935,48.45773772594999,51.99988164184678,53.825213241896805,54.489041029532274,55.678752936738114,13.010299956639813,9.030899869919436,18.129133566428553,16.127838567197355,15.68201724066995,13.979400086720377,6.020599913279624,12.552725051033061,10.0,17.24275869600789,14.14973347970818,46.601157206237794,47.31443707556579,46.67910355582737,47.876729646874935,49.032636700504085,49.893830664589515,49.77472098829902,49.662590937671496,49.36614261975212,50.541609079065715,49.083777724323944,49.42826237142525,50.48014290938055,50.268436557477855,49.51143160107553,50.12347840729423,50.09811949500315,50.43649092768577,49.50973024874478,50.26177675716622,51.20195403676202,52.13825771046443,53.46325585646718,53.82573519908979,54.547381780865685,54.58403644513733,20.644579892269185,54.10503921351329,53.87925244679507,52.68112072275095,50.47726454580435,48.524128923957434,44.62427948209778,30.86359830674748,34.86430478854434,45.77790418221759,49.49867955454244,51.661695181939116,53.05405115437893,54.348322748563206,55.01653441705442,55.22352930775266,54.87932676351194,54.90725196366525,53.49044286602036,52.304489213782745,50.39818479157829,48.95958176980679,44.933883352101596,42.40973351840004,45.470358997400105,48.824619221790485,50.214249949627295,52.954901295630435,55.382229898953604,57.23058139432525,58.46595632169844,59.57051973744581,60.15896841629767,60.26216518542618,60.230581156867444,59.69379098278609,59.077557573072596,57.60592096579792,55.736535568559944,53.24004500231222,48.82137313939908,42.38547887681328,46.84854334578203,51.72091867626748,54.97620649781288,56.961623547004066,58.49227716788007,59.42113759842115,59.94793866840429,60.12147287179757,60.059111601914125,59.508174143137325,58.37012995728302,16.989700043360187,55.195720651368546,53.257208580194124,51.99373905566328,53.58743633583807,55.539024360193956,58.008984545533046,59.846825514984765,61.1254132715126,62.26714327373149,62.818915578050955,63.15170045113344,63.24430831048896,63.06235397849734,62.5074121261325,61.71540705521753,60.321693276878946,58.71225477751242,55.905576343393406,51.97804153173409,45.70099078991958,46.46599751720373,51.9662103295495,56.007954408895024,58.316138553090994,59.86438498107234,60.81926700680008,19.138138523837167,17.634279935629372,22.576785748691847,15.563025007672874,13.979400086720377,10.0,9.542425094393248,6.989700043360188,19.294189257142925,18.325089127062363,21.702617153949575,56.28940389245031,58.39224058544338,60.58099421562527,61.641246425001356,62.60682072803486,63.061783211191724,63.30248344648618,63.29324032850292,63.07275411630789,62.270061735191334,61.603451583572095,60.1772306897945,57.5063257143367,54.31032287085826,49.36196953909299,47.386616659850446,51.265502328286146,55.25060363575484,58.08683509128969,60.20641328854121,61.39175147973151,62.05041879261369,63.08560145289828,62.5711698828895,62.08413943421715,61.99779578215001,24.487063199050798,59.81602085256809,58.32828129539354,55.5339872459221,54.027925307684264,48.2558837985897,51.28509120986965,55.0829399133604,57.459651193615564,58.935731385685926,60.29424364058016,60.937315347786324,61.078422897364234,61.18889092200541,60.77866240210341,60.55136649604678,59.56565071464588,57.55992175526862,55.916532893588744,53.10355514392059,48.6287643779377,41.08429708423466,47.5313091224259,52.49623879788004,54.830235607378775,56.45210966112556,57.55333555174691,16.901960800285135,12.041199826559248,17.16003343634799,10.0
13.010299956639813,15.563025007672874,18.692317197309762,3.0102999566398125,49.79607551262018,52.977714503689654,55.054009822684165,56.802022126067335,57.898097843813986,58.8700762269119,59.35882451036602,59.63395368861293,59.556093489951785,59.28416849477608,58.81166598761831,57.85507076422142,56.41906206880172,54.508677681088315,51.68005161303561,48.699822828590804,43.97331570391128,45.477747053878225,49.30847191682497,53.05129865783037,54.88282724898554,56.65229098103168,57.75847006714354,58.04112842063279,58.34051746416144,58.5777440743449,23.673559210260187,57.230359523075556,55.02253640689243,52.93594558484912,51.304785092001964,46.30651575683241,46.60685274789785,50.764511038861755,53.11586466535858,55.45461752209634,56.5783955385796,57.46101511407113,57.68408685826983,57.86571138328515,57.38161961758311,56.69898649929101,55.481510128799776,53.6543182249042,50.21127252569096,45.36419547127734,36.94429690957083,42.81601443825656,49.55880086225376,52.34253994943299,54.19443540515492,55.69001497574015,56.47798481089409,14.14973347970818,15.051499783199061,16.532125137753436,-inf,6.989700043360188,12.30448921378274,20.253058652647702,10.0,18.633228601204557,11.139433523068368,15.314789170422552,44.23065563330095,46.37669814305671,48.202802955035075,49.0848501887865,49.70086407441639,49.913146981766104,49.856330179923525,49.815830551585165,49.55880086225376,50.983529453340054,48.85299011939668,48.92906753022043,51.34766608037086,51.2246818742109,51.027149112053,48.98220404865221,49.48554773029524,49.68599678693572,51.11027151026175,51.154940186046716,52.28402925447676,53.14737045912889,53.40796959675008,54.317560604576585,54.67258753874067,53.889320340775214,16.532125137753436,52.67615186551211,53.09589716546264,51.740743518378814,46.60533466698088,45.54767697528077,37.64400322956388,36.13313161455459,44.421190137451596,49.78143981690324,51.79566152517743,53.30218905944528,54.62824594958313,55.434049290640644,55.81173398566804,54.908921218377536,54.41185935211329,54.53509448733027,51.842853317880696,50.00091192266347,47.60460180960834,46.31413326744255,45.24538915944734,46.14865591497137,48.48423141732414,50.30036757683983,51.53537436820673,50.28347541558745,53.580967248582624,55.815457666661544,57.78714020777839,58.96686017274078,59.93707744998221,60.33361421713174,60.51464716197263,60.33771453975205,60.051367375337065,59.01175965461687,57.73894639555698,56.29516630327346,53.62665277266125,49.673279653207786,43.85838550083999,47.722189898007336,52.063130519359575,55.05970291116931,57.235352990729005,58.614537572148194,59.53634071158416,59.87496445820455,60.23986640276927,59.981982887238544,59.06503123268288,3.0102999566398125,56.3855813958191,54.87342035877809,53.03776888819605,51.588357357811965,53.74693368545393,56.4918779689474,58.57234165855165,60.38471133244127,61.55061403647433,62.338410193438925,62.97974433217004,63.38935347968102,63.397824522491234,63.14253275668466,62.325328699481545,61.464533244774096,60.14745607934878,57.96621506406771,55.133840921082765,50.66519730293415,44.98324340697171,48.90202978428491,53.7124708726293,56.84423424500241,58.81047248418558,60.187945024314416,25.118833609788744,13.979400086720377,16.532125137753436,21.5836249209525,19.294189257142925,6.989700043360188,17.24275869600789,24.14973347970818,15.68201724066995,23.05351369446624,13.010299956639813,55.3467198779628,57.737725531846806,59.699086408494395,61.238271499862115,62.14695791950494,62.94129462290368,63.28626245278603,63.40364982746232,63.248291985505716,62.655182657993784,62.02235677101061,60.74387051912452,58.717188433187616,56.11392948688861,52.302496111236685,48.569100603007854,50.17867718963505,54.34148776444397,57.25535952068385,59.49621243483289,60.91077534915244,61.55407098020941,62.22804361376287,62.557444232215474,62.254152573291165,62.371021820883996,27.520484478194387,60.49143953634612,58.233829264392476,55.99666962264486,53.883232675782715,48.97874403792751,51.34677437718352,54.13541158006509,56.67072662019801,58.537012530434104,59.87882911316544,60.81543524244998,61.07215737583154,61.169439596143384,60.98530898412464,60.511278152140655,59.53856781203456,57.93244031067176,56.05202656961313,52.9958573918951,48.32010465459919,42.78959270684218,45.855622410293606,51.019188336804234,54.43421026241389,56.473536249014664,57.738127650613144,-inf,6.989700043360188,18.692317197309762,17.24275869600789
13.010299956639813,18.129133566428553,12.30448921378274,13.010299956639813,50.42528261150111,53.312126270871815,55.14792057586049,56.79036128075481,58.056157033281224,58.89012450134623,59.2932285936939,59.483351966283145,59.45943488845828,59.41734982088115,58.47020804030893,57.52123001711446,56.673791632580325,54.842343342555644,52.10853365314893,47.362530418750104,43.56503891894005,46.831551478893026,49.92540263474787,53.28351057323378,55.33772058384719,56.840990622835534,57.85615947927723,58.386129969657965,58.49815442426327,57.99799418260793,10.0,56.268841782393565,55.133840921082765,52.78190939558915,49.940970895882096,47.10565819800644,47.78223626766096,51.584831126992476,53.97392452592022,56.05340607260594,57.22971027912445,57.833753904117636,58.23380317507723,58.22775274544598,57.73219445008513,56.183995760021254,54.57327704332754,53.66544355918661,48.499841820942706,41.88787912637469,40.88100634642659,46.05574376060999,49.805759897795674,52.5062002448438,54.39864576144898,56.22441993637986,56.676817144538994,20.863598306747484,15.563025007672874,10.0,12.30448921378274,16.901960800285135,13.979400086720377,15.051499783199061,14.14973347970818,17.24275869600789,17.16003343634799,19.86771734266245,45.65020928345294,47.15485222041701,49.555915504057246,50.047726335209234,50.28652573633118,49.988954886920276,49.93810840774909,49.97163500065184,49.60646742930689,49.95130417873277,48.75767141790021,48.73814497991474,50.544598372394034,50.404638817350474,50.71089986274353,48.58639443236374,49.223101632143965,49.72151905336013,52.12712170990018,52.3965227827949,53.24482061385801,53.99564701613989,53.93624332795619,54.67525233994315,54.69799932646452,53.8314186703661,15.314789170422552,52.38933867093572,51.71073790625493,49.415710570742704,44.35238988596065,40.71329586860343,37.059491949102956,43.10310879919341,48.03600491100624,51.06139880819725,52.92118670756878,54.10216927362492,55.020568558884904,55.396405656694284,55.36523091581955,54.40589537798744,53.44645701936844,53.19851114934223,49.93109835880613,47.38344460104493,44.07033803328038,45.011277575229805,47.712934426290595,49.581336756762354,51.31907242774386,51.691246066716346,52.165881110755016,46.329429444376295,50.82160398205164,54.214936942060504,56.426672755678304,58.15683984744049,59.32482896941737,60.082939287817425,60.53712127760186,60.65243501186464,60.67815254179993,59.94145072845674,59.08841958730821,57.91647147232629,55.86475903976733,52.842050677017944,47.430156109169346,41.784013415337554,47.88140077419414,52.57392950339522,55.58674977395587,57.687483255516014,58.959267200229775,59.76920561389978,60.354785685515495,60.37415341608805,59.982261982229275,19.49390006644913,58.187667747080944,57.042740929432306,55.07501007970131,52.56217273600079,52.9151314724063,54.75147976918248,56.977148183554135,59.16450263611416,60.515557465199265,61.66376822907342,62.51173264385072,63.11397805515696,63.3297644971601,63.208148756224446,62.77858718709712,61.99862640873996,60.95865408662974,59.15942496064049,56.811552747523784,53.287872003545345,47.800723672506116,45.17578542097385,51.28915978453837,55.467918178053004,57.86627218873278,59.639204557325925,17.16003343634799,21.702617153949575,18.573324964312683,13.979400086720377,15.051499783199061,19.49390006644913,15.051499783199061,15.68201724066995,16.901960800285135,24.487063199050798,19.030899869919434,54.48598119190078,56.74348499350947,58.60005419340383,60.465201365249506,61.749702022173814,62.591639104627596,63.2112618662002,63.42498675707181,63.28961738622055,63.03372548216562,62.24157132928346,61.09550537887771,59.70634140935455,57.37508306180389,53.73825636017977,49.410590140248615,48.6693681773164,53.515740798304535,56.110953039517725,58.96966901933155,60.482012823227755,61.70696379172017,62.09401868773398,62.43749212710988,62.77583774673799,62.35498398749855,37.522021531765205,59.96793959364929,59.11630545616134,57.71899678547505,55.079920731394914,49.60056739928349,50.72095421640376,53.438121720733555,56.30253918981371,58.1790962794275,59.79281069334021,60.581981878782535,61.12673692374208,61.378669217236265,61.15876664268445,60.440071488187634,59.4023400206122,58.41735404218292,55.909755118406494,53.025581918465356,48.5033985458348,44.03635189790548,45.42638727315163,50.783843087481905,53.92475353799451,56.55050029592105,57.62716065949462,10.0,17.16003343634799,19.49390006644913,18.633228601204557
11.139433523068368,16.532125137753436,20.0,9.030899869919436,48.61665814342345,52.2753964434891,55.30583859645118,56.78377233161512,57.86616571225525,58.7133529277861,59.39801202894412,59.69073281047371,59.78043950725208,59.24088982028739,59.23853572289925,58.41058989943397,56.3121844567664,54.68531940184078,52.10933535357622,50.317476874233584,44.9793814174857,42.87376181552599,48.98203934872921,52.49005022735587,54.785737097279764,56.38146678179288,57.526729214939046,57.951985091542895,58.12595871580096,58.771143794930076,12.041199826559248,57.6618969331016,55.25599312706377,53.38456493604605,52.14380176628176,48.055959983272544,47.74808830310705,50.55515938105266,52.921430514548966,54.589111796948444,56.03144372620182,57.283489114015964,57.62232038544815,57.64278527106782,57.44375921536164,57.413801147643994,56.57645671750039,54.03142836129252,53.32892716489896,49.95920243872658,45.047698042978396,42.73255983451751,48.24470788451119,51.734106445020124,53.84077299348795,54.24719970628541,55.58440953097052,16.989700043360187,15.68201724066995,9.030899869919436,12.552725051033061,15.68201724066995,6.020599913279624,10.0,12.30448921378274,12.30448921378274,10.0,18.129133566428553,46.843066460716315,47.358941834059166,46.60685274789785,47.94418330874141,48.576520678192914,49.693832924447065,49.937403505822104,49.71758130277843,49.68015713993641,50.348249073818536,49.51386094880292,49.660713008959874,49.993480692067216,49.74318220505531,48.89693791444185,50.35605821904582,50.03413136276344,50.74439742544225,48.813846567705724,50.34295490218399,51.071896116168844,51.87873089603788,53.43418441639639,53.58486888100237,54.21868699974063,54.69150180378983,11.139433523068368,54.077256326368605,53.46966812817289,52.32757309772524,50.437629803241094,47.92083371094847,43.668523695122644,29.041743682841634,37.197454925295766,46.115640020881244,49.460983968718956,51.77230510332289,53.186058640550556,54.353553502808424,54.98427728555499,55.27067660548055,55.22363366344645,54.59725620655139,53.829890619644594,52.528772925637604,50.74033420211756,48.85643871835764,43.957980061633926,43.96635166983693,45.55300054669641,48.658025495932684,49.888531430055096,52.91493170544578,55.31459756568922,57.256870799244936,58.56910060300787,59.473209671486835,60.138568297456835,60.36600553529109,60.1876580432457,59.78491855195034,58.90913163832594,57.6259604743806,55.77975229027479,53.00006025960969,48.28563232703952,41.76583180765493,47.01205201999371,51.634297433014716,54.839479895226845,56.993077540753205,58.45074463388154,59.36694660824315,59.92791143992518,60.07425563870375,59.98878507744496,59.44096076748026,58.493708831306094,6.020599913279624,55.19629826314847,52.90337398349267,51.908917169221695,53.43764943264213,55.654995353832646,57.987397046567835,59.868379926995665,61.16185861778314,62.227461165854066,62.8460328931494,63.24212674417342,63.25532492974446,63.083240445554125,62.57551867168132,61.65456820166582,60.39138780433598,58.76460330969513,55.79989266348199,51.50218994132156,45.22352930775266,46.53839375402497,52.265535092533796,55.882403244298075,58.36132249383275,59.89999457394079,60.97632772150253,14.14973347970818,15.051499783199061,12.30448921378274,15.68201724066995,20.043213737826427,20.969100130080562,10.0,13.010299956639813,14.62397997898956,23.654879848908998,15.051499783199061,56.27854163263844,58.537134178993846,60.57380409999379,61.70195098902689,62.61225029981068,63.109058416412324,63.40826680697754,63.38760990623899,63.149524428478465,62.17279909490803,61.468016001571954,60.05340125014808,57.326076373948275,53.99350042852245,50.015606526425735,47.66479770899863,51.740248998668015,55.115117131869354,58.82071793380372,60.18777450161788,61.57749825566776,62.2416257599624,62.6248905917283,62.695299887743985,62.13218296050286,61.87119518205127,9.030899869919436,59.771032642269226,57.888419245223204,55.30113855707195,52.73093911672003,49.590461647617055,52.24895470849483,55.32979746089371,57.52175258665684,58.73999128988328,60.46739361925893,60.956358365675776,61.0169896904536,61.04856377731103,60.75925253209255,60.485882270033635,59.48613438350521,57.35232309051888,55.98958940973738,53.0128398365165,48.540933980467315,41.821292140529984,48.35766645614345,52.41299878752197,55.082764750337944,56.3800177494307,57.63808957270179,15.314789170422552,20.043213737826427,24.62397997898956,21.13943352306837
17.853298350107668,16.127838567197355,10.0,16.532125137753436,48.98648405576936,52.52003020538459,55.52935766136109,57.021840216106426,58.0696709758742,58.790528495135554,59.41656504498709,59.57558444140371,59.71285128435586,59.30276958755209,58.90740613460871,57.970985001961395,56.44037592938392,54.67356482237898,52.04176980066301,47.78621481409864,41.246672176986095,42.861195025903626,50.15514832890563,53.12198520372529,55.46902781145184,57.07505452881921,57.77920289081444,58.47699104325049,58.73447325222193,58.5104298313442,16.020599913279625,57.284909487080824,56.08217853296413,54.05293415033729,51.147777319715615,49.72619339059624,49.361617409111574,50.55263625784185,53.355642045720764,54.807110219088024,56.09645625210409,57.04413074041891,57.525285965492785,57.47819495903666,57.16191218873237,56.59134336817462,55.40380786093171,52.6755889949839,51.00604863043565,46.95945493397065,42.21596785740263,45.99850335074898,49.94954705745496,52.770771929485285,54.719851480040234,55.578078557646045,56.38089721984506,12.552725051033061,14.14973347970818,6.020599913279624,15.314789170422552,13.010299956639813,12.041199826559248,9.030899869919436,17.853298350107668,13.979400086720377,17.16003343634799,11.139433523068368,45.71475903681944,46.62616190820862,47.04708046987443,48.33338388939397,49.188111547111966,50.17242084547646,50.62062776687373,50.808356481739736,51.27509734974008,50.41866202721293,51.845920710415925,51.689598169485706,49.242637752676906,49.401228517338225,49.38144308514097,51.22900376653408,50.843367243864364,50.986852499974695,50.1113042888699,51.2508420089583,51.59594260605748,52.335950743467066,53.15789876441706,53.22053817695566,53.553001516065606,54.081483466563284,18.129133566428553,53.30920830595236,50.90600132347003,48.723311212302505,47.74808830310705,38.721562727482926,27.17670503002262,41.93041072153242,47.01049630729139,50.05695181118511,52.18370053194584,53.874076249281835,54.703884375479326,55.23147924422204,55.4815961740766,56.04460422427223,55.66419813633826,54.05059354339667,53.9456549309471,52.2533513181854,50.26042721005139,46.622477082456626,44.387005329007366,45.860694430305,48.33383008126376,49.30847191682497,50.30344655910713,49.40859999491757,53.0836162432773,55.730318203398674,57.57142363192963,58.845965735271704,59.77349036248059,60.403511044391855,60.599010291678255,60.60695196813938,59.98088813843215,59.2713056218595,58.07342867754777,56.019785534775686,53.49629095649596,50.01443798032974,47.38542740928785,48.88830728042018,52.50634656636956,55.27424947999951,57.240471902347096,58.471838409324384,59.4790109664773,59.807058599522364,59.855423303720755,59.541773603807385,59.02011598922221,14.62397997898956,56.117583474688566,53.48663056928713,50.65960442354263,50.40800061256529,52.947747522184436,55.95440002403738,58.63239562780091,60.20907950578024,61.76526782734663,62.593991432624904,63.13713925313632,63.435718420865435,63.42311526692873,63.14507859042866,62.67697258762024,61.64855275792222,60.369899919913344,58.3873892961575,55.72523097849637,51.41553239182309,46.37569776417521,48.455259194404725,53.342224679778674,56.60437610511947,58.67251760231099,60.12911849481088,13.979400086720377,20.5307844348342,6.989700043360188,19.084850188786497,11.139433523068368,0.0,0.0,13.010299956639813,23.521825181113627,16.532125137753436,22.04119982655925,55.021060604486124,57.77900010751145,59.96061821881085,61.2906635463765,62.3536201963728,63.03824141659061,63.506815147497605,63.60506508110732,63.43382003531786,62.828995468009346,62.13448689385099,60.907185630315716,58.766524950128925,56.26107243712407,52.735151725612155,47.58306181725307,49.427519204298136,53.70507538291508,57.36649036823279,59.51796831282908,61.016948455201884,62.07512112306513,62.47649264902109,62.53712277586568,62.12559393131094,62.391998427971025,35.82744965691277,59.22540700855076,58.52628799395731,55.91470872036986,52.31877187346478,50.9960123183804,52.43633244506138,54.41820772289284,57.01762208534885,58.89819744891846,60.013295097829136,60.8419292880679,61.19963186613191,61.225097879684014,60.946629026018115,60.484546224291094,59.55907487160233,57.76134343165844,55.96395844218576,52.93499562400315,48.119099804200985,41.28011332575974,47.80518927780164,52.28220648868423,54.979160628608156,56.28618789818512,57.57792179736864,21.73186268412274,15.68201724066995,20.863598306747484,12.30448921378274
18.633228601204557,19.294189257142925,20.043213737826427,17.16003343634799,49.21467973002443,52.69692695589724,55.56430357542301,57.05278559542188,58.16228038889112,58.934094135499144,59.512539552192,59.75588493911458,59.72466668518412,59.079324164503,59.10893221454426,58.15857227151328,55.95077157007697,53.921550659380955,51.1724808846035,49.05585425846268,43.9418892324117,45.72894825883377,50.79633400676602,53.50867996286564,55.50699093264708,56.79773922320196,57.785130117389244,57.92927222529496,57.93813425426726,58.27944074183014,13.979400086720377,56.69626449143048,53.83958910679112,51.32829407259561,50.042267646802685,47.27036727040992,50.19639621944269,52.83855053281543,55.14329886722877,56.37550766613451,57.501912363858764,58.1559434947799,58.2593217512484,58.13039617759752,57.53962804747892,57.338854896816336,56.08793373986931,52.882782968351364,51.38179498985977,47.26963440076019,40.75181854618692,45.450595846940026,51.0983493104569,53.32458659189203,54.90725196366525,55.462723791294295,56.21467099346845,14.14973347970818,12.552725051033061,16.989700043360187,0.0,6.020599913279624,14.14973347970818,12.30448921378274,3.0102999566398125,14.62397997898956,12.30448921378274,11.139433523068368,49.07008053689199,49.78440741646193,49.5742050506115,50.05750900286472,50.54965249385483,50.47278762384488,49.83919325739692,49.18711665382321,48.52486093235622,49.54536764879532,47.872974949512695,47.90285164033242,48.328153653699474,48.20733325096435,47.68460499903031,49.95481628997318,50.55653501248483,51.4629241604778,50.930327474464576,52.367009727476386,52.91142318798859,53.98582289334715,54.66645228363979,54.92622118935387,54.969296480732154,54.75987715748366,12.30448921378274,53.1689459734708,52.12730798759993,49.86682179779506,46.79246145413859,41.2852850379744,26.074550232146688,42.61904911837202,47.312663490754915,50.52682401617118,52.194902180178886,53.4966598409663,54.23345832105823,54.87258603234573,54.70672106197196,54.214936942060504,53.39387832879985,52.28656958108935,49.80893785068032,47.86872042749559,45.578078557646045,45.5057076016562,46.691494542790096,49.06685138141586,51.282085767516094,52.77700876288793,52.860363438099384,47.555242309071886,51.282602981021114,53.89669219880501,56.15411318680881,57.849081511223794,59.22191731447224,59.960951276472585,60.43476240804723,60.56018978202339,60.33917685538594,59.73971597621603,58.74561247476832,57.501997278291825,55.2945602113109,51.87015630403886,45.81175677018202,39.98695158311656,48.55167701365153,53.1878516692623,56.094247131211866,58.077169606972056,59.307218963557915,60.14376870207162,60.68962072248985,60.78146755992081,60.47122545480057,14.14973347970818,58.82174342927602,57.59955516693349,55.680103575857416,53.63997221828636,52.96744145717053,54.233130614705786,56.56772608162357,58.642452019724836,60.397015706005504,61.524308429944696,62.304042122921295,62.80358208302378,63.015345697722836,62.9094434000131,62.540734048531796,61.785038551868354,60.704387109381955,58.85990152117618,56.38665933939565,52.7113501320062,46.4069008670665,44.21241863921055,51.41869754096522,55.49714235679461,58.23889414409855,59.93165428511076,11.139433523068368,18.06179973983887,18.325089127062363,22.278867046136735,20.644579892269185,19.294189257142925,21.64352855784437,23.69215857410143,15.68201724066995,13.979400086720377,12.041199826559248,53.68801781143883,56.239818027432364,58.83067209167823,60.506445835330354,61.692996272671124,62.54985293245886,63.0294794175025,63.3410074345558,63.302532170692345,62.74492681325758,62.365856256984664,61.20200343116004,59.11205564991977,56.593313620295206,52.854065173906804,48.5395360401047,48.30800311610966,52.82794256016391,56.91152247170682,59.20095137993711,60.65257702133452,61.76123685166437,62.60804773807271,62.421996720622026,62.74392720575807,61.794072895325336,35.79326203755255,60.36080891650049,58.661407768988276,56.52990484294446,53.837669089341766,50.08723630094409,51.118973563762395,53.93926006585837,56.53352430567462,58.337136846111775,59.6691901076472,60.673952462524795,60.88582916182397,61.12244615498825,60.73681699476283,60.66761864900116,59.76104558513324,57.79164868040388,56.533331343793414,53.74766670285203,49.35129234915682,42.54596409920988,47.30208757588545,51.8413472305636,54.68425614538259,56.33045064643003,57.603893068831134,20.681858617461618,18.325089127062363,12.041199826559248,11.139433523068368
14.14973347970818,14.14973347970818,12.30448921378274,10.0,50.54620714004017,53.15953560804772,54.95827299895595,56.6298813550549,58.02870148479953,58.889502020541684,59.351509175822116,59.46763136085571,59.54930080353201,59.38490204156547,58.59170132376026,57.68499726448898,56.663916049388796,54.76263400246975,51.97649896020499,47.86822379499188,43.6969813894988,46.58526517459542,49.60113872036686,53.26591855325732,55.171668560105616,56.89592967062056,57.956033705243,58.30288343571841,58.46074723964251,58.15750369312116,0.0,56.546096573592706,54.96068504532158,52.59146932435031,50.15347179132089,46.41573253178176,48.09222921689422,51.755842863685224,54.05095240443429,56.242047205677316,57.50792174885983,57.97428206992879,58.323076855628216,58.254709081624554,57.69548646565817,56.451716425371515,54.66363368260964,53.58760744553877,48.46516484483867,42.56356886395526,40.27757204690553,45.70659670021534,50.197848799584634,52.648768264036775,54.545674324846544,56.12051294137976,56.906080211977056,3.0102999566398125,20.0,10.0,12.041199826559248,3.0102999566398125,12.30448921378274,11.139433523068368,11.139433523068368,12.30448921378274,16.989700043360187,14.62397997898956,45.368108659915414,47.10151226909183,49.661276472841784,49.89770080726568,50.49795405458727,49.98825819040286,49.98163399327606,49.911418675786265,49.369608757528866,50.351294308208,48.36355768669989,48.50333724766305,50.6859027252873,50.654191118402565,50.56394064582122,48.72418519080333,49.21816484310169,50.20568434801363,52.07602056616179,52.375940007992476,53.52876833977717,54.05151626901769,53.97592434038117,54.890707124216135,54.681109153372375,53.918169236132485,19.138138523837167,52.198359146628746,51.92327661055026,49.502187666418635,44.09662661244457,41.565794358045736,36.12041744645269,43.27501972540084,48.39729375206388,51.20290889557694,52.85019170655501,54.02161612263009,55.0846507498175,55.58272857848064,55.37337957663708,54.396294918912,53.412069302581614,53.4028742327044,49.58587771150353,47.35958002142925,44.39664210326249,45.32512329290388,47.41884000661316,50.127908412642554,51.52930136422725,51.94042327886423,52.10738429105913,46.534537214915716,50.99338732680026,54.1917066715174,56.249263541972574,58.158758084397604,59.29982631608037,60.094734173356066,60.54770046229045,60.682845875599654,60.73935626473354,59.960407853442554,59.01055444974556,57.96572251921983,56.10540928630545,52.82599457384596,47.46299398545909,41.83013463081929,47.785130117389244,52.47452782675624,55.534035824315666,57.601637900593076,58.95093661723676,59.7235097327669,60.32314487000416,60.372702832095875,59.9537761230588,20.170333392987803,58.16302958800562,57.08074856527354,54.91822361956973,52.57414558762187,52.64009850624052,54.521944499227644,56.77637060327916,58.93278389080013,60.50197569610582,61.7004157794905,62.45275962178464,63.0745367608991,63.378370828529484,63.18224495124326,62.82790859114429,61.98069567571181,61.064387518780535,59.08967300418388,56.9243180675076,53.40436182448372,47.71969433229032,44.733117571189815,51.24533568064719,55.40160480084997,57.89708302675543,59.54162398846681,9.542425094393248,21.613680022349747,12.041199826559248,19.030899869919434,0.0,6.989700043360188,18.692317197309762,21.613680022349747,19.138138523837167,21.958996524092335,21.13943352306837,54.33976134782375,56.62535907156357,58.752910891156105,60.395005728509474,61.77707586909138,62.618424137973534,63.21793063437363,63.37604001995846,63.39197946073782,63.11046550565134,62.211407940485735,61.026093090172836,59.54142127558932,57.26653054857785,53.72884398630008,49.62563469740971,48.73215939932279,53.92334597020173,56.56146134740865,58.93910938497981,60.29015485966531,61.59408664863308,62.40415944347365,62.34276785840923,62.31222043401674,62.088738230462546,39.38369597451806,60.73042010454253,58.77590741634006,55.766419115878634,53.80739312153504,49.81351908829629,50.845405320614844,53.97000918007696,56.75479546926766,58.566110893952796,60.06912943005873,60.729553746081784,61.22488824411141,61.4362831537658,61.1107591518984,60.48645695397969,59.51945785010679,58.45435417790373,55.845810979928245,52.94880482144974,48.22756332951391,44.09070437559028,45.241883381243255,50.83835737807259,53.978183891895824,56.7623438622423,57.62244051953418,14.14973347970818,15.563025007672874,14.62397997898956,14.14973347970818
20.253058652647702,16.901960800285135,16.532125137753436,12.30448921378274,50.121029417880216,52.965884142489735,55.1216389140557,56.631598400179335,58.04260090805549,58.77625857699192,59.34164016756309,59.565645914886346,59.54117511151694,59.37648261091438,58.72190082277805,57.730524962534,56.342353682893254,54.463196547181276,51.32032233899814,48.932178601935654,44.677856343292184,46.604575427483475,49.472866446777985,53.010690804085655,54.98900242276826,56.57366635259089,57.88388998931612,57.94522900355421,58.081218084504,58.12155018111226,6.989700043360188,56.48653670415288,54.097657947826434,51.364542027408675,49.97430073797471,45.6153069340307,48.333065152846984,52.45139902958809,54.5785314457962,56.49149805947965,57.70304750370424,58.27067359321573,58.31077215647797,58.158333357551214,57.69991403649054,56.980100219089316,55.403845403406926,53.781943344938064,49.882244123902,44.69910338077624,38.9768206179642,44.66941725717638,50.36936145797451,52.99657630527395,54.50990779413044,55.93260584708893,56.56797495165782,16.989700043360187,6.989700043360188,10.0,6.020599913279624,9.542425094393248,9.030899869919436,12.041199826559248,6.989700043360188,15.563025007672874,19.294189257142925,21.958996524092335,47.697686056711824,48.60679317734779,50.13721778051063,50.02667047908652,50.539231505485745,50.177176488793826,50.079397125142684,49.42865867523362,48.5079934446789,49.7839053498307,46.95490432339068,46.588219591356236,49.69313384387738,49.51983136728111,49.59785259728594,48.7368091091634,49.41496525245307,50.38286266598544,51.8413472305636,52.412924037827004,53.45981121826305,54.26324165393753,54.43320889529563,55.43263233883414,55.166477338832216,54.00166564948891,15.68201724066995,52.518620008365666,52.77567960098455,50.45925095884943,45.39991419593507,43.103533890449945,34.97620649781288,41.670217957902565,46.59583461983928,50.54099563628785,52.30931486455481,53.62964756290913,54.64552138559085,55.14634071730765,55.11535786344954,53.97053143018109,52.7406774691341,52.948474443079064,48.89861721258188,46.04150423082331,43.830429993057436,45.79326203755255,46.93419141350055,49.320524570943306,51.12326776306351,52.43665461002714,52.986784505601875,47.32023647601529,50.978886778399115,53.93520803382093,56.01187268866983,58.02215965703891,59.12216209198925,59.89244191074345,60.323189216600426,60.37987132829134,60.49049313030583,59.62563469740971,58.601151113857256,57.47493376112545,55.394299171808626,51.896194318415624,45.05068540469512,39.71507781711256,48.4723940770799,52.83703669360279,56.05600222948553,57.97027123124909,59.3640113301506,60.18461654234014,60.72448428875895,60.817936166710126,60.24604692408011,20.253058652647702,58.67251760231099,57.79437749981042,55.844149084702615,53.46151430703153,53.20437103682864,54.43708790742454,56.53417066551502,58.658380403505845,60.19950829648354,61.51875262393539,62.24803603089605,62.849056035755254,63.057203629562075,62.8262596419442,62.543687153653124,61.58858330063032,60.76139970485724,58.700648828197366,56.36377553484719,52.4286926146397,46.32659713293913,44.33689845991698,51.670217957902565,55.74875872503636,58.13614343238299,59.74763077854617,14.14973347970818,12.30448921378274,6.020599913279624,20.374264979406238,22.278867046136735,10.0,18.325089127062363,25.31478917042255,0.0,18.06179973983887,12.30448921378274,54.11552368265304,56.39958378642196,58.77222139511495,60.21285660392419,61.67757315052975,62.49972057682974,63.03258496267789,63.25683930135473,63.19509338876028,62.968785562902276,62.110791397492164,60.99958114265942,59.105913246884924,56.78180463014249,53.174783139230186,49.32412878005291,48.778894253714846,53.661464150771025,56.20003767683899,59.14399225625549,60.934304410111054,61.75419030265962,61.97996897597136,62.66375653447526,63.044304203599815,62.21875153918173,32.28656958108935,61.029856566208885,59.135092097958164,55.88698506598635,53.23726367155352,50.15045239174416,50.58293134312226,53.89238756136076,56.11493888966929,58.406141476488344,59.77004824879561,60.615749841223376,61.03227813596749,61.17120426713828,60.78831498197288,60.60453433742528,59.386657996730754,58.08996450011426,56.00147060328155,53.29804522164069,48.80613542175367,43.67877506637881,45.677789615721835,51.27318651941052,54.337154437331996,56.36929989659333,57.574393042338265,18.129133566428553,16.020599913279625,3.0102999566398125,20.170333392987803
3.0102999566398125,13.979400086720377,15.314789170422552,18.06179973983887,49.52637483145243,52.81099302242188,55.24756910514376,56.9811098945329,58.221288341175814,58.75820903520204,59.28242183157309,59.508757748081464,59.48542061165398,59.262667987001535,58.497878242376856,57.56631544707175,56.42512992319729,54.59832591038708,51.644866930481484,45.84794676832955,40.51846838313736,45.66838013350338,50.95270500615442,53.78733940276685,55.87048357103245,57.33320872930713,57.815112397257366,58.7049578805681,58.58893149073842,57.78369066817676,20.827853703164504,55.810913663543964,54.96001978701398,52.67289089431131,48.250689276246234,49.119987388051925,50.58201986134182,52.56833157745879,55.02495399912551,56.405132376903666,57.33758835587203,57.84055698557089,58.23767572296553,57.982596735241046,57.267606150095816,55.883165349267934,54.118956814184294,51.73052170220431,48.74046725512229,44.468011428470916,45.85235063365776,49.801170463604464,51.956146395977605,54.1929472175346,55.712195383681625,56.50545494047577,56.98045711395586,12.30448921378274,16.901960800285135,9.542425094393248,13.010299956639813,18.325089127062363,9.030899869919436,11.139433523068368,18.573324964312683,6.989700043360188,16.989700043360187,16.989700043360187,47.44175590371075,48.65441562164601,49.33634052557409,49.740324610220554,49.92752284666042,50.359937544740106,50.731499139906575,50.456241416846304,50.85008569975324,48.47010921039175,50.83262473164077,50.63858548853072,48.608887619219416,48.951848898969786,49.95336788822523,50.67323841684554,51.03971251077131,51.67757315052975,52.30073221926916,53.12120208669198,53.27698062574658,53.916759532372964,54.43200381940077,53.92718052074204,53.741487158089186,54.121580320091056,6.020599913279624,51.9279596924916,47.911641250333346,43.723595825243244,40.51576958472539,37.31749883527264,44.70263446965078,48.319465205738545,51.27678077463752,52.95997882285338,54.23090155548708,55.195497462604635,55.02257739424579,55.05706061959786,54.65574672053375,54.717624306259935,53.751146846922246,50.73131564940993,49.971285274358905,47.00997761252569,45.4117970897645,46.164545076014974,49.94449137014036,51.34766608037086,52.38412462977634,52.66537430234307,52.8476901334902,41.86193249920351,46.772418459466536,51.55861125118487,54.615660517740785,56.89026342620063,58.409387395034656,59.565204314314606,60.36483973301731,60.91810409325299,60.93182407055689,60.8436533474289,60.29099566823543,59.206710687206154,57.839785743113424,55.78617437403436,53.17369580338144,48.615403846072496,44.32600544960684,48.96377385505318,53.18585010078826,55.89949601325707,57.826445879309176,59.0504911539341,59.89054501020022,60.18804483937159,60.29328980064673,16.532125137753436,59.23263193500322,57.84430413097188,55.99604728894212,53.76697374964908,51.67346877585636,52.335164439900865,54.86573567001636,57.42206495605057,59.45882494018713,60.94588508550722,62.00908473081601,62.770753572641034,63.211444311077855,63.332013397857274,63.17839657472523,62.67970330299144,61.90769974280489,60.59582349244611,58.796164912293534,56.27228581454776,52.21322935111285,45.77261953585815,46.76153834865158,52.64319514763586,56.3245121809355,58.594745500901496,6.020599913279624,19.49390006644913,21.702617153949575,21.335389083702175,16.020599913279625,19.084850188786497,14.14973347970818,16.020599913279625,21.335389083702175,20.043213737826427,16.127838567197355,52.51224409571832,55.24982575309298,57.82869471085625,59.819204891280734,61.265664582494594,62.357124780719005,63.016646873385234,63.41388619500744,63.50970207638074,63.23985963566756,62.69120500975137,61.76752330927778,60.286302118923786,58.17973031586074,55.418050682738624,50.58380466702336,46.90169489756442,50.72323438293041,55.22873099415374,58.295996356768725,60.1057003434893,61.19800066362132,62.15546888718965,62.45495394394658,62.6621005200517,62.269693493813236,38.23474229170301,60.24034308814214,59.28532060060363,57.411894304800704,54.49300942456012,50.844547299606965,51.0041535096702,53.48158775313901,56.09895216682078,58.124320253532524,59.419986225254604,60.40669575402845,61.01494463750602,61.30428016255302,61.19377316350733,60.443049113506355,59.426731308273204,58.32744517410185,56.260373849465175,53.23963306569016,48.87757916973488,42.31979026831504,47.209609738000964,51.463389274998654,54.25887837391457,56.114790150313915,57.38879610710116,-inf,22.87801729930226,16.989700043360187,16.127838567197355
18.325089127062363,21.072099696478684,15.68201724066995,6.989700043360188,49.51478374474646,52.65596023087592,55.16589574695388,56.94092516690942,58.008407521378025,58.84092676933343,59.31216246251032,59.463667732960204,59.523937937376346,59.52404939577025,58.67123215785567,57.71246378028761,56.92009236142928,54.94679049722528,52.502662641324996,47.395169663954356,41.389339402569234,44.139197420336544,49.84279717426286,53.00617219806582,55.28716210400168,56.82110764851504,57.51613166612507,58.45366599119415,58.57400651189341,57.75660682015097,6.989700043360188,55.88574206654923,55.01389310181147,52.89020073483047,48.401060944567575,48.98209424939754,49.81895586856631,52.0549127174517,54.7973362534305,56.332957134241475,57.48991503619713,58.183743731814765,58.61890899728813,58.44226094638443,57.99221963977864,56.823084703758994,55.46874426543986,53.7935991448763,50.48301936653375,46.808972847448594,44.98379483951146,47.50608664416846,49.88652583173063,52.61729038885407,54.541509586265164,55.77273448787888,56.44345023888914,6.989700043360188,10.0,6.020599913279624,20.043213737826427,0.0,19.030899869919434,13.979400086720377,10.0,0.0,15.314789170422552,14.62397997898956,48.4067056133341,49.22143934043656,49.640945574952,50.16130405079764,50.34788831251184,50.365091285327296,50.4659270380326,50.194694007418846,50.21701877566515,47.745826523630825,50.012013326362506,49.385847644105965,47.065897788534215,47.91859001967789,48.34299872889411,49.46437526262463,49.92416536629091,50.64925727001699,52.105218387116906,53.106933123433606,53.63320472363764,54.2076248922971,54.849088483329865,54.82051360612715,54.756653783259424,55.194709645862915,18.692317197309762,53.9414336242281,51.03119253545714,49.007220671142704,47.343837313689534,38.788089323592054,35.85799009013001,43.31164007951355,47.86105176895488,50.502443806954545,52.31153439494694,53.80502483250201,54.280634860958735,54.749283310187344,54.632956099620024,54.77354263573166,53.944254122203894,51.85944250562401,51.05721319775646,48.3110156450136,45.78925589458768,43.75864714311806,48.10192179172952,50.35369693322102,52.151509233625234,52.29968377012989,52.57392950339522,46.7950965984254,50.73736674621222,54.14625773336897,56.32644534982948,58.03173639173953,59.11492658886473,59.98814496666155,60.46389406800725,60.56103334095511,60.25615906383827,59.855167368749,58.85556834682482,57.1988954345067,54.93243290519643,51.34256816576147,45.835728091437744,38.97242102805365,48.060510236675626,53.35690531952628,56.10236306312879,58.049254957738654,59.33269073453786,60.16953989789171,60.6014914990068,60.70594146352879,60.595774271747295,13.979400086720377,58.95928375709136,57.32356762791281,55.41604202682365,53.70374285629403,53.0836162432773,54.5278585007559,56.78490153533953,58.73555998872391,60.302596005918396,61.465112865107045,62.32382076827467,62.80415593244902,62.95423924107279,62.85053865785078,62.53493082807456,61.75698769072351,60.61929111990353,58.89024786532666,56.45682571500935,52.49584768693505,46.34164788188797,44.4827335520735,51.67163679589478,55.73607189329443,58.23477489627145,59.902367080819076,13.979400086720377,16.127838567197355,15.314789170422552,21.367205671564065,19.49390006644913,-inf,14.62397997898956,23.26335860928751,20.253058652647702,9.030899869919436,11.139433523068368,53.91556092429633,56.54003174669913,58.637206819797676,60.34574717880034,61.62636086078966,62.573775836959406,63.11890483437423,63.355816519687735,63.215911818083484,62.79763873963355,62.14523835214998,60.92395328215818,59.20943639087749,56.84476413583206,53.0762010432797,47.72981450344964,48.54991867500404,53.0701869356292,56.756253037882374,59.158934787768374,60.70710040596283,62.20006828064716,62.18575939458865,63.30771614420964,62.615678386900136,61.83792675707981,37.432745235119334,60.046330079860994,58.61276864189858,56.82096317083711,54.16101048247853,49.91372293095057,51.158267730797505,53.9293952776339,56.26304431356708,58.256941421021935,59.806091421514466,60.6380605843364,61.083654188790454,61.3173283607282,61.021159301376855,60.22696371491371,59.28608850139418,58.09000495184327,55.69031958347789,52.69804710760233,47.858563647484246,42.86389097228518,47.08803182944582,51.595792233850574,54.45107360258192,56.22106213342309,57.33678655677088,19.49390006644913,15.68201724066995,11.139433523068368,14.62397997898956
16.989700043360187,19.912260756924947,14.62397997898956,21.702617153949575,15.051499783199061,16.127838567197355,13.010299956639813,17.634279935629372,12.30448921378274,21.13943352306837,15.68201724066995,13.979400086720377,14.14973347970818,10.0,6.989700043360188,9.030899869919436,9.542425094393248,15.68201724066995,10.0,10.0,6.989700043360188,19.138138523837167,0.0,12.552725051033061,9.542425094393248,3.0102999566398125,6.020599913279624,10.0,3.0102999566398125,14.14973347970818,15.563025007672874,12.30448921378274,18.129133566428553,6.020599913279624,9.542425094393248,11.139433523068368,6.989700043360188,3.0102999566398125,10.0,18.129133566428553,16.020599913279625,13.979400086720377,11.139433523068368,14.14973347970818,14.14973347970818,13.010299956639813,19.49390006644913,16.989700043360187,12.30448921378274,16.020599913279625,13.010299956639813,18.06179973983887,17.634279935629372,13.979400086720377,13.979400086720377,12.041199826559248,12.30448921378274,14.62397997898956,16.901960800285135,3.0102999566398125,10.0,18.129133566428553,6.020599913279624,16.127838567197355,6.989700043360188,16.532125137753436,6.989700043360188,12.552725051033061,34.76686742945645,33.51216345339342,31.13943352306837,28.432327780980096,26.39486489268586,23.05351369446624,25.477747053878225,30.141003215196207,33.71621927176022,32.304489213782745,37.463227650899526,36.6838591669,38.66936817731639,39.636461864848435,38.38219221907626,37.501225267834,36.074550232146684,36.582976503081895,35.98243191653623,32.22456336679247,31.007150865730818,28.992731873176037,20.170333392987803,25.563025007672874,28.94869656745253,31.338581252033343,18.325089127062363,35.56784782307025,34.761067168401915,34.22425676371204,34.720246977002816,35.683190850951114,34.0840957846843,33.473300153169504,31.338581252033343,27.520484478194387,23.69215857410143,18.129133566428553,21.613680022349747,28.773713458697742,30.10723865391773,32.90924559382754,32.387985627139166,34.74216264076255,35.59308010907012,35.70776368794748,34.95544337546448,34.959603948817055,34.51172157512539,34.23245873936808,30.20775488193558,30.881360887005513,26.989700043360187,54.86209378735512,57.880721649655975,60.34716669998244,62.05865861163356,63.49199794429999,64.26666245932178,65.03830026449106,65.27276780322359,65.26216468433054,64.90130617066579,64.1571785855827,62.92172971350118,61.137361778391664,58.42961648863616,54.15203796966695,48.9108006481101,52.21990306544931,57.170127395485224,60.31297351450522,62.25896474680003,63.78452593169078,64.64796604586371,65.07262290107427,65.10820110271717,64.75781853954328,64.02973900583699,30.663259253620375,61.317995292586005,59.06462725009176,56.587152421050845,55.66551796187592,57.80093264998861,60.62544381346464,62.836525936260216,64.70254181525112,66.03520670303017,66.95840871568228,67.54264221240147,67.78082988403176,67.80171082251275,67.4936182631396,67.0017783334582,66.05865064892987,64.8678995137886,62.818588785923936,60.07116782261033,55.40996049321664,48.81093507707397,52.96287760390027,58.40649250358269,61.803555831495665,63.83140788600965,65.09451195640905,65.48429344361689,65.56689935725242,13.979400086720377,20.0,6.989700043360188,14.62397997898956,19.084850188786497,25.118833609788744,21.702617153949575,21.958996524092335,19.86771734266245,14.62397997898956,18.129133566428553,15.314789170422552,15.314789170422552,22.380461031287954,22.380461031287954,18.633228601204557,21.5836249209525,16.020599913279625,18.129133566428553,24.84299839346786,19.294189257142925,15.314789170422552,21.335389083702175,12.041199826559248,21.335389083702175,25.289167002776548,27.3559889969818,16.989700043360187,17.24275869600789,16.532125137753436,30.884904701823963,34.13969971748061,36.3558426631123,39.512403503243405,34.42479769064449,26.283889300503116,31.072099696478684,38.08481056565951,26.522463410033232,30.15778756389041,31.142772965615862,34.807253789884875,29.036325160842374,29.49390006644913,25.31478917042255,19.86771734266245,18.129133566428553,18.129133566428553,20.969100130080562,0.0,19.030899869919434,17.853298350107668,17.853298350107668,3.0102999566398125,15.051499783199061,22.09515014542631,19.54242509439325,16.532125137753436,17.634279935629372,13.979400086720377,11.139433523068368,12.30448921378274,3.0102999566398125,16.127838567197355,15.68201724066995,10.0
10.0,6.989700043360188,17.24275869600789,13.979400086720377,49.34144811792477,52.62944433742302,54.8504675277113,56.52974068913865,57.889612599578086,58.7606650418143,59.138074968082094,59.40066518060683,59.48295573027,59.69971007049761,58.65298859809386,58.0453809117686,57.49437152118403,55.741516953655065,53.62859302958681,48.61803148214179,43.35096674261542,41.84691430817598,47.893550460217,51.74705097514399,54.53789080256651,56.36281231338454,57.33088878652878,58.3698328700234,58.70494032517108,58.07124892949641,9.030899869919436,56.783371575837464,56.52743222271837,54.61506030078289,50.93116871606861,49.95547449475137,48.29696069129696,49.53092520597549,52.712489826348026,54.873773838585734,56.50048034828119,57.298230245974146,58.01190283833529,58.26346961708255,58.03870045318415,57.01520494991304,55.81175677018202,54.98379483951146,51.44468345157147,48.34172646252916,43.47856704851325,43.01485765632598,46.0147329767001,50.464366301366404,52.902127469195285,55.425490829694425,56.2010480964248,14.62397997898956,10.0,9.030899869919436,16.532125137753436,14.14973347970818,13.979400086720377,0.0,16.901960800285135,19.49390006644913,19.138138523837167,18.129133566428553,46.55368972452062,46.62625634982216,47.6769746835235,48.72738827472669,49.44092619042506,49.328895952984304,50.1546454355833,50.26488321094378,50.61335595921314,49.38699809969652,50.716537587111745,50.538234071000325,49.10224071953891,49.48510768837657,49.49282639682136,49.963233786932534,49.35572757733971,49.489213013396984,51.04340273105468,51.56431021705377,52.29855832355997,53.02114376956201,53.10534006424143,54.061073734770275,54.36394845009315,54.7435177778685,18.325089127062363,54.467763049072985,53.23757279628126,51.83508995768143,51.20554190098916,47.0727202854802,42.91280028591798,36.54465333520146,40.19033163930999,45.09605704611556,49.001485607193445,51.489017461447276,53.36477745688549,54.36622151504433,54.932321312290384,55.46430373968909,55.37164012479412,54.649810920100606,54.11491755409027,52.955231185474936,51.24820375234512,47.90179569070148,45.84172858967223,45.91443057786914,46.69595781024313,47.60663691139439,49.4571471405986,52.56356886395526,55.1528555902067,57.340064980105005,58.519636571406394,59.59952930698621,60.06288865309696,60.29294474311634,60.217522760031684,59.80912845392368,58.89436172880561,57.66241028839046,55.68507969741085,52.75000209927349,48.37872404269612,42.576065863923105,46.24952104663122,51.56697525074205,54.86407807098851,57.07857907301229,58.473813793978984,59.36242223569203,59.88755103103581,60.121899389510574,59.83256325358158,59.27084846355485,58.51133547585789,15.563025007672874,55.22707599536542,53.03800623765176,51.95138278510996,53.15285844954545,55.81665266717616,58.05041853907214,59.91331091354083,61.21959158955963,62.14009678706117,62.83549067739639,63.142088293581715,63.23481668824732,63.03554796347245,62.46933642084937,61.74176728610278,60.36118459166855,58.65516151373175,55.893161190451785,52.067314539243135,45.60719418380896,45.97311170063528,52.413895683523215,56.08459707680561,58.321370485645076,59.95584743318334,60.9397400855067,20.969100130080562,25.05149978319906,20.969100130080562,19.138138523837167,19.54242509439325,10.0,23.26335860928751,19.030899869919434,21.5836249209525,16.020599913279625,17.853298350107668,56.67005352297292,58.83525732410484,60.45157837238514,61.55154385424555,62.57337964059914,63.097340450543484,63.32420077760141,63.304158027579156,63.02241072824118,62.42171573950693,61.17425426267091,59.65928054247023,57.745293739650585,54.59648766510523,50.00460108336458,46.622760641615706,52.17812830622584,55.870652155975655,58.51155573921353,60.12371900932913,61.31159750545375,62.16525069708563,62.485269454404964,62.928488331406044,62.17644471896351,61.51788005944237,26.82145076373832,59.409829017357595,58.353620318659765,55.47481796190073,52.747534405541884,51.52181286774241,52.06653202909192,55.178251029308726,57.45056044653046,58.94648857316593,60.00529950093671,60.72189584962555,61.25348842626736,61.33115264690491,60.967223572553124,59.965926570214016,58.890107678713754,57.84635120447656,54.9531672425267,51.76600532532401,46.63154180511586,43.523562011698274,48.17836305939381,52.22916668561346,54.74246867642652,56.596890150979775,57.52562379027067,14.62397997898956,6.989700043360188,17.634279935629372,12.30448921378274
13.979400086720377,19.294189257142925,19.294189257142925,15.68201724066995,49.152151020418415,52.56780264492483,55.27753599188921,56.928689417656045,57.97631032377413,58.76682494937264,59.45516345050676,59.691404301089015,59.77678344873966,59.08796419672312,59.27030392008157,58.4185980977506,56.34140586656403,54.60960953631785,52.01574629809686,49.65601463145936,44.592265797087684,43.3976934376873,49.89823434949518,52.97668610352416,55.243247075733244,56.81082871975279,57.79377846148971,58.16819752883486,58.26129896267296,58.840138370716105,21.13943352306837,57.61185597843191,55.14979176549716,52.97489129017535,51.779518388385604,47.61694849829092,48.48620117434134,51.48170613077387,53.98122374060385,55.283110927193626,56.56146134740865,57.62303363287768,57.84421138354112,57.700688397519244,57.293794531202764,57.233242965575435,56.25873994844792,52.90579920909319,51.79074724447047,47.78274283058043,41.32643850973081,44.72610197596045,50.65691728093271,53.328604294878765,54.94916724189893,55.36401866338781,56.443844223791075,21.13943352306837,15.314789170422552,3.0102999566398125,20.0,10.0,17.853298350107668,17.24275869600789,15.051499783199061,17.16003343634799,9.030899869919436,15.314789170422552,46.580686624834364,47.69561935848059,47.49736315569061,48.67638343527035,49.38849823608949,50.01080049156081,49.969011366734186,49.824521513849895,49.84077033902831,50.778037980760885,49.96248914569132,50.016515178285914,50.21891873919109,49.96459133353554,49.73958686106704,50.77734810861976,51.06462883796121,51.268519264801135,50.29257935819956,51.34572320618351,51.98967578952824,52.921253201738956,53.93599768727326,54.151820932196834,54.44072914794361,54.420483961181574,13.979400086720377,53.43120938495406,52.46503504741605,50.83918082428552,47.974406699866485,44.65382851448418,35.446880223026774,37.74954689080138,44.86586315143263,49.560627264776535,51.69559821610666,53.51316927513166,54.493626747610726,55.26173800351491,55.461995340257346,55.44471130679483,55.090653550461056,54.34334129966962,53.056307759969656,51.34470364581399,49.005855866499616,47.243741892967684,43.16808752053022,45.34952120958077,47.76134343165844,50.2092450553569,51.02889715529244,50.292416955035236,53.49848438752555,55.79200336220855,57.72270351298581,58.99610414994993,59.923767597988025,60.399916045234356,60.52434210797175,60.374241073222166,59.94962614319017,59.099970527093774,57.759641465497396,55.92062337384293,53.15403504634351,49.026772111345444,44.67163965969091,47.83195845785382,52.32571767603436,55.13634376012212,57.237322516980875,58.573481790044035,59.51097473191011,59.87049683317056,60.13029873793684,59.83502249701398,59.01511719442255,17.24275869600789,56.36098561939647,54.348322748563206,52.074539348086915,51.31301006448894,53.29422288669372,56.24823337062955,58.472826213964424,60.15981826382375,61.66403173131853,62.416510572721094,62.99250960992451,63.26523673161866,63.24970400680195,62.991508697499434,62.37944170034645,61.38961693846802,60.02531061404724,57.89685043111082,54.948277852333625,50.0264114900004,44.969296480732154,48.335359534032456,53.57044392986801,56.745424187711194,58.85920127482226,60.21388201749321,11.139433523068368,22.30448921378274,10.0,19.030899869919434,22.671717284030137,20.863598306747484,15.314789170422552,19.030899869919434,17.24275869600789,13.010299956639813,19.138138523837167,54.975336440797584,57.68686928887348,59.860193505099005,61.372148109190015,62.34340087615185,62.92668012525668,63.31494105917368,63.421211363086854,63.25707933617201,62.54289405156348,61.991232908990526,60.697006492813756,58.35544725501089,55.47474409371051,51.32061072897837,47.86481678420501,49.10736432013104,54.607550581253285,57.77067782918435,59.714660429161185,60.734547617366886,61.84453213162855,62.373740587182105,62.3638054460376,62.161606220778225,62.23400660891031,39.62889987391791,60.08111102307231,58.399937407452676,55.599795995202356,52.60035593008731,48.72208734684711,51.591007680319684,54.50687801312678,57.11317845065442,58.81299044952725,60.10310559403009,60.78547075223047,60.883466261680404,60.93773531271522,60.74105561027081,60.49178081251743,59.49739741229749,57.50693489817312,56.11707380044777,53.30157991944845,48.822398480188234,42.34820879807401,47.820998022551386,52.07195273819796,54.84022086862442,56.3355732535696,57.53236710760804,15.314789170422552,11.139433523068368,21.958996524092335,9.542425094393248
15.051499783199061,10.0,21.73186268412274,25.390760987927766,50.163730440614486,53.00606351984254,54.93825964913141,56.53036830255378,57.78467446397221,58.73279321529337,59.2508302070612,59.50045345416575,59.619528384733265,59.45712745581827,58.8815982942803,58.06182688315917,56.870301726037795,55.11975555251679,52.32398862462542,49.211087658131056,44.13802516769351,44.677856343292184,48.618091182670604,52.611795714521286,54.99203041907581,56.556963176956856,57.90303464549651,58.22921554194825,58.45228308819485,58.59470948761033,13.010299956639813,57.20309005794408,55.45535957813933,53.171541237990276,51.63545984760645,46.60258179206216,47.15418322595056,50.8530842069353,53.19074813978499,55.607110591347706,56.95153204661679,57.66769654867842,58.003389675852695,57.98656169028355,57.672998646503856,56.67707850961732,55.337275847592984,54.09165247635058,50.30296054911111,44.86430478854434,37.04579449696299,42.53943462669259,49.43553868726991,52.33861297251501,54.28116968143178,56.03144372620182,56.77420786618377,19.294189257142925,15.68201724066995,6.020599913279624,11.139433523068368,-inf,22.278867046136735,10.0,14.62397997898956,10.0,12.30448921378274,6.989700043360188,44.307521043598584,46.24539913879395,48.757844850107965,49.20957705955449,50.142558492905636,50.00642280662677,49.82858942312075,50.28416700941885,49.759370424831104,51.14664350474794,49.38144308514097,49.234150078518255,51.51875262393539,51.46034962602502,51.3134273235669,48.99075984905743,49.60232873128512,49.93876914941211,51.41700556997391,51.553724802282034,52.7493795424565,53.25228227870849,53.70316900361719,54.47060304089063,54.608632781524584,53.99500661314611,20.5307844348342,52.6561015928074,53.113235905216236,51.43717226561797,47.221483600111625,45.60731359881973,38.34802054048699,33.87389826338729,44.80955027738318,49.079109419719266,51.80426965753027,53.318927241022166,54.67880286662429,55.39226695042995,55.82928815182417,55.0848797082851,54.44389907251705,54.73749657013478,52.17212754520823,50.34066678597561,47.789611777193095,46.21892588317354,45.76675294460542,46.50472659655893,48.56928173136552,50.42358901798373,50.943907610041535,50.15431014101396,53.36995766602156,55.94005601788341,57.58175843517816,59.083911796866026,59.8794676787503,60.33373084841549,60.56051043006123,60.32235865062192,60.23766721957749,59.00806663467806,57.68941335628817,56.20964277706896,53.462610194881734,49.26964626713365,43.58125285276649,47.309840384955244,52.22927065905881,55.14159769043289,57.16212088883665,58.64179300512143,59.54482270308672,59.89695818522918,60.144306464581796,59.87496445820455,58.920957162646474,23.26335860928751,56.007170328544625,54.648247518018096,52.379080106764924,50.986160408242576,53.603907965189606,56.23738113504953,58.52068072540463,60.292445376027395,61.4837125733224,62.42567763435303,62.957697967100145,63.36065087117152,63.297833861204566,62.951889342434924,62.38447577141119,61.1854942144436,60.181052239269796,57.65912823256074,54.85667491138099,49.79839627615944,43.735372311927854,48.631443462526676,53.9232579820656,56.91502315002226,58.6841518324377,60.21583294242262,23.54108439147401,22.30448921378274,11.139433523068368,20.644579892269185,9.542425094393248,22.55272505103306,14.14973347970818,16.127838567197355,24.082399653118497,6.989700043360188,19.138138523837167,55.52862814292621,57.77289044357314,59.74657661153093,61.06017076672675,62.29737629068666,62.883371042866116,63.29871581646755,63.37694814635362,63.120495043538654,62.73885174591585,61.72999685741705,60.38947845202426,58.5846139995176,55.73335840066068,51.480100309043976,48.230305788482504,50.837641210954544,54.90791132580165,57.33188434629917,59.600186476802435,60.964542859303606,61.91617545924362,62.337484893740594,62.60828595226197,62.15724783634804,61.671169812898256,28.836614351536177,60.44131927930992,58.498221932719794,55.143152698517426,53.281450618764254,50.01474096691733,50.87955242737537,54.499795156735104,56.750089409795486,58.75827840032901,60.062092405376575,60.723723359517436,61.06858659791516,61.07186218518939,60.77807428678551,60.233055596936936,59.09451721858973,57.66855839444492,55.441387665501054,52.731819009999946,48.304924332490884,44.46925311242748,47.40717876059285,51.48658171858873,54.147728580933304,56.54773166417917,57.482973623885705,9.542425094393248,16.901960800285135,12.30448921378274,14.14973347970818
11.139433523068368,11.139433523068368,12.552725051033061,23.05351369446624,49.158059718013945,52.59548488201816,54.859399380052295,56.498730113579185,57.68313924098208,58.69222916375228,59.2223380958967,59.462955173405796,59.398989694456645,59.47266049893183,58.680857845717334,57.857696024281736,57.18409505685938,55.3152106710825,52.94821012228581,47.744439689249646,41.24797567960534,42.965116246612986,49.24925077232033,52.450806260854435,55.10358652534485,56.808809854926004,57.52562379027067,58.51855551595237,58.77060201255311,58.15062797550056,21.335389083702175,56.60865478003869,56.13885143495728,54.15849404568726,50.152800995027434,49.54551231316127,48.86265059029757,50.54708787938054,53.67169488534681,55.39995177208393,56.66068477859686,57.540859976779295,58.01766499648365,58.14190307712161,57.82142836505499,56.61821201031853,55.424830829448254,53.895098386083134,50.40206627574711,46.4033234004778,43.44392273685111,45.97618409912955,48.91186088969528,51.87083386136315,54.26636489282416,55.95162105447051,56.68587173930318,14.62397997898956,9.030899869919436,19.294189257142925,20.969100130080562,20.681858617461618,-inf,6.989700043360188,10.0,18.692317197309762,21.613680022349747,6.989700043360188,46.44684718395879,47.1299464355327,48.538502490547806,49.474386236029765,49.948008992946036,50.32235865062192,50.81296889266129,50.836817472743014,51.10003522317248,49.70179449942991,51.54134752965645,51.13903261735068,49.40142791106066,49.489213013396984,49.95604485821234,50.30097544363271,50.47882065489659,50.46018857175321,51.47629955806949,52.27094487223166,52.879024566592044,53.32084820464515,53.782706830963576,54.24915921684193,54.35610280589786,54.86550902714741,16.127838567197355,54.12272340380332,51.79373670927206,50.070475645629884,48.9968920969211,42.565253248481085,33.86320573894046,39.15188705173156,46.33720878999598,48.832979517558,51.61287126077227,53.48557965436457,54.42398233205034,55.00462896795692,55.377800697577946,55.66272464297782,55.28723923260994,54.0009742766629,53.53123434584472,51.67465028843088,49.27498681693201,45.056925074122,45.831193917435684,47.11317845065442,49.06991913612941,49.91199485420423,50.89283236912295,49.65168763033954,53.29774037157664,55.988047277601645,57.83963576339612,58.9798976811495,59.87563487610744,60.46211395017796,60.63811307761081,60.53529030389392,59.87603707717863,59.298075730583754,57.92618584108594,55.870427374597085,52.96774846740312,48.94316062684439,43.286445849439076,47.09693869727792,51.79106353519594,55.26056118161149,57.25252343315149,58.61281646029887,59.4001017707938,59.98951651711827,60.0536972411286,59.712693528318894,59.25831696023757,12.30448921378274,56.63007951029556,54.189257620645996,52.00678168235225,51.30709994038459,53.65027238665234,56.39958378642196,58.618479216105214,60.35971367789592,61.57812339032124,62.40094248786654,63.045529961971226,63.30324875941588,63.292273827715434,62.96957472968502,62.434550193242025,61.48590625175857,60.03568230679656,58.15387121606773,55.10439104504403,50.375260953454635,43.9747071716853,48.49800099205024,53.822638535253745,56.8299297331998,58.79101616509497,60.224943558374015,20.969100130080562,13.010299956639813,17.16003343634799,17.24275869600789,14.14973347970818,21.73186268412274,19.54242509439325,15.314789170422552,15.68201724066995,16.532125137753436,6.989700043360188,55.34854538510753,57.942265547404396,59.68158273819042,61.19442305481178,62.17390495044877,62.949368609160146,63.35548762038541,63.39722070507817,63.11776316677678,62.63334205959146,61.72145338441018,60.40423918394409,58.6403261902558,55.76721335591952,52.0274162702903,46.45520514905874,49.994480954743814,54.69004183920261,57.73614594144405,59.62276973151334,60.927802771504,61.91700508405668,62.145058142352234,62.709795944305995,62.34392241344296,62.08451031207876,29.030899869919438,59.402459627329385,57.42028759720575,55.41510600026287,53.19131053956377,52.01768437552131,51.097135047929505,54.735307622581324,56.98366784863913,58.688353919522534,59.95505325518535,60.77930125195173,61.219079936785604,61.16212449133827,61.013431709827515,60.10951333749685,59.09851163608357,57.83796421033452,55.38293412832853,52.2124987910368,47.06290957258763,43.408405498123315,47.83045572114693,51.821663316532856,54.600027853594106,56.42204261298591,57.47001403861071,16.127838567197355,16.532125137753436,6.989700043360188,16.020599913279625
16.989700043360187,6.020599913279624,13.010299956639813,6.989700043360188,49.834684151640644,52.68346255154899,54.69623225556353,56.44399195891513,57.79615247757321,58.66671239307387,59.16180125116999,59.32250471802527,59.402903140150926,59.4411237698898,58.57047698910408,57.70960939647206,57.21112050985919,55.43045629357551,53.16310095166724,47.77122201921572,41.39438274158168,42.91124546612215,48.92322825710941,52.5518805074294,55.01635655507758,56.85232823497442,57.56971397115964,58.563784140945685,58.832229454470315,58.05846660812848,0.0,56.62616190820862,56.11392948688861,54.35246959569129,49.996524253660795,49.3896979722289,48.411403906121144,50.193821884276915,53.18549556020933,55.37815318583099,56.61593117363283,57.46660660519196,58.13997737935075,58.20523283175604,57.91534864418976,56.430547199482426,55.13816672940482,54.15669331529051,50.110118871782234,45.76341350205793,42.29425847920695,45.71394349314386,48.41265592625782,51.59882874323305,54.07003180991563,56.10715510820391,56.68855371920632,16.127838567197355,13.979400086720377,9.542425094393248,17.24275869600789,10.0,13.010299956639813,9.542425094393248,22.278867046136735,12.552725051033061,15.051499783199061,3.0102999566398125,45.845234476075134,46.72956357504637,48.52339679215697,49.4571471405986,49.751789709408776,50.17383974027655,50.53232148840502,50.78329918823649,51.11534702749835,49.827233876685455,51.2768778753985,50.868508041805995,49.88848687126435,49.827956887436535,50.15711743391662,49.87420452611655,49.75799309679408,49.790929006383266,51.527926893767564,52.15589981396593,52.65923393475489,53.366398186416895,53.65517935201722,54.217700456357754,54.355338172084686,54.708806975254795,19.030899869919434,53.84625770985597,51.859951938647136,50.38620161949702,48.96051982448163,42.38196699379014,35.138831856110926,38.69231719730976,45.97014697073458,48.86005397920503,51.37005776429099,53.355220872781175,54.55444838455284,55.11686881806112,55.47008786298317,55.4743131708915,55.18477089085731,53.9490850040393,53.29871581646755,51.45820818801547,48.87167020894775,45.25770185724525,46.031876916049974,47.712713817327284,49.1277984897752,49.836668734973415,50.76017496217318,49.68940351246718,53.20366494460458,55.825746652583106,57.712713817327284,58.99886133913291,59.891760724906106,60.375045842399125,60.59387695660717,60.47142806204924,59.887845173980935,59.11988633621186,57.800031813227655,55.870416135222754,53.13709074655722,48.793711705019916,43.65487984890899,47.243741892967684,51.82771186796507,55.2108183107699,57.227367262937676,58.55903006488917,59.49023385474657,59.87518347276819,60.00411950023942,59.73096897464241,59.25809543044171,19.49390006644913,56.557423758151295,54.087994375225264,52.04187835867828,50.836781654493706,53.71764023243621,56.326961390760516,58.53931719131435,60.264981273301046,61.4976241081134,62.295978927842455,62.95657028090798,63.26897826599168,63.32827131002834,63.03680856935743,62.3361029148119,61.39208874846166,59.90875839975754,57.9686076209216,55.040030133981205,50.457062407880144,43.874076249281835,48.90063151359825,53.607448412104034,56.78878775824474,58.75617961494381,60.251276040627964,16.020599913279625,18.325089127062363,18.06179973983887,19.294189257142925,18.692317197309762,19.138138523837167,14.62397997898956,19.49390006644913,19.49390006644913,15.68201724066995,6.020599913279624,55.53795673717875,57.951080246115716,59.64769544224985,61.22898740384202,62.161725024559296,62.921231037128685,63.31799880775482,63.43047023662847,63.154432075827415,62.58757211883151,61.65216421140453,60.31142149997588,58.62670929327177,55.893384798282014,52.11382214311767,46.61291977065603,49.7494438995797,54.665147053736874,57.54229806078696,59.47183660987029,61.02930835735232,61.90070762918566,62.02701052896859,62.60157283893169,62.29954310525735,61.84818578169413,37.18833718303862,59.73535160130481,58.256759761869546,56.07553666560133,51.13334914025928,50.794489784357935,51.62412048174036,54.39260042131342,57.11334729558257,58.73962557383579,59.82799303481467,60.62901477337856,61.078951391527085,61.34443597155048,61.07298176756274,60.00487872864444,58.998205024270966,57.87541233030396,55.36740202221566,52.13623993416087,47.44175590371075,43.6655369287421,48.087374805438216,51.5957020080272,54.45196179568459,56.48915942324875,57.475423096956476,20.644579892269185,24.84299839346786,14.14973347970818,6.989700043360188
16.020599913279625,16.989700043360187,19.294189257142925,18.692317197309762,50.62630863107454,53.14585530952335,54.80899062046952,56.76200519859427,57.667912026154724,58.71659318867341,59.288652306395946,59.514545779291915,59.50341970543809,59.0677127243352,58.782057255344995,57.83380396568674,56.271384070076145,54.39057816896928,51.52777414797245,48.71035572425769,44.40672988293759,46.151606643165564,49.579806102361765,53.42827175888033,55.39723292486883,56.739723613818065,57.92338450137348,58.2789760169013,58.4133005758474,58.68115205327217,18.129133566428553,57.1914891131818,54.675503931127224,52.654428514948336,51.283378685803726,46.68199484198662,47.92741785834749,51.795776412578654,53.79648103499988,55.80953471753968,56.92643378636053,57.54235924528945,57.73040778141073,57.60592096579792,57.10155459448221,56.33678482117346,54.78012091775799,52.43439895323497,48.26288656277071,41.14644338902279,36.428600525844914,45.73080570652593,51.190776467635004,53.38269188626322,55.120490294249215,56.466154299385266,57.000500534920995,3.0102999566398125,15.314789170422552,9.030899869919436,6.989700043360188,15.563025007672874,3.0102999566398125,16.989700043360187,20.0,19.294189257142925,9.030899869919436,13.979400086720377,45.272947075596754,47.04253499367706,48.984015335688525,49.81954444469974,50.13115421368239,50.405865185332814,50.23914716633211,50.064018560557656,49.90112323134878,51.47419690124637,49.32412878005291,49.4908247585027,51.784013415337554,51.6867422956708,51.340016962651625,49.73977131010485,50.31529645803423,50.55504472542908,51.810714578226175,51.92868400414724,53.16867379944639,53.514194199941805,53.62371247946647,54.49936365315634,54.44258766019775,53.43321923218732,19.084850188786497,51.360162490876526,51.37116640582768,49.18544052873053,42.47580506233837,39.99391561719091,36.17105230502378,44.65739659203861,48.98417996069354,51.79876241874662,53.25289837207551,54.49109516526999,55.53829646388027,55.798350231815746,55.94211280247649,54.698588190358436,53.845469484089506,53.74179909654637,50.63577276106099,48.53022522729151,45.902844037181616,45.959369062691735,46.32781120688424,48.40011945275069,50.37765035967824,51.57795126077084,52.1177442850884,46.11383384708976,50.63802308875193,53.689726586574324,56.25651932411642,57.96688788717378,59.238266601929766,60.0648529625758,60.474041627259105,60.58420709631874,60.59906325907997,59.84711793055624,59.011165274103874,58.0624782719579,56.33574491286451,53.67747168950207,49.223101632143965,46.35644566843376,48.73489170702741,52.5521942142256,55.406297475490234,57.356835150118116,58.66647624474822,59.35587869849054,60.057144693317994,60.011216358792716,59.45768843709651,14.62397997898956,57.42298480747255,56.096413574423245,53.944464272321596,50.9377178149873,51.7206556808975,54.21960757141764,56.68445558188622,59.03700284592123,60.59946806002981,61.72568197937008,62.55559286029132,63.13972618860607,63.35496413780988,63.29217614830046,62.71705955419055,62.1108875593542,61.123804239552165,59.40094935074623,57.04628321152683,53.581348049987454,48.84965198200732,45.910200617183,50.832875693272825,54.97881562351432,57.39443381769711,59.21682834676277,19.084850188786497,12.041199826559248,12.30448921378274,22.30448921378274,18.129133566428553,18.573324964312683,6.989700043360188,14.62397997898956,11.139433523068368,13.010299956639813,15.563025007672874,54.24940409350854,56.75772844240786,58.85990152117618,60.61680499218702,61.72596218272842,62.5728897478528,63.198588085602736,63.3189879160254,63.24210204092202,62.78045581279335,62.11405970689682,61.06679331324812,59.31712067056756,56.87640418800747,53.42187703432379,49.73645002826976,49.30449789353194,53.55116139076884,56.751915562689554,58.81120918294366,60.48617350451025,61.33052289895873,62.110353299841435,62.34748541951342,62.30806683725938,62.497485229002756,34.0840957846843,60.12280296193045,57.856500980706436,55.25355831983467,53.58886204405869,51.845352838188774,50.850764114720945,54.393405900217864,56.338571266668154,58.3995670158759,59.6138312130417,60.60134402783133,60.77528146736418,60.98518090995742,60.75785210565169,60.345983797887214,59.43922663587017,57.74144553687519,56.03053388685173,53.081566042348044,49.28856533581911,45.59308010907013,47.134737422087426,51.150977082731835,54.12105910853821,56.291689373692996,57.45051357794347,9.542425094393248,15.68201724066995,13.979400086720377,16.989700043360187
10.0,10.0,16.901960800285135,11.139433523068368,50.12942623196626,52.99448459034834,54.94535826284027,56.71938895547448,57.7719184829687,58.697584224377806,59.113840222934854,59.33086722133928,59.355299372186614,59.329808219231985,58.39479304375221,57.62571289493696,57.02162466459328,55.260936247387626,52.82984440133955,47.17071062628415,42.91213400273597,45.087855070459526,49.66845423654917,52.88231334596602,55.20091639386472,56.84423424500241,57.675128059343514,58.45788639287102,58.62332969242736,57.83842145116197,6.989700043360188,56.124723240893665,55.59678051822062,53.552158222085325,49.73834162511882,49.18166688041594,49.09261764589742,51.67639243297012,54.12470627649114,56.12628118338528,57.060867865970515,57.73219445008513,58.30462916775639,58.24906471302113,57.83255225330699,55.90449477873332,54.38947185129884,53.29942694027313,48.47880997445375,43.32135358019922,42.57678574869185,47.037469333154675,49.60646742930689,52.31877187346478,54.45531036391449,56.22956560006514,56.797049208281834,6.989700043360188,18.129133566428553,-inf,19.294189257142925,3.0102999566398125,14.14973347970818,3.0102999566398125,3.0102999566398125,15.314789170422552,17.24275869600789,15.563025007672874,46.5022979009398,47.56826213077907,49.63485604311853,50.10978012174743,50.14491136782282,50.18101058292396,50.534779643172236,50.47609709797364,50.43920017617463,49.591272882291875,50.48694226970416,50.232853906681456,49.78696249254409,50.02235197663352,50.57867612386004,49.14813696384644,49.543631300433226,50.50186349675361,52.2419626966024,52.81453815383721,53.69516418792213,54.0274442758005,54.217700456357754,54.5241210528624,54.60412183357703,54.55058145267178,10.0,53.01016966634088,51.021385870637886,48.90828851665897,45.54222565542425,39.12593997752106,37.77136712504173,43.953788198221545,48.765007328722916,50.775895387916805,52.70417948245735,54.06420945974621,54.76589642567696,55.17248696501119,55.13133663882556,54.714222732182776,54.05675841277169,52.656195831538845,50.97389209648177,48.14207628143024,45.34660575828444,44.57351946110694,48.14194304795979,49.88103913260224,51.35228090226056,51.55933919528447,52.4445030913543,45.80251924899804,50.707912219633116,54.15849404568726,56.46353725560274,58.019830688049446,59.202913740902694,59.998805525927054,60.44113880340055,60.631610333523255,60.461645376821245,59.89022877954316,59.12359180508265,57.709889032411006,55.747174896385296,52.89153994434457,47.62168211738913,42.448459090324356,47.71925378944197,52.64298247190216,55.6136975197351,57.47651807740351,58.85394017074283,59.60042931874461,60.10502212727249,60.139308589589874,59.883493391469685,24.955443375464483,58.086187345763534,56.454075305984816,54.53321398448112,52.299197817616545,52.539676634149615,54.604302361484244,56.902359623843225,59.0152425068556,60.50341468595406,61.51407853182964,62.378766199035965,62.985884908483015,63.19435040326187,63.10396956581059,62.62914564420815,61.95078142331383,60.75592578165001,59.20262153056601,56.86730981598735,53.2794917360996,47.712787354893536,44.82373285458582,51.18152251416694,55.30916524909873,57.599955189657514,59.36345823032933,19.138138523837167,10.0,13.979400086720377,17.634279935629372,15.68201724066995,19.030899869919434,3.0102999566398125,19.294189257142925,12.552725051033061,22.04119982655925,14.14973347970818,54.3620400645052,56.80618302074501,58.65975243996553,60.494180622651896,61.5927385518774,62.5684662045459,63.1011549698372,63.181606227326476,63.18418142209944,62.71774018553322,61.92583620609397,60.724032158472,59.224166203507025,57.00361856892809,53.74278981128696,47.71175771563677,49.310152140290356,53.389701712421214,56.872113731794855,58.93620856956642,60.611304087498866,61.75529497892167,61.98519080326946,62.70976801968039,62.91442114812906,61.583926503871204,33.352572564345316,60.171702875023755,58.03842756300795,56.77261021688403,54.03472277376003,50.90712924207431,51.453735695834226,54.14973347970818,56.72852135719613,58.479105864091856,59.64905169127996,60.38493788903469,61.06907554706566,61.18212131265416,61.02672399126593,59.98554000557461,59.083718731094166,58.08287963876916,55.48744325708902,52.38512781627677,47.8812592986727,45.011277575229805,47.359181165312975,51.30983116032684,54.23999090057728,56.21643572194573,57.34544616605081,13.979400086720377,18.129133566428553,-inf,14.62397997898956
16.127838567197355,15.051499783199061,16.532125137753436,20.0,50.182718165551634,52.898252086752564,54.473766745882656,56.377718292179125,57.51916986585974,58.56855113410769,59.17537017078181,59.31427357124214,59.410505577625386,59.38369597451806,58.73715763680238,57.976421054392446,57.18968118036861,55.51552459864026,53.344155476412325,49.4411237698898,45.028093493890424,44.94877815637538,47.211921088437244,51.703702754459925,54.16683768235396,56.04496052771068,57.46896408727001,58.00805714787615,58.395842511275845,58.28727548418062,19.294189257142925,57.14606345743655,56.02602520420256,54.19641886238553,51.826114955927366,48.42858762445293,47.01092850561181,49.47129707401423,52.050554219740604,54.91760781144307,56.482526440181545,57.26409316259979,57.633201553386826,57.94534052947492,57.8465865204264,56.842563318395,55.54178925409333,54.84955769190677,50.85279872400118,46.71033920344041,38.36640541572774,37.4130920889957,46.507056867259315,50.193074210737294,52.93161384473248,55.1908867059797,56.12445822907261,19.54242509439325,23.05351369446624,19.030899869919434,13.010299956639813,16.127838567197355,12.552725051033061,12.30448921378274,15.68201724066995,13.010299956639813,16.020599913279625,14.62397997898956,44.65159697646179,45.44192110765032,48.35316346446344,48.8307630479262,49.53092520597549,49.56254896432293,49.76166500131975,49.99391561719091,49.911285700679656,50.59733770290173,49.81954444469974,49.682260317537924,51.27376957372236,50.99835965092591,51.05339839805286,48.42172229385616,48.608887619219416,48.38880560211702,51.24390093420965,50.90614232931648,52.19898739044965,52.9965980886702,53.09238274071579,54.20351882127959,54.66203071463981,54.275672477194504,19.294189257142925,53.83362889817886,54.033539131928265,52.891986255761765,50.0394711732304,48.92967880950603,44.71071573613031,36.68199484198662,39.257760538367464,45.56845029859581,49.35935303438998,51.765108742734924,53.30999878172427,54.632418055234325,55.31039290776815,55.0194202356393,54.92262969756454,55.04073767115777,53.36213497137641,51.97459753794603,49.729892268553485,47.616422221988095,46.676023618471014,45.816311272008946,46.93586263959054,48.09815502709934,49.923767597988025,52.58237279505367,55.06609196470138,57.15918146745689,58.47736722371019,59.45934143419976,59.87610857569191,60.00010857226333,59.96778646161468,59.491542525162245,58.87757916973488,57.32220811847505,55.4158922761302,53.22593453994269,49.09924915872508,43.732798932774955,46.64265800147675,51.678989588009195,54.73931985068879,56.78278859231958,58.307387533969106,59.23256974716311,59.80009283405566,59.88191836293389,59.903019959208706,59.29045271765618,58.03339649054908,19.49390006644913,54.62429445671102,53.34554270647249,52.2328302477714,53.1194448508462,55.853761184457454,58.0748361321772,59.70154330431985,61.21528657900919,62.00774189019366,62.62705421629887,62.98862242327172,63.13712238134417,62.92024238046436,62.438515264585526,61.47599659089305,60.212046025106225,58.44467856021609,55.685830315081475,51.92715166387681,45.19276575332284,46.14053105987219,52.26697835947406,56.03724488345613,58.24142111515617,59.6484254205763,60.68618085116303,13.979400086720377,19.030899869919434,18.129133566428553,15.68201724066995,19.294189257142925,11.139433523068368,15.314789170422552,20.644579892269185,11.139433523068368,13.979400086720377,15.051499783199061,56.85049898476035,58.839026428698446,60.30316711000503,61.59634858501129,62.43181962438763,62.98467277790074,63.17555665477366,63.11300475261966,62.744211182324136,62.16061606286214,61.044273575679725,59.520413407932736,57.45401170878292,54.2180951006037,49.342206159204196,48.16936939827785,52.2485406806744,56.11308991008312,58.16297655161125,60.078783026983665,61.34477056180216,61.99202361305708,62.34341606744395,62.27342853683722,62.05514540859645,61.7328914612698,32.003031829815846,58.98094118959344,58.01206757756547,55.419410053018616,52.95245933165397,49.82497369197713,52.46478884454298,55.2975107994238,57.53779863821171,58.909461025504086,60.03901926620997,60.70135802830429,60.93658731235987,61.114389519648554,60.67600840706419,59.87159292239116,58.804946115868304,57.545745992366335,54.96687537496855,51.75468323754595,47.94655318897174,45.64808044686603,47.30273417217853,51.72678809369417,54.427086148770144,56.52165084545957,57.54128074212559,22.87801729930226,19.294189257142925,23.521825181113627,3.0102999566398125
17.853298350107668,16.127838567197355,16.989700043360187,19.294189257142925,50.37143516700806,53.14865371404313,54.73597901712977,56.361116123021844,57.564854861445056,58.60994642395348,59.26355310608177,59.44723934671107,59.51549756288621,59.29418925714293,58.8009584216626,58.01571769357204,56.961509896598095,55.25296236121088,52.94069227470891,49.923811796265255,45.47577813405802,44.675341138495924,47.62303363287768,52.07246479369813,54.19625360887743,56.22862389213387,57.6341002238497,58.09123854861604,58.49112166184577,58.717322643718255,23.117538610557542,57.62562286254895,56.06220087217348,54.30108933072038,52.82948221008199,48.73308973962765,46.974734557764094,49.51827887741115,51.84362036914578,54.58819081946031,56.02099076072547,56.95342434770579,57.328350682524444,57.59771307745427,57.40002470539657,56.64914499123155,55.380355589473055,54.13784092779249,50.632770509176275,46.147496151590744,35.549734583332395,38.30716949436898,47.50114805923981,51.021385870637886,53.27420242220971,55.38915405212698,56.33195673394554,16.989700043360187,3.0102999566398125,12.30448921378274,14.62397997898956,14.14973347970818,3.0102999566398125,13.010299956639813,12.30448921378274,20.0,11.139433523068368,19.54242509439325,42.81601443825656,44.114345021650045,47.21711713367832,48.05752254800673,49.01834147683622,49.65733068959704,49.76060964670421,50.15636341407636,50.26929382641231,51.280954148182715,49.993480692067216,50.253918962159474,52.3379792564627,52.11547681181248,52.11440935578669,49.29132707997081,49.323570577230186,49.08490380505824,51.1366598342967,50.505344195401236,51.668709934467614,52.3395253612081,52.729966395645576,53.80712200886524,54.127913924158086,53.87916356076386,16.020599913279625,53.10315131019148,53.46949230796109,52.39809819356286,49.035457569605605,47.98249998378468,43.747116951402646,31.900514177592058,38.93706293064713,47.10125830808679,50.28380088522716,52.11561022536963,53.83958910679112,55.034801672424635,55.74838883135581,55.36084752851525,55.21164245234233,55.58153951210039,53.827246721182014,52.277479137877876,50.432286283872386,48.62399747637491,47.31830420288162,45.56423121371285,45.92321127981747,47.83346067476675,49.08238312447135,52.66629108343623,55.162047347615164,57.013443046584904,58.46549876672913,59.45021750926438,59.97093114779217,60.14819905540903,59.99428526930349,59.54551231316127,59.07145220124734,57.40941100248334,55.60396873673903,53.75614238728929,50.421224759982756,46.44881521155292,47.91339703965139,51.99088418471761,54.73402292633725,56.751915562689554,58.2359419786108,59.11512359671228,59.679343638133,59.57860033220989,59.69136233596713,58.948530591867524,57.63634608677386,13.010299956639813,53.69648080780284,52.01877586936179,50.936737829691225,52.72240880967236,55.669851709617866,58.123872076602595,59.852593710525724,61.27258070785065,62.179495740467566,62.75656349113254,63.12375622058282,63.37199005988043,63.19799751289754,62.64611247979425,61.657205124368446,60.43551282721096,58.904992630100985,56.12243300485089,52.62189959913005,46.81385978080777,46.79100689670424,52.093246338807646,55.595571346196934,58.031360561125936,59.409595181580585,60.52255194504678,18.129133566428553,16.989700043360187,18.573324964312683,12.30448921378274,18.633228601204557,14.14973347970818,22.944662261615928,24.14973347970818,15.314789170422552,21.613680022349747,25.2244423350632,56.8153880808341,58.940866680359946,60.520171618156596,61.7230220660811,62.633133637764466,63.095954650588254,63.35012545649563,63.24285748513505,62.92610452838321,62.286518276063106,61.22784513558008,59.64015300306511,57.44725497137482,54.389724748756755,49.3724700036772,48.82137313939908,52.47985534394233,55.98100776672218,58.15131271361266,59.930714463393386,61.06014014629746,61.93447971643825,62.49830621172237,62.40334543923451,61.6650263822234,61.75343049343436,26.884198220027105,59.19051405991632,56.947148554123494,54.87604955956124,53.60869729282116,50.47683651803772,52.4219594232903,55.6213220527779,57.7202229247268,59.29088225096624,60.15806396238318,60.74076266709575,61.03298003600123,61.05287019296563,60.74533033190791,59.96638614688433,58.91268100430899,57.431843139171164,55.1636215038279,52.221179287582224,48.349545004839754,45.477747053878225,47.82357943816557,51.844472489466966,54.493256364310305,56.66166846336666,57.52977535298367,23.69215857410143,0.0,19.54242509439325,18.129133566428553
10.0,18.325089127062363,14.14973347970818,0.0,49.66845423654917,52.91604140563197,55.209418219780616,56.78314385721484,58.17391484755948,58.72377735605684,59.23182860686043,59.50092604693253,59.536828742362395,59.42020461258822,58.75307293896051,57.747227506537826,56.82254313429436,54.97620649781288,52.29571783218722,47.33678655677088,41.44543074272788,43.891660843645326,50.099817533173066,53.18741390497692,55.51002053346955,57.052177748121125,57.71500760296569,58.568382052766815,58.676442339030984,57.97727220175794,16.901960800285135,56.18157964550121,55.622988136552046,53.573725670603274,49.07948521612273,49.14644572419394,50.175216459698916,51.67966813395621,54.48831489954513,56.011350455574,57.14075648298022,57.83796421033452,58.28332441370823,58.070754610848645,57.55951041004132,56.58448334746491,54.9531672425267,52.929866665841004,49.81569461720615,45.41604202682365,43.81115080709851,47.57342877614593,50.06590108663989,53.040271193465315,54.953292183202144,56.048101211434556,56.70788382166418,16.989700043360187,12.041199826559248,6.989700043360188,16.989700043360187,12.041199826559248,18.692317197309762,9.542425094393248,18.129133566428553,-inf,6.989700043360188,15.051499783199061,47.74056880895087,48.11588409814419,49.17111472493697,49.739494633610406,50.088768399047,50.34263383578192,50.65822373848283,50.62329982728993,50.74011446008945,49.06986533454223,50.9181111240336,50.65721593445246,47.894961011016704,48.28015064223977,48.7692184317458,50.38353861380002,50.24690862355431,51.13093977659567,51.81080044592311,52.76077892851571,53.40509551544339,53.89940033878208,54.603143843646755,54.522113144477935,54.44133832781402,54.85586575561544,11.139433523068368,53.49479568276951,50.72323438293041,47.934551084400674,46.21861469109227,35.01059262217752,37.16837723299525,44.29687696095396,48.716488137054355,51.05373914143847,52.944706352202466,54.1742020591072,54.616185639540156,55.082131409691726,54.88903085267769,55.18621842070946,54.371414896436185,52.41172786770047,51.59867847092567,49.1623279687939,46.59202877464531,43.71529632099295,47.53253574809567,49.74442605405437,51.392807327185245,51.28915978453837,52.60893859219963,45.99457298487362,50.59820813491362,54.22519257159529,56.41493940849615,58.089620645204356,59.21561630384456,60.15058243692523,60.543391405453235,60.726575238514826,60.45786761022352,60.01097377441363,59.14261157119569,57.5873632325652,55.47954291465663,52.18412078727354,47.93077613011506,41.591459278540476,47.48598861330268,52.587952663109746,55.690846738694674,57.6054310402721,58.8807273312369,59.76486161937821,60.18904286378933,60.264401038811826,60.04600780332984,18.129133566428553,58.208297790631875,56.39235402457976,54.20826766036057,52.411304145097176,51.854004831904525,54.04207470907794,56.781394580097,58.84802158594372,60.49959567475483,61.69533662222875,62.526785502745845,62.98577353762511,63.17011612744734,63.03435609540385,62.759847374551036,61.989043994567325,60.80564801182054,59.190430334546555,56.81389595980419,53.304543597219975,47.73091310242317,43.718986947787414,50.90109852438812,55.158804640039314,57.885218872224726,59.58604491918468,12.30448921378274,14.62397997898956,15.314789170422552,21.958996524092335,13.979400086720377,19.49390006644913,12.30448921378274,20.969100130080562,13.010299956639813,6.020599913279624,11.139433523068368,53.77251596478043,56.51022985006325,58.79637692356156,60.46062605517715,61.8059032755593,62.623224435697615,63.15375983529634,63.44876998003119,63.22310693763693,62.89339183700867,62.22738315350596,61.024131225167125,59.2033207153959,56.90950564887889,53.29422288669372,47.30733838636553,47.72651703812302,53.346145711793945,56.69990583660649,58.947080802097716,60.447564615978195,62.05661432185997,62.48629364889929,62.22334019631703,62.44940058160555,61.66063458382982,30.10723865391773,60.0173587562474,58.61526047473494,57.18768162603469,54.05356606877052,50.371554773862506,51.970847367897775,54.1390299750444,56.68300167683736,58.39971768744736,59.700217311602515,60.592550994978616,60.99139680203858,61.06901103609402,60.84486550217315,60.18576099577508,59.189362694572225,58.10594055442738,55.84400208376488,52.751108646643246,48.287758647401695,43.47544669645012,48.04064429951899,52.07270732523273,54.66941725717638,56.31137219415112,57.39459207472756,21.13943352306837,20.374264979406238,24.62397997898956,0.0
13.010299956639813,0.0,10.0,6.989700043360188,18.692317197309762,6.020599913279624,9.030899869919436,10.0,12.30448921378274,18.633228601204557,3.0102999566398125,16.020599913279625,10.0,15.563025007672874,13.010299956639813,17.16003343634799,11.139433523068368,17.24275869600789,13.010299956639813,9.030899869919436,6.989700043360188,19.86771734266245,15.563025007672874,13.010299956639813,10.0,16.532125137753436,20.043213737826427,10.0,14.14973347970818,13.010299956639813,13.010299956639813,12.552725051033061,13.979400086720377,18.573324964312683,14.14973347970818,18.325089127062363,15.314789170422552,13.979400086720377,9.542425094393248,10.0,3.0102999566398125,15.314789170422552,3.0102999566398125,16.989700043360187,12.30448921378274,23.443922736851107,18.06179973983887,12.30448921378274,18.692317197309762,18.325089127062363,3.0102999566398125,15.68201724066995,17.24275869600789,14.62397997898956,13.010299956639813,0.0,9.542425094393248,12.30448921378274,6.989700043360188,12.30448921378274,13.979400086720377,12.30448921378274,9.542425094393248,6.989700043360188,18.129133566428553,16.127838567197355,12.552725051033061,6.989700043360188,37.63427993562937,34.73778834646725,33.287872003545345,27.267272090265724,27.98650645445269,27.032913781186615,20.969100130080562,25.118833609788744,32.11921084308509,31.335389083702175,37.25421550074259,36.506959797606115,39.52937667750981,38.432327780980096,39.37417581477138,38.360708089151416,38.46646328577117,38.795546009389746,37.76773802412107,36.22628426129325,36.57533887557986,31.007150865730818,27.60422483423212,26.830470382388498,26.78518379040114,30.043213737826427,15.68201724066995,34.8572142648158,35.05828033854836,34.84299839346786,36.02602520420256,36.848453616444125,36.422666189026735,34.84299839346786,34.94293768665332,30.884904701823963,30.0,27.958800173440753,25.899496013257078,27.032913781186615,30.61829307294699,33.35457900689384,33.53531559077762,33.59835482339888,35.57867961568022,36.90550461510359,36.567687792660166,37.4350976472843,34.61798557525109,37.33197265106569,31.156105116742996,32.70678836144707,27.87460474518415,57.5593351956126,59.82582818008157,61.55938468773968,62.96358004741391,63.96632553368114,64.5352702650855,64.97260498672804,64.94289594074792,64.60883566405714,63.911124960555874,62.75475825389394,61.067323224428364,58.49503561717796,54.64265934034075,49.93109835880613,52.27786471244323,56.9746996941352,60.096480258465334,62.17142955017869,63.394842357613626,64.47505483008742,64.90494060002503,64.9621454842264,64.63583201187626,63.968840853305224,62.81793058825468,29.143431571194405,58.9415483417113,55.92022338813483,54.3391697324092,56.569190381133154,59.87091293226575,62.447747276398516,64.22345870506696,65.77069938729012,66.79201150247464,67.4429493939972,67.8165263929484,67.89585576799396,67.68499356403699,67.20306855738622,66.3896990961692,65.1922428553566,63.55047114272434,61.08382676480677,57.387884834938475,50.98037713285091,50.24177693818938,56.642225190782455,60.44257455638176,62.96368759904695,64.58715486386167,65.56850933670088,65.79842565232363,65.63357661775694,14.14973347970818,23.891660843645326,13.010299956639813,16.989700043360187,20.170333392987803,17.16003343634799,20.170333392987803,22.30448921378274,20.969100130080562,13.979400086720377,14.62397997898956,20.5307844348342,14.62397997898956,10.0,23.59835482339888,20.644579892269185,20.374264979406238,17.16003343634799,12.041199826559248,20.374264979406238,13.010299956639813,18.06179973983887,13.979400086720377,12.552725051033061,23.05351369446624,6.989700043360188,26.45422269349092,28.43855422623161,21.84691430817599,17.16003343634799,23.873898263387293,26.444385894678387,29.91226075692495,32.56477206241677,34.1929472175346,36.363875858131564,35.71126277084311,38.559429462323166,29.845273133437928,34.96514518697745,30.852905782300653,29.547247909790627,26.45422269349092,25.118833609788744,10.0,24.29752280002408,14.14973347970818,16.020599913279625,23.010299956639813,20.969100130080562,16.020599913279625,17.853298350107668,18.573324964312683,3.0102999566398125,12.552725051033061,0.0,14.14973347970818,6.989700043360188,19.294189257142925,22.278867046136735,17.634279935629372,19.138138523837167,20.0,19.084850188786497,10.0,0.0
10.0,16.020599913279625,18.129133566428553,17.16003343634799,50.17575868391074,53.04035745414389,55.235279643304054,56.757499375196375,57.955533050344535,58.821629497291916,59.439868987576396,59.58512758640248,59.634931624514785,59.19689859537591,59.00072582600016,58.077108749640885,56.33586608004655,54.49677373096169,51.586820634832726,49.397238719219715,44.87703863163726,46.09743772302985,49.947217776187514,53.29117073664632,55.19400048858565,56.547779745760785,57.916885441952346,58.074220426900894,58.09679549911128,58.46114339884909,9.030899869919436,56.873371872293575,54.12777961994979,51.50378761755404,50.681338917757024,46.125295611243544,48.95654549812875,52.658668867146694,54.673194665056144,56.42568382356145,57.560706250187685,58.2303384263748,58.308156998012265,58.14387453334589,57.75855738723554,57.08347803327091,55.578691635992456,53.38568041163269,50.4225252611565,45.04294118294733,36.591552809406295,44.26852707035369,50.56100280774327,53.13835595833156,54.59791915265038,55.73896905185506,56.524059076538165,22.671717284030137,19.912260756924947,10.0,13.979400086720377,15.563025007672874,13.979400086720377,14.62397997898956,13.979400086720377,3.0102999566398125,6.989700043360188,14.14973347970818,47.52048447819439,49.05482859763666,49.77942982873191,50.02567760370547,50.343275944851946,50.473527607539346,49.940178395735515,49.40362063801737,48.60338006570994,50.16920575131535,47.365080498353066,47.49689947134912,49.92182242834663,49.83662364087664,49.6115521498054,48.88449088556481,49.702073588068544,50.825304615696666,51.71214357009491,52.44029589030021,53.521400516858506,54.34959912331027,54.57423148508876,55.286107875718,55.30539058316195,54.354780541713254,15.314789170422552,52.710605680353375,52.88647109256527,50.96138020275553,45.46110621749425,42.92477593667784,31.821292140529984,41.342089929320835,46.43383578685687,50.56981036668113,52.315333026704934,53.54379308296332,54.56926002959779,55.12285398338154,55.11327107964113,53.91748206271189,52.91637426040345,52.750532355069524,48.96311221581429,46.658623002031554,44.09070437559028,45.93385766043638,46.57715402868895,49.5580797024006,50.72889284800773,52.632216936676485,52.81099302242188,47.14664992862537,51.05666843148338,53.620675857273994,56.02269487878501,57.85507076422142,59.13314656568809,59.88489392848517,60.34601588083868,60.35514987627753,60.35251180433363,59.555241977891185,58.576900389742555,57.50546962808558,55.183625684543074,51.774932126083414,44.6354959645607,38.788089323592054,48.309798065799896,53.10863174272544,56.09801370050487,57.92680889349681,59.34265081518134,60.05932152429095,60.63802308875193,60.652995548551246,60.19817660047774,16.127838567197355,58.48093623309517,57.46101511407113,55.61846442129789,53.039667320737216,52.84586375142947,54.35111433126493,56.38705850986991,58.54433578095548,60.20858695847285,61.39707852504979,62.202362644824944,62.73429564696245,62.971152633176686,62.836812962160124,62.36205872184819,61.63336131409844,60.56075471743907,58.664722441688795,56.24746058172765,52.13172309046819,45.313383872700086,44.28539730637989,51.62041385148267,55.62584279398196,58.14466685988407,59.784334392195404,17.853298350107668,22.55272505103306,10.0,20.644579892269185,12.552725051033061,14.62397997898956,24.345689040341988,16.127838567197355,22.576785748691847,10.0,12.041199826559248,54.07820736717743,56.40268709778671,58.771650934206605,60.40622116279551,61.65627096481457,62.40664296120991,63.0604954906459,63.180351466657484,63.12737852482435,62.59582651105694,61.971950695284406,60.70863534401318,58.90740613460871,56.16157159681621,52.253428865463164,48.35830030538184,48.885445298732684,53.21130125835665,57.132695595145506,59.35173607585689,60.54852348453461,61.48873079303105,62.51727016684141,62.488040102897,62.28255056220941,62.00428305295049,29.661417327390325,60.176317521099314,58.36079043709101,54.95982573414369,53.96017917131346,48.91832833551477,49.11610317870853,54.26348573787508,56.69135499174489,58.33593293998456,59.806254903346456,60.489853025707106,60.87582675520367,60.94088375587934,60.69083218343294,60.323285971238704,59.406783191185724,57.680287738959215,55.922678275078155,53.08173692939687,49.10026438356236,44.45121385567502,46.812593326020185,51.60243371959807,54.51302764308192,56.32442106797499,57.52098408027665,17.24275869600789,19.54242509439325,11.139433523068368,12.30448921378274
10.0,14.62397997898956,19.030899869919434,16.989700043360187,50.21788625343413,52.98505938601893,54.83622951866653,56.47199040715562,57.689494682696846,58.745195051714276,59.18672387004045,59.41825859296891,59.357958598677456,59.48485342161054,58.65762323228498,57.80709656410336,57.27560775443063,55.60075285179853,53.245972561336,48.65198762546105,44.42228840568718,44.66363368260964,48.094923769373416,52.31553688613354,54.62784198463928,56.37705822305149,57.41387992479269,58.21010818458955,58.45849959013214,57.915390755484246,13.010299956639813,56.18903285215445,55.37639045840457,53.37149653740628,49.84171631318631,47.56613290072936,47.9171871237717,51.05840463579799,53.73656657697567,56.22580789882732,57.314227507825734,58.103575445379995,58.51680204600478,58.58540205138739,58.389699210870376,57.04661756349148,55.80498450979016,55.15239151325449,50.85233477420476,46.3862900740397,40.899404184986345,42.009872191631665,46.6698571832966,50.79947822688826,53.1626397191069,55.4117970897645,56.23600719895257,15.563025007672874,13.979400086720377,12.552725051033061,13.010299956639813,11.139433523068368,6.020599913279624,22.09515014542631,3.0102999566398125,11.139433523068368,18.692317197309762,13.010299956639813,47.074339054718095,48.0544648298844,50.360297306565435,50.71885687752241,50.96353759993295,50.67000142532493,50.68846081174687,50.51110056021869,50.26435200135878,49.45355318967407,49.44842789817221,48.93484346218486,49.16190659980537,49.11056350370062,49.356332030394285,46.80054355014471,47.535677395933796,48.42240931549416,51.56361340450087,51.944061016552055,53.39779274472026,54.06965750758948,54.20711390622243,55.170612325838874,55.31541502031425,55.03420217572709,15.563025007672874,54.14246131380902,53.70300238702363,52.35174807456458,49.54613913640245,47.20870137080886,42.13623993416087,35.3567380342575,43.14793850397915,47.464551517643216,50.024684501283325,52.32083387525815,53.54081535116087,54.378900218661464,54.72447800488964,54.400932273037384,53.87578454283501,53.51952763822776,51.47323799916958,49.23710194396563,45.52729037410788,42.61048643344225,45.32512329290388,47.781005797382434,50.160718167340235,50.8570789988147,51.737455359449285,49.737280586880274,53.01203678722446,55.598599627916926,57.436226352682624,58.64570406853431,59.4704140525522,59.87999007167386,60.128279484132875,59.82152238146565,59.44574456511519,58.38550016944382,56.85337701621223,54.89972534035017,51.549532037112876,44.972200027144865,35.49616239519085,48.08683509128969,53.14206512127193,56.06323311968296,57.9109668385659,59.27081250524231,60.133327965206185,60.592547205936775,60.85168516121265,60.6075599415576,59.909867046145806,11.139433523068368,57.61086235385528,56.19941255733454,54.348897163621146,52.51131856726664,53.98387969469327,56.07843034036762,57.978828747112445,59.771220338485975,60.944830078133585,61.822162926446744,62.43172286974936,62.786187201442914,62.77014086845107,62.46159679207526,61.71347560236918,60.7344926096577,59.199609575001084,56.89871567429375,53.68026416113676,47.64153706967196,41.1304041808782,50.13650238333045,54.73224124130912,57.662135018462024,59.39340506156167,60.63093060446104,17.634279935629372,15.051499783199061,16.901960800285135,6.989700043360188,9.030899869919436,15.68201724066995,23.26335860928751,14.14973347970818,16.989700043360187,19.138138523837167,18.129133566428553,55.34952120958077,57.74596518271484,59.369648928415174,60.955671852263926,61.92500547877933,62.67416742215944,63.02092932459832,63.04225906683395,62.8297991290842,62.44704770668838,61.31413978101344,59.84365266521277,58.17142106341137,55.13277544555564,50.57278031827711,47.14773887933455,51.20106484151874,55.33803822471907,57.48541522894806,59.81367322412888,61.14540597472046,61.81627815711483,62.40274857231236,62.68279525899259,62.21924397126397,62.113333628445204,34.720246977002816,59.44975908412048,58.222112450477795,55.554765563557716,53.657761709354766,49.81990660575392,51.89125206925528,54.59430185296853,57.02648490681669,58.5727699970177,59.90148753844018,60.67517573667325,61.09444222167947,61.16621024961993,60.90385041685681,59.940530635876755,58.918345049187614,57.804735724209955,55.023629270623566,51.85068790786809,47.349757512020105,44.633703272924066,47.24447914464339,51.551082008863105,54.55984719223953,56.53013657893141,57.60943926822804,25.76341350205793,14.14973347970818,18.325089127062363,0.0
17.16003343634799,22.380461031287954,16.020599913279625,9.030899869919436,50.32924834609421,53.247144765606684,54.72522422916882,56.58135463071869,57.5966255759419,58.61747622791395,59.099420160580884,59.38996786719166,59.54312955941439,59.13631622325745,58.87825396791092,58.01108591399809,56.63867639858218,55.08536452166873,52.61331874487941,49.27780849347374,45.334288581265234,45.313383872700086,48.531930659832845,52.624558360922734,54.692165261845105,56.394835009935214,57.65860704314531,58.04226691533596,58.30589951680242,58.65299452032231,18.325089127062363,57.223508808856565,55.368108659915414,53.46172959254214,51.86427970834554,47.14882755706847,47.4555100455966,50.97691040361552,53.030772043602255,55.39339607970621,56.62616190820862,57.50644138872595,57.61095269275672,57.70659112615192,57.464668310042136,56.54971218464907,55.21247951542065,53.78428791088845,50.155776863679776,44.78537637858898,32.25825991461893,41.71316824656572,48.95035597452322,52.08293520657507,54.16217654811887,55.703210661416776,56.61263556821814,9.542425094393248,18.325089127062363,6.989700043360188,19.294189257142925,12.041199826559248,6.989700043360188,10.0,13.010299956639813,20.253058652647702,17.634279935629372,15.68201724066995,44.36099009487429,46.137678481464164,48.53119984217567,49.263475922643885,49.86305849147941,50.173339006808504,50.31832451831845,50.13385017749685,49.90875839975754,51.126083525593145,49.30159149818686,49.26681928075623,51.71492427252901,51.39416221796662,51.20080134129453,48.80659276038634,49.40242474237714,49.71285128435586,51.26975138867829,51.212872988071965,52.381590552118816,53.21577719695799,53.541718491990046,54.36113328749961,54.62712373194735,53.87396945862044,16.020599913279625,52.76776496184997,52.9399419806371,51.50661283648902,47.008161692836126,45.98308905897095,38.59258417467307,33.59835482339888,44.139197420336544,49.24795995797912,51.545487349665216,53.13835595833156,54.503430412929205,55.34925509737755,55.75587304488374,54.73755492696951,54.424248908433086,54.56745495347945,52.16485235507987,50.19751682409738,47.757487595112494,46.37819827944968,46.031985206760965,46.341950382078636,48.174463684679544,50.31497334028998,51.39841320021639,50.04961593516821,53.50100643418144,55.71043490917285,57.646975706052146,58.841573262830295,59.830093584356945,60.24604692408011,60.34625649542035,60.201565192368335,60.00049506749106,58.84443029191915,57.627783124891884,56.21280167550415,53.56203747569683,49.45950866671558,43.71751107340287,47.199938263676046,51.80530148777532,54.96420367515006,57.047851870884394,58.42042290126889,59.366288353710246,59.619571049742994,60.002435708891,59.64912231764746,58.82066665267313,3.0102999566398125,55.96171388405444,54.39397438363092,52.40314566027667,51.21221599641081,53.76074856070328,56.23259630619611,58.46209650887039,60.21726664413777,61.3975979639027,62.227749799358094,62.81190230639298,63.21411997974006,63.18378293023366,62.95502445743701,62.060085799061454,61.15139687666537,59.93010104282242,57.66032673090333,54.59513108363229,49.95744851076331,44.30413711892598,48.933511236457285,53.771623125197216,56.79431530860359,58.64257075046315,60.004063095118596,21.335389083702175,21.64352855784437,12.552725051033061,14.14973347970818,18.129133566428553,15.68201724066995,18.129133566428553,11.139433523068368,10.0,9.030899869919436,6.020599913279624,55.77910955927736,57.959078113015195,59.65578428027704,61.211105454538895,62.14406420397231,62.8806401830511,63.19907878211445,63.2278227166715,63.02174372598237,62.43177993043783,61.65712209609985,60.33948612830056,58.33530218927311,55.61506853991404,51.32275703044142,48.249909561738704,50.98505283201315,54.636854929202386,57.74059072930616,59.56827538838431,60.762478358757264,61.79037341663989,62.24994045337016,62.16874188042069,62.21731300508615,61.87460084581815,36.88864568054792,59.57557486381151,58.23088017955962,55.482235314197,54.046319108863756,50.18534070428183,51.92238402211176,55.000785957358275,57.07251576643791,58.91160422337328,59.80346124294301,60.676837201626945,60.91338387143986,61.03240140467292,60.70209332873327,60.09214986886653,59.082989294045134,57.56264783686702,55.631130844720374,52.51085572906525,48.69331478626574,45.162047347615164,47.38566528545448,51.519242407877215,54.46880304301219,56.5086096867155,57.55488390258741,15.68201724066995,23.59835482339888,22.50420002308894,9.542425094393248
18.325089127062363,0.0,17.24275869600789,16.989700043360187,50.330576679204896,52.94194982991718,54.78237403689893,56.34957650481574,57.70999941006221,58.55570638015088,58.99541457906008,59.28294436752065,59.21156156526047,59.44233868600896,58.41861059901304,57.66293846020573,57.2138187779194,55.5306340238275,53.22748397952523,48.620180184321114,44.51371893184245,44.84071952954621,48.56813445749757,52.245019849659485,54.64037729691097,56.383794214736824,57.43196081448701,58.22758945634053,58.57709324638775,57.99023329721684,19.084850188786497,56.55412184639015,55.88523804649216,53.84622188451544,50.60822446110187,48.70368785706904,47.820998022551386,50.542337429840096,53.222461787983015,55.64037243101695,56.93573072406798,57.66889268512671,58.061541869834656,58.27870490439268,57.92996478569424,56.52186367468579,55.15094592724907,54.56101731603112,50.05738042651424,45.030958008377794,39.97604787460455,42.889196056617266,47.01092850561181,50.7579870622357,53.378524442343746,55.71416487014196,56.419101690776266,13.979400086720377,19.138138523837167,6.989700043360188,12.552725051033061,15.563025007672874,9.542425094393248,16.989700043360187,17.16003343634799,12.30448921378274,15.314789170422552,12.30448921378274,46.42029018195423,47.06427586928978,49.73681918503984,49.90871404801486,50.36600952722698,50.30138064089922,50.4730602640858,50.70647299144681,50.7560899903022,49.75491548614691,50.32538179260007,49.977707003630975,49.83662364087664,50.0394711732304,50.13216539624441,47.86751422145561,48.227236730918605,49.155317393839454,51.576863969129306,52.048142985222796,53.04630530707381,53.729653663863,53.92037098260247,54.58022603508575,54.93738195583818,54.816976836841185,3.0102999566398125,53.80393968859933,53.10863174272544,51.628182183868994,49.024652395293096,45.58708570533166,40.4688519083771,35.12817758564873,44.28717783203831,47.88910422834653,50.46889089334413,52.57412157879428,53.90567743430842,54.64896228594729,54.973167444728574,54.71457474273227,54.25457592715023,53.71585011499013,51.998045260952864,50.21701877566515,47.34839818031571,44.23393345135083,46.60685274789785,48.01108591399809,49.54174947264946,50.419332426447184,51.16375261179705,49.90733891928723,53.131519431743484,55.82231591014447,57.547953982612874,58.89311228861431,59.654049202287915,60.18966651260388,60.33821274653026,60.13311316611932,59.79605275389653,58.77199091488048,57.49446431601082,55.483562458589645,52.58821591322353,47.60731506678986,38.192806469724815,46.777893910688604,52.039923899107634,55.26817255213138,57.26096086639117,58.640082662915674,59.57949033777297,60.09818742927858,60.22076008444003,59.98683396917683,59.36639388214444,18.129133566428553,56.800597985177006,55.30916524909873,53.229569685079525,52.07117106338475,53.99604505689688,56.338419901477614,58.3422036060941,60.04681130162933,61.22529112851369,62.07320043092166,62.65486687653051,63.00590701842314,62.991851083480725,62.611498185297506,61.99718161941842,60.81469728461937,59.52172271426326,57.22082479209034,54.16109378326511,48.85202854631204,42.20996697147369,49.224970950108265,54.19030029085262,57.21060046739006,58.95900228185961,60.231557102766324,9.030899869919436,22.55272505103306,19.138138523837167,12.041199826559248,14.14973347970818,16.127838567197355,3.0102999566398125,20.863598306747484,22.92256071356476,19.138138523837167,11.139433523068368,55.63842846749692,57.89685043111082,59.605606714690154,60.92519938827924,62.12018383098889,62.755658663712296,63.12645261889812,63.13658244938476,62.90996787617072,62.475758400726264,61.23016208846557,59.90854550726178,58.26246541930313,55.38827500755289,51.484576601454854,46.8304703823885,51.297188871537614,55.18969052514262,57.65657380657754,59.705648987033484,61.0624054751397,62.05229543633913,62.57108339124625,62.41953689729219,62.5885676861939,61.427460169136666,29.934362304976116,60.01041491240549,58.626232612973126,56.427938260279745,52.20698954306091,50.520395070014715,52.2419626966024,54.71211006951045,56.89589416859677,58.65379394703459,59.8766000961091,60.61223584793759,60.87151162750692,61.12815395729167,60.85682943194615,59.924938700382654,58.741546690275015,57.92033599200033,55.005561757538786,52.006371272363346,47.67192983682469,45.44873843234801,47.98657549913149,51.841830372073616,54.37300184726944,56.46918104564691,57.40337420716561,22.04119982655925,21.613680022349747,23.384564936046047,15.68201724066995
12.552725051033061,11.139433523068368,23.05351369446624,16.532125137753436,50.229559679027744,53.1074640133333,54.96471599366538,56.431258456434634,57.60943926822804,58.59460744833025,59.15444687125743,59.45023229636662,59.44830955078331,58.99551309589092,58.77815780640951,57.866925187361744,56.197713861616734,54.366793567767864,51.84762388171225,49.598852984945914,46.118931699365255,46.78062904974345,49.6830545863081,53.07957898681535,54.99154883358638,56.540185878911664,57.65129635771154,58.02856472734887,58.04064429951899,58.32054581942441,10.0,56.79909169753503,54.15140352195873,51.7819969914806,50.84207954453043,46.41126932803509,48.85553443271495,52.411304145097176,54.26592582305156,56.36656365920181,57.28429269641311,58.008084629172394,58.142722405784006,57.9726892613786,57.5597237050226,56.86658608938845,55.443818638089645,53.13580406995391,49.95407020394442,44.825448811864355,35.71708831808687,43.57725268400632,50.183550889114265,52.75431143394289,54.3461041549335,55.71299960142777,56.509405291551296,10.0,18.129133566428553,18.573324964312683,17.24275869600789,21.367205671564065,18.325089127062363,15.314789170422552,12.041199826559248,9.542425094393248,16.127838567197355,17.24275869600789,47.43525442946583,48.69613027172129,49.68282099292496,50.297935258501035,50.71089986274353,50.563635508386724,50.27675715904893,49.76304116552002,49.094757950169914,50.47633061264732,47.47947547421976,47.4526221637756,49.986428830113454,50.00368993509583,49.64773312155367,48.6683650719143,49.80535113508645,50.48958143767511,51.57305630327966,52.278918441629294,53.552445727066065,54.24791829614967,54.42801059463672,55.187573397771736,55.31054634070393,54.23935281088017,0.0,52.53943462669259,52.579520223060285,50.88479842944332,45.14720373648135,43.50751817816416,34.96929648073215,41.07379582804448,46.17461665030912,50.320745447346084,51.97746313161655,53.24078638978236,54.43300546438387,54.86203708021318,55.036272813564125,53.63771755826781,52.75311354541812,52.659798928850776,49.35129234915682,46.19615005742807,43.622750797831166,45.94038782322546,47.366832809904,48.706847596638326,50.982732929043735,53.01960559654198,52.86225113761837,47.21686984387049,50.91754862561454,53.730904686893865,56.07362792865313,57.728913444873555,59.084490942690465,59.80903315334764,60.22895409284569,60.359873583962134,60.26760361987403,59.591301511335615,58.60252936423948,57.605076751997345,55.41184705432773,52.25869883454264,45.10598623499922,38.2865989653532,48.20418224108697,52.902127469195285,55.8128502863041,57.779376697538325,59.16484479694844,59.90027898770295,60.534226679644725,60.57879015730694,60.1418986187676,19.86771734266245,58.3797710932274,57.33802126584407,55.598647488936585,53.01960559654198,53.08116015865615,54.42974927317675,56.516830373390256,58.68306391672044,60.25974409757619,61.28011979424588,62.10918036969997,62.69751273793133,62.897202465804284,62.81458131388718,62.25642371570036,61.53373640909777,60.43501387184556,58.51016666948753,56.12979774666332,51.966293177237006,44.93834322971856,44.06420945974621,51.73760090586083,55.744352631621474,58.111914778631814,59.722889479373904,12.041199826559248,22.671717284030137,16.989700043360187,6.989700043360188,15.314789170422552,16.532125137753436,15.051499783199061,19.54242509439325,15.563025007672874,18.692317197309762,12.30448921378274,54.20406322257344,56.61748340847625,58.81245957149018,60.5154224746518,61.616545420452915,62.45120144899974,62.96495167983043,63.088332301264636,62.98634783124435,62.558053951488205,61.74525559071216,60.55421911557137,58.70874233750094,56.30440079850678,52.328182926273605,48.89368942897935,49.48774727133882,54.44047920327571,57.16358985380833,59.486877363826906,60.61286571036731,61.42478631264184,62.18220304175546,62.48010560105855,62.522161651252894,62.310146683549476,34.37433443797971,60.322306230935396,58.40448625220505,56.307796432757186,53.88024784607609,50.91877899629413,52.29963261979429,54.49697419675048,56.67199774150926,58.741860024428256,59.63649019754814,60.53227922670523,60.81593914160202,60.95499220164062,60.65236774260023,60.317476874233584,59.363754901719204,57.54859554090234,55.93535271677563,52.91066781982381,48.90867938811441,44.80136349183575,47.4074943414471,51.55973344739902,54.30526538680641,56.4249221923463,57.43319229149246,15.68201724066995,23.05351369446624,13.010299956639813,18.633228601204557
14.14973347970818,20.0,17.634279935629372,13.979400086720377,50.08502231571346,52.887186002668074,54.56806178546688,56.320460869458216,57.43453318456215,58.44927390802361,58.94714721525949,59.24242576286369,59.18605867515008,59.2520685776024,58.547558957437076,57.88256777142878,57.207982800356774,55.789427662245,53.476226994672416,48.63703444639852,44.54311188147567,44.71291711058939,47.601585089980894,51.87873089603788,54.51573072404376,56.25877078245938,57.49798905103258,58.279337473921196,58.59451140917065,58.36134782824227,17.24275869600789,57.275298708816464,56.58313865701035,55.12748415254977,51.72010041614345,49.88438550548308,47.66725069926551,48.93117885762238,51.76453020410962,54.47903447144285,55.90710345538089,56.82997478986962,57.49771088646111,57.80802471365003,57.64135765794913,56.22058519778419,55.03218507930033,54.52025768644107,50.18970808600747,45.25731356850706,36.056282220076184,40.02122846225162,45.906746805752014,50.04652343430104,52.829504847920546,55.58114308428316,56.430270568095466,6.989700043360188,11.139433523068368,0.0,16.020599913279625,6.989700043360188,10.0,16.989700043360187,6.989700043360188,20.681858617461618,19.294189257142925,16.989700043360187,43.52259719157145,44.175215138042965,47.80122808375505,48.71164132802949,49.51653166268216,49.88951160780394,50.34744734132491,50.956853145611554,51.0983493104569,50.93036252945163,51.208140428263974,51.138130444151045,51.637009249911586,51.740132632905144,51.45687313442514,49.34725638922736,49.26779608411234,48.51564082263488,51.06901103609402,50.90638907853215,51.992860833699346,52.751961417856236,52.47150517744046,53.678123426835576,53.9787399089331,54.02862957968563,0.0,53.62356164152661,53.0912319473874,51.91621456969656,49.999739415493245,47.69561935848059,43.287872003545345,35.88831725594207,40.77149794716969,46.10936831232662,49.642832068903154,51.84379080658596,53.716163900245064,54.89885388119055,55.507235333655544,55.38095948219385,55.14495952981668,55.33683106579122,53.951603332539605,52.69459237816196,50.95772410009063,48.19392564118289,47.939579258033845,45.861482879084534,47.03892953632544,47.6360766445369,48.88387321231802,52.2386180905486,55.07484809550384,57.03595707597012,58.49622078212741,59.43467804490113,59.95744851076331,60.17561270712857,60.16703317168054,59.67590093253491,59.07790128241934,57.762572214765406,55.98752217148645,53.80355982416796,50.51341640638971,46.637574459391814,46.88437620592164,51.489787981680195,54.39765193631729,56.71633746568447,58.08967458502981,58.97764504511617,59.56359113065619,59.535475651001455,59.519084300805176,58.851179922631914,57.719723700224684,-inf,53.84878265181695,51.42351917422307,50.67509766563843,52.12605711260012,55.72686929726885,58.104932852941324,59.85571065132956,61.30316074655681,62.1679299824909,62.71459863498202,63.13546862767444,63.305543889357736,63.11876081864051,62.64705458380558,61.65562731576733,60.42423108581289,58.74158150629732,56.20491052334729,52.389914839383216,46.662558271926045,45.63777633362166,52.07270732523273,55.723661796059226,58.03022603874396,59.41090847888691,60.54797609641237,23.873898263387293,15.314789170422552,13.010299956639813,20.170333392987803,14.14973347970818,18.129133566428553,17.16003343634799,6.989700043360188,12.30448921378274,10.0,22.14843848047698,57.08842241792617,59.169721605451045,60.42467220623992,61.709302488315465,62.49086772193219,63.09703608076929,63.30284886470865,63.22795696493717,62.763422993037835,62.198359146628746,61.03389404793823,59.45705363709735,57.67604776149959,54.60598692684755,49.9565712810842,48.094317640810644,52.59775394196858,55.938108915767174,58.41085290289368,60.01528196182554,61.21828281909707,61.88454858665488,62.50562954378409,62.424412905096275,62.08585649381804,61.49992453519641,28.325089127062363,59.141061083598245,56.68087586276825,54.51408757419385,53.22138632554132,51.35097651876403,52.84658537686514,55.58737362583068,57.9745105554159,59.50544474921096,60.06521662611203,60.87480784836565,61.102023758770876,61.255856790122245,60.85545299128675,59.73172204813997,58.652609558675195,57.70413815706643,54.71678882154315,51.53146908896058,47.08395402645627,45.5303301620244,47.986506454452694,51.906341979828845,54.69682135908872,56.56620383528703,57.62373925716385,20.043213737826427,6.989700043360188,10.0,12.041199826559248
11.139433523068368,18.129133566428553,12.552725051033061,18.692317197309762,49.376833537720486,52.374281119525506,55.25346763575421,56.63951443863471,57.888270935680104,58.600701589799584,59.21022824406069,59.514196092109295,59.68722911670986,59.09839404843442,59.14324113338516,58.20795005612571,56.230931231167006,54.42071936603031,51.59669438900355,49.58855226218978,44.98324340697171,43.051148080353954,49.92615366151756,53.04914705542466,55.26902460862011,56.90169489756442,57.86252974899244,58.24069183115516,58.40310014358821,58.83134853317372,13.979400086720377,57.546082229424,55.3865038202935,53.29245290093711,51.84492688528423,47.78766065508378,48.70433169419862,50.986852499974695,53.641174225189204,54.92830205678689,56.408092701360076,57.389279399951874,57.64720714522181,57.627723132112116,57.12435026305033,57.11307714054655,55.91574325411202,52.83527364861694,51.68880342413643,47.63742368858716,40.758388259746866,44.304620698195556,50.47870396605325,53.167668701414314,54.89862896011486,55.324702753254094,56.13344899234744,12.552725051033061,11.139433523068368,21.13943352306837,3.0102999566398125,3.0102999566398125,13.979400086720377,12.30448921378274,14.14973347970818,16.127838567197355,13.979400086720377,14.14973347970818,46.85652184115525,47.68349462169596,47.386061716780716,48.60511689629458,49.73737286136624,50.489271030554825,50.45279938462093,50.61241312384646,50.60282229438346,51.05973185327582,50.421224759982756,50.49070647754163,50.0226112079124,49.401228517338225,49.05018310092589,50.812788812268046,50.78406062810886,51.105964434948355,49.71869350001505,51.26871383391757,51.74469765022452,52.75534780162666,53.785813924837115,54.08463840691169,54.408209554035636,54.50523150980875,21.702617153949575,53.52323399690381,52.33313461142046,50.733076838235675,48.30107278114625,43.62859302958681,34.149733479708175,38.19872821950546,44.59513108363229,49.308930224060255,51.693746145073135,53.394534289196585,54.38145052672369,55.033779753357415,55.296869537729165,55.6098802276813,55.18116312652409,54.09461395789052,53.09674871909874,51.55460537616299,49.43266921586124,47.27768917300615,43.557387836020354,45.15887084195267,48.17565369559781,50.387035956925544,50.70942474030112,49.90041230024249,53.376289524150636,55.800772175531534,57.56664249008075,58.895538003131975,59.9452522975539,60.43561104001861,60.609651324244815,60.555239638188155,60.05609445360281,59.24049669717494,58.00078911413473,56.047065360613296,53.35245214830944,48.722262205886565,44.018311749089484,46.772053183818144,52.03796855957368,54.96021383121392,57.06521494899444,58.46643855718935,59.37923912938237,59.914108331208226,60.021129060446505,59.8071811841709,59.04666326054061,22.09515014542631,56.260373849465175,54.10520797445955,51.423300125166875,51.02858872819524,52.8811726229935,55.87981332962534,58.387615936151704,60.10563252663354,61.54582810021198,62.46621662695988,63.02739700494921,63.28233590704216,63.304888551569334,62.963887330727914,62.40334543923451,61.38397442990546,60.01110373201611,57.7571382181555,54.7110533526532,49.87710943130306,43.32680789215245,48.106357002755374,53.44417819667995,56.754346182830496,58.89163827148743,60.239373224904796,20.5307844348342,17.853298350107668,16.532125137753436,20.0,13.979400086720377,6.020599913279624,22.380461031287954,16.127838567197355,17.853298350107668,18.325089127062363,19.138138523837167,55.08718208999562,57.76041252425909,60.040757774722245,61.32034156559263,62.520880964863245,62.998577743159785,63.347449926895266,63.39127139795786,63.28458707153913,62.52461018585534,61.87015630403886,60.47266298260536,57.91393767980799,54.99934395120714,50.4917148862561,46.80054355014471,50.13616568505283,54.79307482252579,57.88658267490984,59.68494622979868,61.30334411893762,61.73550456678398,62.19264319020333,61.97877130767705,62.37359978631816,61.84830496325378,32.32742062720737,59.81274832706589,57.99409479615127,55.68113682478309,52.26220859790559,50.486010415609435,52.221648009704424,55.47042061649785,57.24852360987932,58.93514315666227,60.23914716633211,61.037633673104715,61.16515429998899,61.05724383882942,60.707635482020805,60.48237427295796,59.4984358304026,57.38710812164428,56.07347776768413,53.040271193465315,48.89962447987167,43.33588321723421,48.7884337602823,52.695432970726124,54.92772956852504,56.30404481483779,57.607993116307185,6.989700043360188,20.681858617461618,12.552725051033061,13.010299956639813
10.0,9.542425094393248,20.170333392987803,13.010299956639813,50.014611118110956,53.08777773664721,54.9474716856849,56.91955392822837,57.91781848301057,58.75307293896051,59.16116910568686,59.27231736294674,59.24914235867451,59.2659451125394,58.33087161106542,57.4440721493493,56.66949252891813,54.749996190163,52.10179352040559,45.983636601720264,41.25351120514752,46.210307999287096,50.717642165590235,53.725898431107595,56.034312804172075,57.37956360906324,57.84782706644361,58.86615355444579,58.81124915527092,57.97940971439283,18.692317197309762,56.03660670264266,55.3356871319458,53.18090477519685,48.591262834497485,48.93012332222442,49.70853412607623,52.050554219740604,54.68165597763819,56.28234600357725,57.25063440514896,57.88098340814941,58.26591111646691,57.97966559199365,57.48517500489319,55.45376400087182,53.943676156941216,52.13751442825988,47.32498299615253,42.611200635689,45.14521189494316,49.642832068903154,51.55509113361098,53.70050237074868,55.378707038147226,56.588219591356236,57.067655606338484,3.0102999566398125,16.020599913279625,6.989700043360188,14.14973347970818,19.138138523837167,12.552725051033061,14.14973347970818,6.020599913279624,-inf,12.041199826559248,0.0,46.77652569492963,48.40219046539844,49.84527313343793,50.468267091873436,50.558826763687,51.02135154272175,51.158167941542025,51.18413544851511,51.160362775679296,49.455916670320065,51.10219223689404,50.524053421921835,49.397238719219715,49.6864169386446,50.424416204305274,49.65789459245144,50.479792940016644,50.952286486380004,52.78575275032959,53.258275209383385,53.43079547739033,53.9551684666921,54.419966025595215,54.05354899110283,54.05354899110283,54.10959345884617,18.129133566428553,51.9630056730107,48.275308108953396,45.00853711461258,40.0842982679723,37.57168192214272,44.90829006303808,48.17380242657893,51.1671398040803,52.66161112219401,54.08607941807011,55.264426685299355,55.17950307509187,55.036272813564125,54.890580369990616,54.56639279342896,53.55800041893026,51.071896116168844,49.63603685217082,46.24663612196977,44.447004291341415,46.22172560893429,49.905208828289496,51.501452354008954,52.35924686056477,52.79084909810923,52.979289453097564,39.87755616738524,45.96652066132439,51.2246818742109,54.60744535295321,56.73076227743187,58.345707414477,59.5454448037235,60.37156274753568,60.85427946293807,60.882314457540836,60.835921927875624,60.372391929623404,59.33106987173118,57.945898116123104,55.9542787569191,53.050868422617356,48.40589072547749,42.865687340572634,48.594745500901496,52.888794120245926,55.74526659846374,57.70211138680181,58.92340633194831,59.78219332270048,60.116402126661384,60.216361855787035,22.87801729930226,59.03364048891955,57.53903108648202,55.81787009143001,53.36911805174395,51.09730371580606,51.90995241282388,54.699118099604476,57.44766145385662,59.35402962166228,60.80456920262958,62.017733498639046,62.79902275185758,63.17296169775581,63.37694415500473,63.13719619495093,62.72232527820555,61.798940365824826,60.5976215585965,58.63544115459181,55.87914037175569,51.828538609552986,43.6707624226875,46.45392791347661,52.66861742818725,56.207656898491145,58.64015394062385,12.041199826559248,15.68201724066995,20.0,18.129133566428553,17.16003343634799,20.5307844348342,22.92256071356476,22.09515014542631,0.0,22.85557309007774,17.24275869600789,52.830206562393734,55.669851709617866,57.811009276301526,59.909228500385524,61.33069233251223,62.51653061630701,63.13830324853262,63.367658335805686,63.4500653280936,63.10982250333272,62.46018720750165,61.478246699708954,60.06267462235756,57.84509597069462,54.83661455868672,49.20384242178358,46.873238044883124,51.8951277178614,55.94305240673342,58.58094858190809,60.41939157435269,61.511270433383835,62.15097994830667,62.30962872908794,62.532182670165184,62.062385070914274,42.23885151875885,60.583079440844514,58.65230156478687,57.71006563530642,53.512956524574335,52.149312277805365,50.69627403017891,54.17997842239545,56.514960758921575,58.307028404088385,59.61053093144075,60.6075259577117,61.12725622138573,61.3265217071105,61.13087283074313,60.18015237329457,59.43266921586124,58.30870836339318,56.0899857975265,52.73649334723605,48.174992618677585,44.25697213362591,47.250045449197565,51.4544814311254,54.31641945215568,56.340861282769865,57.44755983680285,14.14973347970818,17.16003343634799,10.0,6.989700043360188
24.653828514484182,0.0,10.0,13.979400086720377,49.7494438995797,52.65652565099615,55.15791743702354,56.754346182830496,57.91095278720703,58.63005054479646,59.06344201765801,59.36745404935731,59.388648221233055,59.21379500258833,58.60678719178084,57.74316194988,56.7355261530204,54.955693122298484,52.55754786643045,47.89756932285287,43.0666087655063,44.21620377106833,50.17004106955629,53.06043109459473,55.47249051014959,56.95232936656954,57.64009409050733,58.46309890539941,58.571665883808066,58.08190709878491,16.020599913279625,56.2293689965935,55.221650476348,53.13227957747487,49.10176007193577,48.949471036323175,49.93533219449522,51.86145158895968,54.628829388173294,56.09842963673506,57.211516690899906,57.987949260020805,58.34782359147862,58.209426095761714,57.700651526315234,56.813507019797115,55.45475357519629,53.23485174323437,50.7086869911476,46.85750693035351,44.13400361189814,47.11604792206309,49.890669714551194,52.85147573839538,54.64969182355606,55.543013491221245,56.30145033841977,14.62397997898956,13.979400086720377,6.020599913279624,6.989700043360188,16.020599913279625,11.139433523068368,17.16003343634799,11.139433523068368,14.62397997898956,17.16003343634799,10.0,48.57338528257185,49.17174542452816,49.38144308514097,50.12942623196626,50.449511261623236,50.681858617461614,50.69438681490964,50.560239407672924,50.53063069955324,48.589520453436236,50.38802900682286,49.801397777457545,46.97447307372525,47.090069296020644,47.847385073441274,49.46786209267823,50.003516361369236,50.743519212727826,51.66030272340217,52.90090286573402,53.36117366877896,54.006070565806894,54.7915045253866,54.539738743991215,54.771038825929416,55.31929582993221,14.14973347970818,54.11272805192656,51.04002014891893,48.819834674179475,47.30208757588545,38.03047210491129,35.507174234692826,43.4183005692051,47.75246259740236,50.48290279045092,52.22529190037993,53.72773963720577,54.129390996395415,54.5020598474052,54.3635668400566,54.794270172709275,53.97289817662883,51.658376246901284,51.148777498928354,48.3511959042455,45.6925683332861,43.409396020380775,47.583440634019766,50.06812483865134,51.55973344739902,52.54028159379888,53.007867226313074,46.39187559935755,50.44790543989333,53.80681472737826,56.17885860040238,57.905448184292865,59.0726782638156,59.93690119338946,60.46248877246657,60.62551902183273,60.307170829940674,59.91102417109187,59.01559118329358,57.32639790327319,55.24231201708297,51.71346096687177,46.573236171121465,36.27365856592733,47.0384142265593,52.981454076377865,55.84769821204806,57.79940472053967,59.265091343157714,60.14676755868781,60.55968204087509,60.638263054898765,60.505781019403734,14.14973347970818,58.81152895126091,57.001713369722694,55.12290738522313,53.04544380397018,52.15700998044732,53.89336223564999,56.502579699278925,58.52814125428586,60.264719768761026,61.38203193850407,62.28862384932945,62.74767281800605,62.96591704927906,62.91078557703478,62.551532990370255,61.785294798196176,60.53712127760186,58.83868598136175,56.37429684650065,52.273930244787785,45.238764756381315,43.70050237074868,51.54058610376971,55.655172514446704,58.24444113064831,59.955110300435095,19.912260756924947,16.020599913279625,12.30448921378274,23.69215857410143,22.04119982655925,20.969100130080562,18.325089127062363,19.294189257142925,17.853298350107668,19.138138523837167,17.24275869600789,53.626520879077546,56.49946918760227,58.910432293084334,60.5679283463047,61.71122994035294,62.616123054867856,63.15785678595443,63.24159147559742,63.238798774338164,62.673932794450224,61.94299222656233,60.77390073725382,58.963128758023814,56.35395270408659,52.516990417468065,46.507542182983784,48.40839758432541,53.38227332855426,57.19326314117677,59.38319543342156,60.913690032440506,61.546019760646175,62.77855970130783,62.820857668310325,62.383096123066395,62.14854705274031,33.44981413927258,59.401667171444146,58.36944093659153,56.86037137455341,53.606464192471535,51.80125875164053,51.90499779633488,54.353983802673596,56.54232389905438,58.61376674179912,59.92416536629091,60.65962307844329,61.09935419322568,61.223685919697026,60.9215618632406,60.30263246161467,59.3114296933298,57.939893325677225,55.684012189485,52.82884830268925,48.08683509128969,42.97826142585328,48.34019925074977,52.254152573291165,54.770199075162516,56.13877747427551,57.419784142159706,19.86771734266245,14.62397997898956,15.314789170422552,18.325089127062363
12.30448921378274,14.14973347970818,18.633228601204557,16.532125137753436,49.52404939577025,52.650679423575184,55.303854186635604,56.76878259808019,57.91429572909795,58.54925153269208,59.20074256594067,59.42099865578644,59.44078293969213,59.24197589654311,58.778595087058314,57.80606025583951,56.337107848792265,54.65741145289745,52.22833480842708,48.337397966887536,42.48071400919201,43.60366173053269,50.37207303217077,53.20704899021592,55.56507535865375,56.98953500832138,57.86184056127396,58.505806879102444,58.575887751825604,58.33275276833375,22.944662261615928,56.6003402328877,55.31035454868721,53.30845823437697,49.753490778714465,48.945652673415445,49.742813588778304,51.57580661899408,54.404682698221485,55.68770629186864,56.995125334283124,57.84534561995059,58.04343918479866,57.87233703685299,57.33916746718145,56.673034925144265,55.174980828745774,52.57354532711048,50.71016236415225,46.47167725824425,42.97760511099134,47.47947547421976,50.76407398364738,53.55583684924916,55.11092894232455,55.81764256142611,56.50949260515753,19.294189257142925,11.139433523068368,14.14973347970818,19.030899869919434,17.24275869600789,15.314789170422552,16.127838567197355,13.979400086720377,12.30448921378274,13.010299956639813,18.129133566428553,47.60422483423212,48.34833818135888,48.90331579582784,49.52162574214463,50.128793871712894,50.60743155674444,50.77796536780109,50.584412093132826,50.65882084534795,49.519249248614045,50.98103549867772,50.678368011534744,47.82078283530754,48.08298768532504,48.13354108849671,50.59108817913594,50.43291527456002,51.400835972363325,51.31811071270342,52.526637440954616,53.132638488937936,53.73970684517423,54.44033860307832,54.35010956819356,54.265324062740284,54.802139744151425,12.30448921378274,53.357085757219735,50.368882769086916,47.97475287537334,46.52304372023417,36.03144372620182,35.09068045017162,44.6544233976875,48.305886686851444,50.94799433170447,52.921895926234995,54.353234734678225,54.66220885141213,55.01864084333648,54.85076602605679,55.24476611678665,54.588734370777196,52.24846304606369,51.530370096149234,49.605896808839546,47.25993258924723,44.76324317420228,47.266457202409114,49.478501703603044,50.91920075744096,52.07602056616179,52.39261930430363,45.82438376813906,50.328966526225905,53.908856723977195,56.28090441643217,58.03179788819812,59.25388421588795,60.19105069296358,60.55173751905702,60.8051862132657,60.63412177936587,60.1651939857895,59.30113241580648,57.68195442853199,55.775101822833946,52.61093877516907,48.52486093235622,41.495885677877446,46.916118742144164,52.262440761624944,55.45912973718296,57.46933743238445,58.74976133330229,59.763962951635136,60.10274508951967,60.14286107681467,59.98735667341923,6.020599913279624,58.1949129059582,56.43091272107664,53.93624332795619,52.12517862332544,51.20458762096645,53.70226179148217,56.620094454299675,58.75506910333481,60.489480557794536,61.71913584017542,62.59130432025633,63.01274868704066,63.13252237376919,63.041198405982925,62.82666740743042,62.00912027899949,60.94827711630637,59.22648658391516,56.89835199817435,53.118745993220344,46.94956002249818,42.50053869521799,50.951867926269905,55.34546439654068,57.91395874234808,59.676265913799455,20.0,13.979400086720377,3.0102999566398125,15.314789170422552,11.139433523068368,21.13943352306837,14.62397997898956,18.633228601204557,-inf,13.979400086720377,16.127838567197355,53.698760768386684,56.59083876372705,59.09611649603146,60.5976215585965,61.955246695363456,62.7280689626798,63.30578124738082,63.458683288470155,63.3651456757018,62.852534215992286,62.20775760153282,60.97082654175271,58.96440231897836,56.45628559354666,52.60607958900626,47.273785694514885,48.304860167950714,53.239797845027766,57.12602566334966,59.310513557954735,60.855053527874134,61.92055643290176,62.45873032034833,62.84592464320752,62.673454114614785,62.53643503511182,37.96088428680668,59.71523084931118,58.64585237036017,56.61702915326278,52.7116525290425,51.90849740555827,51.54134752965645,54.695098006257695,57.06123527312565,58.82509169464072,60.037400622890125,60.73310985370583,61.20676899432324,61.18686907760513,60.89742661986244,60.393304251435474,59.26000639717168,57.922193384609514,55.90540910873103,53.222234308521465,48.355954600969504,43.34795422556774,48.218147443776395,52.29162015843079,54.91363094781954,56.246203217934045,57.31054229980296,13.979400086720377,22.380461031287954,0.0,17.634279935629372
0.0,3.0102999566398125,10.0,19.86771734266245,20.0,16.532125137753436,15.051499783199061,13.979400086720377,15.314789170422552,16.989700043360187,10.0,6.989700043360188,10.0,6.989700043360188,9.030899869919436,9.542425094393248,13.010299956639813,12.041199826559248,13.979400086720377,13.010299956639813,9.030899869919436,10.0,12.30448921378274,13.979400086720377,12.30448921378274,15.68201724066995,16.127838567197355,6.989700043360188,0.0,0.0,13.010299956639813,19.912260756924947,14.62397997898956,0.0,13.979400086720377,12.552725051033061,12.552725051033061,0.0,15.314789170422552,13.979400086720377,20.043213737826427,13.010299956639813,9.030899869919436,14.14973347970818,13.979400086720377,12.552725051033061,6.989700043360188,12.552725051033061,6.989700043360188,16.532125137753436,13.010299956639813,10.0,16.989700043360187,13.010299956639813,14.62397997898956,14.62397997898956,10.0,10.0,14.14973347970818,6.989700043360188,9.542425094393248,12.041199826559248,6.989700043360188,14.62397997898956,16.127838567197355,11.139433523068368,19.138138523837167,14.62397997898956,35.692568333286104,34.23245873936808,31.37670537236755,26.82145076373832,19.294189257142925,27.267272090265724,27.39572344450092,31.389339402569234,36.19615005742806,36.399842480415884,38.22298871262366,37.788744720027395,38.65991800126275,38.12913356642856,36.78518379040114,37.65295929698056,36.813317059691656,33.98113691730502,34.761067168401915,31.598678470925666,30.83860800866573,27.730546933642625,28.06179973983887,31.03119253545714,31.061908972634154,34.48551739201578,15.68201724066995,36.52536418593025,35.81608366032058,35.93507589331765,35.565437084835146,34.42479769064449,33.098430047160704,31.072099696478684,26.857417386022636,20.0,21.84691430817599,28.14913181275074,31.392492175716068,33.16808752053022,34.68051791454238,35.959369062691735,35.48512256341036,36.021685513789976,35.56423121371285,35.9955559098598,35.477747053878225,33.64175632770619,27.788744720027395,30.480531731156088,23.117538610557542,20.0,20.644579892269185,50.72837874663087,54.987101965211664,58.119883271760514,60.521492899198925,62.37719129543852,63.65986575644872,64.66165660363286,65.24331200288653,65.55292920559084,65.514395064626,65.16295487202517,64.3289268162256,63.067568947237774,61.115840817456295,58.29135169508472,53.65062842179854,45.996647787884164,51.50799406800118,57.245945084418906,60.42961599057888,62.61311649816509,63.964940092294995,64.80298052761822,65.19027945534356,65.15825777363771,64.7876065828849,30.170333392987803,62.875262909479474,61.18452560000169,58.89521876017212,56.34494399767672,55.581827800513324,58.03416142538151,60.745886322017746,63.229072097805606,64.90096194996097,66.17245532883337,67.00012795337338,67.48443875163748,67.69104329047995,67.62561235864878,67.32202708659189,66.64780420104361,65.59272187622669,63.984589409986356,61.66376822907342,58.07967753955349,51.44543074272788,46.45520514905874,55.66023625143912,60.245324606139015,62.85435779559738,64.45629419640466,65.06513826440859,65.27949640383517,22.278867046136735,17.16003343634799,19.030899869919434,21.958996524092335,13.979400086720377,19.54242509439325,18.692317197309762,15.68201724066995,25.58708570533166,11.139433523068368,12.041199826559248,12.041199826559248,20.969100130080562,9.542425094393248,13.010299956639813,20.170333392987803,21.84691430817599,14.62397997898956,6.020599913279624,20.863598306747484,0.0,22.380461031287954,17.24275869600789,19.138138523837167,6.989700043360188,20.0,11.139433523068368,18.129133566428553,20.0,24.14973347970818,28.524799936368566,32.85557309007774,34.07220892927397,34.902394852462876,40.836817472743014,33.44392273685111,18.06179973983887,33.84890796530554,35.26597709103452,33.51796306897023,30.043213737826427,23.117538610557542,13.979400086720377,21.367205671564065,18.129133566428553,15.314789170422552,14.14973347970818,22.14843848047698,18.692317197309762,22.671717284030137,21.367205671564065,6.989700043360188,11.139433523068368,20.644579892269185,20.5307844348342,14.62397997898956,20.253058652647702,14.14973347970818,15.68201724066995,12.30448921378274,19.49390006644913,24.14973347970818,13.979400086720377,14.62397997898956,16.127838567197355,3.0102999566398125
12.041199826559248,13.979400086720377,20.043213737826427,14.14973347970818,50.67755065590532,52.96333859527094,54.86930373593804,56.142822330409004,57.627813120971,58.484754721174056,58.97139198092219,59.26396472791869,59.22922583981335,59.18211779421774,58.53124247658351,57.72944091648324,56.85835750942738,55.025977996808344,52.83330633063646,48.96222987333409,45.01907841413007,45.906746805752014,48.158963796532355,52.35957479466621,54.6521921653919,56.354364946133,57.66678250811551,58.25637046666847,58.40844770674569,58.40931849146813,18.633228601204557,57.01316660472453,55.89772051354481,53.78515998451605,51.583896346521726,47.83596321550007,47.399597932393334,50.18321781884911,52.61835997139687,55.11402029689271,56.6913177773755,57.29548678901881,57.75601711063855,57.85319155506955,57.380516320897655,56.174071704600514,54.71444274211974,53.898550908018514,49.13559556788336,43.591712057167,35.436956323092446,42.70189542704181,48.380994434881266,51.62842098926707,53.67408107785217,55.79970988537862,56.47642100083984,10.0,21.958996524092335,3.0102999566398125,19.030899869919434,9.030899869919436,15.314789170422552,15.68201724066995,9.030899869919436,12.041199826559248,16.901960800285135,14.14973347970818,43.71751107340287,45.21373480761028,48.60338006570994,49.000447024025874,49.94352352416933,49.86816504585536,50.027706281011945,50.26962036054797,50.14642325741932,50.937612827139276,49.896366664853,49.863461858886176,51.4837125733224,51.54009872113373,51.25367390795991,48.69167157644473,48.79101616509497,49.14290255665949,51.296963356898075,51.32275703044142,52.35207657536418,53.29163887224392,53.321656777305726,54.25640172818134,54.487063199050795,53.93529578018403,22.87801729930226,52.82948221008199,52.79769575049396,51.02039025088996,47.32023647601529,45.48524538251131,39.10891088644528,36.85024785105714,44.91039355755879,49.3379088414342,51.77813436665491,53.27567345722923,54.68447767861231,55.34565464432969,55.57070281652878,55.02473551503498,54.385644980309316,54.591345488274,52.112540676178725,50.464210196846594,47.65757937220531,46.033717491008616,46.0182106365178,47.22444700009176,48.717188433187616,50.33427776713536,51.01172903596159,49.696255532890035,53.09538615312363,55.73857515182131,57.38949329928987,58.91703004372182,59.701729376166845,60.13026923576743,60.35783833991352,60.294750916907816,60.043807089751844,58.97064893435263,57.65771343003257,56.30218305351289,53.63762358869376,49.62393015203404,43.64175632770619,46.15907987199794,51.684031895462404,54.59490494551672,56.804053213218154,58.27395123146503,59.24988571218944,59.77464322672874,59.988040449818776,59.652454576371454,58.83162703728636,23.010299956639813,56.02629629092398,54.440213621303656,52.06007769136666,50.76833339698628,53.34554270647249,56.12666263514348,58.26881063727356,60.12373167222489,61.356598479287726,62.27644305798225,62.81171591869163,63.21524281348705,63.200373871439545,62.78545318240528,62.28102770182456,61.15333539841753,59.93914352507021,57.61675303168015,54.85245712926008,49.848422314052755,43.63987829748491,48.424906660235436,53.835891868265335,56.84020855647746,58.674374338767414,60.04239667135181,6.989700043360188,16.989700043360187,20.253058652647702,20.253058652647702,21.73186268412274,18.129133566428553,15.563025007672874,19.49390006644913,18.633228601204557,20.969100130080562,26.03144372620182,55.79492064334153,58.061636876354456,59.87319852913955,61.095883327614814,62.22503432568476,62.827664006359484,63.24628929333321,63.261311616633094,63.08169207219742,62.582801717344154,61.43938957255335,60.038265983330476,58.32309602451631,55.42496781887996,50.978158744956446,48.629955286238584,51.17437025282619,55.008317803040505,57.59656515120586,59.68289107225917,60.99300726233463,61.97397732891518,62.242128563500245,62.07775698762505,62.17309665039794,61.41258139843211,28.836614351536177,59.94908569529406,57.74289905401105,55.5497345833324,52.141574383874584,51.60150272066711,52.379080106764924,54.88846725473783,57.22345942475581,59.061216139179734,60.21706008805968,60.78550337179166,61.141253837626294,61.25545347873625,60.80881794333117,60.2070799963206,58.96178863486134,57.815694137359884,55.31708776810456,52.310309966730564,48.23637222034628,45.50778518564257,47.291809944084264,51.88942538371036,54.37401719156305,56.575577754863716,57.43892934999721,9.542425094393248,16.989700043360187,18.129133566428553,13.010299956639813
16.020599913279625,11.139433523068368,0.0,20.969100130080562,49.65794158105112,52.46227677767315,55.08718208999562,56.48915942324875,57.66996224242593,58.432608162914576,59.003124969837266,59.18106384111699,59.21397716708876,59.14064823249638,58.554852345509374,57.73635804947368,56.88281858196448,55.30550579099341,52.93716034826109,48.37512682591181,43.5395467937171,42.81601443825656,49.09111880505803,52.40282099986837,55.08390991912496,56.73136150457661,57.46840400941344,58.41975431226763,58.62105726546194,58.13933084644445,19.138138523837167,56.74847367967146,56.14857157898599,54.26382743234288,50.65542370519139,50.17242084547646,49.22060795592691,50.47368337751547,53.23542907878543,54.97931242216722,56.28695382714024,57.06773238798501,57.71505170235714,57.80785204968299,57.42656801119587,56.34921413895113,55.05901200552426,53.49168697318702,50.4882232426985,46.54301708501481,42.94906910605192,45.54779803803794,48.65962235166129,51.771814164622,54.064669402871736,55.47430085818266,56.240561213988904,20.681858617461618,18.129133566428553,11.139433523068368,18.06179973983887,17.634279935629372,6.989700043360188,6.020599913279624,6.989700043360188,12.552725051033061,20.374264979406238,22.30448921378274,46.36698473102621,46.8304703823885,48.008407521378025,48.89962447987167,49.568069118634654,49.99587224142601,50.601536873745665,50.773279265461866,51.01781431327967,49.5933241526821,51.33618734577942,51.30375587431644,49.10592391831071,49.609699529878455,49.27780849347374,50.778037980760885,50.45557669136548,50.44669088768679,50.90430889612026,51.8166354699713,52.291030799866235,52.85307461570709,53.62484359705773,53.862099342561976,54.10743500456932,54.66289164135866,19.54242509439325,53.88616220951455,51.43969822172525,49.680390876639954,48.99541457906008,41.828709639889084,31.832698436828046,39.57942335445404,45.91120282237383,48.952954438151,51.34957625662232,53.43156413147134,54.3173998970244,54.96742888957926,55.14873019656717,55.65806511527449,55.4355651657327,53.729267245674336,53.5164559138175,51.68736073692755,49.46771481846191,46.021034186048254,45.40429588779769,47.25552292750614,49.35628166251951,49.76262836204536,50.61128145115489,49.56557391785679,53.001344262777636,55.771343364058474,57.4907122781966,58.80906155713287,59.67355589828362,60.23849769624302,60.47234746847968,60.43403936851174,59.836605603106825,59.24019665822491,57.98676191428154,55.972881183102984,53.041564923778694,49.33223999279318,44.15140352195873,46.526813847635744,51.396681820812795,54.911655165410124,56.93419141350055,58.314551097783635,59.211978144202476,59.824250184373525,59.82566543340398,59.54308131203071,59.16227529990606,23.54108439147401,56.45233575556239,54.075234672883504,51.440415200791506,51.116656959395186,53.367098314551555,56.10537734400176,58.39071216462274,60.016376729327035,61.44891018036624,62.270697714947204,62.844185508673945,63.12741234413497,63.162555853378365,62.825144887566815,62.27229626489273,61.30497482738437,59.87753829882422,57.78592558813119,54.89193222437181,50.465575921181774,43.718986947787414,48.311271933988266,53.662828396309834,56.757719279951374,58.77159907040819,60.187346085791056,18.692317197309762,20.0,19.294189257142925,15.68201724066995,19.86771734266245,14.14973347970818,18.129133566428553,16.989700043360187,0.0,21.613680022349747,13.979400086720377,55.51998619049009,57.88556516321272,59.833452351833635,61.24238415276328,62.17494998841842,62.85741788719605,63.25977215078921,63.30236163357914,63.14730733844783,62.4785596647577,61.61794599294332,60.30344655910713,58.31855063025326,55.37069447824146,51.7598991185227,47.42976368267033,50.31784017052821,54.75504119854624,57.819850234022994,59.79603909860511,60.89551882886454,62.24653467460737,62.37210097994687,61.973624459358845,62.09903025364724,61.59870552032473,28.115750058705935,59.6673290970142,58.40417896312273,56.10882575606041,52.578728841735725,51.087442516014406,52.65694966778263,54.67356482237898,57.109842417540605,58.919888001222574,60.2241393570639,60.76892647103642,61.09834931045691,61.1805364671459,60.88571228694377,60.11638521427331,58.97242102805365,57.80180448202641,55.401216646075405,52.17320724104704,47.46696458916454,44.331134975697154,48.72418519080333,52.2142467121808,54.72610197596045,56.202547667355674,57.378999822802434,12.30448921378274,3.0102999566398125,10.0,13.979400086720377
9.542425094393248,18.129133566428553,19.912260756924947,20.253058652647702,50.04084812371414,53.11289659442737,55.02986698753511,56.63802657083246,57.767077201438035,58.57566469864891,59.01283914694545,59.2175980524689,59.15223020789593,59.18493756503376,58.26534134019364,57.36735040303843,56.85642331994494,55.12996399929393,52.693354542947915,46.98144059924503,42.714233677435814,45.274365516886974,49.5933241526821,52.972131959896416,55.19568126594953,56.880325221054235,57.579764716404405,58.556814557714134,58.559017961363224,57.86383677372744,15.314789170422552,56.002157582265006,55.72081257156328,53.734012287217055,49.68342830958946,48.98999270889789,49.18790211483256,51.33385600908991,54.088096030762856,55.877704379686364,56.98779741682381,57.567737524578995,58.043609546466584,58.06105323204325,57.61627184561583,55.97301290890538,54.23864916740071,53.50530993063832,48.59600577798882,43.51351738992801,42.27063592342826,46.867881564068796,49.44250657451528,52.08487040955156,54.344810782555406,56.130380035027045,56.64315662119564,13.979400086720377,9.542425094393248,13.010299956639813,6.989700043360188,20.5307844348342,21.613680022349747,12.041199826559248,10.0,6.989700043360188,13.979400086720377,9.542425094393248,45.958157626174994,47.43862387810378,49.49136187397697,49.699747301217144,49.88772930186559,50.09705788390519,50.53159145578767,50.413334591451914,50.533089811241,49.27498681693201,50.51063724275848,50.21953811284416,49.68599678693572,49.93017165679735,50.31105362355941,49.18544052873053,49.61824349752212,50.12098718181213,52.0465166780555,52.61101019324038,53.43762975285702,53.80826056836341,54.21488757760626,54.45843855240295,54.34290994399758,54.43810401121398,12.041199826559248,53.023417534368804,50.9990152965462,48.79101616509497,45.37189226243645,38.88628725385226,38.30781075606361,43.61312225102327,48.82234152316138,50.56599976292781,52.742433137040535,54.01045377090598,54.818237230700326,55.11749711344983,55.09807155476507,54.7828505085033,53.98559738810114,52.93716034826109,51.09929350220636,48.698475116115986,45.80810972660946,44.47313108823568,48.08616035426992,50.35609822977708,51.16694063058728,51.87083386136315,52.52969474223572,45.76755863237645,50.506117305295405,53.95719439537642,56.262582235348304,57.9605370040254,59.12496792438658,59.96460009052316,60.43354417416383,60.61715539633639,60.47912014191112,60.03413998064934,59.16172223801639,57.82439656667228,55.95110255778038,52.94873874778618,48.106357002755374,42.03495235193291,46.98622429702098,52.4283946867282,55.30693923284691,57.344173541055916,58.71960942047914,59.58247483124972,60.09104852191335,60.109051719686974,59.89727837317632,19.084850188786497,57.96125932102139,56.55368972452062,54.52491782788313,51.938200260161125,52.18317515559178,54.160410669644335,56.71493120944113,58.913528851148854,60.28704611044985,61.48377120923962,62.35981190082239,62.95925162802435,63.15705911806046,63.047821137590404,62.614420229283716,61.96430715923366,60.760302555652345,59.1961617940411,56.771706143493105,53.35475954126323,47.00296916309132,44.14973347970818,51.212117439088836,55.348342588869095,57.746286270966216,59.55451541470602,13.979400086720377,16.532125137753436,19.138138523837167,20.374264979406238,9.542425094393248,22.671717284030137,18.633228601204557,22.576785748691847,13.010299956639813,9.542425094393248,18.129133566428553,54.279856822680856,56.91397147504596,58.8910552521305,60.597530726792705,61.769358638315985,62.68455575319137,63.16760587506319,63.36956186808594,63.13820836928237,62.7869805342216,62.01511282330173,60.78155825276656,59.281217710394316,56.723906769658505,53.332658607261735,47.77136712504173,49.16306526616384,53.375171633615246,56.95176862934824,59.23795605701024,60.407795024512566,61.5998384382865,62.11634125890364,62.558535882434995,62.71723843351129,62.515226365091046,34.959603948817055,59.799765399963405,58.833189739271894,56.32619236619118,53.23905628876878,52.80760426326267,52.77895593794787,54.345257917803885,56.56475768582442,58.565524790525444,59.763279656310914,60.6197844093569,61.10440206468459,61.260316737424446,61.00275748278227,60.19194414867286,59.23749537447715,58.17380242657893,55.61684426175566,52.54098324143592,48.10340069873271,44.93039588317651,47.68697285559767,51.81800727821846,54.628829388173294,56.432009101311934,57.47257174632719,17.853298350107668,23.59835482339888,15.314789170422552,14.14973347970818
10.0,11.139433523068368,6.020599913279624,0.0,50.50186349675361,53.00301942491899,54.70851324526117,56.23750507783343,57.638261638513164,58.5215292972333,59.075967563411666,59.19054022376336,59.266932395550064,59.36467998405693,58.390611508983746,57.619774263088274,56.95258342678934,55.261013843159425,52.94477248724299,49.51813330302852,45.73567773039218,45.80069222725036,47.81389120778691,52.292260674865986,54.36889044998875,56.16658225726621,57.48352407375742,58.00634609475243,58.24834321209427,57.9788356638467,23.443922736851107,56.44411999195767,55.30677287547219,53.1928307373836,50.79835813362318,47.427015703863006,47.120601424610754,51.10242809528675,53.25115254715637,55.984326407310895,57.18456845439327,57.86283523021346,58.2220993705991,58.3155369246056,58.02215965703891,56.98811023460367,55.43472031701512,54.76792514172491,50.342754238464266,45.88742171107468,38.89189612047073,40.65803712575022,46.942541120252784,50.58475373298818,52.98328988073496,55.296625833456346,55.913596043469724,22.09515014542631,10.0,12.041199826559248,21.367205671564065,14.62397997898956,10.0,6.020599913279624,18.692317197309762,9.030899869919436,0.0,12.041199826559248,46.08461847383728,47.53031223390575,50.15849946370661,50.26565947732366,50.74995531909306,50.3389398651317,50.157326860641405,50.159378708280244,49.642832068903154,49.45650733956227,48.73553093513618,48.32489752232903,49.69136233596713,49.86950787858517,49.54599449291496,47.18310656933966,47.62776062769659,48.73122885967887,51.27603626333557,51.80424099207927,53.28106299336059,53.95090394331264,54.12050420168896,55.04260120777677,55.258478330590215,54.65174578134159,20.0,53.78634063849602,53.855222661296345,52.40811243496589,49.11333422447613,47.27191403365907,42.836629900588306,36.506959797606115,42.43583675998191,47.72981450344964,50.41286072518762,52.42553850731757,53.65746238428721,54.44452341541785,54.739655250946626,54.18463706973774,53.53543104191879,53.68177134956983,51.18383785178458,49.032311097673535,45.99468220974741,43.78216149749878,45.87048357103245,47.64303187919987,49.37517892017347,50.82343672876192,51.716006801381944,49.85767667640056,52.84042515441173,55.516658716247335,57.126244512140005,58.6146331694769,59.348376744153015,59.83020197225025,59.92055317760396,59.79953345254416,59.53918598013604,58.36305122821399,56.817928028799436,55.001074301141955,51.816521133055666,45.86598555678398,35.42202782434028,47.56803404891328,52.76978513909275,55.683249523140844,57.755995268007645,59.09703621495397,60.07239808713795,60.530081051415436,60.819899911954764,60.6156857702308,59.73589623427257,22.944662261615928,57.49108375846162,56.24662581523229,54.095358241366625,52.753044426382914,54.024505388513646,55.92897021993048,57.92573774814153,59.77476672974879,60.894020272057716,61.81111814164059,62.407952787869505,62.83594730670315,62.753539755162286,62.39404097702703,61.73203173506036,60.5527509770668,59.37279616642658,56.853511457030365,53.473300153169504,47.46898742227997,40.63333358951749,49.93757974203031,54.912159705950785,57.595326258809834,59.317761010774404,60.60216072833608,16.989700043360187,15.051499783199061,9.030899869919436,22.85557309007774,12.30448921378274,20.253058652647702,11.139433523068368,22.944662261615928,10.0,20.681858617461618,20.644579892269185,55.695073380945686,57.81393431443813,59.58855226218978,60.90961667690018,62.09034343880947,62.690178933506076,63.08002775624886,63.09175410437335,62.86672440490661,62.44321908977321,61.282040508403625,59.840238701210964,58.03392922726338,55.12761751366788,50.39719406143583,48.221288341175814,51.74248843211402,55.50156168536969,57.8994716973751,59.901834046096155,61.239420823548976,62.12982195485506,62.39746059614166,62.54031788869821,62.290661769440035,62.28618477861832,32.746196190912386,59.943945883481355,57.80441172835631,55.730585176175246,53.80017575580474,50.713111607383645,52.24546010966484,54.91671193462834,57.11389599626845,58.89580682110831,60.129325060513,60.70418031250909,61.111942716261126,61.16795300105593,60.85386562047883,60.09196278714615,58.95942172848328,57.88033959542923,55.32953013733988,52.475927853658874,48.07589142389763,45.64524037385864,47.41246171744091,51.65520310779377,54.4048874601238,56.56789837778162,57.66098167097493,18.633228601204557,16.532125137753436,6.020599913279624,14.14973347970818
12.552725051033061,10.0,19.86771734266245,0.0,50.18409207382068,53.025581918465356,55.230176972834116,56.88209743541673,57.91338299615312,58.70823364566866,59.30005593237936,59.499225446987154,59.6517582138539,58.86094603372243,58.69073232018468,57.77479021593925,55.52086334142458,53.52747698121518,50.69020241410887,48.342553478060964,44.37401719156305,46.45392791347661,51.15227631335041,54.01760580177574,55.88062074144651,57.16972742052146,58.243894559362076,58.294022017587324,58.28858312183307,58.660178156264365,23.05351369446624,57.13339311723815,53.861938713206065,51.63650277535701,50.63333358951749,46.89566339836786,49.58668980280063,52.878465002495176,54.738926086897024,56.411021237730886,57.24734504534161,57.87628350375191,57.7767181426769,57.565425461170356,56.767466360295316,56.340982307292364,54.67909861286499,51.16252327115467,48.51368437591135,40.600175425316,39.915804571743394,47.5263223899696,52.53650526715356,54.48325952522285,55.66448098986405,56.31038712191497,56.95495685763659,6.989700043360188,18.129133566428553,3.0102999566398125,6.989700043360188,12.552725051033061,14.14973347970818,6.989700043360188,11.139433523068368,11.139433523068368,12.041199826559248,14.14973347970818,47.85507788089226,49.13103571135053,49.13225567692707,50.006943158663546,50.4573751255501,50.21706008805968,49.69415912353981,49.342206159204196,49.04309725767541,50.72929674211486,48.81099218389017,49.04482921809529,50.38683731969489,49.99204513005313,50.068424102946054,50.567867376541564,51.012313867907,51.865749602921426,51.83910133804047,52.49543209295939,53.35740651683224,54.01615911220822,54.10017608203053,54.64616210605003,54.425832348462905,53.16205262499452,18.692317197309762,50.69390562884532,49.87563487610744,46.675836885381905,37.67081621363322,28.773713458697742,41.86193249920351,48.08298768532504,50.66519730293415,52.965072362747364,54.085062283358624,54.70829293472811,55.63613963922157,55.5129015795239,55.481977211240256,54.067530177241274,52.96325079116333,51.766757155122306,48.813846567705724,46.8131361375804,45.80810972660946,47.64213505522483,48.49941236398631,50.5355859221326,52.16503702147969,53.142465352884216,53.09868538182918,41.4813973650122,46.80607428991788,50.780578669791865,54.13542833884183,56.5275868027325,58.381561847521475,59.6049075557231,60.40010616376021,60.80877828840143,60.98320047188264,60.74079196230247,60.21331972390372,59.617294997421375,58.23834687421912,56.19821416005518,52.821143463424335,48.002013911267184,43.60688062030678,48.19280646972481,52.8811726229935,55.76454229060971,57.7170063255285,58.97719987389177,59.91883666679776,60.27630483030095,60.173109484672906,13.979400086720377,58.89046654740746,57.874803113337165,56.019785534775686,53.1488850803193,51.437297038681216,51.51810969867489,54.3635668400566,57.20163439524184,59.47661593172202,60.86932579162186,61.97406554182459,62.71496123758375,63.226641152957455,63.412069302581614,63.118237662484276,62.621529142414104,61.9345242260798,60.36782946777464,58.55699619919258,55.831193917435684,51.51250303203928,45.28723923260994,46.414344470964366,52.86676480499878,56.54771243139747,58.702645809297316,21.702617153949575,18.06179973983887,14.14973347970818,14.14973347970818,20.374264979406238,25.2244423350632,20.0,19.030899869919434,20.969100130080562,28.175653695597806,15.68201724066995,52.54985293245886,55.33924504819994,58.2564483285004,60.190231876797725,61.51752179799175,62.40620376898572,63.19685981024605,63.48666948717873,63.576728579442246,63.12452407152441,62.636289683478026,61.73781921633279,59.85265211758925,57.76559543127699,54.42644362133075,50.4588993018164,48.0033896758527,52.03125396035934,56.20703287480776,58.72152775060528,60.23814003516829,61.54712696645965,62.17270429418654,61.851436563358774,61.9562986345663,62.76060183363862,15.314789170422552,60.9658260530377,58.32496777837945,56.61481397843616,54.30258930332081,51.17022582573523,51.320162114067244,54.129139258233074,56.484302731681815,58.438305339740864,59.64882097047503,60.74977991537824,61.03998596797865,61.17834518543748,61.0147796164599,60.707211116763055,59.87453980666477,57.93631859222769,56.57073071239725,53.88811413473523,49.98346537396365,44.752788388753835,47.11579480965868,51.64379626536971,54.44158822304399,56.27309517569475,57.52620724390787,0.0,19.54242509439325,17.24275869600789,13.010299956639813
16.989700043360187,18.573324964312683,23.05351369446624,14.14973347970818,49.18711665382321,52.68486704293541,55.14026818224606,56.72327880681866,57.7838064204262,58.613031636584864,59.01546588092107,59.32287018493624,59.286876738308294,59.119396999305906,58.43582191594429,57.58470564258792,56.48719984594113,54.66780159758183,52.148915118995724,46.97891616266296,41.22314197968806,44.72244352673472,50.350172628160685,53.23363496344869,55.54931103782994,57.119117844462025,57.80666479904474,58.57332496431268,58.730443561739,58.11678205568357,14.14973347970818,56.48984165557997,55.77565324953903,53.755831477397685,49.61715270453766,49.31808622678894,49.23295840655504,51.111616595775885,53.78327027028166,55.49398118694947,56.580390760826674,57.352235198572515,57.95382900051439,57.671358212589006,57.197637085033186,56.020708485542954,54.47785753421045,52.59146932435031,49.07610187727711,44.3407365378505,43.088204331099604,47.96553519877108,50.50557614282048,53.256839301354724,55.0208009206991,56.12000361083612,56.75595973005622,14.14973347970818,18.06179973983887,9.030899869919436,15.563025007672874,19.294189257142925,10.0,0.0,12.041199826559248,19.294189257142925,-inf,16.020599913279625,46.39187559935755,47.42921422599296,48.63322860120456,49.519249248614045,49.6815593714997,50.365690160760074,51.01736766201846,50.98481051205571,51.49000370285017,49.71841547740717,51.551082008863105,51.217961306361495,49.188059189988934,49.461819750781316,49.828860481643034,50.488960601246944,50.41866202721293,50.6686240421928,51.43838865010029,52.29681842317675,52.93373605321029,53.17938039636056,53.76987335620002,53.64672918373458,53.78363374072967,54.36812806449815,22.576785748691847,52.89671433907964,49.834864605786706,47.055986091647185,45.561697793976855,32.397998184470985,38.945375849957465,45.41791347494252,49.63674518352808,51.42301847443073,53.16808752053022,54.680710075991,55.18204559393736,55.433191717143444,55.40164236237423,55.4649947864116,54.876953862856446,53.140042334207735,52.44430519678155,49.92646287008924,47.49581734865559,43.93505008589961,46.8524896024201,49.414120403735495,50.5164637216553,51.44515052361274,51.969826540449525,44.60476869051451,49.860592654066174,53.855508662412284,56.34084111168822,58.029720192279115,59.19869565728192,60.121489764384826,60.58412737272221,60.84691359659296,60.57224739957587,60.26537350058942,59.42665201522238,57.92559770961451,56.0474538336247,53.22047611079924,49.414120403735495,44.88959437748713,47.43196081448701,52.48544588790133,55.38504613154735,57.38406333438287,58.68142270662092,59.53663546940505,59.927973258375246,59.927973258375246,59.77237838204439,22.380461031287954,57.819398209040116,55.65754576969035,52.97686116755937,50.62435314574367,50.56237658980227,53.646053960070276,56.71703117438621,58.9237791524956,60.578018472558135,61.77363324750361,62.678965124404236,63.152753380757076,63.326630229935425,63.20742875222279,62.96368759904695,62.23726914850395,61.09453335963803,59.55911332767133,57.20318928990875,53.85722427369895,48.27885982789856,43.918169236132485,50.740297579218314,54.94640119870076,57.710264304980086,59.453750195528954,16.532125137753436,17.24275869600789,18.06179973983887,6.020599913279624,15.68201724066995,6.989700043360188,21.13943352306837,13.010299956639813,10.0,3.0102999566398125,13.979400086720377,54.03635189790548,56.90063112384906,59.10513949864221,60.758989986530395,62.049627813835116,62.90762057507416,63.3651456757018,63.56305093370661,63.46059433052574,63.06351244838213,62.26766116685722,61.051915853158285,59.35713280113005,56.85871559815268,53.23313990462066,47.44957609996987,48.235589930939824,53.44101336512821,57.01565394822665,59.049210158475404,60.635862796559834,61.768185273266376,62.1761289736795,62.4403181744525,62.25212071605994,62.12991769626734,31.809855807867304,60.38833084899028,58.55097982660549,55.92897021993048,52.186326460798384,50.97826275720638,51.77397965310998,54.37028780922097,56.987971207261,58.63658267675302,60.06003689781164,60.8148700859889,61.22664035528978,61.291689419806914,61.11217132220708,60.381243939816585,59.371667037150324,58.04450894529425,55.863937417221756,52.80698990972074,48.020892578817325,43.36099340085085,47.996850909091,51.92344395046124,54.72244352673472,56.43082381324999,57.539237736113094,17.24275869600789,6.989700043360188,16.532125137753436,16.989700043360187
15.051499783199061,12.30448921378274,15.051499783199061,10.0,50.52131957619743,53.14332888492302,54.99721440000005,56.39447640088851,57.79148980741438,58.596293789980336,59.13946239058085,59.329407859307636,59.35519861189685,59.14918308864656,58.49341393494722,57.5828345113316,56.09382011836617,54.13160566324443,51.143740923839374,48.604218622368684,44.34888120867316,46.48603928135281,49.90534198958912,53.37930240289517,55.46780719911824,56.765189424082756,58.12087412231341,58.262562609882025,58.36379823379233,58.462938042529764,0.0,57.03403162310714,55.044028924681584,52.578728841735725,51.23753668755842,45.983636601720264,47.753774027007566,51.31034508028235,53.52601169161282,55.59200172682758,56.955044413300946,57.50695031943975,57.56140684430032,57.5581389778315,56.93819248670681,56.19832880366392,54.55984719223953,52.47334850657456,48.06668280654998,40.75765878215734,36.547539332529304,45.37617636420976,50.8036669825053,53.46482069837435,55.069931701482055,56.245419758067584,56.82219107792364,3.0102999566398125,13.979400086720377,6.020599913279624,21.072099696478684,12.30448921378274,18.325089127062363,6.989700043360188,18.06179973983887,13.979400086720377,6.989700043360188,12.552725051033061,44.82416190747198,47.1535141284152,48.71321859452088,49.320067485682,50.06590108663989,50.170709208489974,49.952226382893144,50.15162685214723,49.475366463052936,51.61397952545797,49.18161444553998,49.308930224060255,51.902196077110546,51.660184195675,50.9623198461653,49.548838264283205,49.94967886621357,50.371554773862506,51.30983116032684,51.54350925152728,52.742248363311674,53.268763440148504,53.67299999681404,54.23183593281438,54.42316682034939,53.10795237473062,18.573324964312683,51.15933200687829,51.73562105661666,49.33386041903054,42.1037203402529,39.66892295867136,34.831592097169796,43.93399695293102,48.708835883535606,51.73361116894232,53.46982440683029,54.344810782555406,55.46495776883888,55.92762825935891,55.91893429464602,54.728675676953486,53.84718906499522,54.01229891569649,50.549575960124066,48.53759033074769,45.52972237463008,46.10936831232662,45.71289471190606,48.02376865596947,50.21718402288543,51.67757315052975,51.63581745105009,45.64961804462294,50.34921095748594,53.625201722887965,56.1027892368704,58.02220759328142,59.221158765957185,60.064429363123956,60.527231759991416,60.71526329098039,60.9203252536298,60.027740803488555,59.235098001376905,58.271119807770155,56.47211761745139,53.7101241688384,49.04461276081189,44.940014503761205,47.93685638664206,52.14504754154302,55.22058022291981,57.184526930358466,58.77196210399112,59.58948319245357,60.082035905861474,60.04453791910436,59.48338620720453,22.30448921378274,57.32614068171764,56.282989962347074,53.71175036620767,49.98891134666212,50.46748721401383,53.64175632770619,56.42378444241312,59.053883695688356,60.49602900667351,61.881792772491394,62.60239346335476,63.23245704338873,63.42729342357164,63.26953471780993,62.96996925930741,62.03649875969102,61.24992368665104,59.29582394044783,57.134989432928165,53.528170893247065,47.99705754706884,44.054146669518644,50.930187251686746,55.11792483702861,57.69239186646143,59.35628166251951,22.55272505103306,17.634279935629372,10.0,14.62397997898956,23.654879848908998,13.979400086720377,3.0102999566398125,15.68201724066995,13.979400086720377,15.051499783199061,16.127838567197355,54.130397803150466,56.8998331225326,59.20278329228894,60.797960611723596,62.21200559350329,62.803292852392545,63.349755961923286,63.57791963471642,63.490732541549704,63.08982927211137,62.282065256585284,61.11026478378737,59.25267731365491,56.8111545471871,52.70317744277722,49.537113804275556,49.278321328665825,53.65996859484211,56.66032872347894,59.188059189988934,60.53072678474158,61.71605068199598,62.68691444570233,62.50365346081044,62.41516845959721,61.72535797169906,29.585638832219672,60.400217062390276,58.1597666442165,56.068637659606864,53.03563215917248,49.876707329535165,51.361654568145426,54.667905373599936,56.91276040773203,58.812214089811896,60.10384771498377,60.80647407580656,61.11499428600875,61.13379740211258,60.91839937623891,60.65542370519139,59.389183126065404,58.06074780550269,56.01751532730046,53.15403504634351,48.8482367427016,44.55058145267178,46.118931699365255,51.46329625607937,54.51602243332979,56.642676818354616,57.654338382358894,10.0,21.5836249209525,0.0,19.54242509439325
17.16003343634799,14.14973347970818,9.030899869919436,12.552725051033061,49.99756726967326,52.79055216570117,54.87456552896858,56.48680977479945,57.66410616141865,58.58663497542417,59.139970648193454,59.401228517338225,59.45473509077624,59.045510988030394,58.73218847547421,57.837621248119305,56.33650215229622,54.41445324846921,51.88782288846031,49.608749161732206,45.436956323092446,45.118833609788744,48.92634351310466,52.82143831168811,54.756653783259424,56.463498036961965,57.79421150951541,58.14973033970421,58.29105560642247,58.660863944759434,20.827853703164504,57.37082066480638,55.141757204068156,52.99953784459852,51.868433703244705,46.809697184658965,47.12085425704258,50.68111617027304,52.92477593667784,55.296215353240406,56.50452263837127,57.32400998004016,57.632819562122286,57.70477915657689,57.24919459401647,56.64245101043919,55.41021041594966,53.475914892206866,50.576356794128536,45.26041890680879,34.85863329597335,41.647096635398796,49.40601144182706,52.36144102496784,54.36893809463851,55.59391866572887,56.37694820177607,3.0102999566398125,3.0102999566398125,11.139433523068368,16.532125137753436,15.68201724066995,14.62397997898956,12.30448921378274,13.979400086720377,12.552725051033061,13.979400086720377,16.532125137753436,44.681109153372375,46.44596128050105,48.174463684679544,48.86270702112662,49.76207789636912,50.06020822727176,50.03081220536628,49.8114785397113,49.767350325050955,51.07379582804448,48.879828089362604,49.42940164741608,51.758392951795884,51.50971232062612,51.10889236512466,49.225593877338284,49.6591631062303,49.83725491562693,50.64015982056994,50.93981703914113,52.23238870550265,52.93550376844252,53.47544669645012,54.418600262895005,54.62595631791245,54.16497382893327,3.0102999566398125,52.94300854141354,53.12492592285657,51.575474255778076,47.164791364780385,45.87991426431244,38.988348380682744,33.868555291847244,43.605366145832946,49.561684304753626,51.90401740018988,53.36493755585909,54.53491105947844,55.44018407858776,55.77345861565264,55.101494076374784,54.612733676237866,54.855652794828586,52.23340158878378,50.673870650745805,47.99574867379584,46.85750693035351,45.14454774470421,45.62078639008206,48.597985474805654,50.26439286594144,51.14277296561586,50.05064627963047,53.37059726320525,55.685501935813804,57.65592565200293,58.9999549768761,59.90857655473407,60.40504632641983,60.50286931849185,60.43702113104696,60.14445349742574,59.02238478456829,57.78664138724543,56.43440831929709,53.733920378292936,49.54483717155553,42.89700410128709,47.211178288511995,51.7539583139403,54.94495492715363,57.136215676969826,58.55226498876569,59.53065909193697,59.88320787627755,60.197848799584634,59.909942423824546,59.0074935806108,20.863598306747484,56.074550232146684,54.41231536128039,51.86600395725578,50.46857900380879,53.069073090904254,56.041331343752894,58.38849720149092,60.24461448333467,61.564794890289804,62.40705216853823,63.05189016166416,63.40835992866397,63.39627309864747,63.11998056554351,62.36676294077478,61.35036555080357,60.09724899305532,57.7839583405718,54.788910130515205,49.715077817112565,42.676644317388586,48.629955286238584,53.97920899294425,57.07764287891618,58.9184620430965,60.3499722976633,18.692317197309762,19.86771734266245,20.170333392987803,16.989700043360187,14.14973347970818,22.278867046136735,17.634279935629372,0.0,6.020599913279624,16.532125137753436,24.60897842756548,55.63762217857821,58.04228054819467,60.016856955256344,61.531453827075815,62.45098409996992,63.06172956379144,63.448489270353086,63.51303388961924,63.282674471902205,62.64401503326912,61.812583248159505,60.60224012158301,58.383862261326804,55.437763486893495,51.138130444151045,47.87609228552539,51.0136208546129,55.264698046260854,57.857489760479154,59.86425055800875,60.98011029301489,62.140022496031364,62.79751787413432,62.868304217374416,62.22427712372857,61.882648697706585,32.70678836144707,60.09672236083259,58.14729581557537,55.81477466156429,53.683705738475055,51.12393834832027,51.92690086580444,55.33276237578994,57.25634803804862,59.134053175539414,60.27023254588704,60.979129429094854,61.266719087116826,61.16792645008998,60.914154511367386,60.51495961806068,59.490487806708174,57.81117462582672,55.83552415529347,53.02854537461516,48.148466686044635,44.307521043598584,46.94649064847641,51.931802735653456,54.71457474273227,56.736446996151805,57.788578514299914,13.010299956639813,16.127838567197355,17.24275869600789,16.020599913279625
11.139433523068368,17.16003343634799,17.853298350107668,15.051499783199061,49.81990660575392,52.80696715421678,54.782605059962705,56.52642731849244,57.61147210497553,58.58191790121314,59.2627760635343,59.3940192734323,59.52618593627085,58.89835976234594,58.78993174209786,57.96359213984196,56.13361825102048,54.36221503476694,51.75363930921569,49.4411237698898,44.945163553737245,45.3682348331209,49.363578912661936,52.89368182097158,54.871864705742006,56.5970803094977,57.79129481898363,57.94467133098715,58.21650411124569,58.65591911422544,15.68201724066995,57.42119209636225,54.83782649886297,52.812152326113164,51.736319930004136,46.56337812767546,47.111067334998744,50.91262365424989,53.2034987885728,55.16822164730479,56.384583061300795,57.330366829335794,57.59003432631982,57.56481681879769,57.20671881902534,56.75104387694453,55.64339332994399,52.90757832981613,50.612299969846354,46.182782641093006,34.63743721247059,41.9228861256812,50.06059369384634,52.61543582154468,54.289135567501894,55.383449652435644,56.335593449132936,13.010299956639813,12.30448921378274,17.16003343634799,11.139433523068368,13.979400086720377,12.30448921378274,6.989700043360188,11.139433523068368,20.969100130080562,14.14973347970818,18.633228601204557,44.95544337546448,47.16487479070017,47.72651703812302,48.79267956824613,49.46894195102327,50.031329643539095,50.005425290922936,49.793662423961614,49.526423264791,51.055680868408416,49.349527078178575,49.34871985811743,51.54223061647266,51.31390872653946,50.76429251675249,49.692294798626435,50.0525775168898,50.208458638657724,50.30599721965952,50.87852375163169,52.00943473102828,52.691882694830234,53.38954252377607,54.215512819237816,54.47475880603701,53.971227665975775,15.314789170422552,53.00378064870703,52.9052653307233,51.60759563954066,47.64460087566783,46.247563628193326,38.47140617413406,35.02017214827148,43.670575906128434,49.532763366673045,51.50995772980126,53.43087431996766,54.459714081970894,55.36837361941324,55.74272089618582,55.134120565099536,54.80311704974263,54.54712265664394,52.453670560515405,50.445907125321426,48.30113700166691,47.08293397717032,44.73121863290729,45.07126940370548,47.52424929361883,50.665271826023556,51.29074097924121,49.94497521225448,53.485093033545546,55.591138828198,57.658391103490985,58.868385854254335,59.93775597108715,60.44433917613106,60.52209369872223,60.44530353189836,60.112849079067814,59.07682710037961,57.88892769663832,56.48560033156417,53.83958910679112,49.78148548764298,43.20935195468596,46.86797089290757,51.82739823515358,54.94378643304243,57.119969279127616,58.47262867100973,59.560170736148656,59.77778460074753,60.18970808600747,59.96223068153044,59.09252130739992,16.127838567197355,56.2096843564429,54.42142550402692,51.925507279381634,50.45952445019048,53.09206310648898,56.054257265981335,58.38686042350443,60.19799403088104,61.657560941827434,62.3381643111087,63.02280914824962,63.36988770436452,63.41390400391628,63.1757134316728,62.28329767279183,61.42001306282736,60.07106101237345,57.85230149427613,54.68385735708988,49.425239365135965,42.34719704621875,48.34782994481185,53.50048274498305,56.89630242434958,58.996481725712435,60.41126104471434,24.857214264815802,20.0,24.29752280002408,23.654879848908998,17.853298350107668,17.16003343634799,16.127838567197355,20.863598306747484,17.24275869600789,13.979400086720377,15.68201724066995,55.468941516799205,57.99939187320846,59.96206858598805,61.61111842717054,62.37359978631816,63.14640040338253,63.48047715761134,63.517128401507705,63.3049108712011,62.53249295496403,61.930380092205326,60.60692553258171,58.30646399712519,55.443818638089645,50.99131384370479,47.64743857205855,50.75141674128388,55.033779753357415,57.87931354275738,60.036603994447624,61.234050350541374,61.84188152508686,62.403377902447154,62.33615617352295,62.552112170020976,61.7507672117621,30.6333335895175,59.84207212632482,56.268411086274824,54.826463767431505,53.70500136438346,50.01028060151471,52.065506457499794,55.27662117367916,57.21669673262653,59.316815713472224,60.15284711558945,61.060194582466934,61.22823792646778,61.33693757837099,61.0631637221628,60.430107699558604,59.58040886192269,57.65224349086509,56.08385881464912,53.02912917496063,48.69806485972771,43.41652111943532,47.86105176895488,51.85513824218539,54.615660517740785,56.62044436650725,57.72304833467637,6.989700043360188,19.54242509439325,13.979400086720377,16.020599913279625
0.0,19.86771734266245,0.0,13.010299956639813,48.8032187552745,52.06558743248391,54.84222941057154,56.56146134740865,57.69123174681447,58.547777391314284,59.01367856662324,59.22626861435806,59.45197189398441,59.13771480123387,58.6731719714527,57.919943384701355,56.80876457813966,55.19687579811624,53.0834240780497,49.2403621995193,43.88030116459972,40.90786927949267,48.99130772336199,51.91789040104612,54.70300212635526,56.43440831929709,57.19651088426305,58.141796486421256,58.4204978767944,58.15597005603696,18.06179973983887,56.88152755591566,56.07225483505928,54.421221520398646,51.12229523048477,49.633013339681355,48.84931236663168,49.77764747027819,52.96358004741391,54.612418360241136,56.06832624848885,57.07532705938016,57.83321749394602,57.909807448593384,57.62879537808093,56.998862670486005,56.014743848725786,54.10959345884617,52.42442036037531,49.078626205128664,44.445600196012755,43.01203678722446,46.72181012747471,50.5941572509423,53.2671672582675,54.75329718989474,55.670381354977394,6.989700043360188,13.010299956639813,13.010299956639813,20.0,21.13943352306837,0.0,16.989700043360187,9.542425094393248,16.127838567197355,18.633228601204557,0.0,47.60460180960834,47.50670357260234,47.275575224348955,48.81664204489744,48.975666156964614,49.6695790846664,50.20382002310025,50.18700498666243,50.71329586860343,49.51458948821007,50.98605658496943,51.02522888123654,48.75275462504668,48.61803148214179,48.57054941839558,50.74121305906297,50.33584575515413,50.429454697907985,49.53672727513225,50.91969276035029,51.074033233611225,52.194089917686114,53.21376773959882,53.69085920821508,54.255749744495816,55.07484809550384,18.692317197309762,54.842941436441,53.155715346144525,51.92202135565056,51.57716602189155,47.16754357432698,42.09783014848515,35.08664363052943,39.28651846653695,44.0257086822233,48.47726855657811,51.5599760462969,53.29438560779451,54.14184219947469,54.78567938430257,55.49341732574197,55.50801732447014,54.39963935920905,54.41168637059276,53.20250171886434,51.4243952599808,48.63893611903713,44.62427948209778,44.708366372814254,46.46952374802322,47.10667292450161,49.33573328348382,52.38289541042719,55.09366528284845,57.07971925504243,58.59990431937072,59.49480271959408,60.1611743262735,60.39649248781736,60.275029090951726,59.97659371069136,58.90574140694832,57.911641250333346,56.14404666141901,52.89241020912886,48.64760194956592,41.118671468044695,44.684950245070695,51.19931885456943,54.64365828914546,56.97818467239058,58.454478163915354,59.39801202894412,59.85662195625599,60.179827375864775,59.907019472232705,59.379930490444636,58.562097221114584,15.68201724066995,55.16342311220069,52.23662046950374,51.04657791008797,52.77547331525998,55.49633390443461,57.97651102094103,59.82708926009015,61.160927932140375,62.26635214361884,62.82694602516138,63.23857626957388,63.25450391140186,63.05048762889954,62.5015080270639,61.68277334126338,60.34783219139285,58.518531082211,55.875594405136,51.551082008863105,43.72046232079206,45.637301992926105,52.47209512789139,56.02221735899414,58.39581737729336,60.065554591979684,61.12007100135936,10.0,16.989700043360187,14.62397997898956,21.613680022349747,14.14973347970818,12.552725051033061,22.14843848047698,15.68201724066995,11.139433523068368,6.020599913279624,17.853298350107668,56.616697895546785,58.986621165746634,60.64541844892793,61.85886507594881,62.75594187424165,63.29535570582698,63.462171872925126,63.42531043515953,63.111995171391484,62.211705472355796,61.26815604579285,59.71890200529151,57.32998134375313,54.10718199047149,49.65789459245144,47.05812414630624,52.23885151875885,56.315949340053805,58.9224268299641,60.61490176624815,61.54414538443885,61.93341134816792,62.694727817959226,62.77119870424222,62.68736357526144,61.67851749351047,34.881274962474585,59.36757462070617,57.65854747465791,55.34660575828444,52.09356816755283,51.70475875401586,53.3786840353569,55.565834948839516,58.147541990687834,59.13023459103914,60.39551326623717,61.09411816011438,61.29817777603833,61.399926804629274,60.96938501791647,60.24198232206868,59.22456599949002,57.52928443233907,55.486227810298686,52.04708595484096,46.98144059924503,42.874658053432285,49.01403826825252,52.7571205684479,55.12125162271915,56.51728554626494,57.600611750861,0.0,6.989700043360188,16.127838567197355,15.314789170422552
9.542425094393248,16.989700043360187,18.633228601204557,17.24275869600789,49.13559556788336,52.48662192807231,55.00820814310125,56.51759542390583,57.77595722120097,58.623156767347,59.175270399423766,59.35427654667387,59.548838264283205,58.93930898744163,58.894854682541904,57.962745249321216,55.90860774866782,53.9698002624495,51.240605745122316,49.660713008959874,44.90365878570827,44.78883804186282,49.475366463052936,52.93901496778882,55.02788881339714,56.38053745801973,57.75293621488718,57.95877932725559,58.13657033478336,58.640819142827674,15.68201724066995,57.37817386289742,54.75613084841581,52.64319514763586,51.82414652434554,46.9284691927723,48.186217263758884,51.17884179630715,53.439774324706434,54.973070712667045,56.40570870560806,57.361773075530955,57.532712047058574,57.40211844671411,56.99207932525731,56.970697232893066,55.67766037347574,52.73059174134606,51.29689892199301,46.814673735337315,38.4491187391214,42.70678836144707,50.076837809750224,52.95120481636626,54.67686523060772,55.10723248830178,56.06876651284846,13.010299956639813,12.30448921378274,16.989700043360187,14.14973347970818,12.041199826559248,16.532125137753436,13.979400086720377,9.542425094393248,12.30448921378274,12.552725051033061,6.989700043360188,46.407993394327114,47.40993931584886,47.640415624786954,48.76477646530935,49.36674562507357,49.950030336680236,49.96060507127386,49.71517056454332,49.61459063508849,50.97604328874411,49.52637483145243,49.711459121494705,50.90614232931648,50.67342437754708,49.958676334708855,50.38739348104749,50.25752221644693,50.825448266036744,49.863461858886176,50.76221600814062,51.86617351853637,52.406740276203074,53.54433077815064,54.147728580933304,54.36569706717928,54.09439403154177,6.020599913279624,53.1637717479607,52.98320247907426,51.25318578123526,47.96470256567705,45.58768551816584,37.5350645699097,35.991185650553625,43.68472838440362,48.81276212284086,51.76698846118572,53.21411997974006,54.40350119100418,55.164904217600785,55.54315892220325,55.34985065924232,54.852471337421676,54.45294327150875,52.78831309854791,51.05169427999331,48.9256205278148,47.17087724927019,43.93224116361297,45.28093588006807,47.54485942441285,50.651650138939644,50.9296263152966,50.087449124671075,53.41699571066826,55.698009704238615,57.55597428148636,58.980584228077795,59.921490778413364,60.4389057744993,60.60666494490249,60.43098477015198,60.194868411033084,59.17319043239107,57.913853428626105,56.28726016090374,53.39811051196696,49.02899941580645,43.463920983173296,47.09337814187734,51.87227331978954,54.852045072352446,57.072089654163555,58.63030058857029,59.376587891933646,59.929615540661715,60.2037868723048,59.91284568561034,59.023298496777656,6.989700043360188,56.23352681537992,54.41275560056529,51.60927494154581,50.84376063140656,52.93258665234858,56.02551551535258,58.353309409222405,60.24841003409891,61.62244392232223,62.5369556939375,63.08645076003219,63.378285041827226,63.39825945736048,63.03517661937177,62.423150293242955,61.3173219474247,60.18044818314518,57.682569090337566,54.72061314578335,49.62393015203404,42.56356886395526,48.32777070610699,53.69536819741541,56.896329048391735,58.98559547819514,60.387445120988026,18.129133566428553,15.051499783199061,14.14973347970818,20.969100130080562,10.0,14.62397997898956,22.278867046136735,16.127838567197355,13.979400086720377,20.969100130080562,6.989700043360188,55.3404769325702,57.77400720434072,60.17152336386311,61.40689641976026,62.552300386777944,63.07791172280395,63.51627231431284,63.59031388443927,63.37685434868489,62.67386240366561,61.983637016690665,60.59258888521522,58.084763315458844,54.9843737683328,50.349691819441496,47.57775491011926,50.102363346241354,55.19256868861753,57.89682223685284,59.955649999179236,61.19320896580274,61.85574166248918,62.49962288075166,62.2615249326516,62.523687289282286,62.10988576884795,34.07220892927397,60.115848211707615,57.65290710677215,55.88159616383092,53.50825401122708,51.22491117349504,53.0534491948068,55.129884026335816,57.31946366992414,59.042913196281944,60.28032523660335,61.02473497033657,61.07754193081746,61.2554176993046,60.77584816633988,60.51424980879784,59.538683725256085,57.65192283111432,56.054257265981335,53.2383146058677,48.99957223499185,43.547421234241675,48.272723215003694,52.20338255437263,54.843980784619646,56.43694432249217,57.70991110816567,19.138138523837167,15.68201724066995,13.010299956639813,19.138138523837167
16.989700043360187,14.62397997898956,11.139433523068368,11.139433523068368,20.0,16.127838567197355,18.129133566428553,0.0,12.041199826559248,16.127838567197355,20.681858617461618,12.041199826559248,18.129133566428553,11.139433523068368,16.532125137753436,3.0102999566398125,6.989700043360188,9.542425094393248,15.68201724066995,20.681858617461618,12.552725051033061,20.863598306747484,15.68201724066995,9.542425094393248,15.563025007672874,9.030899869919436,20.253058652647702,14.62397997898956,16.989700043360187,3.0102999566398125,20.969100130080562,13.979400086720377,21.702617153949575,12.30448921378274,19.54242509439325,12.041199826559248,19.912260756924947,16.020599913279625,9.030899869919436,16.532125137753436,15.314789170422552,20.374264979406238,15.314789170422552,15.051499783199061,6.989700043360188,13.979400086720377,6.020599913279624,19.54242509439325,20.043213737826427,3.0102999566398125,15.051499783199061,11.139433523068368,16.020599913279625,6.989700043360188,16.532125137753436,18.633228601204557,9.030899869919436,13.979400086720377,15.051499783199061,15.563025007672874,14.62397997898956,12.552725051033061,15.314789170422552,9.542425094393248,9.030899869919436,9.030899869919436,12.30448921378274,20.969100130080562,35.08664363052943,33.44392273685111,28.457180179666587,24.16640507338281,17.853298350107668,16.020599913279625,29.54242509439325,31.690863574870228,35.79326203755255,35.62649672211917,38.8320703335239,37.147487607250596,38.59258417467307,37.80245283865353,37.82257573663302,37.580788222496125,35.33772058384718,36.422666189026735,34.6686762035411,27.634279935629372,28.129133566428557,19.294189257142925,22.380461031287954,29.934362304976116,32.21674997070769,32.46005904076029,18.129133566428553,36.78518379040114,34.97620649781288,36.13418945034573,33.08777773664721,35.07586039763011,33.56599435724971,32.47727832909723,29.4101424370557,24.16640507338281,20.644579892269185,27.17670503002262,29.375178920173468,31.49834696715785,32.10853365314893,34.761067168401915,34.48551739201578,36.19615005742806,36.17105230502378,37.06717782336759,35.16006230386048,36.0400993241223,30.588054866759066,30.644579892269185,28.041394323353504,30.827853703164504,19.030899869919434,49.48891990455766,54.632956099620024,58.05909813091092,60.47440763452052,62.39284710360256,63.67377169249109,64.7520454320259,65.36703099139162,65.6101606742485,65.63761980691942,65.27653225853634,64.4834343198433,63.315983485358835,61.43886887221492,58.67387928665745,54.632956099620024,49.02399996677087,52.352556647225164,57.29466908168865,60.38515648507059,62.46621662695988,63.83958910679112,64.63446525728925,65.03599088344696,64.99510167792255,64.55327648930955,22.50420002308894,62.500782879796446,60.70098848359787,57.928537570834024,54.60875300935463,54.39411649285785,57.810426908278316,60.85119253273609,63.38448724046668,65.04477658912005,66.35810350148775,67.23664805480415,67.70153782337943,67.9243434632901,67.83212873521401,67.58306181725307,66.82993423888782,65.85477988141086,64.21218977984452,62.06199609049045,58.62191031051597,52.85478543798969,47.64691597781265,55.33752998817204,59.86079894140016,62.59724052165481,64.42128428561242,24.082399653118497,15.051499783199061,24.487063199050798,6.989700043360188,11.139433523068368,19.294189257142925,19.49390006644913,20.043213737826427,20.170333392987803,41.75453826250483,22.576785748691847,36.71080232738849,25.76341350205793,34.930395883176516,38.17234730425498,33.27358934386331,19.54242509439325,40.10469569796392,42.08441356438567,45.057602759200854,41.97556213153536,38.85587356189656,38.206611346435956,33.80573003066887,47.69081787118218,48.406141476488344,50.25576190887275,46.05574376060999,45.45616332913136,46.430280448091274,29.185545305502735,41.092747382302946,54.889171740735286,52.786370115226156,58.7773118886153,61.45246143507302,29.49390006644913,29.030899869919438,35.9955559098598,63.09637405606946,68.5218174076593,61.26343467893638,63.56940355838831,63.51994862358619,30.86359830674748,58.77050978754461,54.91816764062082,49.27067380610499,55.35370083279165,50.62363842179684,47.9788356638467,41.922607186420436,32.94466226161593,46.6651798055488,44.85565279482857,40.836817472743014,37.756104480063605,33.90581878550435,15.314789170422552,36.75136504467994,42.21414237842339,33.36259552014193,32.657609167176105,36.80969718465897,32.09783014848515,37.032913781186615,19.138138523837167,12.552725051033061
3.0102999566398125,13.010299956639813,12.30448921378274,18.06179973983887,49.068197154665455,52.599425122606824,55.13627721392119,56.76593024518753,57.84344792558912,58.59333475707396,59.14089700644944,59.287562490410735,59.2213614048994,59.14850683474405,58.44266501151124,57.60907777539085,56.42924292578974,54.70594226005072,52.18729765220013,47.4592536276065,42.25955072896014,44.307198878632825,50.13654446877982,52.941155626889014,55.19797815165019,56.77286588027081,57.3880671046685,58.235694244336,58.21943025129393,57.52276680689373,6.020599913279624,55.699938875674476,54.8754701412945,52.58397804095509,48.0011882432752,48.89189612047073,50.01603924149798,52.05163748475268,54.67356482237898,56.09591208025595,57.243356834008374,57.92170282979732,58.27174055176381,58.193043494811334,57.71000676847255,56.590115077660556,55.15349195796935,53.12959735882106,50.293594240407884,46.39586086673426,43.76211850282672,46.95569227036185,49.67421600602861,52.580479279855076,54.291836117307064,55.483415018127495,56.10055135802216,10.0,13.979400086720377,13.010299956639813,11.139433523068368,18.633228601204557,12.30448921378274,9.030899869919436,6.989700043360188,18.129133566428553,6.020599913279624,12.30448921378274,48.580316300566864,49.03100844218276,49.6759477267189,50.2530586526477,50.34716669998244,50.52924683707729,50.43539104024483,50.252730870858116,50.281359268181106,48.3236838293399,50.163730440614486,49.800442979310915,47.05812414630624,47.40820431453615,48.37746220065368,49.59327645972171,49.832698661003754,50.56126996606867,51.676303866211406,52.56941328431114,53.34377340770597,53.726911191057695,54.69523059614168,54.52205181969009,54.65687642994004,55.179674379599454,20.0,54.04508729103299,51.40137068801852,49.27806491863953,47.93545937985268,39.674075565974725,35.12817758564873,42.67007369664355,47.59131254061717,49.96459133353554,52.099999739288535,53.514194199941805,54.09895944780431,54.43972928295168,54.332400395517325,54.70648596667432,53.88612671184348,51.752856198260496,51.0383791602561,48.26761352514687,44.89255168369261,43.28175661438323,47.619278384205295,50.096420792661426,51.45662470707546,51.95415296209372,52.63003692188079,46.32922719766198,50.15636341407636,53.79894453142011,56.15217548164203,57.894961011016704,59.038200734446,59.99726308254446,60.401535746893956,60.64835960415677,60.396615370479736,60.00847349954994,59.002709723157345,57.34339697658121,55.20158509092311,51.57641085059261,46.255285153131524,35.58228421803326,47.3627695523311,52.88081468736615,55.97748921059679,57.96783105129593,59.18868743380985,60.19751682409738,60.55451727056989,60.71322953546491,60.44261377794459,10.0,58.878017800475675,57.22271859585036,55.103425603519234,53.307261906247376,52.26156363355848,54.01462578419233,56.53255941052207,58.6363805540643,60.27889591364922,61.483836016437635,62.32666836096684,62.78263714875532,63.00039108995,62.88327937108967,62.58262200645685,61.77439818968999,60.63153147538574,58.84397692070979,56.40677173204665,52.13212182451866,44.96556049496295,43.44392273685111,51.86303556270325,55.897988560019165,58.47360395201563,60.05695181118511,14.14973347970818,17.853298350107668,6.020599913279624,16.532125137753436,6.989700043360188,21.64352855784437,6.020599913279624,24.60897842756548,11.139433523068368,20.170333392987803,10.0,53.53925843352317,56.54984675035691,58.87280197524838,60.49437053483817,61.850461017086076,62.6162086541705,63.220707819924336,63.43456255254057,63.29768956115213,62.89180550516406,62.08481397833843,60.86350219133135,58.96192101111032,56.49693052592694,52.797604532758065,46.86797089290757,48.22233480238844,53.756745854723675,57.197330721094005,59.463662819156724,60.96084068596541,62.04194891993309,62.63414723177564,63.02743161186236,62.4693585564888,61.92799869696578,34.71291711058939,60.34165042224573,59.05016688700436,57.661576985343885,53.60943509901744,51.918867670785176,51.74016172463816,54.263713537174006,56.709255300369506,58.451135502545014,59.97746254022343,60.70726647110484,61.139306573595164,61.356747832598295,60.9716356695494,60.450294373885924,59.40286327568248,58.123049183619464,55.890476998086996,52.89499765873857,47.887974301398934,42.955231185474936,48.18390867778106,52.02188512266052,54.95379190996324,56.43062623378525,57.485484968926826,20.5307844348342,18.06179973983887,12.552725051033061,18.129133566428553
22.944662261615928,20.644579892269185,22.04119982655925,10.0,49.85772155242748,52.885711371611876,55.08046002499262,56.520770395575056,57.79460843227631,58.651039746411286,59.206846231054946,59.4099882174912,59.44996612082271,58.91013647021673,58.697648702940825,57.74105833719756,55.961350684737894,53.9983287594987,50.917407989625474,48.90331579582784,44.68376873249617,46.59164800662727,49.89436468245893,53.328604294878765,55.28696927648809,56.44046464187859,57.87257094904127,57.941428440628556,57.98961237880703,58.39440964207192,21.84691430817599,56.82226329694177,54.01982656572385,51.651730758,50.802367456159594,45.75949502067735,48.516557603728046,52.099142746505514,54.27396839097603,55.92497639092989,57.179366555964066,57.728913444873555,57.79669348506137,57.60520490215653,57.14480646671306,56.67644373856798,55.04069685483838,52.54596409920988,49.419335961575015,43.89732956015456,35.203525040833185,44.839009596528896,51.12725622138573,53.4258255072539,54.94836124034309,55.803318329385974,56.44443513413643,12.30448921378274,14.14973347970818,17.24275869600789,20.827853703164504,13.010299956639813,18.325089127062363,13.010299956639813,0.0,6.989700043360188,15.051499783199061,0.0,46.90063112384906,48.203985227039816,49.33952715430179,49.62127730652832,50.22354126466628,50.07004832081535,49.63107529523544,49.609699529878455,48.84415827487301,50.8740159891382,48.06790271584067,48.69683385798234,50.835921927875624,50.72977402309198,50.329811930973676,49.67777230673316,49.90094550948234,50.88816245945231,51.175099262876806,51.75271116221579,52.898965060324144,53.541084391474016,54.11097565508278,54.757873719746414,54.84392384047533,53.736933977083254,6.989700043360188,52.15484224865186,52.454435700136486,50.301502192707574,44.85565279482857,42.14843848047698,28.633228601204557,42.01779353725061,47.060004764109834,50.751453270538526,52.64281705024196,53.870426079687576,54.88621213129428,55.42847825523904,55.44332263173687,54.337330413053266,53.39938134849886,53.43993168276831,50.21639904258428,47.76773802412107,45.561697793976855,46.137678481464164,45.98921759818636,48.3236838293399,50.23684480896687,52.13467285591756,52.65037275091898,46.39366942225053,50.685494775114634,53.87405845102062,56.14754887482749,57.99974294646381,59.32482896941737,60.14894190438522,60.57102905407039,60.70116586898128,60.81953672197899,60.14396196813892,59.21667751006487,58.11387307206027,56.17304450562998,53.154182098532615,47.700268047235824,40.50959459771651,47.46673112470323,52.22997241471426,55.42357281536982,57.53442100950221,58.89671955798198,59.8756795669548,60.38796943023194,60.47487093990096,59.85634813595618,19.54242509439325,57.95051636246936,56.86283149774842,54.624833508402986,51.729326130095245,51.59353602573613,54.08872285400405,56.578328697086974,58.848950080956115,60.56414660147038,61.760035227086675,62.57022558920042,63.15477025750219,63.279661132727284,63.23011263021166,62.81463583123197,61.97181831079695,61.054096893222784,59.14952117611379,56.74971307182042,52.84408172506198,46.294197936892125,43.06317781104432,51.32771829309619,55.57181057854007,58.12074023679979,59.731509537556526,10.0,15.314789170422552,9.030899869919436,17.24275869600789,0.0,21.958996524092335,10.0,22.55272505103306,23.26335860928751,10.0,9.030899869919436,54.26512887932623,56.707179380472645,59.254075020150914,60.75215822497019,62.0731384589658,62.7923699873374,63.37922261848264,63.49632202165956,63.40032430712395,63.10012348671524,62.39445888031628,61.15730965928121,59.143431571194405,56.38389407665336,52.502296517819204,49.16116910568686,49.07610187727711,54.05095240443429,57.32371240265987,59.489691715296004,60.570998591053154,62.200578534839494,62.57690331853476,62.638473659372764,62.76967038147092,62.14023209960012,35.37189226243645,61.20922542881114,58.49377640890151,56.50261856658042,53.95279203580091,49.98276779618934,52.1795220330608,54.403201824806445,57.01334802168013,58.5198014545178,60.12111811228621,60.92215193917472,61.16913767269708,61.196203984263946,61.02982573129742,60.71920650434826,59.6720948775993,57.905532598689035,56.328478802915065,53.45397258290997,49.092350033683076,43.918169236132485,46.8998331225326,51.80082845177537,54.82650664765549,56.47798481089409,57.807506701153564,17.634279935629372,16.020599913279625,16.532125137753436,21.613680022349747
13.979400086720377,10.0,12.30448921378274,12.30448921378274,50.06927903017554,53.09843004716071,55.02604625473667,56.7381408375378,57.72374523110328,58.59659978179468,59.24983925632216,59.46991359401694,59.40204098940707,58.93509320901886,58.65679492508116,57.66479770899863,55.84014435797936,53.941468672708424,51.05966380070687,48.42540595690268,44.77931182055328,46.216020556224116,50.04927243268593,53.23165438945149,55.079435309892865,56.53955004827485,57.77639204979769,57.958362382537956,57.93503320333444,58.386539290826,18.129133566428553,56.83465813310485,53.94399142025591,51.46329625607937,50.52501563413781,45.60731359881973,48.501865831924746,52.20832180284508,54.12670503673791,56.01647215470563,56.96678713084108,57.80767937885101,57.88239804586415,57.6640838515987,57.12131774494228,56.554544323982114,55.08385603559923,52.47779385441262,49.21343065066323,43.051148080353954,35.138831856110926,44.555909005998025,51.08784821229,53.209310470632445,54.69014508514795,55.820497199388264,56.53583917976265,14.62397997898956,10.0,11.139433523068368,16.127838567197355,18.573324964312683,3.0102999566398125,11.139433523068368,12.041199826559248,18.129133566428553,3.0102999566398125,6.020599913279624,47.033687702391155,48.406141476488344,49.09261764589742,49.84999604844209,50.016515178285914,49.98372693674455,49.87777951819497,49.42231347056604,48.651039746411286,50.58293134312226,48.06451323247262,48.348020540487,50.808356481739736,50.59495258231457,50.10681493131443,49.66315415797497,50.213299049957755,50.52693941924968,51.261476483375795,51.71410488210482,52.98733028681218,53.568000093778245,53.90557141789224,54.69377188473233,54.92710114086918,53.809778183528074,13.979400086720377,52.38678256755419,51.98448135553065,50.605845313608654,44.53715751700767,41.57305630327966,29.49390006644913,41.44792078497715,47.03428954577213,50.79991173383291,52.414393879055545,53.83465276880248,54.85160455448959,55.43496881899322,55.4669685999383,54.351321634397735,53.650722110407116,53.35072581813599,50.205477240318174,47.399597932393334,45.401041338998745,45.623523527768064,46.06080264581203,48.329302293915745,50.39469641861946,52.0517187187372,52.63882138515575,46.658623002031554,50.89145314564689,53.62906383503136,56.25989093642851,57.92538764335695,59.30847191682497,60.129873044361474,60.586271807272084,60.702218945501095,60.652158453780686,59.997084905902945,59.04837217222608,58.13432195540797,56.037342224828606,53.286405095296566,47.546693502843354,40.95413464448447,47.38820182085683,52.33706654286382,55.441499321605406,57.564383109062675,58.95476138870891,59.62804832538366,60.37134745322121,60.425062087886054,59.98756573750234,15.051499783199061,58.05845981706187,56.78169528724919,54.68650049268321,51.70543328599618,51.7655715181518,54.041235606848744,56.50194805687204,58.823155937619674,60.51378296881704,61.64700449693893,62.55662230121105,63.09702543808352,63.359767380461065,63.26422915955277,62.69140365254022,61.99223224706955,61.02605194126567,59.18498472035486,56.63743316491386,52.83703669360279,46.46452740892937,43.698093586735425,51.047772268974754,55.35863520712453,58.024138299171135,59.753490778714465,15.051499783199061,10.0,9.030899869919436,21.613680022349747,20.374264979406238,21.367205671564065,22.04119982655925,19.138138523837167,20.0,23.05351369446624,19.138138523837167,54.06778551190974,56.71330234366344,59.0675835337873,60.79593991522505,61.87998745609622,62.7005920449669,63.29362483426926,63.573569271803265,63.41724880478801,62.92383682005205,62.34825179230676,61.077938387878284,59.25469378711203,56.54163060243551,52.69216308531292,48.77952703835888,49.21561630384456,53.732523123118405,57.32272301235342,59.377224537047695,60.67600840706419,62.07283397520649,62.06048305756569,62.21961130486815,62.81357261954753,62.63675827788782,25.105450102066122,60.46732342186903,59.048264033189355,56.12640833769404,54.00484454764738,49.94967886621357,51.66575150492315,54.26226518098315,56.79155241283354,58.828300872424535,59.99771066478754,60.75542581930296,61.15144684943088,61.30566938112011,61.0415955982747,60.704368645775794,59.75895268147823,57.76355353734381,56.20102726540466,53.309674501376804,49.04228516340078,43.584298129300436,47.00997761252569,51.74850300857145,54.582237501435486,56.74897865991049,57.751121615483925,3.0102999566398125,19.49390006644913,18.129133566428553,22.30448921378274
18.325089127062363,0.0,19.294189257142925,14.14973347970818,50.59896489053404,53.30738358178876,54.83520257835529,56.84109848300593,57.87664467076587,58.748880901367514,59.34236785755437,59.443809958588744,59.28540251649061,59.20854017232636,58.30314662407058,57.43450966368988,56.363293950819966,54.376950837044326,51.6883323952921,48.0520851154057,44.49956399943542,46.45520514905874,49.542618109873786,53.21830323632304,54.99930274399521,56.613402872121654,57.653182962198805,58.14903870114392,58.2260346365447,58.03411362090146,19.138138523837167,56.3674057620294,54.52025768644107,52.271794368134266,50.20382002310025,46.88313015145123,48.006689733813786,52.02283927151903,53.979834359489004,56.18801963293236,57.185390548538194,57.84504603912129,57.96865615191294,57.92339150697629,57.45434731872311,56.09514372154888,54.567819062846795,53.20787902807404,48.17122255752714,40.3181227133037,38.49542252005017,45.182506513084995,50.08093199074759,52.80122896302308,54.604919108553105,56.214515247699154,56.74930916063886,12.30448921378274,3.0102999566398125,11.139433523068368,13.979400086720377,6.989700043360188,18.573324964312683,14.62397997898956,9.542425094393248,16.532125137753436,0.0,16.532125137753436,46.074550232146684,47.539276003484254,49.23886175096466,49.85875357308394,50.04102021183244,49.92367920008414,49.826194337809156,49.776916034637836,49.3723696409799,50.29111751104562,48.38880560211702,48.6026611739679,51.14574291136045,50.82828438707993,51.09767476207803,48.72564143090652,49.50598492585955,49.86973164367881,51.99626295501452,52.14589552452317,53.44898982389269,53.757001845879884,53.916583287224746,54.817120081839064,54.90219820755993,54.00368728344007,10.0,52.23340158878378,52.41987026133294,50.527900992334324,44.41742253643248,42.46621662695988,32.72537777375237,41.095448008783464,47.459643398553425,50.71119482711683,52.480346030587384,53.8314186703661,54.86926127619951,55.32989929410996,55.52465011217488,54.23815818582185,53.33556086395703,53.49631037224925,50.095528707880646,47.15485222041701,44.63833288046655,45.49689738712317,47.10100433223009,49.05039928076212,51.02725195760477,51.98316114430253,52.4769100592592,46.18435126515527,50.92639952429871,53.85751014303502,56.36369527455105,58.159288934550865,59.34895194925253,60.140654252077,60.648340900811526,60.80777958578949,60.79720160522447,60.0973126942366,59.27580785739272,58.20766134972168,56.301847241106906,53.41665954723568,47.380349611412846,40.686681432859004,47.01542082028082,52.222715465730204,55.33874965597874,57.56426896772275,58.86030806402704,59.67759923846092,60.39957935659169,60.42611734948008,59.937896949184044,10.0,58.06410631664376,56.87430854871592,54.796213714492794,51.73361116894232,52.31869548422321,54.315969337759924,56.69135499174489,59.12925819166074,60.52272521887352,61.711484721818096,62.621985084654,63.20655711793187,63.36896810354045,63.30171190703163,62.75026031887882,62.07270732523273,61.066518141554155,59.29846367627535,56.773605393190884,52.97760511099134,46.68199484198662,43.13719619495093,51.10273132297135,55.44841639968932,57.859509301571435,59.69301265846805,15.68201724066995,3.0102999566398125,20.253058652647702,3.0102999566398125,0.0,12.552725051033061,14.14973347970818,24.232458739368077,6.020599913279624,18.573324964312683,13.979400086720377,54.338018249736,56.904176023398215,59.0036822121983,60.770603377125,61.935308633649484,62.69297144320557,63.38996834033032,63.52557586537489,63.41160011210725,63.028350757059286,62.19715737715224,61.02339358164925,59.420378321943694,56.94423546893062,53.09459822461211,48.67219922491255,48.971430505796185,54.08951895850261,57.01880426521782,59.31837077082563,60.93829520278884,61.73699248943947,62.80826402768749,62.50949859801069,62.98241797042366,62.358891150197245,36.87439774545894,60.24660499658129,58.02659494241284,56.34005436642017,52.57217642284207,50.615730996911914,50.49070647754163,54.08031250240447,56.923268641226414,58.889793644279166,59.94449137014036,60.91019781256689,61.29768818371336,61.37812853695169,61.222217780823186,60.50448588222184,59.50412565722999,58.05192188720142,56.047108525997245,52.87129620719111,48.07074783896966,44.11518695500651,46.91823845819651,51.43530023937294,54.651477928886855,56.89384343424177,57.92941914127539,15.68201724066995,15.314789170422552,13.979400086720377,21.73186268412274
14.14973347970818,18.06179973983887,15.68201724066995,6.989700043360188,50.06252051369365,53.24136293699385,55.16282788293648,56.7003793586786,58.04973131527167,58.74976133330229,59.15240441526421,59.2792545333399,59.23402056479525,59.32374819500176,58.158890803019226,57.23061426317603,56.669155897698445,54.80002628752128,52.12531173918397,46.409284208668325,42.423674769114385,46.151606643165564,50.02157418994253,53.184014518961774,55.44213198531236,56.89973557898167,57.63392799308238,58.37270807394972,58.645407449689195,57.65927713233478,17.853298350107668,55.84245261744322,55.67578005129411,53.381575642717735,49.35854763877697,48.75043891264979,49.24981860911053,51.26391191616615,54.015177155474426,55.66367952368986,56.8965065378352,57.38635505266675,57.97966559199365,57.9495763936636,57.177911236062606,55.605760947510035,53.7580439398349,52.82080322901336,47.23431042160122,41.828709639889084,43.20437103682864,47.983605586290324,49.888130384479155,52.942589498973376,54.79236897938166,56.43931123807894,56.769129872092094,19.294189257142925,13.010299956639813,9.542425094393248,6.989700043360188,15.68201724066995,20.969100130080562,9.542425094393248,6.989700043360188,14.62397997898956,11.139433523068368,18.06179973983887,45.73672102480582,47.0835290350362,48.93434392542665,49.43420313471449,50.13047996115232,50.114054903199005,50.63288313108512,50.84476182075161,50.759628090513814,50.12487118167585,51.087442516014406,50.84826416697433,50.424534360919495,50.800850850458694,50.89527146125243,49.97757604280254,49.9202302776385,50.075173445599155,51.78453177304058,52.08624065677991,53.05362119176997,53.36061281065059,53.59860135912019,53.808350917444805,53.8644367197362,54.08256929608717,21.73186268412274,52.80259588686136,50.71307475420153,48.12010422423839,45.39941314954773,35.16006230386048,37.92951708250132,44.40940551539664,49.09111880505803,51.123703655258325,53.206550891343376,54.48820674213753,55.1057851929053,55.44695456666695,55.56940203960929,55.3249066563517,54.55834228396568,53.470761960697345,51.889650248013155,49.38219417812743,46.232906498076645,43.56599435724971,47.125907817125274,49.23166273996259,50.615919436347134,50.95448326538122,51.76163635438134,44.874777564388985,50.022956825549336,54.04000234610202,56.45183439983639,58.21752553846331,59.377104233311684,60.24941888728841,60.743519212727826,60.93745534060831,60.91095845447333,60.410150796616044,59.61878879129343,58.312937443770096,56.36893917274256,53.64201918714186,49.634336385409,44.20681717703851,47.14606345743655,52.128930926605136,55.225172618734355,57.31914967816437,58.686785224158356,59.60754664801088,59.977728830051774,60.07311131009238,59.69395874699974,20.681858617461618,57.76150341127442,56.02347616157015,53.42990839975428,50.48616573851099,50.84826416697433,54.085536975868905,56.83019105537811,59.2131859972175,60.70461235905685,61.948330775172806,62.77387541506246,63.32660802164726,63.52795309390907,63.3604725848005,63.10412257312792,62.25576497415115,61.343173856329535,59.669635319425254,57.511135168993846,54.0274442758005,48.33172620384315,43.99500661314611,50.92215193917472,55.199552457193036,57.66910067523191,59.44066438378801,19.54242509439325,17.16003343634799,11.139433523068368,20.681858617461618,9.542425094393248,21.702617153949575,6.989700043360188,17.24275869600789,18.129133566428553,0.0,9.542425094393248,54.17052974363939,56.972328310547994,59.14645629648731,60.73548630820595,62.07739091620465,62.95742321674338,63.51712260464498,63.63764802097861,63.52170164670405,63.287321971013874,62.39117212422254,61.21350032234173,59.69524472405016,57.4581932736199,53.824061114334924,47.96088428680669,47.920062572811815,53.61888306501881,56.654656015621434,58.98537056244646,60.87515934497992,61.76931529302989,62.623034519786884,62.9349713199532,62.683965879848756,61.90193822812724,29.24795995797912,60.41789291240125,59.417444183114696,56.65156807460913,53.01073422940844,50.891559255312515,51.047772268974754,53.59670457016824,56.8480318637213,58.745774795121555,60.00201899995973,60.825516498283825,61.470344543806235,61.49072783127636,61.29117651338269,60.487873923896316,59.39336510981329,58.4674584943187,55.56784782307026,52.60057070348566,47.46104628438911,43.04533610406517,46.96199070491402,51.93419595674935,54.73539520166974,56.84684714762092,57.9116061273056,20.170333392987803,21.958996524092335,20.969100130080562,13.010299956639813
0.0,10.0,20.0,22.576785748691847,49.223153568509076,52.68402440260957,55.39347134455448,57.01315796563285,58.02244041893335,58.763991437893765,59.29039135228665,59.55343737516859,59.589215868801794,58.75072844423471,58.85516136002625,57.87828724761575,55.50244256505497,53.50358516710941,50.596883495196636,48.60457795423471,43.92714535676295,45.241883381243255,50.79427276551975,53.439439919892784,55.3865038202935,56.746820606416584,57.675550849844576,57.74144553687519,57.93014665193394,58.30029563757259,17.16003343634799,56.59882937730758,53.85913566712699,51.66228758210086,50.105416353338015,48.17433144111384,50.17041691035435,52.60893859219963,54.852002443544315,55.783881862707645,56.97879425617323,57.8448391736302,57.78249679311351,57.468474023095666,56.925622882618455,56.73412609741456,55.47008786298317,51.68956873706613,50.602784493324016,45.35800290824898,38.44725627973226,46.26750853683393,51.41553239182309,53.7016507050715,55.11050052915188,55.421080622615115,56.40886721829379,13.010299956639813,12.30448921378274,16.532125137753436,9.542425094393248,9.030899869919436,9.030899869919436,17.853298350107668,17.853298350107668,14.62397997898956,17.634279935629372,21.5836249209525,48.20306570996265,48.92461927252068,48.35373452470009,49.51167459700895,49.699049172108765,50.14188600873136,49.739494633610406,49.47011967216285,49.27411429133508,49.89472065789536,49.46304854993475,49.66315415797497,49.17216584004321,48.794972872494284,48.8350812769239,50.67431687809101,51.01870747801784,51.38397442990546,50.60051582743743,51.892094895823064,52.67101296559969,53.40541274882497,54.16968184506069,54.44497600790215,54.51824799066729,54.35031691929144,13.979400086720377,52.977714503689654,51.55691224030103,49.68057785694584,45.90373640782616,40.800850850458694,19.294189257142925,42.77494609611012,47.4601890191174,50.79651477073845,52.475068241499216,53.80234765358949,54.44714467591021,55.0035313118875,54.99171395462737,54.81239050048082,54.17325519794504,52.520880964863245,51.22969094393747,49.21379500258833,46.57017587340369,45.507174234692826,45.3567380342575,48.45160077651946,50.20527012274563,51.97407381169299,52.56621546069706,46.607232185228014,50.92748708041151,53.7520622109933,56.403084797893584,58.03545194747873,59.42363284671969,60.26694205560403,60.707986013351636,60.888066886146504,60.70928457760527,60.24325548537449,59.36796143118766,58.0445021323669,56.00968541835532,52.96564281841576,48.188656435302384,41.497116496879315,47.05667038366507,52.10548584111832,55.33463190359511,57.56605683748872,58.88822874138789,59.67447346766606,60.24733940918503,60.35452152805178,60.05201969210976,19.084850188786497,58.19023128033196,56.593798907522384,54.59852174311828,52.29681842317675,51.57716602189155,54.03755191424458,56.65289174675848,58.80695859662002,60.62783480198341,61.80036941825528,62.6444473601914,63.10989041566472,63.24601986693281,63.25677570016275,62.832806444668606,62.13030064081144,61.01870747801784,59.27005731189649,56.71426492909853,52.972789102331134,47.30782275666389,42.83029709793859,50.59839733618135,55.293494941437714,58.002337255121446,59.69301265846805,14.62397997898956,19.912260756924947,6.020599913279624,6.989700043360188,14.62397997898956,19.86771734266245,16.532125137753436,12.041199826559248,25.76341350205793,3.0102999566398125,16.989700043360187,53.67454697807372,56.46162493453485,59.08819993428155,60.81448127323823,62.03568349909432,62.86235898138371,63.34169356018193,63.59789395370994,63.511058715349876,62.947608732544836,62.42081050858274,61.265528289366856,59.13297688667989,56.460359397661676,52.77950557053959,48.86005397920503,47.51232899985011,52.81060651907814,57.35433612812092,59.27393463194977,60.69591885230757,62.187796287723636,62.39269690760452,62.78278360006095,62.709865755084486,62.41029202852673,31.869563354654122,60.777290009120684,58.597409656075456,56.87087308039624,54.57954525277877,51.05367099490007,50.86733447957576,54.217108422740566,57.471203676684155,58.519184637453336,60.13774794003764,60.969075809521485,61.29407895865167,61.27669985567827,61.08036039495826,60.76691769658219,59.91857116640374,57.7376670387426,56.60259128773313,53.603434424611216,48.841493874075496,41.44418518602069,48.17433144111384,52.34010817587179,55.045048435188015,56.59083876372705,57.74594328946958,18.129133566428553,16.989700043360187,16.989700043360187,0.0
14.14973347970818,14.14973347970818,0.0,14.14973347970818,50.40622116279551,53.33556086395703,55.22596796659356,56.801042512403896,58.02262530100098,58.8234691332882,59.179264713374096,59.34393399873778,59.3186654574971,59.38890318409009,58.1701107568707,57.26123829629424,56.749511120925305,54.79899074972516,52.09927666277578,46.782360413955296,42.84611182369772,46.8304703823885,49.716700611256044,53.02590648306554,55.212858756518784,56.59395114332155,57.52893154884593,58.28460100897207,58.395314667094894,57.53241310111775,17.16003343634799,55.744109646046525,55.1031037419787,52.87089261070599,49.343418750108185,47.94320709970006,49.048723605500456,51.67615625093306,54.01912086462118,56.10619712210245,57.25941835936156,57.81537814005847,58.20514748074934,58.1258249869473,57.57214528667237,55.84020094763489,53.95370082469509,53.42805480837399,47.29488769179561,41.80125875164053,42.05988850752452,46.79109782081773,49.415710570742704,52.46008368850431,54.29346856941188,56.19006671880455,56.63550167952778,19.084850188786497,14.62397997898956,9.542425094393248,6.989700043360188,19.030899869919434,15.051499783199061,15.051499783199061,14.14973347970818,13.010299956639813,17.853298350107668,9.030899869919436,46.20521229342053,47.4126193189077,49.670469382851635,49.84405783895757,50.19606413289714,49.86780688699332,50.18588166601496,50.30267701816121,50.05540844565303,49.871029253914685,49.68716377466785,49.571521647021164,50.50217300517707,50.72077027983072,50.677773586333174,49.0216068899544,49.415760254081114,49.508174143137325,51.882786643551725,52.38588005410968,52.99823153207261,53.77845141283742,54.08607941807011,54.47585910768435,54.636257634484544,54.40610008272345,13.979400086720377,53.082057324491,51.693746145073135,49.45517822077839,46.21113938379675,40.54191576796431,32.17220655644519,41.69115780235715,47.6178505378931,50.399254526339405,52.377698743010185,53.76522210604112,54.723760923511584,55.24418193310385,55.15545350511058,54.61570553066876,53.75789769611799,53.10489390293057,50.52347599224664,47.9641473882494,44.52399845911441,43.94521722674913,47.62776062769659,49.37848752511522,51.085142854324204,51.8077081387463,51.91554405604987,45.95595414820133,50.39636167342053,54.12379897252802,56.35942931243332,58.23602020755124,59.3274004354624,60.16945218690395,60.66876180016561,60.858789928255604,60.92229944563197,60.18419614007166,59.343873384424654,58.161676957587424,56.19536794412301,53.17664352488223,48.04139432335351,39.940970895882096,46.49763099462267,52.124033658482475,55.34311732164361,57.363598446815885,58.80516913553156,59.81402680919351,60.315054121979834,60.40622116279551,60.02767607361979,16.127838567197355,58.16936939827785,56.78208708654225,54.6682166867765,52.209705875202886,52.25632297346483,54.26226518098315,56.784673896927,58.970247085835325,60.55642039317324,61.78234561168352,62.56891813638957,63.19601726063919,63.37587234508816,63.228650859040705,62.92261610791581,62.04566262293796,61.09985991873973,59.30857376705701,57.060312424050935,53.26831329439742,46.99568917565899,43.08457694189304,51.150277335990566,55.6370055036805,57.99944694539978,59.650252183352734,13.979400086720377,12.041199826559248,13.979400086720377,19.138138523837167,15.68201724066995,18.06179973983887,15.051499783199061,21.072099696478684,13.979400086720377,19.030899869919434,9.030899869919436,54.27948396327097,56.83645807503234,58.96985621119464,60.62525202623079,61.918493542064496,62.78580305742021,63.400975325388444,63.59354647603132,63.45960366984279,63.24556118659735,62.214225845629834,61.11635134395736,59.56631303058992,57.25509805697901,53.474666258006216,47.40496905229105,48.281570095031576,53.521690065173,56.63007951029556,59.23522230378371,60.802616562167,61.9479536296128,62.48605354841996,62.846314781378005,62.865033997586785,62.13391567485378,40.27757204690553,60.609651324244815,58.827299681393384,56.433460638467245,53.64785432326954,50.40796107715713,50.568172216798175,53.96049323895685,56.78067462080362,58.67943948568336,60.18815712856883,61.00442576879155,61.43321197819859,61.46211474245027,61.3482710604228,60.504029592648685,59.46352031643723,58.44438652924361,55.664752040540655,52.60998642197676,47.593731797955535,43.11011748981288,46.722641516405346,51.679314123210915,54.660263796033036,56.94616604497465,57.98571236174059,16.989700043360187,19.49390006644913,17.853298350107668,14.14973347970818
13.010299956639813,20.0,13.010299956639813,12.30448921378274,49.54382426231443,52.763055219579876,55.543110445750365,57.01438454464351,58.106578644453435,58.77661546528206,59.34296912047685,59.563629546755415,59.66667263098043,58.883013938886286,58.81000984201843,57.71896741262469,55.44907282560586,53.44244863665512,50.511525224473814,48.694312146124815,44.611382160749315,45.675086476987985,50.77400612423545,53.679017079022756,55.381273976398546,56.72877962917688,57.849801227870174,57.83556290587533,57.899485785929485,58.314000473724484,17.16003343634799,56.83465813310485,53.889320340775214,51.66228758210086,50.41143881608952,47.70469074847589,49.739448519147615,52.7098611010675,54.680222264940916,55.95400313723844,57.006241180334534,57.756322895936805,57.65809323807253,57.410798673422995,56.78923349590435,56.784400715081034,55.350940199341316,51.869365686867546,50.332467846459615,45.20260760495895,37.71146348814985,45.731734132550315,51.30288728213272,53.81890880626258,55.07955667035504,55.54029788525764,56.34917387421086,20.170333392987803,6.989700043360188,10.0,12.552725051033061,15.314789170422552,13.010299956639813,16.989700043360187,14.14973347970818,12.30448921378274,10.0,12.041199826559248,47.88253241248314,48.7253502219468,48.49622078212741,49.33467040547743,49.83865241183091,50.132797265808655,49.749397890640324,49.39064752834707,49.36739878637037,50.240297887464294,49.464227870116424,49.48261327496291,49.93030405490578,49.51011918804305,49.003070334384546,50.61561792932601,50.78909727137935,51.44897862076828,50.50982631824794,51.63235938370094,52.55754786643045,53.23468677612206,54.09026411558493,54.45107360258192,54.51556183076428,54.214788847014404,15.051499783199061,52.66516270998912,51.71108936487026,50.0207962639312,45.576996443512144,40.2669665597816,20.969100130080562,42.8927671903936,47.24316838845846,50.740297579218314,52.57018233419007,53.967222785037734,54.66030834903364,54.97550217938243,55.133574576706074,54.76483821914464,54.00934975810852,52.81744481979409,51.061364795103884,48.59738566197147,46.323054144136705,45.85968050007118,45.64961804462294,48.40231594958109,50.4233920456355,51.851028221817224,52.32858943107157,46.85069629391148,50.97288552776913,53.828613835632815,56.24159320660339,58.019261955910075,59.36936270274209,60.22651441441299,60.70531757347265,60.896070054574125,60.78867354877605,60.21540728567295,59.31059500003645,58.076114625829206,56.187361436071185,53.08884414422017,48.51313396643395,41.76698846118572,47.22345942475581,52.10171321769054,55.43317928729707,57.59345214021893,58.86556710359946,59.823291351104366,60.3831251052779,60.418038857477185,60.06391585384421,10.0,58.18136781500992,56.90845263678927,54.74194403065559,52.31002931997103,51.584861277851566,53.92804194930353,56.59654784466404,58.815655275783655,60.61319757717592,61.778480413439524,62.59447178197536,63.07241162779747,63.31821121195936,63.21607542891062,62.830591325425516,62.104386499891376,61.105688367295095,59.260335966788446,56.83156048689999,53.15266932389615,47.32305283416715,42.72700056789586,50.84465456150383,55.349508537940835,58.036277953448156,59.72437053471549,15.314789170422552,17.634279935629372,11.139433523068368,16.532125137753436,18.325089127062363,13.979400086720377,15.314789170422552,25.622928644564745,18.129133566428553,16.127838567197355,15.68201724066995,53.81115080709851,56.5887721300778,59.066043717249805,60.77632762310712,62.00663393922411,62.738290008312674,63.3165420418673,63.4961472772238,63.51858510103739,62.98605305123005,62.47780121861665,61.31241620359737,59.169768926274585,56.602012013806814,52.529039787406695,48.66529531047246,47.79978675330057,52.987483093260764,57.159632530630304,59.44842789817221,60.87719320613491,61.9296087188397,62.43032340778452,62.97006350274714,63.09493896799772,62.27525241782209,24.969296480732147,60.62393184901774,58.73999128988328,56.193542465143764,54.66608151957938,50.58141210052719,51.39583161826357,54.48149571685946,56.696682658151545,58.74032214929628,59.99361117417773,60.91159222097767,61.273759856791905,61.351367874950014,61.10153850525585,60.84007211834205,59.85410754763501,57.963022936541584,56.64044645054139,53.54023878007538,49.017034623814624,41.87097500583477,47.86297020344334,52.768866993201215,55.209091030657845,56.733868143198464,57.85199527119035,13.010299956639813,16.127838567197355,17.16003343634799,15.314789170422552
12.552725051033061,13.010299956639813,23.26335860928751,21.335389083702175,49.860996250551295,53.04811390751936,55.21266260146476,56.929825600610364,57.894749457600625,58.84016673286028,59.13161921590438,59.327846609844634,59.27931092939463,59.08001127646368,58.13087039701321,57.26120565840194,56.58740970931022,54.68000051453099,52.32246241915013,45.79326203755255,42.02079441007388,46.046255930216574,50.50217300517707,53.34011188761349,55.53651260214528,57.089687343840794,57.532106468518755,58.44882079928726,58.52603188922262,57.74050304722113,21.958996524092335,55.90891968500686,55.38906615567578,53.42756169873222,49.018831445352234,48.955661820364114,49.40142791106066,51.26420407634454,53.883943047260956,55.824326972004606,56.502880911767704,57.340922252277764,57.88253241248314,57.70835817308686,57.339071294080526,55.413557993711066,53.84039633727167,52.65320275312761,47.756322895936805,41.900514177592065,43.409396020380775,47.83967861527244,49.945195122669844,52.56672053678258,54.61474515366973,56.238486166713756,56.803581795496854,14.62397997898956,12.041199826559248,16.127838567197355,19.030899869919434,14.14973347970818,10.0,3.0102999566398125,13.979400086720377,15.314789170422552,16.989700043360187,12.041199826559248,45.85020571863875,47.32723376813052,48.80184552826434,49.474386236029765,49.95744851076331,50.163019397819156,50.630968161329506,50.98785583712113,51.16052900580242,49.639860469753856,51.33835787660679,51.12085279843528,50.062092405376575,50.283638153456224,50.59506618919313,49.952226382893144,49.95112849859282,49.98438077478505,51.51875262393539,52.0275251876813,52.696086652477504,53.25195365983926,53.51564415204105,53.528035974590566,53.70731384743586,54.09774247265422,16.020599913279625,52.84117026113108,50.15347179132089,47.87524232486332,45.24110393495136,34.25697213362591,37.72321706722919,44.157243617687165,49.05714948389766,50.91262365424989,53.025581918465356,54.259122703195274,54.980968007359,55.32647384181804,55.382229898953604,55.166807754068266,54.67804862254034,53.048350692290065,51.876814364556566,49.376833537720486,45.99151357259189,43.414938773990286,46.738131633663315,48.91760401456671,50.27761278728498,50.93425187522967,51.673557400450065,44.76614282032504,49.999001007803116,53.84962397302608,56.38858499846704,57.987397046567835,59.33196142113454,60.1550603267778,60.69248396783163,60.89046973940157,60.63240634501527,60.3810529937564,59.55409193108685,58.206808241390114,56.33792540508723,53.80690510654311,49.45197682103334,44.65917953211935,47.19604706963622,52.40970858323735,55.304199923246,57.24925186834788,58.649267842702535,59.4111820325125,59.99130976451965,60.02732651565622,59.78961635461069,16.989700043360187,57.918148156357475,55.81326028387473,53.4891206115364,50.54494315849014,51.18205184303016,54.05114036742988,56.774335652741385,59.027885906361696,60.69948041524158,61.687266503947065,62.66796899673571,63.2031519173694,63.433128612042744,63.46983417405966,62.881405265332766,62.38962175455104,61.159830796524574,59.787505252608284,57.44665299473587,54.040430601329064,48.57332496431268,43.60612344908592,50.564665261315795,54.93820392784634,57.600249522471564,59.44144975635626,23.05351369446624,19.294189257142925,16.532125137753436,18.692317197309762,15.68201724066995,23.443922736851107,16.020599913279625,15.68201724066995,17.24275869600789,13.010299956639813,11.139433523068368,54.03643762435546,56.81201425223328,58.88198033907969,60.66606541760473,61.822562573000084,62.90987898636448,63.35543748110868,63.55818034874239,63.46801318283631,63.0373869441135,62.423093119058734,61.22159826084924,59.793270739715474,57.45016204741773,54.214147043451945,47.97475287537334,48.02814759052481,52.97200051947655,56.763506101478534,59.05059923753058,60.81679203764136,61.906165579462495,62.32673444362728,62.825462123224284,62.926443254242265,62.14149746574469,39.674075565974725,59.50992472274792,58.623013651728414,56.49269612263491,53.52416009255193,51.430429191303794,50.56008671155474,54.279613657131314,56.7661314340375,58.858370997775765,59.773595596909686,60.87564571256783,61.3273727887518,61.62942979715949,61.328210909162344,60.419143147736094,59.561155816924526,58.28013128285864,55.88805980570613,52.70189542704181,47.46766490725558,42.28605650355092,47.467042407862756,51.966348408150665,54.73902817723419,56.782797702038906,57.9686076209216,19.49390006644913,19.912260756924947,17.853298350107668,19.54242509439325
16.989700043360187,11.139433523068368,12.041199826559248,17.24275869600789,50.118748082209436,53.450540192262636,55.293944183486516,56.88371762167337,58.10222433640809,58.820974330374185,59.25025217994243,59.359649986333366,59.21145220666661,59.22780454767829,58.17211576256316,57.03824244304884,56.31270219490092,54.476199989659136,51.80985580786731,45.89033155695844,43.461377301604436,47.22971027912445,50.56008671155474,53.57601378945533,55.591941808851004,56.977749203011925,57.56069863441334,58.35453388290195,58.32908535181265,57.22526158071703,22.30448921378274,54.94923671778872,54.52787381154928,52.17299658976496,48.029720192279115,48.41340696512393,50.46791616416713,52.681776562112184,55.034638181532145,56.66884729615673,57.48011946945791,57.90637665242036,58.30314662407058,58.016952000964956,57.47755067833733,55.54931103782994,53.596552791258034,52.46459187219475,46.992565441463356,41.63697945892569,44.60672371877432,48.69331478626574,50.54191576796431,53.06452907289198,54.86838368198371,56.21732819387657,56.59746060155677,20.644579892269185,12.30448921378274,10.0,6.989700043360188,13.010299956639813,11.139433523068368,16.532125137753436,13.979400086720377,12.30448921378274,9.030899869919436,13.010299956639813,47.60460180960834,48.691378080683975,50.130774959514774,50.40922603173949,50.32332628503514,50.22630417527953,50.449511261623236,50.50186349675361,50.16953989789171,48.689146864476946,49.790792290333606,49.51653166268216,49.23787841731059,49.475366463052936,50.00772356983819,48.96619900356518,49.62321972729584,50.53063069955324,52.54813841034874,52.926547301979866,53.80909170902268,54.06037470488137,54.639676036208996,54.47061855487078,54.302831185874936,54.283697032470464,13.010299956639813,52.323352770856545,49.86184816442475,47.0286117057293,42.7399611375928,33.27358934386331,41.51124590050682,46.17524534886292,49.91527318383332,51.858140349677406,53.43404654607018,54.37376337774306,54.57473134707358,54.68282329094918,54.35941466431446,53.813858660133775,52.5793044060911,50.651313721402104,48.06410631664376,44.87703863163726,42.52391803181244,46.342353682893254,50.19182780205981,51.85768733433613,53.04559457935032,53.25509506025333,53.26935674281434,43.17080886073193,47.0118791905443,51.67828142701529,54.44535053153375,56.79141604022503,58.35181165601306,59.527309499514445,60.3306088761762,60.758388259746866,61.00883812156778,60.79227568321884,60.2583407211128,59.275371698974624,57.83970004105203,55.69014385085197,52.60281325775673,46.65186851786512,37.353593330017105,48.33510466263938,53.03152841889143,56.0580048418724,58.02361120579209,59.35035936675278,60.181693696544734,60.53958438897888,60.59960046336638,15.314789170422552,59.56739267699474,58.50554343695915,56.82348181178236,54.62960718438887,52.75311354541812,52.788495922817575,54.90662056567059,57.31242158215255,59.07659074467134,60.671173718149106,61.79784099548453,62.66186994523945,63.07982688423537,63.16670107481752,63.016074404121625,62.48199433174498,61.66965324967164,60.30982040387619,58.559647299988534,55.668203510856806,51.27286256652184,42.33630580164463,47.211590970821675,53.314617147661565,56.513749439130436,58.8659505611914,19.54242509439325,6.989700043360188,18.325089127062363,16.989700043360187,15.563025007672874,18.633228601204557,-inf,20.969100130080562,14.14973347970818,12.552725051033061,25.899496013257078,52.93638735631343,55.55729094954087,57.64173142400817,59.621064061086564,61.25913393240158,62.40541760382154,63.10193958364956,63.41492492592296,63.42182765568821,63.221469062877304,62.614420229283716,61.533480136146665,60.1746491372884,58.08887216098345,54.91497564722499,49.26861848498948,46.32710303832954,51.85227581152879,56.008912537122804,58.68597421562269,60.55693997649361,61.584861277851566,62.31800792057899,62.87572881521818,63.146027894903476,62.528979138444505,36.85741738602264,61.1533920089008,59.79668995308093,57.04913723482905,53.40493689006247,51.44792078497715,50.80402789304701,53.02110044820061,56.17706806016261,58.25948385163096,59.75524631906634,60.68343589643306,61.341241727179714,61.47168165260474,61.37750240199008,60.614634117099826,59.63408598267727,58.572649342568894,56.075032754764706,52.971430898350405,48.1360767250921,42.73510545540457,46.098610929805474,51.60990451242708,54.592265797087684,56.81027656745776,57.87609228552539,17.634279935629372,14.14973347970818,18.129133566428553,20.644579892269185
6.989700043360188,15.68201724066995,14.62397997898956,13.979400086720377,49.98973853693235,53.16075234838397,55.48867063588218,56.91458130080201,58.14147669862268,58.865922366933404,59.394523561326935,59.49016059661333,59.6672212558346,58.97728231645022,58.73070534349692,57.66360788146932,55.735074823807764,53.66813179912225,51.05523809481177,48.63733163764354,45.23603412136569,46.802266994961165,50.493575948950294,53.61909068937973,55.32888085448132,56.65097651620197,57.95859170708621,57.81750349728567,57.99012981697985,58.35651261307737,15.68201724066995,56.886226826944224,53.77808750839212,51.20695648207146,50.751161027897965,46.815397122429125,49.268567089496926,52.667889110800644,54.44550657351506,56.044085912537405,56.98574616428692,57.66832066097089,57.719672306209205,57.55351863678029,57.01341713090798,56.560330050116775,55.00477987397316,52.20779939673632,49.57252811767583,43.91217483239402,33.81115080709851,44.86798729097594,51.11101135884779,53.4183005692051,54.910505715320745,55.71245181710607,56.480524801862884,16.532125137753436,3.0102999566398125,14.62397997898956,19.86771734266245,16.020599913279625,6.020599913279624,6.989700043360188,6.020599913279624,16.532125137753436,9.542425094393248,18.325089127062363,47.29035130195791,48.17036226050029,49.05655588685639,49.46786209267823,50.03413136276344,50.06491714070677,49.59937690557835,49.226268614358055,48.92166979072933,50.78663403180664,48.37872404269612,49.02617434745992,50.62826323631087,50.47765362535229,50.06183552012837,49.62733857403751,50.18409207382068,50.832875693272825,50.873731878886545,51.68241073924385,52.704459080179625,53.40723639121399,53.84147241123452,54.53639354620354,54.681493415453645,53.774464997084024,23.59835482339888,52.13836388325274,52.07688213335581,50.03675902548785,44.23786357022907,42.01970342349048,24.653828514484182,42.23885151875885,46.48652695131223,50.564665261315795,52.242455095443844,53.75658128101203,54.62555213992932,55.24188338124325,55.21792955785977,54.27786246314235,53.3894430279097,53.08269804377776,50.01127700277035,47.7496198073286,45.2172633728741,45.83357494902508,45.03218507930033,48.203985227039816,50.258381642297,51.902196077110546,52.1342477880644,46.76967814294758,51.09403038927901,53.74119354848435,56.248150946364674,58.01997457232781,59.366710452062605,60.17504543648121,60.639185301364904,60.8799602830564,60.77594987371371,60.145306189770764,59.29117369580554,58.30902248213479,56.28388930050312,53.61425612983891,47.898767211377645,42.27886704613674,47.33871062598305,52.01883043685356,55.366493319052374,57.47831138511073,58.9446006503906,59.7016549483847,60.373583601586624,60.48134814359241,59.965834649043686,13.979400086720377,58.16506437046357,56.8524896024201,54.822903232127985,52.08132187844989,52.04296378961124,54.041526742315355,56.59954211052493,58.861262160968835,60.72775072594668,61.67122597173754,62.54753454421795,63.114626802354074,63.389090794224586,63.344772747982745,62.76198160265402,62.09980693065613,61.08301458257337,59.330441624734306,56.99220085941005,53.19172708504314,47.120180004512505,43.56714060583394,50.73270998279008,55.18598158520107,57.9369611440379,59.69241134238307,15.68201724066995,15.051499783199061,22.55272505103306,6.989700043360188,16.020599913279625,21.613680022349747,16.989700043360187,16.532125137753436,14.62397997898956,12.30448921378274,17.24275869600789,54.10358759860466,56.62758775798987,59.119466148083355,60.70166472653163,61.960116693409006,62.75451412085468,63.28934859817883,63.464767894152644,63.522251733856606,63.01512012096019,62.43448077225337,61.293476054649446,59.236470309922794,56.92275706421634,53.12737852482435,48.547310172139426,48.560034539972214,53.32230352706241,57.00665649824906,59.30788623163284,61.066946178878105,62.031844282582185,62.1578027827945,62.785578957714506,63.21131991767446,62.43359555736399,25.118833609788744,60.80485787348849,58.73122885967887,56.694619311568204,54.328057987128645,48.80184552826434,51.462583044834645,54.25268410940309,57.00773786896584,58.73260715047159,60.113411838659786,60.978131007935744,61.2831653807999,61.41353496732627,61.11432567828528,60.79252536873442,59.894911982636685,58.092613292780456,56.36123658442621,53.40777144529803,48.51533518592558,42.572224461875734,46.924679575818296,52.12640313534833,55.10358652534485,56.847601095258405,58.006359840836964,20.0,21.13943352306837,10.0,20.043213737826427
17.634279935629372,9.542425094393248,10.0,17.16003343634799,11.139433523068368,22.14843848047698,14.14973347970818,3.0102999566398125,15.051499783199061,18.325089127062363,6.989700043360188,14.14973347970818,21.5836249209525,10.0,17.16003343634799,18.129133566428553,19.49390006644913,14.14973347970818,22.944662261615928,18.573324964312683,13.979400086720377,18.633228601204557,6.989700043360188,3.0102999566398125,17.24275869600789,0.0,18.325089127062363,16.532125137753436,11.139433523068368,15.68201724066995,16.127838567197355,15.051499783199061,13.979400086720377,14.62397997898956,9.030899869919436,16.901960800285135,13.979400086720377,13.010299956639813,12.552725051033061,10.0,16.532125137753436,11.139433523068368,-inf,3.0102999566398125,11.139433523068368,14.62397997898956,11.139433523068368,9.542425094393248,9.542425094393248,15.563025007672874,14.14973347970818,9.542425094393248,21.367205671564065,14.14973347970818,15.051499783199061,14.62397997898956,18.129133566428553,15.051499783199061,13.010299956639813,15.68201724066995,14.14973347970818,9.030899869919436,16.020599913279625,0.0,10.0,15.563025007672874,10.0,21.13943352306837,36.00755149639618,34.01745082237063,29.206450014067876,21.958996524092335,20.0,20.374264979406238,29.405164849325672,31.156105116742996,36.399842480415884,35.35800290824898,37.84260582566083,37.25012725341157,39.96730515435153,39.72619339059624,38.751191654625686,37.71146348814985,34.96929648073215,37.501225267834,34.31524584187451,34.015728456764464,26.55138434811382,26.273658565927324,26.127838567197355,26.9284691927723,26.5991620006985,33.27358934386331,15.563025007672874,36.29511534200453,35.100085129402345,35.622928644564745,34.01745082237063,36.28388930050312,32.41795431295199,33.44392273685111,30.366288953621613,24.62397997898956,26.020599913279625,18.633228601204557,31.061908972634154,33.37059726320525,34.95544337546448,35.62649672211917,34.77844476338758,34.52399845911442,37.765559107032615,36.66985718329661,36.528263025610045,35.269850685599955,31.953460583484198,35.5834850876162,32.44029589030021,26.884198220027105,27.17670503002262,49.743504718634526,54.562764316683214,58.23761055712559,60.54812921892144,62.456915306925794,63.66523066909386,64.79527228508849,65.37361271107196,65.68634394428506,65.63791981147634,65.33719706099366,64.56550644966089,63.380965574112125,61.573963193232295,58.98780013289826,55.02929409185509,50.03326948780273,52.329376925857,57.22202704150422,60.17381470497427,62.44984283906936,63.81232983330732,64.59043253030417,64.97997197256676,64.95277851521527,64.54087308212561,29.49390006644913,62.54057194450085,60.83435607178485,58.25925690940123,55.299139178565696,54.94284027891651,57.92405698771716,60.86431732497257,63.33996093454917,65.09112158165391,66.3609906388392,67.190640805405,67.69312989594341,67.95098627059215,67.84509026425815,67.61504758821317,66.87742934522578,65.94726706981204,64.39875617242643,62.29493701132598,59.08337548186192,53.458930048145135,47.326671184484425,54.96722132986729,59.60629149599061,62.54173315323161,64.31503359354996,65.01971964917642,65.5007099984722,10.0,12.30448921378274,22.278867046136735,16.532125137753436,0.0,19.294189257142925,15.68201724066995,18.325089127062363,14.62397997898956,20.644579892269185,20.253058652647702,18.129133566428553,21.613680022349747,12.552725051033061,12.30448921378274,9.030899869919436,23.117538610557542,3.0102999566398125,13.010299956639813,3.0102999566398125,18.692317197309762,9.030899869919436,18.692317197309762,19.030899869919434,20.0,6.989700043360188,21.13943352306837,23.820170425748685,15.68201724066995,26.55138434811382,34.52859335795852,33.16808752053022,24.955443375464483,33.76211850282673,37.611758131557316,32.397998184470985,23.673559210260187,27.902851640332415,13.979400086720377,39.28037206406883,22.50420002308894,29.37016107464814,22.576785748691847,21.73186268412274,16.127838567197355,24.232458739368077,17.634279935629372,22.09515014542631,17.24275869600789,14.14973347970818,21.613680022349747,20.170333392987803,21.64352855784437,12.552725051033061,20.969100130080562,13.010299956639813,10.0,16.020599913279625,15.68201724066995,16.127838567197355,12.552725051033061,18.692317197309762,19.084850188786497,13.979400086720377,19.294189257142925,16.020599913279625
-inf,0.0,18.692317197309762,18.325089127062363,17.24275869600789,16.989700043360187,20.043213737826427,12.30448921378274,12.552725051033061,16.127838567197355,6.989700043360188,17.16003343634799,18.325089127062363,15.314789170422552,15.314789170422552,15.68201724066995,15.68201724066995,16.989700043360187,14.14973347970818,14.14973347970818,12.041199826559248,17.24275869600789,11.139433523068368,21.702617153949575,0.0,18.573324964312683,18.06179973983887,16.532125137753436,15.051499783199061,14.62397997898956,16.901960800285135,13.979400086720377,6.020599913279624,9.542425094393248,13.010299956639813,13.010299956639813,16.532125137753436,0.0,10.0,6.020599913279624,11.139433523068368,9.542425094393248,14.62397997898956,16.127838567197355,0.0,13.979400086720377,14.14973347970818,13.979400086720377,0.0,15.314789170422552,13.010299956639813,17.24275869600789,11.139433523068368,14.62397997898956,13.979400086720377,9.542425094393248,11.139433523068368,9.542425094393248,9.030899869919436,3.0102999566398125,21.64352855784437,15.314789170422552,11.139433523068368,0.0,20.644579892269185,13.979400086720377,3.0102999566398125,11.139433523068368,36.40382044709568,33.979400086720375,31.598678470925666,23.180633349627616,19.86771734266245,24.60897842756548,28.23474229170301,33.77488383376133,35.97804842404293,36.54850090561394,38.64985460659794,36.70245853074124,40.01820217038328,39.29470016177489,38.55216194733363,38.12913356642856,35.39076098792777,37.20076572768141,34.459154139511234,33.74381698050882,30.923696996291206,27.85329835010767,29.464522650130732,31.702617153949575,32.29681842317676,35.31478917042255,21.5836249209525,36.3558426631123,35.9955559098598,36.00755149639618,34.385423487861104,35.31478917042255,33.36259552014193,33.654879848909,28.692317197309762,16.989700043360187,25.68201724066995,26.63700925389648,32.789821168654434,33.60404054729939,35.76341350205793,36.66517980554881,36.47089428716555,35.57867961568022,38.31101564501359,35.83538819254352,37.02775077901044,36.48652695131223,32.67171728403014,33.02114376956201,30.253058652647702,24.14973347970818,29.86771734266245,50.62190755023912,54.9995087761451,58.20491768123976,60.558143184479256,62.44857030071224,63.804084390119726,64.74327738117081,65.32704069239794,65.5841982469803,65.55941886671748,65.20688120436203,64.36698423526565,63.103725167941526,61.18877201603403,58.39121540782757,53.66060426904154,45.86789778209423,51.46481531566843,57.148668459657856,60.47034867987341,62.56886284938024,63.97813002396306,64.8180481949388,65.21034730250139,65.21373480761028,64.8363535908452,29.030899869919438,63.02712879202163,61.41936788046837,59.16940612011679,56.74137019311034,55.926762974007325,58.19260893893713,60.963457586595084,63.16758493274417,64.8778551528273,66.170159712449,67.01664762366573,67.47377156175088,67.7063996528969,67.65303459889027,67.3230922502205,66.66690260203211,65.64808044686603,64.06335928848769,61.837872713023394,58.30183694375938,52.102007653720186,46.362069684340085,55.377649622425444,60.008906925879266,62.80961736858253,64.44501502228744,65.13884781790023,65.45665787120141,23.010299956639813,20.0,19.294189257142925,16.989700043360187,16.989700043360187,11.139433523068368,13.979400086720377,16.989700043360187,11.139433523068368,14.62397997898956,13.979400086720377,22.30448921378274,21.5836249209525,13.979400086720377,16.989700043360187,20.253058652647702,3.0102999566398125,15.68201724066995,18.129133566428553,18.129133566428553,17.24275869600789,23.010299956639813,17.16003343634799,16.127838567197355,12.041199826559248,26.60865478003869,23.180633349627616,25.4282542695918,28.432327780980096,31.832698436828046,36.8304703823885,31.309766916056173,33.37059726320525,38.12913356642856,29.561684304753634,28.129133566428557,27.3559889969818,35.138831856110926,32.14843848047698,32.08978517276253,30.511525224473814,29.79548374704095,35.16403148447403,31.49834696715785,23.521825181113627,29.138138523837167,27.520484478194387,16.020599913279625,26.020599913279625,20.253058652647702,21.73186268412274,19.86771734266245,12.041199826559248,17.634279935629372,6.989700043360188,12.30448921378274,20.969100130080562,20.043213737826427,15.68201724066995,19.294189257142925,13.010299956639813,19.86771734266245,17.16003343634799,17.634279935629372,19.294189257142925,20.969100130080562
15.314789170422552,17.24275869600789,13.010299956639813,16.020599913279625,49.4865743214132,52.78728456860225,55.54286805536907,57.114782212498085,58.04016694417492,58.77972835959379,59.369322529208176,59.62449840816365,59.54977774554266,58.85542138376933,58.782787293912556,57.84965871919273,55.383349067171146,53.593421167723676,50.54099563628785,48.29387406677873,43.598354823398886,45.420906115551816,50.857613736674224,53.489373426608424,55.423585272741065,56.72707290472643,57.71857820360167,57.84509597069462,57.901535183645095,58.178838675683636,11.139433523068368,56.62369625550471,53.788374243425324,51.37455392733577,50.34536214391645,47.67638147621918,49.79953345254416,52.63669201508104,54.58093696046604,55.89576550772193,56.96981602166606,57.68289489987118,57.72230730107205,57.459744733269964,56.749134732833106,56.62052001949409,55.31781540381991,51.73279529696125,50.06252051369365,44.94877815637538,37.85329835010767,45.93872854295451,51.29335352916489,53.629835845489175,55.156884345438996,55.546030186653965,56.26353714281686,6.989700043360188,0.0,15.051499783199061,17.634279935629372,10.0,14.62397997898956,12.552725051033061,12.30448921378274,13.979400086720377,3.0102999566398125,23.69215857410143,48.036755736419046,48.795546009389746,48.56783249294247,49.335379019717045,49.770876985595045,50.10507723629342,49.872013389326206,49.35557645093014,49.41680347291402,50.24337867492143,49.51842444691433,49.59637541326031,49.20645001406788,48.81042108193405,48.83047880332609,50.56161343119748,50.66854957660432,51.201427128224594,50.34716669998244,51.43064788108881,52.28205241707581,53.210285241144376,53.96849429953342,54.30418547927607,54.402823648531935,54.11944463714355,24.712917110589387,52.820054619471776,51.33417544426581,49.660572131565985,46.26730338579967,40.04922949296525,16.901960800285135,42.930530234278315,46.95218918905151,50.56497032641047,52.341248239270584,53.78588657879494,54.24680769805743,54.847125788943174,54.778907215417895,54.61307899606402,53.76491184550757,52.47452782675624,50.75765878215734,48.731868627101456,46.364678360987654,45.208502028112186,45.651982517156654,47.932454292680745,50.474812542785415,52.239058999968975,52.37033242742061,46.81828946648095,50.749407158960686,53.74766670285203,56.18961769584714,57.99864144501372,59.26783720785509,60.13159663502335,60.65282739514163,60.78332819791587,60.706543118744946,60.12345307998882,59.29781027408947,57.98436552477818,56.03977505033251,52.94300854141354,48.30010935936117,41.1293997608408,47.071356643239184,52.06248231057681,55.33096839874307,57.31467887193129,58.82285980457779,59.6567385127873,60.189471112276074,60.321693276878946,59.96154282908166,18.129133566428553,58.19339242487108,56.78454641420398,54.59068153787527,52.304949030656054,51.68747852527791,53.77947018309505,56.55486115520756,58.67638343527035,60.42800672959959,61.703702754459925,62.52373586767586,62.97620682962397,63.25621761105111,63.111522114569524,62.768212695813396,62.007109982421255,60.98534705950008,59.16378664314906,56.86336806675492,53.09657842172864,47.27191403365907,42.0828007854531,50.46861799122564,55.00857823429943,57.92741785834749,59.66821516878656,23.384564936046047,20.644579892269185,13.979400086720377,14.62397997898956,18.129133566428553,18.129133566428553,22.50420002308894,9.542425094393248,24.653828514484182,16.020599913279625,13.010299956639813,53.47269502656694,56.339418814256845,58.95734617582185,60.67336115180196,61.90188777762244,62.66778337715648,63.27473572997921,63.470738524317234,63.49652782275604,62.94501938249628,62.457909219374564,61.28410255195199,59.13432883224053,56.582976503081895,52.66629108343623,48.54050856798985,48.0033896758527,53.094278753406,56.87711736647124,59.48554773029524,60.78816647594054,62.021743345513926,62.74429891116743,62.93044397611475,62.67249190239881,62.31751892019773,35.63955464995813,60.07785318533793,58.73838887716768,55.69556485623795,53.655572418504285,49.20123326290724,50.64008486531725,54.16191004643086,56.785229313693144,58.709490649365506,60.09047009660279,60.84297739742047,61.179636255600784,61.28148766260583,60.97583515541089,60.94130337589979,59.90740546779949,57.84364058651799,56.453141735605755,53.70292833315239,48.987745304313066,41.22281427209923,47.72746989641141,52.31563881225951,55.14782765891178,56.723685146083,57.904216954540445,22.14843848047698,17.16003343634799,17.853298350107668,21.73186268412274
20.0,16.532125137753436,11.139433523068368,18.129133566428553,49.33740299496935,52.62548379781721,55.28475757550534,56.889623510950045,58.05993322970018,58.754374889351524,59.32345892805557,59.66795264784852,59.72195893315827,59.058956757075414,59.002758899178794,58.14808086587546,56.14654702386283,54.26805570987092,51.623552735520796,50.39513261850213,46.193020758756084,44.670454519877566,49.1048032754076,52.53672322143081,54.683709648428945,56.1336394078908,57.47341103029515,57.73909989305169,57.98679643472754,58.58229714118746,10.0,57.478722732243874,54.843468260439536,53.04395730934152,52.21831377489635,47.25666660314179,47.664128471123995,50.89286772806859,52.943515749223934,54.6569507426257,56.10350298420997,57.094505966951175,57.496327525805,57.467867200348195,57.18562303178571,57.19444818600985,56.18864639435829,53.59797551034401,52.42822088600764,48.87375333166059,42.8925440805418,40.01820217038328,48.32508912706237,51.64189220875209,53.61737277099362,54.296117977301634,55.57181057854007,13.979400086720377,19.49390006644913,18.692317197309762,3.0102999566398125,10.0,19.138138523837167,14.62397997898956,21.64352855784437,3.0102999566398125,6.989700043360188,20.043213737826427,46.48603928135281,47.085228751240834,47.385585994846615,48.186217263758884,48.95847791660552,49.793662423961614,49.61857542362363,49.65789459245144,49.58659427052933,50.81437326351849,49.51167459700895,49.455916670320065,50.95448326538122,50.72323438293041,50.41211033117718,49.85049053292422,49.8344585734134,50.093531472934714,49.1921411512699,49.537017175214835,50.74553152075787,51.62092220569852,53.17555665477367,53.53192765783561,54.226193826889414,54.250938339654425,17.853298350107668,53.85266568957532,53.94089033661058,52.92816304263086,50.42752659005548,49.2033207153959,45.45950039576435,34.348881208673156,29.29418925714293,45.25148506770361,48.742324181624156,51.184631397753655,52.9939833006815,54.172075485598874,54.77302173065084,54.95544337546448,54.816389482948075,54.78527537198636,53.37922261848264,52.068960048820294,49.98054351895468,48.81053530833348,45.1936852704,42.640855141553956,44.1219165524157,48.341662839426206,50.53481804080292,52.854177723044195,55.29847251446424,57.15071116230892,58.62935391836348,59.5911869940283,60.199388004276216,60.3756552960526,60.32644946648766,59.87507620170889,59.28717868727766,57.83195130319673,55.98791600702498,53.5952055209375,49.16753902946922,42.043913319192995,45.67567425898288,51.31929679727997,54.83832543476851,56.86466450156474,58.38226785751458,59.429084661497726,59.979391680756336,60.10033954647341,60.108310487535135,59.57304564034569,58.40219046539844,-inf,54.94222795168214,53.016397511580564,51.72897614427956,53.09180738216874,55.46213116242938,57.989460585247954,59.72473609252905,61.20292864906001,62.2332587605771,62.89994743526371,63.24330616091085,63.36276571058757,63.15063254920081,62.664560790921385,61.70013392298762,60.45700377081011,58.81284774675499,55.81418263691435,51.76149161126549,43.641568561225306,45.60970120976474,52.08304274047713,55.91346250308287,58.37220899925626,60.00019542811976,61.03556410466474,9.542425094393248,6.989700043360188,18.129133566428553,17.16003343634799,16.989700043360187,19.138138523837167,16.532125137753436,19.49390006644913,14.62397997898956,16.989700043360187,6.989700043360188,56.333330962072054,58.64597100817476,60.65960442354263,61.883439715422014,62.82214586585994,63.2225610480141,63.49338926732128,63.52378003135554,63.17949944246131,62.31761315892917,61.5170379450221,60.11473171038759,57.29127516551983,53.73274377224491,48.61898659213566,47.00565274529278,51.893358829068454,56.0658019206373,58.37755685152531,60.49474258362118,62.10954109948769,62.29963261979429,62.687506257743195,62.592961250651136,62.43633244506138,62.00959058142112,36.799726942774186,60.565580392320506,57.7520909536728,55.101614821992,53.638544402857605,49.727025912848674,52.76852263844275,55.55574447595205,57.840592687923255,59.40204098940707,60.775586622155124,61.223092825126116,61.493807879503215,61.32485105442345,61.00379161986084,60.70815204463396,59.59278042188332,57.52580804725591,56.14783356924625,52.81705889023168,47.9685868217593,42.33097687864703,48.63542926215682,52.87989734264595,55.499652499563666,56.96372117423708,58.089034006340334,13.010299956639813,15.051499783199061,21.13943352306837,10.0
18.692317197309762,0.0,16.532125137753436,24.62397997898956,49.078465121650055,52.90413062122933,55.68601794922998,57.12131774494228,58.1253435289758,58.87800093088171,59.45287837689286,59.6694947311628,59.67372444596976,58.88890188700976,58.9791396072699,58.033437472616505,55.68757734440187,53.825357236353774,51.1041461056314,48.12813123273506,43.14309722244847,45.71534147426671,51.19905524838614,53.66454710930442,55.71668078403695,56.86171343268639,57.770409336982176,57.95329330387614,57.93223057513507,58.21427053926469,18.325089127062363,56.62865447849115,54.05272918407072,51.9638899524101,50.00182365388348,48.594145240390105,50.376535467033996,52.54173315323161,54.85773936038519,55.77225166894401,56.95352945137251,57.7285031448814,57.776312334480735,57.61438417929162,56.97024356231487,56.50350270373055,55.344145115949445,51.40800197908937,50.57867612386004,45.6869442740284,40.41471640613747,46.68618844816744,51.349671743384214,53.6567701160433,55.1821509511982,55.462921316279775,56.31740976366645,13.979400086720377,10.0,15.051499783199061,16.901960800285135,6.989700043360188,12.552725051033061,-inf,19.294189257142925,12.041199826559248,3.0102999566398125,3.0102999566398125,48.19734719993433,48.90650122758956,48.366089093587746,49.609699529878455,49.688423769305246,50.313034128818344,50.17242084547646,49.78271841610635,49.887818434536406,49.809845410255434,50.17304688562155,50.26876315607315,48.83774961355258,48.66435033179107,48.339626407846055,50.73351702386901,50.85026424028281,51.213267135367545,50.428313676246574,51.824859827265605,52.44549242897895,53.16992984496383,54.000144483962664,53.93992627193641,54.09495228437399,54.50723185290479,20.0,53.123677947159734,50.812788812268046,48.84092676933343,46.32507906307723,38.934843462184865,27.85329835010767,43.123677947159734,47.59531870350376,50.34106829707643,52.38046103128795,53.76642643691045,54.283049133941475,54.63552583648615,54.71211006951045,54.96788548603098,54.249632632607415,52.045893098801514,51.31929679727997,49.11104317804036,46.53906829641698,44.54311188147567,45.86587304671755,48.288273962263204,50.494971222789964,51.78562588061362,52.21831377489635,46.74897865991049,50.99973984235501,53.949032523330786,56.42603986506593,57.97251609480963,59.41034639645598,60.271350581703686,60.734140543819436,60.88812352243346,60.6466235905324,60.3465813039609,59.482784505991916,57.97976932186151,56.085271032667194,53.17816886449771,48.52998153939215,41.79925032074337,46.81856052500322,52.36501992523307,55.41142233721635,57.578126604773836,58.88045757822458,59.6954869669576,60.26502621780814,60.332636804307555,60.11706165843048,18.325089127062363,58.43138057925493,56.54400853372958,54.67514873933678,52.348436409762385,51.85179383071531,53.97053143018109,56.67700383548567,58.82083758742033,60.63333358951749,61.6933374071501,62.628543454161935,63.02426393697986,63.27711336304323,63.299630097118005,62.823274992385265,62.20594696068132,60.987714000075655,59.415636044669355,57.01921838351167,53.33755504097474,47.62123151874593,42.44920043912454,50.42752659005548,55.14653989080068,57.97796406856801,59.78945224523927,12.30448921378274,18.129133566428553,17.16003343634799,16.532125137753436,0.0,19.86771734266245,22.85557309007774,17.16003343634799,6.989700043360188,12.552725051033061,15.68201724066995,53.702539529610334,56.52021881405645,59.010145367544816,60.80705114518903,61.869848545177376,62.79956073310767,63.34394433733487,63.51099679526912,63.52184255285816,62.885979523594614,62.55593281975845,61.35486942028627,59.345186505171654,56.81191471614984,53.13044233082023,48.12712866765369,47.66450028267501,52.75000209927349,57.17974070227033,59.35267380359072,61.05454659651586,62.07533118932269,62.692216824754816,62.72139936351624,62.83597217127713,62.69599327539378,28.432327780980096,60.711725712509825,59.11590621529349,57.20437989666507,53.72867835183716,51.531224892368286,51.107580088798876,54.28316252316165,57.075880584437336,58.664728347938066,59.92373223904239,60.89442323674263,61.29278599762431,61.49774715644779,61.242048105840425,60.82349062137018,60.13984690462023,57.89119381851301,56.58486474413582,53.46955091548924,48.673555114821525,40.98020386209668,48.16619071297846,52.530301093835604,55.26507275495423,56.65186851786512,57.93971884645713,13.979400086720377,12.30448921378274,20.043213737826427,6.020599913279624
14.14973347970818,18.129133566428553,0.0,18.325089127062363,49.71869350001505,52.96033029332005,55.34625070010688,56.79823850773665,58.20733325096435,58.87619550560383,59.389882902067924,59.50086271274179,59.41070454588284,59.48526904225712,58.466568380673124,57.53890096870653,56.9223071794631,54.91822361956973,52.55901775990846,47.131964337252484,42.377698743010185,44.83173486092514,49.80317041729651,52.76962447757312,55.18815209408139,56.731499776023156,57.693610766588826,58.448448345749064,58.606475930931126,57.78049903180232,21.64352855784437,56.10253353764393,55.91136983408952,53.881314092195765,49.81836721265551,49.35129234915682,48.99951755482617,50.69390562884532,53.406027322567475,55.373077113314615,56.54480730348279,57.405908315699286,57.83346067476675,57.86695357637937,57.378999822802434,56.24477020391694,54.62105874074001,53.6707624226875,49.63948297829843,44.45246035080618,41.18595365223762,45.55457217204649,48.251209008158355,51.65333372596983,53.90557141789224,55.735260342440796,56.305427902101144,19.294189257142925,16.020599913279625,15.051499783199061,10.0,19.294189257142925,18.129133566428553,11.139433523068368,17.16003343634799,9.030899869919436,10.0,15.68201724066995,45.74471129976794,46.80054355014471,48.50976883640715,49.146287136704856,49.55461646719431,49.959903811625914,50.424416204305274,50.57399817266062,50.90106323239195,49.61425840428292,51.59615311840052,51.24155214442987,49.639058261187046,49.68954345773496,50.07926919518684,49.97604787460454,49.609271889948666,49.691595470402,50.90346243505668,51.50415622861661,51.964967424547275,52.749909874264986,53.32553583192815,53.733479188379974,53.85171761824295,54.41351019267279,20.644579892269185,53.7115101708349,51.88796348188084,50.13309210681348,49.37843741353889,42.68297087223766,34.459154139511234,35.42202782434028,44.92033629731958,48.17016370621363,50.874868208393266,53.099642753158605,54.137723680149506,54.74251239404669,55.02330144037926,55.40210559446443,54.88614163981458,53.87909245062904,53.18966479422657,51.55487862141282,48.59864517325559,44.83102099521368,45.207716567102835,47.152844927779185,48.96845758281481,49.23166273996259,50.34588353713624,49.70309675966085,53.28884966718637,56.08063681109127,57.793345370279184,59.158112438050594,59.969081350878696,60.58055729295817,60.7779544757524,60.73771855062236,60.232298180989694,59.46326969686368,58.22576673322235,56.3221021059872,53.655628567955596,49.34195349347885,43.35176972770027,46.137678481464164,51.4426588920621,54.919846695294126,57.036223477661224,58.48038781962298,59.30154559213254,59.98291168077726,60.079546371995114,59.72151905336013,59.32879964703151,18.129133566428553,56.69187595943604,54.45582410172165,52.02621799867195,51.1115829737148,53.438889079356564,56.386100439087485,58.61154909476306,60.31148213595414,61.508601670728055,62.46383590787637,63.15163318946938,63.395176239349745,63.37380382256434,63.05885094566537,62.61243116868269,61.564258717343485,60.22743769716654,58.26891415579357,55.413195880295056,50.72459455729878,43.29702897153215,48.30287059685419,53.63252739380273,56.91192041819862,58.94655499538473,60.36679985825358,0.0,15.314789170422552,19.86771734266245,6.020599913279624,6.020599913279624,20.681858617461618,16.127838567197355,18.129133566428553,15.314789170422552,3.0102999566398125,20.827853703164504,55.41424467761381,57.86558359469831,59.84023419552762,61.19823467172282,62.42308068978865,63.13487995878428,63.616472008176274,63.64067843765285,63.43895400348033,62.98245293761489,62.03266026413017,60.731289960121735,58.965510178622495,56.247202954866,52.47270957440517,45.108130105124964,49.27334427020689,54.775437624283036,57.96952961703337,59.79255559711996,61.26239236633006,62.22843620198616,62.725296618125626,62.97822861246569,62.9837181234485,62.149762347220666,41.902196077110546,60.067693006680216,58.99790418014205,56.755162199251295,52.31979026831504,51.70299861207934,52.00940738827741,54.49942529914968,57.08544116900042,59.06525744652064,60.45720313361818,61.07683702889047,61.49195087189713,61.62737910439425,61.29437554380939,60.66126812554727,59.40712172182259,58.40088521492139,55.595164222436054,52.413920594657185,46.638987151398695,42.21153321954705,47.75107788084082,52.53165901429304,55.23863476506689,57.083401529499945,58.17044167967328,6.020599913279624,13.979400086720377,14.62397997898956,20.170333392987803
9.542425094393248,17.16003343634799,14.62397997898956,9.030899869919436,48.83712525616814,52.47492086232917,55.517426821231666,57.09902281064386,58.196768356375046,58.84092676933343,59.46318615379181,59.664632263845625,59.76832616836105,59.23787841731059,59.059857415411585,58.22445965076441,56.38299523672946,54.82205914320025,52.2698634552522,48.83570592820618,43.49180358996378,42.653132025542966,50.03063971227445,52.742317654381246,55.11863316155595,56.64087002620612,57.51897763772813,58.23167636881773,58.52099209116015,58.362816971188025,16.020599913279625,57.20365234243349,55.87716576022483,54.171078295697626,51.586097282882626,49.636461864848435,49.30036717064822,50.19004065891014,53.085772181237836,54.175912530455115,55.740150537643984,56.777310191352505,57.438741369836315,57.377967348374355,57.024736190785546,56.795414524976934,55.6573450968077,53.19851114934223,51.90995241282388,48.37903944592942,42.80965148097093,43.098430047160704,48.557976931920585,51.784013415337554,53.85094827619077,54.659016126414926,55.82631439489637,18.129133566428553,10.0,16.127838567197355,15.68201724066995,14.62397997898956,15.314789170422552,6.989700043360188,17.24275869600789,21.73186268412274,15.314789170422552,3.0102999566398125,46.5783955385796,46.75411693714864,46.13397790379955,47.72615049849171,48.80384800590303,49.657518665350736,50.20601569978437,50.51063724275848,50.686496038958346,50.3200596544578,51.546947520948635,51.6867422956708,49.923811796265255,49.80285230444463,49.49765582122831,51.499730829633805,51.1277252110537,51.01368963249251,48.93117885762238,50.32538179260007,50.46861799122564,51.216845669440644,52.49856029397157,52.779597169209126,53.40210048355974,54.1965841096058,12.30448921378274,54.09298962378649,52.48708735600918,51.39768925279731,50.61622092243773,46.653933502797116,41.758595735437034,27.97959643737196,40.01603924149798,45.04130905935453,49.17799490936301,51.72290523781332,53.27508101694019,54.25379320595998,54.918601458603014,55.726973849826976,55.67794235159964,54.50410783614303,54.615660517740785,53.67588849152763,51.940701076211,49.38569756221061,44.57412544636192,42.85557309007774,44.873222397518205,47.57046630481726,48.43332461229658,52.41372130158435,55.255138509794634,57.173151014076986,58.74626751617682,59.62032946885303,60.26131059739204,60.533708212387076,60.587846248678645,60.13351327352918,59.2369828724432,58.26677211376789,56.60129968585043,53.78924549697582,50.09654821838708,45.66708473392467,46.64792354533357,51.41340010022802,54.60923388739432,56.7574627233213,58.26914059395403,59.10347413829093,59.709425761973456,59.909091023391085,59.635805438891495,59.06947256276268,58.14039724092478,6.989700043360188,54.407091976708905,51.39857056412259,50.02274081774949,52.67514333740617,55.42608847922523,58.07454520539737,59.95973724581824,61.36611821420666,62.47989950801073,63.09545429157634,63.43514938614878,63.47874835005193,63.27583891749266,62.75611915923882,62.0541360881589,60.8505391783438,59.10091613967864,56.581459593730834,52.90419737705412,46.79736699192934,45.504974099362705,51.58172446683952,55.563616090492125,58.01383126852731,59.6996449159704,60.822254515993336,18.06179973983887,13.979400086720377,24.232458739368077,10.0,19.294189257142925,21.958996524092335,19.86771734266245,0.0,18.633228601204557,11.139433523068368,18.325089127062363,56.52018978150955,58.84215729263089,60.70135802830429,62.01443555839517,62.84911688279153,63.39193172979715,63.64243409715948,63.678454844307346,63.363996889860836,62.49373507897804,61.75732093808543,60.20681084090286,57.67638147621919,54.739728160618725,49.84783763886252,46.09146011529596,51.67577242772633,55.67228754361916,58.591845474944,60.40289361304262,61.78185004400302,62.35077758861628,62.60112667861293,63.00884482637751,62.52595046529293,62.22436820311355,25.158738437116792,60.254312189753996,58.393328392732,55.66802688102689,52.34610915002839,51.43495694701392,52.277247776706226,55.50785849398126,57.96327978141365,59.29227794090214,60.630089245477066,61.37456975067473,61.53841987854638,61.56698433328764,61.16699706400438,60.6880012087041,59.554375862166076,57.82562197123581,55.90958804458276,52.76657077889915,47.532765701844184,40.50959459771651,49.15051415586624,53.18098828734393,55.548185416184374,56.8263687783336,58.093724899964094,9.542425094393248,18.573324964312683,23.521825181113627,17.16003343634799
15.314789170422552,10.0,18.692317197309762,23.117538610557542,49.835811867057906,52.88242516542587,55.43541608672453,57.0205984927033,58.27783335668289,58.92550928862525,59.468735816984115,59.63582433023366,59.719624746090645,59.26458723182818,58.881755610914965,58.008222033045236,55.948310437164814,54.080719830096285,50.954413543440616,49.33740299496935,45.16006230386048,45.869134655845514,49.83878762953697,53.23458366849468,55.13277544555564,56.543469521727985,57.93350281508317,57.93092998868311,58.12588516544103,58.57642423822703,18.692317197309762,57.180779828474385,54.66203071463981,52.298583905130286,51.53903238089086,46.3900810352324,47.93713573408255,51.47605223950996,53.7314197092989,55.36079697375239,56.75772844240786,57.44415820224299,57.538342183353855,57.3888278000834,56.884064725819115,56.78106651218289,55.43105326022693,52.744188095491886,50.464366301366404,45.740081047376655,34.44825199509748,42.27603935696588,50.06277735842886,52.88539850670456,54.45843855240295,55.29147919800827,56.194648275462946,9.542425094393248,10.0,9.030899869919436,13.979400086720377,16.989700043360187,13.010299956639813,11.139433523068368,14.14973347970818,9.030899869919436,12.041199826559248,13.010299956639813,45.79806453619626,47.147487607250596,48.05106483846407,48.824562293881044,49.75422616994392,50.148941904385225,49.68492288119787,49.69886298539152,49.591654587358505,51.32186019764746,49.34887122330797,49.41734982088115,51.320835019057355,51.0407720615511,50.30227194183445,49.86278955905991,50.08927897832895,50.23766721957749,49.9915229898292,50.50476427265063,51.363304779932754,52.495040909355254,53.38546132296735,53.77650416914268,54.32970893434113,53.74273477750782,12.041199826559248,52.88325253995978,52.97465046609606,51.338453610339286,47.56826213077907,45.753033334223986,39.61942883141387,34.0226138245468,42.67570626569338,48.85202854631204,51.37281300799095,52.93446532293072,54.064754572179396,54.842343342555644,55.34377716816276,54.99781902390835,54.427258518008685,54.473766745882656,52.10377385082539,50.23770833602019,47.88860992147978,46.508221533899324,43.89609016051986,45.02782058442233,47.03978825008386,50.253918962159474,50.83359264660818,50.23178355675144,53.38568041163269,55.94676461833955,57.64852835202446,59.16555008960958,60.00318221241393,60.47861061272114,60.73432758234965,60.55401651139216,60.40673530095694,59.28031568179206,58.02961081232327,56.55627221356619,53.891660843645326,49.63948297829843,44.52215913750055,47.287189229028556,51.93138517826327,54.68093179017466,57.07925981471008,58.520631881691955,59.40130329105695,59.99682414642133,60.20459485086316,59.996719838244694,58.99996591186288,19.86771734266245,56.182782641093006,54.7437945818255,52.17907503732618,51.605315547706454,53.31275418749689,56.180742582422894,58.490949538895066,60.29069510802083,61.5973949335648,62.582102001067724,63.094668505123785,63.39264167341072,63.414044493858896,63.05571470865961,62.61654152430995,61.4717435458204,60.42753839740221,58.01440071224278,55.19151752580921,50.24309122720943,43.646072717700804,47.6696280340645,53.60042149746207,56.91436919720773,58.872075651675,60.22974504567241,15.314789170422552,19.86771734266245,18.06179973983887,19.294189257142925,16.020599913279625,13.010299956639813,16.020599913279625,19.084850188786497,16.989700043360187,13.010299956639813,15.314789170422552,55.350661505798286,57.6737629809883,59.94483006528011,61.311401637137884,62.557473153640515,63.03724019960201,63.49497436593438,63.592129901863274,63.48547260246255,62.91895191145397,62.08940937635908,60.868792493989226,58.50387664188346,55.475839676315815,51.09403038927901,47.35958002142925,49.90414339088158,54.41302286693167,57.67649270876088,59.98432411271728,60.94111804872311,62.33058329413451,62.65680362223003,62.52532650983856,62.99964015581989,62.32211386034002,31.15943176939055,60.45987605660968,58.16493846697311,55.812725001547946,53.3510671238707,49.41496525245307,51.16584501306876,54.89020008511568,57.11604792206309,59.04504025355984,60.500489786947725,61.18723915871854,61.38320385435915,61.454950557293685,61.15709672579429,60.83253509897182,59.77391585991771,57.92512854764482,56.225963240155245,53.3038941970477,48.86502005402139,42.02079441007388,47.82830805202592,52.49609213540323,55.32363210490084,57.04751761393599,58.05041853907214,19.54242509439325,21.335389083702175,19.54242509439325,17.16003343634799
17.24275869600789,16.020599913279625,21.64352855784437,20.969100130080562,49.62549267751143,52.94069227470891,55.78071620845516,57.16651795464789,58.26337244679965,58.937623167121,59.48231482760323,59.78237140497005,59.67440325236953,59.0644764202904,58.98201189813478,58.003327775810064,55.52488135131142,53.501956671834215,50.18042735212504,48.78872076999177,44.22261450813602,46.5105499305966,50.90645957573315,53.788936947999176,55.65965817446667,56.834721143671835,57.875582329089966,57.920195779182166,57.8942628456319,58.405075684690814,22.944662261615928,56.78923349590435,53.75191576570632,51.14804405669539,50.38810844100614,47.130619173621994,49.801306853344045,52.52741410233778,54.606648541651104,55.796292803746525,57.08974676083066,57.73727950202749,57.63356104388733,57.41132681801745,56.71959231191367,56.61475716422193,55.25771479960533,51.4367043347016,49.87603707717863,44.58743577420048,36.319508262592166,45.52278757969826,51.5275908459267,53.70500136438346,55.07758751512122,55.5380659379453,56.38277549200595,18.129133566428553,20.043213737826427,18.129133566428553,23.05351369446624,6.020599913279624,0.0,13.010299956639813,0.0,6.989700043360188,11.139433523068368,13.010299956639813,47.94920034916988,48.71070638121196,48.86924802651801,49.55326890731545,50.159797333616154,50.14528938956798,49.692294798626435,49.697606016227034,49.147978438103976,50.45557669136548,49.0000096515347,49.21343065066323,49.92151288919687,49.506179567644196,48.96222987333409,50.449511261623236,50.38318077217998,51.054863404968046,50.26373898647296,51.46676761187635,52.159916215111856,53.18171895013796,53.861492489375905,54.297684244786055,54.481573091897445,53.99604505689688,22.671717284030137,52.53359816443226,51.70968335972316,49.72619339059624,45.62173863364649,41.58844773634988,0.0,42.57414558762187,46.74024801128532,50.57456892436256,52.21596785740263,53.63423932917176,54.38847592438006,54.86450315669735,54.94302117726033,54.469113440703715,53.642450993107566,52.577289597039325,50.312387532525264,48.05976350717563,45.68319085095112,45.36217438060636,45.16786491392598,47.995955364223605,50.27023254588704,52.235893833978096,52.28618477861832,47.000543856282384,51.029034226971746,53.8653641849057,56.299027427906395,58.08089380466097,59.38539738285958,60.138479958718314,60.701982487391305,60.86191776036297,60.7857317018602,60.14882020336924,59.34210004138997,58.097603190815406,56.20531634720475,53.14524489156948,48.40137472982251,42.506639194632434,46.991436873944835,52.04293665714389,55.396142401952176,57.383373203064,58.82137313939908,59.69330163347717,60.28594837332989,60.367985085187414,59.999986971145994,21.335389083702175,58.14700304862796,56.904096294969555,54.720071205021476,52.41957172756818,51.92023547907665,54.10252389829708,56.65926975549599,58.77446217774434,60.640703207466984,61.82284801230949,62.574445686768534,63.05864694432447,63.399371421529594,63.212619652847934,62.891626978670914,62.058593728332696,61.14526251851401,59.220452053611396,56.80155048781216,53.305314633823386,47.54623505584502,43.070893650486155,50.41317664177534,55.14347160572715,57.8610659826966,59.64459991305803,11.139433523068368,18.692317197309762,12.552725051033061,22.380461031287954,15.68201724066995,16.020599913279625,18.692317197309762,20.0,17.634279935629372,22.92256071356476,21.84691430817599,53.90237203879171,56.332835885872186,59.0273426274039,60.62771829060226,61.97660365203161,62.70271129902288,63.252029655163035,63.55294594036627,63.57777291434796,63.03748189380235,62.45339902695324,61.36643528528982,59.31226931435327,56.823084703758994,53.05405115437893,49.0523984342813,47.44652789820986,53.0592288596722,57.050302302741834,59.23365272476011,60.93445850876382,61.68008405971166,62.5833455969855,63.06815181116356,63.370159549056204,62.739741592982426,28.813846567705728,60.73175601357833,59.70975543514037,55.902464724126744,54.74456662594598,50.779961781951656,50.57650891927765,54.353425998364,56.73821446783154,58.70293854459874,60.04160095889385,61.02694684202937,61.233108853763625,61.401248023775594,61.15763569345165,60.94362104597545,59.97227754930581,58.000568889250985,56.63381446023581,53.676633597762745,49.39823651243017,41.5454569242091,47.54447722722881,52.18482987593645,55.05097045454262,56.89220037263836,57.979575690770716,17.16003343634799,19.86771734266245,18.633228601204557,18.325089127062363
10.0,15.563025007672874,17.634279935629372,18.692317197309762,49.2496637518943,52.57472175966978,55.47579044257935,56.74796864070852,58.30522589313195,58.7697603867412,59.41136107646499,59.60940493799483,59.58485999450496,59.642832068903154,58.87466508718643,57.940507436773956,56.97168293059873,55.15921507563554,52.72493719640525,48.49271962070074,42.67171728403014,42.99725153975637,48.76367969647017,52.36401208265657,54.890707124216135,56.47715410691554,57.58470564258792,58.37944943589133,58.42382673486628,57.88556516321272,25.118833609788744,56.31383897189126,56.21555344734289,54.1484136921122,50.63577276106099,49.55495329184127,49.25817270956088,50.034303717232376,53.08611361778343,54.846485588079304,56.35259504512521,57.11342327365868,57.75505593093953,57.857980510004566,57.38407126628928,56.79701288867005,55.38424167999498,54.39370594240326,51.3529806538826,47.95546351037706,42.78296208091274,42.80965148097093,46.01234046916447,50.46514673981031,53.163268660454186,54.79627128765085,55.7498682170899,18.06179973983887,14.14973347970818,11.139433523068368,18.129133566428553,11.139433523068368,16.989700043360187,6.989700043360188,16.532125137753436,14.14973347970818,13.979400086720377,15.051499783199061,47.233242965575435,47.09439574132411,48.21939098729766,48.54937283891723,49.41734982088115,49.41193297297842,50.121705139112926,50.35337666000665,50.58475373298818,49.67440325236953,51.225959244648,51.18311030724818,49.07953889866881,49.024652395293096,48.86406114109727,50.634572109348284,49.67421600602861,49.911064066453754,49.59661370273495,50.89781514122957,51.010662374919605,52.12086346034042,52.80498696881728,53.61867543073145,53.76111392085819,54.4325046707694,14.62397997898956,54.50215225867894,53.09843004716071,51.46481531566843,51.61478808069524,47.05453161301491,42.92699003043929,37.38780558484369,38.16440167956139,43.0588853028431,48.08973526653267,50.98505283201315,52.61331874487941,53.8668441517457,54.26812072815156,55.45242771776188,55.10229898375239,54.35693100730418,54.054146669518644,53.04802780076547,51.050125900585364,47.83081356276696,43.60404054729939,45.10879984756117,46.859207921945355,46.6247450375031,48.213824997473,52.60131039723635,55.047616540684444,57.46217605739882,58.51905026964089,59.72996621398878,60.12064083055927,60.560445538916696,60.44351577614034,60.0139185255679,59.22561983070064,58.10561811539061,56.21223033449178,53.208148756224446,48.86067504919496,42.02951245040243,45.50631875894729,51.029034226971746,54.5969699030847,56.844512670278704,58.38959853175132,59.27201951441681,59.83576676406309,60.284581912859956,59.828508102265005,59.1799361951573,58.42100392773883,26.6838591669,55.10465918516155,52.962723929235416,51.496931896264975,53.253617037224565,55.665199826337656,58.013028431882255,59.94630769867734,61.27294355700946,62.20336686527048,63.015183023350914,63.30545259435607,63.2763781516376,63.029561569070786,62.38568197745117,61.97662293709284,60.34815287373357,58.965229106661894,56.08655446885554,52.3246752421467,45.655172514446704,44.74798818800632,51.906817945067864,55.954311830105354,58.406141476488344,59.876019202366386,60.92167777734102,24.955443375464483,3.0102999566398125,6.989700043360188,12.30448921378274,12.041199826559248,21.13943352306837,16.989700043360187,20.863598306747484,16.989700043360187,21.613680022349747,25.118833609788744,56.680586746270336,58.65826801924563,60.61078719489962,61.57848876552764,62.830048120648634,63.20977714338916,63.53481526703093,63.49494523331127,63.12164022632578,62.628858784560855,61.483623074869755,59.898132092312025,57.73716981554625,54.43082972262271,49.81949917244439,46.016363476482354,51.09403038927901,56.0933183246172,58.69597781300628,60.37400997332487,62.07634367388962,62.31726675786007,62.8851414936687,63.17938039636056,62.54137030885468,61.86094799056807,28.29946695941636,59.739116480560156,57.726868887067326,55.10429719209156,52.63309337330418,50.94044660857375,53.47529061998068,55.17884414862199,57.67816085510706,59.21925661655944,60.61426088863755,61.27177714824178,61.51108643342819,61.53912379174297,61.163304108909394,60.727956403539956,59.191408774011556,58.267031026939975,55.49044971922194,52.225760178873124,46.7137651517521,40.93491727010932,48.36627888963648,52.98787599944235,55.51212046775315,57.079319374532176,58.143734696008984,19.294189257142925,6.020599913279624,23.873898263387293,17.24275869600789
14.14973347970818,19.54242509439325,10.0,16.020599913279625,49.29526208745993,52.653132025542966,55.52688896309426,57.10469398818158,58.12956783919718,58.900279078354984,59.44830955078331,59.803652086690164,59.82467073783661,59.1858648590464,59.1463135683552,58.20498990525302,56.0663606217387,54.226571289458406,51.56197697029134,49.62426164381232,44.44060417740776,44.08663874063811,49.71243368235365,53.11747505480247,55.153571497383695,56.62616190820862,57.63841873612654,58.02736791592374,58.223727512719314,58.787865425093706,17.24275869600789,57.60866352785332,55.274919872561085,53.21658486112403,52.3395253612081,47.68823025449643,47.94550781298625,50.543065658484,52.86234100760879,54.430266043404536,55.89217717920093,56.91346764134821,57.18711726986282,57.22674224507733,56.808402346854876,56.94082854195301,55.905877349558494,52.74905670008061,51.61996525422446,48.01225290173022,40.78674273360466,40.138479958718314,49.05007500697232,52.00204592968748,54.065129297291776,54.549423748382786,55.72835603037555,15.68201724066995,12.041199826559248,11.139433523068368,0.0,16.020599913279625,13.979400086720377,13.979400086720377,0.0,17.16003343634799,6.989700043360188,16.532125137753436,45.72278978298784,46.56912339781424,46.294197936892125,47.61002662992075,48.57199775061667,49.71517056454332,50.079397125142684,50.01080049156081,50.09166088828402,50.98498359911923,50.29322891013347,50.52682401617118,51.32275703044142,50.99577060916708,50.51700352924215,50.61953588884936,50.63802308875193,50.47294342036406,48.93484346218486,49.661417327390325,50.03891166236911,51.10404506501023,52.53434935241006,52.80965148097093,53.4709767882886,53.91007483485832,19.084850188786497,53.48859548704941,53.16123475448525,52.06288745240364,49.87777951819497,48.08973526653267,43.25228227870849,28.068580295188177,35.82744965691277,46.2763208762763,49.34902258322314,51.78012375922649,53.19108142251936,54.25770540198907,55.05406407778907,55.428378707488655,55.3497112797432,54.89509898516423,54.00822820777606,52.81662751660296,51.23570728140037,49.60546879428199,45.06234359612126,41.89012804600242,43.515064229290445,48.04548308388056,49.05520650085998,52.79468455315035,55.285927859944806,57.15565487777052,58.60626641587467,59.67299402541602,60.30870413924329,60.465626639814296,60.44323735320778,60.07311558053574,59.282201527970656,58.06264788842452,56.384852634237994,54.08465536276391,50.443045191759154,45.29032325426976,47.405837286071204,51.46723231498082,54.56794042585253,56.81820814562519,58.193313424293784,59.25142879691332,59.7859680166085,59.7781365491343,59.660407768830495,59.10544367818869,57.930867047200465,19.294189257142925,54.008504308578004,51.48040916703156,50.18442507704656,52.71908951795826,55.412109358854345,57.9692939374018,59.92752284666042,61.34327585906152,62.438426090278256,63.0044004038199,63.387313269853365,63.4967569106195,63.35958304681337,62.88855294056643,61.965641399405456,60.74137782494246,59.23308795195674,56.406265088347276,52.91450994501753,46.92406234833631,46.00406528724327,51.489109931093566,55.3641702134481,58.01454477652892,59.70987151128439,60.7505399469838,17.16003343634799,15.68201724066995,19.138138523837167,-inf,18.325089127062363,16.989700043360187,21.13943352306837,19.084850188786497,24.232458739368077,6.020599913279624,16.127838567197355,56.527354930647995,58.814445750031155,60.8837497358543,62.050158760691346,62.82399584734151,63.28414875689611,63.60824508809917,63.5752264312617,63.287872003545345,62.46987010427907,61.731224311761096,60.34067080127037,57.58764328265066,54.344619139069785,49.62511393507597,47.57190981251573,51.15640461985122,55.645169348231754,58.440924155380046,60.51987494878749,61.63171218078318,62.5211215780243,62.552382427427005,62.92518562912841,62.78203985088218,61.84549765265999,34.29752280002408,60.24929586895809,57.91025016129278,55.17338439309346,52.71460560839449,50.35593818464033,52.67249190239881,55.58738562210392,57.778072977529156,59.42197116089404,60.52931219605956,61.13467372074483,61.40314735836483,61.53495349914265,61.13334914025928,60.924118280124404,59.844958089744665,57.892887343045274,56.217380076138525,53.02110044820061,48.2473095019008,40.511525224473814,48.333065152846984,52.86514850810026,55.38699379542407,57.03703976818275,58.22576673322235,19.54242509439325,18.06179973983887,10.0,18.573324964312683
6.020599913279624,18.692317197309762,0.0,18.06179973983887,49.721102284028305,52.98634783124435,55.38167649575147,56.98452886156176,58.07758206196254,59.03299483542482,59.55716606131058,59.78522429174653,59.78296039430552,59.371290595479,58.820233587866994,57.94114936917652,56.31041759141517,54.25301034367586,51.41368237541053,48.65441562164601,44.81299273332856,46.38089721984506,50.05635167864966,53.341822322412405,55.28291791971914,56.74548850633102,57.95455243395214,58.03938260361538,58.27296884607637,58.410802808224524,6.989700043360188,57.1218654396046,54.69593767383212,52.469513502805825,51.429710561608545,46.038477712994236,47.501225267834,51.36431998330211,53.37658891026142,55.50064391233381,56.798528974145526,57.36472995118319,57.52492507817793,57.55136690002534,57.16073493231484,56.605714236961155,55.19473590872356,52.89339183700867,49.5839663092307,44.061482870796354,31.37670537236755,41.993711613914904,49.810026899414,52.584001995355756,54.23183593281438,55.62114350588686,56.330986428686394,12.041199826559248,18.325089127062363,6.020599913279624,15.314789170422552,10.0,17.634279935629372,13.979400086720377,3.0102999566398125,6.020599913279624,0.0,3.0102999566398125,45.19263437784619,46.84961995325813,48.19872821950546,49.086994323522234,49.795529270332956,50.02235197663352,49.86973164367881,49.781302801802276,49.53957711918464,51.0886594911645,49.07610187727711,49.18496900197138,51.63545984760645,51.15337535883526,51.064526873746125,49.21093141367645,49.405214653453164,49.64566027423611,50.384333711853195,50.4563587107822,51.94539316565867,52.53737701864096,53.17080886073193,54.059982516895005,54.352342059420025,53.78733940276685,15.051499783199061,52.81898819518436,53.18764321558204,51.68264658139758,47.63547782415415,46.472753613043984,40.15862508097314,29.29418925714293,42.58972331109386,48.74110566316574,51.189191475362776,52.833577737829735,54.20445910792858,55.07171521289885,55.405196716420086,54.792037625687364,54.2769703799481,54.49788388674488,51.85445823151282,49.947745270042574,47.422536699065944,46.15244934026375,44.62397997898957,44.97758718287268,47.57889265054904,50.15158491260141,51.14534258767868,50.28331267162037,53.56840112994888,55.79103049953016,57.726341102960745,59.07166732498072,60.01886813555369,60.42644805034233,60.65960442354263,60.53490635406514,60.37415341608805,59.1537450502629,57.9916748653962,56.56677833055136,53.94222214662964,49.856330179923525,44.03395087002509,46.910549560078906,51.77628831798057,54.70672106197196,57.00255349238853,58.51139054274411,59.46928548601453,59.80345669894206,60.20112569565467,59.93561430350744,59.04835054463415,21.613680022349747,56.224067696238635,54.75557879331682,52.4809593109413,51.22952734013195,53.45055981363189,56.24267653498748,58.42677248794648,60.260627623863805,61.57109072514291,62.447346829789524,63.01898150622619,63.429971486815234,63.46717863238776,63.20244770438575,62.448214417446366,61.443316198690255,60.353420698974176,57.95382900051439,54.988341488373905,50.41617670375892,43.948017771627114,48.018288771555426,53.437413269334826,56.666864241923705,58.77917038926144,60.19183195734967,14.62397997898956,13.010299956639813,19.294189257142925,18.325089127062363,10.0,14.62397997898956,18.129133566428553,22.278867046136735,18.325089127062363,19.138138523837167,20.253058652647702,55.398448472480304,57.74499447614626,59.81504207295417,61.29195068847103,62.369949942973165,63.0428905975059,63.409247456443445,63.56820443588305,63.44622526271852,62.881190519000505,62.02499760051272,60.73500232107861,58.75311923722264,55.93676977649886,51.49840848152134,47.6774936734558,50.12284518034346,54.7063978026566,57.69694068252666,59.709351465973455,61.27328370056523,62.19156045020716,62.931991939034404,62.61771112275007,62.89003553704642,62.40350525578425,35.487578285737044,61.078422897364234,58.489769083428875,55.955237777078146,52.66149347025585,48.68115205327217,51.418885497058604,54.52481057822141,56.91531474588402,59.022776399054486,60.34788831251184,61.12090312389771,61.41382350612203,61.57902016550588,61.22446566665381,60.90012788997797,59.79527433375141,58.13630352570077,56.0848859278387,53.24769990985093,48.39936611231559,42.63351968393565,47.036008638863116,52.12262200730183,55.08234702538749,57.00638827663826,58.1235509661842,21.958996524092335,14.62397997898956,10.0,18.06179973983887
12.30448921378274,14.14973347970818,14.62397997898956,17.634279935629372,49.772158697909305,52.90626629883605,55.30181762367394,57.05482254771307,58.19114693180866,59.007870167515975,59.61480419861487,59.79989728610864,59.844679031958435,59.19446824484587,59.00498216638722,58.03173639173953,55.997706647348345,54.04287940993275,51.29538442644992,48.82137313939908,44.506339505970054,46.37739827119137,50.09879878994265,53.405115343208635,55.241207869206534,56.7165502148,57.8995914486306,57.99937122095667,58.17840269607412,58.64005890341965,21.613680022349747,57.37052627776549,54.46221738605506,52.13081915773124,51.57278419936144,46.450684012079144,48.31876170322974,51.39003320906416,53.602544028517926,55.40400808371615,56.69774183367718,57.421986327232574,57.52023849913259,57.38641847403714,57.05210069097886,56.6655541812069,55.43951389595081,52.53957983278508,50.56599976292781,45.641687668821234,33.83994789441733,41.969219448194586,50.277001641460956,52.83852794207906,54.45836076409053,55.307131175745916,56.2574447222465,15.314789170422552,15.314789170422552,9.030899869919436,18.633228601204557,15.314789170422552,6.989700043360188,0.0,13.979400086720377,14.14973347970818,10.0,10.0,46.138206878104235,47.19571574314456,47.965743332104296,48.93340019919761,49.82348132545462,50.04428859114686,49.71396469342103,49.610697192655564,49.65794158105112,51.06836587366794,49.24775339207649,49.247805034473245,51.41277275635072,51.15071052583872,50.69627403017891,49.70105017536639,50.159169380479256,50.152800995027434,50.07320952922744,50.35881809510414,51.30889952537365,52.459492104036386,53.23066376363904,53.96870327999223,54.24816324279354,53.961871378422984,20.827853703164504,52.98724296642756,52.89664746813231,51.611163380460326,47.60791778269944,46.22638781143736,39.63220986522988,32.38046103128796,42.7009628142033,49.09004788766717,51.37366772832867,52.93963299833973,54.14923234177824,55.038070198464055,55.419484868386476,54.80295897110099,54.46922207465484,54.20196772828953,52.20149945731948,50.41317664177534,48.06451323247262,46.68618844816744,43.894673270553696,44.0257086822233,47.1326367628582,50.138479958718314,50.88816245945231,50.22910652725224,53.5260695413652,55.840744170813544,57.733512013392,59.09473120287551,59.99493317180578,60.485792954214396,60.703648503901526,60.59800000399847,60.24896370205952,59.219927141340904,58.08061003993441,56.63665125236666,54.04073891894583,49.888130384479155,44.532112824382224,47.21711713367832,51.842370290163714,54.77517729317283,56.98152762261559,58.5198197744771,59.5163374843148,59.82332753733559,60.109991843615546,59.94596032412402,59.07914700082294,18.129133566428553,56.429252808123664,54.65271288880206,52.34365405741633,51.192063848059064,53.44244863665512,56.29949582692884,58.51875708907372,60.29873807415903,61.648766677649334,62.44817487306102,63.05244932757169,63.46950793671259,63.45232537394636,63.261407943224185,62.48613930011496,61.48584147544633,60.293594240407884,58.046743008996756,55.18295421627791,50.451077344964624,43.72506963362899,47.715066402054774,53.25289837207551,56.729037885799286,58.868436575008126,60.346769761977406,15.563025007672874,15.314789170422552,9.030899869919436,9.542425094393248,22.944662261615928,16.989700043360187,0.0,22.50420002308894,16.989700043360187,17.853298350107668,3.0102999566398125,55.222276843799925,57.785253063295805,59.961406998201845,61.386670368121806,62.33830880035025,63.06572769774747,63.464642726025446,63.56641468352557,63.40796563380963,62.88505209426476,62.1712188126513,60.87750902582734,58.58924401150414,55.927761364881874,51.53131646769947,47.468520698256775,49.802079647638564,54.66956545273078,57.92741785834749,59.89849220474454,61.29458507546131,62.11860561462043,62.82957502447019,62.650844546036204,62.82638877182385,62.60996499162744,29.20123326290724,61.21473830262743,58.422802742581524,56.55203766235181,53.70152106962657,49.988388829513454,51.801316121734786,54.62020446906689,57.40668956494542,59.233393663784845,60.15575172403526,61.06180694454097,61.44723927781776,61.49748567456983,61.24921364481579,60.94327504708896,60.02342768531645,57.99864144501372,56.414661781123534,53.544618801761885,48.716896656855155,42.19584526214255,47.35862270520302,52.168570550960574,55.20808313325223,56.99527280755835,58.16760816425329,19.294189257142925,22.576785748691847,18.129133566428553,11.139433523068368
16.532125137753436,13.979400086720377,0.0,-inf,49.975829520959664,53.1958279245317,55.30120262449508,57.046111738995364,58.35691205498506,59.04685257185203,59.505916799173974,59.51913281551694,59.46543142923977,59.47438623602977,58.3048922503393,57.23098402060703,56.59654784466404,54.504769761299215,51.949165370596326,45.845573605256746,41.656893760176175,46.426623314420354,50.76691405665478,53.639352303458104,55.771343364058474,57.152844927779185,57.803360375350124,58.69518611439559,58.66448027855287,57.76259402434299,14.62397997898956,55.86589554896402,55.256821686263855,53.004933105074905,48.85728631517633,49.03979379363818,49.34589340577275,51.49003451928547,53.96579406439626,55.786048317355196,56.79780277169431,57.38566528545448,57.797126242533345,57.7909192610414,57.07018868420371,55.47780856824171,53.37109688297215,52.564531449390365,47.114107016535975,41.294320741555744,43.16745927670932,48.21546279393206,50.187420957623814,52.905020614535175,54.74859941738595,56.2505818048182,56.73125088424962,6.989700043360188,19.084850188786497,16.532125137753436,-inf,12.552725051033061,17.24275869600789,17.24275869600789,11.139433523068368,3.0102999566398125,3.0102999566398125,16.901960800285135,45.680256230379264,47.074764946358286,48.98132557687798,49.5943255838829,50.061578619684504,50.203156959107574,50.608035687480104,50.97722252259218,51.03119253545714,49.81854834604945,51.28877246541101,51.18390398615371,50.17575868391074,50.18608971027917,50.433622780211294,49.664655721788066,49.27498681693201,49.81229487420001,51.43495694701392,51.91093147023806,52.59039309779739,52.93956678498734,53.38814937417618,53.59700811207628,53.564274416923546,53.88403183552636,15.68201724066995,52.67453341607674,50.20647126719393,47.67660393845374,45.19250299839527,35.61697532653994,37.9049627696711,43.81818771625734,48.52022279403127,50.859181921338774,52.94380240569875,54.11426081933665,54.94912555583155,55.158804640039314,55.2238423673117,54.986550952451196,54.243016459832106,53.03152841889143,51.445025975979924,49.05973877649213,45.66755583302415,42.86838050059012,46.79618653543475,48.97462138013063,50.132291777512094,50.83366433543246,51.607685618611285,45.25148506770361,50.26239004906745,53.99812119978673,56.325838164338066,58.21510908219,59.32297677365899,60.2768875513814,60.74027926765288,60.89660001332366,60.86708550135893,60.37430482275391,59.610269650956916,58.25806364659174,56.35689786748632,53.71821217627293,49.8033067442432,44.96292954006043,47.401494380371226,52.21763619554885,55.24402613751616,57.223706339644245,58.57419949708665,59.56546832005437,59.977204965674716,59.997610723238175,59.6237170368146,22.380461031287954,57.6913278194457,55.87442674462846,53.4136526936691,51.02821173199469,51.372148109190015,53.91668903517196,56.83746571675896,59.052393032403714,60.642696293128324,61.938203039644925,62.78520390784738,63.3330315752263,63.48788549558741,63.360450548898115,63.04440977461368,62.32887650216139,61.36119112668706,59.686178857666796,57.58303908719628,54.27060694698764,49.022749204745026,44.87604955956124,50.61953588884936,54.8725153193481,57.40312940186075,59.26385668096281,6.020599913279624,17.853298350107668,9.030899869919436,18.129133566428553,23.26335860928751,15.563025007672874,15.563025007672874,20.374264979406238,22.576785748691847,16.532125137753436,20.374264979406238,54.082959449769206,56.7719892574209,58.95326393869689,60.51635960818827,61.95904631553095,62.854065173906804,63.40920783853517,63.624230944931874,63.532054753029,63.30709966688919,62.4296582571317,61.284551676093386,59.861754013736935,57.645123748551576,54.28892527459639,48.53412237521525,47.23455672035186,52.93532702929399,56.34498430165237,59.02488615832916,60.53463372907945,61.91491535547356,62.87881641716939,62.96329030323143,62.64744175527099,61.974528630205214,26.24282095835668,60.95378599560064,59.36143630257454,56.97112468680422,53.82645503712483,50.39064956805266,51.29902476925429,53.49481510520876,56.46679116880218,58.56878662929175,60.023596145677345,61.02167764697036,61.45775804138681,61.67993952265312,61.420993180761,60.73750967019089,59.64860907322388,58.769806507447925,56.095111703652506,52.91057894434276,47.98125584444266,42.00686375969617,46.4365990394993,51.906341979828845,54.845304525535134,56.8795412976025,58.03687858640192,12.30448921378274,21.613680022349747,19.294189257142925,17.634279935629372
11.139433523068368,13.010299956639813,13.979400086720377,9.030899869919436,10.0,6.020599913279624,3.0102999566398125,6.020599913279624,17.16003343634799,18.633228601204557,11.139433523068368,12.041199826559248,6.989700043360188,9.030899869919436,11.139433523068368,17.634279935629372,20.0,18.325089127062363,12.552725051033061,16.901960800285135,21.335389083702175,16.020599913279625,16.020599913279625,9.030899869919436,20.0,16.127838567197355,12.30448921378274,0.0,6.989700043360188,19.49390006644913,16.989700043360187,12.041199826559248,17.853298350107668,18.633228601204557,10.0,10.0,19.294189257142925,14.14973347970818,18.573324964312683,12.041199826559248,12.041199826559248,13.979400086720377,15.314789170422552,17.24275869600789,12.041199826559248,13.010299956639813,19.138138523837167,16.989700043360187,16.989700043360187,12.30448921378274,6.020599913279624,14.14973347970818,16.989700043360187,0.0,13.010299956639813,6.989700043360188,12.552725051033061,6.989700043360188,20.0,15.314789170422552,11.139433523068368,12.30448921378274,3.0102999566398125,14.14973347970818,13.979400086720377,9.542425094393248,18.692317197309762,9.030899869919436,35.94282028811806,33.44392273685111,31.922886125681202,28.432327780980096,24.62397997898956,24.232458739368077,29.20123326290724,32.87129620719111,34.87986331129393,35.118833609788744,39.29418925714293,38.3511959042455,40.20734085411515,39.866821797795055,39.33335410077652,37.955324427101544,37.27378569451489,37.03892953632545,35.289167002776544,33.72359582524324,30.043213737826427,27.307822756663892,27.435097647284298,31.670217957902565,31.892094895823064,35.27629900871339,18.129133566428553,37.15418322595056,36.57533887557986,36.98970004336019,34.671639659690904,35.9955559098598,35.238764756381315,32.00850498091078,32.80578370368077,27.85329835010767,23.443922736851107,24.969296480732147,31.613680022349747,32.90924559382754,34.70263446965078,35.31478917042255,37.36316807904109,36.78062904974345,37.8625439578978,37.148325124333326,35.76341350205793,36.991436873944835,34.85863329597335,33.31629717629932,28.432327780980096,25.118833609788744,28.382192219076256,50.89961601356478,55.21589149369393,58.35135461150561,60.72855868903538,62.49237747949251,63.78583390479668,64.78007035359855,65.37854340731421,65.64999289937964,65.56243746400705,65.2592093827642,64.42973987678525,63.280061127457316,61.3640344813399,58.48007352900285,53.87049733186358,46.662277299444376,51.73760090586083,57.2923770615214,60.392447311300444,62.596058230143825,63.96580277753188,64.70544845667715,65.17411539597022,65.17798475829524,64.86211930532743,30.073209529227448,63.03528241249527,61.360416497679765,59.30209643276118,56.85265992821941,56.32604056893428,58.56560938765708,61.027303379467355,63.410174412337184,65.02080092069912,66.13965224282705,67.04810983109434,67.55695005283825,67.80334957245717,67.7841008513061,67.39449949506478,66.81926881140944,65.69246646199177,64.16171182519521,61.9121983226486,58.46194798600194,52.445838643909724,46.405311245720895,55.227897057846874,59.88245384748589,62.64331329632117,64.57089456879496,16.127838567197355,20.969100130080562,21.13943352306837,20.043213737826427,13.979400086720377,16.020599913279625,16.989700043360187,22.380461031287954,15.68201724066995,33.77670439334323,37.19993826367604,26.9284691927723,38.23474229170301,39.4255368033421,34.452927694259714,36.23766000133931,12.041199826559248,33.18063334962761,43.476226994672416,29.60946195733832,37.96088428680668,29.647309210536292,48.42072279560508,49.61487538412329,40.14394516273535,48.78872076999177,51.21533582200318,51.498131660023894,48.360708089151416,40.00781027353496,25.514499979728754,50.69223957297052,45.33238074060297,47.52586178740409,48.622864567943864,63.57948942294374,30.852905782300653,29.24795995797912,24.955443375464483,69.76596635905953,68.05850056330223,63.18471755503254,62.75311354541812,60.841056266728906,29.12753303671323,53.50689843255472,53.476226994672416,51.676746681944444,53.646072717700804,40.17575868391074,33.967222785037734,29.268567089496923,43.934874581471746,46.386190267202295,50.61953588884936,36.18780024506215,48.39434050046172,42.27886704613674,14.62397997898956,45.82438376813906,39.62748053358641,43.429159170840855,35.35800290824898,30.52693941924968,39.40217555599735,43.009648466053946,19.86771734266245,6.989700043360188
12.552725051033061,18.129133566428553,23.979400086720375,24.29752280002408,48.998478500850446,52.875442109909415,55.730225339455394,57.250618046339866,58.24554057165119,59.10040329060831,59.54108339976564,59.83518489343078,59.88309188036886,58.95928375709136,59.00970351548304,58.071628094710604,55.72040538685711,53.556277309213414,50.28347541558745,47.37780848436633,42.63494041721883,45.79440597139797,51.62483752878801,54.1048873230545,55.93740066214235,57.16677646699097,57.94249572348335,58.154847701344025,58.27009797339579,58.497270580396844,16.127838567197355,56.9136179136556,54.36183327237988,52.00204592968748,50.271252663059656,48.30870836339318,50.0062927088754,52.47270957440517,54.64006398165506,55.6727227903507,56.74424790781421,57.547839408658945,57.51728566318568,57.253013955379295,56.62025522827433,56.32491710430138,55.01281147816695,50.669145265564566,49.38504714739147,44.02261382454681,38.08481056565951,47.03781295454297,51.81228854964545,54.09165247635058,55.394775728051,55.77175729870518,56.566625139244735,12.041199826559248,13.979400086720377,13.010299956639813,9.542425094393248,17.24275869600789,13.010299956639813,13.010299956639813,3.0102999566398125,19.084850188786497,12.552725051033061,9.542425094393248,47.39327045152532,48.574531170352664,47.86502980070112,49.309490311675226,49.83360126927649,50.382902430534024,50.18904286378933,50.14394516273535,50.37402591164363,50.61335595921314,50.59658066366697,50.812896861400034,49.76537964434474,49.64905169127996,49.5742050506115,50.888905735599266,51.13986779583699,51.259169681230205,50.14100321519621,51.4104194093905,51.848730584983905,52.71906629719341,53.41256417431258,53.58629543218151,53.76126005631431,53.712747958658305,16.532125137753436,52.540789694789176,50.71970329405587,48.64653449354013,45.108130105124964,37.25993258924723,32.29681842317676,44.352868122401276,48.2588029893618,51.34065490394307,52.910712256882306,54.16074390922394,54.59647259430551,55.11028630671657,55.24506466921497,55.1423553280256,54.48744956485498,52.68470320900934,51.70053321430143,49.71517056454332,47.18377112354902,45.46592012319944,44.51018452155458,47.56613290072936,49.93594928415987,51.281827137663086,51.76649692107459,45.964321423490816,50.5478535945179,53.83603550910309,56.32619236619118,58.06047629721087,59.42494686436752,60.224687879745034,60.76892647103642,60.94857035496466,60.67533930952883,60.3389398651317,59.50412565722999,58.31334731746522,56.406265088347276,53.791549846003335,50.03365735270171,46.340538534220705,48.19550515711442,52.28351587671742,55.34565464432969,57.179366555964066,58.64811186372521,59.304666098977414,59.968766413346984,60.031006251905765,59.70791637511927,10.0,57.62217021316729,55.960657219868104,53.64410272401322,51.0899774961933,50.84107773657155,53.95745629992169,56.82507890233069,59.004812866661915,60.81648616592031,61.843535147917336,62.75092424165963,63.20502095555228,63.48498986292658,63.45159569603905,63.01336065396815,62.40026032697565,61.251652706623,59.59736661155019,57.472913696411815,54.05397591264997,49.193134894330655,44.055853869044945,50.07973825326932,54.69439079183608,57.589096225602546,59.40568776418062,19.54242509439325,15.314789170422552,16.989700043360187,12.552725051033061,21.335389083702175,18.692317197309762,14.14973347970818,19.138138523837167,16.989700043360187,19.86771734266245,19.54242509439325,53.75563028854772,56.604575427483475,59.09783279079143,60.81382597298382,61.993846076825186,62.87175581306572,63.31910117376346,63.656452009848756,63.6186112508524,63.032403488777,62.58285682719303,61.50624443388296,59.557055449609386,57.25331641647192,53.58136708918124,49.39244611814908,47.747577681660246,52.60076160425687,56.586084988450516,59.088735653876284,61.00966429349073,61.93963701605906,62.23340158878378,63.15221538873211,63.014484538800666,62.69882870899927,31.798389280231866,60.83829650845989,58.386627447259144,57.09019660594944,53.8886285871059,50.29424364058016,51.465311220074454,54.21921306459253,57.23518061467857,58.540295846123406,60.011385293481354,61.073707645528536,61.2933438559531,61.57736234492216,61.31947628456327,61.10714257522636,60.19409184586941,58.143994390336786,56.9721713350628,53.829962539970154,49.78294669778629,40.80987046910887,47.1962955479179,52.11806430361976,55.108880209713305,56.77096630707214,58.02331682710425,24.232458739368077,19.86771734266245,17.16003343634799,17.16003343634799
15.051499783199061,14.14973347970818,17.853298350107668,9.542425094393248,49.54613913640245,53.06043109459473,55.861370252307935,57.26658759474159,58.48081300014507,59.17556970662198,59.75429970221852,59.86818742980355,59.84016660971653,59.11507035222935,58.89962447987167,57.84352641811037,55.434484226964656,53.10230101115713,49.720268625360035,47.29788235181539,43.961295753095946,47.349757512020105,51.826114955927366,54.425832348462905,55.948177959965705,57.175448555815635,58.12724230332557,58.031305892145355,57.85703452293595,58.21179327170964,16.127838567197355,56.24934594512453,52.80619339613133,50.23190707213023,49.260335966788446,48.18100471323298,51.292386101319266,53.69529401325394,55.69777580703405,56.77082015163676,57.70649539057963,58.26407850135823,57.89316247841687,57.44230377604058,56.73371152066327,56.535414878538546,54.67869935068185,50.82771013236765,48.48176796405804,42.034680518626466,39.14448940698554,47.65676004000134,52.31482333626407,54.32706391040482,55.62200046402717,55.959556254554826,56.51333266700823,16.989700043360187,12.30448921378274,13.979400086720377,17.634279935629372,3.0102999566398125,17.634279935629372,15.563025007672874,19.138138523837167,19.294189257142925,14.14973347970818,18.325089127062363,49.156583297095516,49.878270849547384,49.68221359132153,50.09297888404924,50.45952445019048,50.079951444742534,49.27334427020689,48.87932218397219,48.60822947489367,49.7648753730519,48.442161478433206,48.57917193837984,49.097324923748985,48.792564871239186,48.78579238062219,50.641621189487005,50.856330255180936,51.620623181013286,51.50403336173863,52.45690297407716,53.056630036500806,53.91494386469273,54.27554266558307,54.618855276836044,54.52008896912284,53.85722427369895,10.0,51.71860961751824,50.506117305295405,47.40489011333966,42.407488780180856,32.75311354541812,37.97959643737196,45.98495042273587,49.165381671921445,51.833410336644256,53.10264115074859,54.03274985811686,54.649781146270655,54.659016126414926,54.43772886211371,53.45061867720779,52.15230304067529,50.59203565493851,47.92951708250132,45.61256461130405,45.30455843584676,46.98839696444287,48.8516325425637,50.478237179324736,52.21972071738304,53.49698986893554,53.22213090482719,44.77584255277271,48.10340069873271,51.41944931653694,54.4152075456915,56.657760514228606,58.465053531836105,59.625270170332875,60.427097568017906,60.869677732189025,61.038327869368004,60.73417721867593,60.236153863679675,59.37209363160271,57.95028661110322,55.86859497243672,52.4644441370707,46.78936993706298,40.01820217038328,47.59123691710585,53.062984739312036,55.94606882031988,57.99230238433963,59.31403453334259,60.2137869288392,60.59810596280167,60.53498314674648,17.24275869600789,59.54939234191892,58.54479117697117,56.905017512002786,54.62495328858217,52.89428403349454,52.84787047523528,54.832391513760484,57.20342082234255,59.49320709187968,60.81696475568455,61.94461612833955,62.62038907735266,63.07020835292066,63.25245684736947,63.008701458804765,62.523250059286404,61.74790192562072,60.3384337070476,58.46646328577117,55.6421259929236,51.40734244631136,44.26381116178733,46.256107972756304,53.079664470282744,56.58555117374946,58.87423737386157,6.989700043360188,15.68201724066995,6.020599913279624,19.030899869919434,20.863598306747484,0.0,20.644579892269185,12.041199826559248,19.54242509439325,22.55272505103306,22.278867046136735,53.084128642318575,55.24686852763768,57.98592643581021,59.955202448871106,61.28353057843515,62.31433397715805,62.97570123681585,63.38357869669334,63.487393296399695,63.163362993800895,62.7592492345757,61.820772440825394,60.04772203972734,57.889774983403456,54.50560087327209,51.152376238070055,46.59583461983928,51.60918499539781,55.83027517056053,58.89167751036376,60.2285915246524,61.516033318612116,62.330900703783136,62.62046984181056,62.804108114559554,62.74018529274419,30.374264979406238,61.86901268629846,59.561530569472666,57.967199986212705,54.59460340971134,51.33222652412289,51.65544043204604,53.53539255854608,56.2780914328005,58.176261797502406,59.785073706178586,60.720074929197374,61.23062663927282,61.43724401056734,61.196203984263946,61.17352511075221,60.310366298408454,58.37919713895677,57.11561762219791,54.383920204918056,50.01097377441363,41.911714557285585,46.00373831161271,52.0113756264631,54.928190357685935,56.72335268951278,57.90147181470097,16.989700043360187,16.020599913279625,16.532125137753436,13.979400086720377
0.0,19.294189257142925,15.314789170422552,17.634279935629372,49.51167459700895,52.993438354972895,55.623416454804904,57.175315398173524,58.38678486501047,59.09903539693641,59.464522650130725,59.71175615368756,59.57151206046498,59.417384586153105,58.55236196670381,57.58907352710673,56.511325785504816,54.41954221416712,51.871398411728784,46.23383694080897,41.25058151172073,45.75430335305532,51.12075214576089,53.74574226824472,55.84613876171783,57.28626449577422,57.77180241343249,58.50603354908642,58.34449316577437,57.74957605755918,15.68201724066995,55.7898284270279,54.97935381948984,52.73732586948849,48.38427179627136,49.017688099481724,50.16251741515812,52.190000095816345,54.75445994014188,56.15155396916731,57.06056024537652,57.72495536443803,58.112800143929555,57.98632002833681,57.347438395825385,56.1405838677323,54.45605759881854,52.48014976258212,48.799555851227495,44.38194140793337,42.9939833006815,47.885218872224726,50.278305315268696,53.08148059630204,54.867491751333304,55.812895843501174,56.359861118008325,14.62397997898956,6.989700043360188,12.552725051033061,12.552725051033061,6.989700043360188,11.139433523068368,6.989700043360188,6.989700043360188,11.139433523068368,9.542425094393248,12.30448921378274,47.906017949628264,48.44502027365493,49.20175522010023,49.73649617458208,49.860996250551295,50.01742364007334,50.42536136722143,50.43319042934271,50.58475373298818,48.85841618700554,50.93789278909418,50.56237658980227,48.3781562591468,48.92211512390777,49.17452991929664,50.03736187137424,50.070732020337644,50.25870899789058,51.18628415296599,52.23340158878378,52.81237960427838,53.17405130851546,54.07263402053051,53.9747071716853,53.97913950221362,54.57727520738186,16.020599913279625,53.49863963269555,50.79947822688826,48.48804701051804,47.12110707475616,37.40993931584886,33.6285930295868,42.37870341476737,47.7027010902593,50.13990998404523,52.19283192112123,53.85223639989525,54.22999977271616,54.58071008203082,54.57082180091368,54.90200155375266,54.19686501545105,52.09134169725567,51.62014469868823,49.26882406087767,45.84206799271915,42.98634783124435,46.982919759444925,49.15278447981383,50.688571998724605,51.31185436854483,52.00374372963205,46.21965191132577,50.62495492732328,54.12927352040221,56.41994357228984,58.1705872777185,59.32516380269039,60.18527828128407,60.70497421112434,60.92614338275298,60.704907750759915,60.35509785089559,59.47144422680432,57.897815973972236,55.95603128881323,53.179505707955165,48.61468694204957,41.94264516025517,46.290118234547506,52.13539006359354,55.42429528384159,57.44380615689729,58.825313682206755,59.81213615451088,60.17519560356952,60.24823776744759,60.10863664526806,15.051499783199061,58.37457751484769,56.61188707948105,54.358204854993474,52.6459589848432,52.27683643752138,54.448267589126274,56.92910341020779,58.99764707864455,60.64599486272324,61.719945513836976,62.58894335783442,63.05623470729774,63.32946590080182,63.220167835745386,62.912520459431754,62.09180854584111,61.010325117888755,59.40620563683625,57.18867736982472,53.77060251229216,47.967199986212705,43.08457694189304,50.63145637106638,55.06668707578032,57.77716738609626,59.62757990250974,10.0,11.139433523068368,19.030899869919434,22.87801729930226,6.989700043360188,15.68201724066995,9.030899869919436,16.532125137753436,14.14973347970818,22.576785748691847,17.24275869600789,54.130397803150466,56.67843175576206,58.85299011939668,60.5699322508103,61.79455845146318,62.70584981137375,63.282378738994815,63.43542899037841,63.47132049033274,62.97984711074625,62.284424514001,61.175636001147204,59.73167123133776,57.37109912066921,53.84132895011018,47.619428656512675,47.5743398993827,52.879024566592044,56.83437907531862,59.190466964594435,60.76052127860998,62.11153926696964,62.44165253913625,62.83078822037968,62.62491432152763,63.02182818972524,38.312937443770096,60.51696111821761,59.20566268620146,56.465889726170644,53.69957607346053,51.234334720889905,51.203534378919215,53.451952704311196,56.545615547417434,58.6183538552482,59.91885879109796,60.909891405270415,61.322843500957084,61.65855707565126,61.41867561222445,60.807130486232985,59.850895069263814,58.51758416884664,56.45210966112556,53.384604779393726,48.42858762445293,40.29424364058016,46.886066708213185,51.95484523033763,54.98322962026109,56.869480272436206,57.970125690783505,16.020599913279625,12.552725051033061,17.634279935629372,18.129133566428553
12.30448921378274,6.989700043360188,6.989700043360188,14.14973347970818,49.98346537396365,53.14476070597158,55.16499676991914,56.895050910224114,58.14765509349354,59.00356202871695,59.49983462093317,59.677992140269815,59.44413574349668,59.582431800244734,58.52534886941947,57.620134866716484,57.10572585381609,55.1375281119182,52.239525796453165,47.09693869727792,43.11329952303793,46.707281346138615,49.58945932493936,53.08116015865615,55.27776788701614,56.80656355720404,57.64000435576192,58.35502864997235,58.538988897449606,57.83049150663578,12.552725051033061,55.904238285747006,55.286043585227,53.08643369016761,49.59232249050996,47.78592558813119,48.07000286780912,51.245074852911266,53.601426038776864,56.065758940652294,57.17241820891182,57.683716719875534,58.23709571261226,58.13727729958937,57.83081356276696,56.208707135896994,54.83952264712865,54.178186579976504,49.1702736496459,43.704205585485134,39.3976877545335,44.47111497297647,47.808211758534725,51.18866301603362,53.617316124749294,55.703210661416776,56.30690203220341,13.979400086720377,6.989700043360188,14.62397997898956,16.901960800285135,12.30448921378274,17.853298350107668,6.020599913279624,11.139433523068368,11.139433523068368,14.14973347970818,12.30448921378274,46.6247450375031,47.11376937918617,49.62776443876409,49.920451444588835,50.07427698525323,49.78025220906136,50.19606413289714,50.08961933117199,49.90751637972055,49.31712067056756,49.84783763886252,49.600186476802435,49.9918275792554,49.88951160780394,50.13216539624441,48.342235413801276,48.22298871262366,48.72564143090652,51.2393326759676,51.42545884086276,52.35376922402237,53.21830323632304,53.40618590812624,54.275672477194504,54.504415720858184,54.51215185265953,16.901960800285135,53.657443675785494,53.1488850803193,51.747370464154585,49.12593997752106,45.89033155695844,40.93491727010932,32.21414237842338,42.46720103107109,47.13666913158926,50.183550889114265,52.41817829859923,53.6657236618312,54.60484390018502,54.89374811631357,54.64683252625275,54.118149262654455,53.749114048844646,51.944421847284836,49.98891134666212,47.06248251670263,43.16808752053022,45.319512746539814,47.328439059169185,49.23891349920049,50.20796188104522,50.78967665417814,50.076837809750224,53.31340226428476,55.90730405792691,57.67274631238291,59.131444172769854,59.83303716108985,60.42580237286459,60.5893063648403,60.39903267708263,60.08114938618171,59.12331015162767,57.785130117389244,55.979111827412,53.111369367729814,48.087374805438216,38.48620117434134,46.36387585813157,51.82209155712067,55.23976555919974,57.330535468519415,58.873612611596975,59.73055773215015,60.28337776993902,60.505564545743724,60.24822546242531,59.584057119871616,22.30448921378274,57.11047603867034,55.48259171687406,53.52585742183908,52.18338531376019,54.078122461286355,56.46455681597225,58.53412237521525,60.228459674168,61.36696791260241,62.28661575509477,62.89487724270269,63.2572619178757,63.24183029588221,62.90830533562374,62.309322520057194,61.25291566086802,59.91425450856654,57.68721696739031,54.684950245070695,49.35935303438998,41.24243308946649,48.96537240052262,54.20107642427482,57.12744798339783,59.09053518782228,60.45747284520429,14.14973347970818,18.633228601204557,20.969100130080562,18.129133566428553,19.138138523837167,10.0,9.030899869919436,19.86771734266245,13.979400086720377,22.944662261615928,16.127838567197355,55.53118092150306,57.8100889552239,59.64818524770291,61.04577579905974,62.22259571543742,62.93570259138768,63.334702481679564,63.41082197566192,63.198910371340205,62.77706833648233,61.80110097997357,60.413772871718095,58.77920490497029,55.918311836677006,51.92157495535013,47.203247174174415,50.18409207382068,55.106870709667106,57.55900760184794,59.72437053471549,61.323586435923175,62.028292977786286,63.04032941961128,63.14556484547245,63.15370941306153,62.89776407799279,28.129133566428557,60.04375119773913,59.53411730320764,55.65380228417219,52.84171207664465,50.946807133711545,51.39365812193715,54.55370266962305,56.908665029530255,58.9224212639807,60.18895554580826,60.92195876838051,61.547467588390234,61.722072745424725,61.51699813193447,60.69588555289283,59.58078673993511,58.702429172470254,55.97310072388738,52.7069979354969,47.55333555174691,42.12773373519913,46.325787561715046,51.69159910621572,54.84541837687687,57.15850478484472,58.245325909771935,25.71708831808688,14.14973347970818,6.989700043360188,12.552725051033061
22.55272505103306,6.020599913279624,12.30448921378274,16.020599913279625,49.966035997641995,53.31228832256332,55.354991902954964,57.04610316519108,58.198412596604086,59.11487866668563,59.5154781408161,59.71834596897415,59.55772388609062,59.55478007099983,58.394535351270385,57.49527618618067,56.72947135346504,54.775972700341,51.936643469744475,45.62078639008206,42.48708735600918,46.92247478903383,50.86946799326456,53.61565417278963,55.75493822322501,57.2853720226026,57.81457367952548,58.594055194157235,58.613031636584864,57.660155537102625,16.127838567197355,55.491565875284934,54.8736041718686,52.667889110800644,48.19260893893713,48.2610721152752,49.46697837245742,51.986405944457566,54.56191369110606,56.21272896354953,57.301182179314324,57.88634951620105,58.23487270850815,58.15676681822032,57.72733797465562,55.770515376387465,54.05452231099864,52.97668610352416,47.347438395825385,41.199483600309215,42.797809769969646,47.57282125444405,49.875277332771624,52.542095967296156,54.45350401526618,56.20786488646188,56.61678307851558,19.49390006644913,3.0102999566398125,9.030899869919436,16.989700043360187,12.30448921378274,10.0,19.294189257142925,16.127838567197355,6.989700043360188,20.0,20.681858617461618,46.954291376895725,47.79148980741438,49.580093141157576,49.94919554787319,50.241283977246844,49.89009069978073,50.21966197697557,50.235034957240714,50.314286635252216,49.41153513989803,50.338779186416645,49.94967886621357,50.05455078330471,50.31311494658656,50.43413368484327,49.33391104760952,49.436972712318116,49.50072629750157,51.67863552194633,52.32022301382294,53.03152841889143,53.64746055758879,53.860849846503854,54.26816949122326,54.295488081643164,54.43400687840356,13.010299956639813,53.10151433630458,51.407248219166334,49.18371134693579,46.67060509647175,40.07619774517403,32.48708735600918,41.960379407345236,47.38820182085683,50.17004106955629,52.207564293484445,53.666339824066085,54.47734639634569,55.031980591554856,54.94836124034309,54.72108179677712,53.862099342561976,52.75470297969066,50.740297579218314,48.23734988398731,44.95294511689498,42.803962380601426,47.168794002327076,49.34058884449304,50.768770023783354,51.1350549644909,52.30155034520514,45.95077157007697,50.64252024908201,54.125294242648565,56.44771322597464,58.24522833268283,59.348225361727046,60.17404836218332,60.72759278832599,60.882537754212684,60.74590095237526,60.240667697371194,59.34404007175014,58.09880099024844,56.02373655793489,53.146802339970264,48.116956264745916,41.73565017858661,46.84495272544229,52.382092467096584,55.44014684893207,57.457117061496945,58.87765790159159,59.71222486629341,60.23443424883865,60.331381531887274,60.06607218491803,17.853298350107668,58.266895099449265,56.704286266019125,54.764635245956335,52.613509086124864,52.60131039723635,54.635256981759916,57.019037211616954,59.07102192181008,60.60984757562057,61.7533608859427,62.62099714929538,63.1694274703481,63.42895606810477,63.29538214152433,62.91452548428636,62.14041516279557,61.08406023909055,59.36692651034473,57.19106622385876,53.53123434584472,47.47955306906729,43.71621927176022,50.85451134018093,55.378404945639936,57.72765311442461,59.63357568336476,16.020599913279625,20.374264979406238,16.020599913279625,16.989700043360187,13.979400086720377,16.532125137753436,20.374264979406238,21.13943352306837,12.30448921378274,19.54242509439325,9.542425094393248,54.194683386853654,56.72320492286764,58.82840894174522,60.53293615754751,61.83240794818108,62.72391674039022,63.324879464672705,63.43599208229186,63.45117980324361,63.06762252255442,62.31051661320543,61.18616517560119,59.77744176645515,57.39433886071066,54.00332449535355,48.21290756159876,48.09020720483673,53.13751252477097,56.68509850005279,59.07250082881329,60.797082320713386,61.69971991308219,62.626769590431614,62.72263619274813,62.63532156824023,62.54470975140218,16.989700043360187,60.62775211680912,59.770876985595045,57.43322366214156,53.77320824464013,50.88157359746092,50.80345042178293,53.02081884881776,56.433470511208476,58.443684331853035,59.96923443726317,60.899534813830904,61.5474067650048,61.632463762236256,61.6751257565311,60.78952819470138,59.787509813329834,58.76813431882151,56.30697318444562,53.182512102012,48.07764967379778,42.18141468157678,45.908418347816024,51.40498615414539,54.649810920100606,56.881037755967334,58.208894779282446,10.0,18.325089127062363,15.68201724066995,15.314789170422552
10.0,15.68201724066995,20.374264979406238,11.139433523068368,49.825109336235236,53.04527148284016,55.58570582134901,57.077830133881086,58.258906746696496,59.002758899178794,59.69107323188606,59.85259820340466,59.7473684115474,59.23597322182164,58.85887934950256,57.73877827302815,55.85986077163674,53.7935991448763,50.5406505366433,47.61002662992075,43.80573003066887,47.370812708662235,50.78909727137935,53.975037579776945,55.54858486371161,57.018830148768075,58.09694358716924,58.071628094710604,58.0532819348192,58.28933660609586,17.16003343634799,56.65337042245589,53.6543182249042,50.8889411265287,50.42370719710468,45.86339708754249,48.876173003357366,52.738088874716,54.478229233057945,56.301480870683534,57.39025374496026,57.89631470890754,57.90179569070148,57.60278448697309,56.994492009761395,56.408092701360076,54.604302361484244,52.21917362724204,47.96303682043654,41.01540872558349,35.919545550467355,45.58816530879455,51.091227541580864,53.427541973181924,54.955165862136866,55.89162916719431,56.4955389821563,10.0,6.989700043360188,16.532125137753436,9.542425094393248,14.14973347970818,3.0102999566398125,16.020599913279625,17.634279935629372,13.979400086720377,13.979400086720377,14.14973347970818,47.36850481163329,48.432327780980096,49.294444716971775,49.499166961792874,50.12406933582598,49.78089173056142,49.45872163401318,49.1860167696984,48.766334555244335,50.60641189552578,47.98249998378468,48.45153874286947,50.94768010499411,50.701117827821996,50.4241798814325,49.52467932422607,49.857497167655666,50.39469641861946,50.88224711184667,51.41340010022802,52.67387648191381,53.54189141242748,53.70507538291508,54.551891114388184,54.57089760076356,53.70359477253957,12.041199826559248,52.250662156159116,52.210802374071946,50.41211033117718,45.08664363052943,42.23288219096948,29.566485792052035,41.01884487167542,46.12540159747515,50.6295783408451,52.338410193438925,53.48164619766874,54.7883478072901,55.31664091382521,55.26910206001223,54.208168779157965,53.12027062853301,53.33431151896537,49.68375529108147,47.16779368873068,44.304781879320444,44.968881529875674,46.115640020881244,48.06573375125132,49.94796504024089,51.797614197786146,52.20343485097047,46.707281346138615,50.9083978004538,53.979834359489004,56.237711641279844,58.11792768714905,59.35987646145555,60.197794855294696,60.64375989683151,60.78397723882312,60.787177513591246,60.04753303431792,59.16715499299826,58.23764314016778,56.31236719492057,53.430696922155825,48.211465484972145,42.165617350479266,47.335583580496426,52.02065805173797,55.38646612760906,57.419784142159706,58.94077245858618,59.70385933078184,60.323294034027924,60.395588598813276,59.846987470656885,20.170333392987803,58.03119655211964,56.881037755967334,54.78176754287997,52.31777870850584,52.445690269461814,54.308648432814586,56.739171548069564,58.902672837657306,60.69270243038382,61.81124406864643,62.60095488273876,63.156431376367195,63.3833874000985,63.31108494449674,62.84625840519599,61.97800021999453,61.20853171728757,59.29615591032312,57.08293397717032,53.35293379242173,47.501997278291825,43.643633546157304,50.989896394011765,55.160247613004984,57.824611574939354,59.56708560488622,15.68201724066995,14.62397997898956,9.030899869919436,16.901960800285135,20.0,20.0,20.644579892269185,20.969100130080562,18.129133566428553,12.30448921378274,18.325089127062363,54.51408757419385,56.55987936657545,59.0066256690518,60.549109075157624,61.862243648045514,62.66011435191434,63.21049053725276,63.44777661813461,63.47045923105362,63.01119016908405,62.39502686402734,61.30678493633059,59.49199656117939,57.11136295297608,53.177333128320356,49.64829827188608,48.305886686851444,53.48557965436457,56.537931150110616,59.292492622625765,60.57066729194281,61.9435280424743,62.80186691435483,62.92862773342301,62.81324542511812,62.20590514764665,38.16903839375661,60.737128529128235,58.44259663390165,56.813434655022384,55.02248175648621,50.96440721504549,50.352736042712955,53.65167761878668,56.227288593527895,58.60628437470414,60.014844843167225,60.92671529445329,61.33894181955191,61.47912726278878,61.24078851416005,61.07987271473103,60.131849426984125,58.59225988294711,56.635209526464216,54.02563993156327,49.5839663092307,42.94466226161593,45.63955464995813,51.49493155316894,54.660248944931254,56.77771150682378,57.975922744375296,6.020599913279624,11.139433523068368,23.180633349627616,15.314789170422552
3.0102999566398125,19.912260756924947,15.314789170422552,21.367205671564065,48.651039746411286,52.626456480431116,55.433191717143444,56.9559111191522,58.38096290978305,58.97192029225934,59.60438430190824,59.78602732660473,59.792646704633,59.4689861213302,58.82880138140066,57.94606537815884,56.641773516240164,54.641018776678,52.11133895741589,47.293996989110276,41.246672176986095,44.22458514031944,50.464210196846594,53.23716062508784,55.418848896674355,57.05997912479758,57.68996782432467,58.374451226619584,58.28036358973669,57.857489760479154,17.853298350107668,56.12979774666332,55.01049672012896,52.93532702929399,48.82894356093019,48.76269814214787,49.920451444588835,51.754248297903224,54.39664210326249,55.84855680071616,56.99696405470465,57.70653221220334,58.12964800788311,58.044263673176395,57.49527618618067,56.76825249472874,55.50008091556634,53.27269000570726,50.83918082428552,47.046651854545296,42.83527364861694,45.681665095732605,48.953451838982154,52.29302916991374,54.178850311519824,55.26923114259639,55.962022029353626,18.06179973983887,11.139433523068368,12.552725051033061,6.989700043360188,17.16003343634799,14.14973347970818,-inf,12.30448921378274,6.020599913279624,10.0,20.969100130080562,48.71035572425769,48.98428970723012,48.76818045679971,49.394243963390366,49.966386146884346,49.92076105939857,49.911285700679656,50.05540844565303,50.132923628690314,48.47948802504038,50.70647299144681,50.50368154294862,47.697686056711824,47.94662287175811,48.406078790092906,50.17033339298781,50.13561849467187,50.49373100151531,50.218381877231195,51.62636086078966,52.10588699124028,52.705227881114105,53.75658128101203,53.855508662412284,54.222778761641806,55.04265560559255,14.14973347970818,54.382273908844795,52.429040171373764,50.90187487575421,50.338739015809,44.06420945974621,37.86893325261316,33.408405498123315,43.04598226343637,47.23135374655964,50.164190465102834,52.34010817587179,53.384126635094624,54.20162113179743,54.38947185129884,55.22183317618686,54.75987715748366,53.21094878951588,52.87463564973861,51.31907242774386,48.36887193801922,44.71291711058939,44.034122416045264,46.68991270164384,49.01245753890482,49.99413306342048,51.02395969134299,50.0512901208094,53.219751940093644,55.951003264118015,57.596557598054744,59.04514306199444,59.77890433753742,60.414195316236786,60.61142104006321,60.540155845993,59.87817258772367,59.254590665407186,57.898978569176265,55.72176639769025,52.730892801608846,47.58503130371339,39.69415912353981,46.30478726202636,51.82220574747943,55.21768138324002,57.329595823951216,58.804946115868304,59.67976910923298,60.29898537635554,60.30276612988294,60.11234126346572,59.66832767290239,20.0,57.34957362732232,55.272482757810465,53.188852107675864,52.51248762305845,53.88642843279966,56.28090441643217,58.537158508296905,60.18317618326985,61.5073249929262,62.42627135856844,62.98144751854285,63.1947624949515,63.24152765071127,62.848479073342965,62.40517548620442,61.27687787539851,59.967432049625856,57.76308834539365,54.68886171118963,49.732110084114524,41.913951171121056,48.52211526444574,53.99978139979511,57.14190561988424,59.169721605451045,60.59633459749964,14.62397997898956,18.129133566428553,15.563025007672874,14.62397997898956,10.0,17.853298350107668,20.863598306747484,19.912260756924947,10.0,15.314789170422552,12.552725051033061,55.50639209204304,57.71547062424353,59.856747638481664,61.12895774242151,62.30137394983287,62.833530242795284,63.34930409159305,63.46673686161938,63.224948808699395,62.67007369664355,61.88064658213135,60.61010797240957,58.63496543178921,55.65570395293178,51.756045766428954,46.48018296651682,49.65695471367938,54.67163965969091,57.621959963249914,59.7508653356341,61.26323987315838,62.178809447484056,62.66248870509145,62.76919754808362,62.77149008011872,62.16700982376875,40.1736728355353,60.614151553013755,58.286135005813414,57.18233389723053,53.795629354607215,51.644866930481484,52.2698634552522,54.66719371681599,57.054052383962805,58.75047944823369,60.08029252933316,61.10542911705803,61.560549132372216,61.64790796389092,61.37650292885213,60.86314974993866,59.79434095608064,58.55074336384312,56.353158273689516,53.34280803175467,48.32521685885511,40.210238220315844,47.60007594399437,52.34367937473101,55.22831404601696,56.90539834272295,58.07800799895256,23.443922736851107,19.138138523837167,16.989700043360187,20.170333392987803
15.314789170422552,20.043213737826427,0.0,10.0,50.199176447829146,53.54338976788081,55.36766702482706,57.318078715005136,58.32059696607033,59.219178641842404,59.62979854960071,59.72307001002307,59.4828187513876,59.50447128832928,58.28013128285864,57.34058577309517,56.475120655014166,54.42645929386276,51.064526873746125,44.51003078627362,42.773111791740305,48.51955107399522,51.34311010340543,54.27526680302495,56.192488553668916,57.6163395156277,57.954830645497495,58.65185730435848,58.575381344310145,57.6718110639552,13.979400086720377,55.425690055343146,54.21671368882076,51.64593733170751,48.74203408919013,47.39896559899424,49.88951160780394,52.90880105267162,54.85928589464137,56.64245101043919,57.46322765089953,57.83126440123187,58.130476330994306,57.90063384948998,57.178385308099834,54.924279078146014,53.045702272845716,51.692305099129996,43.99604505689688,38.822398480188234,46.02201114103372,49.51619184484154,51.613680022349754,53.77032909310364,55.34089594760569,56.74796864070852,57.02942082126099,0.0,14.14973347970818,13.010299956639813,13.979400086720377,3.0102999566398125,19.294189257142925,13.979400086720377,6.020599913279624,15.563025007672874,15.051499783199061,16.020599913279625,46.70032365287917,48.172810350608366,49.73681918503984,50.081656599879,50.05219133813502,49.93735944565258,50.189084443163274,50.12440697317579,49.93581705804153,49.952226382893144,49.62525596735995,49.5058389387961,51.16022978699958,51.25162340693369,51.41277275635072,49.37417581477138,49.95955313933496,50.219909694640776,52.26437497679073,52.60045138624229,53.392088842165,53.735372311927854,53.736272634509696,54.279921664528025,54.064192423880144,53.50218935140614,3.0102999566398125,51.3529806538826,49.714660429161185,46.96688317998114,39.85561187773345,34.6686762035411,41.832698436828046,46.76922125537481,50.172086920495495,52.21904335752603,53.4514034486591,54.567090813582865,55.36726320487027,55.42522933216031,55.12456251670259,53.72562218285499,52.64612428687347,51.95902418607315,48.242885824595454,44.60957948559966,42.28426025467109,46.0371799879957,49.1277984897752,50.98384109699789,52.03416398846437,52.53573023001415,52.81969161081466,40.63145637106638,46.658154279909354,51.273283700565216,54.53789080256651,56.824095452770244,58.467483217093736,59.57097517954292,60.416519999747436,60.88895882188527,61.10615632529567,60.84262328637658,60.34856571738095,59.58335448279077,58.27940201665204,56.345276494290324,52.95929776786988,48.54828096089286,43.14225470926496,48.33325639758229,52.74723449673547,55.7094669271072,57.70407184137214,59.01186325390395,59.88168629912195,60.23461940754687,60.200930810237125,21.702617153949575,59.007346211628004,57.90285164033242,56.26538475457857,53.513265976485215,52.1037203402529,52.664410298118526,54.995138800323026,57.71205192319161,59.49794346591651,60.99282758391769,62.15972076578368,62.986219003921704,63.385939320352264,63.56593512618615,63.213001000521686,62.77145566666321,62.016516173235814,60.72391819950937,58.84390324341773,56.255686297173,52.14040720368665,45.74598375421016,46.64914499123155,52.771896138301386,56.11915459383398,58.51236939308463,20.0,12.552725051033061,20.0,19.030899869919434,16.127838567197355,18.129133566428553,19.54242509439325,20.0,20.5307844348342,16.532125137753436,3.0102999566398125,53.30056449622019,55.908797141259974,57.80848511733772,59.884608505355736,61.30701637010719,62.4529645379384,63.132640600094085,63.509214279482926,63.558758370675335,63.307870249867534,62.698707395019646,61.70750315178435,60.57514340532564,58.374293361170075,55.6118727955715,50.41570314751791,47.33758835587203,51.91680118422937,55.32655027542519,58.180265212111124,60.31228245153422,61.56881256568979,62.41343480176901,63.112845695522466,62.59548488201816,62.371142579278015,43.34956116136852,61.10692380191062,59.80709492126043,58.07578996468191,55.78663273111764,51.80561672034769,49.55018719942147,53.066930278565714,55.779935910232865,58.25837496415182,59.64592414611971,60.62288971637132,61.27985457841426,61.534431930888225,61.62814039157425,60.81809804742527,60.10556470871877,58.996563803056354,56.71070970654973,53.64762931868079,48.94902849959432,42.99834040645859,45.30916524909873,50.60746931737757,54.278527351421076,56.806038045703886,58.0904768608437,19.49390006644913,17.24275869600789,6.989700043360188,19.030899869919434
12.30448921378274,19.54242509439325,20.170333392987803,12.041199826559248,48.45451535902862,52.72168945827555,55.68887836598995,57.25571900757746,58.391668276858994,59.024652395293096,59.69123643816839,59.995137523684335,59.93690119338946,59.050318214584564,59.055260484350484,58.03146306360972,55.764300432045786,53.54023878007538,50.55596188567408,47.09693869727792,41.41637874673272,45.330217507521624,51.70220631541321,54.16537329343942,55.913061857283296,57.16704330230242,58.020981628823364,58.11350428291235,58.05884689091122,58.30781075606361,19.294189257142925,56.44132210258222,53.666265142390344,51.18846482720561,49.21561630384456,47.76119799052988,50.66270004017423,52.861374807737675,55.169978461952745,56.17156617053133,57.220124699047325,57.925576703445984,57.81532786564054,57.55675186702496,56.82415861677359,56.627134558478794,55.1872577127348,51.31570549296703,49.89850109603181,45.05719616084342,39.73958686106704,47.03824244304884,51.75294321756247,54.030587199355125,55.32825694224799,55.62584279398196,56.40883743173494,6.989700043360188,0.0,12.552725051033061,18.129133566428553,15.314789170422552,9.542425094393248,17.16003343634799,11.139433523068368,-inf,17.16003343634799,0.0,48.97544622483299,49.594468626634416,48.63328809319186,49.5868330972675,49.70625776688294,49.946382446530784,49.6591631062303,49.416753801508676,49.533972258766866,49.63306059825552,50.0139185255679,50.16569565919021,49.13559556788336,49.207336238909036,48.7446442237852,50.89145314564689,51.0058074791699,51.4744443254818,50.341188743168594,51.822691023010925,51.96355836873466,53.155715346144525,54.03965971151219,54.1637752149108,54.260165020380015,54.34329337337729,20.043213737826427,53.16666337071617,51.319553205413946,49.44423446137135,46.34134536062571,40.29099566823543,18.129133566428553,42.491494200445175,46.91293722693361,50.28184770141743,52.39079147081721,53.6645284312974,54.16683768235396,54.78961653599174,54.80502790900073,54.90466966752351,54.05675841277169,52.29438651224949,51.194307598993674,49.04877766963405,46.7618129723426,45.057602759200854,45.40829814111079,48.24522833268283,50.315902239016594,51.751318569689076,52.24328427258433,46.817205063182925,50.97826275720638,53.9042813441622,56.30746105413459,58.02262530100098,59.31527535293364,60.214229280109066,60.64137766214688,60.870918184124214,60.63708934429668,60.208189568670875,59.292492622625765,57.984717814781995,55.95224978655699,52.84658537686514,48.478501734642485,42.61262868792493,47.16404045937779,52.115743634828505,55.4906459872272,57.41423440427968,58.86558402156008,59.66172719131754,60.20242332660676,60.28904978154041,60.01119036825735,11.139433523068368,58.25117652673598,56.63259812471151,54.64194353422528,52.52544790897423,51.986405944457566,54.218950040131915,56.899841990019496,58.87315664726927,60.75256726523351,61.7861008678262,62.60691365937476,63.072223247603546,63.34043591580513,63.294698828750114,62.815392188776485,62.1812175691694,61.05902745758459,59.3575406841778,57.056798676415916,53.33352545648219,47.744439689249646,44.10017608203052,50.44528001357354,55.032484977244906,57.95875848097037,59.79225037302447,18.129133566428553,14.62397997898956,12.552725051033061,15.314789170422552,13.979400086720377,12.552725051033061,16.989700043360187,25.31478917042255,6.020599913279624,21.367205671564065,17.16003343634799,54.043906470999694,56.65806990455466,59.005135076595714,60.790831568008,61.89701373879194,62.66514155018672,63.1875869313729,63.46279803360724,63.48158775313901,62.820519679974964,62.37134383580664,61.38266373836029,59.241681131271086,56.95569227036185,53.55307817103565,49.04353031253813,47.99616204481499,52.72496038580098,57.01692298088298,59.15630377520355,60.896515224269415,61.845509010453526,62.58622917729663,62.60549326081558,62.84820859582417,62.48903671206687,26.884198220027105,60.16794411622598,58.5300729239568,56.56045469900984,54.39990743394874,50.67520919525855,51.4096660689554,53.94255503532955,56.852946777624986,58.4247755853479,59.86865746606719,60.86918003010574,61.2046501491804,61.42222036480418,61.23550142497582,61.04635265131259,60.15736036798019,58.368366098919104,57.0292056456739,54.26948588724029,49.806849743633144,41.42545884086276,46.92714760890481,52.09391678844959,55.04525230857272,56.526572270952656,57.90905543629307,20.043213737826427,19.49390006644913,19.294189257142925,18.692317197309762
14.62397997898956,9.030899869919436,6.989700043360188,6.020599913279624,49.87067133119322,52.95245933165397,55.02367024766417,56.8114441510528,58.10063742302083,59.01450147646386,59.5174344780596,59.54273874019311,59.55786333109116,59.6743798470184,58.522145781405385,57.51663946260987,57.08082511579204,55.28723923260994,52.68308794378942,47.39920273480823,43.40523430789915,46.51219845663316,49.56706161396334,52.87445641602838,55.12481606983655,56.75273203589594,57.33050334727501,58.13432195540797,58.25239766109106,57.411894304800704,18.573324964312683,55.497509785395266,54.876473475176184,52.55033577427124,48.90510439603599,47.37447099710349,48.73064717113658,51.72827608802368,54.25794979726693,56.27464176288712,57.4729758662619,57.927739805256415,58.39515755822356,58.36504506702969,58.05799799961821,56.39260318351111,54.85694459647124,54.284020945492486,49.577221899133725,44.73121863290729,39.20801381825654,43.6408174141107,47.11604792206309,50.46300019652969,53.032651933273335,55.4632175869144,56.01235134718116,9.030899869919436,17.853298350107668,14.14973347970818,21.072099696478684,13.979400086720377,16.127838567197355,6.989700043360188,17.634279935629372,20.644579892269185,13.010299956639813,19.294189257142925,48.02376865596947,48.60996436757196,50.5065811051804,50.509053868391035,50.6169368680342,50.14759880777725,50.21953811284416,49.89543252124616,49.665406309053566,48.656072985678236,49.13225567692707,48.8320703335239,49.183344462269794,49.43712103271495,49.45827886543222,47.90095074610133,48.07785250298817,48.32694087046502,51.057587684934134,51.578434414137384,52.55817443923868,53.49660159813294,53.6086783730653,54.607550581253285,54.94716585918471,54.7056630328982,22.87801729930226,54.17743976072011,53.3859194048449,52.14104388631157,49.84239188288217,47.72651703812302,42.95984701409477,36.29817196018516,41.472433595433685,46.22441993637986,49.36639388214444,51.77767292804646,53.03005876908246,53.88903655772723,54.30921201769405,54.111565482964785,53.62197752678115,52.98068892880523,51.316763953765005,49.05391069574008,45.89949601325707,42.45142372652961,45.29147919800827,47.56461138274332,49.40616082337407,50.12347840729423,51.04814757108323,49.97058573727401,52.96076959140754,55.662748222807494,57.32821409689963,58.6771785686381,59.396754706946794,59.948457285132086,60.16402318910859,59.98514781926496,59.666433465122275,58.5860516354814,57.1466666837814,55.10063534404517,51.991323517801185,45.94282028811806,35.12817758564873,47.28945966831425,52.609914987067796,55.72101033321806,57.883974823779425,59.308639968426974,60.09279608917302,60.61680499218702,60.75488929933517,60.67908492868995,60.03452345926049,24.712917110589387,57.916127637046806,56.544316510554495,54.66311426704681,53.32333408545816,54.51921460166096,56.39480512697895,58.280673312912285,59.959667110935364,61.13380743729621,61.93301899071472,62.50279687887735,62.93470838562688,62.887420556905,62.54410057322717,61.95474831942619,60.82276840485244,59.41720082370631,57.14525902528606,53.850930382893445,48.23637222034628,41.650958747542184,49.854668925779,54.73708805033398,57.56818610482139,59.42826237142525,60.727438518128196,21.613680022349747,16.127838567197355,12.30448921378274,10.0,24.424797690644485,21.5836249209525,21.335389083702175,20.374264979406238,17.16003343634799,13.010299956639813,13.979400086720377,55.78956507147964,57.811663448475564,59.45690107443128,60.85019639574621,62.02981998652386,62.7062597241948,63.09549474827682,63.18907092286167,62.98798076842103,62.57817718764173,61.43216278649109,60.17427783470645,58.62542809630984,55.9474603049009,51.90659396792383,47.43525442946583,51.19480238803334,55.286815008312644,57.718144892148864,59.7983416842029,61.15553600392747,62.22696706398068,62.78292775824166,62.69588822377473,62.365720238088414,62.610736417588924,36.71913012441587,60.280834141178374,58.50862409795842,57.92309025585044,54.201687152309496,50.77912702949456,51.361654568145426,54.35031691929144,56.813027580695774,58.78055080369477,60.137815257251674,60.83572130050711,61.40439216679119,61.55844138000365,61.29823897119836,60.649163771813136,59.48680893674308,58.560034539972214,55.955766801010625,52.827602858010955,47.933153335742276,43.346145711793945,46.27171199882048,51.46351329712529,54.62517786751433,56.90926675256138,57.911851982534905,21.73186268412274,16.532125137753436,19.54242509439325,15.68201724066995
3.0102999566398125,16.989700043360187,0.0,10.0,15.314789170422552,13.010299956639813,15.314789170422552,13.979400086720377,13.979400086720377,16.532125137753436,9.542425094393248,0.0,12.552725051033061,10.0,15.314789170422552,16.901960800285135,14.14973347970818,12.30448921378274,9.030899869919436,19.54242509439325,9.030899869919436,13.979400086720377,15.051499783199061,19.54242509439325,9.542425094393248,18.633228601204557,18.129133566428553,6.020599913279624,3.0102999566398125,18.129133566428553,9.030899869919436,10.0,13.010299956639813,12.041199826559248,15.314789170422552,18.129133566428553,0.0,14.14973347970818,19.294189257142925,6.020599913279624,10.0,3.0102999566398125,-inf,15.314789170422552,14.14973347970818,19.86771734266245,16.127838567197355,10.0,16.020599913279625,11.139433523068368,16.127838567197355,12.30448921378274,0.0,13.010299956639813,3.0102999566398125,6.989700043360188,12.041199826559248,10.0,10.0,12.041199826559248,16.127838567197355,6.020599913279624,9.542425094393248,0.0,9.030899869919436,16.989700043360187,14.14973347970818,17.634279935629372,36.26545659027129,32.55272505103306,25.95496221825574,22.85557309007774,19.912260756924947,24.14973347970818,28.356905714924252,30.913151596972227,35.654936298688625,34.6686762035411,37.094395741324114,35.565437084835146,39.91447598003803,38.03047210491129,37.96990390545686,36.30732892817197,34.89677291663698,36.43156465619706,33.820170425748685,32.415464805965485,29.532763366673045,27.958800173440753,26.702458530741243,29.916690073799487,28.992731873176037,35.73335840066068,19.54242509439325,36.94429690957083,35.33772058384718,36.364878963533656,34.70851324526117,36.475785542124555,33.53531559077762,30.881360887005513,26.283889300503116,13.010299956639813,20.170333392987803,15.051499783199061,29.647309210536292,33.14077991779213,32.87801729930226,34.63743721247059,35.05828033854836,35.051499783199056,38.18291890799996,33.67355921026019,33.97592434038116,36.16790486329716,29.014583213961124,33.41236623238692,26.19093330626743,28.325089127062363,20.969100130080562,51.86902680687213,55.30542898611202,58.22409359716993,60.510617936791604,62.279784364222465,63.43625194624512,64.47870000593409,65.06464171624931,65.3264891286471,65.25846409649472,64.83344766003461,64.01102809158179,62.67171728403014,60.65252843967002,57.50879276665582,51.92257929150897,42.46720103107109,52.59445744395804,57.9399840521015,60.88490470182396,63.01018269554667,64.33088825597318,65.12491481810446,65.516717243313,65.55294371574115,65.26944024824095,27.16003343634799,63.59733060210941,62.13996677692501,60.28301157920307,58.29031529643921,57.5901175351475,58.9909570917693,61.004618752262054,63.224287396076654,64.82755279394549,66.00393014030071,66.83394424954768,67.33828099111537,67.55402589457559,67.48702980970265,67.12843660011006,66.44084904175025,65.35882487883731,63.705451007517404,61.37372153842498,57.64559428032922,50.868472483973065,47.93126566118542,56.1702656584129,60.455048748643144,63.08368456664253,64.64678187589604,65.2471863962525,65.46656774166165,19.138138523837167,20.863598306747484,9.542425094393248,14.14973347970818,21.5836249209525,19.030899869919434,13.979400086720377,14.62397997898956,18.692317197309762,17.16003343634799,16.989700043360187,21.367205671564065,15.563025007672874,19.912260756924947,22.85557309007774,20.253058652647702,19.49390006644913,17.634279935629372,17.634279935629372,24.424797690644485,24.62397997898956,25.118833609788744,27.81755374652469,29.074113607745858,28.727388274726685,20.0,28.041394323353504,27.98650645445269,17.634279935629372,24.712917110589387,24.84299839346786,26.60865478003869,32.347702951609165,38.0413943233535,33.44981413927258,33.60404054729939,22.87801729930226,35.908418347816024,27.38780558484369,38.574531170352664,27.87460474518415,34.25697213362591,27.551122663950714,25.58708570533166,16.020599913279625,21.13943352306837,15.563025007672874,25.118833609788744,16.532125137753436,6.020599913279624,15.563025007672874,6.989700043360188,10.0,11.139433523068368,6.020599913279624,19.138138523837167,19.294189257142925,6.989700043360188,11.139433523068368,18.129133566428553,12.552725051033061,13.979400086720377,19.084850188786497,13.010299956639813,16.127838567197355,16.020599913279625
3.0102999566398125,20.170333392987803,16.989700043360187,22.85557309007774,48.537286234901956,52.31963752431065,55.36817174697636,57.062098130498136,58.19978670385267,58.87424863001507,59.52351630801023,59.770579391130326,59.797800276819224,59.1083403209185,59.08401905191969,58.172856652528466,55.84364021410302,53.99301556831544,51.09500927123983,48.5079934446789,42.972131959896416,44.404682698221485,50.58380466702336,53.287321971013874,55.298664831919154,56.640785314378086,57.55258787441285,57.85347633600221,57.87976645106339,58.04864922770405,21.13943352306837,56.475247773655425,54.070184924297,51.73200841808088,49.72503684487316,47.8710609303657,49.89987902552932,52.173812806574674,54.636616021172834,55.520899885535854,56.8575696102866,57.68568549373127,57.856180823903294,57.62706315683265,57.07771948419588,56.897038962647414,55.739015390686795,52.332043186474735,51.176291924517415,47.3627695523311,40.403253791997244,44.359876213262126,50.36425272095837,52.8706907983975,54.547061683991856,54.80502790900073,55.76084383829026,6.989700043360188,16.532125137753436,17.16003343634799,17.634279935629372,18.129133566428553,3.0102999566398125,18.692317197309762,17.16003343634799,16.532125137753436,18.129133566428553,18.633228601204557,48.93500996166996,49.13813852383717,48.45048403522757,49.024652395293096,49.47556248191123,49.915848851134506,49.68221359132153,49.31910236989751,49.310610270256745,49.692294798626435,49.253224071605544,49.5537020971636,48.84370487526471,48.61468694204957,48.381561847521475,50.517427616710116,50.63577276106099,50.86463052341308,49.284060949303125,50.78028838054696,51.45295875204921,52.522436208468434,53.798238230487414,53.937243293038016,54.23850187875517,54.62441425175819,13.010299956639813,54.16109378326511,52.7983114201034,51.31750151634242,49.60689534546113,46.29185257633928,39.790929006383266,30.038911662369102,40.88136088700551,47.05607163404605,50.104441320454605,52.31479785017175,53.387054443032554,54.09628841637548,54.45531036391449,54.70751441465842,54.3585869364523,53.279818277907694,52.27385306272158,50.696126042929244,48.094317640810644,46.29460569642289,43.13044233082023,45.44811911757776,48.21939098729766,50.291604848105834,50.81221250482603,50.28091148945303,53.425490026619286,55.60728971608025,57.45016204741773,58.815814999287554,59.703133961358795,60.222311823022395,60.35609822977708,60.29355364967276,59.85259820340466,58.974560885353206,57.585584114362135,55.632733812690205,52.73755709735013,47.59131254061717,41.222158782728265,46.68199484198662,51.95595263005526,55.101936793893245,57.14273582887601,58.60836111173805,59.447436639178036,60.03214017274624,60.3038434269289,60.07306006444444,59.46148054098403,15.051499783199061,57.1490703787221,55.380468825754704,53.35293379242173,52.89357029096958,53.84718906499522,56.226615613063984,58.333371140381225,60.02122846225162,61.376341599919336,62.256343638729305,62.779127705605184,63.04080382578229,63.05508289099873,62.759350464054975,62.16339321441136,61.132332016413706,59.8208707123362,57.47474733297186,54.3339856544206,49.21004592224076,43.84281712885585,48.65796634185063,53.86900079062376,56.98763230946661,59.03594561100246,60.383343792574486,9.030899869919436,10.0,15.68201724066995,9.030899869919436,20.374264979406238,11.139433523068368,20.827853703164504,21.072099696478684,11.139433523068368,18.129133566428553,15.563025007672874,55.02580052117377,57.42890021953482,59.82228706289476,61.15229962932397,62.17106075279477,62.73729118424739,63.17439214787673,63.27720525571824,63.120793539867854,62.502093916214,61.859776474019085,60.5421227707282,58.218232539681985,55.30174075353911,51.20695648207146,47.911641250333346,50.361696097095994,54.272149961706646,57.72651703812302,59.775612859682695,61.102185497894595,61.91017621683544,62.58961087248594,62.61845265614774,62.55890934213852,62.08326586482975,32.67875419318897,60.4775952656422,58.3441688848631,56.333977507226784,54.27766784243708,50.25576190887275,51.33245021512458,54.30418547927607,56.817928028799436,58.51212470118202,60.122097853769596,60.83799572843881,61.203764797444336,61.262772303636446,60.98804609905379,60.79081708823112,59.98811883768666,58.04493813817196,56.673109667549355,53.85180706777673,49.39888495510685,41.99124114623325,47.47295255267241,52.09439944811151,55.03218507930033,56.40779477344857,57.842070507770515,15.68201724066995,19.49390006644913,16.127838567197355,21.958996524092335
18.129133566428553,10.0,13.010299956639813,19.030899869919434,48.59690575205121,52.866921912895805,55.79560677773606,57.26800535862888,58.41440814828671,59.03873723800465,59.62735277020122,59.91007987387077,59.78134847398289,59.16020490663626,58.837386361994,57.67281310813586,55.56564204963175,53.17363306416035,49.81351908829629,46.345276494290324,42.58972331109386,46.6651798055488,52.02559149781105,54.425832348462905,56.075847560143394,57.23137839383738,57.931202724567456,58.189018897929614,57.9003310155663,57.734477972501175,15.314789170422552,55.52534379265096,53.17549394242931,50.71661123441788,47.95476804945366,49.73958686106704,51.857630704095754,53.75466079343102,55.86679554323087,56.65153051774067,57.63502865467597,58.18851144178075,57.86831603103683,57.46775049394473,56.596994739195,56.239518652470714,54.54651289159866,50.18438345303967,48.47622007983925,42.81147042024428,42.7214341759105,48.946372331838504,52.47580506233837,54.465449333576,55.643168315793794,55.85367092292703,56.42381412663284,13.010299956639813,11.139433523068368,9.542425094393248,16.020599913279625,13.010299956639813,15.314789170422552,10.0,6.989700043360188,15.314789170422552,12.30448921378274,16.127838567197355,49.86054780769695,50.167868907857894,49.702399168814125,50.146381267592346,50.20568434801363,50.12077599531015,49.58052366378328,49.28488027623757,49.502187666418635,48.54724949063656,50.12706495041576,50.02096914842076,47.27118142500036,47.826445879309176,48.212842023048246,51.15187659147906,51.25708925972653,52.04339788603701,51.6920697809102,52.64614790093562,53.14478175864182,53.61314115142961,54.54431702828615,54.17863460989452,54.18291345530704,54.3889185867623,12.30448921378274,52.75380467527434,49.74843159030313,46.74943768190779,43.81115080709851,20.374264979406238,39.6189547366785,46.1397916824007,49.437170471721586,51.58844773634988,53.33586307085534,54.19805453293259,54.11809878569769,54.38316045350726,53.718986947787414,53.99329263791917,52.95929776786988,49.90027898770295,49.34104377513472,46.84926111375293,45.75949502067735,46.25085982478932,49.251521674151554,51.09959694882198,52.330595990965875,52.88305130120162,53.00606351984254,45.01620605079214,48.032180513264635,51.43969822172525,54.40433615608442,56.613431288181445,58.26407850135823,59.511042779299984,60.34901459021072,60.72296965082964,60.80413616036121,60.7291131585408,60.139174000405866,59.050453324039836,57.59178893846031,55.25983682498495,52.59885221882959,47.586848498824416,41.13742862429349,48.20030599003622,53.080989248910484,56.06478103106454,57.82567212662981,59.23834423469013,60.00043427276863,60.37144712784173,60.53564350775947,13.010299956639813,59.45376497060782,58.302806401963856,56.85550069469825,54.92370605929324,52.93532702929399,53.109077520223806,55.20645953393291,57.37429610562992,59.42153455288547,60.95032937124272,61.92687021171342,62.61590667132997,63.01651677336045,63.10977793528771,63.082691637052775,62.535911891753706,61.65555612291699,60.3089185166673,58.452773045904294,55.57609447572393,51.62265614298022,44.137187650610784,46.49188770977882,52.94735096858912,56.61419845152384,58.946953507365485,12.552725051033061,22.55272505103306,13.979400086720377,17.16003343634799,16.901960800285135,12.30448921378274,16.127838567197355,20.374264979406238,14.62397997898956,12.041199826559248,19.138138523837167,53.020212265046894,55.399638627575534,58.111116453667094,59.91277922040894,61.26584954489823,62.24298112305158,62.96690852359089,63.31948946358652,63.38313033202972,63.033310782460454,62.60805964909251,61.73186851357496,59.83725491562693,57.66666359438911,54.80515718489956,51.1724808846035,47.295697263019704,51.19800066362132,56.03175779314904,58.47182606034448,60.44031872056798,61.496861130615656,61.81116679568933,62.557147776503726,62.760261423204255,62.85108831614865,38.24321124850771,61.14518244787311,59.96459133353554,57.96754673661961,55.70978183651643,52.28228352243878,51.54350925152728,53.537431707539355,56.15895367068294,58.055959983272544,59.64582519604215,60.61335595921314,61.1448955159532,61.27838265964259,61.197585350592576,61.0341815624811,60.253918962159474,58.459162241344686,57.22114597348526,54.476618308244724,50.346805848749774,41.64412344104769,46.77059177392161,51.59115821827769,54.59363835442022,56.309411985021114,57.813826547007835,14.62397997898956,10.0,19.86771734266245,18.692317197309762
12.30448921378274,15.68201724066995,23.05351369446624,16.532125137753436,49.60817884100312,53.12492592285657,55.079435309892865,57.05714077189125,58.17179819959648,59.05062085392708,59.45242515908938,59.647582402376884,59.56277951113688,59.4124351851996,58.43472601934011,57.44280462740921,56.676929160070046,54.64049664915832,51.865749602921426,45.3692440868234,41.3433651094868,46.167694952723195,50.77476919504342,53.60360490516766,55.80287314559399,57.14065581416846,57.60254312552159,58.41515888422295,58.3520909373135,57.44619168344024,19.294189257142925,55.42906305219529,54.67178777943032,52.6377095110318,48.07264355276107,49.16190659980537,50.44790543989333,52.33130695428538,54.716627569146965,56.16098296381074,57.08592544264711,57.6618969331016,58.14493981286041,57.9485387103731,57.38820182085683,55.58085475041309,54.16267619470987,52.48014976258212,48.35316346446344,43.0330407743893,43.16892503761295,48.07602669916495,50.36948112195279,52.89394948129117,54.664583310442055,55.86295802017274,56.53005933497634,12.30448921378274,0.0,9.030899869919436,19.138138523837167,6.989700043360188,11.139433523068368,13.010299956639813,10.0,16.989700043360187,12.30448921378274,9.542425094393248,48.05806591702813,48.33943544341934,49.56384563098206,49.89200560793263,49.776230201827346,49.93898937429586,50.19240950395851,50.02895754549215,50.44025985699208,48.67820908045573,50.70348230035572,50.51218144211127,49.31055936931362,49.96730515435153,50.19465248171649,49.86973164367881,50.08506490299809,50.47235915459681,51.776922985724596,52.24942044261786,52.98733028681218,53.57624253505115,53.82811021195525,54.0024433123815,53.94215206154661,54.56985144597171,18.573324964312683,53.40523430789915,50.93036252945163,48.79904050749033,46.86752423033876,38.276277047674334,35.9955559098598,42.13172309046819,48.05813383337595,49.81696317264485,52.226748601020496,53.57771003267264,54.23812545174294,54.6624018246704,54.75277385070246,54.7518287729585,54.14093846877201,52.065560440990296,51.4012134255422,48.833490849946145,45.7898284270279,43.593421167723676,47.111067334998744,49.25126367691867,50.95633048907243,51.304785092001964,51.85986703729298,46.287770669164374,50.70643608188768,53.94609259103546,56.44842167737337,58.039027898762996,59.256028992065055,60.02792204198866,60.591884072700026,60.80199918632155,60.507466052534305,60.123326441246164,59.310778239136475,57.857632012425825,55.96404644043953,53.031485200994844,48.44209930980681,42.67265619762563,47.002362963352894,52.36587640756995,55.38564937243889,57.3561326949845,58.75936497603476,59.50128167561857,60.00724233285596,60.12162912572261,60.03292037977406,20.374264979406238,58.30610479086342,56.58744782479309,54.77844476338758,52.63733093573503,52.539773433356565,54.72188717253254,57.072984441656025,59.116571596351555,60.580481301920095,61.671234838856314,62.48707755804027,63.07568342994821,63.25491033488085,63.29245290093711,62.82122738381425,62.16233483281266,60.888293426862916,59.44096076748026,57.00276133271299,53.79939722801916,48.19280646972481,44.42197464310213,50.88040356100968,55.18862551553151,57.705604212079066,59.55580486050026,15.563025007672874,9.030899869919436,19.138138523837167,18.692317197309762,22.87801729930226,17.24275869600789,15.563025007672874,25.118833609788744,15.68201724066995,21.13943352306837,21.702617153949575,54.42667870337253,56.991436873944835,58.80587243023055,60.553450698725186,61.65032916050664,62.71126871382183,63.14052915342819,63.422759829579434,63.357085757219735,62.86309134944151,62.12848933441285,61.01940127154354,59.59241789686136,57.25530232684348,54.125143058953505,48.391636829146506,48.76818045679971,52.823615033216356,56.81621078890814,58.96272621303674,60.716795347219445,61.83792675707981,62.298890872221136,62.68619620972859,62.7571412848212,61.85693125974651,39.75201962257852,60.842061657128916,59.14941552660751,57.50801425461592,53.83958910679112,51.210014349896404,52.126695902295744,53.60193769691767,56.394755321594914,58.380458477086975,59.78923342309712,60.72491432023262,61.2452020083894,61.54582810021198,61.46383883835786,60.65626390474843,59.82229611157305,58.49523828488597,56.45041849470155,53.33029909476089,48.89508993619212,42.28426025467109,46.73251363213849,51.345117871081996,54.39024630325849,56.573236171121465,57.73193088945025,16.901960800285135,6.989700043360188,21.367205671564065,15.314789170422552
12.30448921378274,18.129133566428553,15.314789170422552,12.552725051033061,49.70988079724188,53.028177756354424,55.362212284710175,57.1939841510284,58.24819369690951,59.134842991254615,59.74318220505531,59.8663067758642,59.88418479580703,59.373317975880525,58.88433928299363,57.90440693847637,56.01617871726114,53.95894012741441,50.43291527456002,47.690374389232176,43.523562011698274,46.95630501918594,50.74011446008945,53.984747301529026,55.64800946767161,56.92927956528219,58.091589014926576,58.12801093714468,58.172856652528466,58.24251481158878,14.14973347970818,56.41779397471545,53.628027995674124,50.641621189487005,49.91810650165469,45.95110255778039,49.17720765433768,52.69858374459166,54.719543846389314,56.42489251569933,57.39266094485011,57.89637815314437,57.942907220011726,57.7313158524267,57.10240101567766,56.29516630327346,54.60231614165386,52.14446445718394,48.21225213158303,41.410419409390485,38.06179973983887,45.964321423490816,51.33960225055556,53.55507072550347,54.935430891005446,56.09458871126157,56.62645467052595,6.989700043360188,10.0,15.563025007672874,20.374264979406238,13.979400086720377,0.0,12.30448921378274,13.979400086720377,13.010299956639813,15.563025007672874,9.542425094393248,47.330366829335794,48.59168330452587,49.48476540272302,49.74419573852286,49.991740555884846,49.71966643900576,49.29725378378005,48.99957223499185,48.766334555244335,50.58141210052719,48.11688926208738,48.49456268907616,51.13224501449956,51.01420543187383,50.770661566145506,49.5943255838829,50.092553767826246,50.500896140736906,51.15071052583872,51.586097282882626,52.56181159536885,53.46712781148948,53.833359418417274,54.57459502678336,54.736446012997746,53.73445342297978,19.49390006644913,52.17431299267857,52.36501992523307,50.54953769275291,45.07653513464988,43.009648466053946,28.992731873176037,40.75765878215734,46.32588876637148,50.317517241989336,52.21221175166608,53.592813561025494,54.6707656503851,55.27372082827612,55.34321884301835,54.06930018890937,53.21937946242005,53.2691930812089,49.79607551262018,47.37590166285721,44.66363368260964,45.303021744852714,45.84421692961109,48.33281014676562,50.06744072853106,52.18944924862611,52.25167078706213,46.97246783954953,51.03865270142923,53.76595204340475,56.309340872723894,58.086389776618745,59.39124714104811,60.17754337466738,60.630483652795874,60.82837051873802,60.807090815892195,60.003516361369236,59.24963794182141,58.22692317315852,56.3170852675243,53.289216234318,47.9441135868008,41.52594077927469,47.30475416534002,52.02433822489233,55.487885153415604,57.47363636596234,58.91268100430899,59.72228765633894,60.29446279122329,60.40295694337482,59.90956995667254,10.0,58.08541802244968,56.976651626476745,54.84443631089704,52.279946223773464,52.40993299454779,54.34035288265677,56.878284943360704,58.99821596366479,60.69311710872908,61.77915224221144,62.608402672445045,63.246521685885554,63.47487699020778,63.36493755585909,62.84212742276595,62.12445706437648,61.18975949743159,59.276254233005304,56.9785765575015,53.37359412001355,47.47947547421976,44.28167202855482,50.93873256669097,55.18969052514262,57.80709656410336,59.67068958635325,14.62397997898956,12.552725051033061,11.139433523068368,18.129133566428553,10.0,13.979400086720377,19.294189257142925,19.86771734266245,6.989700043360188,18.129133566428553,11.139433523068368,54.448688606740106,56.82224524229983,58.96193755785773,60.592789697950494,61.90713989197679,62.68759747851271,63.29545331375585,63.47195119094005,63.473075680557606,63.09769800456756,62.354893081412726,61.28337545398789,59.422189448439404,57.17704612915124,53.44402099240973,49.19961479683546,48.87583545566862,53.40348916575401,56.63898715139871,59.26591425632857,60.81960864319783,61.692996272671124,62.743518523964184,62.240998469816276,62.77547331525998,62.88786729183834,27.17670503002262,61.06321472057422,58.88574842137989,56.432009101311934,54.747667985900804,51.08274043678448,51.324774227350204,53.84965977031358,55.872551094258185,58.76982380258668,59.9750215170035,60.96440721504549,61.22092947343505,61.61059094047464,61.4065697233644,60.9915316059513,60.10910254239992,58.56933003098511,56.926742242596106,54.222039571939845,49.62563469740971,43.15403504634351,45.25109622271934,51.08392489320873,54.54651289159866,56.831551478893026,58.054328881321396,21.73186268412274,20.374264979406238,19.49390006644913,21.13943352306837
19.138138523837167,19.912260756924947,12.041199826559248,21.13943352306837,47.986506454452694,52.46916917014926,55.31066141184856,57.025304816108104,58.212547087331075,58.971898280570045,59.604560312500624,59.8591169654529,59.89041139442192,59.4101424370557,59.10392256736437,58.1837503297737,56.80286550525115,54.88939715212123,52.5353668837372,48.02157753186962,41.118671468044695,41.328038180019995,49.913146981766104,52.924554465206356,55.32563298334475,57.02372799015894,57.608030782621015,58.38910768762001,58.6571499332273,58.38509704937064,15.314789170422552,56.963528933914446,55.67469849728849,53.901222515067005,50.59949454102005,49.35225033871845,48.89800154532339,50.29708362514895,53.226513062053655,54.67514873933678,55.96229714061075,57.043718990936455,57.56426896772275,57.628060580718824,57.19799310246038,56.55944781722654,55.480809410935706,53.13227957747487,51.29680226784287,47.40433750050123,42.15373152783422,44.433725254048795,48.59186349350555,51.87252729234573,54.17006425118799,55.14866383989254,56.190484372903356,16.020599913279625,15.68201724066995,10.0,16.020599913279625,13.010299956639813,6.989700043360188,17.16003343634799,6.020599913279624,15.314789170422552,12.041199826559248,19.54242509439325,47.503309381199934,47.64063993693171,46.78062904974345,48.31204071017892,48.67638343527035,49.686136842021725,50.04854239968865,50.30344655910713,50.790147345794914,49.90534198958912,51.654372370766566,51.62184905140287,49.81954444469974,49.745393245930735,49.88772930186559,51.67851749351047,51.208140428263974,51.23649140697354,49.635847944295804,50.54708787938054,50.704811750660184,51.38870857319504,52.47816204931803,52.99709907663021,53.533467954998116,54.396058186395344,21.367205671564065,54.280975208880015,52.422953909201894,51.40640008284996,50.8740159891382,46.56031087304645,41.28302317164351,30.622058088197125,39.2453771777549,45.00853711461258,48.878928661254434,51.810342465253015,53.31775402431131,54.400837682636976,54.99507005488668,55.79484058726724,55.86466900652386,54.60159365461842,54.80412286994495,53.64982261632261,51.925507279381634,49.40362063801737,45.333271170544236,42.7009628142033,44.75525915039281,47.13901961883969,48.6165984231919,52.39552222529592,55.16508932026517,57.141352059040514,58.61398784666787,59.52434014333419,60.221862040976205,60.55211998382603,60.47219554609542,60.15225589673855,59.02664713115412,58.284723490807906,56.470718099217734,53.5580578441483,50.13385017749685,45.73335840066068,47.12733859069952,51.57109072514291,54.48062902223959,56.90749674089328,58.224884495714555,59.09839404843442,59.667657292823826,59.80334309737293,59.56709999937633,59.022836225935926,58.17298232668041,20.374264979406238,54.38399933804705,51.26975138867829,50.27614589279926,52.58361870908906,55.6932942434403,58.139877406326264,60.13311316611932,61.40174180488607,62.54731713185465,63.055424599718236,63.47719631993929,63.55190903570553,63.39552400553192,62.92261610791581,62.03196396947024,60.90346243505668,59.028043444548146,56.71895448026902,52.97333664508045,47.460890430562,45.89469267346118,51.93472451382192,55.5497345833324,58.059804241186434,59.77268500590295,60.86223113189351,21.072099696478684,20.681858617461618,13.979400086720377,16.127838567197355,6.989700043360188,17.853298350107668,6.989700043360188,9.030899869919436,17.16003343634799,19.86771734266245,-inf,56.650178254124725,58.95221375801211,60.70102913505483,61.98405508119378,62.72072859023375,63.31823346322727,63.60177662585616,63.57113101106656,63.243318509129985,62.44553199779653,61.59382187693722,60.17954402492727,57.86457535287802,55.07343047599939,50.48138701654721,47.130703258556395,51.46775891839531,55.36578641845128,58.35089117004725,60.0664827932855,61.50544305029535,62.41863370046008,62.37634458011857,62.69983874960517,62.33529380930413,61.862195562862624,35.20614521878236,60.00713827460481,58.05852093627905,56.15450272966065,52.67978531508996,51.946946823339985,52.7219679310154,55.559549261333665,57.63035453615564,59.29619676640022,60.13066960525702,61.17905366632935,61.46726329341988,61.66215726099829,61.35912408357258,60.815507231622774,59.92942573869735,58.1658925919164,56.29667448607853,53.37708784125388,48.06139256967569,40.33785516842231,48.269554621774446,52.43479563712577,55.098501195698965,56.8524896024201,58.018590344955086,18.129133566428553,10.0,12.552725051033061,13.979400086720377
20.969100130080562,10.0,12.041199826559248,19.294189257142925,48.881120691014786,52.691859328139515,55.64368938343339,57.27711200453253,58.33417425510126,59.066156799275646,59.77427269659441,59.95531653470209,60.024684501283325,59.096041626616284,59.15470013218808,58.14889237887121,55.70040642457215,53.46665866742201,50.477964863895394,47.3010366515442,42.2346998116192,45.417040232842886,51.70085614365889,54.03335040558744,55.902676697270635,57.083682036738495,58.111679992404675,58.072514941206556,58.072047846159194,58.46328450899926,22.87801729930226,56.62596357413506,53.52109164404376,50.91121549314842,49.42865867523362,47.66747362969336,50.51576958472539,52.89843034111897,55.17865963129356,56.122464821956875,57.285688465894545,57.897815973972236,57.90991988784002,57.49977351654831,56.8756463075446,56.636349754503,55.1412520574561,51.24921364481579,49.75054796792513,44.56062224454952,38.76044550246095,46.702829706744126,52.0288319833564,54.11232371541069,55.44872604691807,55.621500592328815,56.429252808123664,17.16003343634799,14.62397997898956,0.0,18.129133566428553,9.542425094393248,12.041199826559248,6.020599913279624,11.139433523068368,9.030899869919436,9.542425094393248,6.020599913279624,48.427652081817854,49.351040211514494,49.02530472581751,49.47570949024913,49.800806736690255,49.925932784772726,49.48197721488406,49.31223878552355,49.19161803725967,50.0396433159176,49.371667037150324,49.64730921053629,49.504427477458776,49.12753303671323,49.28242183157309,50.995321684934716,51.00129203359808,51.477906785497716,50.65000518319213,51.685711364498445,52.32289489849116,53.06725176782492,54.00235691226971,54.26031157617341,54.48138738949031,54.373144644405116,17.853298350107668,52.91413254570215,51.77178528414654,49.68375529108147,46.045392371479544,41.42921057515615,20.681858617461618,42.08575708947575,47.27061153281322,50.45186017491025,52.19733805654835,53.66581702536497,54.39572673919144,54.73710264098859,54.94624825044663,54.711332233464304,54.12031921698219,52.51066083506484,51.01870747801784,48.99273187317604,46.3211295962501,45.34394211412905,44.76324317420228,48.11098897643041,50.233100873053885,51.93953420792565,52.24193677932736,47.05324784486743,50.991452106714085,53.782252391165,56.32190964738619,58.03157239692592,59.33100907760648,60.22455178659456,60.671739282789154,60.87844570421743,60.68371418032643,60.2003709843335,59.37377952429504,58.149218271741034,56.03527595627906,53.07037968745014,48.39917775678681,42.58397804095509,47.41387992479269,52.21388153306344,55.40926063304084,57.55418988254277,58.86866199341399,59.74355539716238,60.27023254588704,60.37784145539723,60.09504010760162,13.010299956639813,58.24399867348198,56.826323684236826,54.7997386629003,52.41807875084884,52.1483590356378,54.17008087677755,56.76515283704997,58.968705404140394,60.7321412956006,61.88611853423531,62.69303685287102,63.14194504459551,63.439727116176044,63.329070430781755,62.95767818565514,62.20276017651773,61.14903417444965,59.41257937401745,57.14847586025721,53.40221953086274,47.88062260178738,43.46059433052574,50.731499139906575,55.120917723154676,57.94100982672545,59.78933371794756,9.542425094393248,22.278867046136735,19.294189257142925,19.030899869919434,16.127838567197355,14.14973347970818,12.30448921378274,22.30448921378274,22.04119982655925,16.127838567197355,20.170333392987803,54.16447444662551,56.670315295401195,59.08137980839701,60.73728612035431,61.917666994225264,62.65703682165955,63.332013397857274,63.53655075874558,63.45729059603709,62.92402288759038,62.502403917246625,61.32972039743194,59.22842188132897,57.04090432419371,53.318927241022166,49.28764436402288,48.4326393153455,52.617789560155046,56.762856384022236,59.05577869172049,60.85968433346266,61.87931696031885,62.57635623180511,62.724974299379,62.30608814497213,62.50923540680931,37.197454925295766,60.9467966569906,58.884429122193154,56.78314385721484,55.29878021830439,51.13425230713739,51.73308669740682,53.979834359489004,56.814990232016214,58.45501126343464,59.84907435891834,60.90206188511373,61.29678615860871,61.53971486880757,61.34358185288385,61.05766938693631,60.35910598114281,58.444877378578624,57.149329931684214,54.3316956502225,50.101727032867785,41.575474255778076,46.157607295087644,51.97996897597136,54.89194630397401,56.527354930647995,57.86485938834011,22.576785748691847,11.139433523068368,12.30448921378274,16.989700043360187
15.314789170422552,17.16003343634799,23.820170425748685,16.989700043360187,50.22914772482209,53.473300153169504,55.24797123747156,57.01740632437213,58.25927636205704,59.161996144136246,59.59202194680298,59.69060223079654,59.63485604311853,59.58828010641839,58.474424746665015,57.430407243520854,56.72479315088176,54.83250570411924,51.701912835519124,45.76398945124239,42.73140224066812,47.33967234102349,50.15162685214723,53.607183451836434,55.660601933870396,57.18920833984374,57.836806604295305,58.507472933671814,58.42330852504404,57.629222703043,14.62397997898956,55.78010804689305,54.70851324526117,52.26220859790559,48.84370487526471,47.03987411212198,48.61426869337884,52.11659735833456,54.29198160824191,56.470551692925866,57.381024348432625,57.843469332781055,58.20554795940475,58.006634753391154,57.5389622010865,55.561697793976855,53.87220703348384,53.06214799594009,46.77898817302649,39.48510768837657,42.68297087223766,47.32723376813052,50.205477240318174,52.63995662244255,54.55350480539282,56.35155891610693,56.77720985669002,18.573324964312683,12.30448921378274,13.979400086720377,14.62397997898956,16.989700043360187,9.030899869919436,9.542425094393248,10.0,6.989700043360188,18.325089127062363,20.0,46.415236846702285,47.87609228552539,49.76721286471325,50.092808842553595,50.10656067790745,49.809845410255434,50.1408770871841,49.966692504315084,49.64905169127996,49.837931179621,49.43182780448226,49.22855156211905,50.843367243864364,50.88688797574258,51.29345026009786,48.919888001222574,49.30113241580648,49.65634368338408,51.85726258953287,52.07715133805567,53.20904081462547,53.62893201465149,53.76133312219842,54.47630844649485,54.51161399908063,54.10773860203086,16.901960800285135,52.75967484262766,51.7900570756482,50.046695297687876,45.99490065125433,40.8611057380132,34.34568904034199,40.601309995310444,47.134989432928165,50.21127252569096,52.1912851342833,53.5607559732493,54.68951082128075,55.130483787628705,55.203682296096616,54.373461954564284,53.44392273685111,53.11435968289161,50.185423933549835,47.381540253077034,43.69141612691284,43.77178712990244,47.2129112907525,48.96845758281481,50.85179938592216,51.53753906455187,51.84978027360988,46.20177711918963,50.6766959832393,54.067530177241274,56.45268961887865,58.182786921651,59.29215526086666,60.078885382707185,60.594214065156535,60.756527849689654,60.75506814668906,60.02634242363559,59.226808328506586,58.17845554441849,56.22903785483789,53.28650697993577,48.106357002755374,41.55700327559317,46.94754324967783,52.27395597183837,55.42298727861126,57.46722138557712,58.889502020541684,59.76262836204536,60.28254362388056,60.34725490350137,59.96988171432788,19.86771734266245,58.21582957568324,56.84027148656692,54.896561952405996,52.2049511784349,52.52532650983856,54.54651289159866,56.892422444318875,59.15439938318868,60.55027236737202,61.71211721808281,62.584960063055945,63.243312335024804,63.44048239108943,63.326850287743774,62.87477679107937,62.10293098271508,61.109679540632186,59.39888495510685,57.01316660472453,53.49044286602036,47.81970673912552,44.44232220713579,51.04708981840269,55.29708757732929,57.78917827024845,59.60149575788147,17.634279935629372,22.576785748691847,16.989700043360187,21.73186268412274,14.62397997898956,21.64352855784437,19.138138523837167,16.127838567197355,13.010299956639813,16.020599913279625,18.692317197309762,54.61585557039263,56.7875139699344,58.80041462158636,60.46136420853852,61.81059436059816,62.74047413541549,63.22727328821707,63.422307592234894,63.401826662378056,63.03006957714623,62.13979961531665,60.99593635407721,59.62013987649185,57.36492912918261,53.784069865117175,48.67638343527035,48.852367949358964,53.15090375389754,56.25679696426041,59.03854757260299,60.796778672627624,61.551407128822476,62.413185656130814,62.74734523470653,63.09713612074074,62.350297320045875,37.06717782336759,61.127082012323385,59.14898233675936,57.55748358507982,54.6086177528118,51.49640881857556,51.428898054390416,53.6808782640103,56.42606953387379,58.62479629727736,59.85094001542005,60.901426726217316,61.378315095065126,61.72091867626748,61.606440742627846,60.79274247490617,59.78281429587345,58.939658269676976,56.37459708119002,53.26536573311191,48.58837851428586,43.433692002275315,45.14653989080068,50.52590068113066,54.40446217460643,56.86597842330373,58.08171121368901,16.127838567197355,13.979400086720377,25.71708831808688,18.129133566428553
12.041199826559248,16.127838567197355,19.294189257142925,21.13943352306837,48.794915554644504,52.62056960759673,55.38458107616532,57.24872818919898,58.343138655442985,59.02068738028282,59.652299316023004,60.011675499272236,59.985683798348255,59.28730150797058,59.24641564003607,58.234024929261395,55.91604355646485,53.78419705981416,50.65669327731428,48.4476288355124,41.938200260161125,44.738663557866914,50.49070647754163,53.646354072437326,55.51953536344912,56.998004494916465,58.00003204430729,58.16788630132522,58.22850379626496,58.51885481812856,21.367205671564065,57.08633321015398,54.1738698506293,51.84932638533826,50.639185301364904,46.87439774545894,48.68203455637116,51.97680200857185,54.02393800582473,55.48567522201415,56.673044268015246,57.42383372820345,57.50465966142087,57.4973940662199,56.890618893935276,56.81669891563278,55.4652415621667,52.02951245040243,50.72301377396709,45.85979317067655,37.965743332104296,44.49401252996221,50.56119363679552,53.44238966223884,54.92281143969164,55.38002844585128,56.28210066083242,6.020599913279624,9.030899869919436,16.127838567197355,19.86771734266245,16.532125137753436,6.989700043360188,6.989700043360188,11.139433523068368,10.0,6.989700043360188,15.051499783199061,47.39770065592548,48.12946762625866,47.94690159172349,48.73814497991474,49.127586128623655,49.78532011620765,49.74682061180809,49.34058884449304,49.397039133065476,50.58141210052719,49.44650435338738,49.75017997632882,50.72771766971064,50.36197580114696,50.042267646802685,50.80951004379483,50.654639372256966,50.978436105420776,49.664421136661694,50.619950081794876,51.3316193047479,52.181808879554666,53.28805533224327,53.710419886382724,54.09786080464947,54.07623712291122,16.989700043360187,53.34526127533384,52.76362985192236,51.361876748566466,48.18859052975628,45.114555372950676,38.50094594386701,33.53723937588949,42.594266265870516,48.45501126343464,51.42846048753316,52.88725301945698,54.018569993828706,54.80949287999313,55.261388869846485,55.178251029308726,54.78775656846011,54.10034503205366,52.71053588146791,51.160927932140375,48.73308973962765,46.834973176798115,42.40973351840004,43.497824533634706,47.53031223390575,50.603956173199094,50.89438789045926,50.24571861263604,53.46482069837435,55.83552415529347,57.67204118343983,58.987301167260206,59.93102775989741,60.4251290337386,60.66400848676446,60.566952727366505,60.171744620741904,59.26558510977134,58.03654415330214,56.325433326844006,53.538470151290134,49.333100919512034,44.421190137451596,46.90594738870024,51.754248297903224,54.78754024145899,57.049274317865695,58.46367425074185,59.46004966897564,59.92117237064846,60.08690853200554,59.853096884076,59.137317523743924,22.944662261615928,56.42073578230771,54.52738383938643,52.11849095831636,51.62522587984634,53.33610482123383,56.1512589829703,58.55027646365932,60.295469118850264,61.706617862509596,62.564784092718156,63.14655192311378,63.42346277754514,63.45259210731237,63.13956810717461,62.57602746671679,61.55751607208839,60.344218870463145,58.11871136616803,55.19965739060778,50.469826427582134,44.2370450887018,48.06430977932398,53.37730735273329,56.7943970780771,58.80450576136461,60.28876940450289,18.129133566428553,20.969100130080562,19.294189257142925,23.979400086720375,9.542425094393248,18.325089127062363,16.989700043360187,19.084850188786497,17.634279935629372,16.901960800285135,12.30448921378274,55.37385843382098,57.835219753969255,59.98124145406234,61.32491827699769,62.358124129416495,62.97200051947655,63.44240145718616,63.52829231645437,63.412669079875414,62.770427725743254,62.04289595812505,60.86955331201529,58.39454163663479,55.80562342310857,51.536715997301215,48.42621719157751,50.15849946370661,54.61585557039263,57.53669602785124,59.89824324131037,61.04252487955912,61.91010348179673,62.63627784963133,62.95321186691968,62.70028188034768,62.78820340029177,32.08978517276253,60.63810557861046,58.8860459100733,55.90263207220539,53.7378156105519,50.61037590063418,51.50283522747662,54.87626152254102,56.76185874126949,58.93167875854662,60.03135120212513,61.12810036632662,61.32275703044142,61.57328606664571,61.240778723156595,61.11620692478446,60.148379533229416,58.30694503040439,56.85462267508407,54.072702031270474,49.787509813329834,41.147777319715615,47.14999967412042,52.106341583256096,55.133574576706074,56.63576554282281,57.87460474518415,19.49390006644913,11.139433523068368,22.04119982655925,11.139433523068368
19.49390006644913,13.979400086720377,11.139433523068368,19.54242509439325,49.143696054299085,53.01431532377629,55.42298727861126,57.384039538576715,58.386476320849575,59.220966510015074,59.66821516878656,59.84455299998372,59.80372933058462,59.37973511695308,58.67187492764229,57.68928027342528,56.59460759908329,54.41966779223534,51.70393744321885,45.105718176805816,39.150831016512,45.800235351693665,51.246672176986095,53.93871650625102,56.15034229084755,57.4954540041465,57.87231577148387,58.74825522282646,58.71952193841888,57.93832974183484,20.043213737826427,55.934743681875005,55.00195294509041,52.92699003043929,47.98961237880703,48.80613542175367,50.10681493131443,52.0551291747351,54.686456207572874,55.86771784383586,56.99991998698203,57.507119949758675,57.875582329089966,57.73828848769511,57.14595453263833,55.59236121732809,54.09111072983209,51.701912835519124,48.16440167956139,42.96160413537258,44.094597040874476,48.94670444166284,51.15610511674299,53.41735162006117,55.185626307720256,56.29581855470655,56.73534196096203,3.0102999566398125,3.0102999566398125,13.979400086720377,20.170333392987803,13.979400086720377,13.010299956639813,15.051499783199061,16.989700043360187,20.374264979406238,9.542425094393248,13.010299956639813,47.101935504434564,47.65854747465791,48.96526217489555,49.61425840428292,49.60090067904919,50.0842982679723,50.39747148865822,50.83162074006658,51.09119376130078,49.389448054529566,51.70085614365889,51.50698120784693,49.60399419895466,50.21718402288543,50.20734085411515,50.829289150151304,50.908714882160055,50.68011366519137,51.259657135893264,52.00349731597829,52.407488780180856,52.82397771409272,53.51641726193522,53.45061867720779,53.626878866628964,54.205003391374795,11.139433523068368,53.11334193440135,50.01049722993066,47.996850909091,46.12783856719736,32.86231854028553,36.53212513775343,43.99050381873649,48.77561380121317,50.844547299606965,52.820258798508135,54.30700556818142,54.71221279215894,55.1205704403734,55.258335987535865,55.49475331287547,54.8370138233946,52.76167579166841,52.21414237842339,49.82727906838392,46.74309888941477,43.54588587877241,46.46923000478495,48.65991800126275,50.26455632042706,50.75346190651981,51.42689738876986,44.90829006303808,50.10978012174743,53.9444117357455,56.471168343100175,58.041176147960975,59.36214559337763,60.177176488793826,60.75173453550822,60.925329243556476,60.62222743716292,60.35671834898004,59.50647151396568,58.07963699151639,56.274733926191274,53.77488383376133,49.79047326947965,45.924543505545046,47.92783778436129,52.56876429253104,55.3344284566018,57.34048161949317,58.660189981121434,59.48245182238034,59.88716772397033,60.01024593996539,59.86022938515845,17.16003343634799,57.924624317083946,55.82199769073717,53.6699230350831,51.118436490179775,51.24452054195515,54.16047731960589,56.965110294544694,59.21667751006487,60.775586622155124,61.938125213426254,62.747998069933935,63.31884836225065,63.513900283978074,63.48470759116033,63.09192672205871,62.5562100719623,61.26658931574894,59.7800968824836,57.5618027822898,54.358602855783616,49.2150960099911,44.28021344086049,50.410846216538104,54.71963174394177,57.53707125307663,59.464522650130725,23.69215857410143,19.54242509439325,19.030899869919434,15.563025007672874,9.542425094393248,16.532125137753436,12.30448921378274,19.294189257142925,10.0,18.325089127062363,19.030899869919434,54.033899404897674,56.76390869450488,58.95596008171184,60.78148207090341,61.90702791315018,62.8312770244346,63.36673026126056,63.61737277099362,63.5562485849252,63.05205576830191,62.446610109335,61.284551676093386,59.780549141469415,57.53795175640189,54.26084890510719,48.643746009670394,47.67155866082181,52.61334253799131,56.59118152030462,58.92495861267417,60.761323168557404,61.715442164592375,62.02851348815064,62.8592169343812,62.990575176942876,62.34643048726183,38.32828129539354,60.63659426580201,59.32583846405202,57.52578501556027,54.0946647085433,51.55933919528447,51.63697945892569,53.78070694006442,56.435888656724146,58.56667275390403,59.9344416677096,60.88559895072278,61.42902306539543,61.721511818468116,61.51005588958856,60.8621527911307,60.19275848770258,58.740670395133975,56.71530132102329,53.64290152747664,49.12413380372957,41.00818395731537,46.220585197784175,51.50203628762809,54.79720674451375,56.551883950196085,58.00751435663987,0.0,16.127838567197355,20.681858617461618,18.129133566428553
17.853298350107668,16.989700043360187,12.30448921378274,16.989700043360187,49.67421600602861,53.05802629184904,55.23888174523772,56.86859614333764,58.27178581087628,59.15304839396136,59.59015142960248,59.77268500590295,59.75452488706495,59.70373379474347,58.663871857926544,57.78160659995481,56.74828085354402,54.61858538808528,51.69265805255424,47.458941785660535,42.97760511099134,46.3202176705472,49.64730921053629,53.39540874896825,55.3615552334106,56.89192498798322,58.007404415975934,58.37196891758147,58.42185970687857,58.30440457245388,22.04119982655925,56.553699327695966,55.14653989080068,52.46621662695988,50.55810117330907,46.11011288705342,46.99560243559649,51.04176302024953,53.37181623447573,55.75295250227333,56.97177887152483,57.51046493946488,57.858307645549594,57.816405047233715,57.3256422715965,56.17718326333281,54.405517436200455,53.56280237155577,48.22011077083279,41.740598077250255,36.85652184115524,44.307521043598584,49.255286689401686,52.2205282007005,54.065282584610124,55.9684440812877,56.62767272763343,20.0,20.170333392987803,19.294189257142925,18.633228601204557,11.139433523068368,6.020599913279624,18.129133566428553,19.084850188786497,9.030899869919436,15.68201724066995,18.633228601204557,45.13337480770356,46.477447314699006,49.19480805304447,49.21842481405858,49.751789709408776,49.697606016227034,49.81954444469974,49.77119744913775,49.800442979310915,50.718120729031526,49.42588378883805,49.34346926738256,51.55761012877924,51.723518551160694,51.65259168471885,48.96619900356518,49.14290255665949,49.32686800831902,51.1671398040803,50.96301574727147,52.10676939110188,52.82014536689525,53.15760490665735,53.996823726793714,54.34967888427813,53.741248601797274,15.314789170422552,52.80143402902823,53.06684454407715,51.49505467781387,48.07967753955349,45.920101162931374,40.34106829707643,29.138138523837167,43.231282931251215,48.42340842572451,51.16621024961993,52.92929149117218,54.347237535010805,55.123387972250924,55.41504359131859,54.77458425849427,54.20960233629153,54.81673330950105,52.08495102429837,50.20568434801363,47.37868216450551,45.71440953685393,45.298664831919154,46.32102828062753,47.95942551247136,49.54536764879532,50.770952499553914,50.06145016376364,53.37455267759818,55.88878734308317,57.61344380028657,59.14190783485002,59.91187076069621,60.443080487356525,60.59456250941261,60.427077887091244,60.33771453975205,59.109795914542424,57.921058016335124,56.43185108159308,53.927690366446434,49.84009451702538,43.557387836020354,47.18152784542,51.76814480674778,54.733555669828604,57.053273523949635,58.52597700767169,59.453434981871396,59.95210782475647,60.197927640033875,59.930392318069096,58.981792287132855,16.901960800285135,56.339529790384375,54.8591582200093,52.47762201944017,51.29293433689048,53.66930738104835,56.43393450473154,58.637991329527836,60.424691898071394,61.603850857387684,62.587885651441944,63.092453057088804,63.48145332773576,63.5272957748174,63.15156592676359,62.56879794634077,61.44077364594211,60.44302166120153,57.997884000675555,55.29847251446424,50.55110637854146,43.62670929725667,47.97586045160276,53.79952397461129,56.86001342233141,58.82511446311842,60.18702162626588,0.0,12.041199826559248,12.041199826559248,21.335389083702175,14.14973347970818,16.532125137753436,18.692317197309762,13.979400086720377,16.989700043360187,22.85557309007774,19.030899869919434,55.78360668000872,57.92907632958968,59.928383887171925,61.145686201082356,62.38574466091513,62.99907414863554,63.456841940360896,63.47072289999357,63.300081071349474,62.96793266312573,61.87228742976565,60.557971318031846,58.73113579474754,56.196546274415134,51.9255909071787,48.266772113767885,50.5478535945179,54.82052791917869,57.274932705303165,59.585686609127606,60.86111998532787,61.80645340856995,62.44925232880157,62.8606151787806,62.71453354925904,62.15767594414412,31.94514341882467,60.56188055196388,59.79800501863957,56.22953455800342,53.58271865864423,49.77174676020187,50.741176443574176,54.45059047392219,56.92548184042357,58.89548759790895,60.24178926149605,61.08633341945752,61.483623074869755,61.615476731257274,61.449417235920876,60.97097934996438,59.799460682173475,58.70404490581169,56.16447155160976,53.459615418131406,48.25516992007721,43.557962135029726,45.54004321011903,51.49419273198683,54.6880944559799,56.89501540101602,58.08348736568327,20.681858617461618,10.0,21.613680022349747,14.62397997898956
15.314789170422552,14.62397997898956,12.30448921378274,19.54242509439325,48.947645281603094,52.6444473601914,55.76168519607808,57.29220693406603,58.464917478736155,59.18213352292394,59.72858877356471,59.99515491488958,59.94101051709353,59.50384329028349,59.01420175914501,57.989136281232675,56.12666263514348,54.15193779987467,50.920781997051265,46.689540419979856,40.03891166236911,45.4383222047354,51.5599760462969,53.90873312842031,56.01587439082011,57.35666752910083,57.98977106640087,58.39405135089203,58.419954274906864,58.00548000370232,18.129133566428553,56.0103602162495,54.336306454351856,52.06744944053747,48.424906660235436,48.98341165727509,50.63577276106099,52.614151426246245,55.0335072009897,56.14759105295605,57.28789481406383,57.879448004840405,58.0307523299554,57.69753108845468,56.935053494634325,56.60847461046842,54.892523528367505,51.77931657935193,49.57061082968626,45.057602759200854,42.75311354541812,48.22233480238844,51.50799406800118,53.78515998451605,55.30743826674037,55.71347739941703,56.34099239251701,11.139433523068368,13.979400086720377,0.0,3.0102999566398125,11.139433523068368,12.041199826559248,11.139433523068368,19.49390006644913,18.06179973983887,18.129133566428553,20.644579892269185,48.909461025504086,49.11519813789173,49.11732734557229,49.59327645972171,49.84279717426286,50.21685352215705,50.07905597021913,49.95477240610755,50.17517474733998,49.12588686548272,50.69260986284746,50.63412177936587,48.250689276246234,48.36203813402366,48.475541518806516,50.97784669325942,50.85194216258445,51.408755608212815,50.72308731153335,52.04708595484096,52.56055940862104,53.20250171886434,54.34449137204767,53.89033116720925,54.052062976889346,54.649810920100606,3.0102999566398125,53.476226994672416,50.88097089077677,48.64160893813251,47.2007657276814,36.97752274167755,30.318122713303705,42.78410601475816,47.02775077901044,50.440730743261604,52.40154709768792,53.833161789297634,54.10988004787269,54.63343430534287,54.60694924233628,55.09343678709715,54.354780541713254,52.12424669805423,51.68500429879944,49.38959800687496,46.74989665539449,44.205003391374795,45.984074586221965,49.33689708957894,51.150443952584126,51.782890094690075,51.822120104991846,46.66377560933491,50.444495996526264,54.24816324279354,56.340659567737426,58.14023729844466,59.328024052824645,60.20494285684724,60.72111607414419,60.93933080917701,60.73316854725527,60.274874183345034,59.388248249339,57.83676372407132,55.80793869627336,52.67176423453115,48.83843062834409,42.49467414272289,47.177121000984016,52.388336456750785,55.476885761290205,57.52684434716259,58.84402225996057,59.857972849609254,60.23680368434795,60.276569713212034,60.089223668472506,19.54242509439325,58.35732413908524,56.751915562689554,54.59928992472358,52.677746269290324,52.08575708947575,54.265909560355624,56.91092106115023,58.923896000109536,60.70623676484778,61.92703741321771,62.687749508870844,63.094108359153125,63.341369625813364,63.19707614228967,63.02391543823488,62.16978816136318,61.198870714537236,59.34841711190877,57.15368977649676,53.56203747569683,48.19280646972481,42.986784505601875,50.69223957297052,55.094767270009946,57.93184603367565,59.6828583687106,6.020599913279624,19.294189257142925,22.55272505103306,9.030899869919436,16.020599913279625,15.563025007672874,20.969100130080562,10.0,19.294189257142925,18.129133566428553,21.613680022349747,53.92661786290789,56.46106578929694,59.18211779421774,60.471673515861546,61.892325239957046,62.72345977668056,63.30566561304135,63.46522159837538,63.43661612334753,63.068541772024,62.34174217381636,61.29383716228617,59.412032425554514,56.90877122200571,53.485093033545546,49.1390387971282,47.601585089980894,52.74557308824393,56.75831479941959,59.057230422662954,60.630247012702824,62.068005189678175,62.778649029487035,62.61354477417969,62.614829348877194,62.74243082741744,20.043213737826427,60.60906629156233,59.49411964799555,57.04041500393088,55.36337451662583,53.21583933030367,51.59245262936096,53.61425612983891,56.19662968391179,58.482488668735854,59.91754441213702,60.80778319162717,61.28827212707531,61.55050463305933,61.349814969590746,61.11463143629855,60.1397291539088,58.69832860042618,56.88993459264056,54.121731627858516,49.62222493738536,40.10978012174742,47.00651806335718,51.97117839554636,54.86203708021318,56.60794354088231,57.82160766184674,16.127838567197355,15.314789170422552,23.54108439147401,13.979400086720377
0.0,9.542425094393248,6.989700043360188,15.314789170422552,17.853298350107668,14.62397997898956,6.989700043360188,13.979400086720377,16.020599913279625,16.020599913279625,15.314789170422552,14.14973347970818,3.0102999566398125,13.979400086720377,0.0,13.979400086720377,20.043213737826427,6.020599913279624,19.030899869919434,12.30448921378274,6.989700043360188,16.989700043360187,20.253058652647702,12.552725051033061,14.14973347970818,12.041199826559248,15.051499783199061,20.170333392987803,21.84691430817599,17.16003343634799,10.0,21.13943352306837,14.14973347970818,6.989700043360188,16.127838567197355,18.129133566428553,6.989700043360188,13.979400086720377,12.552725051033061,12.30448921378274,15.314789170422552,10.0,12.552725051033061,6.020599913279624,3.0102999566398125,9.030899869919436,21.613680022349747,17.634279935629372,-inf,12.041199826559248,9.542425094393248,6.020599913279624,11.139433523068368,10.0,13.010299956639813,15.68201724066995,13.010299956639813,14.14973347970818,0.0,9.030899869919436,0.0,16.989700043360187,6.989700043360188,16.532125137753436,17.16003343634799,16.127838567197355,16.989700043360187,6.020599913279624,36.18780024506215,33.820170425748685,31.64352855784437,28.692317197309762,22.278867046136735,6.020599913279624,22.671717284030137,27.49736315569061,35.100085129402345,34.089180208467795,36.65393350279712,35.898379431474595,39.10891088644528,38.578750255235626,37.41387992479269,36.644539285811575,35.37189226243645,37.623033632877686,32.922560713564756,33.63423932917176,27.965743332104296,28.175653695597806,25.76341350205793,27.664128471123995,28.305886686851444,33.75114684692225,20.170333392987803,36.46599751720373,35.68201724066995,35.67849450573107,34.35366506612661,35.954962218255744,36.17524534886292,34.487063199050795,33.23458366849468,28.603380065709935,27.109631189952758,20.043213737826427,21.702617153949575,27.958800173440753,30.681858617461618,33.15760490665735,32.69746373130767,33.44392273685111,36.483600109809316,35.62173863364648,35.66790912381592,35.16006230386048,32.951270852521915,34.9220145139254,28.898617212581886,31.5259407792747,29.772662124272927,54.65271288880206,57.705140137645714,59.97241304062637,61.76821706812362,63.08604533262175,63.97683004027072,64.6467148377509,64.9038890628164,64.85791816222377,64.42077115338469,63.68147367478892,62.38316135267692,60.36047717630296,57.12350810929033,51.300022914218445,37.76119799052988,52.49220377398143,57.9615509919108,61.07460973596379,63.00627217962936,64.44278595866224,65.3199899249432,65.73122352279862,65.84985791682223,65.6140015659053,65.05499444736469,22.380461031287954,62.844889366852115,60.97966667882225,58.935759130370386,57.54623505584502,58.2768776811356,60.41231571505649,62.44291473316789,64.31316310873191,65.65686934698509,66.51978620900819,67.15558966739717,67.47449175803945,67.45673174392068,67.21791248708026,66.56493105762073,65.63523088894983,64.13712231748757,62.07339442437089,58.813549799181864,52.94450794103796,44.38194140793337,54.05798692515753,59.26657247461563,62.43166332736209,64.45112347086729,65.68634394428506,66.04844536134875,66.16156634151734,19.294189257142925,20.969100130080562,3.0102999566398125,14.62397997898956,21.13943352306837,21.13943352306837,13.979400086720377,23.117538610557542,9.542425094393248,13.979400086720377,15.051499783199061,16.989700043360187,12.552725051033061,23.010299956639813,19.54242509439325,10.0,12.30448921378274,20.0,20.374264979406238,13.979400086720377,15.314789170422552,24.29752280002408,17.24275869600789,22.671717284030137,23.180633349627616,19.49390006644913,10.0,24.487063199050798,27.3559889969818,29.24795995797912,29.831750720378132,25.76341350205793,31.061908972634154,18.633228601204557,33.287872003545345,40.4688519083771,30.398105541483503,35.81608366032058,35.16006230386048,34.056877866727774,30.141003215196207,31.94514341882467,27.671558660821805,22.04119982655925,13.010299956639813,13.979400086720377,20.969100130080562,20.043213737826427,25.477747053878225,21.702617153949575,21.5836249209525,20.969100130080562,21.613680022349747,18.692317197309762,17.24275869600789,12.30448921378274,12.041199826559248,20.374264979406238,18.633228601204557,9.542425094393248,12.041199826559248,23.010299956639813,13.979400086720377,18.692317197309762,10.0,20.043213737826427
3.0102999566398125,12.552725051033061,19.294189257142925,18.633228601204557,48.39534608818716,52.59163671340217,55.57961710013997,57.2834728784958,58.44427468239401,59.123049738785966,59.766113025354244,59.921543844104654,60.0429428328193,59.37931929282741,59.339795129170405,58.199398842019725,56.29460569642288,54.377901864217016,51.41816495452177,47.721015692770116,41.784013415337554,43.5566219858541,50.90346243505668,53.51009304862241,55.65532604780003,57.02065886246806,57.736409246411576,58.379733252424344,58.233829264392476,58.28559365703147,11.139433523068368,56.51417586222992,54.46241945325413,52.20594434737844,49.26964626713365,47.955324427101544,49.923767597988025,51.94370015583742,54.767418051550294,55.68232240985412,56.97631184418229,57.84677904217489,58.08840682198295,57.86605213446847,57.340994351568185,56.961885805821346,55.81665266717616,52.67202245321431,51.33289756256615,47.71219901949533,42.64298247190216,45.76675294460542,49.95477240610755,52.90413062122933,54.75783015648641,55.025977996808344,55.89660347512495,19.138138523837167,18.129133566428553,18.129133566428553,16.532125137753436,13.010299956639813,9.030899869919436,18.633228601204557,14.62397997898956,9.542425094393248,13.979400086720377,18.692317197309762,48.867219113395215,49.189524950892576,48.406141476488344,49.30979578356865,49.649663748310985,49.97360168647419,49.912703891951004,49.57822704978322,49.52932827709724,49.08892314012338,50.128793871712894,49.966035997641995,48.4067056133341,48.0894655644743,48.051268913028586,50.66378112121236,50.59839733618135,50.976632945692614,49.826194337809156,51.4109843289726,51.631733059802166,52.65065583413968,53.775411874613795,53.84622188451544,54.139197420336544,54.98597231380224,3.0102999566398125,54.425377756447105,52.44655571562258,50.95130978336526,50.0062927088754,44.91711790170768,37.488080049586024,32.89811839117621,43.30657234711394,46.877251074396,50.37784941753637,52.444379408303064,53.296846021255284,54.08485882782717,54.44077601096745,55.06369717095504,54.72886571939171,53.03068559232365,52.75311354541812,51.171685115171684,48.67803243865229,45.71347739941703,42.7009628142033,45.752109450836144,48.202802955035075,50.27015092616088,51.18268033727165,50.21701877566515,53.365097648930984,55.78622021191964,57.6476774513424,58.87025086125331,59.885932888635665,60.43535961079595,60.600175425316,60.42758169073223,59.905808021987355,59.20123326290724,57.87857746600825,55.672064021588675,52.769142457350384,47.67497228404619,40.92194120697316,46.33589637131386,52.04100981856696,55.24506466921497,57.460391660726444,58.75897199067136,59.71428474570442,60.21229417754717,60.40138924616499,60.139308589589874,59.72297743114042,21.73186268412274,57.38080209369845,55.29246792793436,53.371016947671805,52.70655548952985,53.86181377515504,56.3422831079542,58.509462786160086,60.06590108663989,61.51704713260587,62.38614330657214,62.95141392741463,63.22179792820332,63.22099537030838,62.91248048274757,62.37711090226371,61.30983116032684,59.9567423547795,57.910791193312356,54.75445994014188,49.39284570363686,42.712373544708356,48.66145505483358,53.86434752995405,57.03570784669004,59.18337066934525,60.55196700196025,15.314789170422552,9.030899869919436,20.253058652647702,21.958996524092335,10.0,21.13943352306837,18.633228601204557,17.634279935629372,9.030899869919436,0.0,21.13943352306837,55.09612421146101,57.7522439872954,59.88309188036886,61.286244359721806,62.24253542890501,62.93598092822002,63.343998631220906,63.41421268006666,63.24439884238794,62.62731985027961,61.97757330900667,60.70141715253935,58.482587217345085,55.73559657476544,51.87320447989401,46.93111115462141,49.36840345812756,54.205827933310985,58.03634621137648,59.813963347327295,61.131629258828596,62.239199044182484,62.78221378517739,62.92742607385407,62.760951416583566,62.98488465214869,34.153072922255674,60.24732710161714,58.98730665071061,56.41479068175368,54.59950077433841,50.575824314139545,52.61978567181696,54.65271288880206,57.05913294256558,58.72409197480919,60.0048830667111,61.09369616870721,61.35614721042239,61.49151345108825,61.35654763443563,60.98818446613326,60.12147287179757,58.38502775933958,56.74424790781421,53.95085148457995,49.19752556189443,39.87889609997745,47.32594775555279,52.49858472417371,55.268572781301444,56.743512571059924,58.10805596677375,22.50420002308894,21.335389083702175,17.24275869600789,12.30448921378274
6.989700043360188,18.633228601204557,18.633228601204557,20.969100130080562,48.036277953448156,52.13722238972869,55.39814775010588,57.17165196218999,58.30604064376161,59.07888929529544,59.70042670579102,60.05163775536224,60.07377744849502,59.35398930604145,59.3761617387323,58.522585201849196,56.39089865085046,54.66542889794504,51.912777092480546,49.27888537744145,42.58397804095509,42.81783071506447,50.168077816775714,53.117559795602546,55.362515505631784,56.74319082207465,57.64245643844067,58.25390411970473,58.31745032620907,58.592127757153136,17.853298350107668,57.14349881031164,55.020035446566396,52.9208985543996,50.853940543157805,47.75246259740236,49.141632658801356,51.06778854182532,53.87071108137793,54.92923742399215,56.35759114793188,57.248998219145676,57.80785204968299,57.67359231602077,57.22689850797542,57.215039461529145,56.16623579387777,53.24004500231222,52.46980862335539,49.19689859537591,43.22053817695567,43.40721657313007,48.93922582086407,52.18685145609286,54.15193779987467,54.463025598447175,55.63572443749419,6.020599913279624,12.30448921378274,0.0,6.989700043360188,0.0,12.30448921378274,6.989700043360188,15.314789170422552,15.563025007672874,13.979400086720377,17.634279935629372,48.35576435318049,48.72907622279761,47.31508183596026,48.26806652529976,48.80133045616997,49.6764624294686,49.55331704165462,49.76441689378844,49.69681440451502,49.81256695160098,50.120691517833826,50.307332682334476,49.624640460579016,49.64928710803851,49.16937982863775,51.21428518367963,50.939886995807385,50.84207954453043,49.011966850719766,50.46924174230035,50.73941853697419,51.51774227007424,53.01693958419209,53.32212163842797,53.93252213760948,54.71563060322314,14.14973347970818,54.46109807438055,53.245314343048946,52.12422006867926,51.30976691605617,48.409713106187546,43.96216788290972,33.69957607346053,35.12817758564873,43.99500661314611,48.27498508133459,51.160927932140375,52.72317443992955,53.801117044870935,54.45071515743132,55.20981081419298,55.25357127454872,54.25420089084946,54.02166773352306,52.83391697297128,51.00222308212828,48.803561994192364,43.68119458615028,42.29835366557265,44.73778834646724,48.00888838016442,48.83104727392379,52.69256027417774,55.314405952502185,57.15898097989678,58.56864774906132,59.442323872005616,60.15227267001382,60.41724990677298,60.296150692202076,59.91696011599903,58.96493148122794,57.955025382975464,56.06368465082923,53.18157282741304,48.94919445615208,41.971702471060006,45.84014435797936,51.21379260945717,54.51321199751072,56.93734861099219,58.362658682260246,59.2834053764457,59.916287192749635,60.0192443174931,59.824521513849895,59.370492431207026,58.52033880787934,11.139433523068368,55.27629900871339,52.90651094484441,51.84864546397479,53.31164007951355,55.66338482981977,58.07223739803231,59.92073009891086,61.305283531646985,62.32398862462542,62.92649638531334,63.308439987778726,63.34101749583195,63.10992649365915,62.656992067184454,61.79242907161961,60.61120599582284,58.71969690077724,56.149077570334114,52.023929470732526,45.4775009877109,45.90306714703341,51.944061016552055,55.775584325029726,58.18220613405785,59.95011819985268,60.91979818229391,21.84691430817599,13.979400086720377,20.5307844348342,17.16003343634799,9.542425094393248,20.0,6.989700043360188,9.030899869919436,16.020599913279625,13.010299956639813,14.62397997898956,56.38845531767696,58.69217634276122,60.6180595345094,61.81107521114494,62.61130061463159,63.13092811528801,63.36604607933044,63.38947088698205,63.099368328288406,62.16462810675174,61.62920895392794,60.10285112336449,57.47593567536459,54.29198160824191,50.16050890409212,46.25281575848903,51.48852425674585,55.5637970181307,58.68612114869234,60.262246955370095,61.80603221923624,62.008759314690224,62.9682418312415,62.5757418768424,62.65781877279515,62.51064621766223,37.35918116531297,60.09488714317275,57.56944036296828,56.89268003324304,53.17204336816738,51.10542575007003,52.92278228672973,55.093060414945,57.37251499140675,59.19993853830513,60.331023390862725,61.19647106070345,61.481585714737996,61.48940582073166,61.2863509379476,60.927802771504,60.06000691446121,58.07526910339119,56.52060589613724,53.596419980360174,48.92656594590508,40.549575960124066,47.8597012513201,52.69069083327977,55.31413767983668,56.797630280765944,58.022002148516634,24.84299839346786,22.55272505103306,21.367205671564065,14.14973347970818
0.0,15.68201724066995,20.5307844348342,22.30448921378274,48.636142750621765,52.55393125707304,55.55772579603659,57.203784634087114,58.38842167146848,59.130701487067185,59.6908820395831,59.91998698098362,59.9744405347733,59.55423149275055,59.04783145011389,58.207477617471355,56.7244977105744,54.65263850356592,52.13491193830335,47.17670503002262,40.64532861131578,44.243588625903286,50.553553926803865,53.33503698884542,55.59002399699055,57.08476139559528,57.715823369229184,58.41560926350073,58.500731275281495,57.908795364354276,12.30448921378274,56.1913091217696,55.163568600280115,52.87335844811922,48.7903276739405,48.56813445749757,49.742813588778304,51.74989650407334,54.486506771899954,55.77842081335196,56.98831876727319,57.70351180179229,58.090834129265296,58.02660178348979,57.56864224060549,56.8182804309055,55.48095693988175,53.217744321410514,50.860820781904046,47.23233952857966,43.25515663363148,46.20802087090344,49.464522650130725,52.496898717741246,54.31140125354486,55.263522026285145,56.097096366995125,-inf,-inf,6.020599913279624,9.030899869919436,13.010299956639813,6.989700043360188,16.127838567197355,17.24275869600789,3.0102999566398125,13.010299956639813,12.30448921378274,48.62399747637491,49.03117129548867,48.93012332222442,49.46083646106884,49.78582201932075,49.89489863467243,49.90596335500767,50.04858534620329,50.115746723447714,48.88291845356515,50.39132430507244,50.58182994522346,47.92279599039016,48.13213918024927,48.60900727110924,50.326066745652355,50.330576679204896,50.57468306570249,50.27137506101974,51.62211809859451,52.14952408098733,52.617789560155046,53.78239781707427,53.855812517962505,54.14881468265874,54.951348254547945,18.633228601204557,54.40610008272345,52.25609048246355,50.91118028327024,50.002518177794045,44.601458174917504,36.71913012441587,32.657609167176105,43.49005400943067,46.942541120252784,50.128793871712894,52.329376925857,53.367098314551555,54.02393800582473,54.380832887672355,55.1636215038279,54.74456662594598,52.954901295630435,52.808195780843036,51.18003343075503,48.45451535902862,44.5910587948721,43.76175322717834,46.279083856850264,48.92539804658635,49.90041230024249,50.95190280781986,49.994828818201576,53.41932836351094,55.97804842404293,57.70263475261756,58.980512832253744,59.7937443999148,60.37559156634133,60.55014227779665,60.46660578346193,59.90202505772659,59.19476623193172,57.937973668610894,55.59826458601,52.7219679310154,47.71161060438499,40.32014034159506,46.178387477170034,51.90135520877031,55.29652321703955,57.36209197298359,58.76343721544693,59.68092842332301,60.22465488785774,60.30772110347121,60.158009521646996,59.649390687369674,16.020599913279625,57.39572344450092,55.27866958370936,53.39749481680876,52.572104363295225,53.824061114334924,56.30348535296846,58.540022331269896,60.21515104498939,61.53340691252581,62.36742016817747,62.93195656318562,63.18811847537397,63.17754416688299,62.950233968991476,62.399110655933356,61.3657376983479,59.8298768004548,57.78632326887077,54.87337793926774,49.79516507063514,42.48708735600918,48.626679502285874,54.01745082237063,57.11547417943473,59.196663459594475,60.61426088863755,13.979400086720377,10.0,19.138138523837167,6.989700043360188,16.989700043360187,18.325089127062363,18.129133566428553,6.020599913279624,18.325089127062363,21.335389083702175,16.989700043360187,55.264853102055085,57.618714816738745,59.675077272359125,61.14547269692288,62.2928703587514,62.92443929557761,63.26507905792302,63.44224222269436,63.26016578119983,62.66047682475653,61.92055643290176,60.68120898311311,58.60367956881816,55.91386311192543,51.67205053634262,46.7534749848551,49.017851453035995,54.419463726030514,57.634706721304354,59.6954869669576,61.344703645814,62.47366793741293,62.523541550841216,62.939114300059124,62.347409533660745,61.91090070322132,26.273658565927324,60.59159226199513,58.29916499861361,57.32046990081257,54.133483889265335,51.10252917353403,52.41160324769676,54.518508843400085,56.779033761307744,58.842429435031974,60.22910652725224,61.11021769817501,61.545755084488334,61.70212707779626,61.43277484579029,60.878339273664814,59.95558418584992,58.59990431937072,56.49198511689143,53.50015298234692,48.58645456937789,39.98477303036506,46.63559591825922,52.20863521635007,55.18350719768685,56.79047040568352,58.03926664560096,14.14973347970818,16.989700043360187,20.0,22.671717284030137
16.020599913279625,9.542425094393248,3.0102999566398125,16.901960800285135,49.47556248191123,52.98420749199095,55.63230641241189,57.237790148239284,58.37604218998286,59.289332663154475,59.83723688047883,60.03514384733037,60.05431489646241,59.27329806459732,59.20065903753081,58.11845685344536,55.870652155975655,53.602638760184156,50.15347179132089,47.57092220118933,42.976292183641476,46.15907987199794,51.66693511858705,54.329308276672805,56.04044518947929,57.2903837215504,58.35353148966313,58.365930923877485,58.376111623522526,58.78225845932623,22.278867046136735,56.97934280843143,53.9629875252755,51.319553205413946,50.49070647754163,46.115640020881244,49.44309907031343,52.62056960759673,54.49257724620829,55.96590498698151,57.02102968689929,57.734097468802446,57.6242346269934,57.365000831026265,56.653933502797116,56.21704801895131,54.70519271500471,50.982698294238475,48.32106365139072,41.63906433457751,37.446058754142385,46.898414091375045,52.245019849659485,54.15862740342692,55.54422526729156,56.079994265412154,56.93664525595111,15.051499783199061,19.49390006644913,14.62397997898956,20.863598306747484,15.314789170422552,11.139433523068368,15.314789170422552,3.0102999566398125,16.127838567197355,17.16003343634799,6.020599913279624,47.18111229635604,48.37746220065368,48.47603502825368,49.307300467445145,50.01681801999699,50.06726968416176,49.60113872036686,49.64589587489903,49.50934127461131,51.10202375877088,49.45842645997491,50.078544187580356,51.35479312241418,51.08957199878533,50.761778721891595,50.79079898844214,50.97555762878285,50.91125070274114,50.529938823435565,51.200241350229305,52.093246338807646,52.89296797946083,53.290498975679654,54.000421099145996,54.14560572113419,53.28283762626572,12.041199826559248,51.71378293642221,51.07077625385068,49.45685185952475,43.74106508804012,39.89894563718773,27.363965022766426,43.8246732201583,47.812166590796885,51.31583380498573,52.995072987004875,54.11825021480798,55.1420895053254,55.61870262908486,55.629408479114204,54.71414939306027,54.201604626512605,53.4296915309925,50.96259821998902,48.68597421562269,46.46256649013817,45.33225352142115,44.41176499941076,47.42041345184858,49.322961546858764,51.8499788348131,51.72281761455,46.165070214142006,50.812752795293335,53.602544028517926,56.32356046239073,57.93405493512827,59.405867034780655,60.15216364256659,60.671720679860634,60.842251259836544,60.73617553010517,60.22083438243486,59.32291586613775,58.31509525064764,56.508008035062325,53.88030116459972,49.66047821076454,46.15255466590477,48.79038505237237,52.30992726210729,55.36897918042837,57.30111750090742,58.6827110206563,59.390567573731616,60.13138175028689,60.06637159068586,59.61884568756834,18.573324964312683,57.5834936657304,56.118507106822605,53.994954684440046,51.118872867524686,51.548072734674825,54.1213113154876,56.79618653543475,59.16545009239495,60.85451134018093,61.84653109025562,62.764696168079375,63.30863664152042,63.56635545819437,63.544280852115534,62.98149342318001,62.4323976264253,61.36068636363128,59.69997998598342,57.42814651139204,54.08343437216648,49.16853841725876,44.81872410310664,50.3734680356809,54.81969768420513,57.55817707901911,59.401218547411794,18.06179973983887,17.16003343634799,20.863598306747484,20.253058652647702,10.0,14.14973347970818,10.0,13.979400086720377,6.989700043360188,6.020599913279624,13.979400086720377,54.124958271734336,56.67882365176246,59.04482921809529,60.885149118430995,61.90495578389623,62.81208414034418,63.26906828509035,63.58595120072502,63.511445695854206,63.01692440707964,62.58847196847947,61.42472061825561,59.65350831811271,57.20510732903314,53.71573936183995,50.29971909180223,48.86907898662259,52.629088747933245,56.42509035618219,58.838226335119316,60.53374277879662,61.31241620359737,62.626971202347804,62.55804190252931,62.577174436856154,62.90710471011161,24.62397997898956,61.337036535548435,59.16709186046522,57.07939595024611,55.2052021368187,51.95437449993786,50.58824451086377,53.54156477915428,56.44561671368025,58.42689102516617,60.050195534006086,60.88268306810203,61.32831326393099,61.57041012539102,61.446520311886985,61.03571123051988,60.30636147748089,58.31246347908403,57.134098929167834,54.37398546564674,50.044589502411945,42.82418170877648,46.05832775740528,51.50725746586194,54.8898056804406,56.760732685629414,57.98433098500429,12.30448921378274,20.0,22.30448921378274,20.170333392987803
17.24275869600789,18.633228601204557,16.901960800285135,18.633228601204557,48.562333066511236,52.44170699429337,55.620667344954555,57.3163710696538,58.46538127862115,59.22267053634062,59.819693839794105,60.06853525300349,60.11352607418422,59.341251005517385,59.39403924634376,58.454998866514586,56.208738327183866,54.184670209466006,51.29448192268063,48.340708381017386,41.94930399217724,43.96286546068402,50.96106694310193,53.65422461384189,55.744769146695,57.055772228278215,57.88115318900708,58.21546279393206,58.19852438233832,58.511243696162545,17.853298350107668,56.881500840979164,54.22212171034224,51.96065593116303,50.091150588971516,47.32594775555279,49.63773665338068,52.19191440217979,54.67486752523247,55.66123885554937,56.973906470959115,57.857461309530684,57.973956630451184,57.731140111563676,57.29693561498222,57.03511479537998,55.926873917661624,52.53737701864096,51.678665028554114,47.179117107184894,41.03701119589515,44.95544337546448,50.28819233972377,53.21577719695799,54.69811710563104,55.0660378596503,56.022260772053905,13.010299956639813,21.072099696478684,6.020599913279624,10.0,6.020599913279624,20.253058652647702,16.532125137753436,11.139433523068368,-inf,16.020599913279625,16.127838567197355,48.63964903165163,49.27067380610499,48.40269238037621,49.25956349861239,49.609699529878455,50.11663466531904,49.85359101564537,49.31910236989751,49.22128346796363,49.717442258094906,49.36940789752355,49.787190551254085,49.134959596171235,48.777513312559336,48.623222360429395,50.539883550351334,50.53374277879662,50.92387253618813,49.53107035221487,51.11373426104308,51.513821096222586,52.71230377423009,53.75103699026759,53.8948149803539,54.49348785757473,54.812433519882404,20.827853703164504,54.11325026421723,52.66478652034817,51.445025975979924,49.603042581351495,45.627447714583475,38.30781075606361,30.740846890282437,41.900514177592065,47.50801425461592,50.427487232001205,52.38046103128795,53.42590444010776,54.05689493131043,54.540059381037906,54.82886440820859,54.43958865847358,53.32135358019922,52.502662641324996,50.600175425316,48.16407029618638,45.56748629763316,42.46744709723841,45.46555001214298,48.21598675838024,50.300651258597725,50.99818709615231,50.39850177749664,53.593971737876046,55.79556103881542,57.69140911001219,58.9108006481101,59.83632149834978,60.40446076740467,60.52559285915503,60.42260800714388,59.923767597988025,59.097084334419314,57.8066000305835,55.79853306714955,52.83703669360279,47.67155866082181,41.07820267248048,46.795914076825575,52.0779588520471,55.28716210400168,57.36353469131804,58.81217983545128,59.69464837624444,60.16589213214637,60.45887976447964,60.322757825941736,59.64623982891621,12.30448921378274,57.319511974333864,55.41290866542569,53.371996053735806,52.60686600252579,53.9170591327112,56.208707135896994,58.467483217093736,60.09410949067946,61.50847586098035,62.343990765630224,63.00006025960969,63.17515528012067,63.229751362489985,62.952206256871534,62.27364466429112,61.27991279791108,59.96154282908166,57.78473232737353,54.74771165121446,49.338111163524054,42.77494609611012,48.66594486406235,53.77184179676124,57.00012795337337,59.18526240241626,60.55075443005806,19.294189257142925,20.0,20.0,17.853298350107668,6.989700043360188,11.139433523068368,9.542425094393248,13.979400086720377,20.969100130080562,15.314789170422552,21.613680022349747,55.10075611353949,57.5826071935125,59.79477807498853,61.30515490753759,62.19985892825014,62.89670319399325,63.325596414674045,63.40093761662725,63.257054717826946,62.561209627572254,62.0576771481464,60.795126310396235,58.46129813872458,55.727624342528664,51.4944698046594,47.66806805489493,49.35225033871845,54.4038635540571,57.7446221927615,59.90463174880597,61.07813490873105,62.04938398995932,62.824988527181745,62.60013398641688,62.71001002713742,62.625089918012975,31.3640344813399,60.339799395293085,58.67850346749662,56.69079674271806,54.99055797548098,49.89449817666692,51.575323173180124,54.51161399908063,57.136627147039356,59.06977925061639,60.11895514174239,61.04877868786194,61.32836444041071,61.5525008117024,61.310235877380144,61.05246121586972,60.25882356651913,58.311271933988266,56.98575485807921,54.139381602701555,49.47065935430149,40.677773586333174,47.17953284719067,52.31439005235281,55.27765194100045,56.74024801128532,57.96427924931479,22.50420002308894,20.253058652647702,19.138138523837167,17.853298350107668
6.989700043360188,12.30448921378274,0.0,19.54242509439325,49.979540040694026,53.50459297730297,55.54312256491431,57.17371718793607,58.67789112003645,59.31944272468132,59.72721552060377,59.882038852714786,59.729545632541516,59.72625814805088,58.532606556692805,57.46984295274074,56.624678905579685,54.52738383938643,51.39642992629778,43.718986947787414,41.45755623637207,48.0837304326392,51.72091867626748,54.44625549699153,56.37498735525898,57.76850038690844,58.22613917969986,58.78938082035094,58.75667693953531,57.60227157785401,23.180633349627616,55.289167002776544,54.59706031674482,51.94539316565867,47.77637030940181,47.932454292680745,50.15175266835471,52.79384013064308,55.058456491863986,56.64013580212899,57.51723181680995,57.92783778436129,58.26080636468117,57.959536674428534,57.27523364377952,55.056992847388734,52.90096967119101,51.5966643201842,44.793449304961406,40.90786927949267,46.72291861068456,50.109991843615546,51.76649692107459,53.830340102140426,55.47272454318182,56.74269436259054,56.97117702520832,17.24275869600789,9.542425094393248,0.0,17.634279935629372,13.010299956639813,13.010299956639813,10.0,6.989700043360188,16.989700043360187,16.989700043360187,0.0,47.00504692004627,48.36532982643699,49.86901555479249,49.97180985323791,50.14994895432796,50.1255041133141,50.38576452162797,50.52324499887814,50.5163480398712,49.52191665200501,50.43951418263276,50.442025417306546,50.40938412515957,51.00883812156778,51.0285201858656,49.773257007476246,50.02688629152757,50.61365762330599,52.43764573697491,52.73441134312813,53.25158393388665,53.732798932774955,53.9874011022954,54.02728964709341,53.83594573413624,53.77621291746241,13.979400086720377,51.66868036014566,48.988348380682744,45.59308010907013,40.50766311233042,36.547539332529304,42.653132025542966,47.18551509468278,50.42094884602493,52.5272927581518,53.651958610659435,54.7279446669873,55.01367406054805,55.09807155476507,54.79350691477787,54.166038985976535,52.96035225927981,51.44543074272788,48.535156967569286,45.458141159612836,42.7401922251933,45.4117970897645,49.15463154214433,51.04002014891893,52.10853365314893,52.48747925664057,53.030426228161886,41.70379076423074,46.69363376415619,51.575444039678956,54.59556825060305,57.04772331356413,58.50682986334541,59.6189547366785,60.39625464052861,60.85964514028079,61.09302089715647,60.842419391161975,60.334868844482045,59.45712745581827,58.13801082065378,56.113461894515794,53.13244848068174,48.66736173476787,44.071018452351765,48.57917193837984,52.86449732965437,55.69519040391728,57.5487559156674,59.023254991031266,59.807676027760266,60.237103885111736,60.172713008774615,21.13943352306837,59.055848860881845,57.80326674938504,55.99277037774473,53.83414984497542,52.19841150375178,52.857057988311965,55.09431038243717,57.642448964682494,59.52441767273066,60.92159698905228,62.04730280256104,62.94688827695882,63.337472472018945,63.4540196368443,63.23434651166142,62.739568260450085,62.05542137495553,60.78104672033321,59.0453865459478,56.46232131302354,52.56864409822452,45.76398945124239,46.96688317998114,52.82397771409272,56.103162104591526,58.39259902603566,12.041199826559248,13.010299956639813,11.139433523068368,11.139433523068368,16.127838567197355,16.127838567197355,15.314789170422552,20.043213737826427,14.62397997898956,13.010299956639813,14.14973347970818,53.27696020426393,55.54222565542425,57.88702776132471,59.788709116859636,61.32203637584891,62.35049701711258,63.159136946558846,63.421592605686016,63.52371636302952,63.26022728272881,62.697708758896155,61.785479055873594,60.54111066340912,58.66835917060879,55.84014435797936,50.78895241360162,46.99360693585929,51.38978092861743,55.196718296196146,58.09288279943803,60.46733122163505,61.550930075304024,62.17978495023874,62.66912717769445,63.19557823792388,62.23229259917777,28.129133566428557,61.173568200405334,60.3288497669227,57.84720683772967,54.98615142447975,52.6755889949839,51.37252806382659,52.865687340572634,55.79194614102447,58.30530288398268,59.596828152084,60.842176135225536,61.451423102328,61.69997830687241,61.608765222074176,61.018329623045815,59.941411111261225,59.15848146038876,56.67199774150926,53.86186732047416,49.14559985732612,42.7932466544261,44.98420836797279,50.803414327279285,54.538959955451816,56.778632568008156,57.924365175827184,23.979400086720375,11.139433523068368,16.989700043360187,17.634279935629372
18.129133566428553,6.989700043360188,19.294189257142925,16.532125137753436,48.48287669095277,52.60262244714977,55.49744854945385,57.24617434868583,58.35211632563208,59.17792143826513,59.73599315331992,60.01278849688706,60.01184008498352,59.54482270308672,59.180958956169015,58.312380209675624,56.807750254396865,54.75171244148272,52.13623993416087,47.28394368394035,40.38620161949702,44.23655392573379,51.062929121756575,53.40689947148752,55.73578207111253,57.14304606826788,57.77126555147259,58.531047573016636,58.488846629289775,58.131070755853074,17.24275869600789,56.214099898339576,55.12050365203929,53.05224502529849,48.8990649157748,48.4393630088351,49.93594928415987,51.614428741396345,54.59906400306178,55.70389975911851,56.91372398509502,57.75234600671472,58.08718591311561,58.017013707127,57.65295929698056,56.69251778012837,55.57001634392705,52.904798133306734,51.04981897748486,46.92688324386456,42.67007369664355,46.00428325732131,49.42509063839349,52.39862320351488,54.45121385567502,55.28537490769655,56.119632186320494,13.979400086720377,6.989700043360188,13.010299956639813,10.0,6.020599913279624,16.127838567197355,0.0,14.62397997898956,6.989700043360188,15.314789170422552,10.0,48.70947895798416,49.10224071953891,48.61898659213566,49.47477835338856,49.5742050506115,49.93876914941211,50.052234248581364,49.95042570695854,49.96835521052775,48.9973844911919,50.62454121144494,50.41724201654211,48.062071165408106,48.154847701344025,48.51704647452388,50.41365047357256,50.169080439720744,50.50522821704601,50.179218981967786,51.56697525074205,52.00981751146598,52.84372071926849,53.716016239419815,53.76211850282673,54.11931007076561,54.92683577744274,19.294189257142925,54.284458189754105,52.05282876426814,50.728709247359234,50.15196235393436,44.419463726030514,35.72523097849638,33.75114684692225,43.632358044836934,46.96268996745533,50.18588166601496,52.33270315062046,53.438121720733555,54.144000350781766,54.43300546438387,55.04575515533938,54.78211412126181,52.76608841961065,52.80179856690861,51.05585115392631,48.277956029529435,44.709394375650504,43.80355982416796,46.39267294545039,48.71117387978008,50.04102021183244,51.17817963586081,50.19033163930999,53.34196315173089,55.871629819616686,57.76690290177487,58.874012244664904,59.79244171004086,60.36528293445093,60.54719125880703,60.404049246264904,59.73676842784458,59.219448948209305,57.787769073755925,55.610083105733196,52.481597030654044,47.69916166782944,40.181177205910004,46.60429067844868,51.81080044592311,55.343523392904245,57.34745439397181,58.7123307223729,59.63236584542728,60.18426274116366,60.318110604704614,60.06979617945137,59.78498700302844,13.979400086720377,57.32494279319287,55.24268866214246,53.47269502656694,52.68844644146709,54.01072973025948,56.391127954420845,58.516032006239016,60.15333764035064,61.42059239249126,62.22186152190028,62.933061922283635,63.15673581092806,63.20076876566241,62.9009451759761,62.27311976467274,61.386342146622674,59.80440174880403,57.857696024281736,54.76989498742818,49.73958686106704,42.84498410828046,48.34833818135888,53.7424412522404,57.04913723482905,59.10949203968424,60.515048336062065,23.654879848908998,15.051499783199061,19.030899869919434,6.020599913279624,13.979400086720377,17.24275869600789,12.30448921378274,16.532125137753436,22.85557309007774,18.325089127062363,10.0,55.186455243303115,57.71325796583387,59.535625478299856,61.173061041238405,62.11174490850023,62.891754179548926,63.29494898250843,63.36807230509572,63.23458366849468,62.55828287535614,61.90912143952838,60.600012779327386,58.52622092036747,55.93846299927067,52.17220655644518,46.83731278618886,49.52584202907609,54.24568047726243,57.82447540427283,59.843085358457614,61.11866139782553,62.095860507313134,62.63829150618409,63.211778082437256,63.08716763376657,62.37547759369461,31.832698436828046,60.21567177632795,58.776062851606525,57.451849134501956,53.26821098203759,50.934111779105685,51.844216870925386,54.540059381037906,56.98198011603515,58.94644982640248,59.988484629030395,61.06514881822386,61.4697129881897,61.68134929103268,61.46785184178163,60.76506822047808,59.971560686170974,58.44557317117936,56.65131455944399,53.52516314003466,48.67261193187285,40.23869501388332,47.712934426290595,52.21831377489635,55.230763043283275,56.74840022310861,58.0204610029207,15.051499783199061,19.294189257142925,9.030899869919436,23.117538610557542
19.49390006644913,13.010299956639813,18.129133566428553,6.989700043360188,48.98203934872921,52.66478652034817,55.36902964003512,57.14860984335314,58.39307061332657,59.1545998848357,59.74318220505531,59.9488396154331,59.83029229342836,59.8192818590492,59.00319053147327,58.11656093411746,56.958685165749436,55.031980591554856,52.4644441370707,47.1218654396046,39.78089173056142,44.49169732165201,50.132797265808655,53.296764707547226,55.67267573875288,57.06828688179734,57.81867343587965,58.58239345082854,58.59712171807801,57.82840830021344,21.613680022349747,55.998175956082164,55.34925509737755,53.17983985453151,48.65411959721528,48.41966057661102,49.1921411512699,51.478277599681704,54.21348868484776,55.8340963340803,57.10037779494005,57.72621647790843,58.20939985943654,58.061799739838875,57.65210180691792,56.580686624834364,55.13591784681516,53.63192523414264,50.548925368952276,46.511325785504816,43.14478175864182,46.12041744645269,48.81960670704853,52.32398862462542,54.09368342413739,55.479739676174596,56.240189636607866,12.30448921378274,11.139433523068368,12.552725051033061,19.294189257142925,10.0,14.14973347970818,13.010299956639813,16.020599913279625,18.325089127062363,9.542425094393248,18.129133566428553,48.019316776709154,48.352211530504974,49.09325984793958,49.92858256458771,49.91447598003803,49.97058573727401,50.06483156965472,50.218381877231195,50.25801333775761,48.799555851227495,50.811600094362504,50.455146520656065,48.02376865596947,48.491736330988275,48.64967680772843,49.975261750098994,49.33689708957894,50.19220176222453,50.79271714641203,51.717644710347486,52.04038544805531,53.028177756354424,53.61926055647423,53.9379273470366,54.23563693954573,54.88614163981458,11.139433523068368,54.270850617340436,52.093246338807646,50.495358719316634,50.18142712840333,43.81981000043464,36.602012013806814,33.84890796530554,43.79794843276982,46.834973176798115,50.17855215103606,52.506639194632434,53.506297969647406,54.14281266376789,54.407217915292236,55.09431038243717,54.615660517740785,52.98101686570038,52.65348565194829,50.986575676516715,48.01520329527164,44.129139258233074,44.48845395511141,47.26800535862888,49.284829072832395,49.20217274069266,50.34455987825261,50.07457582592959,53.19990410839211,55.9470186120636,57.60109467505512,59.01273011949822,59.73853535194024,60.43214868001531,60.48566868567106,60.38264793113147,59.88118196385152,59.10309507284359,57.79418264099037,55.48975044235981,52.526831619321975,47.547839408658945,40.086427475652854,46.36738571385955,51.97407381169299,55.286339313605694,57.33864650407429,58.77293580611991,59.60830716969724,60.23891698551328,60.24128397724684,60.06655977803267,59.588657300206734,23.979400086720375,57.23601780569871,55.36079697375239,53.32280873330318,52.647352047881704,54.12685616606915,56.33833917121883,58.56958963223771,60.13340377411219,61.347892161726094,62.353309495167466,62.89714897514127,63.15377874348347,63.11356458726451,62.762119555448955,62.34835042452658,61.21527344744983,59.94479927590432,57.78922162289021,54.922140354031946,49.4824175740912,42.9130223575985,48.64065879090237,53.971227665975775,57.0528369589011,58.97051682387428,60.40335273702929,9.542425094393248,19.54242509439325,10.0,14.14973347970818,0.0,17.853298350107668,18.633228601204557,6.989700043360188,20.253058652647702,15.68201724066995,15.68201724066995,55.44907282560586,57.57537227469368,59.56791081194968,61.03760631334374,62.18418907492334,62.79434223948985,63.31596122256005,63.356987519849646,63.18329050234367,62.75725867573664,61.86906916831767,60.575291768856225,58.702552129833364,55.86859497243672,52.01074698066569,46.84854334578203,49.81274832706589,54.41181217601826,57.731081529695636,59.7856623291673,60.97274320095387,62.10205583226097,62.613982523791094,63.178766317275944,62.73168240668072,62.159657374923356,35.47651658359969,60.00619730138076,58.942833785790484,56.30575327039566,53.82343091527094,50.63051745747089,52.25567713439471,54.040430601329064,56.97070595686284,58.8815982942803,60.27172183650811,61.00565244628494,61.472077753943694,61.61711109063895,61.3717966215535,60.85028209393208,59.7907695039069,58.71547834467384,56.36834792163418,53.30342738068733,47.98298371951381,40.78674273360466,47.47955306906729,52.00615237117659,55.00820814310125,56.76922125537481,57.98314955936105,9.542425094393248,16.901960800285135,19.294189257142925,16.020599913279625
13.010299956639813,21.367205671564065,15.563025007672874,10.0,48.51704647452388,52.71423367743581,55.74754489346815,57.41058582087629,58.49011341608545,59.265327946665195,59.79344381385465,60.12622976141661,60.10863664526806,59.40483114693801,59.28339513233456,58.29027023001764,56.2237568723872,54.142193599522265,51.506704932257804,47.08701273759679,40.78674273360466,45.4084231521158,51.58368523921166,54.058942194590884,56.03621725810763,57.29035940687873,57.97224594117402,58.4338042558291,58.32106365139072,58.16788630132522,19.084850188786497,56.16161363897816,53.99133545531753,51.60798553538355,47.98961237880703,48.48804701051804,50.936737829691225,53.0525676034425,55.45163565222715,56.42037930568261,57.397589955875645,58.24303552262366,58.25984045117664,58.0292142868887,57.412311990749856,56.802421164589234,55.3638797378533,51.91590726379211,50.58129813590524,46.39735439967236,42.361592305796634,47.53253574809567,51.14243913688907,53.70834944059486,55.03704904830024,55.48739415472156,56.262191997672744,9.030899869919436,6.989700043360188,16.127838567197355,20.170333392987803,10.0,17.634279935629372,0.0,11.139433523068368,9.030899869919436,17.634279935629372,15.68201724066995,49.48227079264997,49.94497521225448,49.42900541140294,50.07803234462482,49.95468463704601,50.32284249477789,50.11303949461117,49.67421600602861,49.396639933238085,48.69055618701908,49.62284078657889,49.661417327390325,47.375186388892125,47.410648889385115,47.6259604743806,50.283922930053905,50.75842473041015,50.98747528824818,50.81966258333034,52.149206372340686,52.824431022600365,53.290010356977135,54.32536383264256,54.1881981437366,54.36488643225231,54.963885176420284,12.041199826559248,53.73136453124819,51.19104057678409,49.16696033140703,47.94348603896083,39.71739590887778,22.09515014542631,41.79321944913777,46.44340098826323,49.65582659059385,51.749577200843845,53.56203747569683,53.97971276749097,54.20978355694903,53.983150770981645,54.51408757419385,53.80229336938037,51.172083018113966,50.61248855820868,48.138344198368024,45.71964908538839,43.64382122338207,45.88697386938116,49.469334560223615,50.940831300525915,51.8900999416934,52.24590032504396,47.2296280894249,51.043675956010155,53.89609016051986,56.35262521993581,57.988805052134694,59.17566947110431,59.99204513005313,60.46994335519324,60.67285531270184,60.33425766104897,60.00847349954994,59.052182353937006,57.49372963600887,55.35882487883732,51.988357156651105,46.54465333520146,39.093420383613086,47.53644330687859,53.01431532377629,56.00059809237831,57.95692361591331,59.30558346856249,60.069556845292794,60.53344703506683,60.64444885316413,60.50582740521281,14.62397997898956,59.023619338198614,57.35426424998563,55.60410019066164,53.92846381116516,53.14989453439758,54.58361323130022,56.86522765955759,58.69800038734303,60.53306676353354,61.52782608214555,62.37634458011857,62.81797825419489,63.05059950396392,63.03223064944014,62.57743114391439,61.95198960499839,60.70847302044918,59.089142756576436,56.60535364626781,52.96605964248498,46.81856052500322,43.38556091009445,50.95350705633987,55.378505645477205,58.24634058155692,59.924938700382654,18.129133566428553,19.294189257142925,17.16003343634799,16.901960800285135,13.010299956639813,0.0,23.443922736851107,13.979400086720377,14.62397997898956,17.16003343634799,12.552725051033061,53.87368467068485,56.43107077494116,58.816687670415895,60.571181365951404,61.65203952376168,62.568235412698556,63.13178972102464,63.35804796499437,63.36159626758879,62.77004907011577,62.34174217381636,61.255856790122245,59.22855156211904,56.90226213702224,53.42268676385313,48.478501734642485,48.03634621137648,52.82678746441669,57.247770674986505,59.218970702419,60.79521671846006,62.09250067724633,62.26347502916157,62.476649796407685,62.923065883886416,62.53951207054609,36.85741738602264,61.196269930590866,59.642832068903154,58.06631676693293,54.505831709485264,51.31185436854483,50.12419595290826,53.71621927176022,56.61685879530745,58.46797764304189,59.81754296031316,60.85633738668157,61.32462697166089,61.50529565330582,61.45120856551805,61.00882090798137,60.2530586526477,58.40008178883234,57.08293397717032,54.343900400671295,49.731509537556526,41.684090835196265,46.904176023398215,51.982610937820475,54.817707336938625,56.55784591467406,58.030034644307904,12.30448921378274,13.979400086720377,15.314789170422552,20.170333392987803
6.020599913279624,19.138138523837167,15.314789170422552,19.030899869919434,49.40242474237714,52.741509189772906,55.28921839826911,57.20536355459898,58.31371232866017,59.25618362248497,59.80391107550532,60.03503614742536,60.07075338421349,59.54979701482608,59.299014907914994,58.37919713895677,56.37411669572379,54.49591008022655,51.45445036137805,48.86829004676982,44.11703863405971,45.90908678454397,50.36329416337374,53.61608860799113,55.45189556465446,56.67170803335694,57.82329268996837,58.08027220060723,58.106357002755374,58.55788613263799,14.14973347970818,56.81684353523791,53.86513233718139,51.33299341673748,50.08549075287724,44.973858325374465,48.45693235834101,52.259937898461224,54.467933811434996,56.217006510017704,57.41505353507386,58.15377156236696,58.20351892485295,58.12722225018777,57.63627124338484,57.20861878255128,55.96883965063009,53.481061716975525,51.159764294548175,46.90169489756442,38.19346484080453,42.149762347220666,49.47713031435579,52.27261796307933,54.034911440474154,54.905090798844434,55.94773634011415,16.532125137753436,15.314789170422552,14.62397997898956,16.020599913279625,12.041199826559248,10.0,6.020599913279624,19.54242509439325,15.68201724066995,20.043213737826427,19.138138523837167,48.30774663415485,49.325650786827254,49.612311970446626,50.148941904385225,50.41116227969485,50.56008671155474,49.96064889624239,49.28503388283109,48.96553773371796,49.963233786932534,47.174791050267416,47.296911336964804,49.89062517769405,49.58988892012759,49.31508721866617,48.32061614590727,48.95162775735844,49.2947001617749,50.250968619762006,50.81491328525699,52.029076963775516,53.062534205221176,53.76741155018397,54.6017742876456,55.05243612972943,54.601458174917504,16.127838567197355,53.567236112894676,53.78506915168323,52.67101296559969,49.1144526685177,48.04125796501759,43.164316693669306,26.19093330626743,39.1301868374796,47.130703258556395,50.14369307387796,51.81343289794601,53.25804959813115,54.20872907620718,54.6219577925801,53.82650902016799,53.54400432829773,53.253617037224565,50.701117827821996,48.63382348440788,44.98324340697171,44.24816324279354,42.64534495078272,45.44192110765032,48.2629513504488,50.80987046910887,51.52630751493582,50.509053868391035,53.35788761183561,55.4355651657327,57.329226335358506,58.587212224417236,59.55099635943775,59.9954157746116,60.11263326469218,59.88983679972749,59.61084919733929,58.433903915370735,56.985007128325115,55.197256404176336,51.912777092480546,45.87621179101308,37.03978825008386,48.39012707108998,52.96814316295745,55.97071811313231,57.911360258157586,59.262981916156534,60.18055233674717,60.50847444082255,60.886707393634374,60.71990935311187,60.067829829377516,21.84691430817599,57.758200819140455,56.63177761301496,54.8068517796926,53.24449142987809,54.27421187280595,56.299475462804395,58.09679549911128,59.885950722691504,61.13155897681522,61.97899159329978,62.5709704690084,62.94355544124899,62.977294420702385,62.64950451396574,61.89528772464484,60.89998668871747,59.53338719701331,57.14349881031164,53.69056215570556,47.82250403478937,41.67465028843088,49.47262126966335,54.40375327285029,57.37055810435359,59.331576456344465,60.68374757319538,6.989700043360188,0.0,23.180633349627616,15.563025007672874,19.294189257142925,21.84691430817599,6.020599913279624,23.54108439147401,10.0,19.912260756924947,12.041199826559248,55.15449934959718,57.47419576948988,59.48526415283367,60.9083978004538,62.064548138864026,62.70895114493625,63.12690291287507,63.255669711169915,63.07058742150102,62.45399144192987,61.775076421949166,60.42974187337948,58.20349265281736,55.307131175745916,50.68055925157527,47.575250831511475,50.274189262442505,54.57048826585631,57.866222500034795,59.95637387998485,61.300341628319515,61.9853392776654,62.70167161822462,62.749372624657205,63.07313938360073,62.56499341462798,30.622058088197125,60.67467010889281,58.087887471761036,56.500908076168265,54.701884353449344,50.647723645226975,51.78361020545705,54.26870584887895,56.90511493699371,58.85231138402642,60.222687293458996,61.04925281797155,61.30646669474891,61.37299029714715,61.25614624053042,60.947882609256624,60.04535028504088,58.262439501448085,56.79565976670112,53.85366720050418,49.477179300000756,42.61999948651827,46.56146134740865,51.6867422956708,54.87677019148837,56.81964458994683,58.162691469894305,20.0,24.424797690644485,18.692317197309762,20.043213737826427
12.30448921378274,18.129133566428553,16.532125137753436,16.127838567197355,19.138138523837167,16.901960800285135,15.314789170422552,17.16003343634799,9.542425094393248,12.30448921378274,15.314789170422552,15.314789170422552,16.127838567197355,21.13943352306837,12.30448921378274,0.0,10.0,18.692317197309762,14.14973347970818,14.14973347970818,9.030899869919436,12.30448921378274,18.06179973983887,16.020599913279625,17.16003343634799,6.989700043360188,19.084850188786497,19.86771734266245,17.24275869600789,14.62397997898956,15.68201724066995,3.0102999566398125,16.901960800285135,13.979400086720377,18.129133566428553,13.010299956639813,3.0102999566398125,15.68201724066995,12.041199826559248,16.020599913279625,12.30448921378274,0.0,10.0,15.68201724066995,6.020599913279624,13.979400086720377,16.020599913279625,11.139433523068368,13.010299956639813,-inf,14.62397997898956,17.24275869600789,16.989700043360187,14.14973347970818,18.325089127062363,0.0,6.989700043360188,6.989700043360188,19.138138523837167,16.989700043360187,15.68201724066995,17.853298350107668,19.030899869919434,17.634279935629372,14.62397997898956,11.139433523068368,6.020599913279624,20.0,36.72559627763276,33.78942698613437,31.476763242410986,28.175653695597806,27.723217067229196,24.232458739368077,26.848453616444125,32.10853365314893,36.207604899942055,36.41870545476313,38.2020145948564,37.84545974054523,40.839324016386264,39.54483717155552,39.59470702075107,38.32508912706236,36.73665876245702,39.066582176716,35.5834850876162,35.289167002776544,29.934362304976116,30.289777052087782,27.788744720027395,27.752462597402364,29.566485792052035,32.889196056617266,13.010299956639813,36.326597132939135,34.63743721247059,35.39076098792777,33.81115080709851,36.48652695131223,35.118833609788744,34.84299839346786,31.613680022349747,26.82145076373832,25.390760987927766,28.068580295188177,31.832698436828046,31.975562131535366,33.979400086720375,36.04334073102911,34.7552591503928,34.72610197596045,37.50970984437319,36.99664320202373,37.09693869727792,36.71080232738849,33.86320573894046,34.97067936398505,31.922886125681202,30.433622780211294,26.5991620006985,54.323679136974405,57.614865574537916,60.19251337109918,61.93121536010779,63.33224124837641,64.21330103436905,65.01566692900396,65.30156779076088,65.2991840465123,64.96713000045135,64.32331804571986,63.18087763340327,61.45285929320974,59.05973877649214,55.59077923649489,52.360230588591904,53.617674871818934,57.4378640214863,60.30862728438236,62.162210766210215,63.62603095355173,64.44445318132212,64.81793648812109,64.84089760885749,64.46827997271255,63.77189099634582,28.2865989653532,60.78008879543502,58.23654821604488,55.29361046526016,54.3143614054144,57.30247554521335,60.55403180260336,62.904976119201265,64.82544309313285,66.15153711335294,67.10641926510417,67.69541632614019,67.99286086889475,68.03918274463649,67.81074686087098,67.28882244339437,66.4087927515136,65.10786217922839,63.29427577172023,60.74898685599857,56.828956395019354,51.039575775710446,52.51905770472128,57.802380803808006,61.22252914638057,63.46256323393091,64.85226247276546,65.38157964294057,65.66851671675823,19.294189257142925,24.969296480732147,14.14973347970818,23.117538610557542,19.49390006644913,10.0,9.030899869919436,24.74216264076255,21.613680022349747,15.563025007672874,9.542425094393248,21.13943352306837,23.979400086720375,13.979400086720377,3.0102999566398125,21.335389083702175,24.62397997898956,6.989700043360188,0.0,6.020599913279624,23.673559210260187,16.989700043360187,14.62397997898956,17.853298350107668,18.129133566428553,22.671717284030137,20.374264979406238,24.62397997898956,22.14843848047698,14.14973347970818,24.668676203541096,28.382192219076256,28.836614351536177,41.6283314387816,35.461723683169424,37.73054693364263,33.51989455435632,24.29752280002408,32.55272505103306,37.617023675414124,36.68944734457734,27.634279935629372,20.644579892269185,15.314789170422552,20.043213737826427,21.613680022349747,22.944662261615928,18.325089127062363,14.14973347970818,18.129133566428553,15.68201724066995,17.634279935629372,17.24275869600789,17.16003343634799,17.24275869600789,23.69215857410143,14.62397997898956,15.314789170422552,3.0102999566398125,16.127838567197355,18.06179973983887,18.129133566428553,15.051499783199061,14.62397997898956,12.30448921378274,9.030899869919436
15.68201724066995,12.30448921378274,20.253058652647702,21.613680022349747,50.111685247085475,53.223226858740105,55.37693194367391,57.210402339592136,58.357083233128186,59.26269371975329,59.82316469692066,60.004236646995786,60.00473123179959,59.61053093144075,59.01879333867232,57.95240264893308,56.38037755430855,54.5136267663651,51.31900832003299,47.380349611412846,43.69679599559816,47.44488567220512,50.874690676505395,54.166421712986256,55.921434342902145,57.22173886135597,58.32552339983099,58.411942319014045,58.470078325581404,58.385676522710206,13.010299956639813,56.51458286340702,54.11006547775393,51.518293401318715,49.87889609997745,45.602056229700594,48.880783527672264,52.54685811445353,54.41363594527808,56.35049235040895,57.41977627521151,57.91787459939015,58.082683797535,57.82433206211642,57.38606964503815,56.1020220940222,54.37436616134682,52.47727832909723,47.41506141058163,39.59851954799605,38.737273806466796,46.04452864099684,51.02605194126567,53.31127540027252,54.67667289895786,56.21228227768985,56.70383172352395,0.0,13.010299956639813,13.979400086720377,18.129133566428553,17.634279935629372,13.010299956639813,18.129133566428553,18.129133566428553,13.010299956639813,10.0,10.0,46.73721114769751,47.826589151715595,49.39364476433419,49.900367863183995,50.1263478787029,49.76670880624812,49.537451989058084,49.57707828719117,48.87223331362523,50.783843087481905,48.17538927690498,48.607511385497226,51.32275703044142,51.29680226784287,51.026874845340835,49.04747994463551,49.49121539452631,50.07798968832212,51.44418518602069,51.6408208099412,52.531562034054005,53.479190849983944,53.467147358059194,54.5884324062221,54.58639359612525,53.48526822332176,9.542425094393248,51.875573805116595,52.1192108430851,50.37765035967824,43.51989455435632,42.263420871636306,28.488047010518038,41.25351120514752,46.85741738602264,50.57228546736614,52.2742646845585,53.5685538958925,54.73376010073699,55.23291129186789,55.286339313605694,53.92345155361205,52.95157900797251,53.123339451250985,49.53281172881823,46.26720080664835,43.84622188451544,44.88846725473783,46.170527889782065,48.22880418022891,50.34901058262286,51.52609358956373,52.13953161264487,46.93973038004042,51.10252917353403,54.05238755212845,56.39472543809032,58.12913356642856,59.339694008520986,60.0648529625758,60.56769589449361,60.679437771913776,60.711194827116834,60.0264114900004,59.08976405029072,58.17047477056672,56.232699705951326,53.264014098658464,47.79055089381888,42.52610340567373,47.73727950202749,52.29622976966759,55.47633198298535,57.47167011247976,58.87261618310575,59.701803802673496,60.22788690216388,60.2645154573824,59.799783591393975,15.68201724066995,57.95455243395214,56.884064725819115,54.924698312338606,52.503150757991605,52.93397915672395,54.63775071728131,56.908762372731935,59.03659624756379,60.62100797719115,61.75390321479834,62.54612116926802,63.131196329514616,63.35983950888916,63.3274054299141,62.73009147198942,62.00312219279696,61.19762820218702,59.29687083618755,57.042964015481346,53.536354540576916,48.01575198462586,44.18864514207728,50.85793454778903,55.029635110292254,57.733651066198384,59.40644463415849,6.989700043360188,19.294189257142925,22.85557309007774,15.68201724066995,20.644579892269185,25.105450102066122,22.14843848047698,21.367205671564065,15.051499783199061,9.542425094393248,17.24275869600789,54.44460145196988,56.673894385150916,58.89621001687689,60.549575960124066,61.75813801035544,62.636770110425516,63.253304945825576,63.41528693945742,63.38839818366924,63.05735184915906,62.30629754603373,61.20345208362602,59.59053323324292,57.37195824337639,53.781797903809505,49.682260317537924,48.91297665391045,53.16540637999268,56.423903178074674,58.931850933320185,60.3917806853855,61.681039653097244,62.69416734999435,62.71075923395279,62.903260476461575,62.36565978387819,42.08978517276253,61.02552382901332,59.07155976444602,58.04548308388056,54.173753571658224,50.44669088768679,50.15715932006951,53.35716594934388,56.61708593776292,58.57573704147495,59.97632735125136,60.990567147382386,61.386982786697445,61.67124666165317,61.43320261153686,60.93746933964233,60.037900055926244,58.69996929388012,56.9245385029846,54.03003778115695,49.59847191205619,43.63687175889545,45.32907183010459,51.11833578148847,54.448501492839455,56.89537048003264,58.068919045222984,21.072099696478684,19.030899869919434,18.692317197309762,18.325089127062363
9.030899869919436,10.0,6.020599913279624,15.051499783199061,48.86502005402139,52.64168256051684,55.419484868386476,57.206264356746544,58.447933065693654,59.25296617548857,59.77744176645515,60.081763149849166,60.07732846204891,59.833452351833635,59.21324846323727,58.22005842696163,56.77521180214738,55.01051042055127,52.355486461811466,47.335583580496426,39.91447598003803,43.6969813894988,50.6302545252849,53.50577491817282,55.815457666661544,57.199938263676046,57.97606116955986,58.62900258572467,58.58119544772977,58.1949129059582,11.139433523068368,56.31258037971607,55.344145115949445,53.13234291694724,48.74881717897221,48.527056217558396,49.7483395504854,51.64129701982198,54.507124165589374,55.731327970586406,57.05932954505964,57.7770659480957,58.1758189491059,57.99188864576873,57.6231912822915,56.83983994764051,55.294367712002234,53.315042276567056,50.83090346109901,47.021978163460545,42.52610340567373,46.07079544728571,49.49023873857818,52.46796379081363,54.39068878523767,55.28285358198815,56.03588187510517,16.532125137753436,-inf,11.139433523068368,12.041199826559248,13.979400086720377,3.0102999566398125,17.16003343634799,6.989700043360188,18.692317197309762,17.16003343634799,19.49390006644913,48.56275634663986,48.79972761888481,48.68932305480736,49.24981860911053,49.79844176893234,49.90893580219904,50.04600780332984,50.11253170127497,50.21891873919109,48.83786312343403,50.72812167311912,50.53232148840502,47.99402587091271,48.262562609882025,48.37234798784421,50.56371179475529,50.05017406876179,50.34331607351681,50.201001301716836,51.65294788034227,52.0495519589851,52.751477433122176,53.76454680473549,53.9243313155555,54.213159468116,54.99858842352461,12.30448921378274,54.27130543208961,52.117877629008916,50.53712127760186,49.84338252838107,43.737393183514456,34.97620649781288,34.720246977002816,43.90316768470841,46.98570269506439,50.366967485740645,52.431298612426254,53.45305100726491,54.317914140259816,54.35630987105664,55.059337151284275,54.70441363893866,52.931061016038385,52.565541934531,51.076745518807726,48.413094048046865,44.64802412891318,43.69215857410143,47.07229419327294,49.120519201091426,49.77211292898241,50.87113851388648,50.15057824198016,53.31095121523754,55.98568379993303,57.67993950525149,59.000201007419484,59.81446195129632,60.3592779039812,60.523907146998404,60.45883287451282,59.80621403346539,59.143272873599955,57.797760875498454,55.4652415621667,52.43583675998191,47.52586178740409,40.39572736592766,46.50987094383445,52.13172309046819,55.389819496110874,57.376608873504736,58.71764356512722,59.66068952971157,60.25846348350869,60.30783034065702,60.053632896979295,59.625932924079976,11.139433523068368,57.34719841655679,55.37647861177017,53.436999952642886,53.01336065396815,54.18163687682912,56.51476697045757,58.57492914483906,60.187570697417115,61.48203957314185,62.35888105869799,62.954637365711605,63.14466596769252,63.12899099010043,62.790335163794346,62.35914595278238,61.29759798963317,59.9275493427603,57.78643172093456,54.855652794828586,50.02882812105568,42.81601443825656,48.02862626873459,53.65002876683913,57.01447954687181,58.983000010240545,60.47860672295542,20.253058652647702,17.16003343634799,12.552725051033061,16.989700043360187,9.030899869919436,17.634279935629372,18.325089127062363,22.278867046136735,0.0,6.989700043360188,16.989700043360187,55.29282741028727,57.64451870420518,59.6777863389935,61.097516228004224,62.209888644240614,62.90751162594048,63.32521876843969,63.392737119163826,63.260153480789526,62.667419163788225,61.9899834129324,60.62824444621779,58.62673312591335,56.004032590787986,52.03796855957368,46.57180192506786,49.720639160080225,54.45736495061577,57.7664671220099,59.753490778714465,61.238111484660855,62.29666742836315,62.75690188959171,62.854900219042655,62.503975550477044,62.49049815511932,38.588979572320035,60.41231571505649,58.846554838796905,56.27366880870963,54.21883496192106,51.91207808542305,52.337700392102214,54.417453946616654,57.25628268847445,58.80898728511531,60.069595310600675,61.0592214330142,61.49328750471584,61.57433194098746,61.42444531668655,60.94639153773066,59.913257747156756,58.45894549740223,56.60366416484658,53.63265910509973,48.64985460659794,40.68779363009561,47.35511073919522,52.242973349708386,55.01591870994493,56.81082871975279,58.006194884950986,20.681858617461618,18.06179973983887,17.853298350107668,12.041199826559248
12.30448921378274,17.24275869600789,16.020599913279625,10.0,49.37517892017347,53.008388640399026,55.78341174838012,57.52025387323212,58.68579201171215,59.42341959126673,59.972509193192764,60.22498067176264,60.159127513708285,59.36972926907313,59.3333794180912,58.15920931116432,55.63046573620393,53.29422288669372,49.575977104499465,46.4033234004778,42.027334580454436,47.51440779278283,52.23360933051776,54.79261387673398,56.397503724720735,57.48976021495611,58.42262164565085,58.23914821024505,58.085762210252284,58.40961915355416,17.16003343634799,56.3188696963403,52.682619638646045,49.91779669753309,48.76246715594605,48.32738772474437,51.27500020916101,53.93878664679746,55.75383002581531,56.82296736943922,57.74009384074927,58.2925036741122,57.92307624366159,57.50937848569413,56.801804453237146,56.49188770977882,54.723497476123995,50.38810844100614,48.209760595015105,41.83725258045578,40.76749640624001,48.17889151872296,52.91317780101867,54.60506952138215,55.78502826963956,56.11665964608005,56.750089409795486,11.139433523068368,15.314789170422552,14.62397997898956,13.979400086720377,13.010299956639813,0.0,15.68201724066995,16.127838567197355,10.0,13.979400086720377,22.87801729930226,49.45044916808196,49.90134537345504,49.54512653080978,50.32078578473196,50.312993719370255,50.05695181118511,49.1048032754076,49.01420175914501,48.262562609882025,49.696255532890035,48.56275634663986,49.08012936288469,49.169222076420986,48.95560658453326,49.010439910613464,50.62826323631087,51.10219223689404,51.73165864836526,51.523984332551166,52.475927853658874,53.287729409207564,53.76916231112205,54.3192958673114,54.519030501867135,54.38488553059586,53.7408265085623,13.979400086720377,51.53131646769947,50.21462198413466,47.87460474518415,41.37670537236755,29.079485216122723,38.87448500249954,46.115640020881244,49.54174947264946,51.91520876040193,53.13978941956754,54.232868431818645,54.71461874204489,54.740675874987645,54.372335398548216,53.375630802050225,52.12158295198415,50.59203565493851,48.108035824848656,45.694324359249386,45.2200058318427,46.85786508921555,48.8595457649608,50.55901768837651,52.131297733793076,53.25384287885506,52.955099232544136,44.60612226534828,48.116085149545114,51.43570591354249,54.506570302927805,56.697871890056916,58.4133005758474,59.650854658225335,60.35327656978328,60.730067708393705,60.93724184974828,60.6081904824555,60.05750900286472,59.11036095862691,57.67711555835193,55.5614443707026,52.216776038725605,46.859207921945355,41.95013562875828,48.30697709739533,53.18766406140032,56.03399892194686,57.95844577468386,59.23107697179263,60.12121525170018,60.54252908079614,60.455643168492145,12.30448921378274,59.40712172182259,58.4560958569483,56.91677243158824,54.72061314578335,53.267453795653225,53.14206512127193,55.09525098093818,57.322272483548346,59.468200804423844,60.88633558329599,61.94669993988882,62.62636396633799,63.03456340030482,63.1863922833432,63.02584589951478,62.5049416761771,61.7136190276338,60.32122543794149,58.52909805611592,55.73567773039218,51.63447628628096,44.47669577022793,46.291750575404066,52.58512770317593,56.45738540637951,58.7790380765029,13.979400086720377,23.117538610557542,23.117538610557542,19.86771734266245,21.13943352306837,20.969100130080562,18.633228601204557,22.50420002308894,21.84691430817599,24.487063199050798,20.681858617461618,52.96265806700012,55.22742789829364,57.9049627696711,59.82481995669616,61.399552386117236,62.26678509260903,62.97132792040366,63.40215802349697,63.443751766879835,63.08846879861789,62.74940951945944,61.78365916865373,60.006305718825914,57.792414077901626,54.807253789884875,51.198264333821164,47.40836207057312,50.7160588491774,55.728030850995715,58.695708065245014,60.49963438472248,61.76561490081902,62.48156024167744,62.68346255154899,63.10332985183951,62.966779118327565,35.56302500767287,60.87872595886239,59.569004449451285,58.18548524507822,55.49504741998049,51.57595768477512,49.940530635876755,53.33054115504841,56.0655440343468,58.31752710065413,59.65576547555948,60.85346244291952,61.18656505881124,61.41249355918701,61.33075307123316,61.26946932801165,60.521415867607786,58.620705260977346,57.40433750050123,54.72782769397333,50.663147416691515,43.02157695941016,46.01940543920668,51.48040916703156,54.654497752358814,56.59083876372705,57.99709887348462,10.0,12.552725051033061,18.325089127062363,3.0102999566398125
15.314789170422552,15.314789170422552,21.13943352306837,6.020599913279624,50.040891146383004,53.016202348876114,55.130483787628705,57.04343589052079,58.22942447266246,59.21141575319004,59.771220338485975,59.94926145808694,59.94243664002003,59.93726251170617,59.01935401751457,58.19318175347141,57.202006628157214,55.48670666327864,52.71760313865201,48.249129707219296,42.98525595321999,45.36065794512006,48.996563803056354,53.17981897112367,55.26542159260892,56.9958453034059,58.02419305845128,58.48869286788252,58.822426958421545,58.66930917752942,11.139433523068368,57.34966157314918,55.85191044802442,53.84507531755244,51.70886297979714,47.71161060438499,46.27775375229304,49.91447598003803,52.117237540848635,55.161451929750534,56.36848822579147,57.05183526146756,57.530350580003486,57.63039950356415,57.353593330017105,56.34976774127753,55.02346535859472,53.82251246146584,49.82058557634054,43.97053143018109,31.958996524092342,40.433622780211294,47.996437603637396,51.18016581440179,53.497533389748895,55.70170360918003,56.479000985551586,17.16003343634799,11.139433523068368,17.634279935629372,13.010299956639813,17.853298350107668,16.020599913279625,14.62397997898956,13.979400086720377,10.0,16.989700043360187,21.613680022349747,43.44195715871435,44.35414316217528,48.030540454150255,48.500393917493014,49.37407549148699,49.51580344903392,49.388648221233055,49.929465465376296,50.08502231571346,51.1696950534353,50.12364725222238,50.5032174332882,52.280434335098406,52.25167078706213,52.085380944344166,49.460983968718956,49.16101105493798,48.73215939932279,51.015718090086004,50.07004832081535,51.281827137663086,51.94960894408144,51.962010643422104,53.121477252011445,53.78588657879494,53.53296741833921,12.041199826559248,53.13567749100542,53.489781789100135,52.25590964752422,49.53281172881823,48.259451432038475,44.7111561002987,34.089180208467795,37.936507177071725,46.316872303753755,49.44013578266629,51.885713440800785,53.68119458615028,54.72266312061757,55.34526145637935,55.04155391699915,54.868058077738,55.39226695042995,53.44443364148307,52.21205517674004,49.89667800140968,47.834819375807136,46.97447307372525,44.453083464235846,45.861482879084534,46.832001856354466,48.75871190727366,52.68037107075885,55.29169750839416,57.179507903912594,58.6092764758091,59.62823757282117,60.09488714317275,60.25658483913009,60.14685572901282,59.81446195129632,59.302891968123106,57.68011733020802,55.954311830105354,54.07350107769621,50.77338830203346,46.88793439285537,47.67638147621918,51.826114955927366,54.82079985819567,56.75897435644324,58.212809253402106,59.13964769972536,59.722778379859676,59.68810180544693,59.66106518245298,59.10513949864221,57.837106754009184,11.139433523068368,53.936945081931746,52.14340410319735,51.06343910647023,52.96366784486504,55.939436580077384,58.32131934810809,60.05211409826316,61.512181118381555,62.3594057855678,62.95840784154607,63.29178133827998,63.539694811180105,63.364281112557386,62.888733826581685,61.96348652226802,60.663755029322076,59.20403543726411,56.51062752232491,53.138503542365314,47.2657236725846,45.900500691470285,51.64644270726158,55.47056849876553,57.975839687146696,59.46032014483545,60.56100280774327,22.04119982655925,13.979400086720377,3.0102999566398125,14.62397997898956,17.853298350107668,20.969100130080562,13.979400086720377,23.384564936046047,13.979400086720377,18.129133566428553,10.0,56.96269870752466,58.97667770134198,60.57556946133032,61.7515942224057,62.722538744316275,63.21351908229735,63.52408292545685,63.46862873203314,63.21094878951588,62.60174461036329,61.49603954933024,60.127908412642554,58.14623776907435,55.30793724329804,50.66270004017423,47.80929070636497,51.93906181494982,55.802690492887436,57.997133311864026,59.94433740907179,61.32033195230602,62.22996461805213,62.45221642375047,62.49237747949251,62.55512265972652,61.79587693656168,31.51676230847048,60.83276455491057,57.869926298617884,56.055086749640864,54.04149249209695,49.925093350677756,51.5454569242091,55.211655532693754,57.41411624766546,59.31236598756499,60.3661173081091,61.17734185823606,61.62526770019681,61.72911322541743,61.38894199074315,60.7131226632773,59.70500293646201,58.452996299439555,56.06691925097487,52.96860359577215,47.99464615868339,43.41652111943532,46.20479605335129,51.500099785165865,54.83811161211342,57.162321231501835,58.28497489007035,6.989700043360188,21.64352855784437,18.692317197309762,15.314789170422552
11.139433523068368,13.979400086720377,20.043213737826427,23.010299956639813,48.18291890799996,52.4653058544567,55.66349092191664,57.333016116877,58.40538918001835,59.26447920035849,59.82727906838392,60.07478500216849,60.108920424925685,59.446504353387375,59.36515753096841,58.37869250111293,56.49669701125327,54.470649582664834,51.6015627911373,47.764178560571466,40.3981055414835,43.183346842261365,51.23649140697354,53.804590807476956,55.85191044802442,57.37372368428737,58.05339072023129,58.627465915805416,58.62947300772329,58.68480445108013,18.573324964312683,56.97993481883982,55.029635110292254,52.89769499469651,50.26435200135878,48.721562727482926,49.60232873128512,51.57870616428693,54.30940522996049,55.48512256341035,56.58631374609514,57.483431044875495,57.76466543494252,57.641888396161164,57.16992741260793,56.70458308442072,55.479321547292805,52.10725062456114,50.96440721504549,46.44842167737337,41.96811542662677,46.272121874933276,50.491753666531025,53.21411997974006,54.96644635261742,55.35452361794167,56.31428548145449,14.62397997898956,6.020599913279624,20.681858617461618,6.020599913279624,18.129133566428553,13.010299956639813,19.54242509439325,16.020599913279625,10.0,15.314789170422552,15.314789170422552,47.61363941589214,48.06430977932398,47.54233630120203,48.8651892519729,48.9753912400598,49.79225037302447,50.05952286887383,50.019758812442646,50.31763834300534,49.795574793147786,51.124173028700085,50.85483238054158,49.18371134693579,49.317476426782925,49.014583213961124,51.231261226969124,51.03670334452302,51.03180899806526,49.71285128435586,50.94502572799651,51.45830131597571,52.33283005530542,53.30342738068733,53.32327347114503,53.69699992845361,54.420483961181574,20.253058652647702,53.794813759393,51.72407337909087,50.26749744968129,48.790098152631955,42.84498410828046,31.809855807867304,37.62978490867743,44.66467232740638,48.540022331269896,51.01973782451714,53.04546534363069,53.76074856070328,54.55983199375269,54.840178123595386,55.30252220318352,55.0660378596503,53.46169045051581,53.315022033277096,51.290353801110975,49.373824673136525,46.08365550303124,43.25515663363148,44.506339505970054,47.68230990620765,49.05779695178755,50.33910053790224,50.071757367851184,53.57668093043634,55.889805690698964,57.70583991343628,58.90410398857483,59.96653495176414,60.470087561578076,60.64167738616475,60.585125710268414,59.897260585576326,59.38269984090268,58.03820241570328,55.98883481774865,53.33594365581008,49.157796108230556,44.78883804186282,47.4074943414471,51.73585402690868,55.08664363052943,57.07979582370597,58.469800352404164,59.35767663668133,59.79282891392544,59.931998394307556,59.72577706961588,59.27791106535692,21.335389083702175,56.586084988450516,54.192169850150094,52.09515014542631,51.8698174857321,53.69900166990745,56.40047919998952,58.60626042958168,60.32409217607479,61.723863136847555,62.46898469499533,63.09755541214642,63.29928269314402,63.372695280089644,63.174241596365086,62.528772925637604,61.59303950261251,60.169030314070476,58.40402844625136,55.379827114450165,51.10000151133113,45.09215967772565,47.66769654867842,53.059572389325744,56.52784764403072,58.86477752546157,60.23658160467632,13.010299956639813,21.64352855784437,13.010299956639813,3.0102999566398125,6.020599913279624,19.138138523837167,12.552725051033061,20.5307844348342,3.0102999566398125,18.633228601204557,21.64352855784437,55.16374053445422,57.73239943063252,59.86584096430292,61.37319290446399,62.230328447371164,63.039138863212514,63.443586686038095,63.54091912582759,63.36544983291734,62.69743806095077,62.121004703288165,60.82860737199017,58.73335136193403,56.15811223485072,52.37563843903481,47.60460180960834,49.23471989301967,54.103283710814615,57.84189919210884,59.538142770418496,61.316879406611264,61.908295904587774,62.677427435358894,62.654428514948336,62.485835486482635,62.300361455208744,23.891660843645326,60.94342533281988,59.057187255509184,57.0393159785284,53.821701899714654,52.6651391990912,51.387856808165125,54.67005446218455,57.345150053903076,58.68808957236165,60.05397176545519,61.03755843334727,61.57735328405455,61.66996074388747,61.385833985564844,60.97321529149055,60.21522130603606,58.270136781624764,56.81289188077401,53.866808495823406,49.30036717064822,40.76640443670342,47.514715677497996,52.35174807456458,55.21573467990489,56.63069279064948,58.1896778433952,17.853298350107668,11.139433523068368,10.0,0.0
15.68201724066995,16.532125137753436,16.989700043360187,15.563025007672874,50.07645378232457,53.29934567487416,55.20490083136067,57.12814634875308,58.43463260627146,59.31344959788963,59.87760977262716,60.04500644499059,59.94433740907179,59.80371115567423,59.080929045507176,58.19487341967595,56.81422155721009,54.99308971921289,52.0113756264631,47.17953284719067,42.60881950463586,46.299190355035414,50.025720776920636,53.77803292009527,55.706701741953275,57.09023055463351,58.27638684709229,58.468200116355824,58.674780946503866,58.534018902423014,21.84691430817599,56.95943744075346,55.038900556910875,52.7974905078939,50.342152191669626,45.59966441093215,47.11174300366761,51.24275932006338,53.57852932860404,55.82864136272643,57.01520494991304,57.665147158902805,57.86610892373315,57.811469363715595,57.44725497137482,56.18585661141347,54.73815303931871,53.14947395704567,48.56275634663986,42.053397214315225,33.69215857410143,43.81548256191099,49.66803234338218,52.416311398466874,54.32502694578644,56.0336200683577,56.70936648236595,16.532125137753436,12.552725051033061,0.0,15.314789170422552,11.139433523068368,15.314789170422552,9.030899869919436,16.989700043360187,18.06179973983887,18.633228601204557,12.041199826559248,44.35111433126493,46.52246341003323,48.816413910114974,49.37542966032648,49.81999714129878,49.759370424831104,49.77526985390231,49.7354346853249,49.4234543079843,51.00759856892373,49.39599115524673,49.56614986067625,51.758595735437034,51.8802804133508,51.452896590541464,48.90007207924534,49.160168020454236,49.17111472493697,50.857791967997024,50.7468847308281,51.86956335465412,52.693354542947915,52.83744344851753,53.91799304818467,54.221382408789054,53.706185509532645,6.020599913279624,52.63309337330418,52.84498410828046,51.304945885234694,47.291971985194635,45.675086476987985,39.20384242178358,31.82414652434554,43.918169236132485,48.922337773373705,51.3134273235669,53.04630530707381,54.40786329321845,55.102983037750974,55.48259171687406,54.65295091299638,54.25534220498263,54.56639279342896,51.661487822790505,49.7350192493289,46.910549560078906,45.47393146068433,45.077074848798404,46.13725571785924,48.284665473526786,49.62312499521634,50.804424860004445,50.13026923576743,53.46290368932021,55.90303368128632,57.727008152733276,59.03368389075333,59.93408893334831,60.325853213054906,60.55733344308668,60.376057568272124,60.215547798339024,59.06404544913446,57.71205192319161,56.39571148518725,53.6530262140015,49.85861897560093,43.825213241896805,47.45855195173729,52.02163973621052,54.876953862856446,57.02775077901044,58.432240547352976,59.38422148058869,59.783855139975145,60.08863223443341,59.85678803556749,58.89967483710422,9.542425094393248,56.163505115153015,54.626764561051225,52.734365065031724,51.66586988080664,53.899736525900664,56.582480465243506,58.59071015482841,60.34205184242256,61.58725760159275,62.405235392850926,63.0207148690453,63.38718584934621,63.42019191797484,63.20566870107844,62.458986728482316,61.45452492839827,60.314197759605825,58.11340369861851,55.218543402574475,50.66672477072815,44.69704225231061,48.269554621774446,53.410980386240496,56.604717795,58.631229196567645,60.09370148613976,21.367205671564065,18.129133566428553,14.14973347970818,18.129133566428553,17.853298350107668,17.853298350107668,22.380461031287954,22.50420002308894,16.989700043360187,19.084850188786497,3.0102999566398125,55.64695647337275,57.92442821161011,59.77590553652811,61.26224947532346,62.278365908206794,63.05497757911824,63.48520009480409,63.483447851453974,63.34045402846883,62.831032629284074,62.010038961885044,60.73982511612763,58.88611887588604,56.281405447778646,52.40082255525336,48.41515888422295,50.53205254329665,54.71634902817783,57.564360281034666,59.60334236339343,61.27154706952364,62.30951900666733,62.76782695853658,62.816080291561065,62.68686765870203,62.34240319830612,33.51216345339342,60.51615908633021,58.096539698753276,57.244962386168375,55.33798740374074,51.265502328286146,50.92625917463781,55.16288079550803,56.68364481025631,58.954766913398686,60.285651530081026,61.156121756346444,61.49004992742113,61.72127515567738,61.52233595360238,60.87513449261857,60.00112901888685,58.69326784604077,56.576982099343425,53.53312143576328,48.68785458359882,43.14478175864182,45.89949601325707,51.35593744977547,54.801004068772016,57.000673817773816,58.19868219259429,16.020599913279625,26.074550232146688,16.989700043360187,13.979400086720377
13.979400086720377,12.552725051033061,3.0102999566398125,14.62397997898956,49.571761304048465,53.17549394242931,54.84371029328407,56.867801166542904,58.14493981286041,59.26025872615341,59.80916475835494,59.957689717864454,59.876506264689276,59.90073223364217,58.9606412049868,58.12743614555082,57.43349814565566,55.646849976587504,53.06982282551364,48.02541127388007,42.14048679411942,45.17591730711907,48.939613917934295,52.866921912895805,55.17135171679748,56.70366473678122,57.91660478888637,58.49616552255686,58.733281597526656,58.34019925074977,20.681858617461618,56.79897371318808,55.878927246689464,53.86778892703581,50.88809166461293,48.07873132003333,46.86886408025396,50.05635167864966,52.629088747933245,55.43443452216071,56.57965578558684,57.44691099494122,57.83306728722455,57.96205789708785,57.871947155206854,56.398936984012565,55.186415773767635,54.39459015669985,50.12347840729423,45.02208552047306,36.973165417323834,41.019188336804234,46.67125941485989,50.291889102805484,52.95087462052554,55.5199252706517,56.31297626657486,16.127838567197355,20.253058652647702,13.979400086720377,19.912260756924947,9.542425094393248,6.989700043360188,6.989700043360188,14.62397997898956,3.0102999566398125,20.5307844348342,3.0102999566398125,44.81456961417008,45.717670443256175,48.54391070158669,49.132892044689726,49.33735240708219,49.314426141745955,49.452124629902194,49.82063083727233,49.916247345340054,50.06145016376364,50.01603924149798,50.18671378328162,51.34081437462512,51.37967767484903,51.31390872653946,48.56614110332609,48.39465477163864,48.20766134972168,50.896296178217106,50.46300019652969,51.798389280231866,52.39534710403129,52.38359786408524,53.82602314862144,54.22488065803876,54.035271599625155,20.170333392987803,53.741487158089186,53.571569922708484,52.840357411097855,50.1040597262518,48.67991624758494,44.88621213129428,37.197454925295766,36.8304703823885,44.750461681277976,48.42565558371191,51.19796770372076,53.11927544114219,54.131337278919716,54.958896932490276,54.80307393795645,54.64741347339276,54.72557534917379,53.14113812748249,51.702617153949575,49.60170996630194,46.889979031063135,46.42840284520495,45.19736139308187,45.892121262776385,47.52893154884593,49.21733283144757,52.67465071529265,55.37579852517648,57.177902918547396,58.640670669025795,59.59360553048793,60.09014257164228,60.255884744184776,60.12162912572261,59.686813711272926,59.07588697309848,57.66293846020573,55.82746100803442,53.605801611338755,49.53411730320764,43.718986947787414,45.80069222725036,51.36546180350109,54.74934150885758,56.8411614002016,58.36134149465374,59.29190989039877,59.85527962278649,59.86378004451819,59.85484855146045,59.30261150754368,58.266060022944465,10.0,54.85080866700281,53.29342953400727,52.50561490943741,53.109671819053915,56.11315368110587,58.23177425086388,59.990596036299294,61.312451516515736,62.181690623918186,62.770836177829146,63.17726208332867,63.38579393504836,63.11623553164022,62.65426588568979,61.687063307125,60.51681845991365,58.71307257538923,56.20411957814162,52.36501992523307,45.936515182654304,45.505340865995066,52.025128373862955,55.89091329225085,58.256759761869546,59.7525575718368,60.835560075369514,23.05351369446624,24.14973347970818,20.0,18.325089127062363,3.0102999566398125,19.294189257142925,21.13943352306837,19.49390006644913,20.0,21.335389083702175,6.989700043360188,56.920586601997094,59.01956085162577,60.357498373196606,61.69916783847427,62.52258684310646,63.205421655688056,63.35764506643268,63.271031873828896,63.001383429788795,62.46209447313976,61.37842892319773,59.813881752136666,57.90066201901403,54.995138800323026,50.088768399047,47.221401254574154,51.752856198260496,56.007224783143094,57.99070927455203,60.26021451588988,61.59028201416377,62.353031613471394,62.30147365244535,62.574253625703584,62.90763169217903,61.86296486190802,32.762319579218335,60.193344218808434,58.01009029425015,55.97732472234923,53.86657672519276,50.741176443574176,50.967188813839776,54.881274962474585,57.19083403181736,59.38668800688735,60.304742319927236,61.132914215135585,61.59501021443384,61.79649726165874,61.53884650622452,60.60125327384967,59.63350007836682,58.51577529597313,55.86472527751975,52.822594830839826,47.6985714835456,42.815106014926556,45.91532057117499,51.66441955385509,54.915087686717136,57.07612751901304,58.207379186282594,16.901960800285135,22.87801729930226,23.117538610557542,16.020599913279625
15.314789170422552,0.0,19.294189257142925,14.62397997898956,49.837931179621,53.26149402049793,55.03785237324206,57.07165497656838,58.27307872916391,59.26396472791869,59.759485182452934,59.950105020490135,59.937645828764644,59.8016205334909,58.84674174917747,57.95859170708621,57.20604123967783,55.22457275186834,52.459097669617435,46.40541061410289,41.51369850247461,46.63559591825922,50.12942623196626,53.61081578407724,55.61065588672712,57.160116953714535,58.11383284203865,58.6484853675032,58.779711103853614,58.26573630669576,12.041199826559248,56.59559685219973,55.35690248871046,53.28705711568874,50.179885710527685,46.82226329694177,47.580788222496125,50.94153065315007,53.475875877821586,55.909755118406494,56.97094149742253,57.594865361084125,57.97785337728492,58.05463475960388,57.63749102982341,55.870427374597085,54.295665753771445,53.56381565110803,48.30781075606361,40.42732979621721,38.06858029518818,44.81112840841518,49.075080987704354,51.94561515078809,54.134422697754644,56.0985042877394,56.75479546926766,13.010299956639813,17.16003343634799,6.989700043360188,13.979400086720377,14.62397997898956,14.14973347970818,15.68201724066995,12.30448921378274,6.989700043360188,6.989700043360188,13.979400086720377,44.76961984208253,46.0133193815588,48.87465383211227,49.46771481846191,49.53841808621113,49.54478894313872,49.91638016861687,50.03206257543396,50.142264293892296,50.58065227988597,49.902544744522714,49.86054780769695,51.573600459976035,51.63235938370094,51.50661283648902,48.80865018845556,49.01534602309486,48.7060286256163,51.06819607815159,51.03119253545714,52.17096854855518,52.97891764154655,52.795437548242475,53.90802680061065,54.20856429046098,53.79240232671211,16.532125137753436,52.87848738644336,52.525714975128196,50.990622462623975,47.51479264526645,45.51449997972875,37.953237643293136,32.75311354541812,43.747116951402646,48.72564143090652,51.259527153332655,52.866921912895805,54.32895566734661,55.23856976795058,55.598168855003244,54.796213714492794,54.51130662426892,54.37093869808639,52.03234204956267,50.140246392172514,47.373278415520225,44.80265716862462,44.89255168369261,46.28511537066203,48.10964688373627,49.49682690795204,50.524515310391116,50.02187667909688,53.47878149037521,56.019785534775686,57.81959193979378,59.01412546416108,59.898132092312025,60.35676635451594,60.495808171977366,60.42889209365758,60.085001021914536,59.080177670040605,57.87378283772715,56.353801874048244,53.78210696038592,49.686743695207795,43.71585011499013,47.35063685292798,51.76163635438134,54.93269792685683,57.06151721567779,58.43000926339713,59.45015836035192,59.761651237475355,59.978518872635156,59.75304029008532,59.0403138496988,18.06179973983887,56.22757846067078,54.53639354620354,52.61524556472671,51.30967054786823,54.06853440701368,56.60353125640189,58.678680090143196,60.395588598813276,61.641154162340456,62.38252155840756,62.97425417195272,63.46861310011736,63.47923958070061,63.20874624816079,62.42224536131479,61.542102732259934,60.23986640276927,58.19227970099119,55.28291791971914,50.820849096780876,44.466924663715275,48.38275947525585,53.40178300813033,56.63121165254557,58.66596848236237,60.088623724003305,19.294189257142925,16.989700043360187,20.969100130080562,17.853298350107668,11.139433523068368,15.314789170422552,26.283889300503116,23.873898263387293,15.68201724066995,15.563025007672874,14.62397997898956,55.632721941028194,58.057868953613095,59.71221094486574,61.305797989993565,62.147371150087984,62.97543637899547,63.40222945132402,63.48082205715266,63.315819547530204,62.87806207169847,61.895894012648625,60.76874091669587,59.00983989437245,56.51775035443528,52.65254258420613,47.427015703863006,50.163814085055016,54.61379957509453,57.1492713243067,59.563629546755415,60.919629505955754,61.822299952265176,62.69378665758701,62.90377012204323,62.93186812230295,61.91608885627298,38.16440167956139,60.38620161949702,58.960988775849295,56.27215261408239,52.50617585744354,50.09029995684904,51.798992026514156,54.54028839300736,56.954886811834164,58.984734152345,60.25556945989845,61.058030219061465,61.58378174668385,61.76136712832747,61.6334388347924,60.67089462951047,59.871986552227426,58.659906175665114,56.29704126217536,53.30440154922958,48.411403906121144,43.23252100171687,45.675086476987985,51.05503372254081,54.587677402965966,57.16303905016869,58.21634694727229,18.06179973983887,15.051499783199061,15.563025007672874,0.0
19.294189257142925,22.30448921378274,20.827853703164504,23.26335860928751,50.167200331782524,53.38269188626322,55.44644652642625,57.15439229779169,58.405558458086276,59.362895001765025,59.79395844094231,60.08663608185354,59.89277578634979,59.71854985722328,58.96266003768706,57.97818544267079,56.613781737632436,54.615255380393265,51.4805018201448,46.91656043498146,43.25228227870849,47.590329332242604,50.62600784448157,53.882380076603226,55.82591698307027,57.17099388155687,58.16903839375661,58.34889082110135,58.32734942475052,58.098518393192926,16.532125137753436,56.17052788978206,53.910216043005434,51.2819887831261,49.43400524014174,45.49616239519086,49.161379831071756,52.76356090005561,54.80071650890241,56.654721692645495,57.742986687735616,58.28500711969259,58.35300482329294,58.129414178412574,57.66630683367286,56.43362847201581,54.66756438594257,53.29408050072906,48.310054426635176,40.87284391453761,38.391636829146506,45.454803047994105,50.390887722500594,52.95087462052554,54.487882253752375,55.92892586422426,56.52149605401653,14.14973347970818,20.863598306747484,11.139433523068368,13.979400086720377,18.129133566428553,20.0,6.989700043360188,17.634279935629372,6.989700043360188,16.901960800285135,12.30448921378274,47.53682621170414,48.626679502285874,50.20236943910808,50.44763121585733,50.376057568272124,49.87223702536693,49.5878360261743,49.25234716231713,48.443342513278736,49.975261750098994,47.80929070636497,47.65489734629434,50.57502547172418,50.549384619896294,50.227169800510296,48.2588029893618,48.97231098118066,49.69997998598342,51.44543074272788,51.81286076148712,53.030426228161886,53.88846893599511,54.01733027900966,54.85620647115498,54.96068504532158,53.89254706848648,0.0,52.49973278868498,52.68774483109303,50.86253023817161,45.605760947510035,43.70568598767051,32.72537777375237,39.39119717648487,46.3862900740397,49.9915229898292,52.05575142933645,53.23542907878543,54.3419352419327,54.76324317420228,54.857923838352065,53.46057475444006,52.59108669657492,52.72790443309937,48.72505899345925,45.80810972660946,42.060969447065666,44.46552699502676,46.576389846160815,48.98686795279804,50.69390562884532,52.49181229947058,52.14213133658234,47.33197265106569,51.07688108861299,53.95239001081552,56.25037585262362,57.918148156357475,59.179679155801736,59.93718320050437,60.36119658076647,60.468559509969126,60.52693941924968,59.65641889175217,58.81950981739421,57.66098167097493,55.52732686417851,52.20727692778057,45.745636758152784,38.92984550710717,48.25744094451458,52.8423441093223,55.89217717920093,57.97352036480995,59.300520230467406,60.019261612430974,60.70868330208694,60.756958368377084,60.212521638162656,20.863598306747484,58.58446960810254,57.64773716911041,55.99223491393146,53.556277309213414,53.677918605640976,54.77886386263187,56.79246145413859,58.882497169731955,60.338116323872185,61.540470355346116,62.294691215709776,62.91765218571107,63.112376973400266,62.97154921042389,62.59320985521392,61.76830088981333,60.85340892096038,58.92042261483576,56.58303373457151,52.50383402917165,46.41721924765832,44.57473134707358,51.43417663617376,55.424830829448254,57.97445516609861,59.795857023949786,9.030899869919436,16.532125137753436,21.072099696478684,24.60897842756548,23.820170425748685,22.04119982655925,24.16640507338281,18.633228601204557,13.979400086720377,16.532125137753436,19.138138523837167,54.44377419316549,56.58280480408773,58.716038720885294,60.35143449784633,61.62122120979642,62.51064621766223,63.15460642122161,63.363758688908376,63.280226420644084,62.98680415491564,62.161154736768324,61.03914845089592,59.422105111370215,57.04412216270284,53.1928307373836,48.9846737982699,48.81110639526988,53.758555754066386,56.852758534839595,59.300652877947414,60.866206849876164,62.04293665714389,62.69767842289693,63.03912160637242,62.79463434883522,62.47429444505413,23.010299956639813,60.699731796336415,59.12660382320173,56.77118553100317,55.66343198218278,50.2840856511547,50.96788393525601,53.779270086368946,56.016363476482354,58.79766023028723,60.019261612430974,60.83666703411075,61.369341748213124,61.567411191506174,61.42082097158324,61.06418357662422,60.09485315034578,58.84125002811154,56.59833514693803,53.945707452486516,49.17888695924169,43.881900415998544,45.154101722921574,50.96576346701687,54.67793029785662,57.0261317746055,58.10063742302083,20.170333392987803,9.542425094393248,13.979400086720377,17.24275869600789
15.68201724066995,21.13943352306837,12.30448921378274,22.278867046136735,49.35129234915682,52.74573464196471,55.44639695834267,56.92213074134745,58.37681852001428,59.12182186787885,59.87474990261627,60.075706965106654,60.28188840170767,59.58938772160971,59.49306067465262,58.546703318953355,56.680362900923676,54.81092758722013,51.98195059801752,49.8525128379102,44.57291339128507,44.68051791454238,49.5106539227103,53.05405115437893,55.17888368702959,56.627210095014945,57.951985091542895,58.103756905610354,58.266060022944465,58.63713549370366,16.127838567197355,57.32811768093106,54.65877843441441,52.27107359441345,51.45755623637207,45.855058486693025,47.293754038488665,51.397531856953535,53.68169693278739,55.50156168536969,56.89246685729236,57.67055632712831,57.91154992987038,57.9658820821185,57.60610938397704,57.457093662619116,56.27780491769403,54.006709339525905,52.13562910650084,48.622864567943864,41.147777319715615,39.28037206406883,48.26761352514687,51.48306443939612,53.57359215978435,54.506678003977456,55.67850625292864,17.634279935629372,16.127838567197355,16.020599913279625,18.692317197309762,12.552725051033061,17.16003343634799,3.0102999566398125,0.0,10.0,18.129133566428553,9.030899869919436,47.16545872727093,48.05752254800673,48.52979876449392,49.086994323522234,49.406957438191554,49.84009451702538,49.633580408633435,49.39544211354403,48.96311221581429,50.294568304255655,48.22096127032932,48.40338241877072,50.67015030544695,50.28587518098877,50.25182934335449,48.75229158133811,48.7742894078822,49.33608751835486,49.17048393373978,49.63343864833685,50.85119253273609,52.0444829373088,53.13580406995391,53.94901502962034,54.59935016851525,54.46863231482517,14.14973347970818,54.07322907839639,54.37599960156809,53.375710652474844,50.69349842976039,50.127908412642554,46.809244488059925,38.02978855335262,18.129133566428553,44.23999090057728,48.16506437046357,51.062385072045515,52.41372130158435,53.73502315702992,54.55952801284565,54.49299399035952,54.32765717711647,54.51863159220612,52.53602088515014,51.11638828762554,49.07432859969259,47.1835219276371,44.6924748409219,42.065560440990296,44.8630293483116,48.85587356189656,49.92168977141249,52.89147299367586,55.25386922230713,57.04926575030267,58.393435272388516,59.402265264741175,59.92815429306014,60.067611766164134,59.90534198958912,59.363578912661936,58.814942152769476,57.12013786025349,55.19890968469903,52.56989395644425,47.34935775274194,37.1575271682286,47.037469333154675,52.16113097315181,55.312399893660725,57.21068301797159,58.754577379893206,59.745715595362626,60.287411961172346,60.44627943008133,60.434235858557706,59.901705219555225,58.75841712725936,20.681858617461618,55.95559046685988,54.41820772289284,53.13270182317603,53.785759433571116,55.74009262916509,57.902154742383544,59.6052262339737,60.99371899224675,62.011151511007974,62.68068734597329,62.99709907663021,63.10635968944024,62.89827882537394,62.36737232739354,61.44769985144891,60.04043508440677,58.479827010639596,55.36084752851525,51.15134357174837,42.921231037128685,46.32102828062753,52.52690443397148,56.27120984785879,58.60555997633557,60.136275114856296,61.16493842962122,10.0,18.573324964312683,11.139433523068368,18.06179973983887,16.989700043360187,21.613680022349747,24.345689040341988,23.117538610557542,16.020599913279625,17.24275869600789,16.020599913279625,56.508454429751964,58.559429462323166,60.461992906903895,61.662183917905594,62.55061338400759,63.03004579937044,63.312126270871815,63.32407957232002,62.936882087009266,62.258376103621686,61.46843721340062,59.92175610038607,57.47570269267872,53.95417262085636,48.919665226125694,47.11790362908569,51.98018920085511,56.03206100865208,58.58431919527348,60.38450463892367,61.50258941548471,62.03433526579981,63.08164721453465,62.83744344851753,62.828870943832314,62.5073536124722,39.43692327106017,60.121029417880216,57.70944013439311,54.47164235504788,53.60199454410137,50.986852499974695,51.855563194792815,55.4355651657327,57.372880815540185,59.36033440839398,60.45781289246206,61.2213491167908,61.47458658803452,61.54263555830471,61.2087125532439,61.019978203531366,60.053508495587415,58.204064033731164,56.55665609568838,53.807989509841136,48.87622925875492,42.00248413515354,46.77652569492963,52.35174807456458,54.985159334030236,57.01049630729139,58.159773278703,16.989700043360187,16.127838567197355,16.532125137753436,10.0
3.0102999566398125,17.853298350107668,13.010299956639813,16.989700043360187,15.314789170422552,10.0,22.30448921378274,13.979400086720377,15.563025007672874,6.989700043360188,19.294189257142925,19.084850188786497,11.139433523068368,15.314789170422552,18.129133566428553,12.552725051033061,13.979400086720377,16.532125137753436,15.314789170422552,15.314789170422552,21.64352855784437,6.989700043360188,0.0,14.62397997898956,16.989700043360187,12.30448921378274,11.139433523068368,12.30448921378274,6.020599913279624,13.979400086720377,6.989700043360188,15.314789170422552,14.14973347970818,16.020599913279625,12.30448921378274,19.294189257142925,15.68201724066995,6.989700043360188,12.30448921378274,15.68201724066995,9.542425094393248,11.139433523068368,10.0,14.14973347970818,16.989700043360187,13.010299956639813,16.127838567197355,16.901960800285135,0.0,18.129133566428553,16.127838567197355,12.041199826559248,10.0,12.552725051033061,0.0,13.010299956639813,10.0,13.010299956639813,15.68201724066995,9.542425094393248,13.979400086720377,12.552725051033061,11.139433523068368,15.314789170422552,17.634279935629372,0.0,10.0,14.14973347970818,35.35800290824898,33.654879848909,30.253058652647702,23.117538610557542,21.702617153949575,10.0,28.836614351536177,32.347702951609165,36.22628426129325,36.57533887557986,38.26398782187618,36.47089428716555,40.225108504340305,39.84527313343793,38.869980456711,37.953237643293136,35.70776368794748,37.83403281122563,34.149733479708175,34.684950245070695,27.435097647284298,29.831750720378132,29.916690073799487,29.29418925714293,29.661417327390325,35.23486332343228,20.170333392987803,36.00428325732131,36.41573253178176,35.826314394896364,35.31478917042255,36.39586086673426,33.891660843645326,32.75311354541812,30.87781417809542,27.49736315569061,21.613680022349747,24.377505628203878,30.102999566398122,33.263358609287515,34.51172157512539,35.238764756381315,35.80810972660946,35.43074235033532,38.23343790820648,36.406801532776655,36.8841982200271,36.35986111800833,34.061994236633126,34.402792132355884,29.566485792052035,29.91226075692495,23.891660843645326,50.97094114841553,55.313575530986185,58.44990073395205,60.67985371868674,62.503392355443864,63.697062960307946,64.75407481360234,65.34567240036479,65.62093043032347,65.52464402676817,65.10133307699624,64.28841567647622,63.03778615041204,61.109033663542924,58.20979338767286,53.59277558278417,47.15008338466329,52.345805502448115,57.49329650325055,60.472768148887006,62.639909326813125,63.96939806772059,64.76646890939553,65.15241140328386,65.15100163764224,64.78434455772508,30.507663112330423,63.00150310457879,61.418387395626084,59.29170540441846,57.11505226149338,56.66297969656797,58.8224326540458,61.18547768699861,63.44533150898584,65.06174788951938,66.28793401913454,67.09218809609615,67.58774545859087,67.80669934182912,67.76485072353564,67.42037648242557,66.76426276252569,65.73753809707581,64.2017102592516,61.98969226990587,58.6061646477716,52.88036722634327,47.64579592120051,55.25875006346679,59.88398407685473,62.71394075938569,64.38082972006622,65.08536452166874,65.42556803071787,24.232458739368077,16.989700043360187,17.24275869600789,20.969100130080562,11.139433523068368,23.838153659804313,18.692317197309762,22.380461031287954,6.989700043360188,13.010299956639813,17.24275869600789,19.138138523837167,20.253058652647702,12.30448921378274,10.0,14.14973347970818,14.14973347970818,15.68201724066995,12.552725051033061,20.863598306747484,21.613680022349747,-inf,24.62397997898956,13.979400086720377,21.367205671564065,23.384564936046047,12.30448921378274,26.283889300503116,12.30448921378274,16.127838567197355,26.39486489268586,22.30448921378274,32.46005904076029,35.20614521878236,37.6715586608218,35.118833609788744,25.514499979728754,31.958996524092342,31.613680022349747,34.68051791454238,30.10723865391773,30.965624383741357,28.898617212581886,23.384564936046047,19.49390006644913,23.654879848908998,18.325089127062363,25.118833609788744,14.62397997898956,20.681858617461618,22.30448921378274,22.92256071356476,19.084850188786497,16.901960800285135,15.68201724066995,10.0,20.863598306747484,13.979400086720377,6.989700043360188,12.30448921378274,11.139433523068368,19.084850188786497,18.325089127062363,14.62397997898956,6.020599913279624,0.0
13.979400086720377,6.989700043360188,20.969100130080562,6.989700043360188,49.75339884605458,53.20810726067628,54.97927102445,56.87319343482987,58.15557162012296,59.23952925588422,59.771490423684845,59.94444738182057,59.86950787858517,59.894556022882746,58.91181067356498,58.03842756300795,57.38276230568662,55.548645382859334,53.12314903570763,47.5350645699097,41.892094895823064,45.08098577178078,49.14813696384644,52.93623274141254,55.156049745871115,56.79649530119643,57.817912652753485,58.5120941137248,58.73739578127015,58.200496598499385,-inf,56.75411693714864,55.77255056318521,53.869357156744464,50.56142262059052,48.224623057586705,46.946841543890905,50.1250821691379,52.63157726316813,55.52222744639945,56.564441575785665,57.375059216742116,57.81098051921972,58.039519020845056,57.78591112632719,56.41014784710067,55.17487529739623,54.52664877747882,49.93436230497612,45.07126940370548,35.56784782307025,40.76640443670342,46.545615547417434,50.193074210737294,52.986893667331174,55.43039410483007,56.37666813504282,3.0102999566398125,9.542425094393248,13.979400086720377,21.84691430817599,9.030899869919436,13.979400086720377,15.314789170422552,14.62397997898956,19.294189257142925,16.532125137753436,12.30448921378274,45.36065794512006,45.83436833621938,48.84030286857411,48.82848857005024,49.43820856087519,49.30041819118732,49.36614261975212,49.91332420503515,49.80807549337983,50.06902256967731,50.05429345156869,50.154016737029494,51.10784930601464,51.361876748566466,51.248985625106435,48.720221745564494,48.695250628572275,48.250689276246234,50.72929674211486,50.471424165845136,51.82990666368834,52.454435700136486,52.349447872964774,53.69447790383294,54.22458514031944,53.948455193677034,15.68201724066995,53.76622573828982,53.626671614274805,52.64742286965881,50.277001641460956,48.58446960810254,44.83359036280687,37.47023177451628,36.88864568054792,44.83102099521368,48.64255887753539,51.276651303579,53.11527121342614,54.28991194541616,55.00711139139074,54.852244001257986,54.724419472072235,54.867265200091865,53.29438560779451,51.807937274060514,49.7846356093812,47.043650362227254,46.01929683436231,45.28260908991754,46.36768642669032,46.937709036306224,48.96774157509428,52.71732438588885,55.3236830941413,57.21368679157044,58.64119921263209,59.58638886902979,60.10897548450238,60.27578724321931,60.09459394629076,59.70135257240269,59.075080987704354,57.67619608231853,55.76479565180249,53.51032529269587,49.37768567049936,43.668523695122644,46.167694952723195,51.584861277851566,54.67667289895786,56.92927956528219,58.3161705522718,59.3438228718508,59.87636327957975,59.93325548460918,59.88418479580703,59.388648221233055,58.25177414602247,16.127838567197355,54.86392219580309,53.35072581813599,52.627476376981846,53.20181610062933,56.15260732776741,58.24311362389438,59.922335330370004,61.37188212116441,62.23105861281873,62.76666265078498,63.17561309510933,63.366774269274096,63.175573377912556,62.663878828682684,61.675314748025905,60.42875044753685,58.80642698069674,56.1074531052313,52.17781268332446,45.41404492622214,45.41791347494252,52.25632297346483,55.96686144352242,58.321133969488756,59.719995335747555,60.91941513698927,19.86771734266245,20.5307844348342,19.49390006644913,21.64352855784437,6.989700043360188,18.06179973983887,6.020599913279624,19.294189257142925,11.139433523068368,13.979400086720377,13.979400086720377,56.80676287251917,58.92791142144582,60.33008967090378,61.721394949566005,62.5174574672198,63.16215746904986,63.44925872491352,63.33253965398498,62.98245293761489,62.472043510426126,61.298602903547625,59.91262413098315,57.898379695362756,55.21327719102561,50.56847703565892,47.503309381199934,51.94439409213896,56.097928375328536,58.34965296743955,60.110677751579864,61.39872162810829,62.31761315892917,62.73215471176705,62.91646301736751,62.43195110800513,61.88014802165427,28.43855422623161,60.415983341198114,58.34334853681352,56.842006199966264,53.11406286421834,51.295932283679335,51.61996525422446,54.89543663673298,57.2137692835086,59.52048130759455,60.32532135037925,61.192063848059064,61.691452009911984,61.88985261593157,61.56833136721873,60.712370798387035,59.74001569301417,58.70369371056378,56.0371799879957,52.773111791740305,47.43101932267011,42.76967038147092,45.93684725861968,51.590405476301804,54.92620722043192,57.24270133598054,58.25821930816132,17.24275869600789,14.14973347970818,10.0,6.020599913279624
13.979400086720377,14.62397997898956,11.139433523068368,16.127838567197355,48.54342484564222,52.53904738670891,55.51998619049009,57.37386679669641,58.502325702897664,59.14447354135201,59.78896443910816,60.02988928759385,59.97648454896206,59.53409796422875,59.22846337960309,58.26013219266404,56.52993381061907,54.48033492583527,51.6249570251201,47.08803182944582,39.413623357117615,43.77888805792574,51.15547276456635,53.77746880084664,55.917878286455945,57.33088878652878,58.003327775810064,58.70316101023196,58.606829090576255,58.37783448218245,20.0,56.59209540561633,55.18598158520107,53.2634610360235,49.708766340553595,49.07072607996621,49.80807549337983,51.3660643098203,54.14560572113419,55.215486379825045,56.62328045199362,57.46525222492889,57.83842145116197,57.629784908677436,57.08701273759679,56.46540953360932,55.150786750759224,52.53476123904776,50.44539760392411,45.9120934773169,41.5454569242091,46.526813847635744,50.23869501388332,52.90782290192865,54.710877208176676,55.43869464336801,56.26892381490702,12.30448921378274,6.020599913279624,17.16003343634799,18.129133566428553,16.989700043360187,14.62397997898956,16.532125137753436,9.542425094393248,18.692317197309762,15.68201724066995,13.979400086720377,47.60980073097822,47.88253241248314,47.60460180960834,48.5028468311398,48.78044728783066,49.787509813329834,50.211562087059534,50.146381267592346,50.59108817913594,49.573678084315276,51.38002536456432,51.23649140697354,49.10891088644529,48.923896000109536,49.25477112678382,51.44515052361274,50.71476967698918,50.760466598903264,49.97805621320131,51.062929121756575,51.35974969813322,52.21270753502751,53.23963306569016,53.47885946660894,53.78615902031224,54.54911903805978,10.0,53.84598901259822,51.46183869950928,49.92182242834663,48.87313412927191,41.8052728291341,26.020599913279625,37.74954689080138,45.27629900871339,48.42540595690268,51.3134273235669,53.019085527507,53.84885425996748,54.616380668609416,55.02855740063157,55.48003480173791,55.16415050386436,53.50317810053498,53.50094824961108,51.61251176283234,49.600186476802435,45.71999816397063,43.599302961121026,45.64961804462294,48.22096127032932,49.33952715430179,50.53788875183741,49.88103913260224,53.40162426171224,55.95744161845447,57.69646829998784,58.94460618802104,59.816646068521564,60.480753343992944,60.58293134312226,60.52998879595926,59.89579730599451,59.307300467445145,58.02120082105942,55.87914037175569,53.004954846595425,48.79038505237237,44.52476461326989,47.17554009932634,51.84038078626888,55.034324806784085,56.9699992585265,58.46181802432532,59.22025456931057,59.84230181299428,59.92926682834753,59.59444478650301,59.183239632386524,15.051499783199061,56.44534104053909,54.095358241366625,52.12147636815062,51.606305734628634,53.807700362102395,56.42480348454161,58.568406207647115,60.251755573730385,61.57714487888199,62.50041659778003,63.08950305320628,63.27596760445061,63.311561068276596,63.03671576325154,62.52782422059161,61.59851617099324,60.15921543346116,58.20091722205873,55.374992358689006,50.783879345009794,45.0593642456655,47.91269480910269,53.36719832364342,56.452257115354165,58.83294542659145,60.25657255773518,18.633228601204557,19.138138523837167,19.49390006644913,17.853298350107668,6.989700043360188,20.374264979406238,15.314789170422552,13.979400086720377,18.692317197309762,16.532125137753436,18.573324964312683,55.28480902320634,57.829288952687165,59.85747921637308,61.23973095822513,62.30245521750647,62.96540806304069,63.40316584084407,63.54061740371691,63.34584220958071,62.691067122943934,62.078941124977746,60.810360599538036,58.694669966478415,55.981697989953354,52.03264122630752,46.91346764134821,49.078626205128664,54.03635189790548,57.843183894878685,59.808946927214926,61.029907957241505,61.92220548240792,62.667889110800644,62.99492480572746,62.61245020707315,61.802692776688744,34.49940988773338,60.57842904111954,58.91622747186425,57.00213778189738,52.57047069278847,49.8176426035241,52.65150497310647,54.502645085598516,57.174016897159035,58.92241569799016,60.097911439673894,61.110786054670825,61.4203450125214,61.659312917600374,61.427013077355625,61.01136777688325,60.16191495936572,58.36669008595621,56.75154855843709,53.69929814574395,49.06103284411182,40.32779879191245,47.53858713920824,51.97018523689631,55.07403808387824,56.81964458994683,58.00489563835488,11.139433523068368,18.129133566428553,24.424797690644485,21.958996524092335
12.552725051033061,17.853298350107668,19.294189257142925,6.989700043360188,49.61601419360097,53.28138941705319,55.068688214791166,57.06896923854703,58.20294090335422,59.20665855383018,59.68418033021972,59.981568572537604,59.92421397991844,59.893808412419894,58.99080368154535,58.14307540219545,57.19180418041789,55.38383939833314,52.689942831543696,47.697686056711824,42.54886293888967,45.7898284270279,49.03480676241854,53.14164378498713,55.405309306860914,56.99450936234871,58.02807920361629,58.57251058580874,58.86265059029756,58.697296990057495,12.30448921378274,57.241586762222695,55.93872854295451,54.04767028489048,51.32659850327717,47.855718333516684,46.511325785504816,49.79734981083563,52.46294187797089,55.17730186988955,56.30717647014311,57.085679064557304,57.49130817905807,57.59934381929806,57.540553940011364,56.21529392069847,54.973070712667045,53.707757703313504,49.34195349347885,43.902637270293795,31.64352855784437,41.33858125203335,47.73091310242317,51.02522888123654,53.436783437723875,55.68825720610345,56.46408627938996,18.129133566428553,13.010299956639813,19.138138523837167,10.0,18.06179973983887,9.030899869919436,12.552725051033061,-inf,13.979400086720377,14.62397997898956,15.563025007672874,43.37539124196711,44.094597040874476,47.74808830310705,48.31773822338018,49.14200308403548,49.26928657105,49.53281172881823,49.746222096134616,50.07171464987095,50.88688797574258,50.35609822977708,50.688868483416044,52.2914407968993,52.31726930502759,52.34924559916884,49.32402729396696,49.36694660824315,48.86265059029757,51.15640461985122,50.008373805375335,51.24076893213106,51.75213096959613,52.06439964804201,53.27403894311277,53.816077840456956,53.53173508227347,13.010299956639813,53.26438276795728,53.338944380621534,52.50053869521799,49.300520230467406,47.90088032663043,43.6543182249042,33.76211850282673,38.50339854583479,46.29205657102304,49.75339884605458,51.97316403174986,53.591712057167,54.82098591192305,55.722592102347875,55.13116341698024,55.04911050643724,55.44695456666695,53.67499419526957,52.18159864508579,50.15762004109075,48.021509041425446,47.0286117057293,45.30673448440382,45.15078675075923,46.77771150682378,48.418723108755614,52.49973278868498,55.30528817363491,57.14525902528606,58.677037222234304,59.498996375477454,60.11352184329246,60.220198680726426,60.23338898273942,59.75182649633386,59.22060795592691,57.73332904238969,56.027640631009554,54.07333108013016,50.77447851721128,46.80235768364048,47.23168236542887,51.70508136933836,54.64811348593401,56.76687209448501,58.1612259871467,59.14309829954789,59.67720630110338,59.68348903658517,59.646579044553214,59.09273539004781,57.78788471735632,11.139433523068368,53.96849429953342,52.02079441007388,51.28043673826458,52.78296208091274,55.92120106594834,58.36906793483307,59.98503451440391,61.58430345307153,62.39230387016248,62.91057894434276,63.339906590161554,63.58311453173932,63.363748680178986,62.976651089870266,61.924336321105784,60.836133293113065,59.12711358780222,56.679616666430775,52.909245593827535,47.51040330397018,45.928094110842565,51.809082769327794,55.588776964981975,58.04565336539244,59.50194413907851,60.65822373848283,21.73186268412274,20.253058652647702,20.170333392987803,22.55272505103306,13.979400086720377,6.989700043360188,17.853298350107668,20.170333392987803,13.979400086720377,15.68201724066995,14.14973347970818,56.97572805355414,59.169348278652805,60.44714148700755,61.90662476546608,62.65716872690332,63.20405746298205,63.48694968570367,63.452021356383725,63.167503256735074,62.50562954378409,61.446364675884915,60.13681801426027,58.164699902981056,55.195720651368546,50.709867329645355,48.251403891591174,52.02275749554463,55.72087073769068,58.21225213158303,59.921101610197034,61.257989814486095,62.35009508581022,62.51067788863904,62.407488780180856,62.77702021941185,61.927708941078585,37.22716167488495,60.18885575168015,58.59504560004816,56.05960841922548,53.73414095644324,50.079397125142684,50.7160588491774,55.56433975582597,57.41186277970249,59.28781834032398,60.36209167326231,61.23726232575642,61.64265095635657,61.78904462960243,61.61674895048704,60.78694563634839,59.88741732311105,58.39936611231559,55.963815441220355,52.910712256882306,48.31773822338018,43.12452407152441,46.10074322140055,51.407248219166334,54.76931571378687,57.13400650794199,58.30511682042363,18.06179973983887,20.170333392987803,20.253058652647702,18.692317197309762
17.16003343634799,19.294189257142925,-inf,13.979400086720377,48.807793045208435,52.648768264036775,55.7336483846236,57.33088878652878,58.436344860033174,59.161342954867486,59.85990196862683,59.98274163484301,60.00417156585459,59.361038847867285,59.16366027919503,58.122507193323194,56.05735893876747,53.96870327999223,50.75991976396841,47.221401254574154,40.101727032867785,45.082468304512275,51.62483752878801,54.13234363462958,56.12267693004008,57.28808943803975,57.98899827217858,58.365177957076625,58.22540078978594,57.987693870026284,23.54108439147401,56.169772620569525,54.17175973356899,51.97302616967655,48.948530591867524,48.98769047503566,50.92611882044113,52.885264414844364,55.06997224396742,55.98801446032947,57.119530937572634,57.871720298869064,57.81302898489923,57.52431073292421,56.733683880806005,56.28017832966444,54.76324317420228,51.20587091445299,49.4411237698898,44.24244421837034,40.69223957297052,47.54852680704719,51.613680022349754,53.798582340162554,55.26852114090039,55.437763486893495,56.26168874469421,20.170333392987803,11.139433523068368,16.020599913279625,21.13943352306837,16.532125137753436,3.0102999566398125,9.542425094393248,19.49390006644913,14.14973347970818,6.989700043360188,15.314789170422552,48.44725627973226,48.74302032441753,48.5079934446789,49.2496637518943,49.207336238909036,49.821128676392604,49.79844176893234,49.62525596735995,50.01409168405877,49.28805370893285,50.71307475420153,50.66027594948862,48.72738827472669,48.88701681627956,48.738841792872726,51.27791348178668,51.00677200390068,51.37344615031883,50.505344195401236,51.87467135744093,52.0811067227439,53.01101648342311,53.88403183552636,53.78419705981416,53.99813849680828,54.42305702823246,18.692317197309762,53.09289410655256,50.706768256627655,48.364823574581486,46.40958203442495,35.79440597139797,31.64352855784437,43.32620219565641,47.45527596454196,50.59108817913594,52.54137030885468,53.794650621968515,54.22478215436659,54.62113366883571,54.47669577022793,55.03763453709425,54.244651020087396,51.84023864396704,51.468130600011825,49.307657028968364,46.678077152715616,44.72493160747825,45.94812275994005,48.703570785517286,50.510212491661115,51.265502328286146,51.97671936111441,46.96924008405421,51.00935449743713,54.05218256006282,56.30407532886707,57.951205543650644,59.148390592999085,60.04013818813891,60.49833354080445,60.65771240047952,60.40219295961883,60.13134382834732,59.10776434697996,57.66729528626656,55.73783359600198,52.79301837274616,48.74046725512229,43.32620219565641,47.62303363287768,52.2198770161943,55.30922919822178,57.25549024663354,58.61936260906677,59.53288427102625,59.992214812110454,60.01595270193259,59.83175072037813,21.64352855784437,58.11551547973396,56.55792266599687,54.63666081742947,53.085772181237836,52.719739648971775,54.57461017369358,56.995298831734154,58.889973095308,60.640703207466984,61.72580748935963,62.55402291503562,62.92699003043929,63.142861335231785,63.060562032229,62.758531357846834,61.9860430872193,60.943890137164196,59.32234735474446,57.11905882795281,53.503740230054575,48.537286234901956,43.98634324538392,50.4233920456355,55.00594578914183,57.74952501560449,59.453356174882124,6.020599913279624,16.127838567197355,23.873898263387293,6.989700043360188,12.30448921378274,22.87801729930226,20.681858617461618,22.14843848047698,20.644579892269185,12.552725051033061,15.68201724066995,54.131052102400695,56.50817301235798,59.0544020673553,60.573636657782856,61.78023905839139,62.56445445040637,63.204697046556646,63.344557617688785,63.33878332054052,62.810390516932735,62.365498568536665,61.24551825074225,59.35675006121131,56.97928186160198,53.624560845277365,49.24703033403553,48.24210470770268,52.65207097352898,56.61178284929811,59.007264337810064,60.66978554008206,61.58526829396324,62.08476292089471,62.59817657267892,62.3348853947341,62.680506954784164,38.55700830835437,60.85325548768843,59.665195219496496,57.262323366573355,54.84800768890978,51.35479312241418,51.96286748808876,53.81115080709851,56.74613164014435,58.36401344884524,59.955215612773785,60.81543524244998,61.30311248938025,61.394080306343255,61.2387808967526,61.06044634087561,60.10625979214605,58.623413171036354,56.96937971230717,54.27151657989068,49.87313145438823,42.73649334723605,46.87350569558028,51.96764613246166,54.90273193729693,56.51449565207997,57.8072404762512,13.010299956639813,16.532125137753436,10.0,16.532125137753436
16.532125137753436,17.16003343634799,6.989700043360188,10.0,48.95035597452322,52.438438475708196,55.61113314652254,57.19611333190141,58.41905437051706,59.139536515187494,59.7812023213142,60.063359483598155,60.01805080041947,59.385377370165116,59.34167554420175,58.35049117395972,56.1040994591687,53.9983460556936,50.98782124314692,48.52486093235622,43.07282047033346,44.72068637583486,50.71163723611753,53.733626256664294,55.57647933822584,56.91982756655776,57.922249444488614,57.95028661110322,58.079576168750904,58.44661044066214,15.68201724066995,57.05278559542188,54.15081908021853,51.90757378266078,50.544598372394034,48.174463684679544,49.6121695142019,52.36559932882643,54.45320807619419,55.721115026919065,56.86487904655381,57.605076751997345,57.70794592643875,57.50644138872595,56.92858371110553,56.96143121380554,55.744202213582874,52.09807126766063,51.137361778391664,46.98622429702098,38.721562727482926,44.16923289055086,50.333674544048876,53.07301310530892,54.53724918447377,54.941838243940985,55.90130426673347,16.020599913279625,10.0,18.325089127062363,9.542425094393248,14.14973347970818,14.62397997898956,6.989700043360188,13.010299956639813,10.0,13.010299956639813,16.989700043360187,48.357286102190955,48.794915554644504,47.89305665918286,48.562333066511236,49.14755567449905,49.52932827709724,49.16706555497227,49.180985177643485,49.03578293663054,49.939694018888936,49.1221142495842,49.77174676020187,49.53904593413459,49.58028448981573,49.21795685513096,50.36389328665692,50.53792712198923,51.05404578762928,49.64905169127996,50.913151596972234,51.50848506669523,52.344286946011174,53.74317502821529,53.84794116759436,54.41126175037448,54.5007196629178,12.041199826559248,53.71396692720936,52.78360272098752,51.20922542881114,48.95842271657986,45.64524037385864,39.58945932493936,32.84205067701794,42.27886704613674,48.10131663913607,50.578942197245304,52.49506535936283,53.57877699229873,54.195675172075546,54.8267353350333,54.73376010073699,54.26193964120308,53.47480284485837,52.24856655856958,50.563292203144535,48.01822022922579,45.84252048885866,42.75380467527434,45.012510218558575,47.52025387323212,50.98384109699789,50.65512492839481,50.46514673981031,53.41932836351094,55.67126395372837,57.51920062157122,58.80706148250853,59.71484593986971,60.20222435405732,60.321402900022875,60.20348435960624,59.79491011267307,58.850359428753265,57.5491224643218,55.617511459473036,52.546544021960486,47.764178560571466,42.14048679411942,47.10388185594147,52.12147636815062,55.12481606983655,57.2006416181308,58.6018462861113,59.555092825828105,60.01388389304124,60.24804498475951,60.03688821379399,59.4611019712319,19.138138523837167,57.13094709566026,55.4905478543333,53.544042735436435,53.16808752053022,54.035888945832525,56.36738571385955,58.43855422623161,59.973169092000816,61.402898982675474,62.34174217381636,62.83511991333597,63.0647756864299,63.02110044820061,62.8280806981065,62.18743937548822,61.129483471383665,59.88253862648569,57.55152717248515,54.59363835442022,49.52434014333419,44.134506510073244,48.24906471302113,53.84794116759436,56.89863584555923,59.01378212014606,60.381693425523565,6.020599913279624,19.49390006644913,21.73186268412274,12.041199826559248,22.30448921378274,6.989700043360188,16.020599913279625,22.671717284030137,16.127838567197355,20.0,16.989700043360187,55.35690248871046,57.566543619210194,59.820001668026485,61.10612602738344,62.18762570832928,62.80200360602049,63.218261837685034,63.30126516363856,63.132083219239746,62.522054739323224,61.89459151180279,60.576406235386486,58.20117351956534,55.450447283002696,51.82722715316398,48.37114748515506,50.128793871712894,54.29469654475461,57.87162813509685,59.863461858886176,61.29490096561188,61.94049272986682,62.67469528816402,62.54754179110928,62.62830871967673,62.7158931733134,37.92461731346951,60.354425466808486,58.351030842542364,55.95077157007697,53.41650134367508,50.11358953706611,52.85831750394462,54.51947539634386,56.80685346736584,58.78428147838364,60.027714911656815,60.964542859303606,61.30079551408896,61.40095864824481,61.111636768887585,61.050129310720195,60.212161831343195,58.18851144178075,56.898289904085864,54.02079026491812,50.06007973081033,42.17220655644518,47.195964240383006,52.15357283023977,55.076899449057024,56.522772918456695,57.84675765129094,16.127838567197355,16.127838567197355,14.62397997898956,12.30448921378274
13.979400086720377,19.084850188786497,20.0,11.139433523068368,49.40342134494455,52.93523865702245,55.355637294136685,57.12246361177944,58.25616282829182,59.07600517171271,59.62571043945652,59.800292920515396,59.77453344331795,59.68282099292496,58.80659276038634,57.810038619540116,57.11905882795281,55.25762420227481,52.64487255780689,46.320319005081856,40.9847066565063,45.068431363393515,50.12537753436561,53.205824394735515,55.4117970897645,57.05132148084067,57.599955189657514,58.49447055423145,58.44173871422308,57.653197872803794,10.0,55.745602057022154,55.28908990839726,53.24589028950554,48.91046578119591,49.160168020454236,49.50773638795716,51.51103123192131,54.14914881316756,55.90744893178108,56.95490432339068,57.54550908244347,58.13117761012159,58.04920051355069,57.60200001320654,56.21509667007587,54.77070584074262,53.48515143092284,49.831073493230306,45.29956220078762,41.98794500175598,45.71440953685393,48.32923848853976,51.57870616428693,53.758921298735,55.59351138700285,56.205160265593506,15.314789170422552,17.16003343634799,6.989700043360188,16.989700043360187,16.020599913279625,21.73186268412274,13.979400086720377,19.084850188786497,16.532125137753436,13.979400086720377,11.139433523068368,47.578361742106694,48.07927204214552,49.1390387971282,49.22424408872787,49.30403911829313,49.45197682103334,49.71836913857543,49.83378176842217,49.94919554787319,48.612356186340406,50.49392480943729,50.44010288355575,48.9798976811495,49.3442774638666,49.72434276957365,49.84365266521277,49.78089173056142,50.03568230679656,51.10229332063081,51.78150714721816,52.22034587888057,53.12672322369369,53.582585424005956,53.948175248640524,54.23954915615717,54.795062091023965,-inf,54.20223178324263,52.35187442396655,50.5879031455126,49.533972258766866,43.97000918007696,37.353593330017105,34.720246977002816,44.31186793318,47.2611567011036,50.24690862355431,52.27230913327773,53.58030076576958,54.3713196609433,54.50287607896701,54.9572467799798,54.585623129819936,53.18157282741304,52.41372130158435,50.677773586333174,48.32508912706237,44.387005329007366,45.84918933640037,47.92405698771716,49.20342506168724,49.674590490637655,50.407170293404356,49.882244123902,53.11677588010372,55.88459953710368,57.56481681879769,58.78315514086593,59.59736661155019,60.12959063055125,60.37328471793635,60.284171077292044,59.60699518649727,58.98047438786233,57.68066557799251,55.54669624255277,52.573185130976384,48.11601813344563,41.11967837206073,46.53694795315082,51.64653188507846,55.27079273786779,57.20227130771036,58.59415124340592,59.51357435647669,60.03081220536628,60.181177205910004,59.896744713482455,59.502187666418635,3.0102999566398125,57.263620200177634,55.34647895512471,53.72037012466169,52.91271145406617,54.58566845515119,56.537063634934924,58.5429753804965,60.18168536653798,61.39259617822913,62.16467823385348,62.772630158438076,63.07394405392243,63.11598122674547,62.79733542927409,62.147816123671404,61.173816786210224,59.79491011267307,57.68602586788518,54.76357673204156,50.056094453602796,43.54588587877241,48.97462138013063,53.91741157723854,56.9348159995633,58.95410390044092,60.33908045413099,16.989700043360187,23.26335860928751,20.0,6.020599913279624,15.051499783199061,20.681858617461618,12.552725051033061,16.127838567197355,15.68201724066995,18.06179973983887,16.127838567197355,55.751751393181344,57.89638520244681,59.594692717473094,61.00754346948284,62.00957964473392,62.77994064701457,63.173495034683526,63.22550886375023,63.04393360748031,62.58198696842422,61.76961292194765,60.36197580114696,58.82415808426509,56.104578710045814,51.925953275692116,46.30682071392775,51.033418238013,54.997983906729935,57.47005292082305,59.5689229158051,60.9639341660219,61.88166042689077,62.346635422213964,63.04883713685881,62.48609274940491,61.93435453062566,30.969100130080562,60.60199059506235,58.73111252820309,56.861793942987696,53.051105057258894,51.57033449661202,51.86673867499745,54.28363224696692,56.95495685763659,59.09246243282162,60.10883571652157,61.20021499592957,61.48746367693388,61.658091648700946,61.53517613785909,60.776331255153345,59.807993787492215,58.65272801204724,56.067187797147746,53.20200309815532,48.30877247110405,42.87286539262812,47.296911336964804,51.628182183868994,54.64864958945309,56.82709022021057,58.092801949196826,13.010299956639813,20.5307844348342,12.30448921378274,14.62397997898956
17.16003343634799,18.633228601204557,15.314789170422552,22.14843848047698,49.258996934613826,52.79084909810923,55.66123885554937,57.18612116827016,58.391636829146506,59.21043660248298,59.77529729536169,59.98274163484301,60.06148013715168,59.25708552355442,59.23445053548192,58.2006609094259,55.69258004247716,53.69163887439684,50.4659270380326,48.10131663913607,43.46587664800529,45.997630243451994,51.16704021847559,54.07644098273855,55.62084591142216,57.03703976818275,57.98877744856952,57.90249264626395,57.887995490233806,58.321370485645076,19.084850188786497,56.47480773173676,53.05944356889003,50.45295589982737,49.619571049742994,47.84603029854112,50.689276116820714,53.35662462376807,55.110272917463504,56.45221779471605,57.366832809904,58.08114377251191,57.99464615868339,57.69392097746074,56.96710146558154,56.70870861414962,55.358761655853456,51.801316121734786,49.941411111261225,44.48598119190078,36.867256210745424,45.31530007505452,51.070063463815444,53.69141612691284,55.00878382689396,55.2898479436965,56.23895081568052,16.020599913279625,10.0,6.989700043360188,9.030899869919436,15.68201724066995,17.853298350107668,9.030899869919436,13.979400086720377,16.020599913279625,12.552725051033061,10.0,48.90314807678611,49.53411730320764,49.072500828813276,49.56710959567658,49.658317471547434,49.90463174880597,49.03919781949839,48.519001407587446,47.92622784742922,49.66367037909571,48.10642416810082,48.40858554041879,49.51361807517263,49.26717918123806,49.17216584004321,50.3117004184663,50.62935292263425,51.295932283679335,50.8317283216948,51.85068790786809,52.66537430234307,53.528035974590566,54.17997842239545,54.52554595129158,54.76954743251529,54.31505288928083,20.863598306747484,52.9843604083526,52.25293770931672,50.48845610629151,46.41126932803509,42.937822803300236,27.435097647284298,41.141103565318915,45.84930227950731,50.189417063824706,51.7246281361487,53.25862385826721,54.044727945008866,54.54718362844001,54.67486752523247,54.055802662822394,53.07258501598146,52.14340410319735,49.9535873740881,47.60135875151191,44.80868923687168,45.118833609788744,45.735213963525496,47.93860201342669,50.708244281492625,52.25112770722256,52.51750125055899,47.79805652509992,51.30967054786823,53.678123426835576,56.076362095313655,57.6801099209802,59.048264033189355,59.84615963376128,60.262050704918124,60.367446385769874,60.309881062212824,59.66037019933182,58.71764356512722,57.530994743826625,55.34295234434795,52.202676488658916,46.409284208668325,39.93744756554462,48.16718430207881,52.64307699573625,55.77163082285998,57.768652843408155,59.08354710986917,59.97956185790447,60.538728980589696,60.62159140354156,60.21830753726733,3.0102999566398125,58.71732847886464,57.49350534050897,55.896480583356606,53.83994789441733,53.49403813987914,54.635003048123984,56.7381408375378,58.7674941037872,60.42112227970183,61.50560272472227,62.30211782953893,62.821517690492925,63.04016767838937,62.92505276013582,62.42172817268404,61.739751513203764,60.701982487391305,58.922738513649946,56.47246008818986,52.84171207664465,46.483600109809316,44.58320509318077,51.10784930601464,55.39542777291658,58.11605164162464,59.842013576799495,14.62397997898956,13.979400086720377,23.979400086720375,9.542425094393248,11.139433523068368,16.989700043360187,18.633228601204557,21.613680022349747,16.127838567197355,16.127838567197355,12.552725051033061,54.26946963787002,56.54973140857689,58.92456364045762,60.59881733353738,61.66856501836563,62.440129993572484,63.04343152857469,63.228650859040705,63.16115715364211,62.690443071973974,62.210598759499234,61.117560246333355,59.07293633815154,56.58210839968072,53.31564953139352,49.56288517433657,48.87448500249953,53.07397615203975,56.775385185766055,59.220452053611396,60.732379786391476,61.79671837464735,62.4285064120901,62.845293131431326,62.69475817457571,62.27513410745096,35.20614521878236,61.407056617666456,59.154615713518865,57.983888851635555,54.84790812852637,50.27696089534803,51.69159910621572,54.21057424951889,56.50883285887713,58.490070375996346,59.71309254721115,60.86750519924658,61.23428242429207,61.459772472768755,61.220309769644025,61.05472714610055,60.26565947732365,58.44721902239642,57.174016897159035,54.47544071596157,50.578486061461206,43.175619366212466,46.137678481464164,51.77666336013047,54.87966564350735,56.716254213193494,57.9114375328183,20.374264979406238,24.232458739368077,19.294189257142925,15.563025007672874
10.0,18.325089127062363,19.912260756924947,6.989700043360188,50.31202377980065,53.55461098637604,55.26840494775287,57.324661362054215,58.475541518806516,59.41635640981282,59.73324627577995,59.949063724444784,59.80227055210602,59.6673290970142,58.52723910791206,57.477884474245926,56.573236171121465,54.399071616895796,51.024131225167125,45.056925074122,42.62474821020941,48.32215025848477,51.416786192130324,54.307198878632825,56.09645625210409,57.48210516673839,58.07216970188449,58.46962738233628,58.45841907421757,57.74841652805144,18.325089127062363,55.395089223378534,53.71208292248643,50.94827362525071,48.37796698146687,47.12110707475616,50.101727032867785,53.37349425809701,55.159863749573816,56.96408815486136,57.68384997333161,58.05879256683806,58.31239942583466,58.05246595735952,57.47605992768668,55.22137641217792,53.39356025172791,52.12541822893318,45.015111317240255,37.955324427101544,44.61033069118142,48.69055618701908,51.42905431758443,53.371016947671805,55.010003476139204,56.63049466338958,56.870658831320355,3.0102999566398125,18.129133566428553,11.139433523068368,15.68201724066995,13.010299956639813,17.634279935629372,10.0,19.030899869919434,16.989700043360187,13.979400086720377,15.563025007672874,47.527627165349415,48.80012838366771,49.986428830113454,49.96025445560402,50.046394532297505,49.642832068903154,49.55447210577695,49.330517627187014,48.91453824238682,49.39484307978604,48.1686411550272,48.14527265912848,50.775895387916805,50.63145637106638,51.25708925972653,48.98911581132665,49.86256543598831,50.39513261850213,52.75663715834848,52.81110669333007,53.9243313155555,54.20721281144527,54.12578135431272,54.90044205472853,54.66216431790406,53.82881167181435,12.30448921378274,51.41816495452177,50.748529958812476,48.02814759052481,40.900463224573556,35.331362882786394,40.07320952922744,46.20281836804235,49.633013339681355,51.782774865885976,53.214782942514134,54.231885105000195,55.02645577977923,55.191714638216595,55.025977996808344,53.351870090397576,51.95304510332836,51.18410238321874,47.241529386714674,42.98460069461452,42.69909698749761,46.86171343268639,49.61942883141387,51.22550074464029,52.48769968520569,52.93503981283645,53.293775372227266,43.38237298881058,47.59365621655928,51.55023111246379,54.53405496038607,56.693252501863995,58.36077143385893,59.45589205735818,60.21262088997062,60.66044381475224,60.79638823674776,60.59749666437651,59.95053991833825,59.269209489441735,57.79280394552426,55.63046573620393,51.973935978497096,46.452257115354165,39.782718416106356,48.373485000151874,52.97753947404971,56.05108868847849,57.89879539301177,59.10810567409036,60.13115421368239,60.55271273766185,60.53097659628283,9.030899869919436,59.43508860247769,58.526050182918816,57.1539490535389,54.46725072169752,53.37583042535905,53.648772971040955,55.08574156133154,57.5724491054296,59.26908615602282,60.61933630905493,61.84229072750419,62.740954727045576,63.17316249111015,63.34116841217718,62.984436864514386,62.54820845338535,61.715933666039945,60.36664818971381,58.48167555737226,55.73169932015605,51.34677437718352,44.249632632607415,46.939378909573755,53.08730843434644,56.350864671967656,58.7504504942838,16.020599913279625,6.989700043360188,12.041199826559248,22.09515014542631,16.989700043360187,18.129133566428553,19.54242509439325,19.912260756924947,21.73186268412274,12.552725051033061,11.139433523068368,53.53723937588949,55.767524105966004,57.71959154295607,59.65140057889563,61.10359708994196,62.26577481115143,63.0262807841203,63.32154965007966,63.431991759586,63.12672322369369,62.51611456378157,61.522862034894885,60.397015706005504,58.37840861655523,55.32918641144769,50.481697987660176,47.201675756030205,51.75363930921569,55.68748356202124,58.22050987210669,59.9537761230588,61.39560801884077,62.02973017734139,62.68814242422131,62.49220377398143,62.83628635681116,19.030899869919434,61.86513909173303,59.56858237638254,58.19280646972481,55.49616239519085,51.73200841808088,50.875294255317144,52.72818250762833,55.3150446302514,58.22636785907858,59.66315415797497,60.72553172686472,61.35194052775978,61.74172075644141,61.62686851940797,60.90584268642025,60.22943609686901,59.022341269667706,57.01665539260398,53.749718493614004,49.66845423654917,43.80735697415691,44.32006687269598,50.13599732612472,54.18998586112133,56.85284817527881,58.12579824068243,16.532125137753436,16.020599913279625,12.30448921378274,21.64352855784437
20.043213737826427,20.170333392987803,11.139433523068368,21.613680022349747,49.410789104632016,52.76978513909275,55.51676845384846,57.3197051866003,58.330405978558616,59.26653648088157,59.824200438797355,60.043084737549606,60.13478073890638,59.32478838181186,59.33293887575651,58.356683806965,56.23465349851179,54.26527526770914,51.1067386774199,48.29696069129696,42.808741725572155,44.80265716862462,50.701117827821996,53.719171396825224,55.701516651512634,56.988701051163304,57.9745105554159,58.06107359304892,58.135523015029065,58.739114680814346,22.278867046136735,57.1893327765521,53.99889949756306,51.57063700382623,50.59582349244611,46.4804759698893,48.68344618843334,52.23080397831155,54.30526538680641,55.89084617292458,57.00226769570047,57.68547089631458,57.8448391736302,57.79542381431739,57.28911917808076,56.828199203367966,55.8332575535599,52.65200022751004,51.09257853737479,46.13989731546087,37.6774936734558,43.318927241022166,50.45142963590233,52.90551003312294,54.53234225576167,55.13052376877009,56.09436455238426,21.702617153949575,14.62397997898956,15.314789170422552,15.563025007672874,13.979400086720377,14.14973347970818,16.127838567197355,13.010299956639813,-inf,12.30448921378274,6.020599913279624,47.783972808879945,48.57362654723139,48.32163894783587,49.014583213961124,49.05482859763666,49.55803162081898,49.188059189988934,48.82256934678704,48.71882201849058,50.12233853229812,48.342235413801276,48.8516325425637,50.36317432879834,50.30081335414012,49.86507495397489,49.71966643900576,50.01742364007334,50.466551175684735,50.11993114659256,50.72249897613516,51.654372370766566,52.72180549075381,53.59231981798163,54.203469326868785,54.54774757697759,54.358204854993474,18.325089127062363,53.602335611578326,53.23509918215414,52.149762347220666,48.58873915908855,46.588600660066334,40.10723865391773,29.54242509439325,41.607685618611285,48.19550515711442,50.931589275771884,52.674369191851795,53.83501196445383,54.82052791917869,55.173555939113626,54.636257634484544,54.25301034367586,53.67655909289158,51.8793789432624,49.72966118095299,47.34863809329962,45.94038782322546,43.028502127023096,44.353983802673596,47.46276030744599,50.763527602770566,51.32784625069314,50.52081882644501,53.75782457241278,55.69919069272569,57.51723181680995,58.770792220448186,59.773943309933784,60.232903301079475,60.40434602023826,60.22395787566171,59.80729014539825,58.82003413560342,57.48662389674723,55.96140571688984,52.906977958049495,47.965743332104296,41.03187748850943,47.18310656933966,52.17299658976496,55.25144618477184,57.295697263019704,58.649214496598965,59.697107783330836,60.06258044549054,60.42200904821133,60.26170724528654,59.57942335445405,23.384564936046047,57.26101798576117,55.39279391395817,53.67139651907776,52.77251547596918,54.00714089020893,56.181108817371744,58.434352355009466,60.01548968596392,61.52577268174636,62.24450442977001,62.86068710200938,63.18706991636557,63.26733099623138,63.06678881575196,62.22772639735616,61.27341327205553,59.884679862896704,57.60986850189475,54.47247983025939,49.18371134693579,42.734642726213465,48.7539698799425,53.75563028854772,57.000500534920995,59.17600550302667,60.618899460893886,23.54108439147401,22.278867046136735,16.127838567197355,12.041199826559248,23.521825181113627,24.345689040341988,22.576785748691847,23.891660843645326,18.633228601204557,25.31478917042255,13.010299956639813,55.23258586795564,57.684760429204815,59.7890373855651,61.27406754903384,62.212269161057954,62.899749196086574,63.34463804147585,63.38828671877888,63.32587306513895,62.52355126688944,61.87169759367032,60.60868880929398,58.26875240702171,55.5568439786003,51.35021279538261,48.147069588303594,50.33524274983268,54.28452296293798,57.756614100014964,59.973234639387854,61.28102205365842,62.354966311464224,62.538577811910116,62.63973196361541,62.921519168239314,62.631835513073085,34.321672694425885,61.62232734599869,58.78667110478194,56.49944001601195,54.74456662594598,50.49810895092594,51.88647295999718,54.62571680957421,56.62403642876919,59.030232090816675,60.02567760370547,60.940831300525915,61.40773503741137,61.56528859553491,61.363720407502115,61.02698455410418,60.28878972228783,58.22781152802104,56.88494571177105,54.17282322779448,49.79297923083695,42.62189959913005,47.07203851788098,51.91858847329878,54.8688508106574,56.806373293142435,58.18928907766324,9.030899869919436,20.863598306747484,20.0,6.020599913279624
6.989700043360188,18.325089127062363,6.989700043360188,22.576785748691847,50.332025306656185,53.67700610294741,55.197230156553374,57.34746239302293,58.42242805092556,59.401004188457364,59.71612111152619,59.83962137904106,59.76779933183619,59.648373619707414,58.4903409066137,57.43298053368377,56.66652740691014,54.59259766389629,51.36482749600823,44.23344193632787,42.96072566359835,47.99740192185148,51.34957625662232,54.29198160824191,56.07854818995598,57.427753903256466,57.887635265980784,58.484317612884126,58.45646765523654,57.63165840200662,9.542425094393248,55.20898632493231,53.81919720874425,51.31310635860366,48.305886686851444,47.37709352440768,49.800442979310915,53.21094878951588,55.18029365491196,57.013607175614254,57.593391671313455,58.057624434876836,58.25652618893643,58.15387121606773,57.515877745615754,55.216244304018254,53.300117634775354,52.26264711895694,44.96597576323709,39.19810020170196,45.3822173223912,48.84347815770889,51.353362289069565,53.36251542821265,55.154300540810056,56.46509590980589,56.87742934522578,11.139433523068368,10.0,10.0,0.0,12.552725051033061,15.314789170422552,12.30448921378274,17.16003343634799,14.14973347970818,18.129133566428553,9.030899869919436,47.20870137080886,48.43438349493166,50.017510150333365,50.10083603748856,49.91779669753309,49.60456506944467,49.692294798626435,49.612311970446626,49.11141622145796,49.48667207934095,48.80522059998134,48.557008308354376,50.47808157259879,50.856936390931615,51.06863753268684,48.988622478623384,50.05326397212116,50.37143516700806,52.7265137933192,52.88700728617498,53.95090394331264,54.18963830703623,54.15001743220185,54.703296229310936,54.62285665834209,53.87199335758587,11.139433523068368,51.59163990468105,50.33427776713536,47.73054693364263,41.1965172203987,35.56423121371285,40.84111351940677,46.22804427805032,49.85538738393282,51.96897106781019,53.30318380440477,54.196286660082094,54.86203708021318,55.08417932672594,54.793535719399536,53.1250316670274,52.04798038190855,51.11883930159326,47.49875391175122,43.093959258697566,41.839243517570004,46.41969597702059,49.801170463604464,51.37357276770872,52.52275204928268,52.4360598252689,52.53943462669259,43.54338976788081,47.37296033844829,51.6216098843503,54.626809459037716,56.70086211234537,58.36086644918787,59.390822423936726,60.178910585388266,60.66193193634134,60.76411769114812,60.46612209068446,59.993415449541814,59.22240043041835,57.8290956540264,55.80069222725036,51.96413862355386,46.11096367331743,40.225108504340305,48.71316018745736,53.02876160611575,56.0327973010356,57.99012981697985,59.10099626687553,60.086295495126336,60.56037301237244,60.501650696916556,18.129133566428553,59.44325705554217,58.47361629594121,57.05913294256558,54.55656308342598,53.41808312000624,53.52462306633079,55.12312098602334,57.4904104270826,59.34143295574951,60.6432955385188,61.82451745648498,62.75105102092698,63.16798072549211,63.34772317965968,62.93228156795888,62.508048411288144,61.72194712745405,60.36855962425812,58.533099712346626,55.617130216185664,51.36517637659389,44.00934975810852,47.34575826240601,53.03068559232365,56.37467714026855,58.70188460515611,10.0,23.010299956639813,20.253058652647702,15.563025007672874,18.633228601204557,10.0,16.127838567197355,24.14973347970818,10.0,23.117538610557542,23.26335860928751,53.6275570779179,55.5890168066403,57.68016919444883,59.673251559503875,61.116280814263604,62.28370069970191,63.05809716668689,63.29025467320012,63.403747014993314,63.13094289918067,62.492242919491765,61.45942179919359,60.25432447754264,58.378364455067285,55.349508537940835,50.65658127117224,47.94355577097677,51.98580116554987,55.26795305595855,58.27123620402744,60.39404996913133,61.58238217839512,62.0843329396617,62.79361416272144,62.99493788074943,62.845293131431326,30.187004986662433,60.75179663051436,59.492279699395674,58.03274072487004,55.43060554293139,52.58182160366098,50.4588993018164,52.86135233541542,55.635048166849224,58.313763555846656,59.59873390325974,60.701982487391305,61.39502849633264,61.68652140244891,61.79580513395409,60.86878182736858,60.04989071759362,59.078932247278644,56.84622773555998,54.04842265639769,49.29786642970103,44.26966462630075,44.7551138503771,50.600175425316,54.15964412155962,56.83020006620726,58.09144748385948,21.613680022349747,11.139433523068368,13.010299956639813,10.0
13.010299956639813,12.30448921378274,13.979400086720377,9.542425094393248,0.0,10.0,6.989700043360188,19.49390006644913,6.989700043360188,20.644579892269185,6.989700043360188,6.989700043360188,10.0,9.030899869919436,17.634279935629372,13.010299956639813,12.041199826559248,16.020599913279625,11.139433523068368,6.989700043360188,12.041199826559248,13.979400086720377,19.138138523837167,6.020599913279624,14.62397997898956,3.0102999566398125,13.979400086720377,13.979400086720377,12.30448921378274,12.30448921378274,13.010299956639813,0.0,17.853298350107668,17.634279935629372,3.0102999566398125,13.010299956639813,21.613680022349747,18.325089127062363,13.979400086720377,17.16003343634799,10.0,20.0,9.542425094393248,16.127838567197355,13.010299956639813,13.979400086720377,16.127838567197355,18.692317197309762,13.979400086720377,6.020599913279624,12.041199826559248,12.552725051033061,9.030899869919436,13.010299956639813,10.0,12.041199826559248,3.0102999566398125,12.041199826559248,11.139433523068368,15.314789170422552,15.314789170422552,15.68201724066995,10.0,16.989700043360187,19.294189257142925,16.989700043360187,15.563025007672874,16.127838567197355,37.417029839577395,36.12783856719736,33.760291817281804,28.603380065709935,29.717395908877783,20.969100130080562,16.989700043360187,25.118833609788744,30.6333335895175,33.36259552014193,35.45183368215406,36.008640363098394,38.77371345869774,38.73553093513619,38.02363174309547,37.33197265106569,35.68201724066995,37.97959643737196,36.19615005742806,35.60743301054712,35.238764756381315,31.66133970305109,26.39486489268586,22.278867046136735,22.85557309007774,32.55754786643044,19.030899869919434,34.03635189790548,35.47528576459782,36.364878963533656,34.95544337546448,37.43196081448701,36.326597132939135,34.87986331129393,34.21110129793434,28.721562727482926,29.661417327390325,24.345689040341988,6.989700043360188,20.969100130080562,29.68015713993642,29.845273133437928,32.19584526214255,30.530784434834196,35.224442335063195,34.56062224454951,34.70116353151004,36.02602520420256,33.69215857410143,33.18272080211627,33.23252100171687,32.05204363948145,29.375178920173468,57.40963968332125,59.626619240998394,61.4201007501181,62.74014600865688,63.752701020802476,64.26594045942583,64.71297873301788,64.67753832431407,64.34391477660502,63.54411186743016,62.32896541413691,60.46955358424631,57.58612928334334,52.46784077410944,42.4831664034178,51.122898897032016,56.99175811148079,60.37340825900572,62.52111914765497,63.819609951477176,64.89819595424682,65.42106192576514,65.56829607282043,65.36779825822879,64.80547461272577,63.84375818351285,23.979400086720375,60.87834282139192,58.78731424114633,57.29885314961069,57.923468567861356,60.09585582691056,62.2914407968993,63.969441597086075,65.50288171470977,66.53489698200552,67.18395468872474,67.54978675491492,67.61806474476892,67.44657480982939,66.96016247554232,66.10203594641385,64.83650760654976,63.08538163027726,60.36902239212948,56.20411957814162,47.74056880895087,50.20775488193558,57.377530458368284,61.13401148100101,63.5490864811961,65.10260883332415,66.03971992138024,66.23840045936275,66.14075284856976,21.335389083702175,22.30448921378274,16.989700043360187,9.542425094393248,11.139433523068368,18.06179973983887,9.542425094393248,19.912260756924947,23.010299956639813,13.979400086720377,20.969100130080562,17.16003343634799,16.532125137753436,0.0,15.563025007672874,18.692317197309762,16.127838567197355,6.989700043360188,21.5836249209525,20.043213737826427,9.030899869919436,20.170333392987803,23.010299956639813,19.294189257142925,14.62397997898956,12.30448921378274,24.099331233312945,26.45422269349092,26.063813651106052,27.24275869600789,32.11921084308509,13.010299956639813,28.898617212581886,29.585638832219672,34.632956099620024,35.04334911802464,38.963608454693166,20.681858617461618,35.81608366032058,32.48708735600918,31.367205671564065,28.356905714924252,27.267272090265724,23.384564936046047,15.68201724066995,12.30448921378274,18.129133566428553,23.443922736851107,13.979400086720377,11.139433523068368,20.170333392987803,20.969100130080562,6.989700043360188,17.24275869600789,3.0102999566398125,9.542425094393248,12.30448921378274,9.542425094393248,21.367205671564065,22.14843848047698,12.552725051033061,19.54242509439325,13.010299956639813,16.532125137753436,16.989700043360187,14.62397997898956
6.020599913279624,13.010299956639813,19.138138523837167,15.563025007672874,49.12593997752106,52.92444372523519,55.521618523906454,57.33489372378009,58.42094770276795,59.3438228718508,59.87860135027575,60.08372320287979,60.0394711732304,59.26779608411234,59.26756475580342,58.04184427548834,55.71234691435343,53.53186988606359,50.101727032867785,47.64422735649093,42.22456336679247,45.83300815513483,51.29293433689048,54.211990547124024,55.90926501696396,57.11862882632019,58.10783440045975,58.1198364016079,58.1211418809589,58.49803167892651,16.532125137753436,56.752521051909966,53.51450356367914,50.920781997051265,50.07167193147054,46.53231815323397,49.862744735370875,52.758202291351225,54.890707124216135,56.12465963953142,57.209535424185,57.86531380644413,57.69343349328446,57.35270659819772,56.770902364674384,56.47011117490286,54.98371212909391,51.397531856953535,49.1860167696984,42.96774846740312,37.74808830310705,46.238486166713756,51.71343169572899,53.94985464824586,55.32989929410996,55.7072619216514,56.50448378810665,13.979400086720377,11.139433523068368,17.634279935629372,17.16003343634799,18.692317197309762,20.043213737826427,9.542425094393248,3.0102999566398125,6.989700043360188,22.55272505103306,0.0,47.346158353132054,48.7446442237852,48.440171640847794,49.26311571512884,49.4213211943707,49.66620366591048,49.08828029643368,48.721562727482926,48.64143080136019,50.28416700941885,48.545792880149335,49.05714948389766,50.500896140736906,50.12841441135984,49.91226075692495,50.56371179475529,50.772116038330715,51.223207518238574,50.63956014232275,51.62038394644034,52.60133425622763,53.19074813978499,53.83994789441733,54.382353071976496,54.45350401526618,53.86086769897887,11.139433523068368,52.20782551853424,51.81251744342933,49.74442605405437,45.0096335063806,40.76640443670342,16.989700043360187,42.56356886395526,47.279964582940565,50.9203252536298,52.67289089431131,53.86424049979762,54.63123711303215,55.12753749748845,55.21447996571218,54.44747222225778,53.661165080783704,53.012384070005744,50.33443861247556,48.21343183440085,45.44811911757776,45.09807155476508,45.07586039763011,47.66769654867842,49.90272240095869,51.94014546374697,52.259963708534116,46.90063112384906,50.9975313254789,53.7591954370465,56.298385842913696,57.86207503947372,59.30770287046898,60.096089468276176,60.50117476136219,60.622246253307054,60.57162684754255,60.01912325099953,59.120035253892354,57.985297994852615,56.069840141214854,53.050868422617356,48.14067712609202,42.642509821869695,47.562099712095105,52.10588699124028,55.35377678872079,57.35503088877061,58.747838053715626,59.604065561869774,60.23511312551211,60.3105805938023,59.928088061733746,22.55272505103306,58.072711241523145,56.759294938263736,54.80738299954416,52.50744382070266,52.278918441629294,54.254967234851044,56.74869404190564,58.92636019595987,60.68179922635714,61.725121518412074,62.58595383495535,63.15068510957363,63.22613083286831,63.23031079859795,62.795138647635426,62.129385772821635,61.12487699376034,59.44084715612224,57.032096714712,53.33765573269879,47.89587762342296,43.523562011698274,50.510907517283776,55.08184839784478,57.81733838854954,59.59173569536337,0.0,9.542425094393248,12.552725051033061,12.041199826559248,18.692317197309762,6.989700043360188,18.573324964312683,23.979400086720375,11.139433523068368,22.944662261615928,13.010299956639813,54.04867911689591,56.60979252046847,58.92629902517747,60.729553746081784,61.81745574907167,62.67688114340615,63.23035208254029,63.44416837157978,63.31330303379693,62.96951335518908,62.47742562828897,61.241317195570645,59.16269663312515,56.88949907203447,53.412069302581614,49.73723444890207,48.299531203687025,52.86449732965437,56.37834826459324,59.188320969292285,60.66800593912387,61.51931587070459,62.36282504810448,62.90528980158372,62.67233933697987,62.415825872950435,29.29418925714293,61.53094099656974,59.39345500073031,56.360031819999,54.69322658396144,49.78933371794756,51.16052900580242,53.84921228301063,56.670277900306026,58.251351923530834,59.88959179437569,60.94777088393464,61.32445409991523,61.53735617419821,61.319937789232696,61.11539741680101,60.37248360830737,58.45788639287102,57.15081159831154,54.47567316078373,50.10384771498377,43.2292186958309,46.09092600000719,51.971619726499014,54.79306041871031,56.66871636766534,58.01571769357204,20.253058652647702,6.989700043360188,10.0,13.979400086720377
12.30448921378274,10.0,19.138138523837167,17.853298350107668,48.635250871723954,52.862048923340126,55.75014554582114,57.41939864493852,58.534603187022725,59.3432874024447,59.792951900876375,60.073423041423304,59.949933685137395,59.26848999511763,58.98454211374009,57.93580867368156,55.77552688710303,53.60193769691767,50.28249886029437,44.94891711949256,38.94869656745252,46.494127520818964,52.57203230255272,54.64531275852999,56.53283925218699,57.61796327967106,58.212547087331075,58.56330050333622,58.45838191252277,58.09374510837042,22.30448921378274,55.93136475558569,53.87112073854385,51.52447352686544,48.062681810922925,49.209993828886326,51.27791348178668,53.3482555713244,55.60529504385389,56.361025774775804,57.27008228024147,57.95034927177212,57.758870269815425,57.37141733408087,56.55987936657545,55.74450304445052,54.08173798221672,49.715587903472304,47.939579258033845,42.75311354541812,43.94539231372204,49.81877475216869,52.94873874778618,54.70260505576981,55.975778228225515,56.24424430320133,56.74960291795089,0.0,16.020599913279625,10.0,6.989700043360188,9.542425094393248,18.325089127062363,13.010299956639813,12.30448921378274,15.314789170422552,12.30448921378274,13.010299956639813,48.29696069129696,48.78257461817887,48.81915073688455,49.567877231001916,49.68342830958946,50.199051998046144,50.09523130556169,50.17855215103606,50.31650793551264,49.250283147631315,51.08348498996003,51.04176302024953,48.61486617915014,49.078626205128664,49.37803650011097,51.2949654301666,51.30941355557897,51.83053354450681,51.558732583675024,52.55139783733704,52.806352710536345,53.37930240289517,53.97971276749097,53.70374285629403,53.58924215388512,53.96049323895685,12.30448921378274,51.89709230522571,48.441353216866744,44.92997719864907,40.71034675054152,30.663259253620375,43.59854446750358,47.856500980706436,50.772843091798066,52.729966395645576,53.99168192356389,55.038070198464055,54.67075083515206,54.819883785155135,54.5131044583783,54.6551668871213,53.859939272954485,50.629916446225,49.870313378971225,47.43760548325352,44.76961984208253,45.546708351714564,48.6693681773164,50.64015982056994,51.969081460845885,52.18128327429923,52.695526359857524,42.11547681181248,47.061799139927516,51.202711355804524,54.62005457951583,56.64735968518705,58.356969115115774,59.57705435140571,60.399254526339405,60.81959066300478,60.8195223375923,60.82257435606511,60.36032128962753,59.227072971513444,57.917916686199,55.924221588439345,53.461670879370345,49.05520650085998,44.84157424365381,48.234024929261395,52.94944348171001,55.733938349225205,57.564854861445056,58.87975501778088,59.65711920714841,60.134650219690144,60.243119972836794,13.010299956639813,59.127543655147235,57.7340389268128,56.1872673998045,53.70834944059486,51.50725746586194,52.296434527764006,54.95544337546448,57.4678127377502,59.63769888724742,60.92289644440402,62.1120199722074,62.7561398803895,63.21326004913494,63.44995935958143,63.21094878951588,62.89128552631249,61.850741792686954,60.77164338829825,58.932700599173074,56.353842095904,52.565541934531,45.740891697985866,46.00428325732131,52.37272219233184,56.18388073742356,58.617732967186924,22.671717284030137,23.117538610557542,6.020599913279624,12.30448921378274,10.0,11.139433523068368,3.0102999566398125,10.0,13.979400086720377,12.30448921378274,15.68201724066995,52.69256027417774,55.27103789604322,58.075688503095854,60.03533770042913,61.4126786469526,62.467095218332574,63.12881983935749,63.410976426046446,63.57043438630821,63.08383402025673,62.82916074003917,61.906347579723146,60.184083748412874,58.32631519722127,55.293815833357236,50.87160045935873,46.60979252046847,50.54034375838076,55.79621277296232,58.14876600566822,60.341188743168594,61.73733018563402,62.25923322421154,62.66917415620466,62.45321388069936,62.532335391235,38.40670561333409,61.07709460247504,59.256549559213184,57.09047667465689,54.42730552661371,50.818979292145315,52.322971213904424,53.07985680193261,55.92981289228693,58.20957695155569,59.64886334868464,60.791931889816624,61.29058611213117,61.624986898689386,61.48486971480597,61.09384809033745,60.50971818353852,58.75119165462568,57.447137709742265,54.53552245552552,50.351254253194426,42.02433822489233,46.21934077126528,51.34766608037086,54.7589336244102,56.50629966641987,57.92611582961088,17.24275869600789,19.030899869919434,22.30448921378274,18.129133566428553
15.051499783199061,9.542425094393248,13.979400086720377,14.62397997898956,49.51580344903392,52.80061370690415,55.699377750547015,57.2178836426112,58.44278933167965,59.256936078609584,59.93139839136532,60.13100672988594,59.99378514422708,59.415019913473905,59.170946522909176,58.08320377037297,55.87632403356187,53.509647879430986,49.96861768490674,47.335583580496426,42.1916522183034,46.57715402868895,51.34677437718352,54.29794254392264,56.044528640996845,57.294774339780446,58.359288925507244,58.35757137077821,58.40545814595362,58.65991800126275,19.294189257142925,56.98178868226516,54.07623712291122,51.19984601894008,50.601309995310444,46.210204065031924,49.10368234326188,52.49609213540323,54.471363160752375,55.78461559800469,57.07714916803127,57.57557720236338,57.51683179425973,57.12585731062162,56.41779397471545,56.113068652867454,54.4913422138858,51.0770505449186,48.3511959042455,41.22412495411281,37.617023675414124,46.55292140168464,52.06269839092111,54.19006860799459,55.451796552230576,55.9947368211542,56.79155241283354,0.0,6.989700043360188,16.127838567197355,11.139433523068368,12.30448921378274,11.139433523068368,18.325089127062363,0.0,14.14973347970818,15.563025007672874,10.0,46.33720878999598,47.83403281122563,48.223577147665424,48.944988267470315,49.49375367258341,49.77655027061702,49.571761304048465,49.493607273782814,49.634336385409,51.2016576585758,49.555241977891185,50.066243276455715,51.40193678578632,51.16743854719394,50.38608241535005,50.8735898167906,50.896296178217106,51.07209969647869,50.587030645469596,51.22785822918204,52.239940684544905,52.75811024031622,53.334492897796935,53.9212337627696,54.06965750758948,53.318482265095014,19.49390006644913,51.701912835519124,51.226646903912105,48.958919491554774,43.32135358019922,39.20384242178358,30.68927611682072,44.43747874470907,47.98871533990639,51.801975823353395,53.25681878494295,54.29716760042085,55.20196528451295,55.6407042402823,55.650646748373546,54.970983539216284,54.08735050155841,53.70624100841536,51.01461802727619,48.89508993619212,46.20521229342053,45.50680762286439,44.0334361913045,47.09948016510761,49.16116910568686,51.03180899806526,51.41249042203825,45.977500176258445,50.7797803276743,53.6634076038472,56.18388073742356,57.971525449310725,59.28300071568106,60.112827921269854,60.614634117099826,60.74466085463054,60.75802718365467,60.110677751579864,59.21673992588559,58.138777551141374,56.35684762547222,53.61344354674502,49.90680649447501,46.16633028663394,48.6693681773164,52.03818586300151,55.27708504924884,57.17385871986877,58.62751357265439,59.4345741627353,60.02689923993301,60.1329109925676,59.60855906314407,23.010299956639813,57.60712670091302,56.199214584065174,53.73215534966044,51.19130466987279,51.389339402569234,53.96459148399095,56.76211503834673,58.95604845151085,60.74950948743768,61.98210743781222,62.75967484262766,63.31253949073586,63.569563925468906,63.428679990903305,63.08830030907689,62.213411971931436,61.47367726446454,59.60543550249276,57.40369796073076,54.08370573307751,49.43578596675224,44.74347407036775,50.10723865391773,54.69424344100162,57.63742368858716,59.29872909283554,9.542425094393248,13.979400086720377,18.573324964312683,6.989700043360188,20.863598306747484,17.24275869600789,12.30448921378274,18.633228601204557,17.24275869600789,24.14973347970818,15.563025007672874,54.067257803714114,56.637998315246264,59.18082784642187,60.74620817849851,62.08322016559464,62.70638082739714,63.42895606810477,63.584246757967904,63.562989750497074,63.11741149811728,62.51716070184136,61.422721156614045,59.48659876110143,57.197902031012795,53.61586195156881,49.84279717426286,48.547310172139426,53.04630530707381,56.3797478762087,59.08863387223825,60.43473097404865,61.74225581745183,62.7057473271229,62.93722218167372,62.762193128481194,62.175102642940274,42.45438634035767,60.49827545832862,58.70494032517108,57.0384142265593,54.275672477194504,50.04652343430104,51.73535895009906,54.20544866346322,56.91414824494787,58.65843363714038,59.91967288696468,60.93315550236338,61.41932716186144,61.52242465782183,61.388588705254435,61.182518260617975,60.320370291712265,58.606954784537216,57.211516690899906,54.46692466371527,50.45186017491025,43.380578754197565,46.36287252098513,51.62507651816433,54.889129474797905,56.629485017447855,58.05528722794612,20.644579892269185,20.374264979406238,20.681858617461618,13.010299956639813
17.634279935629372,0.0,16.532125137753436,19.138138523837167,48.53266135453093,52.50873578704241,55.549553068889225,57.191397905242106,58.41199866069133,59.15130626413841,59.89657125996168,60.1015276354932,60.11973680813781,59.37591104084353,59.50699696789307,58.35186243576719,56.17009782202668,54.21671368882076,51.2497673571303,48.86857182745566,42.96709056175604,43.74106508804012,50.83248131848247,53.564102385421776,55.44179705718348,56.79460603751507,57.76559543127699,58.029720192279115,58.02015955939575,58.35703885425745,22.576785748691847,56.60353125640189,53.94357106408375,51.53198796113323,49.70853412607623,47.451450853594615,49.81265764028029,52.2825916437937,54.81299273332856,55.846251784185185,57.01593023181029,57.95101063481204,58.137710758829016,57.885416756170336,57.47129696785101,57.27106745254539,56.22393300863426,52.89214245392255,52.12853189947111,48.36222810718678,42.83391697297128,44.649364291217324,49.749765948508404,52.619120403197364,54.17743976072011,54.59188864492907,55.63006187061794,6.989700043360188,9.542425094393248,6.989700043360188,13.979400086720377,14.14973347970818,19.138138523837167,14.62397997898956,11.139433523068368,12.552725051033061,6.989700043360188,9.030899869919436,49.3724700036772,49.783677118536914,48.74742663937555,49.561684304753626,49.71461405024587,50.08672548144371,49.85107485109786,49.29730484090784,48.96200925970138,49.304446920898606,48.84568814918333,48.82137313939908,48.173604029513896,47.93685638664206,47.709403337416056,49.947745270042574,50.056651755283596,50.69172111409646,49.542907617011274,51.1883657293999,52.026762708575404,52.843901225916305,54.11754350044887,54.46863231482517,54.76746151874249,55.156632657698445,9.542425094393248,54.40350119100418,53.12357217002233,51.86360112763403,50.18854388024916,47.03892953632544,39.74695871909683,31.513698502474604,41.52563514256539,46.99664320202373,49.96800522001127,52.21343805999294,53.281450618764254,54.02178815655483,54.37193865432021,54.59924474133142,54.16022737697581,52.84187009343743,51.91260934104708,49.861982661866776,47.29788235181539,44.73121863290729,41.3510083376572,44.87703863163726,48.38609848181629,50.772116038330715,51.75732093808543,50.262635341580186,53.22384708745404,55.37820353896035,57.324460328646055,58.52336628398668,59.490917537739875,60.01832326255581,60.112849079067814,59.98608900691592,59.395122639155524,58.58956852849782,57.11559230911338,54.991507552345176,51.764269836582315,45.18092601516532,36.37289547678174,47.8659527514684,52.87113925745925,55.934743681875005,57.89570136683022,59.29247728856887,60.052066895442984,60.62862023263391,60.82114747187922,60.58125254921909,60.15294774057018,10.0,57.99042645372915,56.27903270651467,54.440213621303656,53.52693719519388,54.01655527750323,55.98278240487537,58.11076755970462,59.79470067172085,61.18413544851511,62.03177083672236,62.691438706206874,62.862203955128926,62.891127065444536,62.637394822630945,61.987824095566815,60.96565567786669,59.57293064063734,57.12737225028478,53.86778892703581,48.002013911267184,41.714631650838434,48.92166979072933,54.29346856941188,57.499039734211365,59.52250810863389,60.84851422651644,20.5307844348342,0.0,16.901960800285135,19.084850188786497,21.13943352306837,20.644579892269185,15.314789170422552,16.020599913279625,14.14973347970818,10.0,15.051499783199061,54.936420469140906,57.425908169450686,59.65822350197337,61.071753604273624,62.051112134966324,62.76785221619222,63.24375067468242,63.3018987133699,63.15668542323313,62.36167550800633,61.90164953120899,60.48488415841228,58.04671577123833,55.05402338652394,50.77360636696437,47.48908667832734,50.13128062437885,54.52376858650911,58.1360767250921,59.99395040931927,61.215532788395855,62.372641716385175,62.887878459622925,62.96244949666527,62.66429507354146,62.31047834608154,41.22314197968806,60.49124949594446,57.9441135868008,56.28414476033196,54.4010583903666,50.81825992210665,52.059672287327615,54.64234618968214,57.076195636425226,58.92696629623937,60.11536612134933,61.133583312670936,61.287900871057836,61.42652216133908,61.28302317164351,61.03853302928596,60.23825514769413,58.065821886550225,56.97218877706358,54.103334360256305,49.54478894313872,41.147777319715615,47.57008635461282,52.376769214667355,55.21458453907474,56.64823363721207,58.08996450011426,19.138138523837167,10.0,17.16003343634799,19.138138523837167
6.020599913279624,15.68201724066995,6.989700043360188,11.139433523068368,49.475366463052936,53.2057205995843,55.22572025091143,56.90422917487085,58.368062567176466,59.20943118083898,59.6513111655542,59.86830830113022,59.82003788167823,59.8756795669548,58.66956287092678,57.73460236071054,57.307540213888394,55.3734173830713,52.60762844936168,46.68199484198662,41.13943352306837,45.013331786455666,49.75597222520748,53.10381017745592,55.405809673508145,57.016241029834234,57.7747467189983,58.56855113410769,58.61583393168913,57.78892537121267,17.24275869600789,55.99534842199782,55.42302465565677,53.361974769052665,48.86265059029757,48.562333066511236,48.5033985458348,51.07386365953068,53.653756528261525,55.90504116980436,56.889507960646675,57.653197872803794,58.18060196484367,58.22304102118934,57.83316027295042,56.24356363125813,54.660263796033036,53.979834359489004,49.308319136998186,44.642211975344495,41.35228090226056,45.449605324682565,47.9658820821185,51.304945885234694,53.62484359705773,55.81144916915696,56.41573253178176,19.54242509439325,11.139433523068368,19.912260756924947,3.0102999566398125,12.041199826559248,18.06179973983887,18.129133566428553,10.0,9.030899869919436,17.634279935629372,12.552725051033061,47.01092850561181,47.17087724927019,49.251521674151554,49.51458948821007,49.71447491052814,49.605896808839546,49.85893302990589,49.986428830113454,50.078544187580356,48.95715292230736,50.40736800284199,50.143062787709226,49.33608751835486,49.88960070390338,50.16653165276714,49.13739698214929,49.260181484144596,49.2787315532222,51.49714726288552,51.8052728291341,52.42822088600764,53.24893330972357,53.459008381618,54.16057729263038,54.42951435728958,54.65932807742469,6.020599913279624,53.914608852760075,52.76742051969621,51.03013064468925,49.34680210893603,44.81456961417008,39.28037206406883,32.951270852521915,44.01745082237063,47.34703842301043,50.734140543819436,52.58871843731639,53.71208292248643,54.58155703438945,54.84222941057154,54.89995020465297,54.40740681631996,53.627104948826826,52.49335352632361,50.39572736592766,47.57282125444405,43.490831687795904,45.00922239190301,47.537745045569736,49.150197272100684,49.92275091344532,50.939886995807385,49.92575607528836,53.2738345855875,55.87234887997994,57.5761008624805,58.9723825119653,59.716700611256044,60.24091421981584,60.420743870022456,60.2735980236125,59.80242054258653,59.03100844218276,57.65748999802148,55.757534453375285,52.83285394761922,47.98968137412551,38.85643871835764,46.2569306365182,51.875320010661206,55.192989082512874,57.234466412431814,58.59720570196596,59.67892747772369,60.19872426322295,60.322769921590826,60.099070478171,59.54606199380862,20.644579892269185,57.25556377825106,55.42572740913486,53.560909008348425,52.54173315323161,54.24522297086633,56.48489791960905,58.47343730558634,60.22135443281168,61.436108429687124,62.32255146253515,62.90659767966552,63.23559401770425,63.23054404771714,62.95044312678986,62.334961499739535,61.27274917730166,59.99184933482559,57.8625439578978,54.88959437748713,49.93810840774909,42.14525955281105,48.711816608152446,54.13361801718941,57.21676268058072,59.0998903809696,60.4712877964992,23.443922736851107,16.020599913279625,18.129133566428553,17.634279935629372,6.020599913279624,22.55272505103306,18.325089127062363,18.573324964312683,15.314789170422552,12.30448921378274,18.129133566428553,55.50680762286439,57.864568251753454,59.67025853924869,61.113976214194935,62.172756961509506,62.944278654624654,63.34319018539526,63.38616635068155,63.185950201123866,62.7507190819141,61.785585576277306,60.410150796616044,58.9108006481101,56.22385012187844,52.10695654378361,46.638987151398695,50.370199036589895,54.77736069844398,57.51183610301461,59.67722501321231,61.24586706869023,62.22923686796211,62.43100086323984,63.179608043075305,62.77487503124292,61.83796373420462,33.29804522164069,60.56270852194406,59.129879079722016,57.09002685854837,52.57594587152616,50.460422943353755,52.19922295845427,54.264868621127974,57.089653390910186,59.04447205779213,60.186576494915265,61.040389285933,61.617236785119616,61.81183072588317,61.52499323545448,60.85028209393208,59.80699957605009,58.82932457911778,56.18468583164109,52.99725153975637,48.15006281903948,42.64935821782686,46.284502378849524,51.4517464421339,54.72829556712706,57.04747475862046,58.146317630633966,21.13943352306837,3.0102999566398125,19.138138523837167,21.13943352306837
14.62397997898956,20.253058652647702,14.14973347970818,6.989700043360188,49.680390876639954,53.26192438127772,54.942353207458396,56.80315566237063,58.10264786355301,59.016283005220096,59.54289796708427,59.70753081683061,59.65312730708236,59.77215412103832,58.761606624213094,57.994570350485795,57.29885314961069,55.558788570875606,53.0022363126563,47.69879281205094,42.72700056789586,44.833447660034615,48.90543967658421,52.50090496693734,54.71850359025098,56.67125941485989,57.46933743238445,58.23516613200128,58.52573308127626,58.05226873980273,12.30448921378274,56.60353125640189,55.76371300516615,53.9490850040393,50.79427276551975,48.284858861449855,47.44707516891029,49.98908550507569,52.47482260677054,55.09817896898333,56.457414861822095,57.14091587049336,57.66392767964999,57.92170282979732,57.622072598400045,56.12783856719736,54.89020008511568,54.17639399796158,49.84581315517643,44.915857879991535,36.74769314015426,40.946807133711545,46.41126932803509,49.87165554770618,52.718276717306374,55.27579638364122,56.18923129009224,15.314789170422552,12.552725051033061,12.041199826559248,14.14973347970818,13.979400086720377,13.979400086720377,16.989700043360187,6.989700043360188,20.374264979406238,6.989700043360188,16.127838567197355,45.20155886944864,45.71953271962552,48.31799411595581,48.60367956881816,49.28395852256714,49.081256389876096,49.45118842209424,49.630555184914144,49.71275848738105,49.976746532502894,50.132797265808655,50.02882812105568,51.08903127667314,51.15134357174837,51.404954728278454,49.0000096515347,49.22424408872787,48.40858554041879,51.23538052062262,50.93116871606861,52.04892881542919,52.718276717306374,52.59698975944044,53.838584343719745,54.11121159584842,54.19403860498235,0.0,53.869481877978586,53.561980103076294,52.53381626465004,50.49392480943729,48.706204132408324,44.987101965211664,37.33116981442065,37.20076572768141,44.945163553737245,48.53266135453093,51.23832048292876,53.1927266312189,54.336562466661604,54.99700825897211,54.844479014036,54.72888033769636,54.783529029344606,53.437491991864185,52.01724770116379,50.194694007418846,47.19704089747535,46.535212356521455,45.75707301476683,46.49772827300677,47.70910895037517,49.033776118209964,52.47209512789139,55.077385154065325,57.15372323246878,58.46501024267572,59.3926459154886,59.89816766030099,60.11225238963021,60.03012650481337,59.63255490482284,58.939464227458714,57.56198551072633,55.66419813633826,53.476226994672416,49.453356174882124,44.60672371877432,45.923100242557794,51.34804818283995,54.37703009726349,56.707179380472645,58.21079672330428,59.20324245403207,59.71989805902358,59.78933371794756,59.787628390409175,59.306500644410534,58.31553052385452,22.380461031287954,55.100729276164316,53.31437419817253,52.64685626310178,53.34286837403884,56.25108634642217,58.27940201665204,59.86395929376343,61.33305092822481,62.176060559175525,62.66232637738672,63.11231758418118,63.31588633776296,63.170281472620985,62.66145582096249,61.645176184601894,60.40035964218227,58.70656682397115,56.17547584886423,52.38610570005447,45.80012112529424,45.745636758152784,52.18519750596482,55.93136475558569,58.28166040814657,59.66667263098043,60.814139233243424,24.099331233312945,6.020599913279624,12.30448921378274,14.14973347970818,11.139433523068368,15.051499783199061,14.62397997898956,18.692317197309762,9.542425094393248,23.117538610557542,-inf,56.96835857708279,58.99892696516433,60.34382166292757,61.691502023214255,62.38817858693268,63.06811752721561,63.33134792524816,63.23042639264757,62.89982047413595,62.32045209693017,61.24676995325472,59.65101938289814,57.8919983250084,54.58578932038861,50.177176488793826,48.56366323659248,52.559909092305475,55.674792556156035,58.286418542532914,60.074012280623386,61.261070445097374,62.162530164535745,62.16451465906924,62.926301568208196,62.53130502594661,61.77223868545074,36.02602520420256,60.190518687843955,58.629252689839994,55.22572025091143,54.125294242648565,51.383816536218035,52.88519736736166,55.55348418430587,57.287529870599236,59.281099842297905,60.30065936351854,61.062929121756575,61.51682356254935,61.623068598538396,61.610303193452694,60.578505068075394,59.521320265817494,58.33596479365107,55.9264412213819,52.66995627373945,47.749328133874,44.10574796542328,46.77771150682378,51.491482645145325,54.68288238707609,57.05228905046848,58.2079041268452,13.979400086720377,12.30448921378274,21.64352855784437,21.702617153949575
6.989700043360188,18.129133566428553,19.912260756924947,22.14843848047698,49.03024837933357,52.62631415024078,55.47608583662644,57.18329763909031,58.31741833645638,59.072033010873824,59.62258024565483,59.81581695833873,59.84783763886252,59.486017059202744,58.87320168291372,57.94823919861849,56.64586510165008,54.68961407985073,51.97581013526231,47.03781295454297,40.75181854618692,44.26348573787507,50.74644589808386,53.485093033545546,55.74976421424979,57.06141469323114,57.69345565284324,58.49818511005542,58.63192552228724,58.14037724843689,13.979400086720377,56.452463542863725,55.359532913383596,53.54392751300135,49.925932784772726,49.70570010923426,49.76336220776418,51.26121662325087,53.995352788652966,55.15551975812646,56.287341846258194,57.25157493305075,57.60784998133519,57.46343015077905,57.12090482176269,56.10374797491037,54.88270026456397,52.41247551263716,49.82529018865603,45.42576476260529,41.61038412422962,46.409284208668325,49.62449840816365,52.485862438551045,54.37690328021848,55.38623996463229,56.199787639834604,16.532125137753436,14.62397997898956,19.294189257142925,10.0,16.532125137753436,21.13943352306837,9.030899869919436,17.16003343634799,19.294189257142925,11.139433523068368,3.0102999566398125,47.37709352440768,47.6850490704858,47.539199468404746,48.424906660235436,48.98385070444296,49.51361807517263,49.92871501114901,50.282865094262775,50.56546601148994,49.24981860911053,51.35253537044109,51.44253427295237,49.16874878538684,49.244447000733665,49.49375367258341,51.138932385138425,50.9711842434465,50.78837293416897,50.41412425367856,51.57894770570113,51.67009970047716,52.55860816746464,53.218634411221224,53.38456493604605,53.68472838440362,54.439276143330055,6.020599913279624,53.73502315702992,51.528415644213695,49.72781203735423,48.85751231305942,41.86956335465412,30.663259253620375,38.105013477665295,45.13923088324495,48.564690816322994,50.90786927949267,53.08873751524561,53.926442017384275,54.52983314759987,54.986550952451196,55.51825573450793,55.3721695969368,53.48982067876348,53.54571311731029,51.89782178281524,49.32904801066704,45.72592821096286,44.470649582664834,46.36287252098513,48.20661134643595,49.132892044689726,50.027706281011945,49.861982661866776,53.34011188761349,55.732720367777716,57.605385813590985,58.78349996909048,59.723218132130526,60.30423620936883,60.54919709829393,60.46889089334413,59.81274832706589,59.303835202629756,57.95925876420047,55.924221588439345,53.18783082434451,49.46063977640822,44.933743907101054,47.12691782387082,51.61179267766518,54.989608190948154,56.954291376895725,58.309798065799896,59.25097986225915,59.72381519814952,59.82553884843821,59.556579306210374,59.128063926612924,6.989700043360188,56.59370375743794,54.35210291881625,52.505102676233875,52.114756307774705,53.88834475885126,56.53694795315082,58.648076290261464,60.30739337542708,61.60401595989167,62.403847343318276,63.01495526899296,63.28157097961339,63.26801248918553,63.08203382965387,62.48771682918072,61.60995547369602,60.07118063966223,58.304763919362934,55.45170991450792,51.206298594695795,45.22091960012432,48.20201459485641,53.39005986554004,56.689075023018624,58.73122885967887,60.17044196525113,11.139433523068368,14.14973347970818,12.30448921378274,13.979400086720377,16.901960800285135,20.681858617461618,20.043213737826427,17.853298350107668,10.0,20.863598306747484,15.051499783199061,55.39226695042995,57.83232332973677,59.80779859498267,61.34580284925805,62.196151719691564,62.99375007228829,63.36317414044803,63.48399112250743,63.307491059014794,62.71587225924378,61.86252083460172,60.71032093691828,58.77048673098648,55.90700315063306,52.24688417457288,47.29229604927858,49.926860391621275,54.3339856544206,57.530166515646414,59.69111053671989,60.818713139118586,61.996986933638034,62.23973843155144,62.52508612953798,62.664560790921385,61.62286237565574,26.283889300503116,60.39391908114126,58.26953521510207,56.48658546802763,52.68486704293541,52.15674568083374,52.514143246923304,54.76657760031162,57.15577191957452,58.77698383533808,60.10469569796392,61.039955204902384,61.45322292853149,61.5580045378824,61.39767351346962,60.754374615856136,59.98060895513592,58.31809007178461,56.6218531871293,53.43688185493428,48.78872076999177,41.754248297903224,47.96636767226257,52.31625031878538,55.06818801647714,56.773742326210225,57.923930904459354,6.020599913279624,16.901960800285135,24.099331233312945,19.49390006644913
9.030899869919436,-inf,3.0102999566398125,6.020599913279624,48.89240056333886,52.6518115658252,55.51792662611539,57.167518562094344,58.31007365308779,59.1409393495329,59.71293016022547,59.94104573564468,59.99193635601649,59.328814853376564,59.31055936931362,58.37073671067181,56.118443414360755,54.227211259715574,51.16650905668053,49.32580295817209,43.86267042105014,45.154764413823756,50.49717949001463,53.47544669645012,55.30631216025174,56.618221471876126,57.71482385068115,57.76620563316041,57.837621248119305,58.22347254281822,18.633228601204557,56.68632816532436,53.862099342561976,51.46481531566843,50.13351327352918,47.134989432928165,49.63457260116708,52.39261930430363,54.49880879983618,55.72087073769068,57.08918651119478,57.779253585160774,57.90865477844317,57.78597620406596,57.34256421709178,57.22565647390837,55.94427911336376,52.74760361232538,51.677218968965846,47.741518589547105,40.7018568637838,42.83346465356047,49.57305522351727,52.249705033330116,54.146424900226926,54.53492634542866,55.61065588672712,20.827853703164504,12.30448921378274,16.989700043360187,12.30448921378274,14.14973347970818,6.989700043360188,15.051499783199061,9.030899869919436,13.979400086720377,16.989700043360187,16.989700043360187,49.13400546394953,49.636461864848435,48.82279715846208,49.369608757528866,49.69103592673178,49.90889145226802,49.38849823608949,49.29142933307151,48.54050856798985,49.48143893743131,48.23539433656859,48.378534789760714,48.45048403522757,48.243406491151134,48.1891836436694,49.727025912848674,49.979540040694026,50.563292203144535,49.63485604311853,51.26384698901287,52.017602502423664,53.06562264367947,54.069419298402615,54.459791846047466,54.83326213942035,55.02461261290367,22.671717284030137,54.27396839097603,53.28404070044299,52.03264122630752,49.931363094492994,47.0205984927033,40.601309995310444,30.83860800866573,40.46300019652969,47.16754357432698,50.164190465102834,52.08067637935191,53.07095789158914,53.939207466288906,54.3469821512315,54.26397386459972,53.85255837113345,53.155190322289755,51.31378035763099,49.68912360840227,46.93885165053516,45.12377507312931,42.29886529245892,45.30558259451653,48.335550677761915,50.89707338845581,51.70804244487251,50.46300019652969,53.09538615312363,55.348494686935695,57.15492747584604,58.44646759789807,59.385127203702936,59.87588067007699,59.990330534286585,59.830527119700754,59.351040211514494,58.392422953652044,56.99071617356524,54.785232082723226,51.6642419295109,45.77687073553896,38.55216194733363,47.924617313469504,52.695526359857524,55.77004381285932,57.7891854957188,59.10928411305619,59.986276348634135,60.490574591396395,60.727956403539956,60.563635508386724,60.00368993509583,19.294189257142925,57.92120521044943,56.42726600687538,54.63716847604778,53.61178011188781,54.24688936935625,56.17662816540108,58.11328299439079,59.72337087776285,61.09490801781974,61.96984033701454,62.54728089540259,62.77710957926129,62.83608066957041,62.560024711212215,61.902745356509286,60.8141068280575,59.47245944518511,57.06487348895934,53.695015811362055,47.978489813638355,42.38572961696629,49.376783407055676,54.34214298366669,57.31164738406272,59.45193740448535,60.67866519362837,18.633228601204557,19.138138523837167,17.24275869600789,21.13943352306837,19.49390006644913,14.62397997898956,22.85557309007774,10.0,6.020599913279624,6.989700043360188,15.563025007672874,55.19493287511623,57.486538681194055,59.601286299431735,60.997514067018685,62.02669190015132,62.692319628790834,63.05899910905302,63.154171594969945,63.052096631306114,62.391304844210154,61.70206544753911,60.362427285392485,57.856323118729584,55.053250180038575,51.021385870637886,47.72064868851765,50.59108817913594,54.803433189765265,58.0259928854385,59.854668925779,61.08968013512947,62.18375831946488,62.43166084641157,62.955954656124035,62.626572713293136,62.43683055157238,36.00428325732131,60.78445217377974,58.31591455222345,57.171943485027995,53.73686049954817,50.29111751104562,52.55513712819533,54.839479895226845,56.96881244460185,58.637420791051454,60.16425737369656,61.01560465899383,61.24916478445732,61.37738854957054,61.13209443014465,60.900198488886694,60.10383075363521,58.019261955910075,56.79306131718387,53.906949429480676,49.989216119302775,42.929866665841004,47.67259787369816,52.32927532165009,54.88191005583697,56.70150260649281,57.99512854348484,19.084850188786497,9.030899869919436,15.314789170422552,15.051499783199061
10.0,13.010299956639813,9.030899869919436,11.139433523068368,50.236680308154604,53.32084820464515,55.142621134456355,56.8837799244603,58.21320247283745,59.173085357120385,59.60939068304199,59.81119278638508,59.703561757982335,59.62914584574602,58.81653938572833,57.848604009616544,56.700026543214136,54.816890887574544,51.99231185477459,48.098558765326715,43.54588587877241,46.69326180134252,49.518521490539136,53.29487373451916,55.22564202197099,56.68931703566257,57.85910404646173,58.13397492078073,58.30694503040439,58.18901230797003,19.294189257142925,56.56582079621999,54.586695702466976,52.33313461142046,50.857791967997024,46.36949026654694,47.71006563530642,51.59115821827769,53.463099341260744,55.88644759637363,56.94037174032754,57.51929288739888,57.647535618352286,57.71857820360167,57.39329419680743,56.29213816621367,54.727052668169506,53.41066355930505,49.26928657105,43.21805483857539,33.287872003545345,42.46720103107109,48.85101017799527,51.584861277851566,53.71284031673956,55.55439085968318,56.13652635390228,18.692317197309762,10.0,10.0,11.139433523068368,11.139433523068368,3.0102999566398125,10.0,13.010299956639813,15.68201724066995,10.0,6.989700043360188,45.80879378060804,46.86001342233141,49.19752556189443,49.284060949303125,49.66446805470068,49.37563024202633,49.29132707997081,49.175947749390346,49.093420383613086,50.05395031886706,48.32464203620092,48.54476081872236,51.121288933070225,51.151776655262495,51.168533762827636,48.56565772813531,48.72797039989599,49.250283147631315,51.33810257633592,51.27577727296238,52.47924190766308,53.37419324329673,53.40816773916166,54.547915223232636,54.83230586902103,53.989394722179604,11.139433523068368,53.17101812398005,53.35357590149176,52.0738928400275,48.05364907466445,46.75457541641209,41.47676324241098,27.98650645445269,42.007684447831714,48.01492892459673,50.78721374329213,52.59541320818005,53.98982799673356,54.708586679622044,55.11483626149294,54.32035596443025,53.75460590987647,54.150167752476804,51.30941355557897,49.20065903753081,46.364878963533656,45.13976286239967,44.757873719746414,46.54301708501481,48.48804701051804,50.333594107973134,50.94345329238209,50.20659550455771,53.387054443032554,55.70659670021534,57.478808101295094,58.788089323592054,59.674824527121515,60.04184183859205,60.24653934471492,60.07353833364461,59.87391839957935,58.7113433355841,57.39860196559593,55.938230635227725,53.061783211191724,48.48324620369303,41.092747382302946,46.839920864455536,51.91330826260987,55.13676963166378,57.211590970821675,58.59391111630114,59.56687448021634,59.964560683939816,60.255172251008524,60.10995796881025,59.261638551885,12.30448921378274,56.97432489244783,55.74272089618582,53.95810226361177,52.611629100667194,54.375761760140904,56.50883285887713,58.43696733042876,60.19918889261131,61.32568646110073,62.1929210412038,62.78988056675708,63.16862564380461,63.195184952404816,62.91564194622893,62.15778428572204,61.187199508679065,59.95419748651118,57.672998646503856,54.667519907317754,49.78294669778629,43.455109576969505,48.78343675263225,54.03991668998878,57.05925261470885,58.87171526000888,60.30986893061328,14.62397997898956,19.54242509439325,20.043213737826427,13.010299956639813,15.314789170422552,16.532125137753436,3.0102999566398125,15.051499783199061,19.54242509439325,14.14973347970818,16.532125137753436,55.71198556325342,57.92988084486102,59.60183848628298,61.09862247274443,62.072639956720586,62.82486615425781,63.18431493999149,63.22121050346859,63.01203678722446,62.65090587563706,61.64907268338574,60.422418871141815,58.57899724604478,55.914842222443106,51.89695200702544,48.69055618701908,50.73384713381745,54.775524397852074,57.32876844718386,59.696488404807255,61.02070269407495,61.74541540420779,62.8173857974942,63.1689459734708,62.93837256425206,62.07863973882776,37.82830805202592,60.61423826769985,58.99515185658505,55.4600563243281,53.33086388111296,50.783190400212945,51.87436109773708,54.72056920715975,56.84026249660997,59.012321242192264,60.01870814025498,60.829899071480725,61.412697468995376,61.60854032681674,61.28970520040322,60.706543118744946,59.84016660971653,58.65045314262598,56.385651270641645,53.36099340085085,49.13570155411496,44.0389229555942,45.95330849805335,51.32323740040991,54.78165201060622,57.04165965775836,57.98718304497763,24.232458739368077,14.62397997898956,21.5836249209525,20.043213737826427
3.0102999566398125,11.139433523068368,18.692317197309762,17.16003343634799,48.60661360675068,52.60045138624229,55.47393146068433,57.216169112938566,58.49041468476655,59.12987377336253,59.71277704693464,60.02274081774949,59.86657996901627,59.61694874327379,59.205042108691366,58.16993866704764,56.60865478003869,54.77736069844398,52.114756307774705,47.33582420241032,40.0881300905209,43.46059433052574,50.570000809129766,53.45514877835252,55.75512289530384,57.10899744554143,57.80122808375505,58.40924332269418,58.48958460827495,58.078251372763916,17.24275869600789,56.34295856390155,55.17591730711908,53.06015203400538,49.30036717064822,48.9024212194162,49.862072324514145,51.67624482070216,54.42197464310213,55.67882341525299,56.78454641420398,57.586674383898185,57.96513971795561,57.81877390670729,57.37641817635563,56.734089247750305,55.42418318454245,52.96518207158,50.920781997051265,47.15944876980737,43.15235409617727,45.782379611606316,49.15595039159146,52.46658580465039,54.39765193631729,55.166807754068266,56.007943519859495,16.020599913279625,16.020599913279625,14.62397997898956,6.989700043360188,12.041199826559248,13.010299956639813,15.68201724066995,9.030899869919436,19.294189257142925,9.030899869919436,15.314789170422552,48.383074585565524,48.557976931920585,48.14786798490221,48.96272621303674,49.171903085115645,49.72781203735423,49.925932784772726,49.7228617047618,50.05201969210976,48.8320703335239,50.424534360919495,50.57106713254143,47.967199986212705,48.16718430207881,48.43867866412847,50.60743155674444,50.61968650903645,50.620326586560566,50.263289387223494,51.58947189501965,52.17497104453355,52.798220215298045,53.94623263294923,54.03197760361017,54.407233657358375,55.04309076359148,18.325089127062363,54.43421026241389,52.21542029427162,50.63716060094898,49.77147211335466,43.953788198221545,34.95544337546448,34.583356259919476,44.547381780865685,48.000568889250985,50.65512492839481,52.77354750918401,53.744477175315744,54.26226518098315,54.64025794138352,55.391388535767746,54.79640082446602,53.27501972540084,52.954791326780175,51.407248219166334,48.68996902487136,45.07329544048116,44.02398958913232,46.70811552076736,49.07690767324928,49.59785259728594,50.71016236415225,50.08259414991275,53.36099340085085,55.73210544739362,57.5621377785507,58.866463664709094,59.73752972349304,60.25830798388782,60.479287378919786,60.30853020261396,59.693879525817536,59.07429097687019,57.7853109189887,55.3344284566018,52.459097669617435,47.53406854314892,40.616409340616855,46.44438589467838,51.73165864836526,55.22059327637962,57.34109048209352,58.73898114204913,59.60088163518012,60.26779961956503,60.320918895447235,60.08702346678729,59.69863955079405,21.367205671564065,57.34551819027732,55.216244304018254,53.192914020518586,52.78124561498471,54.01987819788788,56.42710781447978,58.46562861830864,60.123723230298495,61.486239371818144,62.36896086320031,62.95092084945458,63.22788261256428,63.169303961022216,62.85620760871712,62.35471126353236,61.33858125203335,59.97360605589552,57.9101447576005,54.88049861110849,50.042267646802685,42.81169773409736,48.23265509001966,53.87678073718292,57.1014106864719,59.210920997179606,60.510907517283776,19.084850188786497,13.010299956639813,17.24275869600789,14.62397997898956,10.0,19.49390006644913,12.041199826559248,13.010299956639813,12.30448921378274,18.692317197309762,20.043213737826427,55.13803369183894,57.63464682409057,59.759980900536895,61.13751218022395,62.19922295845427,62.96244949666527,63.357554860141185,63.42652598620441,63.270279269742176,62.69366520268109,61.89279712637177,60.58351990678623,58.43946254090055,55.95029711037399,51.95492829511201,46.89876889263492,49.75289318163653,54.719382696255934,57.84247021803579,59.908594296047156,61.08581935182454,62.17465255988663,62.926071318543606,62.879472165965716,62.89732058868456,62.111873095696424,40.006943158663546,60.27020806013026,59.40859999491757,57.08632471538809,53.45226653349836,50.84679924330728,52.02163973621052,54.381466362467485,57.072200447376915,58.980446927374395,60.227157435650284,61.10783921067022,61.6215112241039,61.66746468124346,61.427910340927944,60.925648600829575,60.083659302057754,58.49960255730609,56.59805949403089,53.50751817816416,48.80339037812436,40.63746061613443,47.347438395825385,52.349447872964774,55.107393269132956,56.774755496387854,57.942265547404396,12.30448921378274,13.010299956639813,15.051499783199061,16.127838567197355
14.14973347970818,13.979400086720377,14.62397997898956,20.863598306747484,49.3070457627187,52.809719704943916,55.71789163036327,57.25559645857033,58.48091774837557,59.18252672206667,59.9296199545622,59.99396780527893,60.0293975597281,59.275453802729416,59.214122893187884,58.20201459485641,55.83844632534202,53.651977342804564,50.28672901489234,47.71183126939401,42.38547887681328,46.36698473102621,51.20879803671129,54.20935520502595,55.86673929905294,57.09439574132411,58.17836305939381,58.13738400126237,58.16300969943363,58.582158692336535,16.532125137753436,56.75694956458891,53.67210510549995,50.89085180856657,50.084809373025834,46.88571086767393,49.9535873740881,52.70879054464907,54.78533309033266,56.14074228746004,57.120061999556654,57.722842912285174,57.59699565910678,57.33186026286941,56.71672595620886,56.52147670469822,55.01044191800752,51.518783237050066,49.140891713534984,43.5581535511577,36.70245853074124,46.0182106365178,51.821177926146646,53.94262511390988,55.28830603784711,55.74231576047802,56.49378675451661,14.14973347970818,19.54242509439325,22.30448921378274,15.563025007672874,10.0,21.13943352306837,6.020599913279624,16.989700043360187,12.30448921378274,16.532125137753436,20.969100130080562,47.555699806288,48.37234798784421,48.36476028894998,48.8447816220561,49.66990711049519,49.62393015203404,49.19998030964018,48.79353969925782,49.04288071404978,50.3081823084552,48.756457198482494,49.320676922007216,50.40800061256529,50.12373167222489,49.902766813932175,50.534933231658066,50.80673376651764,51.19420863442087,50.463741849617854,51.670217957902565,52.349827110941604,53.35122772905335,53.962586443019816,54.357583900920346,54.597211001995646,53.903733388690256,14.14973347970818,52.44257323451158,51.90020575868093,49.81954444469974,44.63071380812248,40.43951418263276,15.563025007672874,43.16494539222311,47.722410026150264,51.09227459996097,52.6708720882058,53.93717312756108,54.75406754673558,55.15239151325449,55.134440136214465,54.55711060738384,53.592623666497666,52.99298054772852,50.42913996325297,48.27123620402744,45.99118565055363,45.228613731536164,44.849401294680284,48.16486557381032,50.282865094262775,52.020439869494965,52.04187835867828,47.06555638218465,51.131542242834875,53.77484741478415,56.21280167550415,57.86769162570878,59.24839887790283,60.054160490864064,60.52295623988908,60.644868164383595,60.59588407100195,59.979112401241665,59.17174542452816,57.91216806166599,56.02126216186935,53.07951487311058,48.21238322549973,43.10055737750892,47.50970984437319,52.06526352348828,55.44837924053822,57.400886026864555,58.786745759424484,59.59093409094357,60.18935469939113,60.293594240407884,59.89601082431374,18.633228601204557,58.10794854209378,56.761886202394095,54.81690521257044,52.55349706149089,52.31291146418349,54.34372469096943,56.823120805988864,58.89621001687689,60.6856950463515,61.768647720987914,62.59639981408607,63.11123783142392,63.32293401535669,63.27251215997186,62.868429859603964,62.119744014139606,61.14815408092702,59.34058884449304,57.0951163966982,53.48859548704941,47.83796421033452,43.66833708239003,50.54275905078016,54.990764422896504,57.85665749322079,59.588222808293246,23.521825181113627,16.532125137753436,16.020599913279625,18.325089127062363,20.043213737826427,12.552725051033061,17.24275869600789,23.521825181113627,17.24275869600789,17.634279935629372,19.030899869919434,54.10676026754955,56.55983141876537,59.054774608777436,60.62344279263502,61.86877545379586,62.65936577328516,63.25237469828544,63.422457684958935,63.41036453268366,62.93267286796592,62.391304844210154,61.33317233886372,59.347634919841276,56.9405825778174,53.527419150207535,49.64730921053629,48.11789419344167,53.020212265046894,56.915456118648564,59.16151152924528,60.55316011762571,62.229229069979375,62.53111347227637,62.74962165848993,63.131194217656265,62.59963039473581,30.10723865391773,61.2062985946958,59.080156200259864,56.04361073910027,54.800126951638504,51.335197478968844,51.33695353935857,54.3093247258941,56.642676818354616,58.69490458677255,59.89443143007585,60.99427171171068,61.302452920887525,61.55069912611399,61.29246995359553,61.161193862676114,60.408435478303005,58.34955770646139,57.02744941433437,54.41038092421571,50.07649645371551,42.77494609611012,46.446551902884934,51.804355652748015,54.88444950096081,56.73360096017874,58.0322829963979,19.294189257142925,23.521825181113627,20.969100130080562,11.139433523068368
6.020599913279624,10.0,16.127838567197355,0.0,10.0,13.010299956639813,16.532125137753436,11.139433523068368,20.043213737826427,18.129133566428553,13.979400086720377,13.979400086720377,17.16003343634799,17.16003343634799,3.0102999566398125,10.0,10.0,19.49390006644913,12.30448921378274,6.989700043360188,12.30448921378274,17.24275869600789,15.314789170422552,9.542425094393248,13.979400086720377,13.010299956639813,14.62397997898956,9.030899869919436,18.129133566428553,17.634279935629372,13.979400086720377,6.989700043360188,16.989700043360187,6.989700043360188,6.989700043360188,12.041199826559248,16.127838567197355,14.62397997898956,6.989700043360188,13.010299956639813,14.62397997898956,15.051499783199061,16.901960800285135,13.010299956639813,16.901960800285135,0.0,0.0,13.979400086720377,12.552725051033061,16.020599913279625,16.127838567197355,13.010299956639813,0.0,13.979400086720377,21.5836249209525,3.0102999566398125,21.84691430817599,16.989700043360187,17.24275869600789,13.010299956639813,12.552725051033061,18.325089127062363,15.314789170422552,11.139433523068368,15.051499783199061,18.692317197309762,16.532125137753436,16.020599913279625,36.65111737075051,34.360035356698965,31.501421618485587,27.85329835010767,27.39572344450092,20.5307844348342,25.010592622177516,31.64352855784437,34.948500216800944,34.04149249209695,37.31508183596026,36.91346764134822,39.63220986522988,38.62191031051597,38.46646328577117,37.35918116531297,35.79326203755255,36.71080232738849,34.153072922255674,34.1929472175346,32.17220655644519,28.2020145948564,22.04119982655925,26.665179805548807,27.67897616018091,32.85557309007774,16.127838567197355,35.22313795156667,35.59308010907012,35.35800290824898,33.67169488534681,35.56423121371285,33.376588910261425,34.11282913017384,32.19584526214255,27.671558660821805,23.384564936046047,17.634279935629372,25.888317255942074,29.20123326290724,30.402066275747114,32.304489213782745,34.55910240382743,33.44392273685111,35.689054149828785,36.20864475265121,35.296869537729165,36.859207921945355,31.613680022349747,32.86231854028553,30.10723865391773,29.329808219231982,23.26335860928751,54.173803405884186,57.56818610482139,59.971175979116595,61.90499779633488,63.18556855622401,64.17325685928576,64.9131419903431,65.23959270973509,65.23288786216084,64.8657399194572,64.23543714186717,63.12850076255711,61.4434034167381,59.0355226449607,55.61989347207592,52.268833283909174,53.62356164152661,57.38685447088894,60.322644931592436,62.158957372654925,63.610887643336575,64.45788778116038,64.7701932832141,64.85166139801503,64.50111251845837,63.782039697003505,27.723217067229196,60.846924317059134,58.174463684679544,55.18295421627791,54.198318825911464,57.26502262830962,60.545444964895424,62.88689111651056,64.83106240263061,66.19188739654659,67.08527803308665,67.74126801376121,68.03507438995798,68.06749611748323,67.87009438464918,67.23847099495379,66.47131025812693,65.13003997224011,63.415983186667624,60.704387109381955,56.63650050605117,50.89092255842719,52.554461881617705,57.76413495721857,61.24345410955736,63.48363479109835,64.89245595484252,65.28060759788129,65.40937936726438,23.59835482339888,20.253058652647702,13.010299956639813,21.613680022349747,13.979400086720377,20.5307844348342,-inf,23.384564936046047,19.54242509439325,18.573324964312683,19.294189257142925,12.552725051033061,23.873898263387293,17.16003343634799,18.129133566428553,18.06179973983887,11.139433523068368,21.64352855784437,17.853298350107668,22.671717284030137,19.138138523837167,18.325089127062363,3.0102999566398125,20.969100130080562,22.04119982655925,20.644579892269185,10.0,10.0,20.969100130080562,22.278867046136735,27.67897616018091,12.041199826559248,20.0,29.074113607745858,34.53624073591451,33.91993072259713,32.69746373130767,31.809855807867304,12.552725051033061,14.14973347970818,31.658376246901284,26.532125137753436,17.24275869600789,22.278867046136735,27.67897616018091,20.681858617461618,15.68201724066995,19.294189257142925,20.681858617461618,6.989700043360188,25.4282542695918,20.0,16.532125137753436,17.853298350107668,14.62397997898956,16.127838567197355,20.969100130080562,20.5307844348342,18.573324964312683,15.314789170422552,15.563025007672874,10.0,18.633228601204557,14.62397997898956,12.552725051033061,14.14973347970818
16.127838567197355,13.979400086720377,19.294189257142925,10.0,50.396718430676955,53.27747071252456,55.22607226370647,56.97599817539057,58.33780553867104,59.22958368314265,59.72932839320491,59.8171941910701,59.86641426374512,59.744126641481586,58.782057255344995,57.93380334482536,56.93475442464701,54.91711790170768,52.157168552495236,47.84203481756495,43.87710089398606,46.476372122701136,49.61083969720243,53.14882198164818,55.334288581265234,56.784673896927,57.7578878883253,58.20418224108697,58.28015064223977,57.95732679665931,20.644579892269185,56.1244476282634,54.65061473636173,52.401197333673196,49.77174676020187,45.660601933870396,47.70623763047193,51.664093903674406,53.87299042184411,56.18591932285227,57.376608873504736,57.92128231013741,58.18928907766324,58.23225057866462,57.874215067074275,56.651427234677726,55.18299371728511,54.307488828177426,50.01824541797535,44.70366383000007,35.61697532653994,41.42921057515615,48.04016694417492,51.097135047929505,53.38874649301381,55.416453814607806,56.12445822907261,9.030899869919436,17.24275869600789,13.010299956639813,15.314789170422552,18.325089127062363,9.542425094393248,17.24275869600789,15.051499783199061,6.989700043360188,12.552725051033061,12.30448921378274,46.58440706411126,47.794882648631365,49.93581705804153,50.03503614742536,50.268150763557955,49.96730515435153,49.769961245152636,49.60194796326708,49.02617434745992,49.62752785240488,48.43513078608807,48.15478128073365,50.17371456232196,50.18471643392513,50.01595270193259,47.098802585760104,47.81877390670729,48.27692288674445,51.05169427999331,51.25887718216834,52.59835086602176,53.60307449923611,53.78588657879494,54.96068504532158,55.171444131816855,54.63979540772959,14.62397997898956,53.71955871430771,53.9756809339307,52.542337826501466,49.189734304929544,47.73054693364263,42.58278015243032,31.37670537236755,41.44262773761991,47.45590015265257,50.41747871723266,52.32121562002782,53.753782573317004,54.49078633473634,54.8268639663916,54.26161407701926,53.53723937588949,53.70226179148217,50.90049852144588,48.55840063680713,45.24902179460859,43.03563215917248,44.288148720261525,46.4252387306301,49.096897200170204,50.838178347364504,51.176291924517415,50.09506135223509,53.10958692419998,55.56109438091557,57.264835120543516,58.72679442665902,59.45628584801058,59.94370831142254,60.110271300677965,59.848606695286875,59.63933669153826,58.48118268850551,56.974115686742586,55.262061250406404,51.86396870534744,45.984074586221965,37.017406324372125,48.08683509128969,52.86126244496354,55.7821960949412,57.85962305059475,59.28154567435,60.208487614431256,60.57311906831192,60.90878886456055,60.675922917012215,59.970480796992156,17.24275869600789,57.804649327679,56.63007951029556,54.814139612537446,53.089185339347,54.376316703210634,56.318748054027225,58.171579861586295,59.971175979116595,61.05823445037387,62.0463675694226,62.60970067529068,63.03076988234126,62.95904069677351,62.64653751442481,62.00890151633293,60.927220478950204,59.61315236718866,57.16212088883665,53.99024389964257,48.41190475748978,41.012313867907,49.62776443876409,54.67621422757092,57.645123748551576,59.35741479843529,60.72114918066616,9.030899869919436,18.633228601204557,21.958996524092335,12.552725051033061,18.06179973983887,14.62397997898956,19.138138523837167,13.979400086720377,20.681858617461618,19.912260756924947,18.692317197309762,55.53574786561404,57.655977805949576,59.46279790313456,60.945333159974254,62.11242852982921,62.72388426739889,63.227748362000185,63.270044054216,63.00707194928598,62.64712541043365,61.65718140216796,60.27330441304273,58.46679710784541,55.49655440636751,51.427553958774666,47.353593330017105,51.227923696599696,55.23180475106287,57.67827204208479,59.812430915031136,61.41537564133063,62.19767321001627,62.837499939242804,63.18314651923335,63.06554760350358,62.78223209364535,36.262376851469,60.145810165636235,58.78802043297583,57.69525020171051,53.38251250932742,50.078885382707185,50.11185455112202,54.20183569479221,56.83350577865265,58.86671737481876,60.226798839394995,61.05630748619213,61.59750316213157,61.72733666858097,61.37592085117405,60.882672435543284,59.79854640050159,58.77252100113468,56.240891478307034,53.47856704851325,48.556463362645765,43.29316505090259,46.0147329767001,51.25077688611374,54.814540948719085,57.165391995636476,58.22096127032932,19.49390006644913,15.68201724066995,13.979400086720377,12.041199826559248
15.051499783199061,10.0,12.30448921378274,15.314789170422552,50.00702987794189,53.468241825579796,55.5575808520424,57.288608392672735,58.48649656085419,59.29619676640022,59.67527384181974,59.862924027351326,59.65730719205574,59.54879489870287,58.42869987602744,57.37968270947266,56.582213344477104,54.341359905263985,51.20695648207146,43.86534635090479,41.56972941896298,47.501225267834,51.465373204143916,54.25697213362591,56.261606575404606,57.47260283381111,57.982396319118095,58.71061871962767,58.656848178153126,57.51631632626204,19.86771734266245,55.1385924222314,54.439963646963605,52.080380493531806,47.39366618927826,48.46101960297892,50.433622780211294,52.94477248724299,55.17227577850921,56.71662421204946,57.51233670091932,57.8810046311196,58.18994139358949,57.96339084476203,57.30273417217853,55.3046864688893,53.42827175888033,51.880195908478484,46.42395265030891,41.591459278540476,45.450595846940026,49.31971194166093,51.118973563762395,53.44521953126726,55.049341346210994,56.3775882864969,56.66039431477302,14.14973347970818,10.0,10.0,6.020599913279624,0.0,0.0,19.912260756924947,15.314789170422552,13.010299956639813,3.0102999566398125,14.62397997898956,47.4149826548613,48.50260160210945,49.82316469692065,50.04703900405944,49.72619339059624,49.767716864682264,50.277001641460956,50.14541538950471,50.02122846225162,48.651395225299304,50.14369307387796,49.61553972594194,49.651169982845936,50.02187667909688,50.19319883193299,49.35129234915682,49.77032756450076,50.63547262925005,52.507809510550416,53.02633919813779,53.91339201309657,54.049653528694144,54.39378489742794,54.32372728020671,54.12897142468451,54.242836620640205,16.127838567197355,52.14149481337109,49.62852142851594,46.35745049128339,41.684090835196265,32.57678574869185,42.44326610230636,46.652056284346,50.16138774198267,52.0047018720664,53.62048717714715,54.51302764308192,54.65079334199536,54.78458269199155,54.438901095470754,53.77382755941038,52.77090960334402,50.58794107632114,48.19280646972481,44.20434364509439,42.40798771117332,45.971025620238166,49.824250184373525,51.45895315578768,52.69942356504208,52.3272427381708,52.630202831040464,43.49724222634397,47.14932993168421,51.692305099129996,54.59633695475458,56.67707850961732,58.25507256391488,59.33708428144204,60.23490330223488,60.638885405302986,60.83161356786328,60.63267665535456,60.09785623964823,59.07627379296371,57.53375436424332,55.50870145094763,52.20155177659785,46.573236171121465,40.199051998046144,48.678680090143196,53.02698818991789,56.12534860468266,57.89508793812004,59.239384379812776,60.01246372160871,60.41959661418852,60.49219573719134,22.671717284030137,59.46924622624799,58.42609863596438,56.792552347804815,54.680222264940916,52.98787599944235,53.261985857907945,55.072093439360515,57.465446845779525,59.24705615961,60.700101447986306,61.843376063816464,62.674918145659156,63.089893233729285,63.239797845027766,63.06435536277675,62.56661231113762,61.72092744250554,60.45360537766349,58.578177905471414,55.921823109982334,51.60687573985564,44.06965750758948,46.582976503081895,52.85215139217265,56.44117427660747,58.71200356581984,16.901960800285135,13.010299956639813,22.92256071356476,15.314789170422552,16.901960800285135,6.989700043360188,19.294189257142925,18.129133566428553,20.681858617461618,12.041199826559248,12.552725051033061,53.21656415366263,55.53844205290322,57.65075930857318,59.64497696002752,61.06641282431716,62.320691348608264,63.03132096906543,63.38182482909752,63.428388118777576,63.144556489773905,62.59625649542368,61.68386980706974,60.341188743168594,58.28033132563558,55.1772623170783,50.13309210681348,45.24318214760929,51.67553621196824,55.68053804001554,58.24454523166615,60.34146977106046,61.268704105668775,62.63420642972146,62.9523999154211,62.698894030507795,62.340847984435484,24.857214264815802,60.46081353458328,60.04168698889121,58.214611216855225,54.60915875371039,51.45895315578768,50.5467432635184,52.93532702929399,55.81228078101479,58.15062797550056,59.64712079235717,60.808753053257604,61.40960328468681,61.71635490872707,61.66496718318822,60.925371357947704,60.03452345926049,58.92790030352131,56.62403642876919,53.91614264306006,49.07953889866881,42.96358004741391,45.622928644564745,51.18390398615371,54.40249271727592,56.64034290353952,57.96675610528961,21.335389083702175,14.62397997898956,16.901960800285135,18.692317197309762
13.010299956639813,15.563025007672874,10.0,18.129133566428553,48.929234251285834,52.75804120075954,55.53184925848224,57.38832068461163,58.309253248774134,59.175947749390346,59.854246776181405,59.98676427052431,60.04906202399788,59.295180357333315,59.35001133820713,58.37184887176693,56.11519385957038,54.11459761879543,51.10030490848308,48.10561811539061,41.210014349896404,44.23213095757849,51.21917505628577,53.70048384673895,55.84557360525675,57.22229050376384,57.98366776807078,58.4494228649541,58.45451535902862,58.65114639313287,17.853298350107668,57.24808168565719,54.865792328885576,52.874097926415445,50.52359148432376,48.18047651099519,49.53479411322143,51.73541719735893,54.13219269613846,55.16775920951949,56.33574491286451,57.354088542868816,57.57563791981593,57.33283954797805,56.84603022328371,56.560387580819665,55.48954186430289,51.75819015868577,50.8466562974658,46.65477798644703,38.97242102805365,45.20155886944864,50.66672477072815,53.25731115207729,54.810439839939455,55.15834119838739,56.22628426129325,21.702617153949575,10.0,13.010299956639813,19.294189257142925,16.532125137753436,3.0102999566398125,17.634279935629372,3.0102999566398125,16.989700043360187,14.14973347970818,9.030899869919436,47.046651854545296,47.81798443044012,46.80235768364048,48.17889151872296,48.541420115135324,49.93757974203031,49.78294669778629,50.05455078330471,50.19569050517801,50.16782712486841,51.01544310050539,51.04230965930802,49.83869748486738,49.49633923799262,49.40561306591319,51.209028176145274,51.22314197968806,51.080031894158665,49.585686609127606,50.75765878215734,51.335197478968844,52.29049262001443,53.27548960509844,53.46331454821539,53.922342799759406,54.429451710906875,12.041199826559248,53.610929245522215,51.871398411728784,50.387035956925544,47.93189497720696,43.83707676312093,32.27886704613673,38.106357002755374,45.02167558310291,49.12041284369323,51.4923451289587,53.248131639652584,54.09684642576755,54.813064422152834,55.25018878234073,55.491565875284934,55.25113510878448,53.73517017303989,53.33527878521092,51.55278330168645,49.00836677568152,46.62653966234103,42.216749970707696,43.97000918007696,47.85742574558299,49.988954886920276,50.91121549314842,50.04084812371414,53.53469979951886,55.617165959165604,57.72270351298581,58.795001531135505,59.88324356670309,60.45849290711216,60.58763762057653,60.485913335974985,59.84774318394679,59.19206268818513,57.95026572401269,55.96275928829378,53.31923060756183,49.07465106765856,44.559558411893825,47.65676004000134,51.84830496325378,55.05238185428311,57.00511616149471,58.466815652763856,59.40483114693801,59.724551003810866,59.97475942937912,59.742449549499305,59.21231137858828,25.05149978319906,56.548548978679946,54.3316956502225,52.2049511784349,51.556183889258776,53.555990057781734,56.32887324324724,58.587494807928735,60.32007982638266,61.75174509858888,62.484747463340675,63.113095942728094,63.38861513391344,63.38838226028862,63.21598430465344,62.51169854491788,61.6594077590658,60.189566734811535,58.29924209698471,55.35154819591039,50.80178976405419,44.92033629731958,47.764251231853464,53.13517113831566,56.49656078856174,58.72287415708813,60.249357378558834,21.367205671564065,21.613680022349747,15.68201724066995,24.16640507338281,14.62397997898956,16.532125137753436,9.030899869919436,18.129133566428553,15.68201724066995,17.16003343634799,11.139433523068368,55.229265150460584,57.84356209606016,59.84409385257226,61.46985850179287,62.374793934532384,63.08125629243246,63.430446581804716,63.57560582990584,63.51339361897503,62.63692156406063,62.16589429834832,60.95805501700084,58.72809845696259,56.043092308776636,52.01803914110988,46.72781103004268,49.317425606250616,53.9299927169901,58.01283627802488,59.631061111234686,61.27491601890156,61.93250414170371,62.4470699562233,62.635217406065394,62.23011015343733,62.62175711951742,27.87460474518415,60.478882887664405,58.66075753640125,56.786294422523255,53.75718468746791,50.27463773476573,52.412724699016955,54.5649356942351,57.30812142475499,59.10174404943283,60.13895107789453,61.23964281693831,61.459418695761215,61.4930534696923,61.46937550170556,61.05819360487971,60.26198528613003,58.08641001918531,56.96546842333191,53.851520822783314,49.27791106535692,41.00542850012465,47.52048447819439,52.25136046404097,55.24359767083003,56.711376532504325,58.116420214531516,11.139433523068368,23.26335860928751,19.294189257142925,3.0102999566398125
15.051499783199061,0.0,9.542425094393248,21.613680022349747,50.175550144148445,53.419525988379306,55.24058422636234,57.010055420689945,58.20349265281736,59.19052975824346,59.66832767290239,59.85259820340466,59.697606016227034,59.68371792301407,58.70136925277107,57.75177758228567,57.120247434476276,55.258478330590215,52.553207573651086,45.78341174838012,40.98020386209668,46.158238460618946,49.892539850248305,53.25289837207551,55.612409558739046,57.03312877313334,57.815435595823466,58.655854013123445,58.771431949511125,58.11658773733116,15.314789170422552,56.39486489268586,55.666460448894,53.71003175297623,50.05201969210976,48.500393917493014,47.97959643737197,50.60641189552578,53.19730494330224,55.458141159612836,56.62112519595069,57.221607115490414,57.76289207759372,57.827276793481,57.5144000953853,55.62955104564482,54.243588625903286,53.43906614286266,48.22756332951391,41.800685009012184,39.23710194396563,45.298921241945436,48.500393917493014,51.328517966231644,53.82038666658019,56.0105343406227,56.5982210857881,17.634279935629372,19.030899869919434,12.041199826559248,16.532125137753436,15.563025007672874,16.020599913279625,16.989700043360187,17.16003343634799,16.532125137753436,16.020599913279625,18.129133566428553,44.85522684192404,45.75002999433531,48.32413101885117,48.86248129341082,49.53092520597549,49.48613438350521,49.85520778053675,50.30296054911111,50.41980558713719,50.20568434801363,50.800236835646444,50.681858617461614,51.17940455331894,51.29834847617477,51.52361740065045,49.19872699478784,49.28298534807345,48.92166979072933,51.192459888349546,51.20195403676202,51.94805623863331,52.96140649471545,52.98158523099872,53.90237203879171,54.135629439118645,54.050132107058026,12.041199826559248,53.192018643108966,52.21205517674004,50.601309995310444,48.09754934937483,43.908115097869384,36.90284702512629,35.98243191653623,45.142421781158475,49.06432019818795,51.222158782728265,53.163268660454186,54.53723390669712,55.229265150460584,55.505181937590606,55.118833609788744,54.675341138495924,54.161893389532366,52.58905342107714,50.428313676246574,47.95629791650579,44.31251154695155,45.46592012319944,46.72845678680098,48.06749611748323,49.13416450054413,50.47882065489659,49.73986353168618,53.20366494460458,55.85227162926521,57.71266969418983,58.97804071456646,59.80996337907122,60.28637936987537,60.53270950842625,60.39966650203815,59.9449048385697,59.19161803725967,57.815270408450274,56.23648244406661,53.56610899572309,49.75753389036288,43.70050237074868,47.330366829335794,51.755842863685224,54.991507552345176,57.051150207123825,58.52339679215697,59.44121761698678,59.74954051676589,59.9724348936693,59.750736551533805,59.12925819166074,9.030899869919436,56.371854166474044,54.4544851426605,52.49687427805301,51.47506282440676,54.10574796542328,56.5695252822319,58.63159225211228,60.458488999286175,61.581139080122625,62.40270861176442,63.029429693429904,63.43403275879683,63.480403107810524,63.23098986958427,62.47012831465462,61.646745904368096,60.25008312606459,58.37164668184158,55.562168397970666,50.990622462623975,44.46987382130324,48.18522802003136,53.64667291910541,56.72698063024046,58.80484889858473,60.15472506423961,24.16640507338281,14.62397997898956,19.912260756924947,13.979400086720377,22.30448921378274,19.912260756924947,12.30448921378274,10.0,6.020599913279624,15.051499783199061,9.542425094393248,55.64602157910029,58.09317923744577,59.68847509467104,61.27676459096628,62.21377197334024,63.08751536024787,63.4573767953131,63.53450734684298,63.28709378892795,62.81504468950529,61.95357414114341,60.64799300390704,59.04620887972145,56.630381443754175,52.668194549091254,47.27427382123953,49.96848644970014,54.557962174139256,57.715558813175996,59.52868450031032,61.153605124102086,61.929444401397156,62.82287824442926,62.946469608717805,62.60530256792286,62.428685166691,40.9489019700665,60.76407398364738,58.634001933480405,55.761500802838704,53.08148059630204,51.18532563155344,50.86815245037521,54.47990148430402,57.22173886135597,59.12316134620159,60.17304688562155,61.09226109113776,61.52265405688443,61.7671445858145,61.69999005167942,60.78152923126198,59.72310704102355,58.739788118103405,56.093521184390944,52.91057894434276,47.58919458438024,43.0297993674825,46.247872752921076,51.38343756794556,54.85177508283391,57.05977400485017,58.28508446981011,10.0,13.010299956639813,13.010299956639813,20.170333392987803
22.09515014542631,12.041199826559248,20.0,6.989700043360188,48.827123311336315,52.51455705428966,55.68316738185328,57.28325369303295,58.424457244150254,59.14301894538619,59.8071811841709,60.070860202016334,60.1142241148846,59.24430745699561,59.37417581477138,58.33927629998251,56.05990969654363,53.900373440660545,50.933095947029976,48.19280646972481,42.65949289950623,44.24391554410278,50.91304601356192,53.93562920019629,55.72208041655173,57.22647082773261,58.135923294434534,58.28371774820581,58.364000789431465,58.73195004528582,13.979400086720377,57.279615222459846,54.56608927140913,52.43598547144625,51.28657700431415,47.79055089381888,49.012293982336445,51.82671386675479,53.88655266474801,55.28415301936139,56.33057196140891,57.273500928587346,57.38495954814768,57.31106664491088,56.741857607998476,56.69891220090779,55.460797451732574,51.99239420603735,50.92204657435211,46.19364679890118,38.0188370712524,43.96286546068402,50.40420357126199,53.31477910643742,54.82045635344928,55.10980426759858,56.180114679220225,12.552725051033061,6.989700043360188,16.532125137753436,14.62397997898956,9.030899869919436,14.14973347970818,16.532125137753436,12.041199826559248,13.010299956639813,14.62397997898956,11.139433523068368,46.55138434811383,47.44026847318074,47.21686984387049,48.1241195830134,49.069434897848836,49.84455299998372,49.81805021103668,49.97548013229129,50.07713647427269,50.74384856330725,50.442025417306546,50.53712127760186,50.74553152075787,50.62062776687373,49.99878380517544,50.986575676516715,50.834775360912644,51.06462883796121,49.673326475643805,50.54804500220955,51.44378030316355,52.27786471244323,53.43126851138593,53.70883016777606,53.96248180677407,54.090433451638006,13.979400086720377,53.184014518961774,52.47801477510172,50.772406874323764,47.76541380701691,44.276483711869325,35.61697532653994,37.726150498491705,44.445600196012755,49.18292512755356,51.807937274060514,53.221365640961025,54.29178761924564,55.041417886678715,55.42049474972801,55.253687865236365,54.85637681890151,53.99978139979511,52.79450198922244,51.06085456673483,48.94188636172189,46.674903099483316,42.37870341476737,44.81800809538611,47.1174819471113,49.88103913260224,51.050910161088474,50.24789321364427,53.60441933102638,55.76755863237645,57.65454707064385,58.91091784543029,59.83502249701398,60.398664223813086,60.553485108357364,60.479824049546565,59.91836317975756,59.17407296431158,57.92843261005116,56.197036282269224,53.36239528754922,49.45965621947022,45.4024185611511,47.40441644949766,52.00221026191876,54.8829119032039,57.04580307137668,58.41240555110424,59.34807397402415,59.81163274798092,60.00091192266347,59.74650294837589,59.15315923312107,18.129133566428553,56.428304001510625,54.39687880395304,52.32208078396316,51.88492565093906,53.541084391474016,56.245893974344064,58.577768177211105,60.30028246869897,61.767060741804166,62.52710345445142,63.121104716325895,63.36298194294545,63.46138708784971,63.1637969008063,62.5058027131422,61.56443139043377,60.41040368947195,58.16917079859248,55.331935457161464,51.1277252110537,45.02645577977923,47.82336437879265,53.30511174272539,56.62767272763343,58.82317871624808,60.26668066910677,18.325089127062363,17.853298350107668,18.573324964312683,18.129133566428553,19.030899869919434,18.692317197309762,16.127838567197355,16.020599913279625,0.0,13.010299956639813,23.010299956639813,55.32791311556898,57.74175234983992,59.98653774217818,61.42616253796071,62.38788789098579,63.02379637945984,63.42890282601041,63.54286156053285,63.44251743912864,62.75059920881306,62.20495640623446,60.904446430461626,58.68884145097056,55.99670237458007,51.53442888059725,47.619278384205295,49.42940164741608,54.13755617802554,57.680532226793126,59.76441689378845,61.2680976684759,62.177157692616085,62.56084840684014,62.50938162611253,62.4282283347526,62.53764819453036,40.442260771126826,60.50471014257596,58.66190424468785,56.44203159722779,54.49561701684442,50.95284450378374,52.442993917426904,55.063453558617006,57.28394368394035,59.2175720511241,60.31502988763065,61.13740857063098,61.41833726904772,61.54407234041884,61.33647468421252,61.11468183390454,60.10761573226812,58.25821930816132,56.9083729868334,54.11878858666484,49.79839627615944,41.46407135287053,47.5828345113316,52.43320868411793,55.181610968217605,56.73089134872634,58.031032536919376,19.138138523837167,0.0,22.278867046136735,16.989700043360187
9.030899869919436,13.979400086720377,19.030899869919434,16.989700043360187,50.121705139112926,53.12283165791478,55.07329544048116,56.91951861880092,58.1938137370146,59.1871847327333,59.659092642962065,59.78966193944669,59.80378385485943,59.854345580829175,58.82197128427802,58.00114695575476,57.320824038617204,55.60084852586414,52.92557314047313,47.491795673499276,42.69256027417774,45.511204923577154,48.57199775061667,52.79769575049396,54.950250939230045,56.70839354337524,57.657355933297055,58.34906866721046,58.674209327667455,58.284665473526786,6.989700043360188,56.823120805988864,55.8226568336369,54.05600748409017,51.06941845772453,48.41722273914725,46.91973929801271,49.759737638547605,52.31002931997103,55.1322426097517,56.36929989659333,57.22057771331464,57.65474829627909,57.917327433756974,57.64374173352931,56.199495911800774,55.00612407798631,54.49788388674488,49.906274004382,45.470358997400105,35.919545550467355,39.46697837245742,46.279083856850264,49.760058925081296,52.57678574869185,55.461723683169424,56.23679235851646,13.979400086720377,13.010299956639813,14.62397997898956,17.16003343634799,17.16003343634799,6.020599913279624,12.30448921378274,17.16003343634799,12.30448921378274,18.633228601204557,18.633228601204557,44.66867620354109,45.373782828302055,48.27969890086004,48.69384282884012,49.343620815680055,49.225593877338284,49.50661747976717,49.66845423654917,49.91372293095057,50.21023822031586,50.005425290922936,50.189084443163274,51.34677437718352,51.43795203845767,51.329829111501404,48.9148170383952,48.58067761546209,48.07873132003333,50.88479842944332,50.543525529456915,51.776230616313555,52.691438706206874,52.335950743467066,53.7179538883834,54.17405256843686,54.08012579777727,9.542425094393248,53.76503960252927,53.58553466319947,52.62113965384224,50.17955235904225,48.755011256407755,44.66051625699342,37.10963118995276,36.190933306267425,45.36987475130602,49.02709812969877,51.50332680972529,53.17229441148655,54.47297603567068,55.171483737651734,54.98074729912865,54.77736069844398,54.77263101083439,53.17405130851546,51.693452092895946,49.6864169386446,46.78126700107521,45.9315309937685,45.330217507521624,46.321940036153364,46.82145076373832,49.078035536495065,52.55696941128464,55.10412288837011,57.09683700762334,58.540788129455095,59.4844426515391,59.99748470670208,60.18747087146191,60.06225081037246,59.636943495607184,59.05392689569054,57.45016204741773,55.65461738703381,53.31923060756183,49.585113251540236,43.96635166983693,46.282356225890844,51.633313608368226,54.61506030078289,56.80895473747039,58.31885764210067,59.242637752676906,59.9321130913145,59.85433659868136,59.85592166012273,59.42640917124798,58.217211278751634,22.09515014542631,54.73121863290729,53.479853540886126,52.32378516154803,53.244059338035434,56.16787337735785,58.1790962794275,59.93260713610291,61.3082922488023,62.26956730601831,62.79134698535415,63.14330150727447,63.38942710835955,63.197564929822065,62.74357394069855,61.730034764999,60.5032174332882,58.85258289090377,56.20704327593727,52.22833480842708,45.296869537729165,45.17248696501119,51.93419595674935,55.84801455393751,58.20444491258136,59.717734246788794,60.87906649712927,22.278867046136735,24.955443375464483,11.139433523068368,15.563025007672874,19.54242509439325,15.314789170422552,22.944662261615928,10.0,19.294189257142925,20.644579892269185,15.68201724066995,56.945990573520156,58.91882971772194,60.333594107973134,61.76271887991938,62.59342737253316,63.18347203946179,63.40067166132954,63.39356025172791,63.10244982550634,62.594048790564436,61.39798514154183,59.97658934427487,58.03149039719681,54.939429631001566,50.059908396280846,47.484438751637484,52.31084569655265,56.01587439082011,58.45599050831292,60.39649248781736,61.55463573759529,62.23598726535671,62.494637464356046,63.09366104242897,62.6628839123951,61.91518361218476,15.314789170422552,60.13380806593014,59.05039928076212,55.93933701933169,53.01977893904824,51.263782060888914,51.9152925867408,55.1077684012595,57.717322215864456,59.31576853111086,60.5610944067348,61.21767914292241,61.67760561572792,61.815143136493035,61.58243346364201,60.58380466702336,59.60932891103898,58.49636199783559,55.8019027150819,52.48024789769349,47.09812490068125,43.75334339665416,46.81828946648095,51.67258243043628,54.855013849804315,57.240996577938844,58.32013662457088,16.901960800285135,9.542425094393248,21.73186268412274,13.010299956639813
10.0,16.989700043360187,13.010299956639813,19.294189257142925,50.29627239047413,53.54133419969927,55.47297088011809,57.168477261282504,58.49224029477689,59.28730150797058,59.7492506587588,59.878413771867784,59.61790206134935,59.695319261768525,58.40062160711902,57.38161961758311,56.673333887047015,54.25482049859495,51.1693301098468,43.76522210604112,42.19322508419337,48.56396549116469,51.45755623637207,54.434585715565305,56.2325032443115,57.74366578915091,58.20229053719781,58.833263598539475,58.7893636029202,57.82648169785389,21.64352855784437,55.48325528531138,54.661229008731276,52.14539205459798,48.5120941137248,48.07406479526368,49.94954705745496,52.58879022172603,54.6862052500842,56.46133065654123,57.34911787951127,57.711941597694164,58.058711079454206,57.766271006848825,57.19146423847913,54.80904802449789,52.691859328139515,51.78323576275972,43.94609259103546,38.721562727482926,45.417040232842886,49.538031673138775,51.338230228347335,53.71810148334408,55.3677679739496,56.646607757761196,56.905017512002786,10.0,12.552725051033061,19.86771734266245,13.010299956639813,13.979400086720377,6.989700043360188,12.30448921378274,6.989700043360188,6.989700043360188,11.139433523068368,15.68201724066995,45.84014435797936,47.70181650504317,49.43400524014174,49.91978790994584,49.99869692108268,50.06927903017554,50.641771045678425,50.57239966873492,50.443084409071865,50.02122846225162,50.152339762467086,50.096420792661426,50.955633515828595,51.01131616599028,51.096460310909734,49.308930224060255,49.72133382748365,50.25715383901341,52.145153548470766,52.675377899726655,53.45420784748369,53.71955871430771,53.9244544680072,54.035528837876356,53.92658269437276,53.57791963471642,14.14973347970818,51.43851338822215,49.14374894898725,45.499468879767335,38.21185882608845,36.81422155721008,43.28624207490207,47.82830805202592,50.96228504818271,52.59175627306078,53.93976849552193,54.70946779511408,55.29956220078762,55.378996523749784,55.014276397441215,54.013057439422084,52.78296208091274,51.615416852934395,48.19392564118289,45.03763453709425,42.48978095892653,45.983636601720264,49.19104253906271,51.17330965607344,52.01910326402861,52.50149093744401,52.411304145097176,41.08429708423466,46.73251363213849,51.57354000148774,54.60352001968359,56.801559558261644,58.37058503027158,59.549146629255915,60.31830433823895,60.76323617152699,61.00882090798137,60.694527459228524,60.263738986472966,59.43598378020126,58.144933155674835,56.15803860145833,52.83855053281543,48.469800352404164,43.584298129300436,48.63810423971668,52.77035888172111,55.72976098995143,57.6916751412281,58.90141460064577,59.72781203735423,60.138568297456835,60.085154334936526,23.117538610557542,58.964540127856615,57.79464451436489,56.002462871379976,53.48265911123662,52.108694005074234,52.71014033325948,55.13177632479043,57.64729673126672,59.46867201160813,60.844779697035364,62.028902756896926,62.903563155285624,63.35995972027398,63.49231860994061,63.223491500492045,62.720062356436316,62.041943492184956,60.7070044543197,59.077729431146196,56.39929522494077,52.65030197723058,46.19562866420828,46.5349230229706,52.52933089063609,55.79879587945739,58.31230974969841,13.010299956639813,23.05351369446624,21.367205671564065,20.0,18.325089127062363,3.0102999566398125,16.989700043360187,6.989700043360188,25.05149978319906,19.49390006644913,22.92256071356476,53.31753148193503,55.80588580670816,57.85329835010767,59.92084951671872,61.268859755034626,62.41702091505771,63.18976272310788,63.49804578993515,63.610484837930585,63.328422669943514,62.710245040703036,61.78097113666409,60.59068259631638,58.58405445604117,55.714677489343174,50.594119374386565,47.14572829548164,51.61957643244891,55.526061696113516,58.48564727047296,60.180852285165756,61.566051759461374,62.353309495167466,62.61584960134746,62.96690852359089,62.06321964050162,30.61829307294699,60.442072489090954,59.77819596617776,57.40211844671411,54.41368310156633,51.693275652032504,49.809391654174846,53.209808253123356,56.20712648407653,58.290598560381355,59.87974004529421,60.68631805336774,61.42762586279214,61.77229932789607,61.72640871946779,60.90929966103022,59.974117247847246,59.11501178254416,56.588829285243854,53.66095945822008,48.99191030527895,43.68249684638123,44.37893190869514,51.066293914689645,54.395363696560864,56.879657113384276,58.05171784331853,22.278867046136735,21.64352855784437,22.278867046136735,20.644579892269185
0.0,17.16003343634799,15.314789170422552,10.0,49.50544961596719,53.12046117031862,55.54005533784523,57.29560012244062,58.45398219862951,59.23702428899519,59.67440325236953,59.88299372756467,59.81322440162482,59.53029134388433,58.69079690055565,57.70128566741647,56.618978329705115,54.513350258196915,51.751202500152864,45.298664831919154,39.52162574214463,46.15002614524588,51.425646504571276,53.947667802263204,55.969323075346644,57.39607149899079,57.81578749579899,58.69217634276122,58.67595930460817,57.877982851390996,14.14973347970818,55.744352631621474,55.076305735824874,53.074896197207345,48.32694087046502,49.10800434540427,50.12639006266948,51.88492565093906,54.54335598885056,55.9545433353572,56.97345313551643,57.59826427630507,57.94320709970006,57.850171728548105,57.24849905971335,55.62179814193732,54.27357879165285,52.310667127288035,48.5079934446789,43.490831687795904,42.485862438551045,47.83081356276696,50.32626818187515,52.85057470314924,54.751043475018626,55.921545422761966,56.539723465862515,17.24275869600789,0.0,12.30448921378274,16.020599913279625,9.542425094393248,13.010299956639813,13.979400086720377,14.14973347970818,15.68201724066995,19.138138523837167,15.051499783199061,47.160033436347994,47.85507788089226,48.687678333682236,49.30979578356865,49.49077592652911,49.92275091344532,50.274393119239605,50.46514673981031,50.63693557595809,48.97280617015116,51.133817472456656,50.754374615856136,48.756688504545906,49.17132496831116,49.55331704165462,50.01915351793932,50.01127700277035,50.52201282670431,51.427178788069256,52.25908607999338,52.848997441507194,53.268865739494366,53.89609016051986,53.84039633727167,54.03960831399213,54.5785768452002,15.051499783199061,53.261821918293464,50.488960601246944,47.94850388448615,46.506959797606115,35.138831856110926,34.9220145139254,43.77488383376133,48.52022279403127,50.74439742544225,52.64388036527325,54.20846541601197,54.41091573283158,54.86067588662654,54.920923746901636,54.83084964998121,54.25444548341454,51.98992298862627,51.34769792352735,48.93184537940178,45.62649672211917,43.286445849439076,47.13230056306944,49.232025565574105,51.26589172820293,51.35049920738958,51.96126422159332,46.12783856719736,50.46514673981031,54.15001743220185,56.4450161175849,58.09780509027287,59.22132503450342,60.105212886288854,60.53387720110734,60.71770474996053,60.47851725738232,60.16753463268573,59.191544796269795,57.725681282617984,55.64695647337275,52.742433137040535,48.2473095019008,42.64935821782686,47.10464323436561,52.734203087810705,55.4743131708915,57.485484968926826,58.7536979238585,59.59661370273495,60.07770388028619,60.153752656494575,60.03697003106696,19.49390006644913,58.34640021056633,56.52704574860998,54.529052580575204,52.70196536493194,52.58680374856665,54.62692918473253,57.024107169990785,59.083911796866026,60.62245698855192,61.76832112239261,62.627957779814224,63.07799296332003,63.32258240817403,63.22179792820332,62.900116710994055,62.22224425529464,61.12094338384779,59.548337124499824,57.28584262222288,53.788374243425324,48.56565772813531,43.29702897153215,50.404638817350474,55.04294118294733,57.660416046729225,59.5900559734475,18.325089127062363,6.020599913279624,23.05351369446624,17.853298350107668,12.30448921378274,6.989700043360188,23.59835482339888,23.654879848908998,19.030899869919434,26.063813651106052,15.314789170422552,54.14492016681215,56.65290113306359,58.83359879019879,60.510266553198846,61.774086455932455,62.751260774860434,63.29497338698172,63.511701084099045,63.49012400618638,63.08249515956396,62.36558421493199,61.16252327115467,59.68102657683782,57.16837723299524,53.85650951802344,48.39364902381096,47.49628114854059,52.94906910605192,56.81489076411677,59.03971252925295,60.95225509577099,61.833410336644256,62.33442873669272,62.86837601337923,62.80601131536913,62.25703328553025,24.487063199050798,61.01566309356282,58.967692000959644,56.66102206704693,53.70431663315516,50.860820781904046,51.44543074272788,53.78879174089522,56.87054277532431,58.64039152453599,59.96389071730994,60.99709639136735,61.57766436302545,61.727856000098235,61.59868448191779,60.86728824184331,59.94196131774329,58.77523955708084,56.72947135346504,53.72149478375664,48.731868627101456,41.938200260161125,46.88571086767393,51.77276711258586,54.75748163467439,56.744514436643634,58.077108749640885,26.127838567197355,13.979400086720377,22.85557309007774,20.170333392987803
19.49390006644913,14.62397997898956,13.979400086720377,20.374264979406238,48.20733325096435,52.454435700136486,55.39941314954773,57.18923322747064,58.32951284500581,59.08091294596722,59.67844112738785,59.895783960751004,60.01820217038328,59.563917656668494,59.291204373071984,58.399454008766796,56.89657753158159,54.9983686089714,52.39134240573442,48.832979517558,42.17062605852551,41.410419409390485,49.8114785397113,52.91306677057199,55.2945602113109,56.90594738870025,57.47437445265476,58.128411909488534,58.36893516376434,58.149032050238475,19.294189257142925,56.83577418497454,55.42059447835429,53.4296915309925,50.66884743129772,49.09823369650912,49.31788296963379,50.99494178972043,53.729782462285826,54.99308971921289,56.27382244754539,57.309477281031775,57.89989433412694,57.94817650749752,57.61227744746108,57.136627147039356,56.06421137783989,53.88786575660562,52.406316066678436,49.199197030243994,44.59874769298969,42.506639194632434,47.372562709345644,51.08392489320873,53.35774729796472,54.295617298457316,55.33498791290211,20.0,9.030899869919436,15.051499783199061,15.68201724066995,0.0,12.552725051033061,12.30448921378274,12.041199826559248,14.62397997898956,12.30448921378274,19.86771734266245,48.74162792722622,48.75483771100341,47.42976368267033,48.478501734642485,48.984015335688525,49.571761304048465,49.780206525350444,49.698071602781695,49.9532800907741,49.293065055345615,50.48535023129749,50.208458638657724,48.032180513264635,48.22756332951391,47.54539444397008,50.12942623196626,49.81836721265551,50.329449634804185,48.81099218389017,50.722057672276584,50.92194120697316,52.12254208879497,53.52390929447956,53.76211850282673,54.359876213262126,55.18116312652409,22.671717284030137,55.02477648163921,53.332981176021704,52.282874069166525,51.780901969192925,47.82336437879265,43.841920696706396,35.748411950633844,35.954962218255744,43.71585011499013,47.69561935848059,50.47882065489659,52.49325568690981,53.67944522220438,54.326871482173686,54.98952559117158,54.83242006163166,53.69319778697778,53.64667291910541,52.4565576400954,50.62675977190742,47.534298415754236,42.99725153975637,43.598354823398886,45.16746850913505,48.60224176549082,49.06038585850116,52.49677651792473,55.05921522447693,56.895734405898196,58.319215795160886,59.26450492238074,59.85764975056182,60.04947424368639,59.90712152037371,59.53943225697774,58.444777970535085,57.37590166285721,55.36523091581955,51.9460590870102,46.90284702512629,37.93231447056521,45.9798023520062,52.02275749554463,55.04559207628078,57.22647082773261,58.672104886386094,59.6144482535696,60.210668521274215,60.41308186921196,60.11771686324947,59.70329206502,59.13273826435788,16.020599913279625,56.2746622437904,53.98351524813036,52.821619746824425,53.96087706856851,55.79099615921844,57.877395235544626,59.726105503934726,60.909405335558084,62.092374599509206,62.62523466112882,63.0153196702328,63.03763726154287,62.84424642398677,62.379707854163364,61.483944026285286,60.18042735212504,58.31844828814765,55.7558615051023,51.249799926244506,43.918169236132485,45.63291188372625,52.52321362146639,55.9655751255341,58.46442270425858,60.16790233396006,61.23074113359938,18.633228601204557,6.989700043360188,16.532125137753436,13.010299956639813,16.989700043360187,21.64352855784437,22.30448921378274,20.5307844348342,20.043213737826427,16.532125137753436,13.979400086720377,56.175674907202556,58.547704581242584,60.44681235819341,61.63308401721202,62.546826706226426,63.07197491577163,63.32314011667818,63.33662655327199,63.0249651788919,62.222715465730204,61.27616898991599,59.84675803167215,57.40225272774723,54.233982599793755,49.79675821887743,46.099037471885424,52.17486576293699,56.053190554145715,58.82234152316138,60.60641189552578,61.60949080470084,62.76369880269439,62.70131956226584,62.90056214191757,62.67065841543665,62.406500727681916,28.068580295188177,60.20048295528752,58.259198550911016,55.988101972504225,52.63174311349525,51.062385072045515,53.045702272845716,55.144215631493594,56.926742242596106,59.50532794542541,60.61442300190989,61.11074906331577,61.427460169136666,61.63697945892569,61.32836124189839,60.82549854253327,59.88423831929428,58.0399487071126,56.261452503796185,53.310667533479645,47.95323764329314,41.07481318911243,48.138877549487056,52.82866716929532,55.29558673021163,56.87987091902133,58.126807797941076,17.16003343634799,15.563025007672874,9.542425094393248,24.099331233312945
12.30448921378274,20.043213737826427,19.084850188786497,15.314789170422552,48.782057255344995,52.456138269054975,55.67966906823155,57.31246996495101,58.35011019105093,59.17350038962869,59.77952121201462,60.10712425288892,60.084570864819504,59.43066935977625,59.25588981997967,58.24734851430012,56.351468368816995,54.29747436542516,51.40683987791191,48.23487270850815,41.620264324211774,44.083078185237525,51.00456706110188,53.59966319918846,55.76279139113585,57.063234106977106,57.857297712959834,58.36791079334951,58.389327945053296,58.265678035208374,20.969100130080562,56.64748186109812,54.843468260439536,52.70196536493194,50.09705788390519,48.69349080759093,50.08451123572122,51.758595735437034,54.5457810605169,55.375596997583486,56.565131240753956,57.553175346011045,57.84295553104862,57.689576007582616,57.07104124000588,56.90777999124181,55.69928422264347,52.761537824776454,51.28389574536355,47.537745045569736,42.30295613917047,44.52859335795853,49.69359991009366,52.61084354924705,54.321094667001816,54.98521445611228,55.82746100803442,19.54242509439325,3.0102999566398125,10.0,16.127838567197355,24.424797690644485,13.979400086720377,12.30448921378274,15.051499783199061,3.0102999566398125,12.30448921378274,6.989700043360188,48.23637222034628,48.45160077651946,47.793150465143114,48.6494990015796,49.13400546394953,49.754547864454025,49.66892295867137,49.913855831454555,49.95604485821234,49.50194413907851,50.25408281131747,50.3049042628501,48.37291653120773,48.33510466263938,48.07927204214552,50.49113314057374,50.44790543989333,50.8109515656134,49.68282099292496,51.36092446672215,51.62089230415646,52.71348971994803,53.98268211255406,53.91254531480867,54.300298814139666,54.87190714003529,16.020599913279625,54.16310917526268,52.264039774540095,50.84451154505263,49.376633011589206,44.17322197099729,34.387005329007366,35.44811911757776,43.94906751054026,48.1241195830134,50.79633400676602,52.69094792912497,53.843103948068986,54.42932641543041,54.515838198165596,55.048743853340525,54.79699088773651,53.06982282551364,52.60893859219963,50.8973912980146,48.26910177682215,45.30583859645118,43.07431851719747,46.22265844991523,48.50094594386701,50.465614935567054,50.7843506653287,50.328966526225905,53.40493689006247,55.82383849458441,57.50669586153777,58.85101017799527,59.78896899829762,60.2734389870179,60.49793469215648,60.35186705449221,59.75252079110379,59.028162952463894,57.71385350970017,55.55715807109334,52.490343955693994,47.34479789425578,41.07209969647869,46.69400569511487,52.012796577269455,55.32953013733988,57.31528330395459,58.70807576367386,59.58029405702733,60.16263036631575,60.294750916907816,60.04652343430104,59.53555781499871,19.54242509439325,57.11760845600274,55.24050626470963,53.449814139272576,52.928096654172904,53.95076405195066,56.242047205677316,58.475923993517426,60.12614960857131,61.49627034628799,62.35668055191776,62.930105562158516,63.10304290632401,63.19538472092873,62.8071241647672,62.299796298747665,61.32894972850811,59.94623734658121,57.748970807194084,54.80738299954416,50.04136436761356,42.81601443825656,48.076500129421255,53.68510019595463,56.94202302678658,59.104755241391985,60.4963234354684,16.020599913279625,13.979400086720377,17.16003343634799,10.0,17.24275869600789,14.14973347970818,23.180633349627616,16.532125137753436,14.14973347970818,16.020599913279625,23.05351369446624,55.16871045657082,57.59771307745427,59.82880627129198,61.20559783503653,62.301064601518455,62.995094777942775,63.39636051754134,63.53078170747,63.31659060860368,62.73007294238799,62.112636799316306,60.72344762760994,58.584168777234886,55.62898075143988,51.345117871081996,46.23011397323999,49.73187911449674,54.459931817876466,57.96525767214304,59.98050425677267,61.420730167630865,62.45548693021283,62.89864646472505,62.72736677185151,62.83546581006557,62.73424705365375,31.958996524092342,60.568015988839655,59.10130073674196,56.28761752298709,53.5617314796287,51.619097834778465,52.27950944608155,54.58825121741065,57.55787226015836,58.88869434490167,60.21287314477388,61.29245382828352,61.51678987291288,61.589318286615125,61.36077525697892,61.06487694088508,60.048112911182784,58.29480028449773,56.74924489857811,53.9092098347594,49.05169613385064,40.855046394264974,48.16479930623699,52.75341304852634,55.27382398488517,56.70395232106738,58.05507654575986,14.14973347970818,20.863598306747484,20.043213737826427,19.030899869919434
11.139433523068368,9.542425094393248,3.0102999566398125,6.020599913279624,13.979400086720377,12.041199826559248,14.62397997898956,14.62397997898956,10.0,18.129133566428553,12.30448921378274,14.62397997898956,13.010299956639813,11.139433523068368,14.62397997898956,0.0,10.0,22.278867046136735,12.552725051033061,-inf,11.139433523068368,17.24275869600789,3.0102999566398125,0.0,16.020599913279625,14.14973347970818,19.54242509439325,16.989700043360187,9.542425094393248,15.314789170422552,12.552725051033061,16.020599913279625,12.041199826559248,16.127838567197355,0.0,10.0,13.979400086720377,0.0,12.30448921378274,16.989700043360187,6.989700043360188,15.68201724066995,12.552725051033061,-inf,16.901960800285135,6.020599913279624,6.020599913279624,19.294189257142925,6.020599913279624,17.853298350107668,20.0,15.68201724066995,6.020599913279624,14.62397997898956,16.989700043360187,9.542425094393248,0.0,21.73186268412274,9.030899869919436,9.030899869919436,20.0,12.30448921378274,9.542425094393248,19.138138523837167,14.14973347970818,12.30448921378274,19.294189257142925,11.139433523068368,35.908418347816024,34.379090355394986,29.547247909790627,20.5307844348342,22.87801729930226,23.117538610557542,32.00029266553771,30.969100130080562,36.12783856719736,36.582976503081895,38.521138608497616,36.82145076373832,40.12373167222489,39.005855866499616,39.03089986991944,37.77136712504173,35.2022143588196,36.6838591669,34.39806211393331,33.67169488534681,28.992731873176037,30.52693941924968,29.934362304976116,31.367205671564065,31.156105116742996,35.82177037688409,17.634279935629372,36.326597132939135,35.89949601325708,35.15476441382376,34.33449793761596,35.96157080916172,32.995072987004875,31.88647295999717,29.138138523837167,22.576785748691847,25.4282542695918,24.712917110589387,32.87801729930226,34.25534220498263,34.84299839346786,35.01059262217752,36.43156465619706,36.29919035503542,36.96618459232225,36.12465963953142,36.20864475265121,34.348881208673156,34.55910240382743,34.50864692379766,28.29946695941636,24.424797690644485,21.5836249209525,51.33810257633592,55.01412582104962,58.40523870508531,60.46609478384056,62.43877039207361,63.54638492883989,64.5803077217917,65.13718880817905,65.40786057425353,65.42897595976677,64.92699639408517,64.12927352040221,62.88403504649938,60.95161328246735,57.94368825872253,53.95169074827421,48.36640541572774,52.54813841034874,57.322216164161375,60.32855986818396,62.40330798137993,63.77685000514586,64.70917410981235,64.93388335210159,64.99963239074353,64.58276516803457,30.0,62.8925440805418,61.49415270891747,59.28422994813637,57.474584201772466,56.812991394464554,58.84125002811154,61.12477643430913,63.30495956818137,64.92646563821516,66.2094442300695,67.00896857374703,67.46770069825806,67.68635215806208,67.55939614056348,67.39606596197862,66.61264788404262,65.76739290310294,64.03127730747691,62.073965576988925,58.711477726865276,53.231386117271605,47.789611777193095,55.147203736481345,59.64228035420817,62.44849368941687,64.29207213347489,20.0,18.129133566428553,16.532125137753436,24.74216264076255,16.901960800285135,25.010592622177516,20.969100130080562,21.73186268412274,21.613680022349747,48.20733325096435,47.071356643239184,34.83016420144132,40.67331280208168,39.11743377855932,43.04016336520767,47.9685868217593,6.989700043360188,47.66301284544187,48.91258616904139,44.010039798994825,47.28069571159562,50.35221547157284,43.59228183542235,44.833447660034615,41.854004831904525,37.049222912234015,46.70032365287917,43.934874581471746,55.782677809648746,48.87167020894775,14.62397997898956,60.10789110588318,57.940004988699485,61.3482710604228,64.57277701391835,60.32860415952143,31.535099893008372,20.863598306747484,26.03144372620182,61.58798076032446,55.40986052009625,57.869082223990176,57.381286276910906,54.91816764062082,22.14843848047698,54.14848052644112,38.053649074664456,46.09391619991711,47.64639332067447,45.66614238239117,36.48652695131223,43.75718468746791,49.37688366780665,38.12913356642856,45.028093493890424,38.32061614590727,35.88831725594207,41.79925032074337,18.573324964312683,34.85863329597335,37.49581734865559,42.656195831538845,43.646072717700804,44.81299273332856,46.68926118778788,44.95294511689498,12.041199826559248,16.901960800285135
13.010299956639813,13.979400086720377,9.542425094393248,17.853298350107668,49.13813852383717,52.7009628142033,55.413308263551855,57.28991361377113,58.11780040968681,59.01114891385686,59.63775081559598,59.93614761578935,59.925680971580206,59.09295481381034,59.18320818292811,58.27144958906392,55.850657367737654,53.862099342561976,51.10593076910091,48.364823574581486,43.0666087655063,44.501258867319535,50.94502572799651,53.74596224679295,55.590599429477514,56.95274987197858,57.77604419040329,58.178065772760085,58.23343790820648,58.6599239140495,19.030899869919434,57.28029766792527,54.36717489439296,52.527875179326315,51.31516012459053,48.18232493783892,49.134853591830954,51.824859827265605,53.847206973713696,55.127177406436005,56.208987849414456,57.11847705087252,57.30162681728853,57.10747608153271,56.695177069483684,56.37429684650065,55.33238074060297,51.74713811084145,50.76265325036421,46.151606643165564,37.026028413404276,43.68714459068627,50.35045307533338,52.86422784794196,54.54896667488072,54.98929154993959,55.99177589239622,18.325089127062363,12.30448921378274,0.0,16.901960800285135,6.989700043360188,15.563025007672874,16.901960800285135,15.051499783199061,13.010299956639813,3.0102999566398125,15.051499783199061,46.74567226856767,47.594638672127104,46.838751919602416,48.39685403333703,48.5668056563799,49.5878360261743,49.82343609422021,49.674964942958326,50.03227812010036,50.42484942950897,50.239434875200686,50.478237179324736,50.3255832605944,50.372391929623404,49.8176426035241,50.77149794716969,50.83366433543246,50.99445823865409,49.59556513123523,50.61968650903645,51.37053293103254,52.106341583256096,53.34847654492417,53.59471204977264,53.96361523184484,54.091754046299855,20.0,53.325293492493124,51.97451484852585,50.48053173115609,47.87446304809873,43.76211850282672,34.72610197596045,37.3471984165568,44.296392518615534,49.14787275106086,51.53717327614234,53.08028417510631,53.98648199539812,54.880343324180075,55.198070001815786,55.15308098112037,54.94762459085936,53.66520078894745,52.75988188011322,51.04555391240513,48.73535660952812,46.97612887347364,43.009648466053946,44.55788614818158,47.62926018568294,49.93757974203031,50.56188055196388,50.13115421368239,53.564886029302585,55.588297241925495,57.64009409050733,58.67682519400268,59.71143127368504,60.283129577367454,60.46689441316403,60.307522851189866,59.77678344873966,59.04889660835892,57.77887698445782,55.9838446498661,53.39214850360052,49.42707324297204,45.23291129186791,47.96636767226257,51.86481684289071,54.99225055465733,56.932387526943124,58.32496777837945,59.20082609274406,59.506262287761174,59.84265307499405,59.617935257710855,59.00935982168625,14.14973347970818,56.44842167737337,54.29455114474465,52.522436208468434,52.05802325425202,53.754990080193835,56.258267132857114,58.56275634663986,60.14702366753717,61.63136617099642,62.27785186050922,62.94632196344882,63.182825148407616,63.34995878620547,63.12608050977101,62.30527853613714,61.49828852770548,60.127347528508786,58.131010649171664,55.3467198779628,50.88040356100968,45.561697793976855,48.227236730918605,52.75230708821863,56.36818756847542,58.609683242364675,60.05607730472465,25.76341350205793,20.5307844348342,20.043213737826427,15.051499783199061,18.573324964312683,14.62397997898956,6.020599913279624,21.613680022349747,14.62397997898956,18.06179973983887,20.0,55.2908370450271,57.713846157804625,59.88253862648569,61.364377081442385,62.23124308359493,62.91625665463198,63.34050836600668,63.502102098027535,63.299006375405284,62.573891087296005,62.043457570902476,60.814826886291094,58.600653637820415,55.73335840066068,51.53744762033778,47.83703529167311,49.958676334708855,54.425315050365654,57.8907350419487,59.834684151640644,61.018144118573694,62.23273674844927,62.50864073092042,63.014406440377904,62.816718335664525,62.66714422120819,33.84711742938282,60.85682943194615,57.64457846542312,56.48680977479945,54.37703009726349,50.042955733440934,51.61035415004364,54.69682135908872,57.20725584950383,58.91903582472965,60.2045492765859,61.09303440361649,61.27660598779663,61.39750667308916,61.29144426454495,60.80543515764974,60.06892425580411,58.0432211121117,56.72707290472643,53.757020130385094,49.68389541847068,42.491494200445175,48.21185882608845,52.25955072896014,55.03158522127655,56.56949657743535,57.987231368839105,16.901960800285135,18.573324964312683,18.692317197309762,19.030899869919434
9.542425094393248,3.0102999566398125,14.14973347970818,9.030899869919436,49.191251819958055,52.824340364684005,55.49241200024689,57.04412216270284,58.34172646252916,59.09083503766608,59.56837132446481,59.77453344331795,59.79140747866728,59.560146706996726,58.81935022972192,57.90568031993431,56.658894837684855,54.902521262341686,52.377447538751845,47.024736190785546,41.012313867907,44.22999977271616,50.146087327435566,53.16188486924122,55.38122365885619,57.002129120838994,57.62322131010245,58.3323638500906,58.443584896497136,57.74219061647883,16.532125137753436,55.956560216100975,55.449370042443846,53.37357414781394,49.41829335096693,49.60232873128512,50.01266291999271,51.38179498985977,54.166421712986256,55.497999641845496,56.602676747837506,57.35855089797853,57.90094370420562,57.75335149848761,57.42348789164026,56.3006157067482,54.98295387685744,53.44810645518591,50.20907950578024,45.82177037688409,41.620264324211774,45.16403148447403,48.188656435302384,51.73981261097947,53.81396693914511,55.134093933111814,55.851470217770895,11.139433523068368,10.0,13.979400086720377,18.692317197309762,18.06179973983887,3.0102999566398125,3.0102999566398125,13.010299956639813,16.020599913279625,22.671717284030137,16.127838567197355,47.69923543522596,47.97475287537334,48.32847275090089,49.04877766963405,49.45532592073201,49.48119424380536,49.972989924095145,50.08655519492429,50.46733122163505,49.03594561100246,50.713111607383645,50.59108817913594,48.374369137302,48.35576435318049,48.71251765791019,49.892806946763464,49.851434392440595,50.40396614591807,50.46924174230035,51.58657953090245,52.47757292248495,52.7795284703881,53.60612344908592,53.851628166866774,54.095358241366625,54.714222732182776,10.0,54.13755617802554,52.133689823362744,50.19465248171649,49.47316064104626,43.76211850282672,34.68051791454238,36.056282220076184,44.6624463557431,47.50693489817312,50.397669640110266,52.47062010147526,53.581728818005494,54.1773899682032,54.36051275202242,55.089389076087826,54.698808993735355,53.020190599773784,52.70271129902288,50.99904980146871,48.447132087369795,44.56016634817745,44.49771429797611,46.81214093122201,48.91453824238682,50.09012981042959,50.560888306286984,50.10299956639812,53.08873751524561,55.8357620798641,57.45850516931491,58.78168931538515,59.58948319245357,60.180064876379014,60.35201123046747,60.26502621780814,59.6762752718901,58.98047438786233,57.55625636292056,55.4421940062055,52.4198951382204,47.70623763047193,41.41700556997391,46.48603928135281,51.815491965335454,54.98317447298095,57.142257849142425,58.5474315326016,59.38181864787148,60.0784375586058,60.09488714317275,59.81747049108742,59.47249867591536,18.692317197309762,57.230359523075556,55.44714042019983,53.54064238787239,53.0696728889457,54.159077455568166,56.45095934628866,58.51566527264245,60.086427475652854,61.306132355241715,62.26174165328834,62.776037139697536,63.0396392817493,63.03829966995611,62.69104842609061,62.28637718411571,61.165682306897594,59.824105468387856,57.794442450807615,54.849401294680284,49.988954886920276,43.68565785360332,48.47726855657811,53.71839665821827,56.83796944996416,58.98736148483395,60.31502180948421,19.49390006644913,20.170333392987803,22.671717284030137,22.671717284030137,22.50420002308894,11.139433523068368,0.0,16.989700043360187,13.979400086720377,10.0,13.979400086720377,55.402756539842656,57.59336143654498,59.71436359554428,61.10811177673295,62.18570425920214,62.87210328765826,63.20117401450532,63.34515271844921,63.16541685641877,62.63579736822267,61.79533407940909,60.48127817139695,58.647109766329564,55.98423881902305,52.05988850752451,46.855715692853515,49.944931228835124,54.672898516480764,57.88148565729489,59.78619156544414,61.49093734378897,62.096233065775735,62.63955222818585,63.11334405495864,62.76885551514915,62.16342488270421,25.95496221825574,60.32167714534072,59.96403960771522,57.05237466571775,54.442228513945814,52.354703687622155,52.138470053445474,54.547381780865685,57.20589248859702,58.88095211261547,60.053632896979295,60.98393458573461,61.399577558121756,61.561588984355495,61.307762017281306,60.72517525874432,59.636603526498604,58.51274252169478,56.263947791141916,53.14636041812741,48.40363331464272,42.37065952555404,47.995955364223605,52.39134240573442,55.07484809550384,56.75815905605959,57.94652531554413,16.532125137753436,6.989700043360188,15.051499783199061,0.0
11.139433523068368,19.912260756924947,10.0,13.979400086720377,50.35365690036086,53.44030538531608,55.26521487738109,57.126850497394976,58.220751932059954,59.12713482669546,59.64886334868464,59.814924242013845,59.66744631265051,59.416053374208985,58.69346733849309,57.83092806585847,56.262191997672744,54.29703842972572,51.46998853110049,47.330366829335794,44.08782494404144,47.44777870134888,50.65542370519139,53.91277464522821,55.57507201905658,56.97342698010474,57.92381182246587,58.174873614144495,58.2706541915429,58.1891441052618,17.16003343634799,56.53417066551502,54.17280661269984,51.78795713772554,50.42370719710468,46.646607757761196,48.81190579083962,52.15542394144384,54.14734420294636,56.066446569375266,57.081326913555415,57.53889331459834,57.589368598299316,57.638141941279095,57.07768543757172,55.717670443256175,54.14123973323548,52.24071849290467,47.546540692554316,39.476297473843545,36.190933306267425,45.39226695042995,50.410846216538104,52.742179071136555,54.45456300042117,56.007834628002556,56.62596357413506,6.989700043360188,14.62397997898956,13.979400086720377,15.314789170422552,11.139433523068368,12.552725051033061,6.020599913279624,9.542425094393248,13.010299956639813,13.979400086720377,10.0,45.803889011088614,47.49713131970815,49.011966850719766,49.42211503346336,49.65690771440101,49.67267091559786,49.3655897913139,49.388648221233055,49.018994755907684,50.74670188924007,48.569100603007854,48.822398480188234,51.28803000718531,51.141337319994804,51.03954159127256,48.92272738247491,49.66845423654917,49.94849244334662,51.47119576021965,51.63697945892569,52.90882328081014,53.61425612983891,53.481061716975525,54.482377710583506,54.55485923398812,53.367658335805686,17.634279935629372,51.75407430984899,51.72547473400609,49.71113421927069,44.26917713880815,41.371641451293556,33.066394410242616,42.12853189947111,47.365000831026265,50.78493068166573,52.66008139833758,53.70862678969348,54.95562374961855,55.416004589634376,55.49769348803909,54.06691731278148,53.02681513492573,53.184014518961774,49.73275673370323,46.85750693035351,43.91957848245589,45.17420247475372,46.34134536062571,48.21912921825042,50.22947729131266,51.53146908896058,52.07688213335581,46.8735949088139,51.062929121756575,53.829890619644594,56.28855673453759,57.87546191397061,59.197081469960395,59.85057144320673,60.32285055839047,60.456988134124394,60.51140169006424,59.75190006924925,58.89539238644705,58.00378856607657,56.03323035589832,53.30821494009694,47.81532786564054,43.303528866773284,47.73054693364263,52.26127981889896,55.19151752580921,57.2560539572208,58.662453848017236,59.41274841688014,60.02150936809687,60.17204100380266,59.63688211426465,21.958996524092335,57.996196490623966,56.894331792166156,54.9206300320433,52.58687556463084,53.044926820066465,54.773311130075804,56.92079840216632,58.971980823829675,60.45082289484705,61.59688983125498,62.38347243426475,63.0782110224544,63.28145673888792,63.23672780323042,62.62314847032992,61.975192855299575,61.019892355410754,59.29104587152953,56.959612369754645,53.46996114604256,48.14387453334589,44.23065563330095,50.45142963590233,54.877165781706225,57.498452619063436,59.415760254081114,6.989700043360188,16.901960800285135,16.989700043360187,17.24275869600789,16.020599913279625,22.944662261615928,11.139433523068368,23.979400086720375,14.14973347970818,17.853298350107668,10.0,54.57568546931349,56.78576645250522,58.7939467685448,60.5361617440439,61.759534210686404,62.59164149585171,63.20411561083573,63.418634629035196,63.36787032500937,62.956326240094505,62.21831377489635,61.12143989254765,59.46413943221036,57.21814735634005,53.70731384743586,49.23166273996259,49.24795995797912,53.67767653177464,56.61123323059808,59.216599489027494,60.70887144018541,61.75914320397766,62.602717853501176,62.79849382396823,62.87543091009916,62.636365419333345,23.117538610557542,61.2274915934044,59.1625649708851,56.218251605479225,54.14160791697931,50.41234731171431,50.97083696066521,54.11843528766157,56.3458205247548,58.641597062575,59.886521373813906,60.8946883246987,61.28952770571714,61.50652073876722,61.470121652310866,60.68462311679788,59.910953245099144,58.44473447880052,56.71078380337876,53.85506177739142,49.280372064068835,44.477780092946205,46.325787561715046,51.02876007928674,54.30726331353789,56.895042032949306,57.94225857218126,19.138138523837167,15.563025007672874,9.030899869919436,18.129133566428553
15.563025007672874,12.552725051033061,18.692317197309762,18.129133566428553,48.60338006570994,52.43665461002714,55.49230164546964,57.10991845695736,58.39971768744736,59.07713326933215,59.75381252769972,60.08549075287725,60.048563872999054,59.382654784232855,59.33021867653313,58.45388299877526,56.24641967534589,54.504415720858184,51.620623181013286,49.066582176716,43.476226994672416,43.17331935445897,50.00108560051035,53.21923460136361,55.25957809690784,56.774317397749066,57.824740574790425,58.12932732425976,58.367240395493525,58.65234302677487,15.68201724066995,57.44700480939777,55.06851247600231,53.21937946242005,51.91218993411298,48.08156936034529,48.60655374823497,51.071997907516646,53.28389798025231,54.70357560867231,56.053309090622356,57.05550702307378,57.457507024235134,57.42773034563963,57.07796631423908,57.06007313486918,56.04593211581229,53.21009859989684,52.273544320739404,48.98796461450078,43.30190480474565,41.16375261179705,48.399303328047,51.96286748808876,53.92586167663494,54.420562430882256,55.49715460491547,17.24275869600789,11.139433523068368,9.030899869919436,19.294189257142925,15.68201724066995,6.020599913279624,6.020599913279624,16.989700043360187,3.0102999566398125,16.532125137753436,16.989700043360187,47.160116953714535,47.397937860816754,46.39974298454951,47.5117128700645,48.28324703223657,49.488284767533905,49.548693710664786,49.94321552794073,49.81265764028029,50.399690268674604,50.181177205910004,50.445907125321426,50.53235990777524,50.122042960307425,49.64773312155367,50.450294373885924,50.48845610629151,50.847406710649,48.90543967658421,49.84527313343793,50.43413368484327,51.397909597395824,53.160878198619976,53.342626999871506,54.09948331821175,54.55179975545529,16.127838567197355,54.29687696095396,53.276653870500425,52.12179611180426,50.775713763656725,48.16088772858218,43.83815365980431,28.068580295188177,35.03109436671369,45.517426821231666,49.12418693721118,51.60579566652974,52.91317780101867,54.1213113154876,54.855283638058495,55.30550579099341,55.16508932026517,54.49214502484493,53.80301710305184,52.625317708279624,50.46924174230035,48.72068822102247,43.88811413473523,41.53143856513743,44.30607111301399,48.51582419433653,49.998479703245884,52.824068379579565,55.28511769661435,57.09257237318298,58.43592152919704,59.473381273669844,60.064253920948545,60.24084848186551,60.15101868908908,59.78197413449766,58.90032383362201,57.63225774921991,55.82723397996424,53.10534006424143,48.648728424136735,42.36058366738554,46.12783856719736,51.4506581834954,54.74857031317561,56.7694953936863,58.309253248774134,59.25300228186689,59.84765772296714,59.97454974789119,59.88721675350513,59.36948824264044,58.36747441404932,6.989700043360188,55.10804972909152,52.94565419156153,51.70862855706599,53.485715898423564,55.71347739941703,58.007315087137165,59.84826490924458,61.20053782508195,62.33416740521222,62.875442109909415,63.23593830751192,63.32531570750432,63.13172848508322,62.62973352873969,61.80401166165973,60.54578202366721,58.92511436648942,56.20048562380731,52.16284690000789,45.48536819813903,45.477747053878225,51.751318569689076,55.58758955367914,58.18777980972232,59.87496445820455,60.9296263152966,17.24275869600789,14.62397997898956,15.68201724066995,17.634279935629372,10.0,19.030899869919434,22.55272505103306,13.979400086720377,18.325089127062363,15.314789170422552,16.020599913279625,56.546327447233644,58.67005841528132,60.64770868036601,61.87588397819988,62.701636647055054,63.2094038091956,63.476285511387815,63.44392666711613,63.20833340660616,62.344729913157366,61.540951604855785,60.18168536653798,57.40337420716561,53.963336262347966,48.91258616904139,46.95218918905151,51.58220720064185,55.787148325019366,58.41927936409665,60.509803146751146,61.80407186206707,62.38385623809837,62.90488045268962,62.679490064287016,62.91657396102181,62.59647863733445,36.87439774545894,59.902966666692485,57.2146436017342,56.118443414360755,53.8326407239608,50.404322279066676,52.08892616176848,55.249851684759925,57.695552912577696,59.48321010816136,60.56176607364723,61.21322115335956,61.44983092451217,61.517929050164206,61.31377714835966,61.03030536069281,59.96919507270826,57.91836558678408,56.669857183296614,53.412069302581614,49.139938883835235,41.3433651094868,47.894749457600625,52.779597169209126,55.48935781652163,56.84753827128755,58.20081206998804,16.989700043360187,18.692317197309762,27.520484478194387,19.54242509439325
13.979400086720377,12.30448921378274,10.0,12.30448921378274,49.47144422680432,53.147517737150444,55.120917723154676,57.039856939850154,58.16273124986196,59.15203487617285,59.60451749976983,59.86481510691828,59.65495679566822,59.70235730979987,58.79603311628861,57.89305665918286,57.3585828124471,55.71126277084311,53.23759340381414,47.51687025956762,41.45134226361495,44.88790358364855,48.92211512390777,52.72094677699539,55.05970291116931,56.758452215393305,57.52510168635551,58.46590067569595,58.584902767946645,58.0729481438827,19.54242509439325,56.54569251518589,56.090146073704204,54.35724950425676,50.46620010929238,49.30215253297909,48.20444491258136,49.436972712318116,52.459097669617435,55.1379538673432,56.31535083018744,57.258667311083784,57.78790640018859,57.89936603176039,57.72513135574519,56.162864207171914,55.034801672424635,54.355338172084686,50.20734085411515,45.86778532155642,38.94316062684438,41.4888016912823,45.56037017455736,49.940970895882096,52.720505749886115,55.34241929794221,56.14029869765909,18.06179973983887,10.0,14.14973347970818,6.020599913279624,0.0,14.14973347970818,15.051499783199061,9.542425094393248,10.0,19.294189257142925,21.84691430817599,45.70075705321604,46.04355673882896,47.99574867379584,48.62781141611285,49.35839661047016,49.205042108691366,49.759370424831104,50.05703753763508,50.49287814389517,49.63773665338068,50.62826323631087,50.60040236302814,50.29026453958038,50.82189152288226,50.59506618919313,49.39888495510685,49.23000372247522,48.488108524881525,50.57609056229484,50.91631790626808,51.466395813588115,52.61524556472671,52.47482260677054,53.845774042821915,54.20558058716701,54.446146287028,20.644579892269185,54.14560572113419,53.19584873110106,52.38046103128795,50.62724845493073,47.95302890975325,43.44490519241893,36.29919035503542,39.401677140340745,45.01018159848659,48.84143716693356,51.4126159062209,53.224446557692204,54.28078072761959,55.04183956680404,55.14457431266393,55.199972175640575,54.541280638684256,53.85105563442656,52.34820879807401,50.262635341580186,46.99846394333267,45.791545571624525,44.8370138233946,46.06982940624488,47.46299398545909,48.80133045616997,52.59949673026539,55.195248002764934,57.14799851188256,58.629639727341036,59.45913976289497,60.03795602329116,60.304122832517805,60.12972973218571,59.69237404872121,58.83604660922292,57.67664101438498,55.88123741325194,53.29471103170677,49.02970539584649,43.33185208052762,45.61113314652254,51.37366772832867,54.435148834439914,56.94227769062064,58.37114748515506,59.192643281447,59.781266263711956,59.957672175981536,59.8951611371062,59.29149068377634,58.45560007637951,13.010299956639813,54.91431735682969,52.99474610981524,52.40314566027667,53.16867379944639,56.13313161455459,58.22519166540573,59.906109806766935,61.32580167699768,62.22941101926167,62.750163488325995,63.2513826254116,63.37493204820201,63.13127235573106,62.735996070319246,61.728436527549576,60.72779847339899,58.77846851034569,56.48864280461177,52.45850595081223,45.67661454473898,45.28016341189201,52.26063471659525,55.717367747906,58.270984008193764,59.80302045271233,60.93873256669097,22.50420002308894,16.532125137753436,22.04119982655925,21.613680022349747,19.294189257142925,21.13943352306837,15.051499783199061,13.010299956639813,6.020599913279624,15.314789170422552,20.969100130080562,56.86135559106637,59.01115982069505,60.431303303514674,61.86683191874535,62.58267472242121,63.26665553733815,63.4945723184747,63.43343395498144,63.05863835458409,62.422953909201894,61.35232543526848,59.85261168201355,57.97634492739563,54.99931647977596,50.271252663059656,46.59659538882132,52.10719715681002,56.10750631683459,58.558757727396085,60.47318878854896,61.70048036902948,62.418899951557385,62.82866716929532,63.04203703935349,62.812570508745836,62.413432310383364,34.83444648098535,59.66305559969443,58.29946695941636,55.73929341329467,52.97465046609606,52.66995627373945,51.44362456893639,55.45535957813933,57.5106344325651,59.402614114463994,60.45925095884943,61.21017540366946,61.73342761110942,61.776187339560174,61.53288515848901,60.53329339401166,59.5174344780596,58.51368437591135,55.709723521681894,52.36207132699224,47.142039805827274,43.229838069483975,47.44957609996987,51.77276711258586,55.036272813564125,57.16951908563772,58.29464592859488,15.68201724066995,13.979400086720377,13.010299956639813,21.13943352306837
6.989700043360188,16.020599913279625,20.374264979406238,21.702617153949575,49.17579023556938,52.907667266723365,55.59236121732809,57.161611642962036,58.5344145203807,59.159509285879665,59.657570357256674,59.89045593347144,59.77607015858634,59.50419381201834,58.702751196278946,57.69981077792056,56.4627430090906,54.53015451677844,51.42896056034273,45.65871420993129,40.18700498666243,45.84172858967223,51.25887718216834,53.9092098347594,55.97717119436383,57.28357840829196,57.78917827024845,58.547704581242584,58.51919685250287,57.7491749974683,17.24275869600789,55.86103235445237,54.96742888957926,52.906066123669014,48.462938042529764,49.21087933094241,50.307170829940674,52.04998539742644,54.63190984099011,55.84495184819331,56.946543284596004,57.59554535696884,57.88867347837165,57.65574683371655,57.032440761437456,56.010828159672805,54.44127585175973,52.1619758218694,48.816413910114974,44.129139258233074,42.92477593667784,47.84053556401859,50.18405044662206,53.000234383982885,54.751043475018626,55.738053758601524,56.321058675562476,15.68201724066995,9.030899869919436,16.989700043360187,11.139433523068368,20.0,17.634279935629372,18.129133566428553,13.010299956639813,16.532125137753436,6.989700043360188,15.051499783199061,47.24906367842255,48.037847614443415,48.68344618843334,48.967521241275435,49.543197104851075,49.957974763531546,50.30599721965952,50.29890834931255,50.67520919525855,48.93456594885724,51.043675956010155,50.67847945720296,48.47010921039175,48.83229764737698,49.239586170161466,49.981939277026015,50.06145016376364,50.603993964061644,51.23734071661134,52.19346096495328,52.90626629883605,53.301295624875245,54.06965750758948,53.96017917131346,54.03055286275397,54.615255380393265,19.294189257142925,53.2383146058677,50.27614589279926,47.54745747364748,46.56146134740865,35.138831856110926,35.30583859645118,43.91799304818467,48.41534654793146,50.717642165590235,52.631648342655296,54.073654069816456,54.28966934222683,54.61379957509453,54.66550306443358,54.97638601169464,54.30700556818142,52.17497104453355,51.46555915104454,49.248631229316764,46.18435126515527,42.80965148097093,46.62956051311404,49.0156729002845,50.99445823865409,51.27007557371327,52.11902421775099,45.96520125227025,50.595331260353205,54.028062735579795,56.32781120688424,58.042335079201564,59.2033207153959,60.06955257134866,60.54999305260278,60.70558338374462,60.465626639814296,60.1321653962444,59.23584376245715,57.72092761457796,55.73493567963212,52.73901354985355,48.51600755829601,42.42665636645263,47.10506616470952,52.444379408303064,55.478940277047556,57.36864809611958,58.64668276701203,59.66435075865284,60.04251279016873,60.152595542937036,60.00179326592633,17.634279935629372,58.17423225579689,56.44974971233583,54.53098078548578,52.55940322339442,52.3734514376124,54.48008725025731,57.00177400257274,59.006298110175464,60.585846799958574,61.708909862824974,62.58342705326987,63.06271013361864,63.27632300576444,63.1704007683938,62.88569349422433,62.133211510842045,61.09997454166962,59.495661285776166,57.26291065995415,53.869357156744464,48.323364380066195,43.2479671762173,50.61908399694309,54.93883075108752,57.793367025865486,59.552652740651624,17.853298350107668,19.49390006644913,16.532125137753436,12.552725051033061,9.030899869919436,19.86771734266245,17.24275869600789,22.278867046136735,19.084850188786497,12.552725051033061,16.532125137753436,54.07222593372313,56.67580887472604,58.88245223037764,60.58029891800353,61.855662344418434,62.78280190612692,63.29382622846633,63.53279414220803,63.423535830217055,63.06857391009355,62.32832774797096,61.320216591206986,59.56822262263668,57.248801835394985,53.912809925756406,48.003664776479525,47.06760441781998,53.06815181116356,57.038225264324076,59.353767563436946,60.90614232931648,61.80286769534109,62.41968616793684,62.72666678549388,62.958539693990275,62.11834963359063,28.382192219076256,61.24395963768159,59.23950855959848,56.86068455854784,53.80480782541143,52.55079442427576,51.097135047929505,54.421190137451596,56.73136150457661,58.69115501063979,60.025504906552854,60.95481791511605,61.54612927709682,61.67284539845025,61.44053988072116,60.91138097575224,60.022118655251894,58.761277382413724,56.47167725824425,53.678123426835576,48.929234251285834,41.33858125203335,47.122792150173666,52.1918881845044,55.05239542320829,56.746820606416584,57.953383750802075,19.084850188786497,16.989700043360187,22.576785748691847,21.335389083702175
10.0,6.020599913279624,12.041199826559248,12.30448921378274,50.26194031014158,53.40689947148752,55.41778873682067,57.15878048308093,58.310400489760156,59.20721113577655,59.67138292019851,59.79117052755342,59.636839618980844,59.680914401211226,58.50859960827803,57.53080303838934,56.802348614857756,54.71881129759495,52.03468051862646,45.54077081375389,42.027334580454436,47.56118601704934,50.864523753754945,53.75220865134228,55.836033977699444,57.24951368424448,57.816261438457055,58.62487378700945,58.53767547376893,57.66479770899863,21.84691430817599,55.72650915252359,55.178567369689446,52.894752363287,49.014365243883084,48.366089093587746,49.403969378890345,51.650216300353605,54.17052974363939,55.961878964612325,57.07982985378979,57.62060060209262,58.11624598396477,57.92229849628923,57.46918187582051,55.52649968061522,53.76885233195964,52.93691742275966,47.243741892967684,41.3433651094868,42.44326610230636,47.221401254574154,49.78134847398289,52.31082018710722,54.49092531119419,56.13344899234744,56.56889373287723,12.30448921378274,14.62397997898956,16.532125137753436,20.0,12.041199826559248,19.49390006644913,15.051499783199061,12.552725051033061,17.853298350107668,12.041199826559248,18.692317197309762,45.68201724066995,46.88419822002711,49.17410973258329,49.56254896432293,49.9321130913145,49.733911225684324,50.297124182905215,50.17041691035435,50.4410838744612,49.58358392780661,50.47963738902426,50.146381267592346,50.18101058292396,50.14528938956798,50.66105926521299,49.21499194374012,49.208430737624134,49.500141612219785,51.81294658676112,52.19125891280883,53.17589110531701,53.56672034981305,53.94339590366979,54.09378494659984,54.25750987586405,54.19443540515492,18.325089127062363,52.7098611010675,51.04705569305886,48.68879446237088,45.56784782307026,39.562164692433896,35.450595846940026,42.929866665841004,48.48065895403992,50.78909727137935,52.60262244714977,54.084451888167955,54.718342401512324,55.07274175095517,55.061544789045655,54.64158558692037,53.82308876890786,52.70783613057843,50.57856208741888,47.87460474518415,44.05687786672778,42.75725867573664,47.18310656933966,49.293065055345615,50.91642341016477,51.48000764736434,51.86984572160061,46.08793373986931,50.64386848959615,54.00934975810852,56.345195891388194,58.12975489716237,59.18868743380985,59.94442098861483,60.48877433301086,60.64167738616475,60.500536229305155,59.988902638558116,59.13837684963543,57.91366385749075,55.95545821154818,53.040788731838674,47.834747875822465,42.45167068822079,47.06760441781998,52.4809593109413,55.35549810022918,57.340994351568185,58.75619118127882,59.592308179376474,60.1254745785561,60.20913331008486,59.87782418697856,20.5307844348342,58.1198364016079,56.689791713603405,54.68093179017466,52.33544346713941,52.66894630568552,54.675341138495924,56.97495244910401,59.108313657144684,60.57970231710705,61.62790157074603,62.536171049349214,63.16874289139107,63.294468999995736,63.28805533224327,62.798439103613184,62.12695937567517,61.11833578148847,59.45768843709651,57.20093947509398,53.843193575188586,48.04139432335351,43.46216013155005,50.90850349692816,55.10439104504403,57.671358212589006,59.50194413907851,18.633228601204557,18.129133566428553,11.139433523068368,19.138138523837167,18.325089127062363,14.62397997898956,19.912260756924947,20.969100130080562,17.853298350107668,20.374264979406238,15.314789170422552,54.42932641543041,56.759294938263736,58.725117240719115,60.500563320450965,61.767404781057486,62.76421360052634,63.260565525571046,63.48868884715451,63.411653566745095,63.177736391104496,62.30465526438075,61.17149941465514,59.76882087838951,57.35324185437869,53.78601372029654,47.94383468784466,48.63001482308211,53.367658335805686,56.67983122198066,59.12925288454258,60.751807588364464,62.078271050542206,62.487151042268266,63.02389812079771,62.87545554964359,62.252764498901186,35.29558673021163,60.98037713285091,58.60812176905316,57.550527280969426,54.122336806218385,51.505722476689975,51.43080408133624,53.85436454492493,56.845769852467,58.66359420077356,60.09896010687808,61.00897238520032,61.628394124315314,61.77804785065029,61.651567459539706,60.749991860641984,59.925013816928086,58.8839293680616,56.518098927919766,53.245314343048946,48.53119984217567,43.11435968289161,46.09146011529596,51.73025928773911,54.762895086532325,56.868229936150115,58.00103685378126,16.901960800285135,16.989700043360187,16.989700043360187,13.979400086720377
6.020599913279624,16.989700043360187,12.30448921378274,25.71708831808688,48.84574480084643,52.80965148097093,55.47135711915935,57.13594694077798,58.37374394466959,59.13303521458671,59.633084227349755,59.81555867857225,59.80483785631242,59.57301689070409,58.99610414994993,57.96896812390868,56.78420947756399,54.72880724568107,52.06817783512691,47.10100433223009,40.603956173199094,44.063698354692676,50.469826427582134,53.19851114934223,55.523822418575435,56.99126322213974,57.682569090337566,58.4458775453922,58.37961972803686,57.83143613690872,20.863598306747484,56.123705507309715,55.39038441569298,53.40255681383418,49.490092221240715,49.16369713572809,49.688283787951846,51.42342529740898,54.07513271584969,55.50728421220683,56.72756192677327,57.50394985215803,57.837621248119305,57.848411568753235,57.42216717138578,56.43899572385598,55.12813758290246,53.1488850803193,50.661394928707,47.042964015481346,42.71795155444749,44.972200027144865,48.56813445749757,51.904661685445426,53.95887031160447,55.08988683866163,55.86403872155297,19.294189257142925,6.989700043360188,19.294189257142925,16.020599913279625,10.0,12.552725051033061,15.68201724066995,16.127838567197355,0.0,14.14973347970818,14.14973347970818,47.76119799052988,47.80187652643173,48.13187209879112,48.82074642305906,49.371667037150324,49.51983136728111,49.91407732325726,49.98477303036506,50.292092130486395,48.996235484373194,50.86253023817161,50.400720031342516,48.17234730425498,48.212842023048246,48.63209809857713,49.95547449475137,49.991740555884846,50.20601569978437,50.37127568607792,51.628062776245585,52.4131731984737,52.876606732504015,53.80473548730487,54.002702502404105,54.166405073382805,54.87897373539602,6.020599913279624,54.3306543399148,52.00426389032535,50.58293134312226,49.82004240836346,43.05458854778667,33.80934463330702,35.76226137449605,44.76686742945645,47.73823000217266,50.73623051650276,52.89368182097158,53.66947529534973,54.49169732165201,54.58529072960262,55.2518479582806,54.67060268004197,53.005715731251414,52.81169773409736,51.02382245940545,48.19227970099119,44.26381116178733,43.14056919240724,46.857148741951974,49.02666343312217,50.07598436935072,50.78924212432554,49.69066285756349,53.24303037486835,55.8386501243163,57.50681923692792,58.788399317842526,59.6736167634804,60.26445416209448,60.42898652183823,60.32013227294879,59.71338946771199,59.05645334824058,57.751529784249655,55.37245951861604,52.49191017140656,47.6850490704858,40.286525736331185,46.37739827119137,51.8802804133508,55.24693340067312,57.32761949765799,58.66651757163215,59.58860000705787,60.190838729983795,60.23901152554022,59.92138464508553,59.57971998702348,22.671717284030137,57.21814735634005,55.249773889294566,53.320221457273064,52.65539473713247,54.058072225614566,56.35292695651132,58.51444871781399,60.13505018552571,61.432022250495976,62.339951077010134,62.93018076753883,63.109797035934434,63.11684580263904,62.84039354099676,62.34631916051833,61.35144423302087,59.86958843534705,57.813258927740804,54.838011824604884,49.89703378729001,42.4868424001548,48.16619071297846,53.855508662412284,57.116596281671306,59.094201572522024,60.4688519083771,18.129133566428553,16.989700043360187,0.0,15.563025007672874,19.86771734266245,18.06179973983887,16.901960800285135,13.979400086720377,18.573324964312683,16.020599913279625,16.127838567197355,55.38131171417274,57.78015874172895,59.75770839452653,61.223708855429415,62.184693319713766,62.98787599944235,63.43429470950616,63.42684954959854,63.35827244947038,62.69670755902135,61.92356108456258,60.61983335868955,58.557577400876646,55.77865040746374,51.737688231366505,46.064351111018745,50.12487118167585,54.710231283966586,58.00431807063638,59.76031134782738,61.460067264928995,62.4757387535817,63.02532224931979,63.04825813250752,62.76452612658373,62.551108209530696,33.106933123433606,60.468294385062116,58.74739187018051,56.79850174374495,52.799610880506556,50.84318841956489,52.90179352067709,54.30940522996049,57.50317818874642,58.840092990900146,60.37407771077565,61.14819408904745,61.583166474803186,61.762406306670115,61.414676465239964,60.86932579162186,60.01409168405877,58.51417968480588,56.349848259373836,53.36621813522334,48.619464068375436,41.472433595433685,47.62303363287768,52.353718706748,55.26081985113034,56.841278244003945,58.03922571850371,15.68201724066995,15.68201724066995,16.127838567197355,23.979400086720375
13.979400086720377,15.563025007672874,13.979400086720377,14.14973347970818,49.21998431308271,52.991017969886876,55.8976423302067,57.603877987983424,58.53921992164529,59.27791106535692,59.81251707202013,60.04375119773913,59.96481025292902,59.07457045291175,59.0528467666998,57.962078727541815,55.39557823090708,53.10534006424143,49.81351908829629,45.63291188372625,41.302694238053704,46.85347560655245,52.3987981927293,54.69274017685329,56.41856676361734,57.47539979650043,58.15472150131577,58.21726365694944,58.27644497507209,58.2944529760012,18.129133566428553,56.33195673394554,53.71084494507875,51.57710561301971,49.13161921590438,48.90979596989689,51.32915759874048,53.09195655651881,55.25009802787367,56.26646216522638,57.132493881128035,57.7545752613052,57.50681923692792,57.081701097877506,56.38522202182944,56.00869479926787,54.22512690744501,49.45197682103334,48.20890789899057,41.842370290163714,41.452896590541464,48.71164132802949,52.705227881114105,54.67360923913769,55.871101683833224,56.069528816312015,56.68708256031053,15.314789170422552,13.010299956639813,13.010299956639813,10.0,19.294189257142925,6.989700043360188,0.0,13.979400086720377,18.573324964312683,18.129133566428553,15.68201724066995,47.85507788089226,48.64285569099234,48.4728879442951,49.54324535094838,49.75491548614691,50.39406186784391,50.0564802854602,50.24354292221525,50.520009801013,49.972509193192764,50.9716356695494,50.83473952581707,48.98417996069354,49.018994755907684,48.91453824238682,51.04422235435883,51.15943176939055,51.77276711258586,51.14440835555893,52.41546480596548,52.93240979444369,53.394216260165294,53.98059857410678,53.66385596953946,53.72884398630008,53.7253090802583,19.54242509439325,51.591007680319684,48.48226076651172,44.78696331677028,39.414120403735495,30.043213737826427,43.32458659189203,48.17776846577486,50.909243300230614,52.74677305812702,54.12448786878567,55.010003476139204,54.93533331475152,54.95544337546448,54.686854757310044,54.54486609821031,53.437413269334826,50.665271826023556,49.37843741353889,47.10574276760383,45.061937441392494,45.88574206654923,48.27885982789856,50.44704353461037,51.79919292335332,52.789044349453135,52.48279863255517,42.518328186286396,46.96688317998114,51.095448008783464,54.51530080095803,56.590343623130735,58.383862261326804,59.58203015697002,60.38868826653314,60.880782971000045,60.85427946293807,60.806571461642974,60.30970717271427,59.30041819118732,57.90398474066508,55.9691912375787,53.27761364408446,48.84959538128897,44.752788388753835,48.54779559364148,52.8986085881693,55.575902031682595,57.69428286214168,58.792564871239186,59.75636269414517,60.18853556337109,60.222027104018494,22.30448921378274,59.03611912361658,57.712934426290595,56.02629629092398,53.66213698295158,51.64534269693047,52.232180905371315,54.93280951008622,57.40280560590688,59.659585861833236,61.035085055718994,62.14525955281105,62.838880344185114,63.251306618764794,63.48856047649257,63.30329747503668,62.87330466296758,61.96063380990553,60.71387071336784,58.945375849957465,56.30625144336065,52.47848112632143,46.36126669925523,45.578078557646045,52.12901072763263,56.118931699365255,58.55839458417122,12.041199826559248,24.60897842756548,16.989700043360187,12.30448921378274,18.129133566428553,17.24275869600789,19.54242509439325,21.613680022349747,18.129133566428553,13.979400086720377,12.30448921378274,52.869075962232024,55.32979746089371,58.10899581939459,60.123081595872236,61.4741659722258,62.477042639998416,63.12634268088345,63.559556373867174,63.703698431697866,63.22765954780772,62.89603220710083,61.99453753461085,60.24994782640511,58.20370939235815,55.14422891650966,50.74483646521272,47.352235198572515,51.51859955512512,55.93893875352332,58.498221932719794,60.177130625880295,61.94406934375307,62.01108864727895,62.91289133668043,62.92278228672973,62.92571927863008,32.70678836144707,61.224586875246345,59.24219825008897,58.066526904558906,54.92169290597506,52.32398862462542,50.271456657743414,53.325596414674045,56.900294207844965,58.169276719554865,59.750943524117574,60.937892789094164,61.30432840675666,61.69194917538057,61.463392375594985,61.22387595496653,60.45768782070415,58.574531170352664,57.3446218037231,54.88903085267769,50.4659270380326,42.263420871636306,47.10667292450161,51.99593383392063,54.9572467799798,56.54817399465224,57.98037090624261,6.020599913279624,17.634279935629372,16.532125137753436,18.129133566428553
11.139433523068368,15.563025007672874,13.010299956639813,23.117538610557542,49.48143893743131,53.050696316597445,55.50338441927154,57.210955423758286,58.45669071893226,59.20470831604558,59.62714455514934,59.780498892796686,59.684292421522144,59.58829443083157,58.60852864376956,57.701750153888085,56.74392621330411,54.72302908574988,51.93847819973557,45.792461104541886,40.91631790626808,45.969048408813606,50.9711842434465,53.68472838440362,55.803318329385974,57.218452255378466,57.68570769285883,58.45838191252277,58.41150408101584,57.52259010373956,15.314789170422552,55.372358678488006,54.90768687333426,52.62242198438838,48.18661289816565,49.16795985235871,50.25703103959157,52.2049511784349,54.66542889794504,56.21543925753003,57.199052702557964,57.7777180081901,58.22354445892132,58.02814759052481,57.466349772424046,56.01500476917771,54.3752860382068,52.961670013592936,49.233269309027506,44.51248989796137,43.060388163363484,47.039444784955045,49.499751778296535,52.47985534394233,54.3380982236759,55.749313506493365,56.18985787669226,19.030899869919434,18.129133566428553,13.010299956639813,17.24275869600789,3.0102999566398125,16.020599913279625,20.0,0.0,18.692317197309762,10.0,15.314789170422552,47.869926298617884,48.17386855691992,49.40242474237714,49.65864634904571,49.977445078024886,49.91943398334628,50.04927243268593,50.189832803830484,50.381590008153914,48.45377139623072,50.324737032205604,50.06590108663989,48.07406479526368,48.49622078212741,49.13527759366859,49.229588869061104,49.31712067056756,50.06927903017554,51.594769564742336,52.54173315323161,53.062534205221176,53.700409749909916,54.432520321443995,54.404761453941816,54.52100916578609,54.88888996004945,6.989700043360188,53.662398611762384,51.03119253545714,49.046506396345166,47.26727209026572,37.8965120879341,34.80868923687168,42.15928229339917,47.93860201342669,49.9747812706186,52.154048905627064,53.691156240407935,54.27234482983671,54.46035170629799,54.31984201026434,54.68484687555173,53.64770432150564,51.77931657935193,50.85451134018093,48.02814759052481,44.28167202855482,42.209705875202886,47.295697263019704,49.79680372881229,51.33443097549098,51.98018920085511,52.58773726478349,46.50317238783482,50.50043173330253,53.97941745846491,56.298833944001544,57.93748489311726,59.03070986192715,59.92792027118621,60.29981231748589,60.51434239919408,60.286692425453516,59.88011061496402,58.93156212014432,57.35030911940286,55.25673107030016,51.87029747053225,46.43867032580406,37.395723444500916,47.42827213849982,52.91424354890523,55.91443057786914,57.85304915760017,59.17637825802171,60.09919782617746,60.50140306216135,60.61421187645693,60.39483917976763,19.49390006644913,58.8234691332882,57.35653981350707,55.622928644564745,53.69729654096798,53.11601301567168,54.710348731877836,56.94047716035192,58.79983640155409,60.415379521052365,61.51916894380717,62.398240702539745,62.892430290103874,63.07676778051044,62.969758847968976,62.6862476833587,61.893479585659975,60.82173337778134,59.158244235342366,56.85187099464842,53.03152841889143,46.58555117374946,42.773111791740305,51.361178428964756,55.572376391408405,58.2588029893618,59.93850486480993,23.05351369446624,6.020599913279624,18.633228601204557,18.692317197309762,14.62397997898956,20.681858617461618,13.010299956639813,9.030899869919436,22.30448921378274,14.62397997898956,18.129133566428553,54.07195385454662,56.70703106250297,58.745977687031996,60.47440374098858,61.76576529071028,62.675961904864444,63.21658071963965,63.411392226705374,63.35019573723084,62.981454076377865,62.26797032734409,61.090605942362416,59.56262581462077,57.061799139927516,53.69186161045681,47.37017616990194,47.995404167888374,53.658491227789646,57.23807726529042,59.571521647021164,60.92795359359188,62.31781945820301,62.40613389340028,63.03521764150106,62.93834607134441,62.86280380861088,28.020892578817328,60.48255304342598,58.79254766642688,57.08313800619514,54.68313353664465,51.619307227749054,51.02461148383434,53.88474207630949,56.72734971642158,58.850223607916675,60.060932019645875,61.15865023503717,61.57052810365649,61.76139028821402,61.59030911590938,60.91622295056963,59.93341424908189,58.86104764856117,56.53694795315082,53.45626586904523,48.81099218389017,41.82785442084683,46.89601842441036,51.90135520877031,54.837655421927806,56.88122477701235,57.986630734084216,17.634279935629372,13.010299956639813,21.958996524092335,22.14843848047698
10.0,15.314789170422552,15.563025007672874,10.0,12.041199826559248,6.989700043360188,12.30448921378274,18.325089127062363,13.979400086720377,12.30448921378274,17.853298350107668,16.989700043360187,18.129133566428553,0.0,10.0,15.051499783199061,13.979400086720377,15.051499783199061,9.542425094393248,0.0,10.0,6.989700043360188,17.853298350107668,16.989700043360187,12.30448921378274,12.041199826559248,18.129133566428553,14.14973347970818,11.139433523068368,13.979400086720377,14.14973347970818,9.542425094393248,16.989700043360187,12.30448921378274,15.314789170422552,19.294189257142925,10.0,20.374264979406238,10.0,17.634279935629372,19.294189257142925,18.573324964312683,14.14973347970818,-inf,16.901960800285135,14.14973347970818,13.010299956639813,14.62397997898956,6.989700043360188,15.051499783199061,0.0,17.16003343634799,19.084850188786497,12.30448921378274,6.989700043360188,6.020599913279624,11.139433523068368,12.30448921378274,11.139433523068368,13.979400086720377,19.294189257142925,11.139433523068368,15.68201724066995,6.020599913279624,15.314789170422552,12.30448921378274,10.0,14.14973347970818,37.16003343634799,35.959369062691735,33.23458366849468,30.0,28.129133566428557,18.129133566428553,22.278867046136735,26.127838567197355,33.473300153169504,32.9269900304393,35.68201724066995,36.3558426631123,39.62321972729584,39.2453771777549,39.16190659980538,39.066582176716,37.180031682670176,39.12753303671323,36.8859777508117,36.96618459232225,32.00029266553771,33.93399695293102,30.4493154614916,29.405164849325672,27.60422483423212,32.87129620719111,16.020599913279625,35.69607967546824,35.29558673021163,34.95544337546448,34.948500216800944,36.57533887557986,35.80354661106591,35.23486332343228,34.66719371681599,31.658376246901284,29.916690073799487,25.71708831808688,25.58708570533166,27.267272090265724,32.19322508419337,32.42044239369551,33.694014136966246,34.04149249209695,37.60422483423212,34.49940988773338,38.68879446237088,34.31524584187451,35.06369717095504,33.330440298234876,33.72359582524324,31.821292140529984,32.00029266553771,57.53641267303408,59.77432759194245,61.497353389505264,62.92040865012987,63.930744670880124,64.50387075003752,64.88337041821248,64.89092963935315,64.5969699030847,63.85489016132341,62.73962141649547,61.046543780721485,58.36669008595621,54.15542568691575,47.386616659850446,50.740297579218314,56.469651030589986,59.880985569672674,62.094541554345675,63.489441489690286,64.52970918456116,65.06451993827713,65.15020968707248,64.84477080758161,64.27320701637822,63.200658614569164,23.979400086720375,59.92791143992518,57.41174455854601,56.21442179755654,57.62648559617997,60.22784981360276,62.56118313907271,64.32513443157454,65.78520593562912,66.81474607946886,67.4550902512632,67.80130734305371,67.89337693082354,67.7177974773346,67.26018233608123,66.47050764313425,65.26238576608334,63.57158709661007,61.07389757487648,57.17474110906969,50.27757204690553,49.32250471802527,56.76233470951796,60.63795934551537,63.17706147943137,64.84992591404446,65.86575715830185,65.96435442028698,65.8669282766029,20.969100130080562,14.14973347970818,22.85557309007774,24.653828514484182,18.129133566428553,18.129133566428553,13.979400086720377,20.681858617461618,20.170333392987803,20.5307844348342,12.041199826559248,16.127838567197355,22.944662261615928,23.010299956639813,20.644579892269185,21.13943352306837,13.979400086720377,16.989700043360187,13.010299956639813,16.901960800285135,25.514499979728754,26.9284691927723,24.62397997898956,32.08978517276253,29.86771734266245,27.267272090265724,30.257153839013405,25.390760987927766,26.074550232146688,20.644579892269185,31.658376246901284,29.041743682841634,32.05204363948145,32.727695865517596,6.020599913279624,38.66936817731639,14.62397997898956,28.992731873176037,22.92256071356476,34.65382851448418,28.721562727482926,36.5991620006985,33.15760490665735,33.27358934386331,29.561684304753634,26.483600109809316,18.325089127062363,13.979400086720377,10.0,22.380461031287954,13.979400086720377,6.989700043360188,16.020599913279625,16.020599913279625,17.16003343634799,21.73186268412274,9.542425094393248,18.573324964312683,22.50420002308894,12.041199826559248,19.294189257142925,19.030899869919434,12.30448921378274,15.051499783199061,15.68201724066995,9.542425094393248
18.129133566428553,6.020599913279624,21.73186268412274,13.010299956639813,50.38322053381606,53.59860135912019,55.377649622425444,57.29838395777193,58.49818511005542,59.242172395610396,59.60318533728558,59.71677014602765,59.519947781652,59.442309057951746,58.22233480238844,57.1281800020785,56.51581332545038,54.40520245958496,51.2393326759676,43.71621927176022,42.455620166559626,48.12779707008964,51.695127923678264,54.29687696095396,56.26641086601792,57.45270023988988,57.933321089335635,58.76167593509574,58.665336648595485,57.595560466779276,19.86771734266245,55.45842539871281,54.74980707014499,52.356824426447794,48.82279715846208,48.88095211261547,50.02122846225162,52.46924295801682,54.600027853594106,56.26714951616408,57.017104240995366,57.4805461606903,57.89282384779181,57.66437387031917,56.92664530156846,54.787194095842615,52.629254693318316,51.32032233899814,44.77656554546929,40.21891873919109,45.55348418430587,49.487258580701635,51.4096660689554,53.517847152525995,55.14709752799118,56.4284522662085,56.82940704166587,9.030899869919436,13.979400086720377,0.0,12.30448921378274,16.020599913279625,14.14973347970818,18.129133566428553,10.0,17.634279935629372,19.030899869919434,10.0,46.077230235205526,47.44144280277382,49.06383533518843,49.61060218702649,49.661417327390325,50.03257986466232,50.46155556115405,50.59374059065958,50.58555078815129,49.93158369523867,50.681858617461614,50.50476427265063,50.62393937253195,50.73894231479195,50.940831300525915,49.39888495510685,49.75289318163653,50.33926120472871,52.30318613486542,52.624819401552344,53.19108142251936,53.617599348582694,53.948175248640524,53.98419205312158,53.80690510654311,53.6086783730653,18.692317197309762,51.45792879215221,48.75107585665959,45.224181489703255,39.438900482484726,36.363875858131564,44.17803722639881,48.02828436111134,51.12068504268197,52.51866864347252,54.0561440262357,54.961682741749776,55.154883687447935,55.30313701554003,54.98905749609443,54.20953643599573,52.957803466618515,51.392901868166646,48.76200514668308,44.604919108553105,42.53943462669259,45.450595846940026,49.15995723626107,51.04230965930802,52.17581320543819,52.38196699379014,52.36658161915932,40.55722266483576,46.36387585813157,51.265664582494594,54.4549211281436,56.727423529893926,58.319829703127304,59.469947941053675,60.28311737080947,60.75141674128388,60.88390209557761,60.733887478868176,60.18692594767543,59.36414205254381,58.08543826954612,56.09740572204135,52.995094777942775,48.62900258572467,43.90546539888802,48.86270702112662,52.765835733838664,55.84801455393751,57.65421912740785,58.8235203813382,59.75339884605458,60.07025344197377,60.150125164062025,16.532125137753436,58.94814882394812,57.764113155377956,55.94822211948109,53.51960488630465,52.01443555839518,52.71976286613665,55.08116100656764,57.72803418313471,59.483782403946115,60.97083696066521,62.10625601662968,62.94244172173275,63.29894948427664,63.44570278286933,63.197321582905694,62.76901161405807,61.934621589330376,60.738374443163615,59.00697503795769,56.31550300153228,52.44153372551425,45.705079147210334,46.91903308506012,52.56222088581613,55.977697553433956,58.39405763695695,13.979400086720377,17.853298350107668,22.04119982655925,13.979400086720377,15.68201724066995,17.16003343634799,15.563025007672874,17.16003343634799,15.314789170422552,3.0102999566398125,15.314789170422552,53.26714679058795,55.67553319855903,57.85728348687982,59.9418072669545,61.35700521667634,62.50713661743251,63.20596762797054,63.494183831466835,63.54921882942578,63.38631769764124,62.76785451233544,61.752290530293514,60.61454364041792,58.53119984217567,55.5098373515203,50.51619379269896,46.89956708950599,51.729326130095245,55.5094831778414,58.430333431679664,60.253329054001384,61.57305630327967,62.40545753945124,62.55614256870798,63.11446144462412,62.22509416763279,24.14973347970818,60.54466350075354,59.84750928674223,58.19665652543165,55.572376391408405,51.70543328599618,50.956748619335585,53.31817884627525,55.99036573711505,58.52998153939215,59.901758527552886,60.89987372440356,61.4571650184036,61.8293509436692,61.728739887908674,60.93466863447894,60.002539879876686,58.98476158573823,56.624045877646196,53.724130138575305,49.007220671142704,43.04921161900892,45.77778936695224,51.019188336804234,54.42228840568718,56.7917433272916,58.03498767681479,11.139433523068368,16.127838567197355,18.633228601204557,23.654879848908998
14.14973347970818,6.020599913279624,17.24275869600789,20.374264979406238,49.35648313051384,52.896246220824224,55.472946247053216,57.18568115065309,58.24920119971388,59.19879489194163,59.67394916604316,59.99009113331019,59.989581818241795,59.21610012119456,59.21458606153277,58.18804347511985,55.92883715145273,53.77692280921642,50.82562782228035,48.72983267626533,43.44981413927258,45.06234359612126,50.67985371868674,53.54557874253275,55.432545317954606,56.8264048532739,57.81384810070783,57.959870143229296,58.084925314006675,58.44445487867816,19.138138523837167,57.008023305916,54.28316252316165,51.900766504047276,51.06394903130426,47.069992572693344,49.19104253906271,51.9105398737578,54.176144969708574,55.35052215231991,56.599561115142976,57.448013186837734,57.517039502875065,57.46347688017962,57.00283061061085,56.78814181229253,55.752109450836144,52.50480994441836,51.23734071661134,46.601157206237794,38.676442339030984,43.09715314859149,50.012879429612866,52.682806966763195,54.265324062740284,54.83885281897806,56.009217351781146,12.30448921378274,11.139433523068368,9.030899869919436,16.020599913279625,16.020599913279625,12.552725051033061,16.989700043360187,15.68201724066995,12.552725051033061,18.692317197309762,15.051499783199061,47.08293397717032,47.75158809094191,47.612736501115094,48.53119984217567,48.93900403553743,49.649616670063196,49.38929809700646,49.26764186660883,48.96526217489555,50.41526900893086,48.900463690858885,49.52196513508728,50.48321365305163,50.23038347022865,49.67440325236953,50.1040597262518,50.205477240318174,50.53454925025864,49.87165554770618,50.64252024908201,51.828025478128694,52.659987243883315,53.71365298317344,54.27273453986758,54.6776344720425,54.495863808375674,14.14973347970818,53.5757850318107,53.05802629184904,51.63447628628096,48.68344618843334,45.903178697661275,38.165064370463575,33.45569756056392,42.84047031603394,48.53759033074769,50.99680641109251,52.75230708821863,53.951585849181534,54.85728522738668,55.25731356850706,54.6521921653919,54.39668944443267,53.775193382737385,51.87625051783121,50.026022977410165,47.34783833180738,45.73730052453567,42.34365405741633,45.011277575229805,48.20523283175604,50.78909727137935,51.401465042770944,50.28774526500088,53.44433539525995,55.60701505513606,57.515108198856666,58.78291949249796,59.77151331148902,60.21201293704274,60.42649529126706,60.29742835400479,59.77160943894934,58.86177581867071,57.60726985972451,55.81896206954664,52.81644587278205,47.75493940985265,40.59374059065958,46.89220037263836,51.96863987186564,55.20950982831792,57.35500693335693,58.76236898308999,59.73460839020494,60.06655977803267,60.43804208110383,60.20941887562088,59.55018719942147,21.13943352306837,57.1174819471113,55.39935051468465,53.35148869980841,52.45399144192987,53.83937381998692,56.30452284333353,58.43508097067791,60.200536866198746,61.55933312958777,62.35152821784219,62.9516626463935,63.22197165832267,63.30093007593327,63.06366045282654,62.32792884145159,61.245994200975815,60.00618429110546,57.68976083120508,54.61764064535612,49.326005845004815,42.521731557715334,48.430333431679664,53.805910832268324,57.11247767404583,59.18100091045217,60.545490928995626,16.020599913279625,21.702617153949575,22.278867046136735,19.54242509439325,9.030899869919436,13.010299956639813,19.030899869919434,20.863598306747484,14.62397997898956,18.129133566428553,19.030899869919434,55.30144607208382,57.738463939536935,59.956790605116225,61.30242717959837,62.24301221628524,62.992740724672515,63.38813743096199,63.5249529050406,63.32624257805101,62.65451100572254,62.05949930341906,60.673271890359466,58.271397860320846,55.424830829448254,50.88833944150202,47.615068647154324,50.12841441135984,54.6521921653919,57.99192312548847,60.11462596621676,61.257248577232616,62.31918435215289,62.6748078912751,62.97308040366743,62.62394366692328,62.726344568424196,33.868555291847244,60.42167800914808,58.69016279715612,56.31220476138546,54.52186784013074,51.17576189311245,52.53425243222976,54.5719889719356,57.572357962034104,58.9013978216894,60.44342558475052,61.36824848711821,61.61828110571433,61.6627880972556,61.31967819889063,61.07277822859771,60.177614246775555,58.18232493783892,56.67656509903016,53.97566354723363,49.454784329676016,42.75863950712521,47.328439059169185,52.365498568536665,54.977545768706825,56.87319343482987,58.10159905417322,19.49390006644913,13.979400086720377,20.170333392987803,19.49390006644913
10.0,13.979400086720377,17.634279935629372,13.979400086720377,49.21145220666661,52.74113955582014,55.707028522224824,57.31298601459889,58.34627310029628,59.119162949120046,59.74781028367641,59.91417477607194,59.982078828164646,59.14699016383791,59.03700284592123,58.02120082105942,55.65857259755287,53.28664961441525,50.15849946370661,47.8625439578978,42.76760422557778,45.42190320433657,51.39583161826357,53.90090413161735,55.71551619027026,56.892040473996836,57.886243530831614,57.85230149427613,57.86576107783126,58.189341793700315,19.54242509439325,56.43502025328,53.37950185751418,50.85836225908164,49.89449817666692,47.94655318897174,50.44539760392411,53.17664352488223,54.883321041998926,56.15980545839972,57.104634775338624,57.735882620511845,57.790717024081424,57.376894903529134,56.70946839669567,56.72855825413375,55.29698497182225,51.50995772980126,50.374264979406234,45.50778518564257,39.37166703715033,45.63919904493979,51.01973782451714,53.46988300987701,54.84790812852637,55.31113445007975,56.03314374838027,0.0,12.30448921378274,6.989700043360188,0.0,18.692317197309762,6.989700043360188,9.030899869919436,12.30448921378274,11.139433523068368,6.989700043360188,14.14973347970818,48.60996436757196,49.13480058869052,48.5764604034652,49.188059189988934,49.58281906394148,49.90893580219904,49.66845423654917,49.20175522010023,49.0829195620292,49.7202223062971,49.24842469534048,49.27780849347374,49.14263802522533,48.70193145234065,48.405326482763186,50.283922930053905,50.324092176074785,51.406902702142425,50.437629803241094,51.84691430817598,52.72168945827555,53.531176564849154,54.577138966918504,54.659550885856596,54.75614537523397,54.72178467845791,18.129133566428553,53.33376733701557,51.87548920861271,49.71210885303255,46.70839354337524,40.544598372394034,18.325089127062363,42.630202831040464,47.098802585760104,50.430713408488394,52.38359786408524,53.869909466448334,54.41445324846921,54.82451941916732,54.76370724770091,54.35031691929144,53.62620054941136,51.97258498163106,50.07649645371551,47.8896690815973,44.891284513322574,44.03943698453202,44.761067168401915,48.413094048046865,51.169595526406994,52.192727071623835,52.85543807415046,47.271588445067856,50.96228504818271,53.64307046581609,56.08047618358367,57.808161401089,59.0216068899544,59.92105296171789,60.312597686880096,60.444084330910854,60.31830433823895,59.80788938328769,58.78827876715218,57.470332862476134,55.251498028603514,52.003606834883826,46.01244924810521,38.06790271584067,47.86105176895488,52.90864545251634,55.838842592344385,57.88225660282657,59.20854017232636,60.04433157974695,60.56237658980227,60.678208267756204,60.36374151657529,19.49390006644913,58.71498795616817,57.403508449377654,55.54178925409333,53.71189817214208,52.784632123163284,54.43672830605544,56.73575638210842,58.765099670652205,60.50152688130397,61.58970380329785,62.43145492257774,62.89687482515235,63.128900133138515,63.03724883176936,62.57900464250764,61.85971704084424,60.78643111450386,58.95715292230736,56.56888416324128,52.69550301276294,46.21643572194573,43.73004004767274,51.19628641701613,55.42182843061785,58.24101090797455,59.94602628345469,22.278867046136735,6.020599913279624,14.62397997898956,19.030899869919434,21.84691430817599,13.979400086720377,15.68201724066995,13.979400086720377,13.979400086720377,17.853298350107668,6.020599913279624,54.063698354692676,56.43440831929709,58.98174836359982,60.59436177863526,61.83760817188656,62.66262750222993,63.16205472190043,63.44618990892201,63.36946391252357,62.85415521345005,62.31251878894214,61.24014226057932,59.11763599404892,56.62732339735583,52.76962447757312,48.432327780980096,47.522789854601186,53.00351967272455,57.45615760411507,59.373759457992605,61.137913226314254,61.85152162968091,62.727848816056934,63.072435174747184,63.08860742435128,62.86043986092014,25.622928644564745,60.98849231706949,58.9826706645176,56.734089247750305,54.58335625991947,50.13721778051063,50.888657991017624,54.202924851118546,57.2329883796222,58.60420664412777,59.91722571489784,60.940852282743315,61.38795461189875,61.53304077590178,61.340434824785206,61.07237112204791,60.28874095944427,58.52707450694035,57.136467602048,54.448688606740106,50.12014237418042,42.17220655644518,46.552249007683116,52.20100239273676,55.21960110159918,56.74273113931345,57.99581068195705,18.692317197309762,15.314789170422552,20.969100130080562,15.051499783199061
3.0102999566398125,13.979400086720377,15.314789170422552,17.853298350107668,48.84506493211074,52.50312635346117,55.586089833093375,57.00407742383577,58.317296773247165,59.10504877430189,59.662135614536126,59.92702822312168,59.957724801417726,59.26813534334492,59.308538119747496,58.287024218060836,55.988101972504225,54.118704470461395,51.32915759874048,49.13670829433385,43.81818771625734,43.26376830173808,49.975829520959664,53.04087498223849,55.229473583881855,56.53352430567462,57.70390236333047,58.02167341667686,58.23063215636842,58.53673880871554,19.030899869919434,57.4030346348121,54.87593650840854,53.10960814806904,51.81183072588317,47.81015367167437,48.42240931549416,51.097168782028874,53.18399365561856,54.39359540295716,55.896514099638296,56.89512192776932,57.26306562690858,57.19577372710532,56.76549125534305,56.85387890736706,55.748411950633844,52.9208985543996,52.021230727980445,48.39804745203147,42.70376005212022,41.7507672117621,48.596545784805784,52.04798038190855,53.81573511428955,54.31661234404526,55.5094831778414,3.0102999566398125,18.633228601204557,15.051499783199061,12.30448921378274,14.62397997898956,6.020599913279624,16.989700043360187,12.30448921378274,6.989700043360188,10.0,20.5307844348342,46.84072994969725,47.28727033658791,45.93740066214235,46.9890919885207,47.906017949628264,49.127320662580864,49.37021128181249,49.40242474237714,49.5761207528598,50.55087685015685,50.16782712486841,50.741176443574176,50.74304344001435,50.50801084310092,50.058151827524206,50.799116938043056,50.56908660920483,50.90360352335801,48.78550517731428,49.84225677734983,50.175216459698916,51.30828903547291,53.23648045708645,53.405254135030745,54.077731872806005,54.383920204918056,12.30448921378274,54.236259201287815,53.402378255524006,52.301627036610626,50.81437326351849,48.32413101885117,44.014350072298704,27.032913781186615,37.1575271682286,45.651982517156654,49.34680210893603,51.7598991185227,53.23384122130609,54.249551012881255,54.966598591206115,55.2572876813568,55.24506466921497,54.66941725717638,53.841382748587165,52.6167673859467,50.63126860458549,48.70947895798416,43.40463945185634,41.74117981254267,43.868911694524314,47.90911166601595,49.57827490829763,52.64555751085918,55.22415540430557,57.063302426916366,58.40393437055765,59.42694935669843,60.09833178608563,60.23865390678089,60.116769954808724,59.65999918308028,58.97024158080295,57.66479770899863,55.79460041018967,53.1465077304049,48.69349080759093,41.94514341882467,46.31159558151505,51.32266095007139,54.65263850356592,56.842455494599164,58.31420536525077,59.30183632228175,59.77183830529139,60.005425290922936,59.872979414449865,59.3425042858546,58.34550400381245,21.64352855784437,54.89432510129226,52.7742812502919,51.65333372596983,53.36623814128014,55.546708351714564,58.069664202305304,59.90884266682081,61.31746945100879,62.34728052466799,63.01005891651343,63.328422669943514,63.376319463690464,63.16591341002894,62.64800120428018,61.82917993858703,60.48157360188698,58.900239917117986,56.00673466717481,52.25112770722256,45.26041890680879,45.78524605274993,51.92469879431065,55.80793869627336,58.20498990525302,59.84324295110096,60.93116871606861,15.68201724066995,21.335389083702175,19.912260756924947,6.989700043360188,13.979400086720377,6.020599913279624,18.633228601204557,15.68201724066995,20.170333392987803,10.0,16.532125137753436,56.47994854958512,58.70550206268082,60.7206231249631,61.8886326441753,62.727661103280134,63.28635007659754,63.507084365523795,63.46382122066103,63.20061912576109,62.31501447718934,61.64022249726656,60.01065752800213,57.480406520901816,54.20307335127479,49.094757950169914,47.40212634571335,51.69568639026761,55.74693206866775,58.661319106640626,60.3120035704226,61.460945316687486,62.18128327429923,63.12902268394229,62.93496248208313,62.87292814825405,62.71526570741016,33.27358934386331,60.13311316611932,57.32880058126243,55.585993833340524,52.831496515763796,50.511525224473814,53.616522999739374,55.33319485513097,57.93048238498461,59.486017059202744,60.69172111409646,61.46462003776979,61.516348820839006,61.43699757730683,61.27714003660951,61.12833482191662,60.04648476410169,58.07536381009057,56.62495287413532,53.67611203682122,48.912084065471944,41.58151325392702,47.48761537299956,52.87329121657558,55.44793330592378,56.9193155840219,58.020570613560594,3.0102999566398125,16.127838567197355,19.49390006644913,12.30448921378274
12.041199826559248,18.692317197309762,19.49390006644913,16.532125137753436,49.80185236947335,53.25367863156124,55.243558717216914,57.016897085963635,58.276283506540466,59.11820533971877,59.50902520747342,59.69744304914016,59.689706721514696,59.608036249117696,58.53116329806439,57.545593148734106,56.896967976443655,55.1124414383203,52.37644257639192,45.82245228275298,40.35549803010057,45.72592821096286,50.03257986466232,53.186058640550556,55.42456929216997,57.11538136100447,57.70299591196362,58.56362091927365,58.63965497209844,57.86105176895488,16.127838567197355,56.202412310684664,55.782459897708875,53.90970414162616,49.79097457744342,49.21207707582944,48.474060653896856,50.57730748889896,53.276878517373035,55.31869606292165,56.233743905505534,57.013624451993365,57.54339160378563,57.655106007722196,57.27976959450983,55.528202533907994,54.18794979144394,53.214679361251555,48.56565772813531,42.98001111407518,41.35228090226056,45.78008509573256,48.30113700166691,51.654283353802256,53.859939272954485,55.81483158275855,56.44797890879241,3.0102999566398125,6.020599913279624,18.633228601204557,6.020599913279624,15.051499783199061,13.010299956639813,16.989700043360187,6.989700043360188,18.129133566428553,12.552725051033061,13.979400086720377,45.20732378332008,45.641569195253226,47.72064868851765,48.56275634663986,49.26064491559185,49.54551231316127,50.06277735842886,50.351294308208,50.88323946901837,50.15347179132089,51.629376079569184,51.47119576021965,50.84504783246228,50.87682058033536,50.9822826550294,50.063676195399935,49.77490395120758,49.496046609729746,51.09190309201101,51.427178788069256,52.26078954988749,52.999385461715505,53.212296310110005,53.86272395580855,53.9747071716853,54.21743734026939,13.979400086720377,53.73913772526798,52.032314850654785,50.40922603173949,48.12913356642856,41.96728722623287,34.671639659690904,37.84189205380961,45.78513143142161,48.788892966713505,51.49003451928547,53.4962132926148,54.570276002936716,55.22888733938552,55.5585470539756,55.525867022155865,55.26717827490036,54.12468947628835,53.062534205221176,51.175795021970465,48.604218622368684,44.298329963825125,44.955582125478685,46.68255422349812,48.360708089151416,48.683857828036,50.9224680183058,49.489213013396984,53.1926641663222,55.79749308856862,57.66539250054514,58.927627905479774,59.76493955628655,60.296540114669206,60.52680093518749,60.418480607276166,59.999322447757784,59.20617889740558,57.94271891287978,56.14433158550452,53.558823441174425,49.71966643900576,43.706241008415354,46.85419255988781,51.726175241932424,55.02548650805251,57.06230314070763,58.46714326659982,59.41174400680924,59.854022211803574,59.971451397859575,59.756064103410075,59.10950803362792,17.16003343634799,56.54027257587738,54.35973297918273,52.25683957557911,51.17330965607344,53.95495883391277,56.57457437356336,58.77772048172753,60.49124949594446,61.73862250438357,62.56761269433974,63.15611852137834,63.482277348478604,63.49191437300132,63.22741168464003,62.57594587152616,61.726758912237905,60.22001290616457,58.33647442054371,55.41571756046135,51.076338783998295,43.93399695293102,48.721562727482926,53.74486224261148,56.804597093164574,58.89481547236122,60.295870773233844,14.62397997898956,12.30448921378274,18.129133566428553,16.532125137753436,12.30448921378274,12.30448921378274,16.020599913279625,22.14843848047698,19.294189257142925,18.129133566428553,14.62397997898956,55.7517398424429,58.12809113457516,59.83756601014311,61.334383064531494,62.33881574212346,63.13045289192995,63.53623334257318,63.60941807413341,63.34249624992935,62.92420894715724,61.94660007293308,60.73143308422087,59.02937957316532,56.43062623378525,52.59032133987698,46.79909169753503,50.20796188104522,54.746838261515684,57.48029790907324,59.802079647638564,61.10530790384565,62.335950743467066,62.66428331575966,62.69703898406979,63.094943227120865,62.76453072238736,39.00148560719344,59.65273214922274,59.13093491625962,56.702133725713836,53.53931610709368,51.133583312670936,51.36127366097711,54.915297752974695,57.47703829051663,59.21345667681447,60.34044192354396,61.196546894229435,61.62975208874903,61.985539984983696,61.74601973662202,60.751708966718226,59.77886777926266,58.704565793128374,56.15659723940435,53.01414176305595,47.62243301125117,42.29041573173397,46.814673735337315,51.65615232699998,54.831592097169796,57.02992859338142,58.266785059793094,20.644579892269185,21.13943352306837,14.62397997898956,9.542425094393248
16.127838567197355,18.129133566428553,16.127838567197355,6.989700043360188,48.87808527819623,52.658174372671425,55.520899885535854,57.10800861956032,58.29137100451371,59.02666343312217,59.593948882096996,59.849344141953644,59.79544732806377,59.35967011793358,58.8883970375751,57.924624317083946,56.432947224993924,54.49300942456012,51.89596979269823,47.74641032143307,41.854004831904525,43.57267654644208,50.62901477337856,53.12492592285657,55.304968128297325,56.827414829960034,57.33493383472914,58.03337599937034,58.04027605859375,57.749729179824016,19.084850188786497,55.957617877461495,54.729158076136144,52.725470521183134,49.06749740462028,49.09695066792133,50.0881300905209,51.73655286281024,54.3240803142708,55.63339857397504,56.6298813550549,57.60303337692164,57.892174731948586,57.917327433756974,57.478808101295094,56.826594241794346,55.60720612545779,53.197845697783244,51.57641085059261,47.881188559183684,43.632358044836934,44.83173486092514,48.44632475043565,51.55609283678915,53.69664767477921,54.73040037278325,55.61846442129789,6.020599913279624,13.979400086720377,14.62397997898956,18.325089127062363,11.139433523068368,6.989700043360188,9.030899869919436,18.129133566428553,10.0,11.139433523068368,6.020599913279624,48.908456037304674,48.70228279011794,48.38628740544196,49.190466964594435,49.253120914996494,49.63320237089257,49.68912360840227,49.636603526498604,50.006943158663546,48.46101960297892,50.09425398309608,49.97180985323791,47.4130920889957,47.54264221240148,47.732743483374534,49.90871404801486,49.7846356093812,50.27696089534803,50.3422726077055,51.682174884282105,52.38911319290792,53.16461009765377,54.192169850150094,54.450309922938054,54.78118985077457,55.51309683551716,19.294189257142925,54.89256576128671,52.579520223060285,51.216550305807196,50.59794323929047,44.53715751700767,36.14158709509175,34.412236742426124,43.5260695413652,47.16178696385568,50.16703317168054,52.30392714926002,53.34216432855008,54.09150011697257,54.27137040173719,54.962389304738785,54.51313518411642,52.728275195181496,52.38610570005447,50.477420181806416,47.6789761601809,43.2962158001926,42.511026254141385,46.240963720278856,49.261417191460154,50.65822373848283,51.7586247037557,49.796667197576966,52.947857669535196,55.50360456353204,57.29874799033005,58.456021493470956,59.441370731580975,60.008352132425856,60.11090213005217,60.03849843884317,59.27626962444954,58.7098647569516,57.29521963425058,54.78406310948376,51.28722284338427,45.065726742525136,35.79326203755255,47.4671202251666,52.60228850841368,55.91782269996405,57.83338915240944,59.195571217619744,60.06354780150724,60.62502262253314,60.73121656131815,60.52022940853245,60.25558174413034,16.020599913279625,58.04440675026187,56.02712029066244,54.25090570176213,53.33876318761042,54.022149405616574,56.15621840795149,58.267645883867694,59.89866113608993,61.25046753926576,62.07908104715241,62.708615972383235,62.92226157185922,62.954791326780175,62.65292690903361,62.00981751146598,61.0116980720752,59.52247902248619,57.26930049691295,54.024505388513646,47.87828724761575,40.95552896019402,49.61083969720243,54.51810988581845,57.561262165645644,59.50384329028349,60.86522126807972,0.0,18.325089127062363,18.633228601204557,14.62397997898956,11.139433523068368,16.989700043360187,6.989700043360188,13.979400086720377,6.989700043360188,19.294189257142925,20.969100130080562,55.1061202578917,57.44603529560864,59.62979854960071,61.032798580035916,62.07898417843471,62.85918320910127,63.2783813102645,63.36395685700067,63.1995216089128,62.51041476889752,61.80921734518769,60.403467510442404,58.339403615198506,55.45049680487982,51.39532771597939,45.91120282237383,49.993480692067216,54.67723507522686,58.21343183440086,59.90680205732733,61.58495775919405,62.18361647600004,62.978327051884705,63.290010356977135,63.03517661937177,62.49243619527719,39.39169679625178,60.875372359386404,59.18751987488591,56.51402080412901,54.387005329007366,50.85379783217932,52.323047527976684,54.4903539350911,57.05854308167731,58.99221156488733,60.222307696793315,61.15116699453752,61.51015711454556,61.68981890627479,61.41678305808085,60.85314130127025,60.09464918779638,58.40811563493236,56.53394879163692,53.50689843255472,48.69161287887931,40.912095647341296,48.10098040681143,52.3152056097025,55.09129909753341,56.658660497616026,58.00443496554098,21.64352855784437,16.989700043360187,6.989700043360188,12.30448921378274
13.979400086720377,12.552725051033061,12.30448921378274,6.020599913279624,50.494196125998805,53.5282479877404,55.59826458601,57.069378601141565,58.46154571105805,59.17356868231718,59.66512016295915,59.7843480843389,59.53553364927852,59.51005598777725,58.274422955996535,57.201733660472144,56.449189035996376,54.27364372730054,51.071047762142506,44.96071276220637,42.88539850670456,48.45947185678508,51.11967837206073,54.10002402139,55.98883481774865,57.15071116230892,58.008984545533046,58.468824216766066,58.2720961463708,57.47605992768668,22.14843848047698,55.16596184086259,54.31804269155502,51.59885879707058,48.923005653292336,47.539276003484254,49.828860481643034,52.84929040484243,54.89881170937614,56.54634668614972,57.417793349851614,57.79137425977147,58.09686281249088,57.88186053781259,57.25167306335774,55.22852252508904,53.140569192407234,52.05253097502262,44.92494983343012,38.68879446237088,44.72522422916882,48.507442313434424,51.061670903354724,53.28730159810077,54.914751559569126,56.37474719075166,56.60688120684756,21.072099696478684,11.139433523068368,15.68201724066995,6.989700043360188,13.010299956639813,14.62397997898956,12.30448921378274,20.644579892269185,15.314789170422552,15.68201724066995,16.127838567197355,46.681062379327315,47.68697285559767,49.780206525350444,49.48197721488406,50.07004832081535,49.66090083837676,49.94215937501416,49.929818575440734,49.67098473523667,49.837931179621,49.03594561100246,48.950079450705424,50.733076838235675,50.60096965543303,50.9960123183804,48.99711094571145,49.94022242731556,50.401472395833835,52.46621662695988,53.00336742949217,53.99687563315652,54.36893809463851,54.31924767492983,54.823389581755315,54.574352669034944,53.78276136054404,16.989700043360187,51.676746681944444,50.446220647241056,47.39445755661932,40.18700498666243,35.514499979728754,41.45662470707546,46.90169489756442,50.36948112195279,52.47229176023425,53.76814111968197,54.70470764632588,55.26056118161149,55.4041081916469,54.89081979153316,53.76522210604112,52.27686214736187,51.31378035763099,47.05974836417554,43.2512552621693,41.620264324211774,46.74769314015427,49.43266921586124,51.42342529740898,52.49543209295939,52.786461569228905,53.17750028842234,42.91057894434275,47.005739284858166,51.484576601454854,54.470370324537754,56.72579934363129,58.29829112140465,59.37544470427532,60.18557790349089,60.610964529950124,60.92457462483193,60.58010512669949,59.98598008359713,59.253786232062765,57.808715300879754,55.62189335350665,52.1483590356378,46.35021057233487,38.91871830445584,48.33561439046896,53.13911490851133,56.02568903316609,57.990019435342646,59.33508546498836,60.17257527709716,60.5429583482499,60.498461319517034,12.041199826559248,59.38796824709402,58.51890368183128,56.89561014195819,54.3816405518384,53.094811192361036,53.34672853736304,55.15308098112037,57.61873736084159,59.34177661872437,60.91090563642303,61.97651273558952,62.82089396079587,63.2411879218239,63.23335031151796,63.14536277206564,62.503594896486376,61.888345872959796,60.38566517506765,58.64169800377872,55.85643433165928,51.41465451618621,44.21735511322255,47.16178696385568,53.123889493705924,56.49082583053681,58.74561247476832,16.532125137753436,10.0,11.139433523068368,15.051499783199061,14.14973347970818,12.041199826559248,6.989700043360188,10.0,16.532125137753436,14.14973347970818,23.891660843645326,53.69252975010431,55.96052511876614,57.87314504373163,59.751950649905595,61.34293477803841,62.37304911053133,63.06770181281016,63.44173892467768,63.50039545731022,63.272383370582446,62.61185045767821,61.67072051603913,60.44575035587365,58.41939810600893,55.24318214760929,50.32135046879902,47.539276003484254,52.02079441007388,55.65163974842632,58.44708861920388,60.19426212070502,61.683100541490035,62.55388783946821,63.20155636848516,62.770526400271905,63.02566847139712,31.88647295999717,60.592547205936775,60.403467510442404,57.9305313438861,54.500349884060945,51.56188603919746,51.2856080655932,52.81147042024428,55.85014925919867,58.398574964192704,60.046639442833154,61.02875665233117,61.4817123058652,61.77429139453358,61.533056032210744,61.028057496843466,59.98036901765104,59.198021846205265,56.504415799307274,53.73867870327068,49.134959596171235,44.061994236633126,45.110272917463504,51.05687272684375,54.60014831987135,56.91075300507808,58.130696745208105,20.0,21.73186268412274,9.030899869919436,17.16003343634799
13.979400086720377,19.912260756924947,21.13943352306837,6.989700043360188,49.03768042526874,53.021685250121166,55.60635818678364,57.27633148573062,58.37316287688609,58.979441754023696,59.5995007321296,59.76748319924184,59.689370857922476,59.35657378806223,58.7131718689329,57.687897449038665,56.293412891995985,54.3487535669791,51.57716602189155,45.63777633362166,40.28774526500088,44.99700825897211,50.8656269136646,53.55489832903385,55.600705013975336,57.207825855358564,57.47250957069176,58.303608769899654,58.24444763703503,57.56059201217031,21.958996524092335,55.6339682883862,54.586695702466976,52.627476376981846,48.148466686044635,49.31828947443176,50.25981364088429,52.2346998116192,54.64079501542737,55.96140571688984,56.869801729306346,57.59101003867063,58.00409802463311,57.76431663496758,57.28829216207387,56.041623086692,54.65585078500358,52.404918377462806,49.87867280658585,45.33009022495485,43.346145711793945,47.43462726677742,50.03494998557833,52.80835502181185,54.416700039489776,55.51490253741675,56.06270627400529,6.989700043360188,6.989700043360188,16.532125137753436,16.989700043360187,15.563025007672874,9.030899869919436,14.62397997898956,18.325089127062363,19.030899869919434,12.30448921378274,22.14843848047698,48.35087847232494,48.70807576367386,48.90365121448124,49.4004807093355,49.52017090047426,49.91053209815939,49.970454561525486,49.81370042400207,50.30911266067467,48.20936706380719,50.567867376541564,50.123351769290124,47.3917663191073,48.003664776479525,48.52193215818459,50.05425056146357,50.09382899167601,50.62935292263425,51.34957625662232,52.5935731747472,53.19074813978499,53.68640128576486,54.551891114388184,54.3934532766779,54.530934885792604,55.18062302070003,9.542425094393248,54.13140437655581,51.00625532086342,48.54214921512205,47.70093173961512,37.16837723299525,32.31979026831504,43.14372900009328,48.24522833268283,50.21540728567295,52.19083934768473,53.81780909607066,54.271906364247535,54.491651004894344,54.55893518887224,54.78631418487388,54.138778795000626,51.57523252109847,51.18205184303016,48.43120607219163,44.99934395120714,42.61215272268593,47.096514974674626,49.630035012297064,51.06863753268684,51.840807185263095,52.379707854163364,46.65927912802659,50.71189528722371,54.01925857140219,56.218593944160666,57.815112397257366,58.95454592032573,59.90454296054058,60.352796104598625,60.51969000178322,60.21408459072693,59.84059463542438,58.9749513368111,57.316757765143656,55.16746850913505,51.8304195729064,46.19145526346042,36.6838591669,47.18568115065309,52.88519736736166,55.996647787884164,57.80407330687868,59.2862778960479,60.09425398309608,60.513609337839746,60.66135017507338,60.568172216798175,23.117538610557542,58.949471036323175,57.20319755913679,55.38576247077835,53.60688062030678,52.773730956083085,54.4281985934457,56.85265992821941,58.78291949249796,60.4730602640858,61.5482095651106,62.41352449069994,62.93440566000775,63.11447204466746,63.08932394221084,62.65818614700376,61.969318796371,60.791906556594625,59.160668591915375,56.70086211234537,52.85525804638448,46.23549056918393,43.9079385015567,51.26618375522951,55.655172514446704,58.22918942490223,60.007901310553635,22.30448921378274,24.857214264815802,13.979400086720377,15.314789170422552,9.542425094393248,12.30448921378274,21.702617153949575,22.944662261615928,14.62397997898956,20.644579892269185,22.380461031287954,53.99299825087829,56.62455608647872,58.79431940415853,60.60043640266218,61.70506083998638,62.661914649476,63.2383970213342,63.35382870589031,63.394731057997234,62.893623825727985,62.272388916413675,61.146376681731915,59.36449397789257,57.018726613641405,53.342043623576856,47.54539444397008,47.832816931143526,53.10315131019148,56.99020379574212,59.342847864067494,60.826087452438806,62.092516772013155,62.72951701758004,63.246381840529935,62.73371017710454,62.72045235935491,37.88521887222473,61.19256549299444,59.38231934766382,57.37447099710349,54.26734044453279,52.43425018743408,51.73122139660358,54.13906346461931,56.451519794141504,58.74255624162068,60.08694258707279,60.950018803096945,61.481020641053135,61.695207289097524,61.53442888059725,60.96924257633452,60.127617436682705,58.67153881218918,56.72515319158481,53.6400285697923,48.67379087855645,41.237863286153726,47.026028413404276,52.007547677245185,54.965145186977445,56.779033761307744,57.928572557197946,20.969100130080562,17.16003343634799,22.85557309007774,20.644579892269185
19.084850188786497,18.06179973983887,-inf,6.989700043360188,17.16003343634799,15.68201724066995,14.14973347970818,12.552725051033061,9.542425094393248,16.989700043360187,0.0,20.0,14.14973347970818,17.16003343634799,6.989700043360188,12.30448921378274,9.030899869919436,13.010299956639813,3.0102999566398125,16.127838567197355,9.542425094393248,16.127838567197355,14.14973347970818,10.0,16.127838567197355,11.139433523068368,14.14973347970818,18.129133566428553,6.020599913279624,16.127838567197355,16.127838567197355,14.62397997898956,13.979400086720377,11.139433523068368,14.14973347970818,15.314789170422552,18.633228601204557,14.62397997898956,17.24275869600789,3.0102999566398125,13.010299956639813,16.532125137753436,11.139433523068368,17.634279935629372,3.0102999566398125,13.010299956639813,20.969100130080562,16.532125137753436,13.010299956639813,12.30448921378274,9.542425094393248,18.633228601204557,0.0,16.901960800285135,15.314789170422552,0.0,11.139433523068368,12.30448921378274,15.563025007672874,12.041199826559248,15.68201724066995,10.0,0.0,10.0,15.314789170422552,10.0,15.314789170422552,17.24275869600789,35.3567380342575,33.52182518111362,29.20123326290724,23.26335860928751,25.276299008713387,24.74216264076255,27.671558660821805,30.740846890282437,36.17105230502378,34.83444648098535,37.77644277696485,36.66985718329661,39.41958416530814,38.444150404738245,38.30010935936117,37.42017747140138,35.182506513085,37.460890430562,34.84299839346786,33.38456493604605,28.382192219076256,26.63700925389648,30.043213737826427,24.487063199050798,28.603380065709935,34.898179083014504,6.020599913279624,37.17670503002262,36.63700925389649,35.31478917042255,33.73279893277496,35.165353738958,35.138831856110926,32.67171728403014,30.20775488193558,20.043213737826427,9.542425094393248,15.314789170422552,30.043213737826427,31.702617153949575,33.25720858019412,33.979400086720375,34.74798818800631,34.056877866727774,36.65111737075051,36.41573253178176,36.28388930050312,35.753033334223986,34.189638307036226,33.83815365980431,29.29418925714293,30.090257420869104,25.289167002776548,50.98785583712113,55.1669531288087,58.22728898834437,60.589848568696276,62.37282529995923,63.67516375308252,64.65643498637584,65.21625083727248,65.4911084086456,65.39858253782788,65.07831189040964,64.27780894331784,63.06411515956625,61.13595777672916,58.3048922503393,53.49724222634397,46.87350569558028,52.153757976869514,57.4592536276065,60.57532600587429,62.655896616505544,64.02119977232968,64.78364739871627,65.18017902975862,65.1817295068185,64.91217231871333,30.30599721965951,63.07115275045544,61.2768940586476,59.16094256449382,56.82998380114749,56.46233112037387,58.59436734644902,61.20961333292044,63.436805089701515,65.16217435952868,66.2720952341614,67.13143977299536,67.67249693249444,67.90366525037437,67.89200679270525,67.49877245215698,66.85219913670076,65.79655689487126,64.29611474730054,62.01535311772194,58.554131433793955,52.52799650724046,47.66955376204693,55.31985723888499,60.03343756684531,62.728967971990095,64.50038532256548,65.09392467816002,65.37717999693466,12.30448921378274,23.69215857410143,13.979400086720377,14.14973347970818,15.314789170422552,12.552725051033061,13.010299956639813,17.16003343634799,18.129133566428553,20.170333392987803,17.853298350107668,20.374264979406238,22.55272505103306,16.989700043360187,15.68201724066995,12.552725051033061,23.521825181113627,17.24275869600789,17.24275869600789,12.30448921378274,18.325089127062363,15.68201724066995,13.979400086720377,12.041199826559248,23.521825181113627,23.820170425748685,21.335389083702175,22.944662261615928,26.074550232146688,6.989700043360188,17.24275869600789,31.222158782728265,31.64352855784437,27.458551951737288,40.324978828571105,30.884904701823963,36.74309888941477,42.27809604075215,36.98970004336019,31.911714557285585,20.0,25.888317255942074,22.55272505103306,3.0102999566398125,12.30448921378274,3.0102999566398125,14.14973347970818,18.129133566428553,19.294189257142925,26.532125137753436,23.54108439147401,13.979400086720377,15.051499783199061,16.989700043360187,17.634279935629372,10.0,14.14973347970818,13.010299956639813,15.68201724066995,13.010299956639813,16.989700043360187,16.532125137753436,14.14973347970818,3.0102999566398125,16.901960800285135,15.314789170422552
3.0102999566398125,18.692317197309762,11.139433523068368,18.325089127062363,49.96660497582575,53.170453090067376,55.41282124843426,57.26306562690858,58.27836921783646,59.18672387004045,59.65993812673592,59.83769224504006,59.80116591720605,59.17657774755192,58.95124626161122,57.808715300879754,55.82810797293164,53.70929235527386,50.38739348104749,47.645123748551576,43.62218500326052,46.87297037768995,50.89922765327813,53.84756513257574,55.57609447572393,56.80340046736226,58.09538841065528,58.13555637305533,58.06571341208219,58.387383000433275,13.010299956639813,56.73125088424962,53.92612547749831,51.32323740040991,50.69123963257296,46.37739827119137,48.97550120891006,52.20173488910881,54.14098868096722,55.76241116836443,56.92823133735406,57.61344380028657,57.43774650601573,57.238503804147875,56.568453507797514,56.19145526346042,54.60912869987286,51.783120543126785,48.89604202318903,42.009872191631665,34.02948829344405,45.31478917042256,51.15610511674299,53.52585742183908,54.9676641119282,55.829832741625225,56.527422561284794,18.06179973983887,16.989700043360187,13.010299956639813,13.010299956639813,11.139433523068368,16.020599913279625,3.0102999566398125,3.0102999566398125,6.989700043360188,14.62397997898956,20.0,46.344067293655385,47.583743663644256,48.336888448364135,49.01158516602071,49.69103592673178,49.73645002826976,49.29418925714293,49.32580295817209,48.888980413869746,51.158267730797505,48.99453877566286,49.222582234329664,51.26537252055469,50.83853640140072,50.450607579256626,49.9618320032566,50.254041849607496,50.9083978004538,50.986748693245715,51.63629420984208,52.870959879391535,53.39826938687175,53.79751369993194,54.47867832672518,54.67614024377808,53.642601176423774,3.0102999566398125,51.97556213153536,52.02564597973467,49.89449817666692,44.13702012781114,40.9847066565063,28.727388274726685,43.427778673872474,47.429842170806936,51.26069685635017,53.07598716095243,54.25542371594479,55.194420743913355,55.54922632377247,55.64577302903842,54.49663494153331,53.607240230397494,53.18741390497692,50.11016121367881,47.728642358152136,44.46443960831864,45.162047347615164,45.13550520346337,47.85052082526423,50.39909606374096,51.93936748686024,52.44549242897895,46.56491094301585,50.880226255257696,53.739596698754674,56.18889707360418,57.986506454452694,59.24845567606308,60.08690427510335,60.50675501736837,60.595107844304,60.700293654410764,59.959859979137995,59.07371046915755,58.04826805089138,56.06793963810219,52.94206012440745,48.091285728420594,42.288621285305624,47.69406868913598,52.27886704613674,55.46485905376903,57.44900570185567,58.85587356189656,59.70702442924904,60.318627208259144,60.303912267655875,59.79302478038904,3.0102999566398125,58.04006464691743,56.92249243177025,54.90106030151778,52.281256293345976,52.37385372742566,54.356532853264184,56.81395022773371,59.04799908116899,60.60094696515954,61.83930607508843,62.727920654602585,63.2405042655791,63.44153444319658,63.36216701113202,62.95021635524333,62.160835237268344,61.25361533564964,59.304090095713,57.09626072126764,53.254992436016416,47.77056898299486,43.56599435724971,50.819267006800075,55.26096211279893,57.84624423846608,59.57810740118981,20.969100130080562,20.969100130080562,14.14973347970818,15.051499783199061,19.294189257142925,23.838153659804313,16.127838567197355,24.74216264076255,3.0102999566398125,17.853298350107668,17.24275869600789,54.2769703799481,56.77363278014015,59.09179334745004,60.71914762180122,62.023493423887,62.74479754671883,63.34864728955081,63.562548058632096,63.48256951686836,63.08095720258437,62.49353941513757,61.358606374956935,59.45532592073201,56.842105048773675,53.30007700872759,49.6513111655542,48.624712845250365,53.42819286904106,56.7673200870249,59.27396029803128,60.90281336982851,61.82044688295693,62.555199824336505,63.11603420815988,62.509515656149276,63.202393689235365,36.8859777508117,61.1349713612711,58.55176188095478,55.976008592042,54.55096220900583,50.348249073818536,50.66150681077342,54.315213683704215,56.840882759986286,58.741999276795866,60.13755860477876,61.13261977955961,61.56049758804248,61.603442576972455,61.407219950624146,61.17192054548302,60.20049539632643,58.61750011127729,56.973383387401874,54.10959345884617,49.57789202541456,43.557962135029726,46.15107987443194,51.80082845177537,54.85728522738668,56.94398969767726,58.03468723993574,17.634279935629372,10.0,10.0,16.989700043360187
17.853298350107668,21.072099696478684,12.041199826559248,13.979400086720377,50.1603833413031,53.55983764939272,54.998684588893234,57.000673817773816,58.076980270252285,59.02073635316161,59.46839223850854,59.61866077194948,59.57328521329143,59.40327685174783,58.46300610062485,57.491834361190584,56.87504882618997,54.94495492715363,52.268060495007276,46.45756213603842,42.52488944484988,46.41315435134449,49.63886948469336,53.17833599243589,55.201545758652045,56.905017512002786,57.65961958244248,58.30986215742743,58.55354977073383,58.160091722136976,20.253058652647702,56.52186367468579,55.39960104871717,53.544657203466855,50.60199059506235,48.14627104490266,47.54539444397008,50.34937125072034,52.70837155942151,55.26852114090039,56.32911595795437,56.92275706421634,57.44657480982938,57.51674716938315,57.22240576347677,55.44192110765032,54.16182676129948,53.248131639652584,48.111995273844954,40.61490176624815,37.8915749191144,44.57957551203638,48.36887193801922,51.28657700431415,53.781797903809505,55.89329535653149,56.556473755911256,3.0102999566398125,19.294189257142925,17.16003343634799,15.68201724066995,17.16003343634799,-inf,6.989700043360188,19.294189257142925,0.0,16.532125137753436,6.989700043360188,43.227360044699495,45.2172633728741,47.844532423901775,48.833490849946145,49.289383813490076,49.436972712318116,49.898145430342026,50.11219313939612,50.29971909180223,50.61953588884936,50.302109900724076,50.499618900776824,51.83796373420462,51.92879542598854,51.58305185570388,48.850953594975344,48.852367949358964,48.86406114109727,51.66290951531501,51.297221086958785,52.50070962586449,52.92018917282694,52.89129445351329,54.06240328595472,54.239483708717806,53.980407533059136,12.041199826559248,52.928428586314695,52.45436166025789,51.12581543637377,47.309840384955244,43.97000918007696,36.10873000380052,35.94282028811806,45.396405656694284,49.39084740844601,51.68358982196007,53.342948829113546,54.75195964214414,55.4184123916057,55.99745560092703,55.031094366713695,54.813695232785015,54.43852601522028,52.580479279855076,50.26962036054797,47.3837619112041,44.51556183076428,45.29558673021163,45.917878286455945,48.29721781101162,49.47482736556918,50.57365568563195,49.758222681802934,53.35427809960001,55.689054149828785,57.65469612756522,58.86933254399845,59.84338252838107,60.274886413093824,60.531633724180736,60.37415341608805,60.03745229104012,59.083632921329425,57.8339040870938,56.33792540508723,53.581785930328955,49.716700611256044,43.03325678218915,46.99360693585929,51.814233762383196,55.15838092389543,57.10619095897848,58.46018388854218,59.41958416530814,59.83601482473819,60.08142218074258,59.86605596046254,59.188320969292285,17.16003343634799,56.360192474567214,54.52873112984221,52.33524054001656,50.695349027125616,53.85781385858816,56.58440706411126,58.6689787639094,60.51260600069331,61.684102623047046,62.46181607442415,63.115233060170475,63.54285387704284,63.545711197699895,63.34816516979289,62.493969863950994,61.703051426718204,60.2148410562132,58.23790379570531,55.189138330538384,50.50766311233042,43.70346519511229,48.99585241453678,53.642450993107566,56.82190218984122,58.85517266573012,60.30862728438236,23.891660843645326,12.30448921378274,14.14973347970818,9.542425094393248,6.989700043360188,20.863598306747484,16.020599913279625,6.020599913279624,9.030899869919436,15.051499783199061,15.563025007672874,55.84159282102625,58.27023380068,59.70624382631439,61.379235120404154,62.33122062923327,63.08996359042099,63.464108765215066,63.582579713858685,63.35100288013461,62.832057639039796,61.89289542958818,60.72059001443072,58.92277747253792,56.40986991324354,52.5355606722012,47.619954568645085,50.68085628376812,54.575094846929616,57.721463395963035,59.82101553614904,61.305283531646985,62.018077344906345,62.55428822981261,62.89814513062075,62.5822170306644,62.79229920701355,29.54242509439325,60.32056392447315,58.04777791725358,55.912527605383396,54.06833017570128,50.99559795149243,51.271210030804646,54.71949989694596,57.16601756445951,59.22963035618584,60.39549344165785,61.169479408657814,61.72091867626748,61.76306905100691,61.643962830613,60.7595150617839,59.846807519537265,58.51469327881467,56.11411013409573,52.92973393998609,47.615068647154324,43.490831687795904,46.55541795408254,51.5601883092165,54.806392293901816,56.915977390948235,58.29746206064149,23.521825181113627,10.0,11.139433523068368,16.989700043360187
15.314789170422552,15.314789170422552,12.30448921378274,12.30448921378274,16.989700043360187,6.989700043360188,12.30448921378274,15.68201724066995,17.16003343634799,17.16003343634799,21.613680022349747,13.979400086720377,15.051499783199061,11.139433523068368,19.138138523837167,12.30448921378274,13.010299956639813,6.020599913279624,20.0,10.0,12.30448921378274,12.30448921378274,16.532125137753436,6.989700043360188,15.68201724066995,9.030899869919436,22.278867046136735,15.314789170422552,12.552725051033061,13.979400086720377,12.041199826559248,15.68201724066995,15.68201724066995,10.0,-inf,14.14973347970818,15.314789170422552,10.0,13.979400086720377,6.020599913279624,11.139433523068368,12.30448921378274,10.0,14.14973347970818,12.30448921378274,15.314789170422552,18.06179973983887,14.14973347970818,6.020599913279624,6.989700043360188,9.030899869919436,13.010299956639813,10.0,20.374264979406238,13.010299956639813,6.989700043360188,14.62397997898956,16.020599913279625,0.0,3.0102999566398125,16.989700043360187,11.139433523068368,16.020599913279625,11.139433523068368,6.989700043360188,0.0,19.49390006644913,20.374264979406238,37.02861170572929,34.32648660013107,31.126050015345747,25.68201724066995,21.335389083702175,25.477747053878225,29.60946195733832,32.57678574869185,35.37189226243645,36.71913012441587,38.96526217489556,36.89220037263836,40.539231505485745,39.35960468989166,38.36830286488879,37.07229419327294,35.80354661106591,38.15843290663266,34.49940988773338,33.91816923613249,30.342272607705503,30.277572046905536,30.043213737826427,32.265999052073575,31.94514341882467,35.622928644564745,14.62397997898956,36.28695382714023,36.26545659027129,35.42202782434028,34.0840957846843,36.6838591669,31.658376246901284,31.809855807867304,26.483600109809316,18.325089127062363,24.955443375464483,26.9284691927723,31.832698436828046,33.979400086720375,35.72523097849638,37.55035933767771,36.45520514905874,35.89949601325708,38.25945143203848,35.09605704611556,34.5408227073109,35.51693915127225,29.268567089496923,30.4493154614916,25.31478917042255,25.31478917042255,22.30448921378274,50.82774602551182,55.0251042005621,58.23555733248968,60.61951706095868,62.40742142010533,63.60397236271989,64.66236471509434,65.25686311007468,65.49937706695779,65.44299523650912,65.06551841686144,64.27209637143795,63.01830530716384,61.15507333679961,58.23757145715228,53.58743633583807,47.03428954577213,52.22373060730304,57.48759213786507,60.508289007672396,62.71327115821735,64.04341008847801,64.8269540060756,65.21383155465615,65.25395342123001,64.8954929094423,27.67897616018091,63.06291608951649,61.41001136620939,59.232948042755964,56.84996082332748,56.49149805947965,58.68952860115908,61.229049581743865,63.533102183883976,65.1617364173586,66.36014427882075,67.21197885644018,67.70571396211497,67.9246173134695,67.87773507127069,67.5070736876015,66.8606344506264,65.81463121684581,64.27778461590682,62.0240357505151,58.54724949063656,52.73380968940671,47.2366086669145,55.3691810153378,60.0359192078135,62.79802867897206,64.54269228986492,65.15704594777239,65.48025613274984,14.14973347970818,24.14973347970818,6.020599913279624,15.68201724066995,6.020599913279624,18.129133566428553,15.68201724066995,10.0,6.989700043360188,14.62397997898956,13.979400086720377,15.314789170422552,6.020599913279624,18.129133566428553,13.010299956639813,19.86771734266245,9.542425094393248,3.0102999566398125,17.853298350107668,22.04119982655925,20.681858617461618,11.139433523068368,19.138138523837167,15.051499783199061,20.170333392987803,27.85329835010767,26.063813651106052,28.129133566428557,30.969100130080562,31.670217957902565,35.67966906823154,32.07634367388962,26.989700043360187,31.96728722623287,29.566485792052035,22.278867046136735,29.37016107464814,34.74216264076255,34.0840957846843,38.77371345869774,34.33449793761596,18.633228601204557,30.6333335895175,26.60865478003869,13.010299956639813,15.68201724066995,16.901960800285135,15.563025007672874,6.989700043360188,25.118833609788744,17.24275869600789,6.020599913279624,20.374264979406238,13.010299956639813,12.041199826559248,14.14973347970818,16.989700043360187,14.62397997898956,6.020599913279624,13.979400086720377,10.0,13.979400086720377,17.853298350107668,17.853298350107668,20.681858617461618,18.692317197309762
19.030899869919434,6.020599913279624,15.563025007672874,18.06179973983887,49.19161803725967,52.49858472417371,55.39389782072505,57.08074005957708,58.16909797643228,58.989910507271645,59.5839663092307,59.79344381385465,59.84651958223583,59.183706105944495,59.07223197408704,58.14474009285428,55.78461559800469,53.72514331092105,50.751745493515,48.77371345869774,43.23458366849468,44.92033629731958,50.57361762985039,53.376289524150636,55.4117970897645,56.577994474191755,57.67426009723834,57.836756577326156,57.896885673675904,58.32023253307391,9.542425094393248,56.953222891901206,54.12031921698219,52.06850152684603,50.99504540080182,46.914439899556825,48.78429871597402,51.66610662289432,53.804898246350284,55.0290758260016,56.396189488052414,57.35598899698181,57.438937182327344,57.31100211354459,56.805575905459534,56.831164116917535,55.68934710708338,52.169282182910564,51.070063463815444,47.26604970113563,39.9202302776385,43.36779832983642,49.999739415493245,52.580431332044995,54.333056987081235,54.82350400904693,55.70562786219263,19.030899869919434,14.14973347970818,16.532125137753436,19.912260756924947,11.139433523068368,6.020599913279624,17.16003343634799,12.041199826559248,10.0,11.139433523068368,9.030899869919436,46.888645680547924,47.77644277696485,47.334380270910614,48.139877406326264,49.06991913612941,49.67590093253491,49.24981860911053,49.490482923156634,49.20801381825654,50.357498373196606,49.394243963390366,49.28114084025949,49.93158369523867,49.600186476802435,49.27334427020689,50.407051663421356,50.58247562614436,50.742494406724944,49.786825651569444,51.00911352967194,51.624030842534616,52.751961417856236,53.909103904539286,54.270980569271956,54.57441325974,54.64346448122349,13.979400086720377,53.61737277099362,52.93161384473248,51.48531706020461,48.67496950528708,45.44130081987965,37.42332282357148,34.94293768665332,42.75748884479195,48.636796678758984,51.2769102418364,52.95751773282733,54.084095784684294,54.69698334854998,55.0836943810107,55.02483110317706,54.55870715810266,53.66581702536497,52.196945265660645,49.99100078682224,47.68823025449643,45.831193917435684,42.72978109073684,45.070593848021154,48.06790271584067,50.841936443255435,51.15790182565053,50.21706008805968,53.33368671166795,55.53361074494688,57.44900570185567,58.71537910385015,59.638713737908525,60.191262645598734,60.32452746446555,60.2203761912166,59.79375350825853,58.83948031697007,57.50086237550585,55.744109646046525,52.743079783190545,47.475050274657676,40.681858617461614,47.0205984927033,52.11398229990169,55.110621024628266,57.36482555776294,58.65606706764624,59.715764101201756,60.14044822454154,60.40920626965733,60.14820325265282,59.52519289058259,17.634279935629372,56.99948669167874,55.28736777724652,53.24177470957476,52.59634487582449,53.655572418504285,56.218593944160666,58.443553822481505,60.081763149849166,61.506367238224,62.35894413018359,62.955347740562395,63.24289247527944,63.266176511911866,62.947747522184436,62.280480574379254,61.221116350874865,59.970690675020194,57.612736501115094,54.57671508036502,49.27780849347374,42.38798562713917,48.64065879090237,53.8220621680588,57.021702264370475,59.12370871247303,60.493982950127396,15.314789170422552,16.901960800285135,17.853298350107668,23.654879848908998,13.979400086720377,13.979400086720377,21.958996524092335,20.681858617461618,20.0,18.633228601204557,16.989700043360187,55.23960960509889,57.6074280823945,59.90019899821492,61.19984601894008,62.2414158092988,62.916534021632756,63.32711676484158,63.43576567299089,63.31000486174953,62.66676820317574,62.01452022228463,60.66786815717273,58.21055410783192,55.588776964981975,50.73853931676978,47.410964218191715,49.52162574214463,54.356532853264184,57.752761346753516,60.03953572753771,61.36890447679974,62.52700879950683,62.79487395511441,62.673932794450224,62.80840961737135,62.28263015742605,33.376588910261425,60.39082818511295,58.24444763703503,56.0807438927959,52.573185130976384,50.73384713381745,52.312452489618906,54.920685979262096,57.37575861748822,59.2156683298018,60.12347840729423,61.24442271503,61.464412351639474,61.40605135653707,61.24857841727476,60.887128740207245,60.19409184586941,58.14782806855801,56.86536173403123,53.929237118163925,49.25188284453084,41.503879773252805,47.4365084832032,52.304949030656054,54.99403874273777,56.74613164014435,57.97818544267079,18.633228601204557,13.010299956639813,16.989700043360187,6.020599913279624
16.901960800285135,19.084850188786497,12.30448921378274,9.030899869919436,49.46083646106884,52.87848738644336,55.24188338124325,57.05812414630624,58.27388014524399,58.97698551591524,59.417007119736596,59.672694330160674,59.58415748731823,59.44377046784829,58.55684483182146,57.639705226552316,56.82727056195566,54.85382090085649,52.22409495922814,46.05531294496408,39.913146981766104,44.82029890469332,50.226139274719685,53.018023526478004,55.48331672170515,57.020753727545795,57.516500978547676,58.51469327881467,58.52663554051402,57.811591566242456,21.13943352306837,56.278664406313304,55.76999780391995,53.989741345280756,49.55495329184127,49.5839663092307,48.70830966087843,50.418070412524436,53.22384708745404,55.09215967772565,56.09663762756901,56.90098574403984,57.51048805254988,57.494495247179145,57.16303905016869,55.66343198218278,54.225717849058896,52.948562546435355,49.19104253906271,44.399323955975746,41.95013562875828,45.87722186953562,48.51600755829601,51.79747064881858,53.92461280174241,55.55108965142899,56.298019180358374,11.139433523068368,12.552725051033061,19.030899869919434,9.030899869919436,16.020599913279625,16.989700043360187,6.989700043360188,0.0,15.314789170422552,18.692317197309762,16.989700043360187,45.45665787120142,45.96959772450969,47.3627695523311,48.576038456946435,49.26681928075623,49.425239365135965,50.27614589279926,50.54620714004017,51.08784821229,49.835090162925624,51.55861125118487,51.52563514256539,49.91779669753309,50.240667697371194,50.1951922848795,50.589495954304695,49.98368334404169,49.986428830113454,50.95256550404421,51.65000839239383,52.01178556383326,52.749195064037536,53.1901856671675,53.626219392986954,54.05452231099864,54.37422340436995,6.989700043360188,53.713135849401475,51.779518388385604,49.876707329535165,48.73727380646679,41.55578931476932,31.142772965615862,39.003124969837266,46.28695382714024,49.247805034473245,51.4563762655143,53.566089889521,54.478229233057945,55.17272453755133,55.35487800043681,55.66349092191664,55.34108639562187,53.985666775577826,53.36701830561985,51.50817819901667,48.907171547189435,44.50449268862664,43.990677089490724,46.45667841581761,48.32259760592634,49.48300465025242,50.2478111729952,49.60323292155419,53.10400144277957,55.83467431826422,57.660148093740816,58.86294402260192,59.742283648060635,60.374264979406234,60.58029891800353,60.50819628812816,59.90761841618631,59.2227120896069,58.0184327069266,56.02924462139824,53.4325296835423,49.17799490936301,43.85695625410561,46.79109782081773,51.57033449661202,55.04416487324459,57.08255139691185,58.42879965276913,59.39355487734488,59.88300711216859,59.98392309849274,59.727257140710314,59.30747875186603,12.30448921378274,56.54558668415259,54.25287985290747,51.84424527372855,51.14227221290254,53.594958792363954,56.4033234004778,58.736024819695885,60.40596011550923,61.73411518467905,62.49918322120159,63.15157433465878,63.44909581606402,63.44144006388106,63.15957966838752,62.58672953738602,61.6269162959874,60.23106298035404,58.304924332490884,55.39961357503942,50.93453205392056,44.028114269919485,48.4067056133341,53.54338976788081,56.63529434712024,58.812625121066844,60.28143660710385,3.0102999566398125,18.692317197309762,17.634279935629372,16.901960800285135,16.127838567197355,15.314789170422552,22.278867046136735,16.020599913279625,17.24275869600789,11.139433523068368,22.87801729930226,55.6164629598916,58.11363839168046,59.83484204942849,61.35519367128944,62.38686779524275,63.045891806911705,63.526117748903566,63.55307817103565,63.407392950897766,62.802582219752416,61.96990655991651,60.70152061801393,58.92817824309576,56.30412618510614,52.85820506204157,46.55983141876537,50.07530149625847,54.67178777943032,57.367286702596836,59.62625006330788,61.12420655343343,62.14744531551804,62.6667117976628,62.91814683708873,62.7916484306227,62.300361455208744,31.335389083702175,60.31497334028998,58.33022098740492,56.29397365283033,52.789044349453135,50.048112911182784,51.98464635371916,54.59593001068203,57.484438751637484,59.28987994048434,60.249927326089,61.17909008044852,61.66135451525236,61.87758953429412,61.60289614165252,60.66974087282987,59.728413095388404,58.68118735683944,56.18259436812636,52.79963367458737,47.83939292811006,41.446987186431244,47.3862995582079,52.00481136060044,54.94523309370472,56.86436054468618,58.01816539458321,13.010299956639813,9.542425094393248,10.0,15.563025007672874
16.532125137753436,16.127838567197355,14.14973347970818,16.020599913279625,49.38219417812743,52.83818906693142,55.813408329041295,57.303663485725195,58.48545030984938,59.0290971737342,59.61759379730289,59.75553577719885,59.71396469342103,59.07454895539321,58.86991285294468,57.66855839444492,55.46140261197445,53.38761189701877,50.03805073565025,45.82756316679422,41.25058151172073,46.36648345041586,51.976250995811384,54.35411129074274,56.09673364680742,57.246591906076006,57.87246462688113,58.14200300352731,58.02861943084591,57.97345803756925,21.367205671564065,55.889492378403034,53.642601176423774,51.29809081301177,48.39760780961321,49.11610317870853,51.03670334452302,53.20831473445246,55.2202669281135,56.09043455591917,57.19099159205641,57.849801227870174,57.69123174681447,57.25265424449618,56.43784192982174,56.088735440296595,54.38702114450959,50.291970315016805,48.836216939710084,44.06642355350766,42.893436451186346,48.81093507707397,52.144862023193014,54.30391143017165,55.64766638521082,55.764438638588736,56.372334802256404,6.989700043360188,15.051499783199061,6.020599913279624,16.532125137753436,15.68201724066995,13.010299956639813,16.901960800285135,9.542425094393248,9.542425094393248,10.0,13.979400086720377,48.76246715594605,49.12923165600507,48.8821320240173,49.44206214961429,49.642832068903154,50.2229637179785,49.95011819985268,49.85345625806566,50.0396433159176,48.809564288161695,50.329167827997914,50.435037445830176,47.87524232486332,48.174992618677585,48.754895560242076,51.08348498996003,51.33465455298027,52.05041879261369,51.778970599189435,52.902706252470246,53.50001719045391,53.80854967880798,54.73634386194245,54.35329849017607,54.1709619419598,54.40783181359335,16.989700043360187,52.45653297233163,49.01529154117124,45.99642943423929,42.45438634035767,29.138138523837167,42.33630580164463,47.73091310242317,50.43951418263276,52.44727266895793,53.957822939752575,54.98225065192421,54.80180913512761,54.78729505783065,54.19044922330643,54.395489975700606,53.10534006424143,50.068424102946054,49.15763793467985,46.47578554212455,45.12604359146832,45.93872854295451,49.28436821501771,51.15557261576829,52.397523109831646,53.004933105074905,53.19151881729748,44.25941588018895,47.662492122031715,51.37126141907791,54.41061687731172,56.653933502797116,58.19750505297076,59.536906049137066,60.23461940754687,60.66648264703091,60.74013277234979,60.68494583622964,60.10890348337704,59.096956014660236,57.64639332067447,55.40741045948753,52.45386802880696,47.05906455700312,41.311372737786066,48.545307234734985,53.277634062494734,56.1790784404219,58.01357053443704,59.438752222848315,60.161655542937396,60.576843575850006,60.60586042341909,20.644579892269185,59.525638578196734,58.364000789431465,56.77801246909269,54.88621213129428,52.64487255780689,52.91626331164747,55.06088126129904,57.359635858362495,59.56178519057432,61.02323917528845,62.06418095231376,62.70768480176691,63.141660639223375,63.19874403330087,63.207962023135345,62.599401253124924,61.850934638139556,60.45849290711216,58.637474282217745,55.74089169798587,51.62005497738314,43.79196703832135,46.795369108323044,53.115101640835334,56.77056436778875,58.95842271657986,6.989700043360188,16.127838567197355,13.979400086720377,21.702617153949575,11.139433523068368,14.14973347970818,11.139433523068368,19.54242509439325,20.0,19.49390006644913,15.314789170422552,52.90090286573402,55.23674945364264,58.1031990592484,59.98030794053825,61.40811189148205,62.37560828098728,63.07208837949109,63.40659225719044,63.50620498732253,63.207796031426646,62.80689888698952,61.755979099430235,59.99180147242733,57.954420277224436,54.88561996730102,50.59658066366697,47.52793411436052,51.34448058507344,55.98235524344142,58.815814999287554,60.519655323343066,61.41590543524069,62.403887293389886,62.88433683277523,63.196732918167946,62.814381411101024,34.59392487759231,61.03119253545714,59.410505577625386,58.04544221532423,54.74292040394819,51.92110060474991,51.4221734126112,53.43087431996766,56.27894063439242,58.45039096048996,59.79675821887743,60.98316930392593,61.381447441794876,61.61425505007651,61.327820659475364,61.14277964192867,60.302600056566426,58.65015092187244,57.0205984927033,54.512336244267885,50.14994895432796,41.54880244718762,47.05153556348856,51.98967578952824,55.02302822960415,56.5011413645341,57.829546670852395,23.891660843645326,12.552725051033061,18.129133566428553,24.232458739368077
10.0,10.0,23.180633349627616,18.06179973983887,50.5922251252969,53.33181175025893,55.2314922649641,56.949253182695145,58.19849808007148,59.02884191229421,59.556800551050095,59.66311191898576,59.638331426663875,59.32266715156038,58.48912953605608,57.513476308619296,56.319396773662874,54.19970610023829,50.9508911291083,46.97612887347364,43.56885941165974,47.356707439453665,50.25981364088429,53.63478474922948,55.40829814111079,56.862115969268594,57.8980907972909,58.28418196604082,58.27703266983556,58.067685868120584,18.325089127062363,56.49042634086176,54.75615990200353,52.13743478333527,50.30721129360462,46.79618653543475,48.06790271584067,51.69653864820876,53.64408395787213,55.8884627645422,56.870882007211705,57.40729710610053,57.65374207485421,57.64792378184302,57.074688288945254,55.622928644564745,54.03245813366466,52.57011024154878,47.279477095447966,38.822398480188234,39.79047326947965,45.655172514446704,50.29387836493177,52.745019144143946,54.414908985372826,56.00321509939371,56.63740490546664,12.30448921378274,12.552725051033061,12.30448921378274,19.49390006644913,6.020599913279624,10.0,14.14973347970818,12.30448921378274,9.542425094393248,11.139433523068368,12.30448921378274,45.05719616084342,46.52874597749479,48.54330337316284,49.223984465892954,49.83414274420969,49.63116985405663,49.80430634444868,49.66507794308684,49.33740299496935,50.82185558131955,48.91760401456671,48.96966901933155,51.542930868012704,51.58247871482751,51.20600251285971,49.097378386234524,49.52017090047426,49.90041230024249,51.75294321756247,51.875037999426034,53.07791172280395,53.72153165289475,53.78784777635985,54.764490259299436,54.61633566267848,53.69957607346053,19.86771734266245,52.057779901275325,52.124033658482475,49.88184249728274,43.7432667414956,40.147304950017535,31.737688231366498,42.720505749886115,48.091285728420594,51.35835226225946,52.939037041823,54.01222995242439,55.172394572180195,55.740636938384746,55.64946430934199,54.44185372097158,53.40208064202531,53.40366767839637,50.00212752176105,46.78062904974345,43.375191598469755,44.31637122784461,46.45667841581761,48.59738566197147,50.35785833712695,51.791868534933,52.306787811464744,46.50783334638871,50.767787551752306,53.96582891683383,56.279810126608105,58.00134650846748,59.26030507069928,60.05345272828947,60.49781077055524,60.61622092243773,60.65989543086787,59.92255196906272,59.03361336255318,58.03239230907457,56.069185259482914,53.227855762783456,47.68823025449643,42.175102642940274,47.496203851999326,52.19652624955322,55.41345810337059,57.44319587735489,58.8592464554137,59.69078877199063,60.355065834966155,60.388727977777776,59.87889609997745,12.552725051033061,58.061182183466975,57.02349529523417,54.89826343852065,52.11659735833456,52.58237279505367,54.6222574351723,56.936865066638205,59.17930143771783,60.65178096094456,61.78148985758767,62.66278040919638,63.2813098535394,63.532474525874036,63.402657993617964,62.892258483205424,62.088969116353724,61.25814584831491,59.39907448160402,57.10199475409127,53.61433171123516,47.6025657537275,44.255994249848214,51.11050693030179,55.29185160323611,57.886377778529415,59.65343305932383,17.24275869600789,14.62397997898956,14.62397997898956,16.989700043360187,14.14973347970818,18.325089127062363,19.86771734266245,20.374264979406238,11.139433523068368,22.671717284030137,19.030899869919434,54.631416517343595,56.885132564606344,59.06530053353478,60.5629030910605,61.940351048643365,62.77751282135306,63.351496729429115,63.53111878308482,63.408058761953995,63.107971483407994,62.30631286766622,61.17351516692538,59.620305770260515,57.26626975657222,53.505368056802816,49.151042244099855,49.09796643014275,53.21906903995369,56.7503096900644,59.23905321635742,60.85468256465993,62.01459669147587,62.691627991117905,62.87668510934654,62.39079147081721,62.48135176492334,27.267272090265724,60.976834104453765,59.71159371672418,56.73508407895557,54.828235797207554,50.185423933549835,50.92278407443434,53.94066248609144,56.68020433682226,58.799865028119456,60.154016737029494,61.122898897032016,61.52956093758909,61.72505437500845,61.538441210925676,60.946597594490434,60.025504906552854,58.65066646226091,56.50642587572815,53.53179285583874,48.72068822102247,43.598354823398886,45.63884341080175,51.331938904475685,54.667134406819756,56.934604881929886,58.155438800028136,15.051499783199061,21.702617153949575,22.944662261615928,15.68201724066995
0.0,13.010299956639813,21.335389083702175,9.542425094393248,49.977794308656044,53.006845942356016,54.944120320584624,56.733573319617825,57.860767484351115,58.964468467785665,59.45998081788523,59.71973592630817,59.619736965240975,59.444639181198944,58.85741061546739,57.94850388448615,56.95574479507732,55.14724356399554,52.76978513909275,48.929234251285834,44.434976778085854,45.50338441927154,48.48607809069783,52.42113880094345,54.703707939991915,56.221072501007484,57.39308048459449,57.983412126168474,58.159919234842015,58.18703486847747,17.853298350107668,56.89213819053287,55.261440595124,53.34783368141014,51.34081437462512,47.23233952857966,46.74319082207465,50.0,52.35116681996541,55.19809624436344,56.31918392321363,57.120180004512505,57.546173925921956,57.75158809094191,57.68715779003388,56.54665449721673,55.60386118057003,54.34329337337729,51.012313867907,46.88437620592164,38.58837851428585,37.67081621363322,46.56146134740865,50.01443798032974,52.57248866706293,54.722560644854,55.662087939178136,12.552725051033061,12.30448921378274,15.314789170422552,-inf,6.989700043360188,14.62397997898956,12.30448921378274,6.020599913279624,19.138138523837167,19.138138523837167,16.127838567197355,44.82373285458582,45.91654401424626,48.51313396643395,48.879828089362604,49.44408638371786,49.343418750108185,49.40421846236966,49.61459063508849,49.46314683884897,50.185548774461246,49.13946239058085,49.15294283022686,51.12822764378886,51.122898897032016,50.95633048907243,47.79921008715502,48.2588029893618,47.61002662992075,50.726542173330344,50.391919574222925,51.7092438897495,52.824340364684005,53.13067466930163,54.30268605795908,54.775871474791614,54.396500076655556,12.041199826559248,54.2379781453345,54.44895367096669,53.479190849983944,50.578334005553096,49.95714150053072,46.13090932034561,38.367037990897316,34.948500216800944,44.964452918733535,48.964600762377735,51.3335046032572,52.95830894958585,54.25150946306864,55.056382849910165,54.63954173932629,54.481573091897445,54.59490494551672,52.803962380601426,51.305042358316875,48.562937739781084,46.52710372191876,44.91921712586151,44.08782494404144,45.95110255778039,48.27995704454503,50.08302024212001,52.475854179283175,55.10804972909152,56.85150337437864,58.42465699037412,59.24842469534048,59.87017466455359,59.9883496381929,59.811519360080254,59.39176673843269,58.68315213625613,57.191522279230426,55.18842826286565,52.78630152346024,47.70682677395463,38.87617300335736,46.59202877464531,52.07289595150733,55.09096288707358,57.46322765089953,58.7720773464018,59.710577187473646,60.353740968941,60.30015277689615,60.475898600628554,59.998618723913005,58.90893064404608,14.14973347970818,55.775584325029726,54.21659855133561,53.148716815159034,53.43861363288639,56.00689804531001,58.1127599039678,59.73187911449674,61.22373179104066,62.13669667087984,62.618737827590664,63.03357861388211,63.26123783311832,63.06733963741446,62.60183049353146,61.43298717274113,60.249767420302064,58.39851216848567,55.48512256341035,51.01035265005669,42.995072987004875,46.4033234004778,52.78390012890162,56.41721924765832,58.71023883231429,60.14203312354265,61.234494875303454,26.857417386022636,16.989700043360187,17.634279935629372,20.827853703164504,6.020599913279624,15.051499783199061,17.853298350107668,11.139433523068368,0.0,16.989700043360187,19.294189257142925,56.733020471453585,58.90596489740729,60.399769489856816,61.83889659134025,62.50035798979052,63.157993214474445,63.409445540563894,63.31388825841802,63.040113763310124,62.227000872742565,61.24379657052248,59.67744955223103,57.57420324308227,54.11345239405358,48.852367949358964,47.58306181725307,52.47113641770865,56.443066069194174,58.74959336993448,60.5044240152586,61.63329571858429,62.511632781934175,62.7470637701645,63.33228963986799,62.34001189014685,62.41479239433759,34.158077276355435,59.857214426335815,58.15536574724451,55.26765607288962,53.19435040326187,50.474812542785415,52.247945446523225,55.375231704983946,57.6537644378633,59.4403679798677,60.5746259954075,61.329925033420444,61.63414838299947,61.71417804824983,61.57213108039157,60.51939715291781,59.73697145306642,58.1531536583786,55.842735408010185,52.814083811499245,47.61363941589214,43.476226994672416,47.07399831133249,52.04261105431335,54.915927890789405,57.15944041685795,58.23281166494571,23.521825181113627,22.14843848047698,13.979400086720377,20.253058652647702
19.084850188786497,19.294189257142925,22.576785748691847,21.64352855784437,50.1378489154674,53.46026152506796,55.025977996808344,57.02538235015675,57.97198269838959,59.04569493936029,59.530271987861035,59.64723855467707,59.73958686106704,59.35869866183189,58.725204610144175,57.84909576419616,56.372755314936185,54.580210907749375,51.519976980237416,47.67971721381619,43.50403095815512,46.654402680653035,49.73243342094436,53.38761189701877,55.23855676841058,56.797630280765944,57.88933017846284,58.116641343262316,58.38279728970022,58.52714766369797,15.563025007672874,56.99137609660286,54.88901676362055,52.87848738644336,51.45286550945394,47.14732008445095,46.99360693585929,50.693165238472474,52.66297565180455,55.22793615218866,56.24875878854755,57.12536905080175,57.29263629054374,57.29767198368732,56.96199070491402,55.900589984953484,54.63392739985112,53.09843004716071,48.921224411880964,43.13234291694724,29.86771734266245,42.73811199399403,49.434252606948725,51.971619726499014,54.000628548971996,55.561492642942596,56.438492825680875,15.68201724066995,6.020599913279624,13.010299956639813,11.139433523068368,6.989700043360188,17.16003343634799,13.979400086720377,9.542425094393248,12.30448921378274,13.010299956639813,19.49390006644913,43.65038482195706,45.12697734294956,47.574112136493014,48.53046890151799,49.23870650255739,49.59556513123523,49.60699043221426,49.69052294836271,49.7143357663525,51.44440318423328,49.6876771499446,49.95714150053072,52.077447443953176,51.88064658213135,51.80530148777532,49.29480233548934,49.564421803029965,49.52191665200501,50.83674583594899,50.83280399142918,51.72091867626748,52.70317744277722,53.203311855438216,54.019413486311755,54.39043594391275,53.7520622109933,10.0,52.71493102185657,52.86252074201067,51.50799406800118,46.70737404012121,45.16892181651242,37.60799311630718,35.27629900871339,44.94502447046173,49.87389157424998,51.76305458168649,53.43762975285702,54.77760644354878,55.48327985997318,55.89033155695844,54.911655165410124,54.589881644645146,54.5536874496177,52.25609048246355,50.086853191951676,47.23307871828162,45.4775009877109,44.63907912938484,44.6924748409219,47.80065160897359,49.996393859044595,50.90007494004327,50.03675902548785,53.405115343208635,55.647370602714126,57.63024211559734,58.90919863435214,59.87283631317487,60.27924208915608,60.49576555346265,60.3418270516947,60.12147287179757,58.95884221917964,57.85134002368906,56.4161885120929,53.738274723776925,49.69946806304058,43.9747071716853,47.4345488650729,52.02079441007388,54.932321312290384,57.08388603062375,58.5619702221343,59.520621953517114,59.8208707123362,60.118515656688075,59.908044281637885,58.986994082986755,15.314789170422552,56.317764653562335,54.66645228363979,52.2198770161943,51.12048372722411,53.68994942072863,56.41593078997352,58.66925607703584,60.44083668563644,61.722134092415466,62.517143673704474,63.16034330992872,63.58015603027024,63.56592557271314,63.36938194800827,62.473176495621885,61.537502487097285,60.37211688195904,58.178878308023414,55.25383036071523,50.46717522365305,44.26267207139606,48.69964706372319,53.41588825043865,56.78195041638466,58.80928436556478,60.28151801500836,23.820170425748685,23.117538610557542,22.671717284030137,14.62397997898956,16.020599913279625,20.0,19.294189257142925,9.542425094393248,19.86771734266245,6.989700043360188,20.043213737826427,55.69777580703405,58.06405884064678,59.85151528514081,61.40061577619177,62.43225127266748,63.14737677114653,63.51508936088149,63.63610851853064,63.488718021775775,62.87701875493462,62.00720299626235,60.836204940011605,58.845965735271704,56.16943690319866,51.893218410204966,48.340390181594664,49.67777230673316,54.781002084293675,57.571112143887376,59.62306815497675,60.755502459602255,61.922623923281314,62.61999948651827,62.4615622972148,62.685791418556256,62.49638545540417,31.367205671564065,60.116655804579615,57.97534823270581,56.218002614942186,53.709366300709156,50.19486010625789,51.925507279381634,54.99858842352461,57.29133188758031,59.63320237089256,60.32485390212983,61.39475130605514,61.571523228667395,61.542647736421586,61.492391328615305,60.870146941918044,59.902544744522714,58.43933190459684,56.34506490848156,53.39969899953512,48.72068822102247,43.76211850282672,46.78936993706298,51.71752773733352,54.84198729518086,57.09104524344841,58.20632911476713,22.576785748691847,14.62397997898956,23.59835482339888,3.0102999566398125
16.532125137753436,10.0,24.232458739368077,13.010299956639813,49.888531430055096,53.08777773664721,55.31061026949403,56.87452261782157,58.09410210804478,58.88822874138789,59.453434981871396,59.743504718634526,59.77874439281332,59.19150294372102,58.84910858465786,57.87035891193642,56.19270770483865,53.99128348269652,50.94754044138029,48.24028155508092,43.51796306897023,45.88159616383092,50.260468111580565,53.63160530286105,55.41823777729314,56.80462428537403,58.0259928854385,58.13197225626273,58.28013128285864,58.691877011676425,21.702617153949575,57.460181225020534,54.98267811594509,52.9807545181653,51.90659396792383,46.92009236142928,46.937709036306224,50.56394064582122,52.52843325966833,54.66311426704681,55.921823109982334,56.720285500947476,56.859431687039,56.792761396018136,56.458543836537416,55.964882334932724,54.65825843780511,51.78078668762629,49.128063926612924,43.16494539222311,28.356905714924252,43.038221998628465,50.11270097231747,52.84372071926849,54.59874769298969,55.60972507924664,56.47480773173676,21.84691430817599,17.16003343634799,12.552725051033061,14.14973347970818,15.314789170422552,16.901960800285135,15.68201724066995,12.552725051033061,9.542425094393248,6.989700043360188,17.16003343634799,43.306166672944386,45.32970835487072,46.73389578188305,47.843890319446686,49.504281438031796,50.11303949461117,49.98751782787218,50.376057568272124,50.53907806893611,52.1224355284981,50.51526819460244,50.63093060446104,52.573185130976384,52.27932958367507,51.828595620413395,50.29757029322772,50.201001301716836,49.84554315270077,49.89596634219624,50.031329643539095,51.121288933070225,52.0105009640593,52.632216936676485,53.384883672593034,53.75614238728929,53.30991771390739,18.129133566428553,52.16348030166106,52.23745076126281,50.694016676515346,45.515109901058175,43.68565785360332,35.212688755983855,39.03361336255318,45.75026109423261,50.384810700823266,52.72537777375238,54.001579233904486,54.96209838095885,55.77790418221759,56.068294032271105,55.56954658961922,55.11351191356781,54.9598950397356,52.6512927039291,50.785583107465385,48.174992618677585,46.23766000133931,43.537431707539355,43.30434067009712,46.61291977065603,49.801397777457545,50.751708966718226,49.609699529878455,53.281205806745014,55.435776352234676,57.424305279139304,58.77965933622171,59.7394392961963,60.19687769983348,60.47275256885782,60.27971040033732,60.04037914898052,59.03400939068184,57.847891222979484,56.570883758956505,54.0024433123815,50.68586564049141,47.15878048308093,49.06948870476861,52.56845178041475,55.02248175648621,57.14349881031164,58.53739571185939,59.32604642123401,59.70477052066524,59.94449137014036,59.72755309441002,58.72190082277805,19.294189257142925,55.58604183348221,53.727960529491405,50.94575933649249,49.73483459835176,52.930286937623436,56.26000396344176,58.587212224417236,60.4228010749836,61.794167712327656,62.63940796147287,63.24429390751285,63.64672918373458,63.66320582418282,63.39657309705455,62.75618362471626,61.77703260076002,60.55901768837651,58.43333707124026,55.65871420993129,51.69821328862136,46.137678481464164,48.49357981661299,53.23757279628126,56.56792709314341,58.71085247992048,60.048482273854674,20.253058652647702,13.010299956639813,21.84691430817599,19.138138523837167,16.989700043360187,21.367205671564065,14.14973347970818,17.853298350107668,19.86771734266245,24.969296480732147,19.138138523837167,55.64732327564517,58.10222433640809,60.12096606362405,61.56865519847199,62.50308974640839,63.18350751134575,63.50085515267705,63.74404622619068,63.55522204565378,62.909674532905406,62.20453293407978,61.00739883012443,58.900950358937656,56.22902750625117,52.0943190085595,48.45693235834101,50.34066678597561,54.42932641543041,57.34199560686231,59.59637541326031,61.2629119303626,61.880350832821705,62.47720222255735,62.54661409071591,62.65044588251869,62.915260206245385,27.85329835010767,60.14786326276179,57.34743039673007,55.95744161845447,54.159377464421,50.05403610458412,52.09584710533407,55.21630963611833,57.33566378928237,59.19070243609695,60.350268783517194,61.22603783978925,61.55915418772374,61.67558640889186,61.38585923720764,60.99233342993741,60.03053621313073,58.20060175820849,56.423903178074674,53.57847217343799,49.09347389418558,43.591712057167,46.78918801456555,52.03125396035934,54.93001906891823,56.96071426047018,58.174172743519385,20.969100130080562,15.314789170422552,16.989700043360187,19.54242509439325
21.702617153949575,10.0,17.24275869600789,12.30448921378274,49.671031582421215,52.92355770379657,55.66325515818171,57.32764360461597,58.28763625113611,58.94289472412367,59.47002644754618,59.64972965700053,59.666433465122275,58.96712461222984,58.6713795905263,57.644152648800414,55.49270626594452,53.564561120950785,50.16753463268573,46.35745049128339,42.21362067203571,46.44684718395879,51.88807595334034,54.12730952251073,55.98708453455209,57.03978825008386,57.7770659480957,58.00947907665326,57.91741161757233,57.80231597142545,14.62397997898956,55.71933489067269,53.85770666728881,51.67553621196824,48.69384282884012,49.413623357117615,51.19470343473499,53.04802780076547,55.24390928715757,55.98222380070097,57.07312077404129,57.624001960322545,57.504806238011994,57.109580493802945,56.333330962072054,55.98147888335157,54.271760199213325,50.30000281592105,48.66736173476787,43.6655369287421,41.36149586088531,48.30010935936117,52.021857858184084,54.08239965311849,55.26507275495423,55.65806511527449,56.30261041356947,13.010299956639813,10.0,19.54242509439325,10.0,17.634279935629372,9.030899869919436,11.139433523068368,13.010299956639813,9.542425094393248,14.62397997898956,13.979400086720377,48.44502027365493,49.010439910613464,48.76598836134076,49.48437418608308,49.60613457647909,50.016515178285914,49.671031582421215,49.7228617047618,49.799351524331115,49.11104317804036,50.33656925103955,50.30344655910713,47.978558985883396,47.92951708250132,48.66547247108652,51.080810773192276,51.33810257633592,52.00374372963205,51.67966813395621,52.85469541151167,53.202127758699625,53.815572760875014,54.654497752358814,54.08302729900575,54.11703863405971,54.17559705728294,20.0,52.25167078706213,49.00394441915931,44.82530584131741,41.985746181472805,26.483600109809316,42.52270345988322,47.58503130371339,50.28493983692225,52.472684998213666,53.759652295781734,54.56440433852286,54.690218830749025,54.43919801103023,54.18702248404778,54.28669230652189,53.185328707568466,49.60912933394739,48.95654549812875,46.790006605798524,45.28723923260994,46.197713861616734,48.997603315171645,51.08784821229,52.247013611867246,53.045874576883875,52.830048120648634,44.553017716570764,47.721456056938514,51.44792078497715,54.410852817589046,56.531324031827,58.174992618677585,59.36027402255067,60.17948151855514,60.62555286517346,60.65282739514163,60.527408693512484,60.0354755462574,58.9121398576242,57.43394512453598,55.289167002776544,52.445690269461814,47.12321331688937,42.29553863981137,48.29258732549291,53.098621549569415,56.03071803639095,57.78875194621908,59.18751987488591,59.93156163566834,60.41686721406293,60.45487666455412,18.129133566428553,59.43185750412986,58.239499969604694,56.60027372829268,54.80186663415707,52.82189188531753,52.96709056175604,55.260612916747796,57.37946038606636,59.53957711918464,60.98382032144976,62.001939110402574,62.61576161698845,63.058715661635894,63.17522008791438,63.06117159154043,62.56469987990856,61.6582695247617,60.2989529440829,58.408641925660625,55.576996443512144,51.704993385718026,44.404682698221485,46.53771910684735,52.881351579745186,56.54312297868315,58.784723888213506,12.552725051033061,20.374264979406238,23.521825181113627,20.681858617461618,11.139433523068368,19.49390006644913,13.979400086720377,20.170333392987803,20.681858617461618,11.139433523068368,15.314789170422552,53.207796031426646,55.599365340944836,58.01752103566607,59.91159596959518,61.36969343457807,62.28637718411571,62.99839484262806,63.39193172979715,63.45322357247894,63.139182364331326,62.6245797193818,61.760640424153515,60.0188767837803,57.92227046675671,54.79431337197737,51.06619198956041,46.90762951679437,51.3640344813399,55.866469316859025,58.52675748008309,60.46356620638492,61.76453020410962,62.15329245031655,62.73663442473691,62.87444297320192,62.54069533767135,33.98113691730502,60.6141025395992,59.89850109603181,58.203650282647004,54.986854018120766,51.53143856513743,51.99250400529202,53.792565548611336,56.690015073507055,58.35849044211536,59.784507822823585,60.79251451314093,61.20218783194911,61.40410614390282,61.272334471512195,60.94976754070461,60.079465352911626,58.54248334504664,57.01049630729139,54.04385512371456,50.27675715904893,42.76852263844275,47.09439574132411,51.93416813617404,54.823389581755315,56.34498430165237,57.77865245696181,21.613680022349747,19.084850188786497,26.127838567197355,16.020599913279625
17.16003343634799,15.314789170422552,6.989700043360188,14.14973347970818,50.205477240318174,53.07282047033346,54.73482590602333,56.7255778166166,57.749328133874,58.854319002305296,59.33441223869916,59.39144199735242,59.43002069382254,59.36014821601365,58.510246231730605,57.578308647692694,57.11254522370365,55.42816716094247,52.990559907415424,48.08359539712097,44.35366506612661,45.33238074060297,48.43288852674867,52.20068842789619,54.58825121741065,56.1576598957189,57.135081833239205,57.98249998378468,58.189565829719434,57.7044328812346,10.0,56.32166652959347,55.55735134749121,53.813858660133775,50.9413907916344,48.949471036323175,47.891857194296904,49.836082475190615,52.222377032469254,55.03443380926119,56.19453353465438,56.94009060775147,57.46822508043073,57.79055089381888,57.69750157006445,56.12974480748601,55.118833609788744,54.43082972262271,50.58038631125264,46.05660526371362,38.69055618701908,38.43855422623161,45.20155886944864,49.018994755907684,52.03707206798526,54.90761672955919,55.734251489251314,3.0102999566398125,15.68201724066995,9.030899869919436,14.14973347970818,23.384564936046047,6.989700043360188,15.563025007672874,21.5836249209525,12.30448921378274,6.989700043360188,12.552725051033061,45.39076098792776,46.22265844991523,48.56565772813531,48.978304474174756,49.480411131542674,49.33431605499517,49.33011226540218,49.854668925779,49.84671304221452,49.657518665350736,50.084170482309915,49.68973004441078,50.58076626145707,50.61165870815172,50.6721224853895,48.1798822066788,48.16506437046357,47.98768006473385,50.959709223437144,50.85861173788451,52.02646312658311,52.857485364916606,52.87304469201069,54.31637122784461,54.62427948209778,54.55638056009951,11.139433523068368,54.15667663837173,53.957980061633926,53.099983101000504,50.77400612423545,49.15389281147654,45.450595846940026,39.51580344903392,37.58684849882441,44.41113592900314,48.353671077270675,51.07379582804448,52.90384133413073,54.12897142468451,54.988341488373905,54.58861358747461,54.68118305256699,54.43982303007413,53.15953560804772,51.408755608212815,49.20342506168724,46.10074322140055,45.053263746251055,44.9161379164116,46.4950036542682,47.223706339644245,49.64580163616759,52.27686214736187,55.018941677992935,56.75944148207182,58.35468612492718,59.143648448528914,59.71142663236606,59.87146319565153,59.74574322420067,59.26000639717168,58.52090662043051,57.136627147039356,55.11835251848631,52.46400090154285,47.701005476952346,40.015606526425735,46.01234046916447,52.08978517276254,54.94936177158963,57.22734259288521,58.61788222722918,59.62723446741908,60.216539523166986,60.19542064294449,60.291889102805484,59.77995068768844,58.802217486789516,20.170333392987803,55.84920063084325,54.36227865856894,53.312126270871815,53.53296741833921,56.19281205865181,58.116420214531516,59.81126536043959,61.16714644303943,61.98741738640809,62.531562034054005,63.02356907637095,63.17598934527017,62.9303931051126,62.494004102365764,61.3433651094868,60.13786153723104,58.309253248774134,55.64204307013506,51.1671398040803,43.599302961121026,46.27007210742902,52.96072566359835,56.29512553430616,58.629252689839994,60.03514384733037,61.177434584661974,21.613680022349747,20.043213737826427,18.129133566428553,21.13943352306837,16.532125137753436,22.944662261615928,16.127838567197355,21.73186268412274,20.170333392987803,22.87801729930226,12.30448921378274,56.72394370582157,58.94068932002937,60.23549571833389,61.71168385094765,62.40239640732572,63.040939668914255,63.33503094376379,63.16474421858787,62.88433683277523,62.19571167131483,61.134877723754215,59.59035665323132,57.68142115745665,54.451759241317184,49.82565187090556,47.81130402541183,52.57354532711048,56.13732970446097,58.7536979238585,60.50434281353185,61.704547574645225,62.62970982525792,63.18664458368461,63.25954866764736,62.671947336635434,62.16861536085669,26.665179805548807,60.30313065879646,58.27940201665204,56.13969661044975,53.638544402857605,50.90187487575421,52.056725214108894,55.25928054056291,57.378515384598046,59.47246434904577,60.25673221316002,61.10934652225308,61.65161496517964,61.62244392232223,61.425974896549754,60.3251118108341,59.44445656838536,58.257019272618365,55.513731356875,52.25477279831442,46.82587271751483,43.95466183681937,47.499294641076695,52.09220023064993,54.793924563094365,57.054129406484144,58.065876122768245,9.542425094393248,19.030899869919434,16.127838567197355,20.969100130080562
15.68201724066995,11.139433523068368,18.325089127062363,19.294189257142925,50.65542370519139,53.495533674405074,55.35309313753036,57.117616889797816,58.23098460613955,58.93990773979042,59.40701717841279,59.398715371756154,59.29730484090784,59.26149441149445,58.047934493734054,57.016897085963635,56.36969064695711,54.29534270813157,51.4207959224067,45.59882696306285,44.18052578237504,48.27227070034176,51.11669054219775,53.936418777080945,55.686909100746135,57.12047500287496,57.69052222158073,58.32413101885117,58.24194195733188,57.45664905998578,17.16003343634799,55.31515958227213,54.31106328181145,52.21615036310574,49.21332654449853,48.264700252521195,49.87541141497206,52.57940032606812,54.51161399908063,56.2604663160489,57.11788676259281,57.57445377634837,57.83604184341218,57.55278625033245,57.13131702926247,55.00462896795692,53.078424795291156,52.16010109151619,45.27127013839176,37.785130117389244,44.138527600428674,48.40538918001835,50.456241416846304,52.8925440805418,54.65574672053375,56.2026309616718,56.547087319621895,18.325089127062363,3.0102999566398125,13.979400086720377,6.989700043360188,9.030899869919436,17.853298350107668,0.0,20.253058652647702,6.989700043360188,19.912260756924947,10.0,46.422369259221426,47.69591466130553,49.5933241526821,49.658317471547434,49.86435809679247,49.72781203735423,50.32046307515414,50.016688233278074,49.75063996095236,49.660713008959874,49.262806942049664,49.24842469534048,50.297124182905215,50.524207390203166,50.552942169041295,48.92790030352131,49.73631158639071,50.56313961432552,52.7173011556843,53.12949172576089,54.048217477094475,54.36755618753911,54.39687880395304,54.63056428085159,54.332928879448815,53.714853234945,19.138138523837167,51.47011236491697,49.7500879735575,46.795369108323044,39.819997141298785,35.72523097849638,42.88897276322566,47.02102968689929,50.43165720207454,52.40541760382154,53.51042205739445,54.62005457951583,54.95906329962835,55.01872289121855,54.79046695341185,53.45556037151204,52.110270483733586,51.179470755232295,47.499294641076695,43.7602918172818,41.57940055964767,46.55388178399303,49.89133771260715,51.45016060299285,52.57018233419007,52.63441953564539,52.95111676659673,43.52664799651101,47.332454281824454,51.572814433972056,54.470649582664834,56.733573319617825,58.180760427683005,59.32608192512358,60.07809632829333,60.584412093132826,60.74079562418941,60.46955358424631,59.92663513388723,59.107465663751,57.648043209783864,55.61302973578755,52.09525737730787,46.81828946648095,40.587675553704194,48.22704075997153,53.02491107475077,56.020708485542954,57.88253241248314,59.12660913355805,60.005425290922936,60.495719060060516,60.461036155866836,15.68201724066995,59.33489818694955,58.351386352261684,56.91722289002061,54.56138196550292,53.40880173413645,53.63049477024521,55.482100119323185,57.675424758739126,59.38356583938258,60.789730967352895,61.93615685827244,62.79907746485931,63.11514191492517,63.29689277594804,63.00560704160474,62.50797040432896,61.740027901052656,60.424794294155795,58.50101954208228,55.735700917435565,51.42846048753316,44.874494848194566,47.042277560249985,53.0666087655063,56.43275961646843,58.78343675263225,14.14973347970818,20.374264979406238,20.969100130080562,20.827853703164504,13.979400086720377,17.24275869600789,19.86771734266245,14.62397997898956,16.532125137753436,15.314789170422552,16.989700043360187,53.74486224261148,55.83935202536751,57.82233194553456,59.80563727302255,61.182862252841524,62.29303173133651,63.055424599718236,63.38399115130536,63.36186062129162,63.19186245372218,62.558535882434995,61.52297213686839,60.28226282648234,58.16843590078008,55.12879091495617,50.360617069837545,47.29852957445686,51.83796373420462,55.543013491221245,58.499553475956446,60.28649321087841,61.655867583021504,62.4905006026851,63.11654915383686,63.13415192453303,62.39482920411467,32.98634783124435,60.702170915989484,59.47947121039288,57.966631255605364,55.42788093450676,52.04754674330467,50.90250996911659,52.80764976747544,55.97486762305842,58.512840386187335,59.672043358283744,60.75978851333795,61.379728249628506,61.660279018115524,61.5741354809164,60.76211033466491,59.83869748486738,58.85706030553216,56.45301396825836,53.589432196323344,48.6683650719143,44.585018746863945,45.95330849805335,51.103539826640024,54.50330723371878,56.84508742729301,57.9305313438861,23.891660843645326,0.0,20.253058652647702,11.139433523068368
16.989700043360187,0.0,15.563025007672874,18.325089127062363,49.96533561445376,53.02765871288721,55.14924774383595,56.895583513508456,58.105550937577995,58.91743127403953,59.295180357333315,59.48659876110143,59.3290632161425,59.418730284927534,58.36225976857273,57.47363636596234,56.753282380662,55.10786217922839,52.42034289782914,46.68255422349812,41.754248297903224,45.964321423490816,49.93436230497612,52.9593197390526,55.36902964003512,56.83876091268683,57.52853260254078,58.37073039076089,58.504753014633636,57.75881206080961,22.576785748691847,56.21525239499611,55.93201858906589,53.94698528087769,50.61241312384646,49.51653166268216,48.756688504545906,50.14692710367917,52.87113925745925,54.90836019593893,56.15770197576521,56.91025764408466,57.44406432627442,57.50765192914952,57.15107941629693,55.4939199012339,53.94025933665595,53.31904859018096,48.33332014395596,42.2533513181854,39.04877766963405,44.60897842756548,47.91922117501735,51.04630486764605,53.51705497400818,55.620667344954555,56.26960052402694,11.139433523068368,17.16003343634799,9.030899869919436,14.62397997898956,9.030899869919436,0.0,20.969100130080562,13.010299956639813,13.979400086720377,14.14973347970818,20.170333392987803,44.71071573613031,44.906887167131885,48.15929556976718,48.66458659573874,49.15827059432076,49.571761304048465,50.11671922174398,50.49082284434383,51.044324796396516,50.316548312275664,51.28389574536355,51.227825495103126,50.87000120795991,51.02725195760477,50.93789278909418,49.74613000947879,49.571761304048465,49.31712067056756,51.287739445498545,51.52239407036461,52.09815163774435,53.056887840507926,53.122895135328875,53.89394693524403,53.99543932821835,54.128786800289504,12.552725051033061,53.25589544608535,51.724394562866635,50.21788625343413,47.8896690815973,43.08372299806312,35.80354661106591,38.59378504425601,45.93507589331765,49.30505855301703,51.39488675351471,53.451619235949735,54.49128045304934,55.08817806404402,55.359773113166675,55.34891292915482,54.95556825067674,54.0563317646766,52.707743005779975,50.981381966924076,48.14067712609202,44.46925311242748,45.88943642740014,47.01852816441587,48.76477646530935,49.64037946693537,50.292416955035236,49.4865743214132,53.08873751524561,55.76562473056014,57.60084567397347,58.7991034972275,59.68686505566997,60.26951832126788,60.45569009291008,60.364564206625445,59.87990077819066,59.03782676852551,57.89739313490506,56.12359947967774,53.49957098719464,49.72133382748365,44.538685055562,47.12464497828986,51.519976980237416,54.96477137583102,56.982162840398836,58.37114748515506,59.28454232260666,59.80358392917175,59.855095524642294,59.66814485223416,59.02530472581752,16.127838567197355,56.38757737664286,54.53373387971357,52.35207657536418,51.68739018431464,54.1929472175346,56.673109667549355,58.82873313357311,60.50972204553879,61.59285893467404,62.46086002084595,63.07521709734658,63.43155230705427,63.417541426478586,63.11435968289161,62.524088044779795,61.62368720843845,60.17474925839319,58.26329470900792,55.41791347494252,51.05459088295781,44.91431735682969,48.45903838898782,53.70853434196193,56.87761652172167,58.79854801077721,60.18201438965676,23.654879848908998,19.54242509439325,20.0,21.958996524092335,21.367205671564065,14.62397997898956,13.010299956639813,6.989700043360188,12.552725051033061,10.0,12.30448921378274,55.92679625740119,58.20766134972168,59.814742957401336,61.26350285889434,62.28628739594438,63.03564511221224,63.46675640994875,63.50749106614363,63.276878517373035,62.84415617877415,61.89809109741671,60.58540277468132,58.95920097215221,56.45513638440276,52.48564191671336,47.4395637229764,50.24111964449738,54.825820513260965,57.728913444873555,59.78436177643925,61.19514870682341,62.412737157960635,62.616056476466014,62.69273082060137,63.09890878735032,62.147180433166184,26.884198220027105,60.34372536472041,58.53326408512103,56.48299498320675,53.009083761815255,51.21842060298349,52.25683957557911,55.09656747669129,57.370661539154156,58.86148230742304,60.317517241989336,61.07200469352166,61.5542106582265,61.68045865378032,61.49854688565355,60.534733565567294,59.55851722033229,58.49447055423145,55.70623487033673,52.84498410828046,47.33758835587203,43.83114905342069,47.17287622663004,51.788158545656074,54.7973362534305,56.94508678323792,58.02845531828764,13.979400086720377,9.030899869919436,13.979400086720377,20.969100130080562
13.979400086720377,16.532125137753436,16.020599913279625,21.64352855784437,14.62397997898956,19.294189257142925,22.87801729930226,14.62397997898956,6.989700043360188,6.989700043360188,19.49390006644913,15.563025007672874,3.0102999566398125,9.030899869919436,16.020599913279625,16.127838567197355,21.702617153949575,17.634279935629372,12.30448921378274,-inf,16.901960800285135,16.989700043360187,13.979400086720377,19.49390006644913,20.644579892269185,18.129133566428553,3.0102999566398125,18.692317197309762,10.0,9.030899869919436,13.010299956639813,3.0102999566398125,19.294189257142925,13.979400086720377,22.278867046136735,15.314789170422552,18.129133566428553,16.532125137753436,14.14973347970818,13.979400086720377,6.020599913279624,11.139433523068368,3.0102999566398125,15.563025007672874,6.989700043360188,16.532125137753436,12.30448921378274,11.139433523068368,19.54242509439325,10.0,12.552725051033061,14.62397997898956,13.010299956639813,16.532125137753436,3.0102999566398125,15.68201724066995,6.989700043360188,9.030899869919436,17.16003343634799,22.14843848047698,3.0102999566398125,9.542425094393248,13.979400086720377,20.0,0.0,12.30448921378274,17.634279935629372,11.139433523068368,34.81299273332856,31.613680022349747,28.457180179666587,12.041199826559248,22.50420002308894,28.041394323353504,32.003031829815846,33.654879848909,37.005306569785915,37.6477371691104,38.21971817642043,36.10873000380052,40.2840856511547,38.2588029893618,37.49736315569061,36.28388930050312,33.117538610557546,35.71708831808687,30.30599721965951,29.67547976218862,28.29946695941636,26.127838567197355,25.622928644564745,32.75311354541812,32.347702951609165,34.35366506612661,18.06179973983887,36.848453616444125,35.55457217204649,34.452927694259714,31.900514177592058,34.402792132355884,28.992731873176037,30.827853703164504,19.912260756924947,14.14973347970818,21.613680022349747,19.54242509439325,34.2845877351558,34.76686742945645,36.3558426631123,35.58708570533166,36.29919035503542,35.491259267581114,36.02602520420256,33.51216345339342,36.021685513789976,32.789821168654434,29.0848501887865,30.507663112330423,28.068580295188177,13.979400086720377,21.13943352306837,45.16006230386048,50.774151481393176,55.43672035456719,58.651330056348,61.042063680246216,62.73804032383153,64.1136797788751,65.01043506769372,65.59090989159071,65.81599716475111,65.73848246426815,65.3223469783754,64.5115064203711,63.22966671827843,61.29407895865167,58.39307061332657,53.8486573347124,48.82695262381597,53.32086842079648,57.7104114618422,60.90406555546152,62.81791469949169,64.02029123310338,64.76120211246918,65.11347043756574,65.00549317689321,28.382192219076256,63.88386313627008,62.542154014733825,60.683064823501596,58.21651065962116,56.070827644953226,56.39366942225053,59.12394783142459,61.861310134635076,64.0237437031991,65.55648274414847,66.69323204294113,67.42699449840947,67.85930099094882,68.03281245406413,67.9035195718896,67.463134186232,66.72116800154276,65.49040187755112,63.821788366842895,61.20064652745711,57.2006416181308,50.42528261150111,50.285915843552786,57.31238126274209,61.07683702889047,63.344451053876874,64.26627220401295,64.82677106634833,19.294189257142925,23.979400086720375,17.634279935629372,18.129133566428553,13.979400086720377,18.633228601204557,18.692317197309762,14.62397997898956,12.30448921378274,18.325089127062363,-inf,23.443922736851107,18.129133566428553,18.692317197309762,16.989700043360187,15.314789170422552,21.13943352306837,20.969100130080562,17.634279935629372,18.325089127062363,17.853298350107668,20.170333392987803,17.853298350107668,19.030899869919434,22.278867046136735,21.84691430817599,22.576785748691847,22.576785748691847,23.69215857410143,26.020599913279625,24.345689040341988,28.90979596989689,30.38620161949703,29.986951583116557,39.12593997752106,34.158077276355435,37.81755374652469,40.64495426792728,30.289777052087782,24.712917110589387,25.31478917042255,22.87801729930226,29.429995933660408,31.078880251827986,29.24795995797912,29.67547976218862,6.989700043360188,14.14973347970818,18.692317197309762,20.043213737826427,20.043213737826427,16.532125137753436,20.827853703164504,25.289167002776548,19.138138523837167,20.043213737826427,21.613680022349747,19.138138523837167,19.49390006644913,16.532125137753436,12.552725051033061,19.084850188786497,18.692317197309762,20.827853703164504,20.969100130080562,11.139433523068368
12.30448921378274,18.129133566428553,18.129133566428553,12.30448921378274,48.66151416141621,52.572104363295225,55.37220741390562,56.91672826648187,58.17952558504821,58.81574084267699,59.39591629001072,59.70761908018275,59.62208280593792,59.36980458709019,58.78993174209786,58.00114695575476,56.701131317045224,55.021388603918766,52.309519006667344,47.725930559862945,41.47521743537597,43.276653870500425,49.860996250551295,52.68561591932932,55.29402119174337,56.74651747472221,57.625900456417554,58.5198014545178,58.64883512763029,58.250689276246234,9.542425094393248,57.0389810639393,56.30993005375781,54.81835179382412,51.57496055349965,50.45142963590233,49.03708416102489,49.42940164741608,52.38998998615435,54.01016054487847,55.25445210446061,56.52135093202787,57.16958575388787,57.24528997695914,57.00530656978592,56.20586779064351,54.88726936621305,53.36821828485458,50.79069038812408,47.09142707622797,41.28431581093246,43.13972618860607,47.06555638218465,50.79561087562851,53.364217063995795,54.8370138233946,55.80191413317208,6.989700043360188,9.030899869919436,16.532125137753436,13.979400086720377,13.979400086720377,20.644579892269185,16.020599913279625,18.692317197309762,16.020599913279625,16.532125137753436,16.901960800285135,45.5942779975949,45.602534435423436,46.12974480748601,47.36778831828357,48.43867866412847,49.31076296950677,50.0973126942366,50.60822446110187,51.60300423321466,50.66105926521299,52.14292685942703,52.13448689385099,50.07098837991187,50.20945198345383,50.150955770808274,51.427178788069256,50.90342716226517,50.335684961921395,49.47948100228672,50.53066913388367,50.73604722580332,51.658998740451956,52.32208078396316,52.99709907663021,53.47503698375415,54.21610507039404,17.853298350107668,53.96471350008043,52.22979048895081,50.828033159986454,50.42370719710468,45.2975107994238,39.309490311675226,32.94466226161593,42.19322508419337,46.240963720278856,49.68450258491678,52.27886704613674,53.86622013083762,54.834004174332065,55.22033219972861,55.925775450606245,55.93507589331765,54.63667574941233,54.75595652280774,53.35361603015662,51.55229728602492,48.54991867500404,44.68051791454238,43.925562682950726,45.93740066214235,46.59611992382495,48.5079934446789,52.279946223773464,54.9983686089714,57.01205201999371,58.48564727047296,59.416008662247876,60.03503614742536,60.3213020701844,60.30546291958436,59.88834428006168,58.926076578705384,58.051615817782,56.29817196018516,53.33237633994193,49.905563916015716,46.02981887933407,46.9808313868209,51.430304220767944,54.64646008336153,56.955315824643414,58.20438581288025,59.11660885467674,59.61670207964648,59.86295988485922,59.58365562688819,58.950980853499075,58.044672452344265,19.49390006644913,54.281088652260166,51.1965172203987,50.37478291441666,52.86234100760879,55.88008248357816,58.34955770646139,60.14793462087175,61.53483455049309,62.54708762921844,63.13028391109249,63.5246520005533,63.546753421313895,63.34783368141014,62.86726977444359,62.14804124174758,60.92288942136609,59.1911210205803,56.82384278756988,53.18741390497692,47.628435492866004,45.795320901578634,51.61230204195733,55.74922104783855,58.14301546143098,59.649616670063196,60.88157359746092,17.634279935629372,18.633228601204557,25.010592622177516,18.129133566428553,20.969100130080562,23.891660843645326,19.138138523837167,17.16003343634799,20.969100130080562,23.54108439147401,12.041199826559248,56.935317362815226,59.076289909710425,60.722094449310916,61.960282619849245,62.83363654048608,63.41312825931009,63.70531038339213,63.64550432552983,63.262461247797106,62.6071638492525,61.733407215315744,60.25427942214765,57.9753413104151,54.814096610032465,50.63333358951749,46.720701361265924,51.743767590095764,55.70678343932634,58.59874112104632,60.377037204142454,61.48312617060424,62.438393887995076,62.66781862199055,62.75098647921698,62.22197087774049,61.29502344744772,30.406023401140732,59.63946410286432,57.49263898704363,56.4758344268654,52.5355606722012,52.21896519382077,53.31374651574694,55.72511476220182,57.837213945308534,59.500088012130234,60.592278175516,61.346949547616944,61.73296431160114,61.711622356161485,61.47540296127373,60.694020378055455,59.64152104246428,58.18522802003136,56.00045629279837,52.65150497310647,47.5106344325651,41.5478902873875,48.32828129539354,52.59548488201816,55.17338439309346,56.95740774925455,58.02727899677058,18.325089127062363,0.0,21.5836249209525,17.634279935629372
6.020599913279624,17.16003343634799,23.05351369446624,15.314789170422552,49.14898233675936,52.863329454781976,55.74962553992192,57.335447222160525,58.39521411807198,59.09443162192319,59.543679541707306,59.74781028367641,59.74479453350132,59.030688146198706,58.813618286025786,57.661398399601396,55.646565972392196,53.421264699557256,50.520703260609984,45.93607237519869,41.72281761455,46.210307999287096,51.91084755967901,54.274926007435596,56.12540159747515,57.32689622668816,57.82648169785389,58.22268792614392,58.1110560701793,57.9564717309394,21.702617153949575,55.963826441461784,53.791168896274485,51.75679932220711,48.379480971977614,49.55711796961274,51.16544653816021,52.96498459368582,55.154764413823756,56.173945938187316,57.03649845581572,57.72892077130686,57.73168927814989,57.37584603466246,56.66197757542649,56.06068431369117,54.62501317743295,50.64345657162171,48.93056778945034,43.605366145832946,42.54596409920988,48.636142750621765,51.81552055662115,54.01745082237063,55.38504613154735,55.753137258807115,56.270318130616566,10.0,3.0102999566398125,10.0,11.139433523068368,10.0,15.563025007672874,20.863598306747484,16.127838567197355,9.030899869919436,0.0,3.0102999566398125,48.51313396643395,49.220504021671736,49.080397729173825,49.54536764879532,49.95042570695854,50.32046307515414,50.173339006808504,50.063676195399935,50.291889102805484,48.71864702088195,50.6228483268795,50.201789069821615,47.63135869737981,47.887338588277075,48.08048842080414,50.85179938592216,51.07237112204791,51.83133126197407,51.5478902873875,52.886605147174095,53.54262144504483,53.93141569735512,54.60019349386385,54.21671368882076,54.03755191424458,54.32571673370325,12.041199826559248,52.31084569655265,48.73553093513618,45.51449997972875,41.85768733433613,30.61829307294699,43.087137766390036,48.018288771555426,50.43413368484327,52.490123661302846,53.797767299375884,54.65825843780511,54.569017373938934,54.6533674239485,54.213159468116,54.186608443596356,52.955099232544136,49.799351524331115,48.978908862865474,46.00428325732131,44.98200242769982,45.93119851103941,49.469334560223615,51.21691130307576,52.62719177878151,53.03602073356045,53.28340861827438,44.42244527847953,47.58866493389423,51.452896590541464,54.497868469857735,56.592514205456304,58.26298374392542,59.49764607022706,60.264503198394024,60.74121305906297,60.69681414085054,60.6684900032142,60.12808973562734,59.021884336885904,57.699124783661304,55.50625764708823,52.40993299454779,46.94429690957083,41.47521743537597,48.30177915464808,53.138271622346174,56.00428325732131,58.055178490029434,59.18604819882507,60.0549367523217,60.50149205752692,60.61407614753148,23.979400086720375,59.60940493799483,58.24496811639317,56.76844443617351,54.65585078500358,52.66760714869555,52.987046489142706,55.21447996571218,57.38641847403714,59.56192450523592,60.877689990806246,61.97882638013026,62.76679126816019,63.21658071963965,63.329863352241674,63.14041114165836,62.651210152002584,61.762655209415385,60.49940211974093,58.61118435973517,55.93970206424138,51.694275388824884,43.741248601797274,46.178387477170034,52.87893504118131,56.66934291826407,58.91948699782006,20.170333392987803,16.901960800285135,14.62397997898956,10.0,-inf,19.084850188786497,9.542425094393248,18.129133566428553,10.0,23.654879848908998,14.62397997898956,53.041909853450335,55.17735460641086,58.146557206501896,60.04712063032553,61.39050619540586,62.41702091505771,63.07275625677615,63.50400382435585,63.56900643346266,63.174724597311005,62.8346518915535,61.844080534884455,60.1815145978783,58.042382793270946,54.890707124216135,50.711526638092366,46.78345355161872,51.28360490693592,56.08012278215345,58.80978707080388,60.50303951143407,61.84494392420256,62.71170602786452,62.97107375161633,62.77153596430188,62.81610754091223,37.28597243383432,61.093628646276755,60.16684510887485,57.58065176895305,54.890693040595984,51.59317492363974,51.1718177535365,53.59231981798163,56.34292832185192,58.61468096735216,59.78228921406071,60.86282932385116,61.40585027638564,61.63719692842371,61.45771768113405,61.07240165636293,60.32793168785667,58.52273166545088,56.956234995124326,54.40534420188889,50.10274508951967,41.66311680659592,47.43101932267011,52.061374730041535,54.93845466799935,56.472753613043984,57.79632560730201,6.020599913279624,21.613680022349747,18.573324964312683,13.979400086720377
6.989700043360188,17.16003343634799,15.68201724066995,0.0,50.25408281131747,53.30415802757916,55.03922721180128,56.93259875239068,57.9658820821185,59.035549759404205,59.47228290251342,59.54285454214745,59.50935586177005,59.59278996160683,58.47244963994535,57.618113597489106,57.03010070605144,55.11125022447245,52.69648348268653,47.50176568956371,43.94486703162585,46.30275285757692,49.25234716231713,52.76783384700269,54.840505824733576,56.42489251569933,57.35829557378668,58.14104361510856,58.23993637217191,57.599351367605,19.54242509439325,55.91181516726796,55.36079697375239,53.1761419263232,49.72411138648832,47.78621481409864,47.74086107125815,50.829073863347105,53.146802339970264,55.62200046402717,56.882293314225684,57.544354917025885,57.971629373783315,58.00217214637394,57.806513671132606,56.332755051745366,55.01083921772137,54.38830200895612,49.972902522434445,44.878309964839964,39.562164692433896,41.938200260161125,46.40680153277665,50.284411075066956,52.844442700849505,55.20700953071454,55.94209069169299,6.989700043360188,15.051499783199061,9.542425094393248,9.542425094393248,14.14973347970818,19.54242509439325,10.0,12.30448921378274,17.853298350107668,11.139433523068368,20.0,46.19635859719037,46.92705948901278,49.4953149527976,50.02118524435503,49.952577647260455,49.92752284666042,50.00941397977936,50.11760696482461,50.026540986474046,49.5106539227103,49.60451749976983,49.13946239058085,49.61501775163981,49.72892161799044,49.739448519147615,47.17412512040675,47.60218860156887,47.924617313469504,51.143841045136526,51.5944687338747,53.06832322684375,53.65534781343928,53.89325591817493,54.769417092251835,55.027397540852064,54.77957190395099,6.020599913279624,53.94020674918782,53.51450356367914,52.003825864409805,49.17216584004321,46.14274843732155,41.17536432710338,33.38456493604605,43.46587664800529,47.64101376476229,50.47683651803772,52.48916892312752,53.816655002347304,54.404115614871685,54.8545168275652,54.41742253643248,53.92264201519374,53.298776774499395,51.453735695834226,49.2033207153959,45.53749563700167,41.86956335465412,44.81112840841518,47.23168236542887,49.33148020981487,50.30947665729787,51.209981481045624,49.754547864454025,52.93658613881239,55.54222565542425,57.283026377905095,58.635994116857574,59.39531732165807,59.94011234752839,60.05649314593179,59.98039955588532,59.53765488728781,58.48465622173737,57.13225853626582,55.100111970758334,51.71799561048725,46.04366473870013,35.269850685599955,47.911641250333346,52.784540630627426,55.865535499028816,57.88545209164042,59.27399109712887,60.14309640528083,60.60589064288224,60.8306810805625,60.67038105955028,60.019499410842684,10.0,57.83967861527244,56.392832397103746,54.650078875385184,52.921231037128685,54.52634246496125,56.446551902884934,58.33089074557996,60.067748591420866,61.18095341367437,62.08314489521793,62.69124240202933,63.06950795274198,63.034142301860115,62.67956270721932,62.03431623531833,61.01092734421474,59.60408459178243,57.29885314961069,53.853935423148094,48.07264355276107,40.305592452911554,49.50228507353124,54.816332175876056,57.70641438190854,59.4523315538676,60.78895241360162,12.041199826559248,16.127838567197355,14.62397997898956,20.5307844348342,21.84691430817599,22.30448921378274,13.979400086720377,22.278867046136735,23.521825181113627,12.30448921378274,16.901960800285135,55.4834764522617,57.7389756335933,59.43510838740473,61.05642666955845,62.07347794665961,62.82195311412846,63.323915939824204,63.37814738055435,63.13844450935364,62.72621242933255,61.57699989547205,60.23782757150279,58.57917193837984,55.680256230379264,51.34055921872304,46.71404281293384,51.29283759446548,55.30826986248976,57.82934622471221,60.101718548059615,61.41368237541053,62.49730928394098,62.881411975984555,63.024653529798485,63.36224510704609,62.808252653287894,35.289167002776544,59.852863275034814,58.55945971820787,56.87914928280695,52.72141096767867,50.36489164182994,51.92110060474991,54.59972667328094,57.157736079156265,59.12792590148197,60.275322584949436,61.04659497467062,61.58063208353699,61.72982189505869,61.422721156614045,60.6535896384606,59.58254654864391,58.547704581242584,55.905576343393406,52.726421068166005,47.54325397016405,43.474666258006216,46.94754324967783,51.666224989098865,54.83929463212242,57.109580493802945,58.134915854179745,22.278867046136735,23.117538610557542,23.521825181113627,0.0
12.30448921378274,20.043213737826427,6.989700043360188,20.5307844348342,49.860054467068764,52.99692482650328,55.11087539298906,57.05935518820708,58.1559434947799,58.976540277077554,59.41153513989803,59.60921961995819,59.56953677857666,59.5580797024006,58.4965277669385,57.64243401712758,57.03570784669004,55.20893397112288,52.65859822852589,47.026028413404276,43.02114376956201,45.89111464400596,49.714660429161185,52.83753383332527,55.061937441392494,56.61081623207722,57.355709570587166,58.22137337556134,58.3246100993781,57.55207663316246,15.68201724066995,55.78461559800469,55.40829814111079,53.425193992772016,49.271752460436,48.53759033074769,48.54937283891723,50.743519212727826,53.29438560779451,55.624950915084156,56.87823147341528,57.50542334834533,58.05507654575986,58.097280132159064,57.784305566664436,56.36981087076556,55.11856634342237,54.3768715753786,49.89596634219624,45.41504359131859,40.677773586333174,42.75311354541812,46.48369770297837,50.15749439475023,52.983573923985034,55.24791935152151,55.91834518490138,3.0102999566398125,21.13943352306837,10.0,3.0102999566398125,6.020599913279624,11.139433523068368,15.563025007672874,-inf,16.532125137753436,10.0,15.563025007672874,46.85992392966588,47.48017377794305,49.35557645093014,49.74253710603697,50.09765241809081,50.019499410842684,50.098459155754256,50.15778756389041,50.294568304255655,49.20983754507378,50.0537358471606,49.44186461283688,48.80659276038634,49.01158516602071,49.00940346685067,47.757269237808096,47.607993116307185,48.33440368917419,51.09166666131343,51.73550456678398,53.01431532377629,53.65976291562011,53.983150770981645,54.772153416650234,54.96932414271296,54.90319538622799,12.552725051033061,54.221382408789054,52.99951607594259,51.56321950446713,49.49282639682136,45.67661454473898,39.860996250551295,34.7158505418519,44.08036342045526,47.721015692770116,50.67977944539898,52.47914374981704,53.69549801664892,54.39207914946364,54.59580942733724,54.584807192957136,54.15342341480401,53.04802780076547,51.84106300456601,49.42588378883805,46.226801987325814,41.60288413131288,44.873222397518205,47.161119036858345,49.81265764028029,50.070860202016334,51.152376238070055,49.7235097327669,52.91424354890523,55.656317978644665,57.395383273388,58.60803799599714,59.439024028315586,59.93909507827357,60.13883750919674,60.00993397357212,59.50194413907851,58.54555006423052,57.151238425411826,54.97202034015012,51.601983261165685,45.191714638216595,33.51216345339342,47.79978675330057,52.70166229260694,55.93043370415125,57.8619045111294,59.26270401281129,60.19392156435754,60.61403090361367,60.87570251106995,60.68668143285899,60.10361449063426,12.30448921378274,57.9945772421948,56.386010609114656,54.606362856714206,53.02938861659271,54.51976685422253,56.34969728671869,58.336340649273,60.05280062674159,61.15107703734898,62.063146723339614,62.687756525528116,63.082762110507815,63.03671144664021,62.70065733995896,62.069235138769805,61.07500646077583,59.51753639703811,57.244495526592544,54.05197755832086,48.53320929488747,40.704811750660184,49.94484326066005,54.745658906738875,57.622290351407386,59.49111285597118,60.861981860924686,13.010299956639813,18.692317197309762,19.294189257142925,19.49390006644913,15.68201724066995,18.325089127062363,17.853298350107668,22.576785748691847,9.030899869919436,13.010299956639813,20.0,55.49038838365125,57.850399713255925,59.56093959882077,61.02853732154942,62.150921722983384,62.842050677017944,63.30618492909628,63.360416493192695,63.12041882842203,62.6842561449979,61.67616510799125,60.2767653086844,58.65966965695005,55.97867334210641,51.41277275635072,46.407993394327114,50.928889976317706,55.27108950652729,57.77528315082557,59.963619198135206,61.660279018115524,62.54802247456442,62.909487849601575,63.13092811528801,63.01514831869628,62.64276033279366,38.75871190727366,60.4251290337386,59.54576305331428,56.94335765058174,53.369717792790894,50.89922765327813,52.053911462157565,54.64745815841561,57.25363520401104,59.133544224888574,60.38571286170022,61.058796036966484,61.57699989547205,61.721415401850905,61.53476439976227,60.657354054759736,59.588657300206734,58.570670131197176,55.76398945124239,52.62614809245637,47.87913661262104,43.2962158001926,47.11579480965868,52.065560440990296,55.05205618736012,57.07257541882015,58.28187973217858,16.020599913279625,18.06179973983887,10.0,19.030899869919434
15.314789170422552,13.010299956639813,13.979400086720377,11.139433523068368,49.225438153907064,52.68402440260957,55.60271374899508,57.21899607619795,58.32534458689121,58.950079450705424,59.52052980670305,59.69636265552282,59.77147211335466,59.24904426780576,58.70746757198165,57.78360385196501,56.21040153799012,54.18939003708833,51.4888016912823,46.3034650075424,41.702617153949575,45.20732378332008,51.324165965046724,53.75882991545229,55.84495184819331,57.13679508280377,57.7168887790728,58.377159304001424,58.41094682884095,57.97575662832962,13.010299956639813,56.12232694614741,55.15615573565928,53.2321908841013,49.31239142752621,49.27005731189649,50.224943558374015,51.78337978300238,54.377267869242225,55.45095485547537,56.61890264985743,57.3018854947998,57.70728330518979,57.546334390134874,56.99120244236753,56.091898040821704,54.65953603231676,52.03264122630752,49.69313384387738,45.09471352102548,41.83725258045578,47.44300808177981,50.63802308875193,53.10635968944024,54.72178467845791,55.49777921328038,56.21127446874817,11.139433523068368,0.0,9.030899869919436,21.613680022349747,6.989700043360188,12.552725051033061,6.989700043360188,20.5307844348342,18.633228601204557,16.020599913279625,16.532125137753436,47.005739284858166,47.74173774019023,48.19767605395256,49.16753902946922,49.442309057951746,50.00043427276863,50.563292203144535,50.56142262059052,50.79738233308969,49.36855413884736,51.12487699376034,51.076338783998295,48.47880997445375,48.581159321900664,48.53759033074769,50.68289783033797,50.34455987825261,51.12889746369673,50.94348824158173,52.16791152850112,52.59230620510071,53.29448730538655,54.11097565508278,53.73759521896305,54.02862957968563,54.62987638908872,23.180633349627616,53.27867527414662,50.25653980717898,47.59131254061717,46.151606643165564,32.746196190912386,37.02861170572929,44.70366383000007,48.82137313939908,51.02450857573359,52.890758788982204,54.25287985290747,54.50896986448592,54.89386070476797,54.77736069844398,55.17202498119911,54.42373142168304,51.813518711914305,51.5378438646937,49.13882698490752,46.118931699365255,42.99834040645859,46.50987094383445,49.22128346796363,50.98965434416372,51.62683865877892,52.00303182981585,46.09562396167091,50.57970231710705,54.09070437559028,56.30690203220341,58.032385477112875,59.19927536454105,60.0924389793111,60.58406662995207,60.74752461577297,60.47408835330792,60.090006450107076,59.28222202180046,57.721529446625624,55.702182651470046,52.608652776560376,48.620955843366936,42.6651391990912,47.24488867483494,52.45793881129536,55.50674651788406,57.468520698256775,58.86516105277208,59.755039551445066,60.139308589589874,60.253001292620354,60.071949593562636,22.278867046136735,58.348020540487,56.55308468166088,54.31186793318,52.63931808798313,52.19754753049677,54.500334475925285,57.033816675851305,59.074742429229346,60.79280398634836,61.850435491131314,62.679879041306215,63.14213042473728,63.394729070478164,63.33836453637417,62.99375225205088,62.20947870867785,61.14252259647646,59.42069594394063,57.2657236725846,53.7591954370465,47.89221001247678,42.76484782109384,50.892160494452405,55.110272917463504,57.901901297218856,59.69593414913714,21.613680022349747,15.314789170422552,10.0,16.532125137753436,16.901960800285135,9.542425094393248,6.989700043360188,19.54242509439325,19.294189257142925,17.16003343634799,17.24275869600789,54.01491870890187,56.588219591356236,59.098821624625764,60.731113800909064,62.00018854321502,62.778699418931424,63.32755076450685,63.63335898955213,63.545206310704955,63.092144082718036,62.443310640026226,61.31459864442246,59.588399475084515,56.96875134981393,53.594939812662325,48.41190475748978,48.07967753955349,53.143413122759135,57.11214835441734,59.31712067056756,60.81926341048454,62.0476497363937,62.612869030549334,63.217402726884174,63.270279269742176,62.28039323310213,31.37670537236755,60.7150791132167,59.63591878571187,56.63253211226335,54.36623740641528,52.41172786770047,52.12850529635858,53.96138297395892,57.19810072989087,58.82427194993491,60.1299952774803,60.94835042782719,61.489125342509865,61.72796977792374,61.42016651442431,60.822524045704895,59.98364411023499,58.49267660643242,56.61291977065603,53.72149478375664,48.95560658453326,41.61038412422962,47.63465431128747,52.310667127288035,54.99374993144386,56.64541380552653,58.010337503901496,20.863598306747484,17.853298350107668,18.633228601204557,24.62397997898956
19.294189257142925,16.020599913279625,3.0102999566398125,15.314789170422552,50.40989788903315,53.4463784591778,55.05813128016199,57.06909716850287,58.09020720483672,59.082029039382256,59.46880452941761,59.661276472841784,59.51091154409339,59.43541998811711,58.533818036435505,57.550160850868714,56.49042634086176,54.41528611078519,51.2735428396802,46.48837959790263,43.36259552014194,47.859061385829236,50.61335595921314,53.79937912106118,55.56423121371285,57.0272169187234,57.96169682001014,58.321926567483075,58.47118386499844,58.18295850312248,16.532125137753436,56.51380759020042,54.98886473639728,52.78296208091274,50.45768782070415,46.891045416815224,47.77122201921572,51.06982584113746,53.29960978186116,55.48744325708902,56.562985256651615,57.18861099400766,57.561741871102406,57.355869245014105,56.983198133268644,55.33880046803806,53.51042205739445,52.264684371291246,46.87511125346055,35.88831725594207,39.55783928916912,46.1074531052313,50.09200105451732,52.45228803101548,54.45927857740809,56.24673918799931,56.70640065461623,12.30448921378274,16.989700043360187,13.979400086720377,11.139433523068368,6.989700043360188,6.989700043360188,12.30448921378274,16.020599913279625,13.979400086720377,10.0,16.127838567197355,43.292147658057246,45.910868779673464,48.51533518592558,49.35371212601676,49.96415346163988,50.12077599531015,50.421224759982756,50.351774939557714,50.291604848105834,51.46748013630639,49.9607803684946,50.04974474159486,51.989043994567325,51.953460583484194,51.4752792782225,49.02530472581751,49.18790211483256,49.48119424380536,51.41092156375883,51.4468938155375,52.446283736841075,53.11435968289161,53.17059958740005,54.07700154792715,54.13314855133096,53.2334493230013,17.634279935629372,51.4546367765281,51.0009816397272,48.60966529758465,42.47113641770865,38.4868165402395,37.72321706722919,44.58320509318077,49.09347389418558,51.721415401850905,53.182846017365044,54.478058875035124,55.51357273522653,55.863498404478165,55.91431931588087,54.55773409227347,53.71564706539054,53.551928204396205,50.36093680956779,47.44488567220512,44.01745082237063,44.387005329007366,45.66755583302415,48.270136781624764,50.21900132744867,51.2769102418364,51.70722175489071,45.58240431993504,50.62123006484734,53.77366363174222,56.16633028663394,57.986506454452694,59.21928260782068,59.9954157746116,60.520368102297056,60.63299199615429,60.68267887401675,59.98224890005224,59.214710952406044,58.27574092829689,56.446640489315136,53.86695111775619,48.98203934872921,45.57001634392705,48.626679502285874,52.51131856726664,55.39559076883768,57.301303448731105,58.690180412389665,59.45638921214045,60.02867712100483,59.99683718476726,59.587148328453154,20.0,57.50746690023053,56.07517214020743,53.79726008567859,50.853655116511135,51.70804244487251,54.23786357022907,56.94956878903116,59.23412417608263,60.739455167286884,61.869374158528636,62.72933864329171,63.37915081125816,63.63792616345525,63.564606991838765,63.04373752348512,62.363399704071185,61.4161906821173,59.67904438074274,57.564854861445056,54.087045475447525,49.15278447981383,44.90042800264223,50.69172111409646,54.867548387297134,57.548228947770525,59.319315729747174,14.62397997898956,21.958996524092335,15.68201724066995,15.314789170422552,18.325089127062363,22.87801729930226,18.692317197309762,20.170333392987803,14.62397997898956,20.170333392987803,19.030899869919434,54.616185639540156,57.03323196548753,59.057796951787545,60.79651477073845,62.05313736066878,62.91374401214703,63.44876409120328,63.6613987309711,63.6041257765184,63.245534445890556,62.42412462449184,61.28931792991708,59.80185236947335,57.489102163101116,53.8775455170624,48.94183095040831,48.75905868167617,53.55307817103565,56.53955004827485,59.19070243609695,60.7582460212336,61.732238667767746,62.140691069554066,63.04792447040722,63.08157245073373,62.786767926106705,19.49390006644913,60.55944532922534,58.464144368841986,57.00559216657096,53.820170425748685,50.91603655001259,50.967293089145265,54.04253700226129,56.66332617064131,59.07263524993526,60.164190465102834,60.99621603427023,61.542647736421586,61.700048775238024,61.48773501270303,60.675859727631305,59.851357992395755,58.598375308728905,56.390091007081764,53.37055729114077,48.96575816818799,43.8738982633873,46.345981705879694,51.24585728912949,54.527077578711,57.040002901996374,58.18020578244764,12.041199826559248,18.129133566428553,3.0102999566398125,12.30448921378274
13.979400086720377,19.54242509439325,17.16003343634799,21.64352855784437,48.663168819216544,52.50346800440827,55.45200695093318,57.16965242111462,58.0904768608437,58.97750765145859,59.49011664114023,59.779891294647136,59.7507687479169,59.0648858032791,59.063377359312376,58.11744535283936,56.15002614524588,54.21881852192773,51.495885677877446,48.08481056565951,42.565253248481085,44.312994194693516,51.20580511375423,53.35004312618787,55.58138334788606,56.781995973581736,57.61694849829092,58.27708433150643,58.29267740979333,58.33899619336893,14.14973347970818,56.96895208660412,55.08961778489539,53.400096030661004,50.95549410775645,48.92817824309576,49.38804824957756,50.921027915921854,53.71040140462611,54.588734370777196,55.91430818952526,57.00651806335718,57.219169095815374,57.207164972090865,56.80263880651218,56.369179658638785,55.506208756981835,51.93906181494982,50.98747528824818,47.00565274529278,40.98574510025707,44.77193631102115,49.79047326947965,52.549345890774404,54.33353735704972,54.98675759042903,55.887891895155704,12.552725051033061,19.084850188786497,0.0,13.979400086720377,6.989700043360188,16.989700043360187,3.0102999566398125,18.129133566428553,14.14973347970818,13.979400086720377,21.702617153949575,46.62238255862255,47.045794496963,46.34074025487468,47.9658820821185,48.83332041250597,49.84230181299428,50.15715932006951,50.374264979406234,50.66180514886014,50.40922603173949,51.297221086958785,51.27315412520904,49.502187666418635,49.35129234915682,48.88628725385226,50.96218065256196,50.811347900245465,51.01726458212671,49.33740299496935,51.03242537318155,51.536715997301215,52.40439412801645,53.15796173135021,53.49044286602036,53.79894453142011,54.40967298800163,12.041199826559248,53.673055921399055,51.4367043347016,49.95042570695854,48.21762373995988,41.89799010639827,23.59835482339888,39.34144811792477,45.84172858967223,49.33223999279318,51.594769564742336,53.487136474677534,54.17441798099151,54.871864705742006,55.191898601725605,55.5425650483669,55.36369028678041,53.43762975285702,53.16131864572889,51.59594260605748,48.98374094681203,45.9315309937685,42.637070646074314,45.07586039763011,47.99347442962076,49.608749161732206,50.93873256669097,49.77910997209899,53.25897247916396,55.702182651470046,57.698328009161166,58.804705928037784,59.855167368749,60.36487167697543,60.640793140809635,60.44319029404732,59.81229487420001,59.253048703912235,58.01886448442022,56.01965522004237,53.0940231595196,49.09582770688917,44.371795817525125,46.98770182911892,51.6300027434509,55.22633299553113,57.04453387396463,58.46871917643956,59.39775760029863,59.72663742232428,59.95094841907377,59.68616018409695,59.273508552837484,20.644579892269185,56.41990395799532,54.2180951006037,52.14539205459798,51.48232359644905,53.56668214270361,56.35877650156398,58.63176484164563,60.35337666000665,61.74825038963991,62.49363235656095,63.18005912425119,63.37699803790525,63.478763945529685,63.23018694441618,62.52309701838787,61.77400851899669,60.11599621116887,58.31205352196254,55.330141138429205,50.89965131732338,44.736475198572236,47.601585089980894,53.42517425646471,56.82462780632663,58.9332669507385,60.40541028277576,22.92256071356476,9.030899869919436,24.955443375464483,20.170333392987803,6.989700043360188,13.979400086720377,3.0102999566398125,13.010299956639813,20.374264979406238,15.314789170422552,10.0,55.28727779640042,57.95188069592215,59.95165551769435,61.50656985779523,62.410082595646166,63.1875869313729,63.46635565160866,63.637039052283775,63.38834444202568,62.727874307289795,62.2803572685363,60.856330255180936,58.63294897794742,55.916966578132616,51.52682700411586,46.93955464836261,49.83324024847812,54.4903539350911,58.000052693416876,59.932854137423135,61.27997425097769,62.100347844306974,62.755244175986576,62.92699003043929,62.417130444132674,61.993220377285866,36.591552809406295,60.49101678208557,58.905959310285965,56.62225967456247,53.276163691530684,50.247236845053436,52.49865801395558,54.970983539216284,57.75575499181693,59.04337333513989,60.14067107021983,61.19894980143259,61.57612989335607,61.6777679380785,61.34867857842528,60.82617721827616,60.03761159729976,58.08452030630629,56.636641830875234,53.51641726193522,48.92166979072933,41.45755623637207,48.40933728345832,52.68823597025598,55.313383872700086,56.72815237057797,58.11859750705692,17.16003343634799,16.901960800285135,11.139433523068368,16.020599913279625
6.020599913279624,6.989700043360188,11.139433523068368,20.170333392987803,50.53143774907218,53.41256417431258,55.23486332343228,56.92452968578034,58.18691619347121,59.088044563237425,59.390957338579355,59.55355289220529,59.495012498591706,59.52214936586388,58.32893220968558,57.437605483253535,56.67700383548567,54.6186603588651,51.81228854964545,46.67312835294965,43.6707624226875,47.793727936407194,50.23388284059461,53.50684032686936,55.51449997972875,56.94977041440568,57.74827794721176,58.32494223085625,58.447132087369795,57.79723442516377,17.16003343634799,56.04746462404567,55.00820814310125,52.71230377423009,50.043428729773154,47.56187130635447,48.220176199784596,51.41399599298583,53.46049644921494,55.890834986269354,56.835081186517854,57.30676514505113,57.71852679602862,57.73909989305169,57.33961624682823,55.59769016831406,53.843641683043614,53.13166724827837,47.096514974674626,39.00148560719344,40.48014290938055,45.83357494902508,49.5163374843148,52.2419626966024,54.14078782870305,56.01712416694041,56.550087035893675,19.030899869919434,11.139433523068368,14.14973347970818,16.989700043360187,18.06179973983887,11.139433523068368,18.325089127062363,11.139433523068368,13.010299956639813,6.989700043360188,13.979400086720377,44.56016634817745,46.2325963061961,48.852367949358964,49.47247415675048,49.767350325050955,49.83617267415464,49.99413306342048,50.19863713967843,50.10113305625943,50.57856208741888,49.681839763490956,49.597328492721864,51.1693301098468,51.095448008783464,50.98605658496943,48.297539189249754,48.92984550710716,49.5058389387961,51.7655715181518,52.01574629809686,53.231282931251215,53.72567743391127,53.75087220007504,54.543950943100796,54.51602243332979,53.81304648148658,15.68201724066995,52.36590159567008,51.59148938341893,49.251521674151554,44.32648660013107,39.566485792052035,35.6062387454993,43.117114887954244,48.27123620402744,51.15011071300452,52.842050677017944,54.15323982699692,55.115103757501416,55.5376291184034,55.49401795796369,54.26226518098315,53.2577214153862,53.16075234838397,49.9618320032566,47.20696668749796,43.252076894829194,44.25697213362591,46.5399354112884,49.436972712318116,50.8832749061525,51.76059409625849,51.99209224377267,46.45756213603842,50.686347718139395,53.89963036435888,56.265425803691336,58.141656582156784,59.21231137858828,60.01110373201611,60.40688162146122,60.60287521531393,60.67684463404646,59.94075077145827,59.04309725767541,58.034195571116534,56.067187797147746,53.16310095166724,47.6850490704858,41.98794500175598,47.38756782588204,52.382092467096584,55.34964792394666,57.47517455231343,58.86507081409899,59.682007989996755,60.2276684871888,60.36044919705528,59.92723579521652,14.62397997898956,58.09775125133528,56.85048104712028,54.74689649296038,52.376769214667355,52.70543753047853,54.69742510728231,56.945350042539424,59.21686995596443,60.65228926047482,61.765155022495726,62.64065890193068,63.28247867857492,63.49479568276951,63.398037030357806,62.890993150344244,62.13020756711867,61.21848949328749,59.40018653623315,57.193379173832184,53.47269502656694,47.583743663644256,43.981484200086314,50.906812044573904,55.3252507211221,57.93069919878696,59.65198407339129,11.139433523068368,17.634279935629372,19.54242509439325,13.979400086720377,14.14973347970818,15.314789170422552,9.030899869919436,16.989700043360187,19.86771734266245,23.05351369446624,19.084850188786497,54.629442662190456,56.906638025384446,58.9417977032808,60.61973922486785,61.924988751094006,62.758814381111165,63.40961786639969,63.52730348588196,63.440779351237715,63.21214084830109,62.243737661880694,61.1716154784085,59.78078667277955,57.32069526457488,53.53931610709368,47.977175331608365,48.436687229791445,54.16848452988365,57.0479632841505,59.22503843820712,61.02935975487238,61.960766535760435,62.58055839258439,62.88848594383399,62.97511020956883,63.01183708704972,35.150786750759224,60.48909641679947,59.18800159642457,57.04502273039984,53.25509506025333,50.83280399142918,49.99391561719091,54.03827176492128,56.7694953936863,58.85406456684009,60.182031048392176,60.901154990985475,61.57309560576987,61.83233389894766,61.56375883548287,60.707000763829555,59.78482271862844,58.87765790159159,56.29891541195949,53.197824900778954,48.51527405600252,43.92239560398111,46.30407532886708,51.26774090115439,54.48551739201578,57.0511159515699,58.11417478534438,13.979400086720377,9.030899869919436,6.020599913279624,20.0
16.127838567197355,20.863598306747484,16.532125137753436,17.853298350107668,48.86270702112662,52.57450570410951,55.600705013975336,57.090951901440434,58.18303109324286,58.93031222635351,59.62530804470026,59.840986579859816,59.85302949814216,59.11104850745765,59.15868177367054,58.20257303143215,55.896636990458255,53.91501439022782,51.041352995797965,49.09823369650912,43.6707624226875,45.166807754068266,50.622359148459914,53.304543597219975,55.24231201708297,56.64477438906344,57.716286303547236,57.869926298617884,58.01158020590697,58.350338784806766,22.87801729930226,57.028895774097876,54.57227692693115,52.49337798583266,51.10310190583664,47.949130707727335,49.245790525823736,51.489787981680195,53.79082419867623,55.14159769043289,56.37953796321906,57.307184991174935,57.43224322223665,57.32520008570398,56.89213819053287,56.87652008747743,55.86988785181625,52.38798562713917,51.7535523038603,47.7592340584268,41.10252917353403,43.252076894829194,49.55326890731545,52.551108209530696,54.248179572078584,54.58335625991947,55.766695389759064,6.020599913279624,11.139433523068368,13.979400086720377,15.68201724066995,9.542425094393248,12.041199826559248,17.634279935629372,16.532125137753436,6.989700043360188,13.979400086720377,19.54242509439325,47.27817686121977,47.75136943680951,47.05453161301491,48.1838427001463,48.982698110948476,49.709462909496835,49.68912360840227,49.779886725918004,49.616156523791304,50.13494493492967,49.48452089645292,49.886347511492495,49.441370731580975,49.11902996044033,48.48958460827495,50.20104276675867,50.227952836601624,50.53431884512207,49.33816174257383,51.02214101615268,51.670217957902565,52.98979636258416,53.85838550083999,54.091347752249284,54.47929769007295,54.66987664693572,6.989700043360188,53.74623720431025,52.548911236494995,51.009905230699644,48.580316300566864,44.72493160747825,35.42202782434028,36.7833624673218,44.063698354692676,48.81869471884279,51.15161008979106,53.046456052548365,53.91303924220388,54.634300919028014,54.9162079226953,54.99308971921289,54.56016634817745,53.53727784290088,52.341552205639104,50.46791616416713,47.80374926160122,45.29956220078762,42.73811199399403,45.624475171436515,48.05922035052057,50.745568099547455,51.23149017914801,50.198014777812645,53.46043771936955,55.68456357249623,57.53464320185033,58.764516729299025,59.731694329957925,60.18486210503485,60.41462561466779,60.25733393855147,59.83366895733524,58.938471704538344,57.57905949408479,55.594050424198514,52.648768264036775,47.77644277696485,40.61037590063418,46.493543333643686,52.165617350479266,55.23147924422204,57.37055810435359,58.73253155936064,59.762623775119664,60.161375188407725,60.33476028528587,60.19862469331511,59.52457272737158,16.127838567197355,57.14055514302316,55.27997027337783,53.35227151799523,52.661046363821015,53.683538373485355,56.23750507783343,58.43438349493166,60.17948151855514,61.54860786917225,62.355900517552065,63.00532878371345,63.21468350454949,63.197955920243345,62.96116052933606,62.29925664633994,61.35585799233926,59.89537023786097,57.720758793049896,54.64079501542737,49.21343065066323,41.95595263005526,48.58928007014538,53.929817008063765,57.19517728367836,59.2792904218231,60.52580064138172,13.010299956639813,17.24275869600789,14.62397997898956,18.129133566428553,17.16003343634799,21.13943352306837,22.09515014542631,19.030899869919434,14.14973347970818,10.0,21.84691430817599,55.229343314165845,57.73969190400217,59.9543554872666,61.327238418527756,62.35457742050641,63.01512012096019,63.44417819667996,63.51675158933587,63.35264681923653,62.58743808271751,62.07473866866137,60.793968920926346,58.29461377042459,55.485085717002754,51.17536432710338,46.814673735337315,50.2645154573824,54.86271751705217,58.078359534524694,60.131428098874466,61.369554030777365,62.24008847885304,62.57315871541748,63.13035150421646,62.72367318703664,62.75612146159378,29.938769149412114,60.32609494728601,57.987479883062115,55.62417780518998,53.74444050045925,51.397531856953535,52.18141468157678,54.54604026479571,57.64628131453243,59.19935891956726,60.14302496763011,61.200923212135415,61.4466790548634,61.49354616033284,61.295055678935675,61.01382030746307,60.081648075768456,58.17605690311123,56.747885992377284,53.76701023471269,49.29955076049573,42.25412672865954,48.20602060800836,52.5267102588598,55.37589928546624,56.906992155444826,58.08241365720265,14.14973347970818,12.30448921378274,16.532125137753436,15.051499783199061
20.170333392987803,6.989700043360188,17.24275869600789,14.62397997898956,49.32686800831902,52.87913647076033,55.44917190014527,57.17953284719067,58.36669008595621,59.05568153254846,59.50039498550646,59.5954936285038,59.5562089363616,59.36611246728813,58.56296797123473,57.69138694000859,56.34954630881513,54.44464827322805,51.87751907003503,46.63700925389648,41.832128832942516,45.862383788164706,50.840755677786746,53.44417819667995,55.505340865995066,56.99293867233671,57.55299224650472,58.226766385788565,58.31245707380161,57.64792378184302,20.374264979406238,55.75448805213169,54.939722077227124,52.84250210312084,48.20188318757885,49.266562190722055,50.15196235393436,51.86447760774917,54.47897253532901,55.79227801339798,56.822028580741815,57.6741117102855,58.01327547434988,57.8193479811377,57.45344189297804,56.19524279292234,54.82193036944959,52.851453214792386,50.08859819261295,45.51449997972875,43.15130317183602,46.74309888941477,49.398036972126704,52.32927532165009,54.33629045308139,55.47889107844866,56.16983556468753,10.0,13.979400086720377,11.139433523068368,10.0,6.020599913279624,14.62397997898956,6.020599913279624,9.542425094393248,12.30448921378274,22.944662261615928,16.989700043360187,47.95476804945366,48.39610012621015,49.1184447618652,49.68973004441078,49.54826002093875,50.12364725222238,50.41866202721293,50.17254606072523,50.57361762985039,48.37038910191374,50.42291927554751,50.09727022688623,47.41506141058163,47.65377934647205,48.01657488870102,49.57789202541456,49.93744756554462,50.451742759413634,51.44293927198531,52.559788652671116,53.19990410839211,53.73369978893889,54.48808313037336,54.3544459291195,54.50695493727005,55.14203633883284,19.138138523837167,53.7520622109933,50.654639372256966,48.34019925074977,47.36396502276642,37.546540692554316,35.395778833453086,43.58581996718514,48.00036241827979,50.407130750436735,52.31439005235281,53.79939722801916,54.261809418458206,54.543706869165625,54.46925311242748,54.747667985900804,53.90067417349796,51.31583380498573,50.868863604124044,48.138344198368024,44.73224124130912,42.24507164727078,47.327555211782496,49.77266212427293,51.26975138867829,51.68850903709554,52.454534418011164,46.65702914037439,50.70555015835032,53.98165783106361,56.28881191997511,57.84795537856762,59.07760053822856,59.919805605518704,60.378804768273085,60.56240329792462,60.208160590908726,59.88686016244391,58.93187314892281,57.27908706605198,55.15322681606684,51.73937617943742,46.290832459166666,38.43855422623161,47.35958002142925,53.07515291921561,55.96479435361467,57.82049590239568,59.29276862639219,60.08618054107715,60.51385627758993,60.66671732096951,60.58550524608243,22.671717284030137,58.96866134804938,57.29767198368732,55.47716877626826,53.8653641849057,53.117559795602546,54.593397057086364,56.90111871914645,58.90740613460871,60.41973461631996,61.61725474117703,62.44890391479025,62.97389506757686,63.105218967846206,63.10603258576913,62.69719535189544,61.97899159329978,60.80563718897885,59.20783140344681,56.73958560395994,52.848231136260814,46.28562613108777,43.862491967089234,51.339634152892025,55.71318606543385,58.21202270770652,60.02221803440989,12.30448921378274,15.051499783199061,16.020599913279625,3.0102999566398125,14.62397997898956,6.020599913279624,20.827853703164504,6.989700043360188,20.0,18.129133566428553,15.314789170422552,53.9747071716853,56.63154180511586,58.86331078510449,60.542226268410275,61.80360457033836,62.740663605773875,63.280461085350346,63.53847399691661,63.3826081779485,63.03995848414215,62.2946604902796,61.19494091886335,59.27067380610499,56.87005173486756,53.23031286280438,47.34703842301043,48.08514805214365,53.49044286602036,57.15389050846302,59.37243487699696,61.120138113926465,62.186011433156324,62.98543940791436,63.27373035954683,63.22056507201465,62.369232693828565,31.392492175716068,60.94038015833068,58.94900637157412,57.20140276754734,53.72479333265111,50.808356481739736,51.29370819871983,54.10252389829708,56.93918558869207,58.68391075029719,60.10869594404247,60.92425869898789,61.47170640999684,61.762331054194576,61.55932403102683,60.85947054817349,59.890696436446255,58.543941065778576,56.637480263583946,53.45657938672113,48.87943461248532,41.900514177592065,47.818702142067586,51.91143489954898,55.11130376918642,56.85746215841885,58.0235906683916,13.979400086720377,20.374264979406238,10.0,6.989700043360188
17.24275869600789,17.16003343634799,21.613680022349747,17.634279935629372,6.989700043360188,14.14973347970818,18.129133566428553,11.139433523068368,20.170333392987803,12.552725051033061,13.979400086720377,12.041199826559248,16.532125137753436,12.30448921378274,10.0,13.010299956639813,13.979400086720377,17.853298350107668,20.644579892269185,16.020599913279625,18.692317197309762,17.16003343634799,12.041199826559248,12.30448921378274,21.613680022349747,15.314789170422552,16.989700043360187,14.14973347970818,14.62397997898956,12.30448921378274,13.979400086720377,0.0,15.68201724066995,13.010299956639813,15.68201724066995,12.30448921378274,13.010299956639813,3.0102999566398125,19.912260756924947,0.0,6.989700043360188,12.552725051033061,6.020599913279624,21.613680022349747,20.374264979406238,13.010299956639813,11.139433523068368,21.13943352306837,15.68201724066995,19.138138523837167,17.24275869600789,9.542425094393248,3.0102999566398125,14.62397997898956,10.0,12.041199826559248,11.139433523068368,6.020599913279624,-inf,6.020599913279624,17.24275869600789,15.68201724066995,10.0,9.030899869919436,0.0,20.644579892269185,17.16003343634799,15.314789170422552,36.55138434811382,34.099331233312945,30.507663112330423,26.19093330626743,22.30448921378274,23.521825181113627,29.143431571194405,33.57172257723033,36.5991620006985,37.049222912234015,39.02274920474502,37.987887139512495,40.686681432859004,39.0074935806108,39.414120403735495,38.127128667653686,36.399842480415884,37.3559889969818,33.67355921026019,33.13023110323238,32.73464272621346,27.24275869600789,28.382192219076256,28.692317197309762,31.5836249209525,34.583356259919476,21.072099696478684,36.78062904974345,35.70776368794748,34.76686742945645,33.07282047033346,36.78518379040114,32.87129620719111,29.585638832219672,26.702458530741243,24.653828514484182,25.4282542695918,23.820170425748685,33.94801777162711,35.49738731264899,35.848963441374494,36.04334073102911,36.53694795315082,35.9955559098598,36.73665876245702,36.06488850442648,36.20864475265121,35.150786750759224,33.98634324538392,33.19730494330224,28.457180179666587,31.156105116742996,30.86359830674748,49.73741899787402,54.793924563094365,58.197419549954894,60.53712127760186,62.39211860451129,63.62303932468221,64.63649656222944,65.25036639630984,65.51917832396433,65.48610993069765,65.14878328117689,64.36142284038219,63.17069376164732,61.40604821473129,58.7427592839464,54.95547112582195,50.62123006484734,53.19938439980309,57.44816168776603,60.366436643167624,62.40745135804566,63.77341226396613,64.57368611548132,64.92528237784461,64.93492904691439,64.48198160924454,29.0848501887865,62.572716831335946,60.73994598367129,58.148366908252285,55.43229667726184,55.40231841426515,58.27522412408385,61.123009560131095,63.49180358996378,65.22392715039219,66.46848674566098,67.33088878652877,67.81308719033184,68.02159396941549,68.00197607158312,67.69668087848873,67.02865044341914,66.03843554302779,64.54000746997926,62.39910315707975,59.15159666764367,53.94399142025591,48.662282473796466,55.0096335063806,59.64695591974453,62.51562790206522,64.31371002340035,64.98654681959135,65.37612598757123,21.13943352306837,24.62397997898956,20.0,18.573324964312683,9.542425094393248,23.05351369446624,17.634279935629372,19.030899869919434,6.989700043360188,19.030899869919434,12.552725051033061,18.325089127062363,23.443922736851107,21.072099696478684,23.180633349627616,-inf,23.180633349627616,13.979400086720377,18.633228601204557,20.170333392987803,11.139433523068368,13.010299956639813,21.73186268412274,22.04119982655925,16.532125137753436,29.030899869919438,24.593924877592308,26.11723308007342,30.72249897613515,33.15760490665735,26.11723308007342,29.429995933660408,21.64352855784437,36.90196080028514,30.4688519083771,22.55272505103306,38.721562727482926,35.477747053878225,36.15107987443194,36.48945182165673,35.12284063281854,34.601458174917504,24.14973347970818,30.9968064110925,24.14973347970818,27.867514221455608,25.2244423350632,20.863598306747484,20.043213737826427,19.49390006644913,22.14843848047698,24.487063199050798,12.552725051033061,22.671717284030137,16.901960800285135,11.139433523068368,17.16003343634799,20.0,19.54242509439325,6.989700043360188,19.294189257142925,17.853298350107668,12.30448921378274,21.958996524092335,22.671717284030137,16.020599913279625
15.563025007672874,13.979400086720377,20.969100130080562,17.24275869600789,50.31529645803423,53.50530993063832,55.114475115744554,57.00296916309132,58.27912447610359,59.09489703344542,59.48738075851634,59.50960869807042,59.509239163128186,59.48469694235495,58.32330048739167,57.35606882979251,56.683579569177724,54.82909297147025,52.218235598058946,46.364878963533656,43.23252100171687,47.29844867690134,50.258381642297,53.274856277066874,55.38122365885619,56.7703451124995,57.4854307268179,58.28874413372651,58.34380642459998,57.43057988996399,10.0,55.51257206512783,54.9789812293798,52.82295759692009,49.17663024327375,47.93378237830888,48.82740777563016,51.50366474024704,54.06420945974621,56.018601699038356,57.02813821715403,57.55844377797332,57.994908031366734,57.993184894910684,57.59717691282499,55.89879260019356,54.183576464890876,53.501898499993345,48.063495871404676,42.74273337758417,40.76640443670342,45.53785966752555,48.68203455637116,51.65926549609097,53.76956342778635,55.735074823807764,56.290832459166666,0.0,11.139433523068368,15.68201724066995,13.010299956639813,11.139433523068368,3.0102999566398125,11.139433523068368,0.0,20.5307844348342,13.010299956639813,9.030899869919436,46.107133821919504,47.279720846034216,49.521189340813706,49.92367920008414,50.09790719354298,49.799351524331115,50.14091913026181,50.157326860641405,49.95042570695854,49.282729213273925,49.39688943743026,49.09582770688917,49.70779095629972,49.8395087195422,49.674075565974725,47.67638147621918,48.619464068375436,49.07174799363358,51.91308461994729,52.399223137183725,53.12568722342523,54.072702031270474,54.109408008809716,54.766070352762,54.86494236822351,54.45573069936769,19.912260756924947,53.03457419716396,51.649146953371066,49.524824679356726,46.098610929805474,41.092747382302946,35.80354661106591,41.98712057460401,47.546082229424,50.29748918566837,52.26218280117065,53.6292144819949,54.478337639229615,54.84392384047533,54.78107430313166,54.14125646953737,53.22171726542834,52.18860972805922,49.68006364173257,46.67910355582737,42.02924027637802,43.060602815276,47.17637222456485,49.609176853134414,51.297188871537614,51.829450693524365,52.43219173752429,46.506959797606115,50.574911339383135,53.92965886395171,56.213030190865,57.95903642321298,59.07558608938179,59.84849876575835,60.284838156949704,60.43471132768401,60.40123086143914,59.68718711122428,58.76370278919488,57.47403261757077,55.36682148379465,52.119744014139606,45.74922104783855,36.74769314015426,47.9070728732768,52.806352710536345,55.905576343393406,57.93360765340172,59.20562618409665,60.09012130293364,60.573636657782856,60.66663164782668,60.41248159494552,20.969100130080562,58.78872076999177,57.401431178778886,55.71636637449532,53.593990721808865,53.31680308168973,54.65932807742469,56.834721143671835,58.88024401187308,60.30344655910713,61.48036283973368,62.373549499189025,62.990365761599925,63.143261493477695,63.06181754518013,62.65478674922346,61.86663977792564,60.74020968300006,59.04765840481838,56.72651922840003,52.69419537511049,45.969048408813606,43.723595825243244,51.629376079569184,55.83848029250187,58.127990887555654,59.890602909094206,19.084850188786497,14.14973347970818,11.139433523068368,20.253058652647702,17.24275869600789,18.692317197309762,18.633228601204557,16.989700043360187,20.5307844348342,15.563025007672874,20.681858617461618,54.49640361596253,56.8534039047088,58.699354106468604,60.44033049318742,61.724184336171646,62.741747124986134,63.22659570177887,63.42868590702735,63.286445849439076,63.015512703739034,62.09314710346736,61.000412526673784,59.46142646161121,57.09243665006045,53.56503891894005,47.21480854770049,49.0074935806108,53.944744456661134,57.092105807178434,59.39644031956326,60.90376576923838,62.18976665006161,62.81313635483017,63.163935238853185,63.01971393641917,62.610431673088875,42.416460780013885,60.34205184242256,60.06296998201235,56.93914165092789,53.40152504225422,51.37496531541338,51.368631952055324,53.97913950221362,56.849503333671066,58.77590741634006,60.065229460739324,60.88241370192351,61.588670662035526,61.81616381079169,61.4926007608947,60.67457715620406,59.72638303470093,58.736472172523406,56.20779209180515,53.24177470957476,48.360708089151416,43.67355921026019,46.70996866872022,51.39504424524908,54.72244352673472,56.96986837584365,58.074978205614926,21.072099696478684,19.49390006644913,14.62397997898956,12.041199826559248
18.325089127062363,10.0,12.552725051033061,18.573324964312683,49.07953889866881,52.560872489157006,55.59966441093215,56.839615170799185,58.225296228854575,58.88589436177581,59.42873297817183,59.69946806304058,59.623944359343504,59.36176832545681,58.85802641443629,57.83814997022666,56.53653340145222,54.59888325727013,52.14525955281105,47.93014665193394,42.95127085252191,43.98582289334715,50.03813683600253,53.1194448508462,55.27785806511052,56.81987040275432,57.38911302651634,58.08572846755609,58.313846798735966,57.79637610217287,21.613680022349747,56.18441399833464,55.480256132749844,53.51796306897023,49.87496445820455,49.540204799584274,49.89472065789536,50.883062279010176,53.75085388966766,54.96438368583961,56.40736770779735,57.18137825233743,57.70340862872896,57.65927713233478,57.305311518050594,56.58950556426768,55.34230506519994,53.43205678690124,51.02121422834373,47.363725955003815,42.928096654172904,44.76092206257591,48.20418224108697,51.66974490887897,53.77659518128727,55.039662713439654,55.71447943909716,16.532125137753436,18.129133566428553,15.314789170422552,19.86771734266245,16.020599913279625,-inf,21.613680022349747,18.633228601204557,16.989700043360187,17.634279935629372,13.979400086720377,47.13591334758473,47.52048447819439,47.80936262669053,48.75871190727366,49.28201195546029,49.7222598778777,50.19053947051712,50.289167615762565,50.53159145578767,49.41561120236071,51.18568923354479,50.8312979791912,48.19280646972481,47.86304124030052,48.36640541572774,50.22090042402987,50.03637143751022,50.41116227969485,50.335684961921395,51.71351950856548,52.33922125294096,52.8811726229935,53.929817008063765,54.038837278189234,54.34415596572972,55.02788881339714,18.129133566428553,54.28751766760611,51.936865902544895,50.181052239269796,49.546717662183184,43.0330407743893,31.920095926536703,37.49736315569061,45.27836045164709,48.440358226855594,51.0620790141298,52.86099276244404,53.9244544680072,54.600630151567714,54.576351716101186,55.3780902435983,54.8170771088358,53.2049524383563,52.8347536397098,50.98093155281372,48.48367726215781,44.14388326931075,43.5395467937171,47.09829433186508,49.024815487110345,49.965817140028754,51.34957625662232,49.85102990633706,53.15235409617727,55.824326972004606,57.491865311095495,58.85232835370354,59.6363910322905,60.255884744184776,60.357198380461966,60.31054824800534,59.78109727104547,59.07187706036158,57.70498543514734,55.3078988625212,52.40574207018384,47.24275869600789,40.90963076595732,46.21643572194573,51.8822517270528,55.23564389045694,57.401707678955276,58.830916532275175,59.60806476786932,60.33559250311682,60.31832451831845,60.065960971803996,59.6616145160838,12.552725051033061,57.183820961015606,55.22607226370647,53.15668122423216,52.67453341607674,53.87519739271489,56.359760701938335,58.56762714505169,60.22009134528221,61.468016001571954,62.43678842537253,62.96814316295745,63.214577849217335,63.13019941820809,62.851577093163286,62.363986883595274,61.29870595849515,59.9511943794781,57.85822941972619,54.977656205604845,49.43553868726991,42.11547681181248,48.571213297287215,54.1653400061339,57.21481679483436,59.18791782260385,60.608054565211525,13.010299956639813,17.853298350107668,10.0,6.989700043360188,9.542425094393248,16.127838567197355,16.989700043360187,6.989700043360188,6.989700043360188,20.0,23.54108439147401,55.40379534670117,57.850820028688055,59.92131388809267,61.15128693455716,62.30855690301098,62.97425417195272,63.39647177540684,63.53709512156221,63.28067125254105,62.78385208746397,61.87080563191836,60.61043627654356,58.52668431675251,55.64005244807177,51.803925659630245,46.21809598806646,50.18242667457909,55.09327548874018,58.13634354810813,60.113559921169966,61.478345578847865,62.48597269527097,62.59545382350021,63.3252430034087,62.80953322354553,62.100835144462096,37.75246259740236,60.41838595038754,58.72939627688338,56.57790852700403,53.18265819313804,52.057888059837325,52.13491193830335,54.70851324526117,57.11622509196932,59.15437827721367,60.2605908138569,61.228375394886044,61.56142529239233,61.557176237391175,61.39768925279731,60.8866649026353,59.68539449859371,58.43796309752523,56.255933136629366,53.12120208669198,48.05833757604704,41.99810008953807,47.82587274241372,52.59546099087022,55.43855808624453,56.9284691927723,58.06750289443446,13.979400086720377,16.532125137753436,13.979400086720377,20.5307844348342
13.979400086720377,6.020599913279624,16.127838567197355,12.041199826559248,50.127908412642554,53.20437103682864,55.0584429418626,57.04816896267146,58.006194884950986,59.046814710249905,59.37909382936666,59.80146142320437,59.68423170575911,59.22449331204871,58.81709827851377,57.86377285231844,56.285850846646646,54.325796934490654,51.58956225036678,48.83332041250597,45.28736777724652,46.46599751720373,49.84527313343793,53.18182332050292,54.919846695294126,56.454350425283664,57.58284966542982,57.86292047695195,57.96455683847191,58.395949329078704,13.010299956639813,56.95945493397065,54.644925281682994,52.588527006423035,51.33385600908991,46.12232694614741,47.39105365346547,51.15547276456635,53.19033150039683,55.391225382052525,56.4118051547304,57.261050625063874,57.504312486602025,57.5165471403924,57.25967956310302,56.41181507682355,55.5950684230632,53.16024891096777,50.16402318910859,45.621500592328815,36.35986111800833,40.89516544224821,48.65991800126275,51.68709570145828,53.74867439980343,55.09068045017162,56.048921084818986,6.989700043360188,15.314789170422552,13.010299956639813,18.633228601204557,20.170333392987803,9.030899869919436,14.62397997898956,17.24275869600789,12.30448921378274,12.552725051033061,14.62397997898956,45.33365272749635,46.82145076373832,47.90285164033242,48.75483771100341,49.52332244169088,49.740324610220554,49.4299959336604,49.76226139268033,49.52913467005278,50.69172111409646,48.418160530893346,48.832127163102605,51.158167941542025,50.74304344001435,50.75711159354416,48.29027023001764,49.067658895407284,49.32189553815486,50.8224665474367,50.889861189479134,52.28836487527934,53.27060445979236,53.57807206621288,54.63869109595023,54.82536303010099,54.157243617687165,16.020599913279625,53.07095789158914,53.24556118659735,51.804355652748015,47.250290857217095,46.30478726202636,39.37317247762494,32.55754786643044,43.34956116136852,48.747890202045966,51.150643884059036,52.879024566592044,54.1000916045542,54.983725914272895,55.43105326022693,54.50141291342469,54.09165247635058,54.0514991832877,51.30057018665745,49.13628443215937,46.20396345351284,44.592265797087684,44.26267207139606,46.063813651106045,48.261785024343425,50.597375551399665,51.50332680972529,50.206347026276035,53.599454643949336,55.598874821577255,57.63381566498899,58.71550753271982,59.76537964434474,60.17112256798398,60.37449208159185,60.19226408578813,59.85538738393282,58.78922012167608,57.463266593917346,56.002244809916284,52.93623274141254,48.30877247110405,38.99218417851373,47.1281800020785,52.01293318265697,55.31522344319118,57.42935552149244,58.808913011827535,59.756822024424345,60.10514082275633,60.53211017579339,60.30134012287374,59.47057595326129,20.170333392987803,57.03595707597012,55.64812776568451,53.778342244705485,52.208400158341774,54.13173984918746,56.48895473264914,58.4691146091539,60.26260672483424,61.501519971394686,62.24513639341613,62.950628057926124,63.331208768084785,63.337406012938644,63.11537719293323,62.23659971017582,61.38177919282383,59.87066238274723,57.65677493833025,54.33507418399002,49.410590140248615,41.73186268412274,48.778088758071576,54.03635189790548,57.12355022085704,59.180187974062136,60.64069946020396,21.5836249209525,27.723217067229196,21.958996524092335,16.532125137753436,6.020599913279624,22.14843848047698,18.129133566428553,20.863598306747484,19.86771734266245,17.634279935629372,16.127838567197355,55.59045557850347,57.954879330685614,59.84461151528397,61.42417312638816,62.242128563500245,63.066319383400746,63.33452917265426,63.55450179118107,63.31319164993633,62.72947995339585,61.917329069570854,60.58569120652395,58.49803167892651,55.52144801030777,51.07932062172105,47.77136712504173,50.90628333058494,54.89267838039679,57.91581886380132,60.06757755917639,61.59033922876168,62.267035049456396,62.685117462850314,62.9275787893683,62.21542029427162,62.67090026405016,24.60897842756548,60.44276673865517,58.562333066511236,55.43375102341321,54.02435065513145,50.600629288882416,52.728275195181496,55.238764756381315,57.441129679262524,59.198335259710255,60.35609822977708,61.02516371565393,61.537895678590466,61.702617153949575,61.40660427895312,60.8246365791915,60.04669100118609,58.194366647184104,56.36136708051051,53.41632335778054,49.06216483705832,43.808802634660104,47.38177834224438,51.50283522747662,54.96477137583102,56.991827565121234,58.17836305939381,19.030899869919434,18.325089127062363,3.0102999566398125,23.673559210260187
9.542425094393248,12.552725051033061,18.633228601204557,13.979400086720377,49.45473509077624,52.953383479510016,55.23414768039522,57.039856939850154,58.17036226050029,58.98705988858759,59.432510844997054,59.57742294787542,59.481243183633495,59.481159985597515,58.485610341036434,57.65615661472624,56.884135923240684,55.077385154065325,52.438438475708196,46.937709036306224,42.11867760656665,44.955582125478685,49.813881752136666,52.89020073483047,55.08890471179183,56.76021991315043,57.32436382930463,58.22943100158532,58.40116763409802,57.69386927718748,12.041199826559248,56.134781725860904,55.63919904493979,53.79185820940637,49.574396658867116,49.4824175740912,48.79239282004893,50.3847709537433,53.326908833356164,55.24293541188517,56.439114044375785,57.240037357386555,57.85774581062849,57.865526798563856,57.59529603750665,56.175894908435744,54.88561996730102,53.76522210604112,50.052877854404514,45.75741909831947,41.13742862429349,44.02398958913232,47.35678725905905,50.80453311742305,53.27720525571824,55.36651856337447,56.039677763473954,13.979400086720377,18.692317197309762,10.0,6.989700043360188,17.24275869600789,0.0,6.989700043360188,0.0,6.989700043360188,16.127838567197355,10.0,46.27335127122439,46.55455392526795,48.27743948885873,49.01752473978291,49.55711796961274,49.751789709408776,50.43173584228276,50.36093680956779,50.7023741141393,49.39823651243017,50.77531416354595,50.372391929623404,49.17452991929664,49.1221142495842,49.37768567049936,49.09454396720206,48.91721394555215,49.33917319988705,51.07440627328357,51.810227962538875,52.524088044779795,53.36891811965544,53.70287279192028,54.26592582305156,54.527016323984164,54.89432510129226,19.030899869919434,54.15754375324313,52.20173488910881,50.39406186784391,49.20358157642363,43.979400086720375,34.66125870418199,36.644539285811575,45.10451171014565,48.24496811639317,51.096460310909734,52.9902981357385,54.10574796542328,54.670098914859224,54.88846725473783,55.15007038434917,54.67497113254733,53.29530080040292,52.73059174134606,50.764511038861755,47.756322895936805,43.2888903983956,44.73778834646724,47.057696619572184,49.415760254081114,49.9158045717434,50.80716654986472,49.77874439281332,53.188143487606595,55.8376197092244,57.649953610323415,58.94376438715191,59.71634364856798,60.284411075066956,60.435685680267035,60.346497096671854,59.80632755996315,59.000447024025874,57.641738899001254,55.55493477406603,52.58206126068828,47.64781181516568,38.75871190727366,46.70477786047275,51.884362856391476,55.2576630299336,57.42280399736395,58.74554290704541,59.7073031820122,60.10239303858867,60.33456728445877,60.21183094818738,59.66971967019827,23.59835482339888,57.28285588375083,55.33996898135145,53.29025467320012,52.47924190766308,54.13435564673517,56.51868950246535,58.65995347786246,60.25674858774353,61.52012081944413,62.34129636869654,62.998976178364686,63.30623158335804,63.26051632824935,62.98235677716156,62.39496181239101,61.386342146622674,59.95395169613225,57.86377285231844,54.72829556712706,49.638114296651665,41.67080919673256,49.05212833217106,54.10832886968038,57.26815199744597,59.19712326878422,60.677320282440675,12.30448921378274,16.532125137753436,18.129133566428553,10.0,9.030899869919436,19.030899869919434,18.573324964312683,21.613680022349747,18.129133566428553,0.0,16.532125137753436,55.50250373062124,58.00566560918239,59.70477981753592,61.25853265800682,62.306787811464744,63.032723223417555,63.443329226010604,63.46760472267739,63.30508942412594,62.820258798508135,61.8111295897011,60.55361892100204,58.68694388202858,56.03795866952702,52.04906428902569,46.00406528724327,50.45295589982737,54.92225220884342,58.098558765326715,60.067829829377516,61.373645571036405,62.45494160552689,62.80155022879985,63.063975749824564,63.12323789733348,62.219048568389695,34.00710636773231,59.57053891491837,58.85314282023751,57.34999734992562,52.824702984995255,50.59108817913594,51.33312121900839,54.80497045181046,57.610086867654346,59.05232280738371,60.282865094262775,61.19923647935592,61.68182697483193,61.68914783164422,61.513689307804,60.58099421562527,59.799765399963405,58.45451535902862,56.001906793008175,52.92118670756878,47.67192983682469,42.82984440133955,47.72922847034562,52.08981201411852,55.0848797082851,56.96749435201623,58.14322192058145,18.573324964312683,20.253058652647702,11.139433523068368,19.294189257142925
22.278867046136735,14.62397997898956,16.020599913279625,9.542425094393248,48.93900403553743,52.65237752629457,55.47617198943898,57.182109547318696,58.188656435302384,58.96430309387825,59.5723747657814,59.711612281256066,59.671307970524296,59.28490587771378,58.77530289297029,57.894961011016704,56.35392253849798,54.54228791777304,52.02828753294429,47.5332255728171,41.499884564914765,43.668523695122644,50.49101678208557,53.17231533110813,55.44505840618997,56.867881564068796,57.55203847841705,58.39863147955273,58.4789640861558,58.1891836436694,18.692317197309762,56.67185756255844,55.62380904276468,53.80104464526238,50.76254394393521,49.97373276720177,49.33249322425073,50.65030431240173,53.364137001965474,54.61979975540594,56.01401536282144,56.898414091375045,57.39234428424226,57.335583580496426,56.93214988603422,56.310376965367404,55.110607636407096,52.67514333740617,50.449511261623236,46.36287252098513,41.80584596602956,45.37831683136692,49.162854622544586,52.082047950273385,54.08796048951729,55.246920426143554,56.022000287185605,12.30448921378274,12.30448921378274,18.06179973983887,9.030899869919436,15.314789170422552,3.0102999566398125,14.14973347970818,6.989700043360188,20.0,18.692317197309762,13.979400086720377,46.45422269349091,46.67910355582737,46.96120389995245,48.31447427071039,49.118285148567495,49.90662900503155,50.33604673832371,50.91909532099409,51.127993182412574,50.0208394856988,51.74469765022452,51.71305115291876,49.14750282615469,48.742324181624156,48.97550120891006,50.8036669825053,50.5307844348342,50.55087685015685,50.031329643539095,51.32784625069314,51.802692776688744,52.467471703088364,53.433573814578125,53.62868719475888,53.80914590832364,54.48887109509794,16.989700043360187,53.756197251430315,51.4563762655143,49.43598378020126,48.60565577148221,40.74304344001435,20.170333392987803,40.16531940957265,46.34074025487468,49.22808469315136,51.55463573759529,53.52452661753016,54.323406315243474,55.01500182870621,55.11975555251679,55.668333034833296,55.254387343640005,53.427778673872474,53.550145154120656,51.53613670830815,49.02943387864306,45.229265150460584,43.99500661314611,46.034583374090666,48.60799012495387,49.29786642970103,50.37713276654381,49.75753389036288,53.16494539222311,55.81610642202622,57.6090476496295,58.98060619578753,59.85324512945014,60.43887829599132,60.61353318940669,60.552471821668014,59.88614689247239,59.375630242026325,58.090834129265296,55.932384249616696,53.08611361778343,48.799097770925506,44.72302908574988,47.32305283416715,51.73165864836526,55.07126940370548,57.08803182944582,58.555585250706415,59.42696422323786,60.00411950023942,60.003620506437656,59.724194685819185,59.3049872003749,15.563025007672874,56.67849707421799,54.12702408138044,51.79373670927206,51.703556067545065,53.76593379646579,56.37291549953328,58.743060929302885,60.41740770838007,61.809434948393296,62.62545295309765,63.20137974175401,63.42636024927611,63.478360394518745,63.13539267488175,62.67097070286135,61.650471716507916,60.272309251800735,58.29304416229781,55.35761083670969,50.81149201296273,44.25550522537713,48.049840189657644,53.53161953283723,56.823626205697806,59.01552580859375,60.43699364061192,15.563025007672874,17.24275869600789,19.138138523837167,3.0102999566398125,18.129133566428553,17.853298350107668,21.13943352306837,21.702617153949575,-inf,15.051499783199061,15.563025007672874,55.45950039576435,57.900014073729494,60.01528196182554,61.43633307364003,62.47065698324194,63.18418142209944,63.60498365750171,63.686947627271245,63.43810401085699,62.89364390109227,62.13097337133224,60.78756153304373,58.69499843134133,56.14906702944897,51.9083015019632,45.81426233724123,50.21408459072693,54.640302700090714,58.18902548787919,60.06505405088318,61.223207518238574,62.206730880552634,62.86438953897598,62.905699111897846,63.35972129778263,62.44639500294677,33.18063334962761,60.42545980986351,58.9077859159477,56.180993718287134,53.2138506222023,51.18046366285344,52.374884425012844,54.83223449711461,57.08972129650597,58.929317609418504,60.30228814561296,61.168563628476264,61.71111279443337,61.562661923343626,61.35631882523456,60.865854627914196,59.884697702098755,58.26927645118349,56.36848822579147,53.352291588401144,48.32560003169433,42.377698743010185,48.47060333748901,52.60462554052271,55.170123730598135,56.825105966601015,58.05422691710631,12.30448921378274,0.0,13.010299956639813,23.117538610557542
12.041199826559248,20.827853703164504,18.325089127062363,10.0,49.24206897615693,52.812902298924726,55.03846497883447,56.73619838774741,57.95922402417151,58.85685123613919,59.24466405985899,59.5864652986296,59.529245995157936,59.36864454476989,58.596887754397514,57.720758793049896,57.036730455091856,55.27662117367916,52.986893667331174,47.94662287175811,43.44038405543933,43.41256417431258,49.18161444553998,52.15447203994175,54.7150440457534,56.37203441112595,57.14686774061179,58.18033784726208,58.40632953024591,57.81669225054163,23.654879848908998,56.40812249302718,56.21568839506914,54.76498319418576,50.70942474030112,50.50228906514935,49.3379088414342,49.59356260962807,52.516795798579764,54.36938275283285,55.5634713429541,56.50588217872986,57.31043742318413,57.4459414602065,57.357840740384454,56.184257163687114,55.184007453535855,54.17327181132359,50.797960611723596,46.99360693585929,41.287222843384264,41.802692776688744,45.258478330590215,49.680905053111566,52.41957172756818,54.8452191350701,55.686064856500465,15.68201724066995,16.127838567197355,6.020599913279624,10.0,0.0,3.0102999566398125,12.30448921378274,16.020599913279625,14.14973347970818,0.0,10.0,46.41682283985219,45.71475903681944,47.17412512040675,48.35240193398982,48.64255887753539,48.96553773371796,49.861354971497995,50.317476874233584,50.617238283505685,49.9565712810842,51.65686410527931,51.447422890728134,49.887818434536406,49.71396469342103,49.709648642347744,50.119297402181246,49.814788279263894,49.50773638795716,50.324092176074785,51.072947845064334,51.694775170932836,52.29233753049047,52.705227881114105,53.641324452663035,53.9079385015567,54.406131574903384,18.129133566428553,54.228343283817814,52.818625097374614,51.51859955512512,50.79651477073845,46.79109782081773,40.93981703914113,35.74494268285327,41.07277822859771,45.13550520346337,48.72191248076707,51.43420785129937,53.21426501149486,54.34755674361778,54.90626974933804,55.283728493477035,55.3844930871124,54.24335976852041,54.10017608203053,52.73198107616179,50.61456248988208,47.34783833180738,45.27913324054899,45.381336872506694,46.41335272726408,47.20663619305731,48.95560658453326,52.480051625253225,55.19750574868293,57.05676446538625,58.560427795241964,59.33453373085947,59.92182685017465,60.14715801368108,60.167497025118735,59.75388147080974,58.770538608070154,57.83333193367551,55.889492378403034,53.04544380397018,48.88095211261547,44.25941588018895,45.65706177812806,51.320835019057355,54.41784655475223,56.89373687612368,58.302870596854206,59.28889786097673,59.69017315564045,59.888090277884615,59.70609512413211,59.14787275106086,58.425343547958406,6.020599913279624,55.102983037750974,52.92887112304355,52.49638545540417,53.31435395176829,56.08237120972169,58.40651130780494,60.02124574928983,61.40566489737321,62.18834996851057,62.8333221631886,63.25059784410411,63.30829603970468,63.08098283966419,62.57507702766659,61.75981223848551,60.63537883380535,58.5907822474697,56.283909737842414,52.30155034520514,45.841615449428666,45.95099223134872,52.23340158878378,55.97371537904871,58.37919713895677,59.81131979018461,60.95108301731911,15.314789170422552,22.09515014542631,23.69215857410143,22.671717284030137,17.24275869600789,3.0102999566398125,15.051499783199061,15.314789170422552,22.576785748691847,12.041199826559248,22.04119982655925,56.84831901896112,59.10531560518686,60.52204748632497,61.87656346180358,62.573007423212026,63.221704855637675,63.44011853806174,63.387054443032554,63.02767601533557,62.33160907845583,61.307279932443414,59.76599844273474,57.834747875822465,54.708366372814254,50.5065811051804,47.65497186938374,52.330900703783136,55.86715548872214,58.65630378263597,60.45728522152625,61.58844773634988,62.47028323351135,62.668281477600935,63.342013446809354,62.58185036320255,62.062541733743245,25.31478917042255,59.62877215228153,58.58087632584219,54.52646499256084,52.26293084427937,52.01615582313943,53.99334458650205,55.38576247077835,57.84024993322423,59.45516837393622,60.42126417483153,61.16017991519476,61.54724862021598,61.63392777958868,61.4264533661267,60.37567521139558,59.591010440596534,58.19665652543165,55.853219587133516,52.285876912091155,47.582531418262015,43.726911191057695,48.284858861449855,52.47916828948654,55.27208288882329,56.91733770528596,57.99729861228392,19.86771734266245,24.955443375464483,22.14843848047698,19.030899869919434
10.0,16.532125137753436,15.68201724066995,12.30448921378274,49.91265958048304,52.98320247907426,55.32531443382915,56.81448382625817,58.12813123273506,58.80045469338954,59.27676212186619,59.509472557276204,59.339795129170405,59.44496983891596,58.35752699689532,57.473884998648124,56.650873219962875,54.93734015649473,52.35189969340585,46.58097292565206,41.279466428489016,45.20431126021541,50.012013326362506,52.95804522668239,55.2513036110435,56.91259242282215,57.48318295811427,58.39429021496292,58.60626042958168,57.890163267933744,19.54242509439325,56.31038712191497,56.26920066320092,54.49203696278253,50.77894554033601,50.292092130486395,49.22642430801514,49.754547864454025,52.77017529232658,54.314683039512715,55.69163149570084,56.43945912748067,57.05679012368377,57.231772731258815,56.84072994969725,55.30539058316195,53.84711742938283,52.797604532758065,48.07758206196254,42.36058366738554,39.63457260116708,45.72278978298784,48.29464592859488,51.59148938341893,53.78125245619373,55.6447194922852,56.2998420024357,9.542425094393248,6.989700043360188,17.16003343634799,15.314789170422552,11.139433523068368,11.139433523068368,3.0102999566398125,14.14973347970818,21.613680022349747,18.129133566428553,16.020599913279625,43.615956393182344,44.67474911384599,47.35598899698179,48.49542252005016,49.41635640981282,50.008373805375335,50.82936091004785,51.4104194093905,51.791868534933,50.90906716801746,52.27580791907819,52.20003426156936,50.835921927875624,50.853940543157805,50.553056880185984,50.70555015835032,50.182218454762726,49.646649711142814,50.54570925182847,51.044461382021325,51.54490922954679,52.18346412045154,52.64614790093562,53.15124010828784,53.322869354102934,53.745027261001454,17.24275869600789,52.925152412261355,50.7468847308281,48.825074618204106,47.555242309071886,39.757993096794074,35.640739789771466,41.38397442990546,47.619052965994435,49.72411138648832,52.13539006359354,53.891979905421735,54.78306706922567,55.32623179318716,55.56476183825752,55.64539425873217,55.22831404601696,54.27137040173719,53.33497653765051,51.66471557828582,48.95466746790746,45.04130905935453,45.07990724819692,46.33963067531229,47.7496198073286,48.92539804658635,49.85538738393282,49.06685138141586,52.60264629893412,55.62216707514186,57.40717876059285,58.78044728783066,59.594349424668664,60.23035052158065,60.472316305346936,60.369042337911985,59.88455498643057,59.25234716231713,57.93595536871278,56.26439945945654,53.95169074827421,50.66687376321735,47.29820597519296,48.65234302677487,52.165617350479266,55.1450657906047,57.05045647948851,58.370913664443485,59.179490300866185,59.676139577602065,59.72344030581982,59.35882451036602,58.79916648605108,18.325089127062363,55.84920063084325,53.46049644921494,51.032630812115315,50.25715383901341,53.37708784125388,56.46476265969717,58.709449729393086,60.527804844605896,61.69993132732677,62.651210152002584,63.23834551185091,63.51998145100447,63.49486754536089,63.179123496287346,62.707396098331756,61.733552897454935,60.41211033117718,58.54009527024847,55.9260417711641,51.737688231366505,46.808882296802366,48.36640541572774,53.54417715774715,56.57105592988911,58.60086342382051,60.0405168348877,11.139433523068368,20.681858617461618,20.0,21.13943352306837,16.127838567197355,9.542425094393248,13.979400086720377,20.253058652647702,18.692317197309762,-inf,22.278867046136735,55.81576498391477,58.22633519133311,59.92115468064369,61.37510138135517,62.470797131098905,63.146981200313554,63.55315482465272,63.632674157565035,63.41376153060075,62.92447473271175,62.065811455406774,60.691843327834896,59.01825436553484,56.41007836530388,52.669369111591735,48.22253098579733,50.10469569796392,54.40135790434609,57.760208861664,59.74331121336105,61.14118705057606,62.14892835820788,62.3365517892167,62.81061106637627,62.95289282549292,61.99827827765962,36.78518379040114,60.17567943998068,58.597049730595685,55.28974516700273,53.615049668903424,50.75711159354416,52.44457729949432,54.86573567001636,57.51236750505959,59.167917771904676,60.422418871141815,61.118973563762395,61.55094526889912,61.68846782131736,61.39176724053592,60.59097446814776,59.61288174870197,58.44725627973226,56.10568610976344,52.910178982169136,47.74641032143307,43.47544669645012,47.93860201342669,52.18117814561434,54.93845466799935,56.742960986775984,57.893755018483766,17.16003343634799,19.86771734266245,9.030899869919436,16.989700043360187
19.294189257142925,21.613680022349747,20.5307844348342,22.671717284030137,50.382902430534024,53.167919997730564,54.97627554249168,56.695177069483684,58.01105158608194,58.8516325425637,59.35138815762287,59.40616082337407,59.23538285579376,59.43947864671091,58.40771460870843,57.39687033676454,56.742813885801326,54.86209378735512,52.1916522183034,47.523020324948874,43.52664799651101,46.62086989741682,49.226268614358055,52.73871305202821,55.10786217922839,56.45756213603842,57.60701367746521,58.21762373995989,58.29551410919515,57.81974261329438,20.043213737826427,56.34099239251701,55.588776964981975,53.78401535196379,51.03406861260928,48.34598708858561,48.000568889250985,50.11697288114142,52.624819401552344,54.98345020237927,56.28414476033196,56.89409205968359,57.333353183023945,57.41411624766546,57.07267767814063,55.561697793976855,53.9578403980201,53.44951975888323,48.10837151140488,41.43701629424769,35.78524605274993,43.20250171886434,47.47722462035508,50.93568759999676,53.37163640776994,55.591941808851004,56.28577934750277,13.979400086720377,11.139433523068368,17.16003343634799,3.0102999566398125,3.0102999566398125,6.020599913279624,17.634279935629372,12.30448921378274,20.863598306747484,20.0,20.374264979406238,43.328422669943514,44.684950245070695,48.21225213158303,48.556160585480825,49.376031377636195,49.513472344474636,50.12723365596663,50.348249073818536,50.56100280774327,51.09004507541385,50.47017720097153,50.36329416337374,51.412678646952614,51.25497531106933,51.236458737901096,48.819093737247854,48.75709326051567,48.77561380121317,51.164118024351694,51.10542575007003,52.31512915770664,52.987483093260764,52.97891764154655,53.988146649899235,54.14527131791091,53.60905675252311,17.16003343634799,52.75569320257055,52.25898281791601,50.50982631824794,47.28426834761584,44.137187650610784,37.26727209026572,36.77241845946654,45.71999816397063,49.49785083665596,51.68126082530378,53.33942752502977,54.540059381037906,55.26817255213138,55.46351383733917,55.22920001296488,54.54407297492472,54.29290293766093,52.08906039343678,50.37808827492338,47.35678725905905,44.63190984099011,45.136703091988146,46.83335270857296,48.471591423054655,49.88995707002408,50.565580392320506,49.74147709243938,53.156282300626394,55.793548049263215,57.48452400840421,58.96766996782928,59.648933978115075,60.1991722995605,60.407087252756504,60.216192445236835,60.05294220974125,59.050669490425854,57.74313274001376,56.280945319117,53.564274416923546,49.87777951819497,44.01676195809461,47.250290857217095,51.801316121734786,54.86986982612195,56.93023067923694,58.4154966730599,59.284962200430215,59.80020197326737,59.9479298777565,59.66518114649455,58.90847837290255,21.613680022349747,56.19453353465438,54.628829388173294,52.47396277579654,51.47224794264175,54.08782494404144,56.69845709557308,58.665626004439844,60.49046209710751,61.54079627065273,62.53309164500551,63.094811192361036,63.434424694218265,63.40490318142262,63.026704808768834,62.479185467172684,61.46723231498082,60.243842657514755,58.02212541654175,55.40535934611992,50.57609056229484,44.59588479232008,48.7046243158892,53.79125960162184,56.82722547722145,58.77796216660073,60.12595976698408,13.979400086720377,17.634279935629372,18.129133566428553,19.138138523837167,3.0102999566398125,6.989700043360188,19.138138523837167,6.989700043360188,21.335389083702175,22.944662261615928,20.969100130080562,56.09898415641638,58.203985227039816,59.84218471934731,61.274252153915725,62.37730937021604,62.96976103980629,63.44453581519752,63.495007382671,63.289831183011316,62.881391843998095,61.88533081785887,60.5129186036633,58.809032991122585,56.113068652867454,52.25735611624981,48.41265592625782,50.75473964588946,55.117791177935345,57.68715779003388,59.76865598130806,61.1254132715126,62.223348004880705,62.64082913440275,63.35457298895228,62.74742367239433,61.92144939699794,36.55618583541222,60.198325969893915,58.88095211261547,55.70623487033673,52.92043303581222,50.159797333616154,52.344970362117245,54.6834880760176,57.008568178913876,58.98449273101199,60.4125250386314,61.142432460052795,61.48148382163825,61.58306090469012,61.44338161239035,60.718091280496296,59.482784505991916,58.53943877533715,55.79556103881542,52.92331401620799,48.18760182652936,44.92927930139403,46.895042032949306,51.60720570869102,54.90555399613592,57.02240922070292,57.97093649698737,15.314789170422552,-inf,15.563025007672874,15.314789170422552
16.127838567197355,16.020599913279625,15.314789170422552,19.294189257142925,49.06862771404509,52.68963891903467,55.49695863083646,57.04700332223694,58.1863029876056,58.86221040466423,59.41090847888691,59.563259777694675,59.484740952715455,59.14671002380751,58.548966449725114,57.66299796849657,56.06270627400529,54.04575456906126,51.46267607903087,47.15485222041701,41.92734671903164,45.238764756381315,51.106334742047075,53.52452661753016,55.63335109440044,56.94227769062064,57.590102406388326,58.2461584784357,58.26091007416483,57.77633407516683,21.84691430817599,56.0011434322343,54.88993245727808,53.09206310648898,49.60946195733832,50.02170383073137,50.38047612654175,51.69747887671143,54.13743892269473,55.293597629431645,56.37929805023515,57.21409098709661,57.49583280944979,57.4069420599023,56.72884419477225,55.9684440812877,54.68007443259236,51.75677034171018,49.19810020170196,44.636093364034664,41.4888016912823,47.20266829679724,50.147304950017535,52.997817784511994,54.551266790039996,55.294816863783815,56.08086167962158,0.0,11.139433523068368,17.853298350107668,19.54242509439325,12.30448921378274,16.127838567197355,11.139433523068368,13.979400086720377,10.0,6.020599913279624,0.0,47.02465002893852,47.57046630481726,48.2473095019008,48.94504363851482,49.36940789752355,50.05395031886706,50.41838595038754,50.554738962300235,50.91519237186418,49.322149373485374,51.31907242774386,51.02519458368337,48.38880560211702,48.66795196116133,48.804705928037784,50.47765362535229,50.27137506101974,50.75638190146548,51.12688769397097,52.15658709334467,52.48564191671336,53.18171895013796,54.17313890251572,53.83544296002416,53.88387201534168,54.51824799066729,19.86771734266245,53.106933123433606,49.913146981766104,47.31508183596026,45.71813608721824,30.318122713303705,36.70245853074124,44.74463945321284,49.041743682841634,51.141103565318915,52.91781633636036,54.18181926815868,54.42368437437529,54.790351652333776,54.74689649296038,55.090223132431184,54.38997763148884,51.70686998313178,51.44739177044223,49.18182418124548,46.09743772302985,43.17059958740005,46.843066460716315,49.041418762097386,50.93004702438131,51.83204338591583,51.99864833732256,46.36738571385955,50.62454121144494,53.987123656558566,56.29830436502104,57.96636073564278,59.188320969292285,60.02361774268694,60.47077345072048,60.69845625657181,60.41471640613747,60.17991487756532,59.239120485978056,57.67744177725339,55.62863616239732,52.830591325425516,48.658380403505845,43.501316738725386,47.17412512040675,52.340817583826826,55.41561771978043,57.48034445733238,58.721446136795294,59.66406923521198,60.07061238069075,60.15696664042121,60.00126795477477,20.969100130080562,58.21091474755252,56.468005860724844,54.45643116806342,52.763055219579876,52.43305987753858,54.63155106571382,57.160033436347994,59.13095613647316,60.70398458496986,61.86940804500777,62.70080658196885,63.12296919113935,63.24121468930676,63.20706351724232,62.864198653085886,62.198508362765395,60.97429465865374,59.47618968281046,57.179133737549265,53.666881227812055,48.13247300897605,44.010039798994825,50.96228504818271,55.27323080091918,57.95388465351893,59.6301768837352,13.010299956639813,19.294189257142925,19.138138523837167,16.020599913279625,10.0,23.117538610557542,15.68201724066995,19.030899869919434,19.030899869919434,13.979400086720377,10.0,54.243016459832106,56.871944167262185,59.08648518736448,60.78831498197288,61.85753159939821,62.81198867846908,63.29612024256322,63.52354271739615,63.41487744649975,62.994053048796054,62.362663727497846,61.22377438542593,59.48069013147873,57.238503804147875,53.78784777635985,48.5487662739057,48.756457198482494,53.23627432453818,57.09693869727792,59.422983128855826,60.953817375146365,61.94133716520494,62.511467152229585,62.872078629087504,62.86090735948826,62.083136830457335,36.928469192772305,60.707635482020805,59.59202194680298,57.49876163692991,53.467147358059194,52.11080475343366,52.38781020170509,54.389724748756755,57.0032982075181,58.726980740676765,60.03402794679875,61.06115050649001,61.43379579357468,61.53548110387709,61.3025301438396,60.80414698694419,59.85125462548992,58.420404157185274,56.53472047801526,53.60138813577575,48.945375849957465,42.92300384859081,47.85785249373541,52.36751333029696,55.25534570518217,56.59274262471168,57.81509803231838,0.0,20.5307844348342,15.563025007672874,15.051499783199061
9.030899869919436,6.989700043360188,11.139433523068368,20.644579892269185,50.618293072947,53.41747025004417,55.19032151873066,56.79460603751507,58.25083870554148,58.98780013289826,59.46822043907729,59.598200377221424,59.44445656838536,59.40644463415849,58.34986253423671,57.45149771206777,56.37873820172682,54.34380455989701,51.44262773761991,47.25552292750614,43.79867289080878,47.517254893909865,50.06983464263954,53.62009092219672,55.28491191678001,56.882578213086816,57.814336622551686,58.15144565995343,58.23125218779006,57.956701155340575,16.532125137753436,56.27239851944302,54.816145922669364,52.42630861888769,50.338779186416645,46.6651798055488,48.06783495209124,51.52034421983025,53.524700223829115,55.75793817194338,56.84778058731051,57.36321589978885,57.68928027342528,57.52682132096206,57.08258540541071,55.62361870151922,53.87092482037254,52.7493795424565,47.4510603466555,40.086427475652854,38.85813374660489,45.068431363393515,49.834684151640644,52.40950909678163,54.196286660082094,55.94659896225533,56.49269612263491,18.129133566428553,20.644579892269185,13.010299956639813,0.0,18.692317197309762,19.54242509439325,12.041199826559248,6.020599913279624,13.979400086720377,0.0,19.294189257142925,44.383366232638444,46.3202176705472,48.8990649157748,49.4255368033421,49.732849104356504,49.90889145226802,50.10681493131443,50.15347179132089,49.87956591127648,51.05973185327582,49.32722296700044,49.062595994867515,51.37319290446399,51.16345361501841,50.82788959512213,48.418723108755614,49.03838499566579,49.565717910722356,51.41136090120739,51.7905747125471,53.131287138451945,53.832874312704924,53.894248113407116,54.65793155092315,54.63566025760813,53.64312677713557,12.552725051033061,51.95514979341021,51.70299861207934,49.558704714525334,43.048350692290065,39.96861768490673,35.42202782434028,43.63160530286105,48.29876020970869,51.10848863002503,53.10310879919341,54.23969640928973,55.157745272157854,55.493221182942975,55.486657552582315,54.296650894587415,53.27632709066795,53.31945306289032,49.58052366378328,46.676116982004785,42.88539850670456,44.352868122401276,46.63936379167117,48.848916115124524,50.686496038958346,51.93669907901263,52.327420627207374,46.50433809651895,50.58585438973963,53.90178847246331,56.2785109386774,58.0589826981213,59.23471989301967,60.04855098902556,60.56154855653173,60.621884969095355,60.74576927738328,60.0122991595303,59.1178062734744,58.08646399890157,56.11315368110587,53.22568657830195,47.65474829627909,41.70555058521209,47.655568008067135,52.124672745848855,55.44347143959091,57.4378640214863,58.91705233526753,59.7686147560594,60.21841078687349,60.38322053381606,59.85783822792736,16.020599913279625,58.075688503095854,56.98779741682381,54.69593767383212,52.063967645871266,52.5229221078999,54.625731779232325,56.99471758798863,59.19355324444419,60.66151799882153,61.874270836206655,62.704796903412934,63.26674355763161,63.490732541549704,63.353521727206015,62.94450794103796,62.112156162351894,61.21922425520979,59.30236672714551,57.06366962817742,53.332658607261735,47.45644624366781,44.35621430374859,51.21691130307576,55.42984680546793,57.88701363229829,59.60767974892029,9.542425094393248,15.314789170422552,21.958996524092335,17.634279935629372,13.979400086720377,15.314789170422552,22.14843848047698,16.020599913279625,6.989700043360188,21.613680022349747,17.634279935629372,54.73121863290729,57.078298235973136,58.94799389406019,60.6521248171368,62.009656200966,62.75302369045784,63.33763559454074,63.52488925390691,63.49623465032057,63.207185957391246,62.37057146309545,61.261866244411635,59.68925889761945,57.322216164161375,53.67700610294741,49.03089986991944,48.972861187662716,53.633505725214974,56.61097734988851,59.39312039733466,60.959977319668575,61.78506446510553,62.77381121166486,62.8831832254403,62.954021466851,61.96156833486158,41.22969094393747,60.631249827490905,59.727257140710314,56.624830062782095,54.013057439422084,50.53374277879662,51.1852925753174,54.375761760140904,56.8480318637213,58.94971994341808,60.217171629562,61.07147535328521,61.5814589403749,61.68813808100975,61.485391099136535,60.873078354764665,59.87752936451615,58.7979122638409,56.28855673453759,53.550988839042276,49.04742586434438,44.227211259715574,46.2763208762763,51.304945885234694,54.66823151065687,56.98223244765807,58.05599395804983,19.54242509439325,0.0,10.0,6.989700043360188
12.552725051033061,20.170333392987803,18.633228601204557,6.020599913279624,15.051499783199061,20.170333392987803,13.979400086720377,20.374264979406238,6.989700043360188,11.139433523068368,18.129133566428553,17.634279935629372,9.030899869919436,12.041199826559248,6.020599913279624,0.0,13.979400086720377,16.020599913279625,16.989700043360187,6.989700043360188,19.294189257142925,6.020599913279624,15.051499783199061,12.30448921378274,9.030899869919436,6.989700043360188,6.989700043360188,10.0,10.0,14.14973347970818,20.0,0.0,0.0,11.139433523068368,12.30448921378274,13.979400086720377,14.62397997898956,15.314789170422552,0.0,13.979400086720377,9.030899869919436,16.020599913279625,10.0,17.24275869600789,16.020599913279625,10.0,14.14973347970818,16.901960800285135,16.989700043360187,13.010299956639813,10.0,6.020599913279624,0.0,12.30448921378274,13.010299956639813,16.989700043360187,18.325089127062363,16.989700043360187,16.127838567197355,-inf,6.989700043360188,9.542425094393248,9.542425094393248,17.24275869600789,21.13943352306837,14.62397997898956,13.010299956639813,23.873898263387293,37.57775491011926,35.59308010907012,32.90479813330673,27.49736315569061,28.020892578817328,22.671717284030137,24.099331233312945,28.836614351536177,31.658376246901284,34.34568904034199,35.83538819254352,35.67849450573107,38.404197777364864,38.799555851227495,37.8915749191144,36.762362167633114,34.97620649781288,38.106357002755374,34.96514518697745,35.80012112529425,29.89894563718773,31.80125875164054,26.702458530741243,22.671717284030137,26.03144372620182,32.727695865517596,17.24275869600789,35.59308010907012,36.12465963953142,35.417040232842886,34.307198878632825,36.48945182165673,35.88943642740015,34.13802516769351,34.16973172603036,31.690863574870228,30.0774777800074,23.010299956639813,15.68201724066995,21.64352855784437,29.938769149412114,32.065560440990296,33.066394410242616,32.65996370495079,36.24282095835668,35.06234359612126,35.477747053878225,35.29558673021163,33.74381698050882,33.868555291847244,31.13943352306837,31.414497734004673,25.477747053878225,57.30689433279686,59.56861595187836,61.31054420791763,62.76712198106416,63.74367942729104,64.30743889380236,64.7177635380877,64.66980403694903,64.30608078082088,63.553214230275394,62.35207657536418,60.440707200160666,57.518923812326534,52.342793180890546,40.81815200632279,51.07440627328357,57.11989341548598,60.46333200435708,62.608221635718536,63.87983371658944,64.93055497271422,65.43298164795985,65.55957099338907,65.36247886756158,64.79718084226695,63.88578059434421,25.622928644564745,60.78036095467728,58.48423141732414,57.01542082028082,57.805685972631345,60.163019397819156,62.408311985583936,64.17140240753093,65.59363716833283,66.62293927438031,67.2798549030255,67.6433644043575,67.69981077792056,67.46774971589151,66.97292563760185,66.08539404506888,64.83432235431033,63.0121605098997,60.37135144024995,55.85968050007118,46.896728389439474,50.61248855820868,57.67987281901556,61.25131412037945,63.66812246783407,65.22157869930842,66.16923965714066,66.3460018530997,66.25807902016733,20.644579892269185,23.59835482339888,17.24275869600789,22.380461031287954,12.30448921378274,19.294189257142925,14.14973347970818,23.820170425748685,12.041199826559248,17.634279935629372,11.139433523068368,13.979400086720377,23.05351369446624,20.5307844348342,6.989700043360188,12.552725051033061,21.73186268412274,9.542425094393248,17.24275869600789,20.043213737826427,16.020599913279625,24.62397997898956,21.335389083702175,14.14973347970818,15.314789170422552,23.180633349627616,18.325089127062363,22.14843848047698,19.084850188786497,24.84299839346786,28.94869656745253,25.71708831808688,36.70245853074124,31.607685618611278,40.258381642297,32.05204363948145,31.598678470925666,38.38219221907626,37.96088428680668,27.267272090265724,22.30448921378274,27.16003343634799,25.76341350205793,22.278867046136735,16.020599913279625,21.702617153949575,17.634279935629372,0.0,3.0102999566398125,9.542425094393248,19.138138523837167,17.853298350107668,12.30448921378274,14.62397997898956,6.020599913279624,6.989700043360188,12.30448921378274,16.020599913279625,16.127838567197355,0.0,18.325089127062363,11.139433523068368,6.989700043360188,20.0,18.633228601204557,12.552725051033061
10.0,15.051499783199061,0.0,10.0,49.840500022847074,53.21708181057965,55.65493629868862,56.99224426364039,58.229502819089014,59.035159295084235,59.548722621773386,59.67114401360237,59.71510100415594,58.87986743508968,58.70402149367869,57.60610938397704,55.21799486461322,52.961428455232635,49.74097003794131,47.19206948246827,44.468011428470916,47.59365621655928,51.568640066708234,54.21408121208245,55.790080317392395,56.99332054979784,58.042519116295,57.78592558813119,57.799599345202026,58.242280471253,21.13943352306837,56.4886135602096,53.10933222968068,50.404638817350474,50.075856338824465,47.49527618618067,50.22914772482209,53.117559795602546,54.933186082321015,56.21286399906776,57.15582207938209,57.68697285559767,57.52623794982284,57.195475515630996,56.54440312510162,56.25626223408224,54.45367533919641,50.68705219691942,48.4550732475041,41.72982189505869,38.50339854583479,46.76483268736462,52.10695654378361,54.041526742315355,55.245583841949895,55.819007562676966,56.482868091128644,9.030899869919436,20.0,0.0,15.314789170422552,11.139433523068368,6.989700043360188,11.139433523068368,13.979400086720377,12.552725051033061,13.979400086720377,16.989700043360187,47.82486957080988,48.74702098144563,48.92456364045762,49.52249841327297,50.046695297687876,49.969667423819885,49.5293766775098,49.07411360774586,48.86907898662259,50.2669665597816,48.501865831924746,48.834172532827154,49.83378176842217,49.5621646924339,49.087262265948766,50.50101223483641,51.046543780721485,51.661487822790505,51.475928574948455,52.57352131496427,53.566089889521,54.22024856858589,54.34549743560866,54.750461681277976,54.677871134305825,53.51303388961924,19.49390006644913,51.08598845973567,50.094338976389665,46.89566339836786,38.88628725385226,23.010299956639813,40.70555015835032,47.61160759359931,50.25981364088429,52.59108669657492,53.84778001371604,54.49535478547526,55.14351146748186,55.205961857772095,54.89677291663699,53.459615418131406,52.07421610608742,50.94044660857375,47.29334909058129,44.76686742945645,45.03218507930033,47.1299464355327,48.61683729919097,50.79069038812408,52.31143237244629,53.451952704311196,53.25601856927585,44.28539730637989,47.79055089381888,51.25507290058338,54.255994249848214,56.56999410038752,58.30107278114625,59.50669046082825,60.25846348350869,60.707211116763055,60.81728858350267,60.5482938195976,59.96741454704984,59.348845996142565,57.86958585128118,55.713046218179834,52.060699237401934,46.60979252046847,40.91631790626808,47.94474104397434,53.1689459734708,55.88538365829479,58.01686286829415,59.308191816370126,60.21956288595306,60.60941354627363,60.48746634977914,19.030899869919434,59.39428390705481,58.4599671955825,56.84854334578203,54.53871560085351,52.93671865542379,52.762319579218335,55.01082551833626,57.44312545496585,59.64392114601086,60.92925816141278,61.98741738640809,62.710512614923466,63.21822250861341,63.28561642733326,63.08518527445045,62.483038913045576,61.843270951481266,60.2139522990733,58.45188611989733,55.6051038894327,51.28389574536355,44.11232371541069,46.692889806668404,53.20040297013403,56.74038600009545,58.92563165157705,10.0,15.563025007672874,14.62397997898956,20.043213737826427,6.989700043360188,20.253058652647702,15.314789170422552,21.64352855784437,19.54242509439325,20.0,23.521825181113627,53.54064238787239,55.517487776126416,58.18886732632926,60.07803234462482,61.475452433507975,62.409184911746664,63.08048716263194,63.42531832944567,63.556690917899736,63.21308597016974,62.786761067607124,61.83487648256818,60.06955257134866,57.871032568184475,54.54248629369264,51.10067569844297,47.83853575384737,51.72091867626748,56.041828375531246,58.82740777563016,60.49121846815041,61.819444354139975,62.72280324211577,62.7711505220956,63.12027698006055,62.90579920909319,31.10252917353403,61.50905271474527,59.1522724406269,57.94511747476946,54.558022993947176,51.84362036914578,50.61490176624815,53.737393183514456,56.689168106400764,58.312380209675624,59.84907435891834,60.83667777990016,61.30851396278912,61.54296435547481,61.40282981223323,61.168245050968636,60.16866688580295,58.48962150393262,57.00309905202743,54.3339856544206,50.44257455638176,43.751513015702784,46.29460569642289,51.642338546926105,54.80550190181784,56.59403677361353,57.94588417732933,11.139433523068368,19.030899869919434,16.020599913279625,22.576785748691847
6.989700043360188,14.62397997898956,14.14973347970818,0.0,50.60641189552578,53.51935382503085,55.269605460395724,56.98719778642523,58.1446335717621,59.03999423928721,59.438549593159635,59.488284767533905,59.4474021136433,59.268577368644095,58.29124871001349,57.20319755913679,56.01497215497847,53.79452373306822,50.67182485523405,46.14992075826426,44.36258085890037,48.27395123146503,50.936807835974925,53.99723896032665,55.798304521779585,57.07396423552349,57.94519415111664,58.27174055176381,58.279182567453496,57.9128212189815,11.139433523068368,56.063609398898194,54.34148776444397,51.880871901421344,50.107831796118376,46.739788016917686,49.06685138141586,52.202388799344035,54.15849404568726,56.00243016285841,56.99360693585929,57.34212375087698,57.68223585075796,57.41020739058855,56.65521892931578,54.96604497075582,53.05050268917222,51.60003073454162,44.26332301677428,34.056877866727774,43.57172257723033,48.14334179558432,51.58546425107994,53.479853540886126,55.04294118294733,56.43540513532262,56.84279692743619,14.14973347970818,17.24275869600789,15.314789170422552,16.127838567197355,3.0102999566398125,3.0102999566398125,13.979400086720377,13.979400086720377,12.552725051033061,17.853298350107668,17.24275869600789,44.889171740735286,47.03781295454297,49.12588686548272,49.691781968939566,50.09811949500315,49.88995707002408,49.90751637972055,50.083659302057754,49.926065312167644,51.2949654301666,49.37563024202633,49.40765435631217,51.69098126825702,51.416786192130324,51.26965412844876,49.35557645093014,50.06491714070677,50.349691819441496,52.188977038276064,52.401497133124685,53.42021760460824,53.91556092429633,53.725014374839674,54.359366915071874,54.054983281140125,52.717417305464565,21.13943352306837,50.25162442463791,49.655074345703255,46.01244924810521,33.77488383376133,34.07220892927397,43.52201819659416,48.16718430207881,51.287642587282825,53.08600692174647,54.21610507039404,54.948291750446394,55.80779046453371,55.77383787249657,55.4838696101433,53.58819677179949,52.30492348655137,51.86193249920351,47.11579480965868,43.42837036916425,42.47801477510172,46.78126700107521,48.67426236763333,50.785474376638255,51.90043006551572,52.80186691435483,52.801274534083234,40.99680641109251,46.64463332863959,51.28221507666712,54.41803499405118,56.68763197541631,58.37387025346607,59.50368749376431,60.332455777790386,60.79938068186199,61.07099006805072,60.7419160165903,60.18278062535761,59.56409051344248,58.19122597180513,56.27365856592733,52.843901225916305,48.12117534962887,43.49957098719464,48.233829264392476,52.80978792784518,55.684481456058734,57.61796327967106,58.94604573241062,59.834029942499086,60.20650025623004,60.079665765784355,18.129133566428553,58.8129390770694,57.90631335408041,56.131607878210204,53.116797068869666,51.95127194126907,52.87286539262812,55.1216389140557,57.81649121022038,59.65249221440793,61.1336602522789,62.238490996581206,63.08116015865615,63.43999462439666,63.58276243484753,63.29718548954065,62.75868092528458,62.11398229990169,60.566952727366505,58.91065554228409,56.127266531915595,52.1969190783383,45.63825062251492,47.026459068848034,52.79420530647051,56.18600293669541,58.5476257022874,16.532125137753436,18.129133566428553,18.692317197309762,20.170333392987803,16.989700043360187,17.24275869600789,10.0,19.86771734266245,6.020599913279624,20.0,17.16003343634799,53.967222785037734,55.938761734773394,58.06522524344458,60.005143342781466,61.52599273537624,62.483666521816794,63.26602091963649,63.59944137191335,63.626733791019554,63.47221672169117,62.86641690299994,61.726861046477,60.406371455630605,58.2894331971888,55.13533214780815,51.17330965607344,47.471398031020364,51.996811434750924,55.30892223384302,58.39996251760263,60.30581103164084,61.31648493004812,62.42766219372147,62.61607787677791,63.004824395839655,62.04376412114926,29.014583213961124,61.1055200247472,59.575977104499465,57.724918698684704,54.68614619915578,50.58213380702655,51.09942836998641,53.300909766756526,56.31205247442851,58.40310014358821,60.027706281011945,60.967689312474164,61.37554435721506,61.679317073419696,61.52196582334209,60.891973058238484,60.004605421708575,58.8046658954412,56.52710372191876,53.78601372029654,49.52932827709724,44.59663837022606,45.47196080987191,50.76192448886687,54.30091188033949,56.835162192044855,58.04706303986273,22.380461031287954,20.969100130080562,19.030899869919434,3.0102999566398125
6.989700043360188,16.989700043360187,17.853298350107668,19.294189257142925,49.49570518516734,52.96594995581905,55.44505840618997,57.29599676612792,58.21595401245416,58.97469837226502,59.57451161976287,59.769878819040954,59.86884994242696,58.98872663130513,58.91650058588024,57.91293358022942,55.524443203563116,53.4584600176348,50.42799885888748,48.46510300463392,44.06965750758948,45.843764610200274,50.98037713285091,53.605801611338755,55.49387087203876,56.70469438609153,57.63525324522198,57.7677743301457,57.77644277696485,58.36077143385893,11.139433523068368,56.76005508056651,53.501025828865004,51.1067386774199,50.3832602950881,47.774630725025915,49.89026886639384,52.51494648403164,54.55467663903748,55.793101862766726,56.81310899861363,57.559700852489954,57.508823595943085,57.32477393669815,56.87339863728081,56.705668154055225,55.414619186711924,51.85921607176434,50.73604722580332,46.086650711281514,40.19863713967843,45.41142233721635,51.01338012345634,53.303914492273,54.73552656699102,55.19358019258702,56.12873884048839,17.24275869600789,9.542425094393248,11.139433523068368,11.139433523068368,15.314789170422552,12.552725051033061,14.62397997898956,13.010299956639813,15.051499783199061,9.030899869919436,20.969100130080562,47.722410026150264,48.717188433187616,47.906580607462416,49.04742586434438,49.5293766775098,49.83617267415464,49.5341656502781,49.261417191460154,49.22751400735833,49.991740555884846,48.9436591505696,49.23710194396563,49.307657028968364,49.09582770688917,48.3236838293399,50.254451449322886,50.65568511802824,51.43764014612251,50.82771013236765,52.070658855315415,52.8633519168761,53.8410958156753,54.44475752086745,54.74437726933647,54.949625762233644,54.52646499256084,16.989700043360187,53.04630530707381,51.66921266713027,49.779292750202366,45.85426887061487,39.705328297683245,24.487063199050798,43.21598430465344,47.92741785834749,50.78721374329213,52.596894227169145,53.83982232211977,54.57609431468555,54.965228251751824,54.96866020653998,54.33182379423717,53.46200357684914,52.18706143644206,50.10083603748856,47.50801425461592,45.12604359146832,44.6520433758063,45.78375573946839,48.53874570080836,50.71742127236835,52.61048643344225,52.76022692065749,47.53345549004408,51.17976865135478,53.71621927176022,56.211451111960365,57.787993130435105,59.15127458258124,59.96258113769787,60.440707200160666,60.61146631117808,60.41084621653812,59.826519785430335,58.91859574656184,57.58703774626192,55.43030703909036,52.21813136008662,46.16160312847583,38.91258616904139,48.00854491503561,52.92940210760157,55.995261055721784,58.01190283833529,59.308319136998186,59.98354384445201,60.655737398707444,60.82411931905721,60.46473702711434,20.374264979406238,58.82973399423917,57.375631462093615,55.59499657214674,53.58880502471521,52.89499765873857,54.5034766042324,56.86597842330373,58.869941021308534,60.67651759555423,61.72748838982743,62.523104306172,62.97458478448398,63.24556118659735,63.22290844025848,62.66262044485536,61.987367919182745,60.80434907820575,58.93871015253278,56.34479285443675,52.481744183444135,45.85799009013001,43.76868821638668,51.35081742080124,55.591941808851004,58.28289234951554,60.03655231620438,15.314789170422552,23.54108439147401,16.020599913279625,10.0,19.030899869919434,21.335389083702175,12.041199826559248,20.043213737826427,6.989700043360188,20.253058652647702,20.644579892269185,54.20300735183223,56.538239558195215,59.07069918425379,60.74898685599857,61.890816544767574,62.7265137933192,63.22609777362843,63.48544924533325,63.46909180201638,62.85337630963079,62.47515666660064,61.233383478074856,59.141632658801356,56.562439011049676,52.51056338478477,48.81840968324927,48.88033393582745,53.268026813715686,57.36417220418286,59.598143209829686,60.99879790923025,62.27525241782209,62.474392712562576,62.559909092305475,63.26360852627956,62.514245485351736,26.989700043360187,61.05465560848369,58.73125794206093,55.97328732482868,55.37531988187288,50.22844731297986,51.77530728536273,54.4006642615519,56.89365695581933,58.743060929302885,59.93610795018804,61.03935357205433,61.3844575489336,61.56740513707299,61.27376957372236,61.00847317892611,60.242171266659604,58.15118641081921,57.02369351762346,53.97595911161762,49.85022082109535,42.690457096576225,47.1218654396046,52.2489805839231,55.04455910001336,56.53394879163692,57.95275058276003,22.55272505103306,20.5307844348342,20.863598306747484,15.314789170422552
16.532125137753436,6.989700043360188,20.969100130080562,18.633228601204557,49.0526145038752,52.41688399982937,55.35042080152702,56.70973706846531,57.98869463682129,58.7991034972275,59.401363109105006,59.724551003810866,59.80699957605009,59.15843928799422,59.08601887346506,58.22772661960168,56.094247131211866,54.1219165524157,51.295932283679335,49.77513264400442,44.793881359958604,44.532265779981905,49.649663748310985,52.84611182369772,54.84590221178465,56.43675688655941,57.6564173643297,57.921457531610784,58.16416971385392,58.77247490924617,17.16003343634799,57.67711555835193,55.313383872700086,53.479853540886126,52.73533680151297,47.75836091455957,47.68208773607013,50.07530149625847,52.194089917686114,53.713135849401475,55.41072271259422,56.469651030589986,56.7328822484155,56.81003214976535,56.48251667833098,56.59882937730758,55.604147991101556,52.596894227169145,51.56282556870387,47.67103896111721,40.85219201044942,40.93876755390045,48.72715540280947,51.89125206925528,53.99687563315652,54.57391336114068,55.54940785187226,12.30448921378274,24.74216264076255,13.979400086720377,3.0102999566398125,17.24275869600789,18.325089127062363,13.979400086720377,11.139433523068368,17.634279935629372,12.041199826559248,14.14973347970818,44.43059486517284,45.10250018728974,44.52706226511029,46.6645245704817,48.123049183619464,49.594468626634416,49.77147211335466,50.35689836700361,50.557757430287296,51.729326130095245,50.987302300463845,51.27415823311429,51.99823715797277,51.550717359391314,51.14724379660332,50.93876755390045,50.92288942136609,50.6793709196094,49.06685138141586,49.55783928916912,50.12942623196626,51.043675956010155,52.68451596266842,53.00754131071692,53.707757703313504,53.97809700780306,16.532125137753436,53.347291191292065,53.06678024210001,51.954346808325354,49.00503677779401,47.06248251670263,41.57305630327966,19.084850188786497,39.99391561719091,47.464551517643216,50.662252617566935,52.710466081460645,53.85329166097036,54.947582889982044,55.544116221289855,55.73016729848248,55.536075626330856,55.24693340067312,54.11249219353385,52.88305130120162,50.955528960194016,49.38539738285958,44.62652509728373,41.95041280556656,43.88474207630949,47.8625439578978,49.04921015847539,52.68552231684172,55.22352930775266,57.05566957012023,58.4815708274181,59.473381273669844,60.12739813756915,60.2840856511547,60.222278813079996,59.900514503751545,59.20824834032562,57.89818240119928,56.05574376060999,53.77599446588344,50.23992804606471,45.58240431993504,47.57669275006877,51.9152925867408,54.723819465205295,56.67868369296474,58.20075949299795,59.160326101885694,59.71917999675604,59.73014182935177,59.721514422809506,59.05643176085508,57.812935567142134,11.139433523068368,53.879625748261674,51.34256816576147,50.26876315607315,52.873918670511515,55.69440628978968,58.22613264582638,60.13530277654969,61.563534627352176,62.578522579276495,63.21741928966282,63.528007062904564,63.628235183311226,63.45211550603278,62.90822308113363,62.107106260122364,60.84350314540761,59.26647991869676,56.37963792305093,52.76657077889915,46.85652184115525,46.32507906307723,51.70804244487251,55.57788620150497,57.98491121675089,59.6431668359604,60.68408890779611,17.853298350107668,19.030899869919434,14.14973347970818,24.16640507338281,20.0,6.989700043360188,10.0,21.613680022349747,13.979400086720377,6.020599913279624,12.041199826559248,56.81990653171396,59.018831445352234,60.96849207524107,61.99722549106539,62.937376761353796,63.35933658851768,63.68147367478892,63.63732663147491,63.36482148469159,62.57391509739784,61.68550809490009,60.29790281838534,57.63794742623729,54.43421026241389,49.356332030394285,47.77136712504173,51.67966813395621,55.89556437148418,58.57179259958241,60.34297898120733,61.648193230201,62.25454539275704,62.63147774993166,63.12533831056362,62.17480259275396,62.2142467121808,33.875677794171885,60.81943962644423,57.45102910458342,55.258801820182335,53.65996859484211,50.967188813839776,53.48324337700387,55.80916996438609,57.74887600130329,59.44408638371786,60.6891945932006,61.36422799027487,61.53241522108555,61.51369850247461,61.325648055122485,60.9116203862314,59.96543192383999,57.8501432296181,56.39137718370094,53.476909640630986,48.84387490566488,42.634230108673854,48.26981336911993,52.53165901429304,55.26938603663319,56.956821411775266,58.01796661319977,14.62397997898956,12.30448921378274,21.072099696478684,15.68201724066995
21.64352855784437,17.853298350107668,12.30448921378274,20.043213737826427,50.25408281131747,53.26149402049793,55.140959577297,56.85915421660728,57.97586045160276,58.96950384333988,59.46714040129356,59.55711796961274,59.61859913166017,59.21668271141752,58.60661360675068,57.67234551628973,56.10537734400176,54.10220304865082,50.88816245945231,47.36571778436162,44.147227211588785,46.74548850633102,50.28774526500088,53.45338436571168,55.29744667751505,56.70648409620856,57.793150465143114,58.01531303868835,58.032009702668205,58.14782806855801,16.020599913279625,56.651079809984246,54.21817731364133,52.18338531376019,50.62600784448157,46.054020241548145,48.11340369861851,51.74216858374127,53.52462306633079,55.70722691253705,56.68386848651408,57.46486295706098,57.52682132096206,57.4462229603308,56.981919206205454,55.84679425108878,54.27039575495581,52.4769100592592,48.35849044211536,41.39438274158168,36.602012013806814,44.87025189528695,50.54559434644244,53.07020835292066,54.6670306123773,55.94154894232997,56.571945370989624,10.0,18.129133566428553,13.010299956639813,9.030899869919436,3.0102999566398125,10.0,6.989700043360188,17.853298350107668,11.139433523068368,16.020599913279625,14.62397997898956,44.867704132389434,46.8417186270059,48.16718430207881,48.84143716693356,49.617864122339775,49.73645002826976,49.62321972729584,49.68604347246624,49.438752222848315,51.0121074656248,48.83025139425055,49.26306425447347,51.69101069110536,51.23492301422652,51.03067874976507,49.133899436317556,49.90272240095869,50.26962036054797,51.462396970463104,51.74478483315079,53.17862845085274,53.71573936183995,53.7573858043242,54.708806975254795,54.63011566814714,53.6123283596723,14.14973347970818,51.730725791382355,51.79287457481868,49.61553972594194,43.28155261969947,40.096633166793794,32.304489213782745,43.40880173413645,48.526873319502535,51.61251176283234,53.23559401770425,54.329372384383674,55.389819496110874,55.65886761813057,55.66448098986405,54.30599054711961,53.343411416870985,53.37922261848264,49.76464613947031,46.95831772826693,43.67299999681404,45.248503032721985,45.810731348694446,47.843890319446686,50.35509785089558,51.771467586240156,52.75138523943827,46.83632310526125,50.92425869898789,53.878452407015025,56.3071256496108,58.00888838016442,59.335404325230186,60.0592529793244,60.57497221033828,60.69096553463232,60.714110209564936,59.94847046949589,59.112663019768604,58.126139243221786,56.2360175309211,53.42156100135415,47.722410026150264,41.9228861256812,47.346158353132054,52.06202310414562,55.43835945003596,57.46617075878517,58.85282610140188,59.645542469111554,60.27454396710918,60.359997507113945,59.8181679571962,19.294189257142925,57.99754655111755,56.81820814562519,54.72188717253254,52.08304274047713,52.59163671340217,54.47128560359599,57.00600754655265,59.13038315431096,60.790494900707806,61.822962182780536,62.65661281338254,63.345536675996435,63.50685969551752,63.409445540563894,62.871211006611894,62.14742677427927,61.197954519690484,59.36262844849894,57.102841089514214,53.375191598469755,47.42206495605057,44.09814816892981,50.83162074006658,55.25237927906592,57.89333178382846,59.645443510337344,20.043213737826427,20.644579892269185,15.563025007672874,16.532125137753436,18.633228601204557,12.30448921378274,21.64352855784437,10.0,22.04119982655925,14.14973347970818,6.020599913279624,54.6215382582158,56.96531993449183,59.04252880762833,60.80426246881658,61.99927599605669,62.812636414291944,63.378285041827226,63.60539833390825,63.551335852766655,63.08157885910995,62.40494583640392,61.350706048759335,59.663670379095706,57.18771482117283,53.74825302770424,49.07223197408704,48.75072844423471,53.328604294878765,56.84861512791757,59.302443222502,61.047004504540354,62.13333375127512,62.60759271265626,62.898806879416576,63.226641152957455,62.96210698049009,29.375178920173468,61.28472291263635,59.39017777390064,56.50440608653476,54.539189025401946,50.25653980717898,51.969081460845885,54.27234482983671,56.66405648490134,58.95811358346977,60.285488867640986,61.05334728423911,61.41199158655874,61.643329253748746,61.3872068306259,60.85654419510589,60.02081355268986,58.604218622368684,56.742510474304424,53.75811705984667,49.50598492585955,44.106254145981254,46.12232694614741,51.52682700411586,54.6524302181265,56.83885983538627,58.04946592252061,6.020599913279624,0.0,13.010299956639813,20.681858617461618
18.129133566428553,3.0102999566398125,16.020599913279625,9.030899869919436,50.2092450553569,52.891986255761765,55.056342180365085,56.6552564543013,58.07608757166058,58.947285572751355,59.377430048220994,59.569862857885724,59.54563286311864,59.27067380610499,58.67096086866397,57.71687408554213,56.316892586467546,54.17724058722709,51.127691713471236,48.21467672871282,44.12997832870054,46.43945912748067,49.675479762188615,53.26192438127772,55.2172633728741,56.62505678872171,57.989274285901296,58.09495744070218,58.350338784806766,58.592127757153136,10.0,57.23089363836433,55.23976555919974,53.09581200091493,52.002292425702656,47.06837218225437,46.431762192974475,50.14293671949801,52.194089917686114,54.631835098585015,55.98144601640786,56.775129670648795,56.814085894590846,56.97246783954953,56.36818756847542,55.78406530815383,54.29558499461421,52.30073221926916,48.626679502285874,42.60357641636152,29.858753573083938,42.53943462669259,49.691595470402,52.49650766622458,54.14625773336897,55.51852387846335,56.377498280283234,15.68201724066995,15.68201724066995,6.989700043360188,12.30448921378274,19.030899869919434,19.294189257142925,6.989700043360188,17.16003343634799,16.532125137753436,6.989700043360188,13.979400086720377,41.71492427252901,44.67652494573868,47.21332380842671,48.06973193751885,49.58587771150353,50.224489924661775,50.182218454762726,50.612299969846354,50.5163480398712,52.45228803101548,50.652696604655,50.751745493515,52.98983999733384,52.59233011360983,52.0792505622095,49.749397890640324,49.55461646719431,49.53024779271061,50.12284518034346,50.30587579359617,51.46673662990135,52.023929470732526,52.66958049911004,53.498833681354434,53.829962539970154,53.099812930413606,12.30448921378274,51.98901652313615,52.251438046875094,50.507856299529095,45.509251117355404,43.47954169894016,35.29558673021163,39.51386094880293,45.925431429046114,50.614713282650314,52.425265209092885,54.15362368356105,55.14187683544988,55.92013449741891,56.193365092003575,55.53966723380764,54.83782649886297,55.14327229146535,52.308166386340844,50.46081353458328,48.01684915541319,45.91443057786914,44.09933123331294,44.35366506612661,47.15510306677597,49.52075289562654,50.33926120472871,49.54483717155553,53.15722706031898,55.56520799508519,57.43026598223503,58.91587630003322,59.77502744681356,60.20709241847564,60.475898600628554,60.320745447346084,60.1772306897945,59.065962942571446,57.77010454193353,56.56819509403152,54.135763500796735,50.69020241410887,47.037469333154675,48.63322860120456,52.488581287603424,55.0272337709868,57.14015243510435,58.50889347532878,59.36789110457169,59.816741202189704,60.03009631425047,59.69489065241662,58.76162395203746,16.901960800285135,55.517829107727856,53.79026173859147,50.72665238963297,49.72633215538813,53.098110857713195,56.28925080385592,58.617619526123896,60.556554115409334,61.80423239240709,62.690312173502264,63.23442694021264,63.635717446867936,63.6707624226875,63.33984821950629,62.736375393676774,61.68042915935622,60.64967237773436,58.28062169391691,55.66988702131813,51.35657305693609,46.09039181902239,48.21958730372928,53.627104948826826,56.675883569406906,58.67991624758494,60.099015292875166,14.14973347970818,12.552725051033061,14.62397997898956,12.552725051033061,17.16003343634799,18.06179973983887,12.30448921378274,13.979400086720377,22.671717284030137,12.041199826559248,19.084850188786497,55.92391074928006,58.14147669862268,60.162429562226734,61.52543341055381,62.548189131281184,63.191570885170236,63.621958664791535,63.648772971040955,63.53826440530887,63.03719919657282,62.13241420622401,60.83769850867021,58.885175838617094,56.374106687128176,52.11440935578669,48.866711736977344,50.42595198960531,54.93320002881377,57.61953384403413,59.7354208380986,61.18183019442017,62.08152357724408,62.64679251523791,63.138842966611186,62.91297128211749,62.705216233630445,40.28977705208778,60.55710424358065,58.45966999908366,56.27600353264674,53.09059248597297,50.37808827492338,52.85831750394462,55.2640648443068,57.51660868875544,59.209498910852,60.439314006139035,61.16375261179705,61.53552074788654,61.60144565295081,61.25684539508144,60.946475358609156,59.795506508746605,58.39915892078462,56.188928407492554,53.37359412001355,48.771697034840784,43.7520622109933,46.24168607391142,51.91093147023806,54.86719440040521,57.13743317949121,58.08478356560779,21.367205671564065,18.692317197309762,6.989700043360188,15.314789170422552
22.278867046136735,10.0,12.30448921378274,16.127838567197355,50.60686510784567,53.400413629430304,54.988906042766914,56.69016397372779,58.08349411772686,58.9745388870434,59.43099613187854,59.57048138224663,59.463937983590114,59.295583884883044,58.38033235975776,57.42297694632001,56.321099201811506,54.25119943396311,51.165048026687344,46.90302424839534,43.74161560604974,47.570694258985455,50.510907517283776,53.56840112994888,55.5792565531425,56.87297037768995,57.97811626447583,58.28104108049666,58.44632475043565,58.28353075755899,9.542425094393248,56.62566133336705,54.972200027144865,52.74594234506129,50.8898965726234,46.394067948960526,47.56088140931159,50.96301574727147,53.06433606122393,55.25226265324221,56.50285176308504,57.07427942655548,57.358702489615546,57.36154983338061,56.79344300507769,55.28178543639843,53.561501968428054,52.35392077231987,46.419101690776266,36.82145076373832,39.0074935806108,46.008640363098394,50.31202377980065,52.81237960427838,54.55618281783893,56.05353537854862,56.669015626988816,19.294189257142925,18.325089127062363,13.010299956639813,20.5307844348342,10.0,19.294189257142925,13.979400086720377,10.0,10.0,16.901960800285135,21.335389083702175,43.0466283266839,45.56302500767287,48.47202363980924,49.35028371074573,49.963233786932534,50.10897548450238,50.16933105929431,50.47703108134304,50.27842751462677,51.89066199332117,49.90871404801486,50.09705788390519,52.411304145097176,52.206440846691905,51.75015773470992,49.16185392580712,49.309490311675226,49.630035012297064,51.2484969711265,51.46283113159587,52.44727266895793,53.25601856927585,53.39005986554004,54.17491622129526,54.162426378599775,53.060602815276,20.0,51.08406023909055,50.95256550404421,48.815101902502064,41.358638137998696,37.986506454452694,38.80012838366772,44.68421183738056,49.5742050506115,52.003825864409805,53.425490026619286,54.78533309033266,55.61266002551572,56.078162488500254,56.069840141214854,54.72759373849331,53.71084494507875,53.87370247047795,50.15883443501011,47.65966424785714,43.987903927521394,44.23655392573379,45.53713157596179,48.250689276246234,49.98503451440391,51.60108220410951,51.53753906455187,45.624950915084156,50.473527607539346,53.77320824464013,56.128950642379166,58.039846404714375,59.286134571124194,60.066286048287,60.55722266483576,60.71543641095674,60.784223776428405,60.0546408458102,59.24023804414007,58.34243261638632,56.525828130325635,53.79648103499988,49.16101105493798,45.4122967095314,48.54391070158669,52.55754786643045,55.33981658440014,57.41943011538211,58.76537091371518,59.60122917264668,60.07742658585711,60.146838934803206,59.71281880564022,22.278867046136735,57.50032956374221,56.22041929484915,53.789535875989145,50.639260272144725,51.51369850247461,54.27390346018256,56.9123448542689,59.32035697859989,60.875975843472446,61.95878628728004,62.80691481610519,63.462704115260024,63.64844490485767,63.5841040566336,63.11280115849134,62.300614600995175,61.44769985144891,59.611955821072904,57.43505061152614,53.95417262085636,48.82530229850502,45.31325609581028,50.973163225199166,55.258478330590215,57.577618361235956,59.487967164186344,9.030899869919436,19.294189257142925,20.374264979406238,21.072099696478684,12.552725051033061,20.863598306747484,14.14973347970818,18.06179973983887,16.901960800285135,10.0,18.129133566428553,54.63649656222944,57.14317183468108,59.139097043677886,60.83090346109901,62.08752184979842,62.95358148561121,63.43459209304031,63.66614378192817,63.58430764244348,63.21136760223355,62.53516581906577,61.33140196349788,59.85049053292422,57.55203847841705,54.11325026421723,49.554375862166076,49.06986533454223,53.66760921610552,56.656353916710074,59.05621048396668,60.71964809800569,61.81684126883417,62.54457438585864,62.755244175986576,63.064357507388436,62.31707062147464,40.57399817266062,60.12595976698408,58.97519878787125,57.24617434868583,53.4463784591778,51.40262858286418,51.30417402341854,54.32046838379681,57.045794496963,58.82766377756481,60.27283133203521,61.05060329340992,61.55172007177514,61.759977309070194,61.543013064049674,60.90711162059873,59.90390363143916,58.61656259065877,56.386190267202295,53.48324337700387,49.139409443658664,44.55910240382743,45.54186199069382,51.26731922925818,54.554372297058656,56.96041695242076,58.11018377058431,16.532125137753436,18.573324964312683,16.127838567197355,22.04119982655925
6.989700043360188,18.129133566428553,18.692317197309762,18.692317197309762,50.119297402181246,53.09634425194066,54.71012851443871,56.63641570894921,57.741518589547105,58.798851532797045,59.28179163106464,59.40990861815388,59.302484019474534,59.25351805449938,58.329946675672055,57.5834254819835,56.68300167683736,54.78520322297476,52.38359786408524,48.13981075636471,45.16006230386048,46.41573253178176,48.974346397079344,52.69923695230946,54.70216382364781,56.33065283617888,57.33265494554418,57.903766589046995,58.155989976873165,57.99776004266022,19.294189257142925,56.53386196833809,54.97058257648906,53.065236708961514,50.88819785643924,47.72981450344964,47.05153556348856,50.49903821296003,52.688633518425476,55.22457275186834,56.289363069352774,57.05977400485017,57.32220811847505,57.48126756141332,57.2503971963858,55.90449477873332,54.66774229588668,53.605650150028254,49.239327462890984,43.33023857758089,35.19171463821659,41.613680022349754,47.78339403895484,50.812788812268046,53.1626397191069,55.313575530986185,56.01192708433941,20.681858617461618,3.0102999566398125,0.0,20.0,10.0,11.139433523068368,15.314789170422552,6.989700043360188,-inf,18.573324964312683,0.0,43.88616220951455,45.584805660749325,48.221942408982144,48.8595457649608,49.33917319988705,49.53672727513225,49.74097003794131,49.700212658283654,49.78089173056142,50.3612165625228,49.361617409111574,49.48891990455766,51.246672176986095,51.209324051784535,51.07352449150477,47.97689854784593,48.82661122864876,49.00847591272198,51.54341793293526,51.42630326369874,52.664410298118526,53.419209784273185,53.46079008652942,54.42667870337253,54.79899074972516,54.00415368073947,12.041199826559248,52.97088311526356,52.9672879439152,51.82768335682721,47.25274417501015,45.67543915573101,39.19966701483387,33.67169488534681,44.0389229555942,49.10026438356236,51.30899591067159,53.056307759969656,54.376950837044326,55.12109135413198,55.50475402451491,54.39668944443267,54.10873357827783,54.07033803328038,51.653155647632154,49.27026281968983,46.21228227768985,44.361308294297004,45.02167558310291,46.660403684877025,48.71105700985585,50.38063526997859,51.36406620470701,49.99104430613782,53.38139621967077,55.60454232465765,57.51873157330352,58.728534986768494,59.635257554219365,60.12668955705063,60.17974403927278,60.127781903751114,59.70127813816269,58.74394834126341,57.47803971941593,55.88159616383092,53.04268584506187,48.627334856774155,39.91447598003803,47.084293989650945,52.119637385165035,55.26268181700292,57.316097139514845,58.65741617029406,59.70408714617608,60.01375401860648,60.38747689910778,60.139438968884534,59.42635465338733,15.314789170422552,56.93646939939085,55.5834850876162,53.74640217046522,52.4404196896993,54.423998013467,56.67924350109515,58.49499262584219,60.30053778811818,61.513689307804,62.16980924251948,62.855339059802674,63.26058192455442,63.265212159471204,62.96802256534376,62.09110020415616,61.23781429793016,59.83671833793907,57.624872520056385,54.535935099205204,49.22341324101861,42.52974325347922,49.27087928472864,54.173803405884186,57.19704089747535,58.97746368457015,60.42057436332786,26.989700043360187,21.613680022349747,18.633228601204557,0.0,15.314789170422552,16.901960800285135,6.989700043360188,16.020599913279625,18.325089127062363,14.62397997898956,15.051499783199061,55.777915663577176,58.162691469894305,59.687331795075316,61.23146074311545,62.12388985086353,62.93275245009361,63.3029869035914,63.34632659706511,63.0804166522511,62.58505585820259,61.68030823012317,60.40634377049915,58.62199381641204,55.80063512043416,52.09134169725567,47.97031974365379,50.82343672876192,54.95340323856289,57.6151363359164,59.78089173056142,61.32393224161141,62.35755634586718,62.98827105259633,62.61554283734215,63.06602783822563,62.268256281201616,42.47113641770865,60.447564615978195,59.09851163608357,55.646849976587504,54.735468182894344,51.48346567656525,52.308013232962665,54.82583480883322,57.09945475778981,59.14491775718336,60.26919177945979,61.07663705991641,61.404357593596764,61.44555839210832,61.316160983475605,60.48845610629151,59.60455555555137,58.14410092710738,55.8849692118756,52.742433137040535,48.09889518518071,44.94210269229327,47.17071062628415,51.52594077927469,54.612733676237866,56.88342389649569,58.076459551707174,22.14843848047698,18.129133566428553,20.969100130080562,17.634279935629372
9.030899869919436,13.010299956639813,15.68201724066995,15.68201724066995,49.82764058504354,52.87429958046388,55.141012756972856,56.92899771373342,57.82447540427283,58.684669231848694,59.2496637518943,59.586708909002716,59.59059050089405,58.95878150420607,58.81957251094676,57.915650432777646,55.86327325252225,53.90173541709038,50.90346243505668,48.71023883231429,44.6179855752511,45.74494268285328,50.081954933208195,53.30162053143974,55.21987527782068,56.504163260162,57.69262828595459,57.98076500255522,58.11269954332607,58.701615224037845,6.020599913279624,57.549733310005166,54.812204078149556,52.855798107295946,52.28821102199673,47.413801147643994,47.464240055890045,50.559475873389,52.467004168098626,54.24928981944903,55.69763546266452,56.52197008538782,56.57412516586331,56.5283499609129,56.25635478824779,55.95800341910173,54.6880944559799,51.57263302315105,49.54936825305679,44.630265210864266,28.524799936368566,42.281179241368456,50.20912089376603,52.786918810357236,54.362930748804715,55.249851684759925,56.24423399078598,9.542425094393248,6.020599913279624,12.30448921378274,0.0,15.563025007672874,17.24275869600789,12.30448921378274,13.979400086720377,13.979400086720377,0.0,9.030899869919436,43.21598430465344,45.53118092150306,46.09487689853285,47.71183126939401,49.35225033871845,50.11828321872712,50.243953513275564,50.53205254329665,50.71650076299033,52.17812830622584,50.701117827821996,50.95730606373884,52.31235048868369,52.04906428902569,51.414936709850785,50.65908205378843,50.63141881841965,50.319454453140544,49.82171695815056,50.05630880886649,51.166641853219744,51.85740417574962,52.70166229260694,53.37359412001355,53.67253393059776,53.304178321571584,18.325089127062363,51.91389526981111,51.92458726731594,50.35209533090941,45.70461210112099,42.76783384700269,33.31629717629932,40.63333358951749,46.232906498076645,50.511525224473814,52.67249190239881,54.1000916045542,54.94290985609431,55.61799987853015,55.98143506070468,55.483415018127495,55.0707830142055,54.634465257289236,52.70976801968039,50.85493938872156,48.41058989943396,46.808882296802366,43.57877699229873,43.647760572774246,46.78272482374923,49.83865241183091,50.287826554737414,49.60817884100312,53.05834844088321,55.40731042764832,57.392439284848976,58.72385892607009,59.65124998694412,60.16339584674163,60.378804768273085,60.26546746645074,60.01917513705288,58.977397733402896,57.8542166790446,56.411924218352056,54.012902297619256,50.78086893963467,47.61627184561583,49.27257411252672,52.55139783733704,55.03688564199031,56.96630685327469,58.39610012621015,59.250407016178755,59.60087211321428,59.94983703144355,59.64856198354178,58.68068131161721,21.958996524092335,55.694511626784696,53.77970664915871,50.8790203841354,50.53097659628283,53.10502138226795,56.200714788111945,58.57711132625916,60.43454236527917,61.754100408501486,62.598728079716,63.205317850910944,63.60554791065745,63.57123597223379,63.31763263897428,62.58834753229677,61.678667979203865,60.48883254269284,58.293455917676624,55.40482139386832,51.42642834941563,46.95516698826566,48.880895918361524,53.252076894829194,56.517905279437926,58.640290552961424,60.069501283691054,0.0,14.14973347970818,18.129133566428553,14.14973347970818,21.367205671564065,19.138138523837167,19.54242509439325,19.54242509439325,24.14973347970818,22.278867046136735,13.979400086720377,55.649499787197534,58.118135342369435,60.134001775756076,61.571692588941296,62.47507806659939,63.08934739764248,63.514957901719086,63.621958664791535,63.51673033229045,62.85480344306134,62.15745396759181,60.959897240709495,58.71017454040433,56.19020246079232,52.121343134680174,48.97038470937706,50.3499722976633,54.61858538808528,57.531362794546595,59.80345669894206,61.03580018792136,61.812045336781026,62.50864073092042,62.68713199863275,62.61789889478017,62.46644798198362,36.65393350279712,60.9416390427268,58.45183649630876,54.980968007359,53.039947700660434,51.01338012345634,52.25632297346483,55.24040231366229,57.469034091923746,59.05212833217106,60.279172856262164,61.09338218049625,61.35255127420733,61.401512219378446,61.22067701219439,60.794435530665055,59.96520428003049,57.97354114035808,56.651201881286894,53.593421167723676,49.343418750108185,44.25697213362591,47.9441135868008,51.73037591834784,54.92990741397009,56.75023626454952,57.971435379422836,19.294189257142925,22.85557309007774,22.87801729930226,23.873898263387293
16.127838567197355,11.139433523068368,20.863598306747484,19.49390006644913,49.22341324101861,52.65159931163293,55.09398784462067,56.72277082926911,58.06047629721087,58.72325294081512,59.23466291493372,59.4148956828861,59.449897109685274,59.20384242178358,58.52764143958151,57.480057401786155,56.59517834953508,54.64669845049137,52.26264711895694,46.7328822484155,40.829289150151304,44.31186793318,50.10240576381825,53.01016966634088,55.349609910025094,56.880013450265274,57.51900839480095,58.44259663390165,58.49072822793425,58.05769915039577,22.55272505103306,56.57825230554997,56.00411978078839,54.4473162508875,50.63716060094898,49.88059275466931,49.156583297095516,50.1221274115003,52.73732586948849,54.04508729103299,55.585033719081125,56.467183042028,57.08131840899158,57.05080763942512,56.54739507820202,55.38836292001737,54.1593607978062,52.248230133904386,49.00836677568152,44.137187650610784,40.092808842553595,45.917878286455945,49.06685138141586,52.106341583256096,54.05675841277169,55.473377305518,56.155544848209296,21.13943352306837,12.30448921378274,13.979400086720377,12.041199826559248,13.979400086720377,19.294189257142925,12.30448921378274,16.532125137753436,16.901960800285135,14.14973347970818,14.14973347970818,44.32536383264256,45.350661505798286,47.230696434214664,48.379480971977614,49.23601464800325,50.25059968599579,50.8059762918686,51.31811071270342,51.79321944913777,50.79720160522447,52.64130433140822,52.42851882584178,50.452486337285094,50.34066678597561,50.625556625528375,51.37936156913307,50.83262473164077,50.55901768837651,50.57609056229484,51.16268941860501,51.5681860892778,52.14348363872726,52.626456480431116,52.995072987004875,53.192018643108966,53.806977408520815,19.54242509439325,53.069073090904254,50.611885046620706,48.50333724766305,47.54692270819595,38.64985460659794,35.289167002776544,42.34719704621875,47.793727936407194,50.07171464987095,52.394421345736404,53.89238756136076,54.77469997893698,55.4022182650698,55.57750146366161,56.00725745557444,55.65727426887054,54.13301440890686,53.567522621475575,52.14030108084064,49.57549824231347,45.675086476987985,44.16207661190231,45.916099165733,48.05976350717563,48.77532592397381,49.87165554770618,49.04499155397821,52.78591281632251,55.57288194905607,57.48024360214035,58.732996714565,59.665772173316,60.25047670110873,60.511316758119264,60.42481792367858,59.842436917125625,59.33019840794729,58.11980292261776,56.146104026593726,53.81818771625734,50.42669999600307,47.446058754142385,48.557976931920585,52.149206372340686,55.31583646024021,57.136224074707876,58.406141476488344,59.253904843779985,59.68348903658517,59.766562160072574,59.39982253176227,58.9078529327366,23.384564936046047,55.93713503725209,53.2962158001926,50.48325250931222,50.3200596544578,53.31704589534592,56.402508120856254,58.814097663695186,60.43408259708461,61.80667688020137,62.665487147383416,63.25864436615346,63.47954169894016,63.52798586087918,63.224626382629225,62.72319299898744,61.771473362773165,60.38947845202426,58.52007013950942,55.79984696967731,51.755842863685224,46.90993032099869,48.6914367814229,53.51989455435632,56.62290241425275,58.69617131738398,60.08438771569886,10.0,20.5307844348342,13.979400086720377,12.552725051033061,9.542425094393248,18.692317197309762,15.563025007672874,15.051499783199061,0.0,16.020599913279625,3.0102999566398125,55.82841439635268,58.189341793700315,60.0345105335666,61.404128146332255,62.48082439669379,63.160156607777495,63.54236402649698,63.64818055921831,63.445659567435754,62.87909618559192,62.114230531245425,60.790179930249565,58.99330687824401,56.351146407607146,52.92887112304355,47.619278384205295,50.1221274115003,54.32528362385662,57.643681960796314,59.54445615246482,60.97952804009375,62.11543945528202,62.196458155617094,63.013794620805456,62.34755371564713,62.27564333352079,35.38699379542407,60.66717173286226,58.3930831882867,56.628267468594906,53.195016390564945,52.38610570005447,53.25367863156124,55.35025610144387,57.33618511028603,59.196219279492084,60.37350788634059,61.089335441145096,61.592449619550145,61.65376405180914,61.3894308652225,60.562246862300206,59.67504919028131,58.23933060754357,56.184424453776444,52.89716011908372,48.15982635423019,43.51216345339342,48.52723910791206,52.40559231949039,55.11430122004309,56.71317274856009,57.90781116739379,12.552725051033061,16.989700043360187,12.552725051033061,14.62397997898956
16.532125137753436,20.170333392987803,0.0,12.30448921378274,16.127838567197355,10.0,15.051499783199061,14.62397997898956,3.0102999566398125,17.634279935629372,17.16003343634799,14.14973347970818,14.14973347970818,16.020599913279625,6.989700043360188,11.139433523068368,19.138138523837167,12.041199826559248,15.314789170422552,18.325089127062363,16.532125137753436,15.314789170422552,12.30448921378274,14.14973347970818,18.129133566428553,19.138138523837167,17.853298350107668,20.644579892269185,18.129133566428553,10.0,9.030899869919436,16.020599913279625,14.14973347970818,11.139433523068368,13.010299956639813,16.532125137753436,13.010299956639813,12.552725051033061,10.0,9.542425094393248,13.010299956639813,18.573324964312683,15.314789170422552,14.62397997898956,19.912260756924947,16.532125137753436,16.020599913279625,6.989700043360188,19.138138523837167,9.030899869919436,18.633228601204557,6.989700043360188,13.979400086720377,13.979400086720377,17.24275869600789,6.020599913279624,18.06179973983887,16.020599913279625,16.901960800285135,10.0,9.542425094393248,11.139433523068368,12.30448921378274,10.0,12.552725051033061,12.30448921378274,18.325089127062363,21.072099696478684,34.96514518697745,33.188977146274866,30.073209529227448,28.992731873176037,11.139433523068368,23.443922736851107,29.405164849325672,33.31629717629932,35.100085129402345,34.13802516769351,38.79038505237237,37.501225267834,39.705328297683245,38.56910060300786,38.89189612047073,38.40168849240756,37.4795530690673,36.90284702512629,34.454485142660495,31.335389083702175,29.661417327390325,26.6838591669,19.030899869919434,29.49390006644913,30.0,33.868555291847244,16.532125137753436,35.748411950633844,36.39187559935754,35.82744965691277,33.91816923613249,36.55618583541222,35.4257647626053,31.489109931093566,31.061908972634154,24.377505628203878,18.129133566428553,18.06179973983887,29.618954736678504,32.68577971882843,34.59392487759231,34.48551739201578,34.402792132355884,35.450595846940026,37.03892953632545,36.74769314015426,34.8925516836926,36.098077693287024,33.27358934386331,33.330440298234876,27.958800173440753,30.10723865391773,25.622928644564745,50.23474695673157,54.79319005132989,58.04571466510233,60.459973720007795,62.29387435743077,63.51384420564642,64.59877480618431,65.22891730491219,65.4943979068814,65.42753868248353,65.12696800642844,64.38808855778034,63.21106282668296,61.41493984523295,58.89916564263312,55.092831887366664,51.06619198956041,53.28469307587942,57.55736164063167,60.35773035336988,62.480392642935215,63.797002833234444,64.52034664384256,64.92846541154903,64.87309513194316,64.50714724166747,25.575072019056577,62.438852128778386,60.66790911983102,58.18598646037632,55.5505694520715,55.604757400597855,58.566763369669644,61.20428154882558,63.67081651099134,65.25576006630465,66.45985209834264,67.28128052591177,67.75893211602926,68.01018025272413,67.95699660830584,67.63562753699071,66.97067542289199,65.91679422151233,64.45456767184243,62.27841987968546,59.13717449495066,53.94329080403031,49.59828136307159,55.19797815165019,59.78772872233225,62.507809510550416,64.16558299759747,64.79757367641447,65.05982211514278,18.129133566428553,6.989700043360188,6.989700043360188,23.654879848908998,21.613680022349747,10.0,12.041199826559248,6.020599913279624,11.139433523068368,14.14973347970818,9.542425094393248,17.634279935629372,20.170333392987803,22.30448921378274,15.68201724066995,13.010299956639813,19.294189257142925,19.86771734266245,9.030899869919436,21.613680022349747,19.54242509439325,19.138138523837167,18.06179973983887,21.702617153949575,25.514499979728754,23.180633349627616,23.117538610557542,26.283889300503116,25.4282542695918,29.772662124272927,30.740846890282437,33.376588910261425,31.737688231366498,38.58837851428585,31.501421618485587,20.170333392987803,32.85107029566812,32.98634783124435,34.9220145139254,35.09605704611556,34.1647407910022,26.283889300503116,32.17220655644519,9.542425094393248,26.063813651106052,13.979400086720377,23.05351369446624,22.04119982655925,24.16640507338281,0.0,21.613680022349747,13.979400086720377,12.30448921378274,18.325089127062363,17.853298350107668,13.979400086720377,6.989700043360188,16.532125137753436,16.532125137753436,20.0,18.06179973983887,21.367205671564065,14.62397997898956,16.989700043360187,15.68201724066995,18.129133566428553
13.010299956639813,16.989700043360187,20.374264979406238,17.16003343634799,49.923458197452234,52.68205760580861,55.3737072214669,56.7533098960697,58.062044023614526,58.59600577798882,59.39531732165807,59.5133217509492,59.59069071746649,58.87466508718643,58.708280424416735,57.58139463082176,55.48770103541044,53.412069302581614,50.23783168301277,48.63209809857713,44.134506510073244,46.64801751490762,50.77371539532397,53.65265164622425,55.4222022863381,56.751915562689554,57.85815119249375,57.97916765413744,57.8977948329966,58.421210079738,18.129133566428553,57.028301791770915,54.340129068141216,52.01599201775639,51.4563762655143,46.97865493028046,48.722320490668565,51.519242407877215,53.52585742183908,55.056382849910165,56.304949973220424,56.93953707480374,56.85287506704978,56.660853426096274,56.04589973304392,55.88640280423665,54.45836076409053,50.632770509176275,48.56517429913826,42.32208078396316,33.6285930295868,45.00894829396237,51.311372737786066,53.48485943618365,54.90915963096997,55.58354512237984,56.210307999287096,12.30448921378274,6.020599913279624,19.294189257142925,10.0,12.041199826559248,0.0,19.138138523837167,12.30448921378274,16.532125137753436,14.62397997898956,12.30448921378274,45.268559871258745,46.774061819799435,47.483431044875495,48.602002085317515,49.762399009826,50.1040597262518,50.24001023576426,50.04892890303239,50.21706008805968,51.53708182422587,50.019283231006455,50.405588293798836,51.35072195922589,50.96472023386425,50.54007530962348,50.73634048720943,50.63892289344325,50.992558052353225,50.40736800284199,51.152376238070055,52.039299372446266,52.74014600865688,53.35951091412575,53.87193993696869,53.9179049515303,53.09003820990913,15.314789170422552,51.23734071661134,50.49159854335353,48.188656435302384,42.29425847920695,36.02602520420256,36.650178254124725,45.51693915127225,49.15953563718112,52.17360218466376,53.4891206115364,54.54596402984902,55.18737609731275,55.71756566648397,55.5868217614382,54.874777564388985,54.05766276814029,53.32892716489896,50.70909276869075,48.726980740676765,46.28562613108777,45.37617636420976,44.47669577022793,47.20432202749485,49.597328492721864,51.250548948467376,51.76337289560032,45.93507589331765,50.44575035587365,53.694570651263696,55.98074479568162,57.81837200945006,59.1048032754076,59.95417554150719,60.50710668517958,60.60474971226361,60.588904407801834,59.99349808990846,59.07948521612273,58.09188554125478,56.18346244774996,53.58924215388512,49.85336641735613,46.449208710075766,48.82234152316138,52.20173488910881,55.25928054056291,57.23593573528281,58.54451794509207,59.40578735987201,59.96214306306962,59.937403505822104,59.45587728951409,26.63700925389648,57.45325453994367,55.94305240673342,53.45918462676621,51.19889048639608,51.29577115637418,54.07931099273383,56.78355374213897,59.094790046705754,60.84848207681045,61.93853656478637,62.72149219594749,63.21332636309585,63.4980147370993,63.340663324880666,62.99669611260124,62.15336386956232,61.324857456618204,59.4309119656576,57.29314660246732,54.07752807356607,49.51653166268216,45.330217507521624,50.609432418016794,54.77782326591759,57.603078628107134,59.26822272400666,18.06179973983887,10.0,3.0102999566398125,16.989700043360187,11.139433523068368,20.043213737826427,15.314789170422552,15.314789170422552,3.0102999566398125,10.0,19.294189257142925,54.36113328749961,56.82551191041809,59.292211489646434,60.85051418469384,62.03307363627101,62.69956585186277,63.366398186416895,63.493018161893005,63.491875502081896,63.00860587779354,62.500980659241144,61.37107455770986,59.39513761504248,57.25535952068385,53.55003009347696,50.051676379706024,49.162854622544586,53.30141746768543,56.731923781010465,58.993750401570615,60.65884696689898,61.620246380593294,62.27892101138796,62.58486426579624,62.50484409748023,62.25340560142523,39.537113804275556,60.4017693459418,58.97977134469171,55.71388523416352,54.8247625103106,51.055680868408416,51.898270631206614,54.58071008203082,56.88819224810473,58.80220032017418,60.162617816332194,61.06165389790681,61.2319022626562,61.33771959778771,61.161699085836915,60.936265257757384,59.92495195633801,58.04060338540248,56.61938508629334,53.89033116720925,49.600186476802435,43.957980061633926,47.36396502276642,51.799451205634945,54.7169647264199,56.555168363414566,57.794882648631365,17.853298350107668,11.139433523068368,25.010592622177516,16.532125137753436
11.139433523068368,21.335389083702175,9.030899869919436,16.127838567197355,49.52351630801023,53.11289659442737,55.12697734294956,56.86966779183536,58.06777396381272,58.87786597177101,59.26487015865659,59.503229809164466,59.40698233005027,59.47944183457891,58.261396179359146,57.34938173933632,56.66129375258298,54.78925613939098,52.267983208553446,46.345276494290324,42.55513712819534,46.42790860423538,50.164483182590374,53.11603420815988,55.46883056401194,56.89962029741503,57.380762404156144,58.231519752955094,58.45200397364777,57.43166269749386,9.030899869919436,55.54644194235571,55.115438104344385,52.95956141472675,48.7678344100151,48.37796698146687,49.062595994867515,51.22743266691025,53.89584223814295,55.876223015398494,56.98609390240478,57.46248766720507,58.07551939518473,58.04082840827349,57.53903108648202,55.75756905929456,54.292240246758745,53.475739324713,48.70497543589416,43.85695625410561,42.89990066054319,46.36257147463504,48.90141460064577,51.851028221817224,53.984417631348826,55.698009704238615,56.17863874925398,3.0102999566398125,18.325089127062363,17.24275869600789,19.138138523837167,16.532125137753436,15.314789170422552,12.041199826559248,11.139433523068368,12.041199826559248,16.901960800285135,13.010299956639813,46.39735439967236,47.611758131557316,49.306841988181695,49.831073493230306,49.72003702510512,50.02412308205343,50.107831796118376,50.2993948129681,50.36253515521233,49.18790211483256,50.084809373025834,49.92752284666042,49.140521193491935,49.430788188840054,49.55884893531976,48.72249534032144,49.169222076420986,50.017510150333365,52.0738928400275,52.63619501180153,53.41262355513108,54.042177445149235,54.442400283250066,54.630683903080154,54.641555756646554,54.79319005132989,17.853298350107668,53.2321908841013,51.19335084697766,49.038764332385874,46.3071256496108,39.15294283022686,37.36396502276642,43.25289837207551,48.259451432038475,50.765239366492466,52.65254258420613,54.05001246741112,54.64347938983224,54.79306041871031,54.762227840505844,54.71423739985866,53.80041109719837,52.15534462428711,50.41866202721293,47.25993258924723,43.38336946561072,42.842050677017944,47.49628114854059,49.86973164367881,51.40640008284996,51.956146395977605,52.20170873065136,46.38229601037562,50.48321365305163,53.97595911161762,56.26159630413409,57.98592643581021,59.068304798512216,59.844174882113414,60.37717258359044,60.54717977232562,60.35869013962781,59.85768565164304,58.90919863435214,57.397589955875645,55.19734826960749,51.88849769537386,45.93119851103941,36.94429690957083,47.7490364408292,53.112811762587796,55.946499565571706,58.027361076053516,59.30753478260107,60.175550144148445,60.556351620134244,60.745136450197776,60.49946792941353,16.901960800285135,58.82900611844862,57.40673690886804,55.60836430935528,53.417608647595564,53.08649770181384,54.69362451289725,56.925173294652176,58.98963101010384,60.4827279204592,61.67055201773266,62.48014976258212,63.03121075731475,63.218472966613135,63.126689399016314,62.68434275261516,61.89814159204528,60.77438040905163,58.934121890645024,56.67289477966758,52.56356886395526,45.85235063365776,44.2561572457693,51.94392222751793,55.85462985577871,58.30411578999705,59.96751518589873,18.129133566428553,0.0,19.54242509439325,16.901960800285135,3.0102999566398125,20.0,19.49390006644913,18.573324964312683,21.335389083702175,14.14973347970818,9.030899869919436,54.45828297438479,56.85369966718425,58.79115385022917,60.459583053237196,61.816849843575156,62.69332884829079,63.21983677776358,63.45533106013548,63.36408696244702,63.08028417510631,62.1176776115928,60.996892716769494,59.411346156417544,57.0437876185612,53.28155261969947,47.707121315728536,48.81190579083962,54.07577840330906,57.10595418439276,59.28578647661606,60.815046480295294,62.18733439571891,62.13722238972869,62.99600118409167,62.87368338590874,62.67318190058819,35.44811911757776,60.60814517718014,58.81840968324927,57.48027463475658,54.23442491075262,51.55845958080516,51.8349191784303,54.14364909689909,56.90781539623649,58.90365121448124,60.10678526918394,60.857791967997024,61.51228229381661,61.652695578126824,61.56492513700087,60.67020241228392,59.64561315256975,58.720221745564494,56.07344558965814,53.01602886355366,48.349100424677864,43.43447983807231,47.27744530836107,51.685711364498445,54.8370138233946,56.8414490100605,57.970527647821974,6.020599913279624,3.0102999566398125,16.532125137753436,19.294189257142925
20.969100130080562,15.68201724066995,16.532125137753436,24.60897842756548,48.80133045616997,52.690457096576225,55.48071105552076,57.04618890247234,58.10245963436546,58.837386361994,59.38132289820767,59.59461643252826,59.625625229560974,59.13632152175118,58.685327651052745,57.71738098362458,56.23812473870067,54.208547811542466,51.496931896264975,47.08803182944582,42.47138226100887,44.78537637858898,50.9413907916344,53.38938332929573,55.44495923776491,56.94882357054692,57.48852918969776,58.10192179172952,58.21027213228039,57.71713856148838,16.020599913279625,55.9077052352233,54.517081633879776,52.532459018643884,48.96900827766853,49.081471028527844,50.0881300905209,51.91062379026182,54.49219133633428,55.78420288715356,56.72859515075792,57.34963758810029,57.8033747791656,57.649020902546695,57.085789511636364,56.31428548145449,55.04468143897604,52.509686233850275,50.25248501827982,46.190933306267425,43.426792335874765,46.676116982004785,49.81641955139982,52.73811199399403,54.48862390586841,55.24935895660878,55.964398415625205,16.532125137753436,14.14973347970818,13.010299956639813,16.532125137753436,15.051499783199061,3.0102999566398125,14.14973347970818,6.020599913279624,13.979400086720377,13.979400086720377,6.989700043360188,47.93350281508317,48.30177915464808,48.46510300463392,49.284982681236905,49.533972258766866,49.96415346163988,50.3049042628501,50.17575868391074,50.42595198960531,48.677855789663965,50.39037170468973,50.17909395896689,47.34863809329962,47.8721243784759,48.01924825060218,49.98372693674455,50.43354417416383,50.95378599560064,51.319841646470735,52.52493800979857,53.07874543481783,53.78663121179316,54.64467191274393,54.41985615252953,54.458298532437404,55.138831856110926,24.593924877592308,53.71396692720936,50.54080391764859,48.43064510913432,46.781995973581736,34.807253789884875,36.65111737075051,44.29073669490439,48.38042694809801,50.701450409567855,52.55718634099335,53.934786826598106,54.33046207070706,54.65128446961731,54.53680610712902,54.81112840841518,54.06644058062405,51.47679415294027,51.10310190583664,48.45693235834101,45.118833609788744,42.6164345331189,47.00945885580283,49.28743967709842,51.23021443470265,52.08624065677991,52.19125891280883,46.85419255988781,50.66854957660432,53.957613435067884,56.220647409750946,57.81337389459626,59.05192304333181,59.931649873277365,60.349367243461586,60.63331106770549,60.21014718964955,59.90190067901442,58.924964175406615,57.30857342388164,55.228613731536164,51.77709606083182,46.32781120688424,37.92741785834749,47.64101376476229,53.1250316670274,56.02646977754584,58.004214925460545,59.305466259913274,60.10844603658053,60.51560760347682,60.65908205378843,60.53788875183741,23.521825181113627,58.989910507271645,57.116933699326815,55.27662117367916,53.63568736297368,52.77345578282858,54.387543023775116,56.91276040773203,58.82443704985353,60.53288237747044,61.593505935041506,62.49036108923384,62.957185818437736,63.12611011052788,63.08508282440776,62.650844546036204,61.924539867475914,60.765974853438976,59.04642525746908,56.548548978679946,52.8717670223575,46.05574376060999,43.77196935008914,51.629286548775475,55.680796349452386,58.3905045598111,60.031717681714966,16.532125137753436,22.278867046136735,19.54242509439325,13.010299956639813,20.969100130080562,21.958996524092335,18.129133566428553,21.84691430817599,10.0,13.979400086720377,19.030899869919434,54.038288902768926,56.71746584203527,58.92212625665217,60.61165870815172,61.776201765192546,62.69003166349114,63.23814770975766,63.40691929101851,63.40813801837622,62.87459980358832,62.2789312904074,61.16899831633445,59.32189553815486,56.981188221609,53.35347557820738,47.12085425704258,48.04125796501759,53.37109688297215,57.091376167130306,59.3659466249941,61.19262489447873,62.317205625391416,62.77084994520774,62.80562436840084,63.26968404752386,62.77325168473668,36.55618583541222,60.87513449261857,58.959636955102624,56.12267693004008,54.78211412126181,52.52493800979857,52.68512448376133,54.614219857656366,56.94521841488344,58.90872964046365,60.00128966310576,60.94396002825179,61.35651903394474,61.643445267693,61.37428175688143,60.8049444710047,59.85911247931273,58.460728668793,56.4250606806843,53.62325994992937,48.80659276038634,41.948194895620354,47.59796225820178,52.401197333673196,55.18151876929111,56.80235768364048,57.76765088842362,13.010299956639813,19.294189257142925,17.16003343634799,18.129133566428553
9.030899869919436,3.0102999566398125,0.0,11.139433523068368,49.98503451440391,52.88036722634327,54.61728068929887,56.511306390821254,57.6537644378633,58.79404423017755,59.304666098977414,59.4773262536206,59.418462171571875,59.48485831149643,58.519215175012754,57.80752828624122,57.18795547833665,55.45636115271721,53.19815764089732,48.23637222034628,43.69215857410143,45.19736139308187,47.735524185808636,52.16896591643981,54.41966779223534,56.338571266668154,57.385752503451144,58.10631670304951,58.346317589313976,58.09374510837042,18.129133566428553,56.71966625734897,56.11125077606778,54.182565334752695,51.2735428396802,48.96107152671678,46.937709036306224,48.75691979829057,51.63569825317389,54.39068878523767,55.83544484420663,56.77814926322963,57.36036964848725,57.53345549004408,57.45646964603404,55.987905067631154,54.96925498743057,54.53454418053145,50.2868916308909,45.4831569852736,36.82776646314434,38.73029812061044,45.472453556412674,49.65789459245144,52.418850186237485,55.212034845748626,55.94845394957041,11.139433523068368,16.020599913279625,0.0,6.020599913279624,9.542425094393248,18.692317197309762,12.30448921378274,15.563025007672874,16.989700043360187,6.989700043360188,14.62397997898956,43.46450777509695,43.605366145832946,47.69525020171051,48.190501384654716,49.16180125116999,49.3438228718508,49.39823651243017,50.326066745652355,50.465614935567054,50.68371418032643,50.70555015835032,50.61003627050361,51.63447628628096,51.45681102891996,51.26098923288605,48.82103130533426,48.48324620369303,48.062681810922925,51.000740206933976,50.73894231479195,51.963668899439426,52.748618518466174,52.56664838665227,53.945987556636574,54.37047832337679,54.17052974363939,13.979400086720377,53.719171396825224,53.47322207705521,52.52755971088574,49.95042570695854,48.37512682591181,44.23655392573379,35.748411950633844,39.71461405024587,46.282356225890844,49.83662364087664,51.88785100750853,53.766681858105294,54.79714918375551,55.36716224401387,55.24058422636234,54.97080380188191,55.020896595479826,53.52323399690381,52.148041241747585,49.296692115754524,46.85992392966588,46.62455608647872,44.35366506612661,45.902844037181616,47.66955376204693,49.609699529878455,52.52702578900777,55.19514296275601,57.155905677774,58.58724829993189,59.482784505991916,60.02645033934793,60.22030601351791,60.09563491805913,59.77526985390231,58.998478500850446,57.60396093199774,55.74644637249709,53.43440106092362,49.33613812097788,43.433692002275315,46.05735893876747,51.55761012877924,54.6879616480475,57.03870624293384,58.44875251852975,59.411659466650505,60.00640979702701,59.960407853442554,60.04321373782642,59.433530256372734,58.44284527459442,20.644579892269185,54.842343342555644,53.12300092895728,51.96877787324533,53.178732895514635,56.098077693287024,58.40951893517156,60.05122574098656,61.487537679279434,62.394421345736404,62.88889460782621,63.27962643757051,63.50046528758884,63.2739101989926,62.81444501753108,61.75878112933768,60.53545923106569,58.80894157862699,56.15450272966065,52.15862185987261,44.612133054611355,45.81175677018202,52.539628233737055,56.08111865797145,58.49253527083681,59.90818622750892,60.96925647327989,17.24275869600789,17.24275869600789,6.989700043360188,19.49390006644913,3.0102999566398125,12.30448921378274,17.853298350107668,16.127838567197355,14.62397997898956,21.613680022349747,13.010299956639813,57.15974111291648,59.289946427424304,60.57144028389047,61.8939485387221,62.65831095296396,63.31620205950447,63.45687524827018,63.44815160949942,63.12931214366184,62.48994986562022,61.359568692018065,59.83265803922039,58.10515456733078,54.79598341422792,49.65864634904571,48.409713106187546,52.93406755462784,56.17002439156806,58.932245243374474,60.365091285327296,61.56292254082251,62.500450785408674,62.79019125128695,62.44178620057576,62.398303205001724,62.35266781419418,40.836817472743014,59.92147751188923,57.87297494951269,55.304558435846765,53.25848030035179,51.484576601454854,53.220248527303234,55.50503522928577,58.076845024684275,59.584654510963745,60.635255020716485,61.18230655955229,61.668671487809796,61.722204202200956,61.48613141904179,60.46270740386338,59.51578888351541,58.183083885295616,55.590743275686954,52.16917676331268,47.27744530836107,44.25534220498263,47.30273417217853,51.94930399217724,55.03684478945214,57.18485911152082,58.25117652673598,23.26335860928751,9.030899869919436,21.367205671564065,20.969100130080562
10.0,12.552725051033061,22.30448921378274,18.129133566428553,49.46629091016427,52.73003588294798,55.22373801663275,56.81711468401807,57.9893225864993,58.864190888760774,59.48245182238034,59.745715595362626,59.707307827739996,59.16156947517646,58.99821596366479,58.06082925468044,56.12771145475709,54.017037516917014,51.06700732362354,49.54999452005193,45.057602759200854,46.15960567133985,49.916247345340054,53.03336478206032,55.0145364716397,56.226884817763846,57.6842867198867,57.76643080505562,57.78295991088834,58.1790962794275,16.532125137753436,56.9903253823908,54.21408121208245,51.79313323312545,51.07298176756274,45.97179429275773,47.94383468784466,51.52682700411586,53.48376914899766,55.21772056964914,56.62316704412654,57.48598861330268,57.62877288612869,57.592182116363304,57.217323197762546,57.000803775376305,55.79309042148455,53.29448730538655,51.80039810927176,47.794882648631365,41.48232359644905,41.452896590541464,48.936341727803914,51.980877331648855,53.73239440595073,54.43771323019792,55.55300054669641,16.989700043360187,9.030899869919436,0.0,13.010299956639813,3.0102999566398125,19.294189257142925,11.139433523068368,19.54242509439325,15.314789170422552,12.041199826559248,13.979400086720377,46.889623510950045,48.16506437046357,48.525836751668336,48.7882041388574,49.61553972594194,49.91159596959518,49.71484593986971,49.5424733490676,49.07287719747073,50.578486061461206,48.406141476488344,48.23637222034628,50.1031692093668,49.55981028490897,48.856551740825,48.63733163764354,49.45690107443128,50.2639024655699,49.916247345340054,51.05612359686785,52.16231899472034,53.25886994651106,54.179298272974265,54.874918915584914,55.12086429684199,54.68208452150507,9.542425094393248,53.54571311731029,53.607164525484464,51.865749602921426,48.47140617413406,46.52710372191876,39.4571471405986,33.43408593803857,42.469415124832544,48.62328198964463,51.08598845973567,52.81953278498541,53.98721036025533,54.64793477005378,55.039826015295716,54.545399849648184,54.01615911220822,53.733424036489346,51.26316519529326,49.06862771404509,45.77077988960845,44.333056987081235,41.73565017858661,44.959603948817055,48.560881507078506,50.808356481739736,51.73098817766228,50.21106568432121,53.16808752053022,55.445467452009126,57.30273417217853,58.67595341361288,59.51275819335951,60.00597612139987,60.055669998965165,59.933030558337165,59.682260317537924,58.50108087297562,57.03774423244031,55.18421807033958,51.6216098843503,45.296869537729165,36.54850090561394,48.029720192279115,53.24204234081768,55.878601930369946,57.96636073564278,59.33380472691197,60.2154362151229,60.78773179495444,60.96004347073848,60.821995751732125,60.02921206896606,9.030899869919436,57.72329042716399,56.45343656898537,54.623410866174034,53.07739858969554,53.88030116459972,56.09898415641638,58.26712164290367,59.98091867301638,61.32368569778079,62.23970472180344,62.74981764729799,63.09157295497998,63.01209322256614,62.66499813103078,62.12546614846844,60.86639184390908,59.636065187643375,57.0172768626407,53.547421234241675,47.26670168482115,41.642338546926105,49.56384563098206,54.78661712516641,57.71679327023483,59.65843493065581,60.8904874285309,11.139433523068368,24.14973347970818,23.05351369446624,22.380461031287954,18.129133566428553,17.16003343634799,18.573324964312683,19.030899869919434,20.863598306747484,16.989700043360187,22.04119982655925,55.350661505798286,57.67397073798407,59.76343099944327,61.121288933070225,62.33626776108545,62.87698740677577,63.24320325771929,63.35659254309765,63.186313045500796,62.65721819033688,61.81084051693401,60.51025883016323,58.09522006810739,54.87462207275958,50.121029417880216,47.34999734992562,51.202645507216985,55.18695515970691,58.06729280402855,60.175016236722165,61.422204714129585,62.27196424737687,63.07971789659543,63.13463940444554,63.26691549910522,62.83757224629895,19.294189257142925,60.663277892828525,58.843466821520416,55.303175438422585,54.111565482964785,50.11016121367881,51.31775803048883,54.983326126316356,57.22082479209034,59.15560225424527,60.406454509966075,61.15716992285799,61.42016651442431,61.48274959658518,61.03853302928596,60.95172839726837,60.04950429984156,57.99550752253009,56.48251667833098,53.678346857122435,49.06991913612941,43.35919030990713,47.61424125480513,52.47727832909723,54.99666466884708,56.94230403430292,57.982810962938615,17.24275869600789,20.969100130080562,15.314789170422552,17.634279935629372
10.0,12.041199826559248,15.314789170422552,3.0102999566398125,50.291889102805484,53.08387245035482,54.861370715825714,56.68614187478293,58.003162704716296,58.86883104954043,59.38183867697155,59.53748097509984,59.43851499690206,59.414329146352614,58.55505224101137,57.67234551628973,56.65720730689134,54.901186750246694,52.08884562077601,47.86864948347202,44.02261382454681,46.78918801456555,49.27642353589185,52.96072566359835,55.04042473623875,56.561077889816715,57.763706167595636,58.26981336911993,58.36669008595621,58.13904420828,9.030899869919436,56.76650635202624,55.53079202356347,53.47027367664761,51.14804405669539,47.38225448142505,46.5988768964946,49.85359101564537,52.34643807761769,55.07537452205705,56.21161735783243,56.96500547077615,57.34048161949317,57.42156170701429,57.15703409859198,55.800235351693665,54.49850051735834,53.501025828865004,48.7692184317458,42.61334253799131,34.34568904034199,42.154789363625355,48.32413101885117,51.363304779932754,53.67484512798783,55.685501935813804,56.327740395224936,9.030899869919436,9.030899869919436,6.989700043360188,-inf,6.020599913279624,18.129133566428553,17.634279935629372,15.68201724066995,9.030899869919436,14.14973347970818,0.0,42.27012095991085,44.1929472175346,47.89982389752443,48.54433578095548,49.72619339059624,49.90951231009211,49.9289357464422,50.33685057800377,50.258340721112795,51.593897097810526,50.155776863679776,50.335684961921395,52.15827839474379,51.76070991506946,51.70393744321885,48.734484876510976,48.47010921039175,49.072500828813276,50.997980021373664,51.066293914689645,52.11059105344067,52.96096726105061,53.11476247578929,54.14239438678446,54.333873584416104,53.642450993107566,12.552725051033061,52.47897196824794,52.74585003380028,51.00770187849129,46.59060072240938,44.680222264940916,38.09222921689422,36.813317059691656,45.52278757969826,50.092553767826246,52.08940937635908,53.607637659541545,54.8863672085223,55.61923854883944,55.87048357103245,55.16690026582975,54.551571349714656,54.73143778355042,52.04901010009421,50.218381877231195,47.12051714386245,44.80035703228801,44.80940678248571,45.61637954564607,48.43388522938088,49.90747201529203,50.50012210075464,49.86449251652762,53.38683542367381,55.83754043639778,57.561140327250655,59.05866009218048,59.845997647214226,60.29552592071522,60.47081631519541,60.29673481280905,60.085767532908214,58.97493483957244,57.71928316035553,56.394008172285346,53.75497178713977,49.72017598674015,44.02312978734,47.23233952857966,51.95484523033763,54.94439854059586,57.13943921487289,58.54122566779803,59.434084399052935,59.86141326085331,60.169305997987756,59.87162870839604,58.952705716370886,24.345689040341988,56.14906702944897,54.58311439061187,52.27055868279322,51.14804405669539,53.9768456840988,56.72711904123421,58.74427310031625,60.55091128018788,61.72309216153327,62.599057518038386,63.22818621007394,63.62766068420555,63.569632652405005,63.213419615390265,62.537258373864695,61.522228894372944,60.39184020971685,58.18454201208158,55.21432310094689,50.37027879755775,43.854811501692446,48.47109740837239,54.03431110884143,57.06809921489425,58.985546107443234,60.2591017920348,14.62397997898956,11.139433523068368,11.139433523068368,9.030899869919436,11.139433523068368,21.64352855784437,23.010299956639813,11.139433523068368,17.24275869600789,16.532125137753436,6.989700043360188,55.84386638617513,58.167641276743545,59.94737603107143,61.38321648784754,62.461049769868275,63.154602220210066,63.56337404323617,63.62622881474409,63.40143375835077,62.979289453097564,61.99248479062284,60.74121305906297,58.75256941348756,56.10725089519265,51.98794500175598,47.96088428680669,50.63126860458549,55.38518438165266,57.565790605655025,59.751522994882535,61.52133255214204,62.23134960540402,63.105159480660916,63.14499649004922,62.786918810357236,62.3556808709473,37.02775077901044,59.8202913687857,58.52032049010936,56.82532247469208,54.14843040079086,49.59327645972171,52.08253193072685,55.001005649596536,57.34335694372105,59.30146398017118,60.3778056255904,61.21434100523372,61.56280738619057,61.654419845734836,61.42521173794496,60.784720434694094,59.70228289277834,58.49566815477884,56.09237863996335,52.99380892549426,48.186217263758884,44.14471949629303,46.891045416815224,51.77397965310998,54.80688049594046,57.05584922030428,58.055633811886736,10.0,20.681858617461618,22.14843848047698,20.043213737826427
17.634279935629372,20.0,15.314789170422552,0.0,49.14855967087234,52.624629555377794,54.99931647977596,56.769129872092094,57.92563271966961,58.726421774642986,59.274509515823496,59.44942879085392,59.50393092336951,59.380110827405375,58.622059427061124,57.6887035338898,57.00442369732764,55.27753599188921,52.848479073342965,47.63165840200662,41.25936466966094,42.95127085252191,49.05520650085998,52.34481850116511,54.94912555583155,56.546933432153075,57.40483485521995,58.44415040473825,58.6221011787763,58.09189228025423,18.633228601204557,56.80753286848425,56.4511166722858,54.865565688973504,51.25936466966094,50.21371251017942,48.481459934125574,48.620955843366936,51.86012173637635,53.89621411640117,55.29142782926377,56.39528322960665,57.07900454907762,57.34911787951127,57.21850993657246,55.922267372607266,54.61858538808528,53.7016507050715,50.560239407672924,46.1067080743203,41.07379582804448,42.66537430234307,45.89335125784143,50.18700498666243,52.92699003043929,55.002694162677166,55.95734246961931,0.0,0.0,3.0102999566398125,18.129133566428553,6.989700043360188,14.14973347970818,10.0,12.041199826559248,14.62397997898956,17.634279935629372,17.16003343634799,44.565178578052624,44.307521043598584,46.45422269349091,47.74144553687519,48.71129074655939,49.30724952769488,50.14528938956798,50.89961601356478,51.45165317350656,50.8530842069353,52.35207657536418,52.09110020415616,50.644916831813696,50.56546601148994,50.555694400609895,50.80716654986472,49.98420642759893,49.98268059108871,49.99104430613782,50.63051745747089,51.23570728140037,51.85306954569373,52.260737939403406,53.22072437010309,53.45305100726491,54.112222625399504,18.06179973983887,53.84885425996748,52.20894860723885,50.86092764263604,50.25162442463791,45.43683213072998,39.4101424370557,34.099331233312945,43.466854150275736,46.528263025610045,50.02395032307298,52.44687712313355,54.00185575772228,54.89688542670342,55.38791077981237,55.840744170813544,55.696231769471595,54.83752710980379,54.67474911384599,53.09868538182918,51.19638533425346,47.94940926679733,45.66237093016879,44.28539730637989,46.226801987325814,46.90063112384906,48.4999031684699,52.27055868279322,54.948694776370736,57.078604602751724,58.52861054012188,59.41961394880289,59.990491578427765,60.295124234435434,60.30684306036753,59.928538414836325,58.977397733402896,58.05128931995762,56.14594580233166,53.58867197666904,49.91978790994584,46.28562613108777,47.067177823367594,51.63188219273303,54.690705520312534,56.90664687898789,58.262562609882025,59.21062411651662,59.66845423654917,59.820001668026485,59.58668980280063,58.94626715843272,58.06522524344458,21.13943352306837,54.192020976691,51.522791690506004,50.507431276347965,52.43553932177578,55.85020571863875,58.35751431855978,60.19053947051712,61.5217730984041,62.52820518332435,63.16175904817364,63.53632568421614,63.57578884453686,63.426920572482935,62.851056780258645,62.131930436743176,60.89781514122957,59.08819993428155,56.560876561026696,52.863329454781976,47.1032895804263,45.77273448787888,52.19982490753239,55.76410463191415,58.19191092485742,59.66695398571695,60.8557632634053,17.853298350107668,11.139433523068368,23.26335860928751,19.294189257142925,19.49390006644913,10.0,18.129133566428553,9.030899869919436,13.010299956639813,18.325089127062363,22.04119982655925,57.03444429201894,59.27224547034423,60.71898569068031,61.935433791963376,62.777111870515306,63.34507833531349,63.65608148031758,63.61152865095975,63.29642927240776,62.63566954648262,61.645446763893936,60.03400640149614,58.204090302310505,54.8006733732797,50.324092176074785,47.02439153314047,51.732387303486924,56.06512493646135,58.5612988801088,60.3649355641868,61.61781433442253,62.26299016632201,62.73984558918133,63.06657661289122,62.42780373589828,61.729956033497224,29.772662124272927,60.252288326196,57.88556516321272,54.92302113269582,52.538054926618926,51.78228510935771,53.29812651137723,55.640502787680276,58.02376865596947,59.472106352664895,60.58845690243003,61.20745312102278,61.7030308877683,61.722037689612364,61.43674489070982,60.57566455741118,59.48161021476675,58.18988209619019,55.726973849826976,52.45830869329343,47.30798420142587,43.107357840545,48.70807576367386,52.50288230061403,55.164904217600785,56.94198789956856,58.05104443048019,18.325089127062363,13.010299956639813,21.13943352306837,14.14973347970818
14.62397997898956,19.294189257142925,12.552725051033061,14.62397997898956,49.933877278979146,52.84539011956544,55.11094232955525,56.83354179435795,58.06931196216407,58.901146129564395,59.45917911412885,59.67183259108302,59.66815891563571,59.05848208351581,58.69115501063979,57.79077480703097,55.74026635228538,53.7345636999195,50.56981036668113,48.478501734642485,44.81628919507578,46.69735164116786,50.41759706274034,53.62998646567626,55.362616574567916,56.786294422523255,57.89316247841687,57.87230868300435,57.99192312548847,58.37942420685742,20.644579892269185,56.93636388203657,53.90413994291701,51.54156070498428,51.15547276456635,46.056066844300936,48.16082140028396,51.76467484599134,53.75614238728929,55.534570150785086,56.74319082207465,57.38173072545511,57.39237595134207,57.22960343221172,56.67760119259061,56.17696332735598,54.766070352762,51.851028221817224,49.19418069406337,43.68249684638123,33.81115080709851,44.59392487759231,50.73296678485579,53.02698818991789,54.665147053736874,55.59649322070798,56.28798506474024,13.010299956639813,17.634279935629372,15.314789170422552,-inf,18.325089127062363,0.0,6.989700043360188,9.542425094393248,6.989700043360188,15.314789170422552,19.138138523837167,45.68588895162371,47.47023177451628,48.203656850432424,49.07722994978043,49.74097003794131,50.054422119342654,49.98346537396365,49.57746124181861,49.476297473843545,51.19470343473499,48.86829004676982,49.17111472493697,51.0862251997493,50.66240176355773,50.3612165625228,49.44453060153255,50.00781027353496,50.79130575402225,51.04193385234653,51.63048014096093,52.66537430234307,53.537470172847236,53.87775891997152,54.48126358347398,54.64659416648189,53.586694782555185,6.989700043360188,51.747109065803215,51.55463573759529,49.34750874663579,42.629254693318316,39.453700944903034,31.94514341882467,44.084095784684294,48.23448144634307,51.73361116894232,53.18272080211627,54.10017608203053,55.105235630359665,55.56684752913637,55.508664804046774,54.28937820050965,53.290967183689546,53.082762110507815,49.714428529631604,47.14371678038968,44.50326104061412,45.244869963437395,45.16469266203777,48.353671077270675,50.372391929623404,51.88247696308272,52.35982703481839,46.780173312839835,50.955633515828595,53.68095269482191,56.23180004561175,57.97286934728612,59.251521674151554,60.08360392058477,60.53767003549852,60.627417601628,60.609432418016794,59.878132389064085,59.082989294045134,58.047934493734054,56.17797912902429,53.24055986814951,47.94662287175811,42.930530234278315,47.94655318897174,52.15827839474379,55.51519528320927,57.47152241323114,58.93651926576989,59.69195913513243,60.27742945256775,60.37841469210846,59.875947702381715,21.73186268412274,57.994908031366734,56.822028580741815,54.672898516480764,52.27562790330501,52.3584395326498,54.48106239116964,56.905017512002786,59.12138060003553,60.820906616467106,61.84678373401592,62.7027159607081,63.24623170741547,63.48007376576987,63.40345147881368,62.865911834373264,62.0908828488847,61.22412495411281,59.294434498867126,56.98304155018836,53.24605483160798,47.3837619112041,44.35796603701067,50.78764847613001,55.289167002776544,57.93958623756157,59.68981867027365,6.020599913279624,13.979400086720377,22.278867046136735,6.989700043360188,21.13943352306837,22.50420002308894,13.979400086720377,23.521825181113627,14.14973347970818,21.335389083702175,23.443922736851107,54.287582395175576,56.7719892574209,59.17184002156746,60.775165212279816,62.09080771119895,62.75766836818721,63.414885359772995,63.54493560567336,63.53675466235121,63.061017063472384,62.41519585380722,61.32139569358269,59.44710123665122,57.025864753137824,53.03822199862847,49.36875503834174,48.6693681773164,53.641324452663035,56.990811694948526,59.33439198967534,61.053582402801496,61.91433128094748,62.598465466051955,63.16596997582536,63.10400144277957,62.72139936351624,32.66936911159173,61.14235233721678,58.71620798697979,56.70172536492593,54.78537637858898,50.53454925025864,50.88692338311862,54.10149371794059,56.78175907093817,58.88069361302664,60.169080439720744,61.01139874312462,61.37972192781327,61.4752792782225,61.27628552698369,60.93198176142116,59.969041984936176,58.3259129311035,56.6790942259825,53.92248360959058,49.54999452005193,44.024505388513646,47.352235198572515,51.80561672034769,54.70946779511408,56.78833287673507,58.038079603162736,13.010299956639813,23.010299956639813,13.010299956639813,19.294189257142925
13.010299956639813,-inf,23.521825181113627,18.129133566428553,49.89894563718774,52.81644587278205,55.0321578148239,56.79460603751507,57.9916748653962,58.871366102060804,59.494061094002035,59.71721977734134,59.67961949777361,59.27660309234756,58.91065554228409,57.963467199166516,56.20964277706896,54.244389531784584,51.43080408133624,49.21816484310169,45.154101722921574,46.68842338347539,49.38504714739147,53.05448107442473,54.964452918733535,56.396816786982235,57.76495608019058,57.88700656776784,58.017781532698045,58.32775155784095,18.633228601204557,56.95668137917465,54.55870715810266,52.1728649275249,51.54588286119912,45.82892505401443,47.273867052779025,51.009905230699644,52.98138849758211,55.002817686643475,56.59111487531088,57.27223959784289,57.478156149651696,57.410798673422995,57.04126484069136,56.785739141965294,55.36702341900391,53.423535830217055,50.74084689028244,46.54840475788552,36.419695977020595,40.403253791997244,48.945652673415445,51.8968117042927,53.81802545450487,55.04073767115777,55.925775450606245,13.979400086720377,10.0,12.552725051033061,15.563025007672874,9.030899869919436,0.0,6.989700043360188,17.16003343634799,6.020599913279624,17.16003343634799,19.030899869919434,44.72493160747825,46.48837959790263,48.12010422423839,48.691906358773394,49.46344169224557,49.82673673696298,49.74774124411973,49.70281773676818,49.53672727513225,51.096224128184595,48.9108006481101,48.96222987333409,51.2326674568785,50.81019482631868,50.30947665729787,48.80133045616997,49.07948521612273,49.75597222520748,50.37127568607792,50.71429074412152,52.249627419530796,53.074297120165795,53.814490249646,54.416275909211116,54.72314618807939,54.148614192013476,11.139433523068368,52.96333859527094,53.14913746583655,51.61957643244891,47.57282125444405,46.09039181902239,38.989992708897894,35.056925074122,43.229838069483975,49.44724427913198,51.514464656630075,53.144150134136666,54.32560445011263,55.1061202578917,55.36591265914063,54.80548753915918,53.9418892324117,54.163741915354215,51.64352855784437,49.223101632143965,46.7299324417899,45.34964792394666,43.598354823398886,45.32512329290388,48.57139433755538,50.88224711184667,51.28092181186872,50.33584575515413,53.34504013807304,55.666024574070995,57.457616207527316,58.93366668385161,59.769260573333334,60.24860280058355,60.38367776646772,60.20734085411515,59.998722986493014,58.83403052438372,57.38537190297417,55.9379097311093,52.849493214036734,47.757269237808096,40.762762554042176,47.26670168482115,52.32063026432642,55.11274922697965,57.37435175368092,58.82484692596634,59.821128676392604,60.184961990971914,60.586400819120314,60.30036757683983,59.396934346662604,20.253058652647702,56.92488235998874,55.57811462347402,53.52323399690381,52.47297990333337,54.02615553498691,56.468524939941545,58.567300984326124,60.25035781240729,61.5392609044137,62.45790182136286,63.06856319743012,63.38389750562777,63.29728305635417,62.93470838562688,62.437494604731455,61.19285589252775,60.20775488193558,57.62382182272606,54.43796333409892,49.06722823996353,42.050147925690034,49.04488333073048,54.33216015428727,57.28205203542921,59.18534622747423,60.51218144211127,16.901960800285135,15.314789170422552,21.13943352306837,22.380461031287954,21.335389083702175,17.24275869600789,15.68201724066995,17.16003343634799,12.041199826559248,18.129133566428553,20.0,55.68675667989777,57.82759908808238,59.851052378775606,61.30899591067159,62.433201243910055,62.99090891177573,63.49130211560498,63.49128462126815,63.372215822720904,62.75969094589719,61.98893685500305,60.57609056229484,58.48708727361434,55.59966441093215,50.850764114720945,47.69680044932302,50.79662322551058,54.72582404200301,57.96688788717378,60.08551204427512,61.25036333326087,62.338610437834994,63.32268748916508,62.88170723439809,62.83025409379012,62.654397875118846,26.857417386022636,60.39422448031541,58.68482796703845,56.2779379449156,54.142795933462004,50.913151596972234,52.516138895435915,54.622676900072236,57.25274417501015,59.2069296405516,60.46535743414707,61.37615179350192,61.450906952369984,61.448857293862304,61.14719377545106,61.02025290611416,59.88587938602875,58.16050964371229,56.245636254530524,53.51821421065281,49.07223197408704,43.84711742938283,47.26409316259979,52.27230913327773,55.01931085568346,57.15041821070042,58.15687304213462,20.253058652647702,21.64352855784437,20.253058652647702,19.294189257142925
19.294189257142925,18.325089127062363,12.30448921378274,16.989700043360187,50.25182934335449,53.43215531128127,55.0158502926553,56.92530553123838,58.00555562170729,58.956832654692164,59.4984358304026,59.55678612238237,59.515303338276446,59.25341490487306,58.29361674901893,57.337147384685096,56.17936107552475,54.12556300066784,50.979822642101865,47.09040878087115,44.77656554546929,48.32617472757271,50.7560899903022,53.84132895011018,55.672581634027935,56.99644374111188,57.79706854402855,58.11678205568357,58.21500427317821,57.800010190849136,9.030899869919436,55.85562241029359,53.95614661922327,51.49012696727941,49.67491813818383,46.30478726202636,48.76200514668308,52.45793881129536,54.37883683790041,56.36425706547804,57.125907817125274,57.68928027342528,57.93769437506466,57.70610506217356,57.13969095303522,55.65003192025522,53.79515814049955,52.3226659442048,46.24539913879395,36.80969718465897,42.22872477069839,46.96408815486136,50.915297903106875,53.07874543481783,54.72943579681523,56.24787275292107,56.64976497846675,19.49390006644913,11.139433523068368,16.989700043360187,14.62397997898956,17.24275869600789,0.0,12.041199826559248,18.692317197309762,9.030899869919436,14.62397997898956,3.0102999566398125,46.01647215470563,47.92538764335695,49.51458948821007,49.99800178575873,50.29716474028271,50.019499410842684,49.99374165236808,49.787509813329834,49.326005845004815,50.2566626204913,48.05364907466445,48.051268913028586,50.728709247359234,50.52559285915503,50.489853025707106,48.80562085821845,49.81229487420001,50.716795347219445,52.55535414944344,52.842050677017944,54.06644058062405,54.387147666454034,54.35748836164376,54.92237804206286,54.75968846726734,53.334956387065226,13.010299956639813,50.701893812280865,50.3499722976633,47.53245909414035,36.35986111800833,34.81155870828035,42.41247551263716,47.44230377604058,50.66270004017423,52.52117261546594,53.59717884507681,54.44127585175973,55.35349827715252,55.25262547885373,54.98023686838225,53.17329843967315,51.72955943830425,51.37116640582768,46.084939416662536,43.00791067987799,42.97935506359647,47.330125904856374,49.28856533581911,51.33398378597971,52.16664592497991,52.76893586087653,53.02532224931979,43.37059726320525,47.44230377604058,51.34623289662437,54.45246035080618,56.66455265401226,58.37431862002762,59.46262096727162,60.25761635233387,60.60456456611711,60.8659506912823,60.47379630725462,59.965624536205425,59.241681131271086,57.84995085694882,55.771343364058474,51.754248297903224,45.72092890303906,39.736819185039835,48.07244048014467,53.13365172592994,56.104184663189976,58.05571535702978,59.2404139298798,60.220442239779466,60.62815049453291,60.49864330089039,14.62397997898956,59.33977996122309,58.54959724650172,57.04315277164966,54.34372469096943,53.21776502324557,53.39326203331403,55.178251029308726,57.71788782255001,59.469947941053675,60.86482626096916,61.993711613914904,62.840357411097855,63.27292712202612,63.41390400391628,63.0428905975059,62.56749006359961,61.807312851913494,60.35391710735598,58.429416970390875,55.62117921585231,51.27406107152707,44.04867911689591,47.57008635461282,53.37437296416593,56.66477731571931,58.92460814616507,14.14973347970818,20.969100130080562,15.68201724066995,19.54242509439325,17.634279935629372,20.0,11.139433523068368,10.0,15.051499783199061,13.010299956639813,12.041199826559248,53.70574149293699,55.91626598926527,57.87854207455969,59.94173684191673,61.419377277015755,62.36675538585861,63.181311881746645,63.525539223122834,63.55551317845424,63.26666167834675,62.66406931856907,61.63834963281328,60.202029517935884,58.124440651393485,54.90702747711716,50.163521322464845,47.59433640177714,52.60607958900626,55.670381354977394,58.67986916231899,60.535793226815954,62.06354370196597,62.31702477013313,62.93902600481993,63.22663495509748,62.592299032522305,33.380578754197565,60.86149396062244,59.45445934262044,57.436226352682624,54.214147043451945,52.691882694830234,51.323781755482926,53.17938039636056,56.128527028267705,58.419979269589426,59.708436592293054,60.72866150991921,61.34569772009119,61.61147804046098,61.47144954518978,60.76923207266907,59.94898462846707,58.630997063182164,56.53583917976265,53.63194405289585,49.49297282194691,44.88846725473783,45.83754043639778,51.27655419775208,54.53478876993972,57.01647411375681,58.01036497077193,18.06179973983887,20.0,19.294189257142925,15.68201724066995
17.634279935629372,20.681858617461618,3.0102999566398125,15.563025007672874,49.35129234915682,52.734203087810705,55.1135520512572,56.82986665307672,58.12989518534911,58.88305887242864,59.37243487699696,59.54022893932653,59.53505514032742,59.471086146319685,58.54734658063417,57.607789712567225,56.82965037141297,54.89571799298845,52.36144102496784,46.813317059691656,41.59958002678519,44.709394375650504,50.06983464263954,53.155715346144525,55.39724545802329,56.91915668061701,57.68230990620765,58.55462215141215,58.71456757908662,58.058140624952316,12.30448921378274,56.63682083571736,56.2009960186871,54.449390212076594,50.494971222789964,49.96248914569132,48.64855057915473,49.56254896432293,52.59548488201816,54.366793567767864,55.833178201069074,56.52536418593026,57.22057771331464,57.3424681191822,56.89366583592577,55.610739410977466,54.15982743884541,53.15527433037187,49.16653941165008,44.061482870796354,40.72360203963488,45.623523527768064,48.36912483547713,51.67320289122358,53.96973062100696,55.694324359249386,56.26534370507781,18.129133566428553,15.314789170422552,15.68201724066995,15.563025007672874,3.0102999566398125,9.030899869919436,13.979400086720377,14.62397997898956,6.989700043360188,6.989700043360188,13.979400086720377,43.67747168950207,44.50449268862664,47.562099712095105,48.408146963546635,49.64580163616759,50.258340721112795,50.9096659884002,51.566521099242344,51.90555792335172,51.0108688458908,52.45438634035767,52.249213455840305,50.43000542867627,50.47963738902426,50.26500578854439,50.52713175089954,49.76221551932937,49.64000202059077,50.53063069955324,51.088152459627985,51.795747691013275,52.26078954988749,52.69178922731304,53.28954204579589,53.40162426171224,54.07514970885488,21.73186268412274,53.128646568771856,50.651837026311775,48.8807273312369,47.35598899698179,38.59798547480566,33.77670439334323,41.75627764367181,47.664723354327315,49.81351908829629,52.12448635508152,54.000421099145996,54.88903085267769,55.52359112304788,55.712195383681625,55.9346883108305,55.38786053910602,54.23350747487839,53.628235183311226,51.8646189589451,49.231248045000974,45.12217305233624,44.77931182055328,46.162864207171914,48.13407502976912,48.67090189051021,50.032191903517514,49.03968544078663,52.801046674000446,55.81449004440181,57.504042442554265,58.8894403283955,59.7494438995797,60.35489374530168,60.61469443384061,60.532878536010884,60.05508684212067,59.33740299496935,58.0968156932347,56.17378872504902,53.6523706991893,50.22465488785774,46.87439774545894,48.5634818737514,52.30336501198543,55.22903065090376,57.178734591226956,58.52202371228018,59.38590267283479,59.85733560344116,59.861991628214824,59.55089522267998,58.96762590123319,19.86771734266245,55.924532405352416,53.363996889860836,50.55110637854146,50.07222723790381,53.290234314039814,56.44340098826323,58.85701510219188,60.60356690817664,61.85574166248918,62.82230686369033,63.36741833553931,63.61995128088463,63.591712057167,63.32824709195236,62.86700944197315,61.91760555533472,60.5522691359569,58.59827335554347,55.83683824247518,51.771092095112735,46.399842480415884,48.813618286025786,53.599454643949336,56.681929576116794,58.75871190727366,60.09504010760162,12.30448921378274,16.989700043360187,19.030899869919434,12.041199826559248,3.0102999566398125,20.5307844348342,10.0,17.853298350107668,12.552725051033061,15.314789170422552,19.084850188786497,55.75171674087387,58.10845878565958,60.02038563568384,61.47437009969126,62.57043224608155,63.260030474770296,63.66060613853431,63.720360904940996,63.47954169894016,63.08482668872705,62.164551595849375,60.84971431193895,58.952705716370886,56.415395472083205,52.4995129700368,47.23192881326371,49.79789582420322,54.688581383655105,57.63883763531554,59.80336127382367,61.18176402846356,62.163087075674504,62.465283698151296,63.02511883097749,62.61159339686684,61.03221307607345,30.178677189635053,60.16866688580295,58.96575816818799,56.03088051479433,53.42019784567295,51.4741659722258,52.27045569314284,54.87378797717963,57.27847757498846,59.20967083614129,60.49544396391285,61.1186479708303,61.67742852988037,61.705292522755,61.424673693085595,60.64807156370858,59.63751005165476,58.49446441183897,56.03742874866144,52.767305699574024,48.07399712759485,42.80327918747676,48.12813123273506,52.440543485569464,55.11551834375672,56.90926675256138,58.02281017519839,12.552725051033061,20.170333392987803,12.30448921378274,15.563025007672874
14.62397997898956,10.0,14.14973347970818,18.325089127062363,14.14973347970818,14.62397997898956,16.532125137753436,0.0,14.14973347970818,16.532125137753436,18.129133566428553,15.314789170422552,6.989700043360188,16.532125137753436,11.139433523068368,15.314789170422552,13.010299956639813,6.989700043360188,17.16003343634799,19.138138523837167,9.030899869919436,20.969100130080562,14.14973347970818,12.30448921378274,15.051499783199061,19.138138523837167,10.0,10.0,14.62397997898956,15.68201724066995,0.0,13.010299956639813,6.989700043360188,15.314789170422552,12.30448921378274,9.030899869919436,14.14973347970818,10.0,15.563025007672874,9.030899869919436,13.010299956639813,13.010299956639813,15.68201724066995,0.0,10.0,6.989700043360188,18.692317197309762,14.14973347970818,21.613680022349747,13.010299956639813,16.989700043360187,9.542425094393248,16.989700043360187,14.62397997898956,13.979400086720377,6.989700043360188,12.30448921378274,14.14973347970818,19.138138523837167,9.030899869919436,13.979400086720377,11.139433523068368,12.30448921378274,6.989700043360188,15.68201724066995,6.989700043360188,15.051499783199061,14.14973347970818,36.53694795315082,36.23766000133931,33.63987829748491,29.036325160842374,30.257153839013405,22.380461031287954,19.54242509439325,24.232458739368077,30.4493154614916,30.374264979406238,36.90196080028514,36.60865478003869,39.041743682841634,38.563663236592475,38.35690571492425,38.59258417467307,37.65295929698056,36.483600109809316,36.95569227036186,34.85863329597335,35.05828033854836,30.056094453602803,26.5991620006985,29.29418925714293,26.483600109809316,32.47727832909723,22.04119982655925,34.608978427565475,35.514499979728754,35.76341350205793,35.417040232842886,36.65393350279712,36.87350569558027,34.52399845911442,35.118833609788744,29.618954736678504,31.598678470925666,24.16640507338281,19.54242509439325,20.969100130080562,24.857214264815802,32.00850498091078,30.799044676667204,31.598678470925666,35.3504081325116,35.238764756381315,34.65382851448418,35.07586039763011,34.52399845911442,34.21932813278509,33.35457900689384,30.83860800866573,31.051694279993317,57.33094499356198,59.606391350909604,61.33527731530172,62.746318493162335,63.65344943671538,64.28382660057832,64.68670124618646,64.64983027298062,64.30125548223145,63.447085449739696,62.34156740339908,60.45293633573504,57.57919599766488,52.45379397924981,41.80125875164053,50.9864718631707,57.136224074707876,60.35030884762075,62.60634412581145,63.84375818351285,64.93191676396735,65.45421181118476,65.51286008649437,65.34774301710615,64.77123570950722,63.8571277885508,25.477747053878225,60.798845951683816,58.545792880149335,57.19067646586189,57.849402191788585,60.24720812666253,62.53530147817885,64.12783334213151,65.61344830523572,66.61997339702617,67.19776045251581,67.60740924666463,67.67523338994961,67.49097618723664,67.02538148867492,66.06564181803434,64.91752103146048,62.965890723867545,60.280980694636355,55.908797141259974,46.473536249014664,50.4629221204154,57.58209947408652,61.15279256632286,63.587512385426244,65.18592500591836,66.19220781529972,66.46998586383556,66.52042203645061,20.0,20.0,20.170333392987803,0.0,19.49390006644913,24.424797690644485,20.644579892269185,6.020599913279624,15.314789170422552,3.0102999566398125,15.314789170422552,20.374264979406238,6.989700043360188,20.253058652647702,17.16003343634799,12.30448921378274,12.041199826559248,16.989700043360187,21.367205671564065,24.14973347970818,18.129133566428553,6.020599913279624,21.5836249209525,26.283889300503116,20.0,26.60865478003869,23.010299956639813,23.010299956639813,21.702617153949575,27.234556720351858,26.82145076373832,11.139433523068368,24.74216264076255,38.02978855335262,37.51663946260987,26.45422269349092,34.307198878632825,34.608978427565475,32.47727832909723,33.54108439147401,30.923696996291206,28.94869656745253,25.76341350205793,19.54242509439325,27.17670503002262,25.899496013257078,20.969100130080562,22.14843848047698,19.86771734266245,18.325089127062363,21.335389083702175,22.671717284030137,0.0,0.0,9.030899869919436,21.5836249209525,13.010299956639813,13.979400086720377,16.532125137753436,6.989700043360188,17.634279935629372,19.294189257142925,15.68201724066995,20.644579892269185,20.5307844348342,6.989700043360188
9.542425094393248,20.0,14.14973347970818,21.613680022349747,48.42914885331417,52.40042275595441,55.271863590198286,57.08679190284003,58.00146348338107,58.873561951257855,59.455572076159356,59.74574322420067,59.78587676887881,59.0126047345501,59.022341269667706,58.149218271741034,56.254482753874235,54.37009728670741,51.77620176519255,48.18786550273234,42.972131959896416,43.49180358996378,50.60984757562057,53.111369367729814,55.47629506192087,56.75507968770493,57.50970984437319,58.15080748039829,58.33022098740492,58.36023297439273,14.62397997898956,56.9699992585265,55.27857942246417,53.61918506080804,50.753753994377334,48.778894253714846,49.19355324444419,50.76254394393521,53.59596459787391,54.42230409322141,55.87739019311864,56.95140060619693,57.43948541033823,57.26242125431888,56.89341718608155,56.397503724720735,55.40662264637529,52.264684371291246,51.164616264655464,47.055387247672805,41.858536699341414,44.656950742625696,49.537403678558576,52.40002291984767,54.41971488307479,54.86040643314696,55.916610737593366,14.62397997898956,16.532125137753436,11.139433523068368,12.30448921378274,14.62397997898956,18.573324964312683,15.314789170422552,6.989700043360188,19.030899869919434,3.0102999566398125,15.68201724066995,46.038477712994236,47.09693869727792,46.43502025328,48.33178997268102,48.900463690858885,49.94616259623034,50.24001023576426,50.686347718139395,51.03187748850943,50.56798169414531,51.42817917127139,51.25910468314112,49.44492542367142,49.190466964594435,48.76246715594605,50.87103190410698,50.764511038861755,50.678368011534744,49.62127730652832,51.080404418950465,51.47874107289246,52.46471498095929,53.535796616952894,53.55307817103565,53.95824191880471,54.52897604684444,22.380461031287954,53.65467392854011,51.21691130307576,49.84482306402263,47.99512854348484,42.01724770116379,15.68201724066995,40.63333358951749,46.00885810368248,49.61221700013602,51.89088679360688,53.57404989407688,54.50042692391922,54.93396701695285,55.301792000446845,55.57846324437079,55.27032818968507,53.541949051043304,53.38729336064556,51.59927952895985,49.066043717249805,45.98659214028129,42.67289089431131,44.96334505996816,48.33593293998456,49.87563487610744,51.09767476207803,49.834684151640644,53.338944380621534,55.69805648216793,57.68286528183266,58.82586575592569,59.843855256810244,60.39493435125934,60.60453433742528,60.55098396491261,59.8636187138717,59.19649101859663,58.03149039719681,55.947117996868684,53.217495891692366,49.03838499566579,44.35031691929144,47.741518589547105,51.74016172463816,55.12985736835585,57.16704330230242,58.59695974456475,59.44972457704385,59.85129057947535,60.00743309984106,59.78382318794664,59.25424518985383,22.85557309007774,56.650666620113725,54.09070437559028,52.14970940029848,51.7197496860329,53.65272656236418,56.38089721984506,58.72603744375815,60.385859892187874,61.81124406864643,62.566179381586025,63.19023150099582,63.439064175530035,63.47678872259553,63.246400349732625,62.5933126394807,61.705178149262025,60.15350113629325,58.27227070034176,55.22528997430001,50.58463985602251,44.4473162508875,48.13747736307582,53.39286437690507,56.70086211234537,58.986747303102774,60.44728253457837,23.54108439147401,13.979400086720377,12.30448921378274,21.613680022349747,13.979400086720377,21.5836249209525,21.613680022349747,16.127838567197355,11.139433523068368,15.563025007672874,16.532125137753436,55.412109358854345,58.032385477112875,59.96971115743537,61.52006879304696,62.41830273007851,63.15659724336026,63.56869329012728,63.660374315293026,63.482458495195644,62.69373293756678,62.16942449530873,60.85048562034633,58.63623192843865,55.86609806393576,51.650958747542184,46.582976503081895,49.86180333101845,54.34418791030461,58.17885849189874,59.9454985807576,61.58729376238935,62.25863429027703,62.72367318703664,62.813029554185604,62.82362863429583,62.60923153370997,33.868555291847244,60.62836470140873,57.78015150122493,56.133173932933744,53.32981493370737,49.703933720796,52.60114338062712,55.22738879937636,57.42475320510902,59.009790798465616,60.34081534940931,61.102667310000896,61.51365559384523,61.592016185014046,61.372759186636486,60.76212126652301,60.04628281413296,58.021837785707106,56.66894081409115,53.430696922155825,49.16401303603876,42.12773373519913,48.54779559364148,52.742895036972264,55.29878021830439,56.78326227238874,58.091993363990994,18.129133566428553,18.573324964312683,19.49390006644913,21.84691430817599
12.041199826559248,14.14973347970818,16.901960800285135,22.04119982655925,48.922393433956714,52.456138269054975,55.26433622787751,56.970060335761985,58.04415465889977,58.811254865573346,59.340866863325594,59.55129493993415,59.46279790313456,59.27838799279303,58.71061871962767,57.90063384948998,56.54378716189588,54.79945101922927,52.38091287487305,47.885218872224726,42.47801477510172,43.751146846922246,50.156991773034036,52.80145681354221,55.2612336903175,56.76710066788153,57.3465984103638,58.25785608915304,58.357171989509204,57.84474643762516,21.367205671564065,56.46411568941996,55.75073481058064,53.972480609201774,50.49082284434383,49.737280586880274,49.563653556644866,50.47418959135573,53.221365640961025,54.62712373194735,55.83300815513483,56.77521180214738,57.3537610697264,57.30208757588545,56.97265096456138,56.06265251064854,54.75195964214414,52.87221537030624,50.37784941753637,45.9955559098598,40.47703108134304,44.81299273332856,48.47973456264566,51.81846445135912,53.88030116459972,54.997420531243826,55.910122658195945,6.989700043360188,13.010299956639813,16.020599913279625,14.14973347970818,11.139433523068368,16.532125137753436,6.989700043360188,15.314789170422552,15.563025007672874,15.314789170422552,13.010299956639813,45.70286023081755,46.47089428716555,47.147487607250596,48.497878242376856,48.96526217489555,49.78792025865823,50.56008671155474,50.91051124134179,51.18311030724818,50.09811949500315,51.84455769230421,51.783149348321594,49.239120485978056,49.13670829433385,49.260335966788446,50.52532349702762,50.1546454355833,50.39493435125934,50.25059968599579,51.487136818156635,51.86597569639871,52.65709099751234,53.34280803175467,53.593648998321115,53.6813248297469,54.381466362467485,13.010299956639813,53.54586668339377,51.14440835555893,49.14671002380751,48.23682849076752,39.696488404807255,30.406023401140732,40.122042960307425,46.15244934026375,49.147978438103976,51.637843314559255,53.34956116136852,54.26019758876151,54.85143401944911,55.04294118294733,55.50719867438106,55.26314718376543,53.451874243470854,53.23905628876878,51.371641451293556,48.92150277901364,45.02986698753511,44.64459738965453,46.66592852459541,48.51704647452388,49.60113872036686,50.53362755636154,49.708905663280404,53.20964233196577,55.75170519004327,57.59785654690347,58.808050205945854,59.72588809244626,60.33883944163144,60.492405123378205,60.41734458842528,59.876242632231765,59.24771724203338,57.98088253312887,55.85979317067655,53.316297176299315,49.13527759366859,45.07167468668135,46.991436873944835,51.68025808774629,55.046407410343924,57.00753026667278,58.41400770271762,59.244085211415154,59.84952398800048,59.80618224551421,59.63846830739696,59.1175668161252,24.232458739368077,56.61168809241556,54.150167752476804,52.145153548470766,51.95179842431904,53.94600506254613,56.59819257003254,58.79633108416436,60.41242630235316,61.697992978088294,62.560872489157006,63.1612976730699,63.367928320252965,63.285836535125966,63.06815181116356,62.59422085983799,61.639933729818985,60.15510642335287,58.18295850312248,55.34249545143449,50.88157359746092,45.091621835089704,48.37872404269612,53.736346121991346,56.81563219729297,58.81976058617447,60.223335006808874,19.86771734266245,18.06179973983887,18.633228601204557,19.54242509439325,20.0,17.853298350107668,6.989700043360188,18.325089127062363,18.325089127062363,6.989700043360188,10.0,55.59870731446943,58.00103685378126,59.92732412075853,61.42215776176741,62.381839007282885,63.083782779596966,63.40651297255362,63.52812270849376,63.31628503384576,62.814029287224436,61.91899051199319,60.68039216203874,58.76058993749494,56.074893364848315,52.07981556461832,47.41718727536139,50.42023927248867,54.522235791455856,57.932034812828604,59.88028026281555,61.252941697297715,62.106344257185995,62.510317313095804,62.772939785978195,62.883201113164134,62.233900152251884,33.58886204405869,60.92972097839404,58.73284554458824,56.781995973581736,53.10757018352604,52.582852035060014,52.676972587620234,55.19640327521895,57.466030656007504,59.1434580202297,60.196421124909975,61.023897937507726,61.512135128768236,61.38784103316311,61.29901510866603,60.70366697056955,59.663562447025804,58.25821930816132,56.30058516840143,53.001344262777636,48.53320929488747,43.704205585485134,48.64285569099234,52.47337307901166,55.22793615218866,56.78936993706298,57.84260582566084,18.325089127062363,23.443922736851107,21.958996524092335,15.314789170422552
17.24275869600789,14.62397997898956,14.14973347970818,21.613680022349747,48.58350687596641,52.34178016645468,55.18946702626061,56.84357852786786,57.95157445429038,58.706122230121345,59.35130747694988,59.702189869708214,59.63514419013991,59.084490942690465,59.047685443600315,58.1890716172463,56.26665709669246,54.538226850407376,52.32083387525815,49.65794158105112,44.66719371681599,43.17059958740005,49.44250657451528,52.47285702863379,54.729158076136144,56.32240597062501,57.12822206836856,57.880466950572604,57.9492908813757,58.25559177156312,20.5307844348342,57.14974016118311,55.43119005352824,53.73759521896305,51.78735285788505,49.60684780130385,48.8968819266526,50.35785833712695,52.95824302036132,53.96286546068402,55.34526145637935,56.55541795408254,57.09812490068125,57.23101688641076,56.90218237345011,56.72006369249425,55.805612014766375,53.17699878881315,52.44257323451158,48.98648405576936,43.85463272450526,41.91590726379211,47.31959248048951,51.145876344387915,53.39214850360052,54.0163658116535,55.248490062880855,12.30448921378274,13.010299956639813,12.30448921378274,20.863598306747484,13.979400086720377,11.139433523068368,12.30448921378274,14.62397997898956,3.0102999566398125,14.14973347970818,19.294189257142925,46.87930074726357,46.87938984153523,45.50888468081352,47.14170433319562,47.959078113015195,49.37923912938237,49.972902522434445,50.04136436761356,50.5163480398712,50.31784017052821,50.9377178149873,50.75729399740899,49.78294669778629,49.45355318967407,48.78717069217877,50.706325351328175,50.5478535945179,50.74059055376541,48.87352817737014,50.35369693322102,50.4363338179619,51.72605849845765,53.11266330288116,53.33497653765051,53.83249697079638,54.549560861053514,21.13943352306837,54.28746912129591,52.62083088808056,51.54378319578305,50.48535023129749,46.627011808805406,41.1293997608408,31.13943352306837,39.46452265013073,45.7564961475522,49.44887167215995,51.74216858374127,53.03420708889388,54.30869674295583,54.842044264722425,55.34032455344253,55.4041081916469,54.09814816892981,53.99142207497043,52.76967038147092,50.8790203841354,48.54925153269208,43.229838069483975,42.304489213782745,45.95903870442599,48.04943189663601,49.74810944240687,52.64414024713287,55.19304162888862,56.964376475027535,58.43828667267906,59.26293560016723,59.98142464344403,60.191262645598734,60.08075295104219,59.66904481813729,58.695256493449904,57.73840545637722,55.82540597156637,52.96774846740312,48.60338006570994,42.69629674357553,46.32437044883762,51.44462117150379,54.504415720858184,56.841781535218125,58.23357488688316,59.142040124821236,59.708603791723164,59.90019455431128,59.71804938715998,59.169768926274585,58.35819889572015,14.14973347970818,55.318083449407986,52.81714970027296,52.0743238560938,53.71466860241561,55.88591006023709,58.11234406919593,59.9128279616561,61.23972442930226,62.299481722794226,62.89419705240087,63.228320447104025,63.2675684053143,63.04930846258567,62.625934580260505,61.71060317291088,60.49392480943729,58.654433382470216,56.14138646815878,52.04252964979129,45.68107812404416,46.27365856592733,52.14600151075477,55.75036508517449,58.235322616425265,59.917008810346466,60.98128495860121,16.989700043360187,6.020599913279624,9.542425094393248,21.958996524092335,12.041199826559248,18.573324964312683,17.16003343634799,20.863598306747484,23.59835482339888,19.294189257142925,12.30448921378274,56.63003233129642,59.01572737742424,60.564977952763286,61.88723797097666,62.62600100740186,63.214975597091836,63.37425914181232,63.39431167132004,63.05709407269556,62.189727304035785,61.533467932295586,60.055567094623555,57.41915474126817,54.098553827310816,49.60912933394739,47.61702367541413,52.09421175350584,55.83684956908449,58.95604845151085,60.34094383260515,61.707356593177394,62.28305121752718,62.69259298223008,62.962361674580166,62.65493757586788,62.26956988131608,26.063813651106052,60.114270646942344,58.4676068288579,55.7492094903683,53.0912319473874,52.39959805364627,53.76987335620002,55.952713004594116,57.68437554431975,59.478746548976986,60.48995001731698,61.12469933715297,61.37056777454764,61.423275090285514,61.110395948158605,60.725267134769965,59.70869667751409,57.714588636411584,56.15339717908828,53.03152841889143,48.39685403333703,43.04770488523259,49.0829195620292,52.98088569391382,55.43229667726184,56.80003545693877,57.93450217079382,17.853298350107668,20.863598306747484,23.05351369446624,18.325089127062363
11.139433523068368,19.294189257142925,0.0,16.127838567197355,48.95560658453326,52.421288016540444,55.20516283729225,56.804053213218154,58.09029484487552,58.770590484534154,59.23616999266507,59.46326969686368,59.556800551050095,59.388558230768496,58.79766023028723,57.96324507353479,56.88819224810473,55.290207642972106,53.12959735882106,48.84733074745594,43.591712057167,42.768293053433894,49.43578596675224,52.21831377489635,54.765548550609076,56.382985248574144,57.186411721502395,58.00899828326902,58.291422495904605,57.95157445429038,20.253058652647702,56.736852105283205,56.15590268982932,54.46725072169752,51.03793461910017,50.25408281131747,49.309490311675226,49.86722481583814,52.73649334723605,54.19155778217971,55.576335018784356,56.59126720522244,57.350189210714106,57.42022466851662,57.21409098709661,56.49795200502143,55.31863225304577,53.89254706848648,51.499730829633805,48.29239428141389,43.208937096318245,42.01533673443382,46.30031031361695,50.18121886065767,52.83649429444897,54.455325932619736,55.33054842473807,6.989700043360188,12.30448921378274,17.853298350107668,14.62397997898956,12.30448921378274,15.051499783199061,6.989700043360188,16.532125137753436,14.62397997898956,19.084850188786497,16.989700043360187,46.94956002249818,46.511325785504816,46.59897193330885,47.65295929698056,48.36254471065984,49.155317393839454,49.86637395610153,50.33584575515413,50.80518260527118,49.87688604602826,51.49296108397431,51.57716602189155,49.25915145939822,49.425834221178775,49.06685138141586,50.79922532785248,50.17371456232196,50.157326860641405,49.624640460579016,50.8570789988147,51.37116640582768,52.24740190060544,52.888794120245926,53.356444166914336,53.87049733186358,54.5457810605169,10.0,54.382986325088005,52.66146993948575,51.28257065698157,50.991452106714085,46.00166689407995,40.62205808819712,34.70263446965078,41.17834518543748,45.2022143588196,49.09347389418558,51.71305115291876,53.14549748871487,54.327833538079105,54.81398193460411,55.47854667264997,55.413195880295056,54.12274021161334,54.09774247265422,52.75341304852634,51.16295524130523,47.756322895936805,44.45059047392219,44.024505388513646,46.577440562473754,47.738595523766875,49.38024106610897,52.47396277579654,55.07290381373316,57.10574276760383,58.40523870508531,59.41613286100328,59.97746254022343,60.242138407321235,60.13868187319468,59.751950649905595,58.76238630787291,57.751128904548295,55.96044805793436,53.02854537461516,48.94454527369783,43.85695625410561,45.72976098995143,51.23606668986216,54.53098078548578,56.892031590566354,58.234807500595124,59.27119775738373,59.71869350001505,59.99289347405151,59.70313861154863,59.183957666392786,58.481305910966135,10.0,55.266661677394865,52.99352555088146,52.32246241915013,53.53377594888645,55.92617492531899,58.273621640085864,60.00202334088385,61.287900871057836,62.35214479933717,62.90959452675779,63.260711064384694,63.29799035020837,63.12693462195885,62.61920356734814,61.78622752230972,60.526666293671106,58.64855650743813,55.95589904692537,52.42764977752096,46.016363476482354,46.1074531052313,52.389313618399605,55.9123940321388,58.34815395248286,59.939438598434094,60.93955469160605,19.86771734266245,9.030899869919436,20.170333392987803,22.576785748691847,16.532125137753436,10.0,16.989700043360187,18.129133566428553,17.634279935629372,11.139433523068368,15.68201724066995,56.93587143381624,59.083101935705784,60.706177706190296,61.830160276372716,62.71608371908641,63.22519061254412,63.4756749481869,63.399474660900815,63.03602073356045,62.35057790445068,61.411812744792485,59.946725390777935,57.64152959433148,54.61501528116683,50.37095670664725,47.690374389232176,52.374482230666864,55.944245963685916,58.65100419692211,60.477128359727146,61.8707491724783,62.348916884156,62.75203516317557,63.11596215327806,62.9195218050129,61.92365869390044,40.21891873919109,59.766919601450624,58.11232394714864,54.70876291702219,52.322360653045976,52.543111685458044,53.62906383503136,55.71295298417531,57.88492202939939,59.446504353387375,60.487000503946796,61.215289861892835,61.54462014062589,61.59454394354522,61.23409938124026,60.563349422569516,59.5821783867889,58.02188572550246,55.71112286164234,52.695526359857524,47.92055331292281,43.652820205721824,49.046939111417416,52.624629555377794,55.414357033734305,56.785183790401135,58.06408596985146,12.041199826559248,18.633228601204557,21.73186268412274,19.294189257142925
15.68201724066995,20.253058652647702,6.989700043360188,10.0,50.47683651803772,53.30074728992344,55.094995695773,56.656879099743385,58.066967482702225,58.87622925875492,59.395961209307195,59.46326969686368,59.45032101792279,59.34670619924391,58.30553384834593,57.39373741824433,56.43144612981773,54.651522572109876,51.8231477033948,47.68142115745665,44.66941725717638,47.83967861527244,50.095528707880646,53.22874378286886,55.184573463036145,56.5036289943457,57.85849253734941,58.055368779596975,58.197130142640546,57.839550058374996,19.49390006644913,56.19136131579515,54.77955745528195,52.469415124832544,50.38719486016895,47.419784142159706,48.03354675623902,51.223502429477264,53.411257590850234,55.55735134749121,56.889899041575106,57.26741875384317,57.6685658234063,57.56299037972282,57.0089227420841,55.721696612637494,53.816655002347304,52.953405480633734,47.01895956420554,40.51846838313736,38.04343918479866,44.85522684192404,49.30113241580648,52.251438046875094,54.00009261665431,55.906300952524816,56.33195673394554,12.30448921378274,19.54242509439325,18.129133566428553,16.127838567197355,13.010299956639813,10.0,11.139433523068368,6.989700043360188,10.0,9.030899869919436,15.314789170422552,44.53715751700767,46.248696977974014,48.7299490420282,49.15188705173156,49.94479927590432,49.82063083727233,49.9960026517042,50.26978361840956,49.74253710603697,50.91969276035029,49.40740546982143,49.25817270956088,51.28567266823386,51.021935080397434,50.71859923974414,48.311271933988266,48.88830728042018,49.58855226218978,51.56972941896298,52.01178556383326,52.866921912895805,53.68249684638123,53.787030718335245,54.56369070142773,54.55861594244229,53.557598421141805,10.0,51.74449421659014,51.36657161873879,49.16037879441752,43.426792335874765,39.84662306190107,36.762362167633114,43.30920830595236,48.115750058705935,51.25302306013447,52.730336981744934,53.92137460856272,55.04521153466142,55.280588286391605,55.4339747257542,54.29445420870021,53.04372028490833,53.26714679058795,49.48579217876342,46.95245201818642,43.40701838731677,44.50449268862664,46.85786508921555,49.18544052873053,50.82045362831418,51.62803292382674,52.04738411766471,46.61973505565725,50.707653931743586,53.886872102012404,56.16853453415138,58.03278171312602,59.13566445922811,59.91045229729481,60.33605477745703,60.49348291475408,60.58141210052719,59.79519238667193,58.9413100495001,57.909392803710475,55.97459330697379,52.978677040638374,48.07000286780912,42.528772925637604,47.42473748919036,52.007684447831714,55.272444062420746,57.26306562690858,58.723486022073665,59.547831107393776,60.09655671330252,60.232462847867545,59.65703931109876,13.979400086720377,57.89756932285287,56.83212795367447,54.819883785155135,52.52369943393162,52.76452612658373,54.73581847570172,57.024925740832145,59.13768302037201,60.52717021620743,61.767537763717485,62.54728089540259,63.1452890971305,63.3324610220642,63.12861698529805,62.839858336118596,61.93073927709061,61.11577699742372,59.14884497485801,56.9656780459928,53.24473832020218,47.69561935848059,44.459931817876466,51.1989563919422,55.27088306091094,57.828257927064385,59.477105821326106,15.051499783199061,9.542425094393248,6.989700043360188,19.138138523837167,19.294189257142925,16.020599913279625,21.13943352306837,19.54242509439325,19.030899869919434,20.170333392987803,21.367205671564065,54.98420836797279,57.104939289930854,59.00498216638722,60.58794107632114,61.88784819561191,62.68360068000628,63.244935822356496,63.41549463851762,63.31240985736389,63.05330729218405,62.15566188422278,61.07293088371577,59.505308477822396,57.18033926932412,53.564102385421776,48.895538003131975,49.83342076262868,53.77196935008914,56.68845131288988,59.37517892017347,60.713546451317015,61.96586235200256,62.28192145191096,62.89718463565648,63.009346575614636,62.05659538875398,32.889196056617266,60.83998621844642,59.65920538364251,57.20261867514588,54.31045164704842,51.644777718469605,51.472433595433685,54.38151386935243,56.742510474304424,58.81455987062579,60.13895107789453,60.74889548040669,61.32703045641345,61.51015711454556,61.22969094393747,60.7558929391745,59.680905053111566,58.6378903021337,56.078805305230816,53.188852107675864,49.15463154214433,45.12804424172821,46.4981173647551,51.430429191303794,54.50989241986764,57.021978163460545,57.9806820378823,16.989700043360187,12.552725051033061,3.0102999566398125,11.139433523068368
12.041199826559248,18.573324964312683,16.989700043360187,6.020599913279624,49.85538738393282,53.19938439980309,55.273991609149135,57.00158343933633,58.142222833526986,58.98694472813177,59.451316546661275,59.54490469043929,59.52309948472448,59.53641802704645,58.36370961272941,57.479560828475805,56.83617913288191,55.113297839625844,52.320095740208465,46.568453507797514,43.409396020380775,46.74907046819129,50.23375938139562,53.211778082437256,55.373619011828936,56.81776537202853,57.436931644621964,58.29002557556873,58.52661115218935,57.473908307232655,10.0,55.59481693965478,55.134120565099536,52.91164533009485,48.76869947528259,48.30922119858525,48.974346397079344,51.39768925279731,53.93399695293102,55.94473213360341,57.036154730402124,57.62322131010245,58.15125953393681,58.120659903510386,57.70201555242642,55.92861536159555,54.46861679374808,53.64956022878454,48.76477646530935,44.17006425118799,42.00850498091078,46.056928283323714,48.64659380353636,51.52068082884597,53.79620924025432,55.62116731256312,56.306241277136635,6.989700043360188,15.563025007672874,6.989700043360188,16.020599913279625,0.0,9.542425094393248,12.552725051033061,9.030899869919436,9.030899869919436,22.944662261615928,20.043213737826427,46.18016700795462,47.4999125350213,49.39524244480526,49.93140721553858,50.220198680726426,50.15762004109075,50.372391929623404,50.59555845132857,50.431303303514674,49.12142313382838,49.93718320050437,49.51842444691433,49.005473644328,49.17799490936301,49.35471996859326,48.464917478736155,48.788089323592054,49.47394506167858,51.8900999416934,52.671083402582994,53.72149478375664,54.09033185079848,54.36431412824915,54.72244352673472,54.702369737550015,54.806392293901816,16.020599913279625,53.29196450203092,51.2863509379476,49.08426036610615,46.62077533859563,39.696488404807255,35.71708831808687,43.23066376363904,48.14194304795979,50.59767832750917,52.394746634651845,53.81780909607066,54.52499443316282,54.71692075086865,54.80755527311021,54.307521043598584,53.66095945822008,51.98912640781824,50.12077599531015,47.29529249627174,43.244059338035434,42.70259475526625,47.651094972067185,50.03568230679656,51.513821096222586,51.77663451188415,52.35412282849061,46.371894221487615,50.67331280208168,54.05907864450175,56.25250698540985,57.95510883922159,59.05137195688188,59.85222078537086,60.3369590849628,60.515480328257354,60.3811484678359,59.820549367255474,58.82825536874813,57.413801147643994,55.33925774982158,51.95440219137381,46.031985206760965,37.25012725341157,47.42921422599296,52.91823777582974,56.01451553047053,57.853732622876294,59.26719460487796,60.08980225980429,60.62887199134282,60.77162157243947,60.42594411516851,22.278867046136735,58.87453565207249,57.41387992479269,55.5942779975949,53.425016362777285,53.31534591459401,54.73924693416158,56.957005197711716,58.96918999164729,60.46337884577304,61.52956093758909,62.41815590055434,62.98637621641185,63.18507841658713,63.10647863012167,62.70039848618646,61.91602180762578,60.78736590473551,59.0209975325222,56.586266089246166,52.67007369664355,45.84014435797936,44.73224124130912,51.902196077110546,55.751751393181344,58.25997659964297,60.01638970910442,18.129133566428553,13.979400086720377,6.989700043360188,24.29752280002408,6.989700043360188,20.644579892269185,6.989700043360188,22.14843848047698,19.49390006644913,19.54242509439325,22.09515014542631,54.47471230827929,57.03350713311203,58.751336397741525,60.57871793647156,61.81931009481889,62.75333702277031,63.24976154669693,63.44237000392211,63.36673626237957,63.00398289430734,62.11285306859747,60.982545897813836,59.516065620014004,57.00206849294667,53.44065938964885,47.651094972067185,49.39928394863652,54.01416051021788,57.1219581195605,59.455798526830826,61.06436372602245,62.09682534113426,62.75253521558704,62.87321950178185,62.82160613945212,62.13917336542338,41.80985580786731,61.06140561078394,59.647916803478616,57.87162813509685,54.21320885221675,51.61095359446023,52.037859903782255,53.92672336680458,56.81759367216103,58.814942152769476,60.1335722336102,60.936737829691225,61.558717417299135,61.76781527963119,61.51660610665881,60.67298921702098,59.750354776224974,58.78017123346318,56.136156339847496,53.194496096711475,48.062885340349226,43.72709530385926,47.31379221943498,51.798389280231866,54.91745384576692,57.03959934762446,58.252657432618435,16.989700043360187,11.139433523068368,15.314789170422552,16.127838567197355
19.294189257142925,17.634279935629372,20.644579892269185,20.374264979406238,49.887818434536406,53.182825148407616,55.1223599852154,56.83776256661109,58.16377202952795,58.95560658453326,59.4790109664773,59.62914584574602,59.59645166731471,59.325884114042566,58.89899776323802,57.753774027007566,56.29141395531967,54.38719511123294,51.493977218797625,48.95312024475787,45.2975107994238,46.36377553484719,49.44413574349667,53.07239236201639,54.99902801925667,56.56352185209766,57.80093264998861,58.12706182175185,58.14889237887121,58.5089424512374,21.13943352306837,57.15793662419284,55.14103934656659,52.906066123669014,51.8822517270528,46.70876421250182,47.13188027673087,50.57106713254143,52.66629108343623,54.7943277716379,56.31818034484575,57.013823125413616,57.277794843433256,57.271588445067856,56.919871700157536,56.40263738271255,55.103425603519234,53.17329843967315,49.923767597988025,44.547839021191685,30.433622780211294,41.36149586088531,49.185545305502735,52.21283799492686,54.05095240443429,55.43275665135168,56.23923990550571,9.542425094393248,16.989700043360187,0.0,13.010299956639813,14.62397997898956,6.989700043360188,13.010299956639813,17.853298350107668,12.041199826559248,3.0102999566398125,6.020599913279624,43.91993072259713,45.605760947510035,47.36061687593125,48.22253098579733,49.30872653792662,49.862744735370875,49.958500952539275,50.205642927264655,50.06744072853106,51.51412756545326,49.27780849347374,49.57942335445405,52.0113756264631,51.462396970463104,51.28302317164351,49.19418069406337,49.278321328665825,49.57894487212898,50.513609337839746,50.65030431240173,51.813690334764175,52.78060462708652,53.39501128908108,54.21921306459253,54.48474428212161,53.69737069093139,15.68201724066995,52.418850186237485,52.76746644689511,51.26488570700375,46.37029173272112,45.153571497383695,36.53212513775343,37.15418322595056,44.85565279482857,49.85336641735613,52.18349038903088,53.48772013844623,54.710231283966586,55.39941314954773,55.77625054947013,55.04916482278198,54.44497600790215,54.504723583747996,51.883997000822106,49.95784320631764,47.09244513287986,45.55058155043869,43.33830010445646,45.13976286239967,47.61702367541413,50.25772685707587,51.302694238053704,50.05635167864966,53.35347557820738,55.67498066778001,57.54996998961251,58.953302624714325,59.83671833793907,60.303308861796765,60.454113937077054,60.29332633454491,60.118245182239995,58.963994379068154,57.73195285344741,56.25481196124766,53.646354072437326,49.686323575110826,44.21225399340183,47.632632299229975,51.93861716285275,54.79653035741761,57.100784207806264,58.46666729119888,59.41175892548996,59.866821797795055,60.169919958370095,59.95636071959253,58.98868277784884,21.73186268412274,56.21040153799012,54.69424344100162,52.367714755075106,51.35631882523456,53.71003175297623,56.43547421310452,58.58994710101183,60.43319042934271,61.687431410321125,62.56377343121244,63.12492592285657,63.52076151193668,63.51370497355437,63.21414691457502,62.58873040146706,61.47852479154927,60.376057568272124,57.97948578768676,55.0587274830141,50.143398951715774,43.85838550083999,48.25536462585478,53.883943047260956,56.919880526823675,58.90146493712595,60.39005412479038,13.010299956639813,12.552725051033061,16.901960800285135,18.573324964312683,13.010299956639813,15.314789170422552,13.979400086720377,21.613680022349747,9.542425094393248,21.702617153949575,24.74216264076255,55.614925497162524,57.993329664678555,59.99566357683534,61.461109737741594,62.41939259745864,63.094811192361036,63.53715667066125,63.62485679169124,63.42901128143913,62.82381224469983,62.02419925279447,60.61597596658336,58.532387358425794,55.763747561888025,51.484576601454854,48.21971817642043,50.728709247359234,54.967262842603276,57.8412424194611,60.118295897482135,61.01818534247449,62.074539348086915,62.784071701126535,62.716151105224554,62.42270282299935,62.57359815336484,25.987905067631154,60.59228575406583,58.312380209675624,56.24691439463625,54.55067283723643,51.22988726036909,52.09970516709343,54.766070352762,57.426693683972104,59.13074392967176,60.43920017617463,61.25130109730445,61.449914901594994,61.50976140357056,61.32997299358549,60.95368836889727,59.93898937429586,58.28933660609586,56.28603469618311,53.468241825579796,48.95847791660552,44.66941725717638,47.34999734992562,51.8537781143487,54.95606771562276,56.98675452813035,58.16506437046357,19.294189257142925,16.020599913279625,16.127838567197355,20.0
20.043213737826427,3.0102999566398125,13.010299956639813,20.0,49.392096450685905,52.879740703448626,55.48927192488775,57.057003936934734,58.1706600749107,58.97645232326616,59.51273875903478,59.81300677401621,59.79036844322679,59.04512682924551,58.98997626869711,57.96990390545687,55.51490253741675,53.53354495551795,50.39893759536045,48.5079934446789,44.69601132113826,45.93374689504573,50.930187251686746,53.70113214007275,55.598587662579604,56.69332689713468,57.91647147232629,57.9726892613786,57.994239535591745,58.428213431582336,13.979400086720377,56.933619530587876,54.18176952582846,51.78930926896612,50.78282775378547,47.311211836979304,49.096469434462065,52.10620788466145,54.08324780170415,55.50377577913114,56.75581306871443,57.347438395825385,57.32554579851432,57.10547213909521,56.60837029835345,56.56912339781424,55.018422041405884,51.60588568290034,50.099817533173066,44.959603948817055,37.488080049586024,45.10075611353949,50.90600132347003,53.47915186501691,54.960782053644465,55.3467198779628,56.09846163017976,15.314789170422552,21.702617153949575,18.633228601204557,11.139433523068368,11.139433523068368,19.138138523837167,12.30448921378274,13.979400086720377,19.54242509439325,13.010299956639813,16.989700043360187,46.6698571832966,47.911851982534905,47.74173774019023,48.85417765110936,49.807349164921646,50.017510150333365,49.75017997632882,49.65765964182686,49.4299959336604,50.85608064528097,49.6695790846664,49.71396469342103,50.26733410585492,49.67159370922279,49.268567089496926,50.189417063824706,50.38051591294768,51.22412495411281,50.409265555634036,51.66444915720618,52.78060462708652,53.13377836393404,53.98989731665103,54.385644980309316,54.46078710326759,54.054778411562204,16.989700043360187,52.18829486600282,51.468719030857386,49.25817270956088,44.31637122784461,38.261396179359146,31.501421618485587,44.35366506612661,48.21179327170964,51.381447441794876,52.99066897429085,54.30070215690478,54.98758404403574,55.30098479140018,55.27232797418289,54.659016126414926,53.71854423813244,52.83764681168974,50.617087578384854,48.01383126852731,45.607433010547126,44.6924748409219,45.42738310446535,48.189381330308194,50.36005746865992,51.826457200799176,51.530980682044444,46.843066460716315,50.99642664573678,53.78663121179316,56.21330023897226,57.91823232426556,59.26692725403244,60.08990010218899,60.53892846308068,60.7156168903932,60.58128673927857,59.99855790291872,59.119482105337184,57.83453336880534,56.01500476917771,52.818443537085116,48.36893516376434,43.25515663363148,47.71859289136792,52.18519750596482,55.423298744161784,57.43717455199387,58.85673822146586,59.74790233471141,60.27405471171433,60.30188708432492,59.946131816300145,24.232458739368077,58.08165717486631,56.77502015956784,54.65382851448418,52.327420627207374,52.22417303066394,54.20421168381063,56.83822129465817,59.00280807464344,60.678189692516895,61.87206166464676,62.67407591886062,63.17336118372846,63.386447134935615,63.28839548832586,62.8760513360682,62.13877262425601,61.08539317068124,59.29697295884728,56.94298013413429,53.26428036295795,47.55951041004132,43.981484200086314,50.68846081174687,55.09762844303066,57.90865477844317,59.74391934376143,6.020599913279624,15.314789170422552,13.979400086720377,11.139433523068368,19.49390006644913,21.64352855784437,22.278867046136735,21.13943352306837,15.051499783199061,22.671717284030137,16.020599913279625,54.29306455424999,56.78100271832159,59.20547495782258,60.81679203764136,62.06391094239605,62.76238625176095,63.33006307298999,63.51591668898507,63.46131662639156,63.0343474574849,62.45808923377517,61.31542319318093,59.15421470242943,56.79998101485517,52.85712547162458,49.47198374438063,49.079109419719266,53.55392128642053,57.04687473979561,59.495900288203984,60.36900244625536,61.76009314433077,62.52150798944789,62.873773019641405,62.936199608931894,62.296022442258945,25.899496013257078,61.094654873941096,59.11739652731056,56.767603487012146,54.44432051382001,50.60429627912421,51.463048195887296,54.331631576797236,57.21860057690095,58.62242324994527,60.54949942504456,61.18907257762011,61.338759944102804,61.50858325977311,61.27247703109398,61.1190910397556,60.14688931723722,58.23819701448669,56.82791973023831,54.09395414543027,50.15062019124842,43.045766887661124,47.381540253077034,52.21343805999294,55.10944270314533,56.73223714939716,58.056856828293,13.010299956639813,12.041199826559248,20.170333392987803,10.0
17.853298350107668,3.0102999566398125,0.0,12.30448921378274,48.52882383510316,52.422058882129775,55.55294008820812,57.08646062964864,58.172856652528466,58.87879373097077,59.44577910382957,59.687089096844616,59.635932953856425,59.22582745201615,58.87167020894775,57.97658714502649,56.432364624658774,54.66578488553941,52.15827839474379,47.82329268996837,41.931802735653456,43.89609016051986,50.35881809510414,52.92699003043929,55.26846949988528,56.82921777576985,57.57503070708764,58.21343183440086,58.38326364077747,58.186217263758884,17.24275869600789,56.673754267406444,55.66272464297782,53.75277606105968,50.65822373848283,49.23166273996259,49.46555422264336,50.711526638092366,53.440954371218496,54.61295888793437,55.96004071367838,56.89608942613628,57.37944450538754,57.34719841655679,56.963153166893534,56.308517917151946,55.171430929791626,52.72440380612566,50.84111351940677,47.52893154884593,42.36134016815431,45.10545010206612,49.28856533581911,52.225760178873124,54.33023774587251,55.082131409691726,55.85718973327641,16.020599913279625,10.0,14.14973347970818,15.68201724066995,16.127838567197355,13.979400086720377,0.0,17.24275869600789,12.30448921378274,19.54242509439325,17.16003343634799,46.15844882874703,46.84791520148147,46.809244488059925,48.04718559863012,49.090904642704835,49.813881752136666,50.35641830235783,50.677587811771325,50.91149716189777,50.392911508196214,51.80664823063482,51.69265805255424,49.22128346796363,49.298070625804186,48.795546009389746,50.8740159891382,50.52312949758643,50.80788775961753,49.93705101194931,51.31236804915504,51.82451745648498,52.43665461002714,53.40882154498818,53.753672783314784,53.907267370071054,54.480412321556784,10.0,53.67432335220495,51.412270815993864,49.229588869061104,48.810249736701586,41.91143489954898,24.232458739368077,39.894498176666914,46.284400205135086,49.19355324444419,51.81214548490415,53.59761513225334,54.45881191690909,54.89853055348117,55.069282970238206,55.74555578841665,55.324141970368146,53.77076655554308,53.2188206860041,51.580306125903405,49.24878612335357,45.29327672138844,42.856923018540876,45.7282515110873,48.52479993636856,49.69136233596713,50.58247562614436,49.829447717077244,53.00136602227188,55.90178410883213,57.618113597489106,58.99107214588113,59.76093545745055,60.41866202721293,60.55537339678488,60.5133971127733,59.961279926758486,59.33383004159985,58.05324113958714,55.96509128341999,53.11588585857071,49.1390387971282,44.585018746863945,47.05247740178905,51.54880244718762,54.92515942321287,57.058979073535724,58.46605524616466,59.37901366175979,59.89962569709979,59.938526889141045,59.6996449159704,59.11104317804036,23.384564936046047,56.62936233419117,54.06434574426909,51.771467586240156,51.400080967575896,53.55922532559209,56.34099239251701,58.69130763874993,60.36712712495142,61.77114986509164,62.59931293490118,63.160920147888234,63.415027796225914,63.33906919807616,63.098883255872394,62.59460321159501,61.61316782417192,60.226139274719685,58.26065727795944,55.402656400750175,50.371714244544556,43.89254706848648,48.04936384406706,53.63871351076873,57.001514141540795,58.92666603694864,60.36464806433429,13.979400086720377,16.127838567197355,12.30448921378274,18.129133566428553,13.010299956639813,18.129133566428553,19.138138523837167,17.16003343634799,23.521825181113627,18.06179973983887,18.129133566428553,55.509251117355404,57.94534052947492,60.02986772174956,61.44838750900035,62.54833162977859,63.12390641698447,63.53857205924132,63.572976049550306,63.439292380171175,62.76208966604858,62.05089818565814,60.73815460195177,58.67903920070773,55.844985764510284,52.02218502060509,47.33566378928237,49.767029577494796,54.65758977923728,57.85945242594253,59.65647999759224,61.36681256971718,62.38875992045961,62.79380817629721,62.94623601836901,62.63995662244255,62.29397167149401,35.43074235033532,60.55196700196025,58.538988897449606,57.148325124333326,52.77494609611012,51.246932908810756,52.69263036255971,55.07869358892674,57.52332759972173,59.08699968253278,60.418480607276166,61.140158400282786,61.51565039677098,61.610420092979716,61.25404810129777,60.93514138016977,59.85506409247187,58.31118223456751,56.38522202182944,53.341822322412405,48.60086342382051,42.117877629008916,48.30716949436898,52.712489826348026,55.37563478471951,56.65111737075051,58.01752789105131,16.020599913279625,21.613680022349747,23.979400086720375,17.853298350107668
18.129133566428553,12.30448921378274,16.127838567197355,20.170333392987803,50.052234248581364,53.09589716546264,55.276569628890584,56.883210265706495,58.109076368727486,58.92756119315081,59.52027275525617,59.678385006536494,59.681615451346204,59.260881761458,58.83623397239138,57.952068606232714,56.082360505681635,54.25070986925735,51.2330598118806,48.88701681627956,44.684950245070695,46.077230235205526,49.61553972594194,53.29741517458709,55.1938691504554,56.645714674819544,57.90179569070148,58.07797419595563,58.30073239653152,58.68805432485778,26.989700043360187,57.48169413986694,55.23700954526099,53.10672074930124,52.3622477951676,46.88571086767393,46.73251363213849,50.20829305910019,52.286518276063106,54.56403994274289,55.979495465741145,56.77772062719897,56.97391518848465,56.926045981722126,56.52060589613724,56.06793963810219,54.712990470524176,52.450435739306094,49.58052366378328,44.04508729103299,27.958800173440753,41.80584596602956,49.883136494546534,52.39982298798927,54.35978072440075,55.44893659442365,56.24493517925417,9.030899869919436,15.68201724066995,15.563025007672874,14.14973347970818,13.010299956639813,9.030899869919436,13.979400086720377,10.0,11.139433523068368,16.127838567197355,13.010299956639813,42.86389097228518,45.08462381273361,46.58755264064613,48.3004947537222,49.39888495510685,50.15849946370661,50.32429370390156,50.32078578473196,50.68694097102479,52.09849989092136,50.246170034473224,50.60282229438346,52.61036738831474,52.11659735833456,51.55861125118487,50.061107596064936,49.71758130277843,49.598900616706146,49.773943309933784,50.17909395896689,51.4104194093905,51.90986848334603,52.812902298924726,53.56073684348273,53.869089884895416,53.29652075728794,18.633228601204557,52.039923899107634,52.180783890379594,50.49810895092594,45.343434568060275,43.894673270553696,32.86231854028553,39.72480549876476,45.493098589194986,50.38051591294768,52.59698975944044,53.95745629992169,55.087464754492444,55.78470730620124,56.008858103682485,55.44018407858776,54.85622066705574,54.84198729518086,52.67136513909279,50.62465404695673,47.89707597858559,46.422369259221426,43.7263588058172,44.23262262098614,46.46648744272955,49.90272240095869,50.67223409143936,49.60879668507911,53.185349564499134,55.4993709460348,57.386997151261696,58.816642044897435,59.76865598130806,60.26694205560403,60.45656592232734,60.30997811378928,60.11990157391043,59.00461079060803,57.84968722130232,56.531015132237386,54.157627120549975,50.85960950980852,47.265642161622445,48.74829577879722,52.511026254141385,54.99203041907581,57.067450848644306,58.41004505588159,59.39172177573141,59.76920561389978,60.00869455238273,59.6695790846664,58.68515717708563,26.020599913279625,55.58737362583068,53.75334339665416,50.672196889741414,50.02122846225162,53.02590648306554,56.206949664874955,58.635994116857574,60.45248633728511,61.75316075818942,62.69364418129487,63.27731960833184,63.62218500326052,63.61007064693639,63.38104333271932,62.65451100572254,61.60576866125473,60.66277087786028,58.31576094495081,55.52407804666992,51.23384441556113,45.76755863237645,48.17386855691992,53.42998725843728,56.653154555633655,58.7622303823386,60.16138774198267,12.30448921378274,18.633228601204557,20.681858617461618,20.0,19.294189257142925,18.692317197309762,15.051499783199061,21.13943352306837,10.0,18.325089127062363,25.563025007672874,55.69403173755881,58.085215546293504,60.1045303542777,61.54766221749944,62.6284296450869,63.17679399315365,63.63280398291291,63.641095353685145,63.49037481863049,62.96056971628722,62.127778968428785,60.9152697616929,58.774755870737174,56.00411978078839,51.99810008953807,48.61683729919097,50.4363730959257,55.00280396193183,57.69727279573726,59.776724012367886,60.99758310044809,62.208400158341774,62.74239387328091,62.57468575115614,62.49879481823933,62.35452691263219,35.56302500767287,60.29280265263487,57.99421196654641,55.79492064334153,54.170213879202876,50.99818709615231,51.745830891775995,55.255034908393874,57.21429719481209,59.43946382294861,60.468360667806245,61.344703645814,61.53436787432771,61.55259497707207,61.27463753180013,61.017213041263346,60.01320417380629,58.21719163676459,56.39674709157543,53.57725268400632,49.10944405749979,44.26917713880815,47.20266829679724,52.169255828250996,54.95257025412779,56.91323780305549,58.22253098579733,21.072099696478684,18.633228601204557,6.989700043360188,20.827853703164504
15.68201724066995,9.542425094393248,17.16003343634799,20.374264979406238,10.0,17.853298350107668,15.68201724066995,18.129133566428553,16.532125137753436,21.64352855784437,13.010299956639813,6.989700043360188,12.552725051033061,9.030899869919436,11.139433523068368,15.051499783199061,11.139433523068368,17.853298350107668,12.30448921378274,18.692317197309762,12.30448921378274,16.901960800285135,17.16003343634799,12.30448921378274,17.16003343634799,9.542425094393248,16.989700043360187,11.139433523068368,17.24275869600789,13.979400086720377,17.853298350107668,6.989700043360188,13.979400086720377,0.0,19.294189257142925,19.86771734266245,15.314789170422552,18.129133566428553,16.532125137753436,17.24275869600789,15.314789170422552,6.989700043360188,11.139433523068368,17.853298350107668,6.989700043360188,14.14973347970818,9.030899869919436,13.010299956639813,13.010299956639813,0.0,14.62397997898956,10.0,19.030899869919434,16.532125137753436,12.041199826559248,13.010299956639813,10.0,13.979400086720377,17.853298350107668,19.294189257142925,6.989700043360188,0.0,15.563025007672874,16.901960800285135,18.06179973983887,14.62397997898956,0.0,18.633228601204557,37.4350976472843,35.71126277084311,32.34010817587179,27.61927838420529,27.60422483423212,19.294189257142925,29.772662124272927,32.10853365314893,34.86430478854434,34.80868923687168,37.996850909091,36.47480773173676,40.32014034159506,39.7483395504854,39.61942883141387,37.96088428680668,36.991436873944835,38.13847754228854,36.24488362513449,35.826314394896364,33.44392273685111,30.751818546186914,28.2020145948564,28.58537197569639,30.480531731156088,35.01333178645566,17.853298350107668,36.03144372620182,35.97804842404293,34.97620649781288,34.184670209466006,36.60960291776084,34.385423487861104,33.80934463330702,30.20775488193558,24.62397997898956,22.14843848047698,24.74216264076255,32.347702951609165,32.17220655644519,33.59835482339888,33.93399695293102,34.077307280263355,35.224442335063195,38.06858029518818,36.399842480415884,35.461723683169424,36.020599913279625,34.51018452155458,34.03635189790548,29.68015713993642,25.118833609788744,29.283958522567136,54.63504786102099,57.75509962554112,60.23592352415364,61.9153847938448,63.378285041827226,64.20850826188291,64.95269104677493,65.2124298193054,65.22094048400916,64.90057414211739,64.17825793598378,62.96903109682422,61.21584791604456,58.50730758182509,54.36558581252018,49.21967245807445,51.77992197832202,56.939176801174796,60.093463465789114,62.14061944159943,63.63268920997818,64.54372975167976,65.01961984695762,65.03844183752703,64.73759285849158,63.96714787599731,31.37670537236755,61.261759063613745,59.133263216160785,56.367215300679064,55.536075626330856,57.72161017384906,60.62222743716292,62.96605964248498,64.81715016268836,66.15787870750746,67.14384252738165,67.66621763891442,67.93838419751879,67.90673884184504,67.64749978612713,67.15163090193852,66.20432253176867,64.93630897865047,62.9349602726128,60.08127299834017,55.32308393275416,47.79978675330057,52.74573464196471,58.47081950041668,61.791451678697065,63.85743867746508,65.2140551105316,65.6086472413619,65.79646543655923,21.84691430817599,18.129133566428553,18.633228601204557,22.14843848047698,9.030899869919436,14.62397997898956,16.989700043360187,3.0102999566398125,13.979400086720377,20.0,19.912260756924947,15.68201724066995,9.542425094393248,19.084850188786497,13.010299956639813,20.827853703164504,26.884198220027105,22.50420002308894,22.85557309007774,26.5991620006985,12.30448921378274,3.0102999566398125,20.043213737826427,15.68201724066995,16.901960800285135,26.45422269349092,21.702617153949575,26.830470382388498,24.74216264076255,34.00710636773231,32.27886704613673,34.96929648073215,33.69215857410143,26.60865478003869,23.443922736851107,33.16808752053022,30.0774777800074,27.958800173440753,24.099331233312945,31.414497734004673,33.106933123433606,35.11749711344983,31.367205671564065,35.62649672211917,25.71708831808688,27.09269960975831,13.010299956639813,11.139433523068368,22.30448921378274,20.969100130080562,20.170333392987803,20.170333392987803,15.314789170422552,18.129133566428553,20.253058652647702,15.68201724066995,25.4282542695918,11.139433523068368,16.901960800285135,9.030899869919436,19.138138523837167,19.084850188786497,18.325089127062363,11.139433523068368,6.989700043360188,17.24275869600789
13.979400086720377,23.69215857410143,16.127838567197355,16.532125137753436,49.930392318069096,53.059529449605066,55.36523091581955,57.052520207768154,58.14328185849648,58.981353031810784,59.57048617666506,59.719110500558095,59.66814485223416,59.06206782065198,58.846594487125586,57.91339703965139,55.84020094763489,54.0568437373613,50.88295596153512,48.726980740676765,44.73004964267271,46.75411693714864,50.67977944539898,53.63687175889545,55.410647746128134,56.694507751388755,57.88768471029441,58.002467961761674,57.98125584444266,58.45693855404649,17.16003343634799,56.985572284786194,54.052336305019146,51.80934046413014,51.033418238013,46.1020220940222,48.4915519393799,52.01227743760598,53.85137769321136,55.5617822651155,56.78598493064221,57.464551517643216,57.499039734211365,57.361262790895864,56.80462428537403,56.29297442854202,54.88444950096081,52.08669730979993,49.65601463145936,43.46900388113341,34.49940988773338,44.38653083715711,50.98878977027817,53.35357590149176,54.74631414337515,55.65361325296098,56.41065403807001,6.020599913279624,13.010299956639813,10.0,13.979400086720377,6.989700043360188,16.532125137753436,10.0,17.16003343634799,6.020599913279624,12.30448921378274,14.62397997898956,46.14274843732155,47.55180954290498,48.125657820089344,49.155317393839454,49.926860391621275,50.05219133813502,49.77910997209899,49.58224532762944,49.41958416530814,51.21691130307576,48.922337773373705,49.180985177643485,51.12457530842116,50.62393937253195,50.09425398309608,49.78436177643925,50.17033339298781,51.00487719883461,50.99684093356912,51.63569825317389,52.79712560820926,53.552829037435956,54.04149249209695,54.629128557049185,54.60676882442361,53.62371247946647,18.692317197309762,51.799451205634945,51.798389280231866,49.69052294836271,43.25700342915986,39.71507781711256,30.0774777800074,43.918169236132485,47.87460474518415,51.72372296969745,52.9939833006815,54.13380243632147,54.99391496882073,55.5206684343042,55.43454635716964,54.345210012657724,53.27720525571824,53.048738130433655,49.9565712810842,47.535907183400354,44.55042914079076,45.23147924422204,45.3504081325116,48.14367476434337,50.24222876990352,51.95484523033763,52.55393125707304,46.90913402670647,51.01035265005669,53.75864714311806,56.203776096549475,57.93103488912713,59.26396472791869,60.070595289043574,60.47596087528211,60.672736283174295,60.628045266232824,59.96865268029208,59.072506205738044,58.100778654920944,56.15627102540717,53.26159649121847,47.93629763785062,43.13972618860607,47.645123748551576,52.16284690000789,55.45050918526087,57.44043289844079,58.90725532986524,59.6770144973383,60.267407611337056,60.43804208110383,59.89667800140968,13.979400086720377,58.03687858640192,56.80252998691407,54.84978516872805,52.26406556024716,52.378376921938624,54.48126358347398,56.81524341275356,59.084919889810685,60.736014232655876,61.83998277609948,62.69124473903601,63.260198582123664,63.436468487662296,63.341500409677884,62.83551102328843,62.09972123518291,61.15667082749768,59.23088515442399,56.931436885276916,53.038977077644645,47.2775265980976,43.6408174141107,51.10848863002503,55.29956220078762,57.97324334800436,59.767240357128856,18.129133566428553,19.138138523837167,15.314789170422552,23.54108439147401,16.989700043360187,19.294189257142925,0.0,23.010299956639813,17.24275869600789,16.127838567197355,20.863598306747484,54.382986325088005,56.74740843788672,59.13746054782688,60.735134322917055,61.980194706334125,62.777203519684655,63.36971779279089,63.480418697347204,63.474597962969234,62.945942910818744,62.346534220977084,61.252495801886155,59.319549397556266,56.81082871975279,53.067873246252326,49.242172395610396,49.15827059432076,53.72330100353893,57.11328820060441,59.5831967323104,60.74829600884624,61.70109685719546,62.68029375553638,62.774716850428256,62.693964162493685,62.65626415334046,37.80461332861718,61.44544942335937,58.98521695475342,56.29370857491419,54.24007270016892,51.32659850327717,51.065852221852346,54.366793567767864,56.86594267559195,58.76867064254962,60.145894155928175,61.13434261349573,61.429710561608545,61.49261615992841,61.268519264801135,61.02369551600238,60.13858933022497,58.33138183593776,56.802421164589234,53.88307282618574,49.84927669776595,44.08256929608717,46.889623510950045,51.98395881990749,54.88655047447101,56.85133300321355,58.11381943194863,16.989700043360187,21.84691430817599,13.010299956639813,17.24275869600789
6.989700043360188,17.853298350107668,9.030899869919436,14.14973347970818,49.000447024025874,52.58258845960091,55.559030074345294,57.248425408382744,58.26868123565358,58.94538692323457,59.51233061812489,59.788576890509916,59.86377556319226,58.976408345692484,59.00487294151343,58.045946233976025,55.56864307311356,53.62868719475888,50.839324016386264,48.30004512364255,43.421264699557256,45.76226137449605,50.951588863783954,53.68071079002004,55.49596637633256,56.92927956528219,57.82742003847888,57.960363352220305,58.03900061257436,58.45760763821928,23.010299956639813,56.81968975344763,54.31294593233297,52.06442664675093,50.61953588884936,47.8659527514684,49.810026899414,52.13910702010223,54.297990973300514,55.22415540430557,56.64522575163325,57.43886669084763,57.50816842649755,57.26617195553252,56.67051161436834,56.4916441824387,55.25040917815115,51.4459911267224,50.404322279066676,45.68319085095112,38.89189612047073,46.041828375531246,51.31907242774386,53.57690964089705,54.94484365554435,55.255138509794634,56.08119360712597,12.041199826559248,19.084850188786497,10.0,12.041199826559248,11.139433523068368,12.30448921378274,20.253058652647702,18.573324964312683,6.989700043360188,14.62397997898956,20.374264979406238,47.455822134044645,48.45501126343464,47.62648559617997,48.788089323592054,49.76927431308305,50.072910594517346,50.163521322464845,49.81954444469974,49.94603068070779,50.354137270329346,49.93594928415987,50.15045239174416,49.28488027623757,49.075242196749926,48.56275634663986,50.812788812268046,50.73952842698543,51.44543074272788,50.440730743261604,51.78945308794396,52.45399144192987,53.26192438127772,54.17997842239545,54.19038303173528,54.41113592900314,54.184670209466006,15.051499783199061,52.77950557053959,50.93004702438131,48.5542223116103,45.08677825165493,36.7833624673218,34.061994236633126,44.453083464235846,48.43120607219163,51.281827137663086,53.15558934620779,54.22396120353505,54.73778834646724,55.04776596038832,54.95257025412779,54.928860509202735,54.215578628910414,52.33442873669272,51.01781431327967,48.80659276038634,45.5755532051209,45.043349118024636,45.10719229216392,48.549433490759206,50.68668143285899,52.081752157887145,52.62474821020941,46.85652184115525,50.892160494452405,53.88216690065255,56.237711641279844,57.92360867505842,59.28581207275083,60.11108416444607,60.585205415540706,60.79634123746938,60.61498092691998,60.02305186557777,59.22692249021286,57.88256777142878,55.87015762158477,52.84532245365379,48.65441562164601,43.325596414674045,47.37296033844829,52.37206828209662,55.568582831995954,57.43149009409141,58.91941459048158,59.77768403882672,60.27080792143337,60.31056846415667,60.01161052951127,22.278867046136735,58.26541904136006,56.63683025682047,54.46077155412742,52.7219679310154,52.18141468157678,54.40652520788576,57.014997704264665,58.998478500850446,60.79962634662767,61.91176489376576,62.73760334144516,63.1706874834277,63.40361809228728,63.3419671753586,62.946712000513436,62.19899786041008,61.10843143118394,59.37371932510959,57.03828538956348,53.257208580194124,47.64781181516568,43.10502138226795,50.85479671056233,55.30359806769653,58.04474739101828,59.82548459660909,12.30448921378274,16.989700043360187,22.14843848047698,15.68201724066995,20.969100130080562,13.010299956639813,16.901960800285135,16.020599913279625,18.573324964312683,20.170333392987803,22.671717284030137,53.9860657320563,56.599561115142976,59.21029075263699,60.783397095127796,62.081859721085834,62.808061558920265,63.35804796499437,63.56629241098655,63.52038115319318,63.01820126719345,62.418317661616456,61.27132021941749,59.20609547348896,56.65735733618401,52.98820339410917,49.06685138141586,48.63394245127093,53.026295928570654,56.925032237855405,59.37006065857815,60.746241094294135,61.98195059801752,62.56479371693529,62.940041291707175,62.453571823002534,62.77567960098455,39.625113935075966,61.36760190757721,59.32604642123401,57.129744593783364,54.54421025662807,51.42942932631187,51.720451117931816,54.3419352419327,56.74245530630025,58.88546213943481,60.264229405303674,61.19217936354119,61.37335118485379,61.501473868745876,61.27456304966493,61.09514089715687,60.24709735394723,58.22359022309417,56.997510316895145,54.25645062301223,49.92871501114901,42.65030197723058,47.79437749981042,52.39894817787287,55.27321790471572,56.74939178189121,58.10944553405564,11.139433523068368,6.989700043360188,19.138138523837167,17.853298350107668
16.127838567197355,15.563025007672874,12.552725051033061,6.989700043360188,49.16522377440696,52.88305130120162,55.63937685108862,57.18665245088418,58.26501109472633,59.02399996677087,59.556800551050095,59.73398510272281,59.83552771037016,58.971430505796185,58.94912254242233,57.9007958217581,55.6499018493065,53.56226695860006,50.47952072212367,48.01520329527164,43.17499221107131,44.825448811864355,51.24076893213106,53.875677794171885,55.726358115193406,56.976703898316465,57.97063159617391,58.18962513143708,58.19610390673344,58.522115264445745,18.06179973983887,57.16704330230242,54.72178467845791,52.37990871416868,50.87060543881668,48.26346961708255,49.26964626713365,51.650958747542184,53.882380076603226,55.06521267409151,56.338329079830956,57.04461106548124,57.17876785482165,56.87957693355662,56.33316931074275,56.26750853683393,54.82064242189283,50.949111398137845,49.836082475190615,44.459154139511234,38.70228279011795,46.3753976055708,51.50587600002347,53.83465276880248,55.29810067656777,55.48538047951077,56.33008668115934,6.989700043360188,12.30448921378274,6.989700043360188,13.979400086720377,16.989700043360187,16.532125137753436,12.552725051033061,6.020599913279624,12.30448921378274,6.020599913279624,15.051499783199061,46.49743643131735,47.491563540113795,47.317821000238396,49.08828029643368,49.73889510739773,50.4363730959257,50.49996727620201,50.58657535846219,50.64495426792728,51.04521252618328,51.08026895908694,50.98384109699789,50.25715383901341,49.46786209267823,49.35371212601676,50.981381966924076,50.99973984235501,51.174469670493735,50.056651755283596,51.397531856953535,52.00686375969617,52.73811199399403,53.77193290666344,53.82298071708763,53.85436454492493,53.751238392011764,16.989700043360187,52.1917833122201,50.431971754363886,47.56864224060549,43.57038666819455,32.46744709723841,37.555699806288,45.94436751126765,49.26882406087767,51.868546681609175,53.61523858540673,54.85620647115498,55.17898912102343,55.477747053878225,55.435776352234676,55.336208294731065,54.52215913750055,52.80983340918397,51.726175241932424,49.193134894330655,46.21923705295806,44.487063199050795,45.0931007420929,47.651094972067185,49.70309675966085,51.422204714129585,51.721941284669306,45.61161035387616,50.4363730959257,53.736933977083254,56.17491005429358,57.90147181470097,59.256028992065055,60.1360604614876,60.608035687480104,60.77391527354126,60.639140318275786,60.19943363274707,59.372776095580086,58.04011920575462,56.14248452317402,53.33878332054052,49.90272240095869,46.34356336067435,48.799555851227495,52.480346030587384,55.41312095650818,57.37451074418345,58.647412198780515,59.54613913640246,60.0116668366936,60.04158375268987,59.6862208729054,-inf,57.71790985768331,56.03089134647177,53.54419636059475,51.23384441556113,51.084466251429895,54.01795018065451,56.94820099589946,59.17468747883369,60.89724647543487,62.05465566041448,62.8681785715099,63.352253454550606,63.56227269551728,63.49965829143968,63.10962724946251,62.40013037941854,61.38141584513705,59.64033228793623,57.43613230510272,53.97592434038117,49.20394675554099,44.0024433123815,50.48150363332397,54.920392248322464,57.751529784249655,59.60071499776356,10.0,23.05351369446624,14.62397997898956,20.644579892269185,17.16003343634799,18.06179973983887,16.020599913279625,23.180633349627616,22.30448921378274,17.634279935629372,10.0,53.83673569016153,56.69383833012517,59.352275546116616,60.97279874368063,62.1697618097739,62.932407583674305,63.444412027504676,63.695872616110634,63.676190274955616,63.12813939562089,62.616731724363916,61.41282294719588,59.300545739912835,57.01624966279518,53.48012638422195,49.496046609729746,47.990440250294164,53.15953560804772,57.05375283894924,59.37881323626811,60.87603263765721,62.13074736677315,62.17636052246564,62.86709023647883,62.63914779627039,62.80398059761363,38.58837851428585,60.76106074814611,58.55684483182146,56.82190218984122,54.791576569791914,50.853940543157805,50.86505757579863,54.62501317743295,56.69020119798532,58.82866488467304,60.201760049321315,61.08716864960253,61.357573949617795,61.43450750509036,61.28639938173109,61.13281384161362,60.23803725354902,58.135816556867,56.906434387523426,53.98096326549993,49.800442979310915,43.0466283266839,47.53889331459834,52.393995931157875,55.12540318868722,56.681593907578204,57.85063480995154,3.0102999566398125,19.138138523837167,6.020599913279624,19.030899869919434
6.989700043360188,19.912260756924947,18.633228601204557,11.139433523068368,48.73070534349692,52.40718939407007,55.28197849420774,56.97024356231487,58.13840420363891,58.87800093088171,59.300300843051296,59.70242707459949,59.6429216569825,59.381352945252814,58.85064803392826,58.07368584273771,56.66784652818747,55.03514225868442,52.56922100056084,48.759521004478366,42.930087866585644,42.344160375670356,49.564421803029965,52.47425759416521,55.05087544000558,56.68614187478293,57.367230963943996,58.3013232358067,58.495385673642566,58.21891979165188,16.989700043360187,57.15779457241521,56.34164788188797,54.67929083712205,51.685328384867766,50.3577383524652,49.03768042526874,49.4299959336604,52.345805502448115,53.622430189957946,55.23977855512203,56.436303060797535,57.16274692898174,57.22347588618512,57.0220471354945,56.33530060427244,55.117791177935345,53.45232537394635,51.37967767484903,47.91781848301057,43.123889493705924,43.18418142209944,47.1803642078278,51.17576189311245,53.2383970213342,54.63452501511519,55.70040642457215,12.30448921378274,18.692317197309762,11.139433523068368,13.010299956639813,10.0,12.30448921378274,10.0,15.68201724066995,3.0102999566398125,10.0,18.06179973983887,45.65965817446667,45.815286925457094,45.59966441093215,47.12893713296539,48.46844111625265,49.46791118297385,50.164190465102834,50.81613708598819,51.36879039875517,50.63956014232275,52.163242786866675,52.2416257599624,50.08672548144371,49.801306853344045,49.78801146346359,51.38877166025598,50.86946799326456,50.629916446225,49.38024106610897,50.38465171032073,50.762762554042176,51.45494745066455,52.5518805074294,52.92699003043929,53.4463784591778,54.1653400061339,22.14843848047698,53.991231509453534,52.12414017957467,50.78949560535647,50.21098294501489,44.88903085267769,38.36893516376434,31.287222843384267,42.67875419318898,46.14739070319703,49.82529018865603,52.453004038736005,53.729948054645504,54.690454808257805,55.283728493477035,55.988386374894304,55.74875872503636,54.674201419183674,54.533917357290264,53.41735162006117,51.58905021187544,48.54214921512205,44.286692306521886,42.43658026638697,45.1205704403734,46.71404281293384,49.041743682841634,52.34036154915847,55.031503416035285,57.054018151292624,58.50886898716736,59.41945013705404,60.06789823910975,60.3924036663055,60.27826050797589,60.004939461183405,58.951843370566735,58.03411362090146,56.23383694080897,53.36323620240816,49.85336641735613,45.637301992926105,47.253234672307876,51.56991095110956,54.59250715728166,56.85069629391148,58.23602020755124,59.13174121149276,59.597781132205995,59.88398407685473,59.5689229158051,58.97013698386183,58.093772052765914,17.853298350107668,54.40589537798744,51.35415725468063,50.361696097095994,52.70581021547261,55.76241116836443,58.2359419786108,60.12328422751133,61.48282367930002,62.519721460017905,63.12320404549993,63.522604910983034,63.53453813984423,63.39020510810929,62.864045938332765,62.04549992672872,60.85308420693529,59.06171746558444,56.43508933718397,52.86052077773516,46.90594738870024,45.84206799271915,51.72719661349497,55.71126277084311,58.077169606972056,59.74419573852286,60.82736913270195,6.020599913279624,19.294189257142925,9.542425094393248,18.573324964312683,18.573324964312683,6.020599913279624,12.30448921378274,17.16003343634799,16.989700043360187,10.0,20.043213737826427,56.78169528724919,58.9910064010476,60.80987046910887,61.98285853936349,62.810981655167424,63.34026686063446,63.64624715978462,63.5667757495247,63.27205626925103,62.55857202510021,61.61092662123927,60.13256137859197,57.833753904117636,54.96571276460733,50.44904132647613,47.211921088437244,52.19062954992162,55.76568229959705,58.63337732964481,60.378617695301024,61.85120687596593,62.14268556622744,62.84153147898398,62.85346861477854,62.504807504903674,61.87966348996899,37.017406324372125,59.79455952103411,57.70258315597343,56.69135499174489,53.25065948127544,51.26391191616615,53.61147760072272,55.54214080304422,57.85735461681389,59.544475445374125,60.57252528677217,61.33122296841874,61.648478477774596,61.64657647330023,61.349245219592504,60.72936650183827,59.751053905462534,58.066750588278786,56.065705215072896,52.78355696411606,47.59433640177714,41.80842414646683,48.86502005402139,52.76379073535428,55.240961021289046,56.830109957074455,58.07216970188449,18.129133566428553,10.0,16.989700043360187,17.853298350107668
6.020599913279624,12.30448921378274,17.16003343634799,6.020599913279624,49.49316804776846,52.57472175966978,55.604147991101556,57.18157770863583,58.27532748984649,58.89189612047073,59.52294922466044,59.79410871876467,59.83837745617805,59.08593310913592,59.04799908116899,57.94701307470131,55.824281534562246,53.64712301573003,50.75083223141932,48.60900727110924,43.85141347604658,45.541377057011715,50.986748693245715,53.558823441174425,55.39915007705217,56.63817726418752,57.80842037601828,57.911851982534905,57.86894744058351,58.15272173779829,21.13943352306837,56.448687316855974,54.17646040308415,51.814462553670786,49.95604485821234,47.87835803437781,50.06213521810737,52.31145787829614,54.71621708148321,55.56573850030662,57.027647456334456,57.66234333244611,57.73602891188969,57.559274249806435,56.84454859482064,56.83598116306689,55.486326040855474,52.043940445559365,50.9096659884002,46.96924008405421,40.98020386209668,45.585765825422364,50.66240176355773,53.26796542253948,54.767403562389546,54.92839979114362,55.79583546511386,18.633228601204557,13.979400086720377,6.020599913279624,12.30448921378274,6.989700043360188,0.0,11.139433523068368,18.633228601204557,13.010299956639813,12.30448921378274,20.863598306747484,48.24028155508092,48.71164132802949,48.45209701382329,49.49023873857818,49.97530542741596,50.148648137492806,49.971503856592264,49.639860469753856,49.490092221240715,49.79311587806006,49.396639933238085,49.22855156211905,48.07873132003333,48.054532802570066,47.62896031550491,50.12942623196626,50.454677194918474,51.31907242774386,50.56100280774327,52.12509875185181,52.86914325906166,53.729782462285826,54.45474985335217,54.646206803950136,54.53724918447377,54.67159522278397,22.50420002308894,53.40162426171224,51.25058151172073,49.07223197408704,46.23879593821514,38.07873132003332,29.845273133437928,43.63630780112138,47.15577191957452,50.698049483955046,52.518838862057535,53.840037586692695,54.44552217740483,54.69910338077624,54.61085645778675,54.564100677496164,53.55315482465272,51.7246281361487,50.39572736592766,48.16903839375661,44.719514546809826,44.08545221315446,45.1936852704,48.907171547189435,50.99006927850132,52.47295532867157,52.79550599586831,47.556081017156714,50.889330407719065,53.761716697923696,55.92426599221743,57.80536924625888,59.04521881402054,59.92554401441576,60.373344496311965,60.54570925182847,60.39488676577419,59.842662081338425,58.874940827392315,57.478916750387896,55.24911257156823,51.69747887671143,46.31464062673693,39.79047326947965,47.90573659337278,52.720505749886115,55.928094110842565,57.857119883610224,59.20724762456245,60.15378619142085,60.6292326948042,60.716537587111745,60.497996651631134,25.514499979728754,58.86265059029756,57.46422448221602,55.427320871697525,53.88216690065255,52.862048923340126,54.41973057990779,56.774143971494944,58.73866760011435,60.49514560050553,61.79697106142174,62.49247533869265,62.920938453671084,63.14636041812741,62.98189342876792,62.75422160376361,61.84681495862874,60.86918358532287,58.83704578606167,56.393928468771875,52.42653217409017,45.81665266717616,43.4183005692051,51.44515052361274,55.68160640213358,58.4043545595464,59.97485116184678,18.692317197309762,19.86771734266245,23.05351369446624,20.253058652647702,20.0,13.979400086720377,19.294189257142925,20.253058652647702,13.979400086720377,19.86771734266245,16.532125137753436,53.87896800509134,56.38773701548689,59.14671002380751,60.51711919356773,61.94077885628392,62.60678260178168,63.273346132143445,63.457629506057174,63.415375954556666,62.886062200449864,62.37565100482614,61.150873793877274,58.95102508931082,56.35392253849798,52.63853752946098,48.4723940770799,47.62123151874593,53.36621813522334,57.435607168681614,59.4795152737413,61.29665728258426,62.206900711209094,62.907093591657684,62.80385307692346,63.13565217477301,62.922217252817056,38.36640541572774,61.490382729809085,59.380591689360934,56.95941120079556,53.9542599848916,52.290287581574795,51.52685756036786,54.26019758876151,56.81318136881481,58.65725643001256,60.1359931170679,60.93427989391216,61.2698972749387,61.5638951726057,61.19414265678611,61.0617865386347,59.97402113087689,58.25180012760431,56.851010176360205,53.99045183616216,49.80893785068032,42.57198426139344,47.92643787305141,52.446283736841075,55.012852557403555,56.715893433956424,57.84046415808113,20.969100130080562,20.043213737826427,14.62397997898956,12.30448921378274
0.0,14.14973347970818,13.010299956639813,9.542425094393248,48.55622114260253,52.4831664034178,55.30631216025174,57.14732008445095,58.20278324777465,58.87986743508968,59.52479076359471,59.70779095629972,59.75138503266556,59.186676733599214,59.148617789871025,58.23373142865215,56.474230720328215,54.768026552655165,52.37206828209662,49.11487866668563,43.778342244705485,42.97015993577781,49.90680649447501,52.69256027417774,55.07387606342231,56.63665125236666,57.37353286040576,58.14334179558432,58.52412282336904,58.48226076651172,22.92256071356476,57.44690317697837,55.87796244450726,54.338050239488695,52.033049161384824,49.6887970308578,48.95610368172214,49.91810650165469,52.567225554135575,53.69158318859689,55.18204559393736,56.49366017736541,57.07959163760323,57.12464497828986,56.88608449947482,56.4450161175849,55.65701455655113,52.90757832981613,52.007547677245185,48.524067917687894,43.17750028842234,42.921895926234995,48.00613989826332,51.686418315100305,53.751513015702784,54.39765193631729,55.64326306001484,13.010299956639813,10.0,21.335389083702175,14.14973347970818,6.989700043360188,15.68201724066995,9.542425094393248,3.0102999566398125,18.325089127062363,12.552725051033061,17.24275869600789,45.55747214087209,45.83538819254352,44.56639279342896,47.172210003070674,48.118430061764776,49.50194413907851,50.29748918566837,50.647162427647395,51.14724379660332,50.863598306747484,52.01596471625854,52.10725062456114,50.374264979406234,50.10605212643408,49.78404228285004,51.59461915191329,51.136258672440775,50.85682943194615,48.694781412698546,50.1142241148846,49.92473985619664,51.287900871057836,52.39534710403129,52.94300854141354,53.46169045051581,54.254315035760776,14.62397997898956,54.065486959285465,52.17497104453355,51.36758605883077,50.0525775168898,45.946245541488935,39.66892295867136,29.894498176666918,41.67465028843088,47.06615382568476,50.0525775168898,52.35053493323989,53.684970065532625,54.6062876733441,55.27232797418289,55.89494973081173,55.97643637814265,54.58766230156197,54.65347154544533,53.309269116889304,51.49225272817108,48.941498467679224,43.80735697415691,41.80842414646683,44.78306706922567,47.57304908504149,49.430788188840054,52.40274607478889,55.18092601516532,56.95232936656954,58.55888482035142,59.40004692168672,60.149424478288445,60.433355513844916,60.29160484810585,59.97266215879751,58.914064248094284,58.12122220533353,56.359359014438894,53.51450356367914,49.88099449687348,45.973989750590306,47.2366086669145,51.743389696267464,54.60383598237594,56.9677562565615,58.30424414012632,59.17883449079119,59.653117898979716,59.7585670365614,59.632682515262346,58.997575962777134,58.160403508709344,17.853298350107668,54.31969744969575,50.98878977027817,50.20974166622658,52.90413062122933,55.8833446486505,58.231147767644046,60.133193190550244,61.50061319612306,62.62550277907422,63.120344729109675,63.56745577116396,63.56490322965549,63.36443722696916,62.95550607453813,62.02711128706283,60.96707410811191,59.033027391680484,56.77435390765696,52.908467616940804,47.005739284858166,46.00853148871242,51.83742326797613,55.66663714244172,58.14387453334589,59.8202732630544,60.929969897433345,25.2244423350632,20.0,20.644579892269185,9.030899869919436,12.30448921378274,18.129133566428553,9.030899869919436,9.030899869919436,18.129133566428553,12.552725051033061,16.127838567197355,56.70694763141902,59.064050836537874,60.74809494802463,62.149804704293665,62.787042257208725,63.42609189988627,63.736066862945435,63.58924215388512,63.346089434839655,62.38388633892542,61.77798440448485,60.29534739806649,57.713831453976205,54.66657092145439,50.26239004906745,46.887845473702214,52.0444829373088,55.858948069878195,58.86243050305786,60.381848546960704,61.8406565290679,62.337890528835736,62.54457438585864,62.79405239282962,62.09856418076203,62.66728756951143,26.364878963533656,59.74651676031264,57.144923801241845,56.473096033635535,52.288621285305624,51.40561462373471,53.16123475448525,55.810811112382844,58.160091722136976,59.44712096692868,60.678000220537704,61.31337918033459,61.61327266497311,61.584861277851566,61.3156381276396,60.68899818910414,59.989512163675116,57.837106754009184,56.42640576619843,53.11442328425385,48.31312957688113,41.613680022349754,48.84602804807755,52.865687340572634,55.34879886708954,56.774755496387854,58.13079025088903,17.634279935629372,18.325089127062363,14.62397997898956,19.912260756924947
18.692317197309762,0.0,16.127838567197355,14.14973347970818,49.97604787460454,53.45556037151204,55.18941443661678,57.0831635091493,58.09029484487552,58.952926803101064,59.445108016771975,59.48740030664773,59.41731008880101,59.40265398121957,58.16479930623699,57.327683782581914,56.80905434141601,54.88986202615859,52.42665636645263,46.23166559760084,42.69256027417774,46.56950614572195,50.17242084547646,53.325596414674045,55.306824063035435,56.98355477365577,57.50744377106137,58.402522990556065,58.45377139623072,57.64942385688236,21.13943352306837,55.736929653616556,55.25272913774693,53.50172397979547,49.27498681693201,48.64065879090237,48.47140617413406,51.03940485083021,53.50040515602717,55.61923854883944,56.6442571451084,57.32600402656951,57.74786947269548,57.76987230277602,57.44411908750269,55.49682389352718,54.045771677406236,53.067337494274895,47.655568008067135,42.12853189947111,41.97804153173409,46.8686854574798,49.24925077232033,51.9326098994545,53.98150156349642,55.94725050640435,56.54416252487203,6.020599913279624,14.14973347970818,15.314789170422552,13.010299956639813,17.24275869600789,17.16003343634799,18.692317197309762,10.0,12.30448921378274,14.14973347970818,15.051499783199061,44.502645085598516,46.15960567133985,48.885445298732684,49.475366463052936,50.096420792661426,50.10897548450238,50.38671813299544,50.443907890843874,50.78166708168154,50.066286048287,50.50766311233042,50.2669665597816,50.458703924493605,50.509092494147076,50.53481804080292,48.51417357022564,48.92906753022043,49.16706555497227,51.788762713410904,52.19112780306168,53.25031019240407,53.73913772526798,53.60688062030678,54.23999090057728,54.32316557595327,54.25537480955108,19.294189257142925,52.68512448376133,50.65867157632795,48.535156967569286,44.55773409227347,38.603380065709935,36.90993032099869,43.886872102012404,48.90292444132118,51.033144366937066,52.80644374471535,54.148163054218045,54.99026893261117,55.345185351373914,55.35043347050548,54.58320509318077,54.02435065513145,52.69909698749761,50.6169368680342,47.44332106989367,43.8385125660331,42.82599457384596,47.32554579851432,49.28360000996638,51.003739918854876,51.39768925279731,52.15457781707917,45.90540910873103,50.56188055196388,53.93220604058523,56.438394211366536,58.07300229117905,59.24388879887723,60.034639788774314,60.52489633140091,60.69971331292798,60.57311906831192,60.06497276098648,59.167465381271,58.01293921864864,56.050560367399825,52.993438354972895,47.95275058276003,41.79695383324506,46.782815921420244,52.46766854486938,55.374992358689006,57.48814200270789,58.9136180885568,59.62980800835575,60.20568434801363,60.31523587528834,60.111685247085475,-inf,58.29286400704304,56.508008035062325,54.684950245070695,52.19741661046302,52.79541473212747,54.56062224454952,57.045734475593186,59.15996777571371,60.7671215276488,61.707133814622146,62.61344722613512,63.23027983538364,63.45132497789504,63.38345315925339,62.84479913499882,62.23585230827573,61.000412526673784,59.48478007266148,57.08838845510495,53.51303388961924,47.45270023988988,44.312994194693516,51.15344195871441,55.415917234937695,57.91508192984188,59.73136169797389,22.14843848047698,23.69215857410143,20.969100130080562,18.573324964312683,18.129133566428553,19.49390006644913,19.084850188786497,15.68201724066995,17.24275869600789,21.13943352306837,13.010299956639813,54.4435244236893,56.93786726236172,58.87304405611492,60.77958434853895,61.80050713340579,62.80920799902092,63.37577453175748,63.54124004290166,63.42256235181495,63.0656097797414,62.25923580564456,61.092426571326726,59.761651237475355,57.40212634571335,53.98559738810114,47.88712666322263,48.89290494762161,53.592376791197694,56.91944799908481,59.147154010952,60.794464466052275,61.873819500413134,62.65913505323066,63.14596896408137,62.77136389611533,62.73681249962916,39.109444057499786,60.18867278982269,58.76591911924834,57.75923405842681,54.48899468443689,52.4124007539351,50.81019482631868,53.99038252509516,56.86640737289535,58.882497169731955,60.02392872771722,60.93808525246981,61.59265127226318,61.72887697650385,61.625417055303984,60.63694307697897,59.77266212427293,58.70736229938804,56.23259630619611,53.059572389325744,48.26806652529976,43.80573003066887,47.26409316259979,51.35539711053947,54.632418055234325,56.81332610559938,58.06749611748323,23.654879848908998,17.24275869600789,0.0,17.16003343634799
16.127838567197355,19.294189257142925,19.138138523837167,6.989700043360188,50.404638817350474,53.301295624875245,55.02645577977923,56.80133279134111,57.92279599039017,58.91814448086819,59.44389881144188,59.555703835660275,59.477105821326106,59.404492437697776,58.57911772426921,57.583561848406845,56.71584717804049,55.02866654795768,52.21906941178184,48.70433169419862,45.57952095720065,47.05906455700312,49.18664530902084,52.786370115226156,54.71573324263599,56.43677661703855,57.410073355287125,58.02960397598456,58.122025367380836,58.01507983061296,16.127838567197355,56.36505949790304,54.7934204997666,52.731819009999946,50.80889725210444,46.71320977612709,46.925649327520055,50.9158255208585,52.91661833768998,55.53912140381876,56.767274375617546,57.50970984437319,57.88253241248314,57.99209551998112,57.70104234515148,56.72471929268909,55.30017743229231,54.29275747758834,50.21408459072693,45.40504659129165,38.662282473796466,40.27757204690553,47.42332282357148,50.76221600814062,52.98460069461452,54.9685357072069,55.85426887061487,11.139433523068368,10.0,13.010299956639813,13.979400086720377,6.989700043360188,13.979400086720377,14.62397997898956,14.14973347970818,11.139433523068368,12.30448921378274,13.979400086720377,45.67026366159061,46.78518379040114,49.26465925131506,49.586450968182085,49.85956107039274,49.911906216346026,50.071757367851184,49.60399419895466,49.60090067904919,49.98477303036506,48.81087796950683,48.04718559863012,50.264924070528394,50.16841205014338,49.939297670373236,47.01740632437213,47.700046793901706,48.48423141732414,51.04121631237788,51.367205671564065,52.84929040484243,53.702909819487274,53.96891225039549,55.11402029689271,55.265008152313584,54.50452347535209,11.139433523068368,53.41539375735757,53.706185509532645,52.36186964029699,48.2305668847533,47.04605172200985,42.05041879261369,32.21153321954705,42.23158342460344,48.441353216866744,50.85861173788451,52.51628488249936,53.71175036620767,54.6955694185667,55.09903818710236,54.292515033306934,53.664827269770555,53.766882535649046,50.972607812581366,48.41240555110424,45.16892181651242,42.74273337758417,44.14655862908059,46.48057363328742,48.97857920673382,50.60474971226361,51.67320289122358,50.15334602490769,53.04395730934152,55.520083660454105,57.299322290765595,58.58431919527348,59.46356454191954,59.911804280572596,60.064459315957805,59.917309817829675,59.59821943285145,58.38553166162376,56.97923832762872,55.269850685599955,51.98208817708988,46.08793373986931,35.90284403718162,47.98961237880703,52.948474443079064,55.792209352228966,57.934725771356696,59.29595673144301,60.194839344250404,60.609156882424784,60.990020871537965,60.80306058526762,60.01051889217795,13.010299956639813,57.668654969951604,56.56567714785965,54.69358030037155,52.88957562903683,54.344683021171306,56.42924292578974,58.255410055946875,60.07845035422097,61.160927932140375,62.08528421604441,62.65493757586788,63.075512304534314,63.11822707162789,62.710831355739245,61.99048600071846,60.85237046441033,59.60170996630194,57.00919945420287,53.62906383503136,47.634579438737596,40.29099566823543,50.07649645371551,54.75608726766979,57.80122808375505,59.51967129242572,60.86554151774269,9.030899869919436,16.989700043360187,18.692317197309762,16.989700043360187,6.989700043360188,19.54242509439325,12.30448921378274,13.010299956639813,9.542425094393248,19.49390006644913,19.86771734266245,55.543498242223556,57.84020708698477,59.65858527367911,61.030689026074604,62.185735765222994,62.81891330874597,63.274835845592605,63.341136217130256,63.12267296032033,62.67003847010567,61.584134583875226,60.30599721965952,58.42500028273313,55.479026373254534,50.83215862155997,47.46649764769085,51.27940173346196,55.29559956016261,58.14527265912848,60.05783042708799,61.515586062589016,62.41529048702137,62.83306883542801,62.77098302761752,62.85831750394462,62.83884646060979,37.44840396785379,60.68960590130337,58.83389419190931,55.705079147210334,54.418600262895005,51.26618375522951,50.88646306471225,54.77365838393199,56.85534839789831,59.086142156721024,60.225182727981334,61.166588735091324,61.523892602482356,61.57725663362385,61.4312382885085,60.77740620734161,59.64412855830852,58.36764517638873,55.99910351021086,53.048200012566056,48.43257701026018,44.08663874063811,46.867881564068796,51.8077081387463,54.91568984947175,57.0384142265593,58.189915039289765,15.68201724066995,18.573324964312683,19.294189257142925,13.010299956639813
9.030899869919436,19.294189257142925,15.314789170422552,16.901960800285135,50.13561849467187,52.904909375345625,54.88528155162123,56.70996866872022,57.89237935502265,58.84900102920541,59.38171850098553,59.59690916352679,59.63074432314706,59.43645355103523,58.67988681935354,57.84772013677763,56.8328214234976,55.169846395331106,52.642509821869695,49.67365421856215,46.16254897182604,45.47651658359969,47.990440250294164,52.2284647997415,54.3847431189885,56.09522910145189,57.387884834938475,57.81537814005847,58.1031990592484,58.21341217531291,14.14973347970818,56.951461945554584,55.30922919822178,53.316074559256386,51.76661258257647,47.464551517643216,46.28562613108777,49.79120242557178,51.91093147023806,54.85080866700281,56.20048562380731,57.120180004512505,57.48808004958602,57.75189418823403,57.53678792274073,56.765408939806946,55.58690574532615,54.632731922560055,51.23492301422652,47.6090476496295,40.62205808819712,37.07399831133249,46.250036010148634,49.88010168594616,52.447346829789524,54.61908017131709,55.60728971608025,17.634279935629372,13.979400086720377,14.14973347970818,16.532125137753436,10.0,3.0102999566398125,6.020599913279624,14.62397997898956,10.0,15.314789170422552,17.853298350107668,44.718928513705805,45.52972237463008,48.266060022944465,48.42914885331417,49.234357292441786,49.68487618361968,49.63036603844376,49.77655027061702,49.89151582807074,50.54183909777005,49.31549398522175,49.35648313051384,51.133817472456656,51.145876344387915,50.73681699476283,47.52447968653242,47.79055089381888,48.02486380360497,50.35593818464033,50.19053947051712,51.788158545656074,52.73429564696245,53.26323569401553,54.38486970731454,54.76649064779636,54.403579968152876,6.020599913279624,53.84245857819978,54.31731954101818,53.337132110238585,50.1734224663959,49.45370094490304,45.79166002379459,37.623033632877686,35.10545010206612,45.33772058384719,49.16022071490407,51.62038394644034,53.11289659442737,54.243752088079155,55.118833609788744,54.55234788022721,54.32895566734661,54.83132083310472,52.730475943379965,51.14023522349566,48.81755446420702,46.05660526371362,45.238764756381315,43.64382122338207,45.57085936526085,48.45451535902862,50.11253170127497,52.77251547596918,55.12377507312931,57.02093482784933,58.29028954425557,59.40455221183619,59.844129865888306,60.00534721480865,59.8517579542015,59.476027991244386,58.86556710359946,57.18731646276828,55.14973869321298,52.81253869191734,47.68408685826983,38.67820908045573,46.7655644233987,52.00221026191876,55.29840840675337,57.27281741416966,58.81418896772843,59.77517380742896,60.41554528396205,60.45577220942151,60.52472699285681,60.04644609355803,58.8906627911821,20.170333392987803,55.7593220650424,54.421158754277755,53.25897247916396,53.58532542836399,56.016363476482354,58.142329413763974,59.79199068787537,61.23301730846735,62.136837399839564,62.71719197205837,63.06494080245001,63.25969424054093,63.0186347506282,62.46830329883775,61.502555615247736,60.10049656258925,58.4714370495029,55.352358725620434,50.84111351940677,42.45216456947668,46.64735968518705,53.11747505480247,56.57507131518202,58.833263598539475,60.280850425140144,61.246932908810756,0.0,24.84299839346786,17.634279935629372,13.979400086720377,24.16640507338281,23.654879848908998,22.576785748691847,20.863598306747484,19.138138523837167,23.873898263387293,23.820170425748685,56.93879013281076,58.8877013710987,60.487854516472346,61.726525453528716,62.61493400118751,63.12171430353785,63.3827317467984,63.28821828458931,62.99787222723258,62.402718601935874,61.28928888323843,59.66125299663955,57.46983517595014,54.081653145322875,49.032636700504085,48.051268913028586,52.738088874716,56.386190267202295,58.65185730435848,60.56415804316451,61.68508090314367,62.54089856583931,63.15339636192064,62.987738486322144,63.04061622590011,62.54318422766606,37.234556720351854,59.511591979917064,59.051620494722286,55.766269460188234,53.75411192667163,49.561876466202264,52.42355049145863,55.28079427118776,57.62451981429618,59.462149103058984,60.55901768837651,61.24494117262505,61.48514121268238,61.609922498825576,61.3545864756125,60.73047883445412,59.5456714383983,58.08683509128969,55.81426233724123,52.79201379077763,47.83081356276696,43.951865574465046,47.401494380371226,52.04407607484978,55.165525602475626,57.12165479598535,58.19136428833765,23.384564936046047,15.563025007672874,0.0,17.24275869600789
6.989700043360188,19.294189257142925,14.62397997898956,16.127838567197355,49.1048032754076,52.642509821869695,55.40786057425353,57.04082706676476,58.28317609800963,58.86998045671099,59.54826002093875,59.70544449221241,59.810026899414,59.06126465716753,58.999255080447185,58.16231354202741,55.92456570584521,54.14547196293471,51.283378685803726,49.26779608411234,44.52154585714663,44.59769315966737,50.292092130486395,53.127716706079994,55.10047431282842,56.6937732419984,57.5828345113316,57.77157026505341,58.075296162658894,58.31540250685161,17.24275869600789,57.08544116900042,54.760457691349735,52.724264650060846,51.24921364481579,47.99347442962076,49.245790525823736,51.47101005450389,53.71751107340287,54.87593650840854,56.35067348380288,57.294992944589254,57.43149009409141,57.33282349590398,57.000881748071194,56.873336185387345,55.7571537700626,52.69858374459166,51.73119224492082,48.09943340274762,42.01970342349048,44.20236380469888,49.548838264283205,52.31479785017175,54.18927417292209,54.558022993947176,55.64073978977147,13.979400086720377,6.989700043360188,17.16003343634799,15.563025007672874,16.532125137753436,10.0,16.020599913279625,12.30448921378274,10.0,15.051499783199061,15.314789170422552,47.34999734992562,47.73969190400217,46.975083178660846,48.25432609415597,49.01049445343407,49.860054467068764,50.00455769968617,49.69997998598342,50.170208113926485,50.37091683257106,49.998479703245884,50.30721129360462,49.258069670429734,48.97610598781775,48.60104323232677,50.264719768761026,50.501824806649694,50.986160408242576,49.56883658439365,51.11575012555049,51.78228510935771,52.901526343372545,53.9487526155075,54.052336305019146,54.46898928428925,54.70542788031808,17.24275869600789,53.809525284492295,52.32917371506606,50.732379786391476,48.651039746411286,44.246366646501976,34.1929472175346,38.23474229170301,44.656950742625696,48.799097770925506,51.39328001151306,53.064850739944525,53.97759304578508,54.703472681524865,55.072687728685224,55.081592323614416,54.65491411499453,53.479795072226835,52.381590552118816,50.50959459771651,47.98547065252727,45.4979996418455,41.993711613914904,45.25109622271934,48.35081498315656,50.742494406724944,51.39642992629778,50.12014237418042,53.408405498123315,55.76282595519174,57.58431178720695,58.875295324791296,59.76071978264896,60.29975962495406,60.50712600676151,60.45981745751659,59.791498610268796,59.03700284592123,57.72442734772183,55.740636938384746,52.66055213999255,47.6789761601809,39.97954004069403,46.809697184658965,52.1903148342729,55.32989929410996,57.4530671788266,58.845965735271704,59.76272927318487,60.26945301487043,60.420680798536864,60.251194063858115,59.66146427789134,11.139433523068368,57.283318638027055,55.19624575616102,53.2332017900604,52.773730956083085,53.77586703072112,56.37518748220365,58.6228466775458,60.1805190078663,61.70791055872728,62.460044252046735,63.03498661708777,63.264548658931965,63.284562608631624,63.032483424643985,62.34179536341695,61.28999885749985,59.95636071959253,57.65075930857318,54.45769172708204,49.00694774452398,42.40449398993299,49.00940346685067,54.12435345858425,57.09206338960154,59.30717311694916,60.711194827116834,19.030899869919434,19.54242509439325,16.127838567197355,9.030899869919436,13.010299956639813,25.670263661590603,19.86771734266245,20.5307844348342,20.374264979406238,16.532125137753436,22.671717284030137,55.27026366517393,57.838607191498085,59.949683259769955,61.38954124861818,62.387790152632846,62.994053048796054,63.4520056645771,63.51453256539972,63.39716309968847,62.6714285272888,62.02036077572491,60.73681699476283,58.26479739310027,55.498881244243236,50.99904980146871,46.6442571451084,49.93934171088351,54.86203708021318,58.168674259642465,60.141949058546416,61.436545226704304,62.21341458074463,62.99784609481188,62.77615860448474,62.53448988282969,62.87335844811922,34.47778009294621,60.50544084166472,57.93453012149377,55.87878141824934,54.49614143208614,51.12658614827885,52.52959771812304,54.931065694475535,57.520123191651294,59.02709812969877,60.47788705635068,61.32767350704657,61.547732160205086,61.501498456886154,61.36688231618972,60.930225813401975,59.97647144937016,57.904850202009264,56.65229098103168,53.80818828774497,49.078035536495065,42.327420627207374,48.41134129563856,52.52962197435443,55.16374053445422,56.63641570894921,57.9276278264298,24.424797690644485,13.979400086720377,13.010299956639813,21.613680022349747
13.979400086720377,17.16003343634799,13.979400086720377,13.010299956639813,16.020599913279625,16.532125137753436,17.24275869600789,6.020599913279624,9.030899869919436,13.979400086720377,17.24275869600789,19.030899869919434,13.010299956639813,12.552725051033061,6.989700043360188,20.374264979406238,17.16003343634799,16.127838567197355,12.041199826559248,10.0,19.54242509439325,9.542425094393248,12.552725051033061,6.989700043360188,13.010299956639813,17.16003343634799,15.314789170422552,13.979400086720377,20.0,20.0,13.979400086720377,16.989700043360187,10.0,15.314789170422552,12.30448921378274,18.06179973983887,13.979400086720377,14.62397997898956,10.0,12.552725051033061,13.010299956639813,13.010299956639813,19.294189257142925,11.139433523068368,20.863598306747484,12.30448921378274,14.62397997898956,12.041199826559248,14.14973347970818,17.16003343634799,14.14973347970818,12.30448921378274,13.979400086720377,12.30448921378274,16.020599913279625,3.0102999566398125,10.0,0.0,9.030899869919436,13.979400086720377,13.010299956639813,16.127838567197355,10.0,12.30448921378274,11.139433523068368,13.979400086720377,13.979400086720377,22.278867046136735,36.43945912748067,34.74216264076255,31.296898921993012,28.169038393756605,26.127838567197355,16.989700043360187,25.390760987927766,29.647309210536292,34.459154139511234,35.09471352102548,36.93814853889417,35.71475903681944,39.46452265013073,38.941498467679224,37.955324427101544,38.11843006176477,36.207604899942055,38.54063011866421,34.66125870418199,34.720246977002816,33.18063334962761,29.49390006644913,22.278867046136735,23.117538610557542,26.665179805548807,33.13234291694724,13.010299956639813,35.42202782434028,35.919545550467355,35.93507589331765,34.572761860613255,36.82776646314434,35.22183317618686,33.4183005692051,32.50420002308894,30.10723865391773,26.989700043360187,3.0102999566398125,23.654879848908998,28.068580295188177,31.051694279993317,33.18063334962761,34.295908022233014,32.34010817587179,37.384634394619525,35.780658838360914,36.27775375229303,35.689054149828785,33.41236623238692,34.25697213362591,31.414497734004673,33.67355921026019,30.342272607705503,54.63552583648615,57.80778729892552,60.218059728197034,61.97804153173409,63.36764633610735,64.2540443443782,64.98608942546578,65.31020878108964,65.31680178666247,64.97537373253064,64.26197707951955,63.06062213342774,61.28870790886468,58.60679317734779,54.51413365228767,48.98555159311005,51.784704545193776,56.96199070491402,60.20090178400116,62.18563074426462,63.73840143048107,64.63431884714053,65.0596798827519,65.10451171014564,64.77064647983235,63.97168015939534,29.49390006644913,61.19135088451225,58.99997684682213,56.3907391281823,55.40932312514208,57.751974353007455,60.759792159242366,63.08831097316566,64.91331011946775,66.2064701365709,67.16542285914487,67.73217029102614,67.97849673091244,67.97173953100918,67.69890568524563,67.1726980218405,66.26756187451551,64.95260079971226,62.94424337871739,60.07536552017232,55.422538728972256,48.06430977932398,52.81208414034418,58.50813427811036,61.79047119010299,63.906583769024515,65.14683332310504,65.60177406362399,65.66708473392467,24.60897842756548,21.335389083702175,13.979400086720377,20.969100130080562,16.020599913279625,20.681858617461618,23.654879848908998,15.563025007672874,19.86771734266245,6.020599913279624,19.294189257142925,18.633228601204557,21.64352855784437,11.139433523068368,20.644579892269185,18.692317197309762,18.692317197309762,17.634279935629372,13.979400086720377,23.521825181113627,11.139433523068368,23.117538610557542,16.127838567197355,18.129133566428553,6.989700043360188,20.969100130080562,19.294189257142925,26.6838591669,19.138138523837167,16.127838567197355,26.532125137753436,27.234556720351858,36.10873000380052,37.25012725341157,33.76211850282673,35.39201599294128,37.75246259740236,32.84205067701794,35.48512256341036,38.64985460659794,33.54108439147401,24.232458739368077,20.969100130080562,24.082399653118497,28.692317197309762,19.294189257142925,20.374264979406238,13.979400086720377,19.912260756924947,12.552725051033061,19.54242509439325,15.68201724066995,22.50420002308894,11.139433523068368,12.552725051033061,16.989700043360187,19.49390006644913,3.0102999566398125,16.127838567197355,0.0,17.24275869600789,0.0,18.129133566428553,11.139433523068368,15.314789170422552,18.325089127062363
17.16003343634799,14.14973347970818,6.989700043360188,20.681858617461618,49.60385146960643,52.999211303301934,55.27026366517393,56.94427057797432,58.15180459474641,58.90185083075935,59.36324702817747,59.5412764748836,59.32340310239188,59.348376744153015,58.31222647734239,57.397534604792575,56.601613124545494,54.69415502810115,52.02828753294429,46.038477712994236,42.112540676178725,46.32659713293913,50.65658127117224,53.43388897462354,55.558897249098884,57.08411551229194,57.513938226564605,58.44621916450872,58.38619924210605,57.56572975037285,25.289167002776548,55.738424533542876,55.42242658432349,53.641174225189204,49.00066569375486,49.23088515442399,49.28805370893285,51.17022582573523,53.82348493591696,55.50156168536969,56.60837029835345,57.24906367842255,57.753220360588,57.672367783709745,57.18837867065875,55.71020168021192,54.0385116886345,52.744188095491886,48.24984457921046,43.427778673872474,43.16808752053022,47.094226157973424,49.44650435338738,52.225838220379934,54.22401046496141,55.734216697030035,56.37929805023515,16.989700043360187,6.989700043360188,3.0102999566398125,12.30448921378274,12.041199826559248,12.30448921378274,16.989700043360187,6.989700043360188,14.14973347970818,6.989700043360188,16.020599913279625,46.14264287358705,46.86171343268639,48.67214026357367,49.35371212601676,49.742813588778304,50.02122846225162,50.47527969772476,50.874868208393266,50.965554840433256,49.420378321943694,51.1989563919422,50.76640443670342,49.65601463145936,49.81954444469974,49.84077033902831,49.462655372031755,49.51580344903392,49.81084350678452,51.698683247075905,52.332804674665084,52.76742051969621,53.55392128642053,54.09368342413739,54.17493282832101,54.09095835144698,54.46493673316791,17.24275869600789,53.11334193440135,50.41412425367856,47.906017949628264,45.63955464995813,34.898179083014504,39.16401303603875,44.857214264815795,49.10031780987505,51.24598768146196,52.97138707824598,54.310870143297265,54.790121040993824,55.08879706794508,55.012852557403555,55.01324963665943,54.077307280263355,52.377698743010185,51.17314391443144,48.60367956881816,44.761067168401915,42.27989484044257,47.187507347396654,49.61221700013602,51.167737269759,51.283378685803726,51.835602255144835,45.758918475105986,50.52501563413781,54.101527498220676,56.37569776417521,58.000582653633394,59.176189259487415,60.107831796118376,60.584905564297685,60.75380510773276,60.55381389776075,60.13579528679549,59.22938142749251,57.81758963848232,55.760705517299975,52.79450198922244,48.175984196326176,41.7819969914806,46.86859614333764,52.58907734749995,55.485085717002754,57.584516293497536,58.935531618725406,59.75636269414517,60.19945022479945,60.23377995817252,60.134001775756076,16.020599913279625,58.37389551478455,56.52313076007672,54.5401051843979,52.3152056097025,52.38276996031701,54.63392739985112,57.01586116256213,59.210295961644405,60.706325351328175,61.8925696161085,62.658461657267665,63.19594235942964,63.42114617317792,63.316639174796954,62.96298736818887,62.22143188301107,61.003888126758596,59.50271850869178,57.16212088883665,53.580967248582624,47.501997278291825,44.14254497113937,51.108051207975095,55.429411404445055,57.84999360716729,59.69263509762926,10.0,20.827853703164504,9.030899869919436,21.613680022349747,6.989700043360188,20.644579892269185,6.989700043360188,23.979400086720375,17.853298350107668,14.14973347970818,6.020599913279624,54.484976229540855,57.00530656978592,58.9107894862956,60.6957486526164,61.852094366206536,62.80566078840877,63.36358253190155,63.57558485898687,63.46022824311946,63.111976080409924,62.310016562869215,61.123180579374356,59.621443156855435,57.31405017337749,53.76060240803457,47.80418131659842,48.596545784805784,53.46339280264588,56.968114167232294,59.19871132606315,60.829450608251165,62.13779317399428,62.45042585829874,63.44570278286933,63.162834700666025,61.729040310457215,28.680563618230416,60.48418495528794,59.176341508950856,57.576032562567654,53.599454643949336,50.34146977106046,51.958830548507336,54.2298685887128,56.98695443453075,58.83094495470751,60.14793462087175,60.92908634558613,61.513848679338984,61.68023744071696,61.52714172321507,60.83754810055426,59.789365629459695,58.72446482678177,56.32659713293913,53.3310454039859,48.18173088643144,42.91057894434275,47.17878448652346,51.89012804600242,54.86538153533572,56.844036642041544,57.97198269838959,18.129133566428553,16.989700043360187,20.0,11.139433523068368
15.051499783199061,9.542425094393248,16.020599913279625,19.49390006644913,50.006639627552275,53.14989453439758,55.17781602365814,57.02238335847486,58.12057287410332,58.9576829685369,59.36451408705118,59.450079493882164,59.35342484805011,59.39718882354104,58.30292195208329,57.28387063126844,56.67367953609424,54.753253580704,52.137673713727395,45.699938875674476,42.89878682790416,46.34557874185073,50.42126417483153,53.303589757286545,55.486657552582315,56.886627097946494,57.58000734706822,58.47341261668259,58.50436694213818,57.631358697379824,21.5836249209525,55.75950655080811,55.291646142231805,53.29074326441728,49.28856533581911,48.83144515907282,48.75298612838868,51.033965928358434,53.60869729282116,55.520059293168174,56.684641944773645,57.27903018383838,57.7571382181555,57.76185243725518,57.25520427850758,55.46874426543986,53.944832010560376,52.90579920909319,47.396751706781544,42.690457096576225,42.60357641636152,46.88437620592164,49.13400546394953,51.9279596924916,54.04508729103299,55.82813067170428,56.41835871859381,15.68201724066995,13.979400086720377,10.0,21.73186268412274,0.0,19.138138523837167,13.010299956639813,10.0,12.30448921378274,6.989700043360188,9.542425094393248,44.71291711058939,46.41969597702059,48.57917193837984,49.34104377513472,49.716700611256044,49.88670414464728,50.32135046879902,50.681858617461614,50.804677456450236,49.98782269831736,50.923732104838216,50.584412093132826,50.25182934335449,50.493420890849386,50.43051675900618,49.08490380505824,49.357540684177806,49.54999452005193,51.81483431380829,52.327420627207374,53.065236708961514,53.61306554931072,53.81196334030196,54.29411491550493,54.13634997198556,54.25855258015663,15.68201724066995,52.599401253124924,50.68668143285899,48.40419777736486,45.16508932026517,37.27622577969137,38.56003453997221,44.45059047392219,49.024652395293096,51.22651592958951,53.082762110507815,54.20925634858201,54.979257225123234,55.1595063289805,55.25140730149192,54.66299553476664,53.98691556062367,52.72273363899346,50.76804228806567,47.98961237880703,44.27177644001561,42.60476858327423,47.35606882979251,49.611457162877606,51.38053104537459,51.41750696343641,51.7499255304756,45.97969275225808,50.46612209068446,54.028543698970594,56.26783675833306,58.138164177580755,59.23385996241456,60.05397176545519,60.55369156042544,60.7089193956521,60.59775780274029,60.15762841738422,59.229588869061104,57.98194707696717,55.93176371653473,52.92344693840592,47.90179569070148,42.08978517276253,46.88419822002711,52.47356965350349,55.554765563557716,57.621959963249914,58.876634276107765,59.750465172534525,60.26227966291658,60.31103340966634,60.11022472574965,20.681858617461618,58.23607887833184,56.57936939792301,54.60672371877432,52.23656857099787,52.486033947794795,54.57676049876045,57.077830133881086,59.205959906206544,60.70896366176675,61.86995019271797,62.71587458303428,63.224181974133025,63.414760724044484,63.29951023572897,62.97939442942004,62.192126759517514,61.078829437043744,59.408371069724204,57.13947278080431,53.403032933440066,47.67608484217921,43.871227599275855,51.168533762827636,55.32592602826439,57.88487962162516,59.733089258860865,16.020599913279625,24.14973347970818,23.26335860928751,13.010299956639813,10.0,19.294189257142925,15.051499783199061,24.74216264076255,15.314789170422552,11.139433523068368,10.0,54.39498483710935,57.029765080026806,58.99777289617266,60.637873103176716,61.869772307960616,62.79822249544152,63.33385199201971,63.5587373182463,63.44622722680988,63.099587444114924,62.28104824986921,61.11128036345124,59.71180256313262,57.348846007165776,53.85105563442656,48.50045525722196,49.03361336255318,53.66917677654758,57.0802637139865,59.26072729822771,60.66962175791133,62.24624210856592,62.62442071500015,63.17930729626057,62.96007767679714,61.89986927670516,39.18868743380985,60.53587384263163,59.50229481412235,57.293859318760035,54.208547811542466,51.26150896479817,51.34132464146106,54.109408008809716,57.16046770911662,58.717322643718255,60.15444007073157,61.05060329340992,61.530370096149234,61.81343289794601,61.57766436302545,60.58268070470211,59.71971739646957,58.77351185843687,56.12853761912409,53.10534006424143,48.54451794509207,43.48772013844623,46.93489516603003,51.261476483375795,54.61494024743631,56.78505632264486,58.038639054389506,21.613680022349747,19.294189257142925,10.0,14.62397997898956
10.0,13.979400086720377,16.989700043360187,16.989700043360187,48.93922582086407,52.577673442263844,55.36640496276944,56.94356834316758,58.10771354134211,58.9289619369019,59.53241514332874,59.83502249701398,59.810829897919845,59.0419711128995,59.17747008853616,58.138164177580755,55.87357325567821,53.79850989828619,51.165081237373464,49.24925077232033,44.32552424577051,45.34660575828444,50.22642784659061,53.2779403271297,55.20732378332008,56.479870407796014,57.66915267120184,57.994570350485795,58.04998308314728,58.56311307928288,12.30448921378274,57.22280091641407,54.35361725362689,52.39261930430363,51.42780405457417,47.61100538958142,48.678680090143196,51.424801954015905,53.652576728791985,55.045265899791424,56.3787481996545,57.22835395014108,57.451880370675525,57.29965389445867,56.86680947466325,56.85652184115525,55.69031958347789,52.71004725785696,51.61852943153348,47.555242309071886,40.555694400609895,42.81169773409736,49.72003702510512,52.51455705428966,54.322716160237185,54.67159522278397,55.778133803642504,12.041199826559248,13.010299956639813,11.139433523068368,20.863598306747484,6.020599913279624,13.979400086720377,10.0,11.139433523068368,9.542425094393248,14.14973347970818,9.030899869919436,46.762362167633114,47.55364068918141,47.23036774073138,48.168045228797666,48.81042108193405,49.754547864454025,49.890669714551194,49.8344585734134,49.47952996142476,50.554738962300235,49.74649834438722,49.771426337191464,50.38322053381606,50.028094643052555,49.316815713472224,50.0842982679723,50.17371456232196,50.930327474464576,49.84077033902831,50.88720663173525,51.7812766131521,52.79130587755999,53.83053785970195,54.378171284057835,54.61660569126845,54.585623129819936,15.68201724066995,53.50015298234692,52.78993539505386,51.28412193956477,48.14067712609202,44.98655095245119,35.62649672211917,37.032913781186615,44.06625327867205,49.27026281968983,51.493453785095184,53.115440779396145,54.142193599522265,54.925285172227596,55.12086429684199,55.14677888693556,54.55724747758845,53.766809563069664,52.29840483097365,50.41096474291744,47.40212634571335,45.63006187061794,41.28431581093246,44.9510010328508,47.987887139512495,50.74326303389719,51.549866391537634,50.26876315607315,53.474510153486406,55.76226137449605,57.530043801740945,58.7986167346017,59.76788179742418,60.26649687230585,60.379847452948155,60.27062837979963,59.88972989000099,59.004812866661915,57.59669355276506,55.81665266717616,52.87893504118131,47.59531870350376,40.360297306565435,46.57753606953449,52.16696236043849,55.29097832682985,57.43864737670457,58.89451858379114,59.80503772428574,60.27463773476573,60.45977057767283,60.29372818714221,59.61555870564358,19.138138523837167,57.122901657448956,55.31900233727593,53.358448821990265,52.49799836138939,53.779270086368946,56.35662655370492,58.575453691856296,60.23935678467809,61.66999622258835,62.48953860306508,63.02884160904241,63.26372118907294,63.29924205928502,62.97045798797203,62.3055033007267,61.31377393908596,59.989150812680265,57.52504793680086,54.486584057711944,49.39888495510685,42.67077816740435,48.6853864336278,54.1456725986891,57.23052387323779,59.253224071605544,60.62022116851629,9.542425094393248,12.30448921378274,21.5836249209525,9.542425094393248,0.0,11.139433523068368,6.989700043360188,16.989700043360187,19.294189257142925,18.06179973983887,0.0,55.198070001815786,57.91193627255252,59.97467643166733,61.33668219459169,62.40342035397447,62.99892392664988,63.41714005521567,63.51229112829088,63.39609229489743,62.66149817639457,62.04161510080258,60.792536224300775,58.4120550016377,55.383022148971655,50.96677168757921,47.76882707285475,50.236803684347954,54.600027853594106,58.19849808007148,59.84009451702538,61.40410614390282,62.26580574162217,62.714951940459315,63.10937043481081,62.56032337914214,62.36071984724931,36.617180576946595,60.939886995807385,58.2795310992362,55.462760827913385,54.48961257838149,49.893474616193096,52.415913022553,55.16383311157484,57.35057290686512,58.9973844911919,60.41721440062119,61.244849876406384,61.41944931653694,61.515518663852404,61.24110834146916,61.00553186132588,60.05148325455191,58.150415219347124,56.76723780614524,53.64447802980722,49.27765463110657,43.04921161900892,48.224623057586705,52.45475652502517,55.247140987874765,56.813941183125884,57.94234924920825,22.50420002308894,12.552725051033061,15.563025007672874,15.563025007672874
18.129133566428553,14.14973347970818,13.979400086720377,12.041199826559248,50.404322279066676,53.18691354889846,54.972683762874,56.65412118002188,57.995955364223605,58.85273560606344,59.465318456241995,59.65448656370836,59.51058100822343,59.2524039088645,58.608032012145586,57.659701468685114,56.60865478003869,54.595266760849825,51.96728722623287,47.889316056924976,44.139197420336544,46.453141735605755,49.35129234915682,52.943714205721705,55.00232356969689,56.62992853569418,57.70761462845164,58.126894702495775,58.34283971597961,58.21510908219,9.030899869919436,56.911212932557056,55.28398578684558,53.26673741673879,51.53912379174297,47.49628114854059,46.595168837642184,50.258381642297,52.18338531376019,55.075428510916275,56.20102726540466,56.85405814015266,57.23127980388713,57.32220811847505,56.96937971230717,55.94913832811595,54.420735059233216,53.4216400117526,48.9148170383952,42.928096654172904,32.92477593667784,42.327420627207374,48.58302542985558,51.60216345014536,53.74267974303129,55.61857161641889,56.32993501996027,16.989700043360187,-inf,9.030899869919436,11.139433523068368,15.68201724066995,20.170333392987803,13.010299956639813,12.552725051033061,9.542425094393248,0.0,17.634279935629372,42.04798038190855,44.94224186916902,47.57775491011926,48.5033985458348,49.49136187397697,49.48613438350521,49.94919554787319,50.146087327435566,50.331663195091075,51.566521099242344,49.87496445820455,49.9747812706186,52.06936458683464,52.03796855957368,51.50280450173849,48.7633332908638,49.03089986991944,48.93900403553743,50.82562782228035,50.73564395903303,52.260737939403406,52.75325178018847,53.094278753406,54.12470627649114,54.32167269442588,53.62092112918465,10.0,52.446283736841075,52.55393125707304,51.158267730797505,46.53019451099613,44.68125695050418,37.51356099725393,36.65393350279712,45.02372488311689,49.97980183998594,52.045025361302244,53.61973237465661,54.86080351665044,55.61387637300133,55.753379739830365,55.0314897816786,54.33501016039077,54.648664480272885,51.971592144628346,49.83901298302524,47.09439574132411,45.03518312724075,44.307521043598584,45.263004993656295,48.292909046557355,50.11473171038759,51.011488199915014,49.84040991371427,53.258849439689996,55.78017689964678,57.59611193888597,58.939225820864074,59.775443646883424,60.30423216024654,60.45577220942151,60.30215851369202,60.15080056848489,59.066043717249805,57.83567013528579,56.38522202182944,53.835891868265335,49.65765964182686,43.64832304539174,47.08131840899158,51.845352838188774,55.05607104033128,57.08755628300842,58.50477752601436,59.46519565617201,59.91903135677152,60.20852486871316,59.82011030807583,59.02542974464566,6.989700043360188,56.13931630183223,54.584807192957136,52.24942044261786,51.007150865730814,53.822800624746336,56.54757779954068,58.67133241261623,60.508358546031545,61.742078440399524,62.52560329491626,63.16540637999268,63.5878907123357,63.551450878821626,63.20583684998696,62.500687649443954,61.535188336910984,60.35096985197467,58.04219193384807,55.11590614668538,50.51299192702798,43.99760225710366,48.661750579702804,53.905977800100814,56.91722289002061,58.84662280713876,60.29879077908661,10.0,14.62397997898956,18.129133566428553,13.979400086720377,14.62397997898956,20.5307844348342,15.563025007672874,16.532125137753436,24.099331233312945,10.0,19.54242509439325,55.84848902357123,58.14079707135654,59.984655357411015,61.36625772833519,62.441033682562555,63.074329215673764,63.52994757362524,63.55608198030702,63.37163640776994,62.95221285900972,61.953959107209414,60.621083262414814,58.89589082331369,56.18388073742356,51.74248843211402,48.411403906121144,50.566952727366505,55.068850428900056,57.25836522243362,59.75410208140731,61.15384486620373,62.11656534673157,63.06666235266914,62.45389517999491,62.84066224768921,62.2028726295386,33.77488383376133,60.64034345547192,58.99851131688277,56.41817047879398,54.2549020193493,50.47882065489659,51.184895880858335,54.97080380188191,57.13013985840695,59.36266868400256,60.39596524209429,61.12134596282286,61.47244906614145,61.63258304891918,61.340016962651625,60.79188484228672,59.773229553121965,58.39156764337744,56.03812087727434,53.09683386527969,48.45451535902862,43.9243313155555,46.67882365176246,51.78381181507668,54.75521556089852,56.985572284786194,58.06142650198069,19.54242509439325,16.020599913279625,15.314789170422552,19.294189257142925
16.989700043360187,13.010299956639813,18.129133566428553,20.969100130080562,49.462409617765374,52.78170340556875,55.694979760298025,57.16952741922496,58.176559207644665,59.01175965461687,59.54428251242419,59.70659697359267,59.77755147637325,58.84050139217436,58.82187444736286,57.750596770696674,55.23856976795058,52.84071869656184,49.77174676020187,47.12927359321766,43.51989455435632,46.60884442414339,51.65790190620573,54.33036593291106,55.90218579633159,57.093920891254,58.00695775340712,58.02870148479953,58.056856828293,58.31693846188794,18.325089127062363,56.54331550601079,53.67139651907776,51.20369896482746,50.313923041562944,47.76308834539365,49.99869692108268,52.69384504815968,54.6248185356483,55.793548049263215,56.9700341599091,57.61242796220237,57.30382508517521,56.84753827128755,55.99760841352043,55.831193917435684,54.404761453941816,49.91589313007415,47.97406049676382,41.505722476689975,40.187420957623814,47.853939065193316,52.43893386394486,54.414406100542635,55.57984543109104,55.92026783281053,56.54569251518589,15.563025007672874,13.979400086720377,18.129133566428553,11.139433523068368,6.020599913279624,15.68201724066995,13.979400086720377,-inf,20.043213737826427,17.853298350107668,13.979400086720377,47.32088037606006,48.43438349493166,48.07602669916495,49.3832454901273,50.08336108578916,50.350813623661175,50.13347115869553,49.896366664853,49.92151288919687,50.82286183265782,50.52081882644501,50.46924174230035,50.076837809750224,49.62056644766601,49.27924427943309,51.15557261576829,51.44418518602069,51.519976980237416,51.159065962308034,52.17336522280365,52.78296208091274,53.46544647729588,54.1647407910022,54.2215959977206,53.90581878550435,53.145602733189506,14.62397997898956,50.91614206074446,48.72435996539984,45.22183317618686,38.284665473526786,32.00029266553771,43.45981121826305,48.745977687031996,51.118436490179775,53.30764720043437,54.44681710485713,55.183665179443466,55.374022241263496,55.35189015657914,54.97903642993167,54.47128560359599,53.121858221366416,51.17277926055256,48.9614025144202,45.8370874210565,45.42788093450676,46.53289714821126,48.06105323204325,50.3981055414835,51.8343213981603,52.96358004741391,52.66255222297651,42.1940113035756,47.059491949102956,51.04814757108323,54.32046838379681,56.64112415177655,58.35641116166319,59.58237442490818,60.35408122990412,60.79865444445979,60.94477068268118,60.75318075340234,60.23828803642683,59.34072532868936,58.02486380360497,55.9456269859338,53.20978751332532,49.00066569375486,44.501258867319535,48.14387453334589,52.832492007274176,55.778593010073706,57.7151178506047,58.97090763906555,59.92343609657048,60.271252663059656,60.26536941507107,11.139433523068368,58.98947207231929,57.79228411424957,56.01869945916664,53.45981121826305,51.74426170933885,52.188504776576785,54.85450262609397,57.55363306100683,59.71916146454532,61.16493842962122,62.26533918362315,62.950233968991476,63.334492897796935,63.47537841368492,63.33093447424289,62.81780801629183,62.02674909166043,60.66105926521299,58.82074642305906,56.078623183483565,52.283721235103556,45.675556708947845,46.507542182983784,52.54731713185465,56.49460454872688,58.63985100228463,14.62397997898956,17.634279935629372,25.158738437116792,22.04119982655925,16.901960800285135,10.0,13.979400086720377,22.671717284030137,18.129133566428553,22.50420002308894,22.85557309007774,53.01138555715016,55.54338917796539,58.225707922963906,60.202970454118265,61.54254117674101,62.500450785408674,63.196015180067484,63.540323348624796,63.720757335257375,63.28175049468213,62.87265246499642,61.926970533388456,60.03337292182952,57.99004013211332,54.95436097319188,51.50071464140636,47.90847903965432,51.46252102092995,55.598695349428795,58.49233247694783,60.390744831399,61.68025808774629,62.33679522711698,62.75098647921698,62.995127464144616,62.461606647699355,37.59365621655929,61.29722108695877,59.36833816152539,57.79206749951978,54.50102778791617,52.0677462086359,52.1342477880644,53.756069234023094,56.19044260930086,58.41915436910257,59.95368394435377,60.92650829216632,61.388434133815686,61.520243232037856,61.25609420592427,61.17693118883582,60.24748709727938,58.38427179627136,57.13857480277902,54.487094109580084,50.34106829707643,43.182303391878165,46.66976368509276,51.759319885442714,54.85245712926008,56.618552613406294,57.885960890534164,16.127838567197355,6.020599913279624,18.633228601204557,23.117538610557542
9.030899869919436,14.62397997898956,17.853298350107668,19.138138523837167,48.972861187662716,52.73380968940671,55.36308398780462,56.9201541445763,58.13213918024927,58.8689944642075,59.41714122340505,59.74346786115192,59.689557452013716,59.03700284592123,59.02123149236215,58.128411909488534,55.89674870636799,53.92389145686074,51.20195403676202,49.143272873599955,43.891660843645326,44.307521043598584,50.4228010749836,53.199654656030944,55.206040442010156,56.66017879680104,57.60115503680379,58.01980328097975,58.000844168610826,58.38897552779795,19.294189257142925,57.07965119287486,54.53309164714582,52.55139783733704,51.26975138867829,48.06858029518818,48.86998045671099,51.40715398997684,53.699909563244546,54.87975035937468,56.169772620569525,57.10971568222072,57.4357952845494,57.259908103490446,56.825899776838725,56.97734853261521,55.70403990120344,52.6002604718342,51.44543074272788,47.676752240279605,42.29425847920695,43.5581535511577,49.590461647617055,52.58052722713579,54.21383433555903,54.61969482348525,55.61302973578755,6.020599913279624,10.0,10.0,19.49390006644913,12.041199826559248,13.010299956639813,12.30448921378274,14.14973347970818,-inf,6.989700043360188,20.5307844348342,47.1218654396046,47.499294641076695,46.99195778770342,48.16400401647697,48.83462692864442,49.70272472515348,49.82361701633147,49.67257725608419,49.88848687126435,50.308627284382354,50.03227812010036,49.923458197452234,49.57094641619186,49.06981153228854,48.90650122758956,50.365091285327296,50.42595198960531,51.01884487167542,49.55447210577695,51.134419539653216,51.86351629758954,52.64026403147981,54.0607839067632,54.02976304599093,54.459154139511234,54.74881769274677,23.384564936046047,53.71987223173399,52.44744570892843,50.84483332544515,48.782057255344995,44.403579968152876,34.6686762035411,37.84831178124469,44.98282978661371,48.85960223614711,51.276651303579,53.04546534363069,53.994746963406456,54.78579480949004,55.1249495129088,55.295240307207536,54.70506042891977,53.677061975969465,52.474945425871496,50.73736674621222,47.83624912835714,45.45183368215406,41.77363324750361,44.811558708280344,48.06749611748323,50.722131226033824,51.27500020916101,50.31283207781786,53.43497216287973,55.63529733144405,57.52586178740409,58.82776048547967,59.75882413697753,60.329900487662805,60.398442344399264,60.325514762524946,59.811260824596715,59.0200506825997,57.71477239864823,55.6739929908414,52.63742558265306,47.39983503368378,41.019188336804234,46.97342698010474,52.11195321077273,55.359532913383596,57.48648445224417,58.78026325353537,59.7892562175847,60.298515084695445,60.505344195401236,60.25045620328895,59.604336730253344,15.563025007672874,57.210955423758286,55.37549623028005,53.21426501149486,52.57606586392312,53.80099034476389,56.26107243712407,58.541614553767005,60.22854620149989,61.60953877283382,62.44225893303322,63.03343174063169,63.26214774220454,63.24719617083272,62.93879642879659,62.36932078343746,61.32914160907583,59.92131388809267,57.66363019373446,54.48126358347398,49.13946239058085,42.58278015243032,48.761369803684275,54.03991668998878,57.161210882911945,59.240750162204435,60.627120650834655,22.87801729930226,19.294189257142925,17.16003343634799,17.16003343634799,15.68201724066995,13.979400086720377,22.944662261615928,6.989700043360188,19.084850188786497,22.278867046136735,0.0,55.28291791971914,57.75139130271815,60.01161052951127,61.364875072283894,62.37991122485995,63.01874528198109,63.41687113548968,63.49369428835308,63.35206278027513,62.61322357112825,62.06811039631533,60.70669075146079,58.253254848170755,55.61441288861056,50.97666762890238,47.52893154884593,50.01742364007334,54.53309164714582,57.95914064696817,60.172086920495495,61.345117871081996,62.354761769262666,63.103584898604765,62.77344431689792,63.01887531526539,62.83134038389534,37.45855195173729,60.307231525295215,58.663895487502906,56.15823846061896,53.965340957253964,50.3847709537433,51.686418315100305,55.131496529781444,57.33449259391303,59.15980441132359,60.39636167342053,61.121305706604616,61.48272181524129,61.614883899487076,61.12381429785343,60.98460972241939,60.01372371401285,58.061799739838875,56.71392249526796,53.6727576486236,49.73575777473859,42.34036154915847,47.85507788089226,52.68076933949145,55.243312002886526,56.74591114785152,57.95269491522085,23.010299956639813,17.634279935629372,22.04119982655925,15.68201724066995
17.24275869600789,19.294189257142925,15.68201724066995,16.989700043360187,49.20232930056695,52.659163305324455,55.456694959586585,56.950646937660935,58.24890872297691,58.95237959289883,59.37490308928376,59.635659028203385,59.52927987614527,59.19843450260517,58.650002766762356,57.68066557799251,56.18764353265504,54.310612611916625,51.68806741911509,47.17104386586375,41.94930399217724,44.83515978390542,50.953855727616585,53.36995766602156,55.5700283882412,56.897597938459285,57.53890096870653,58.1349625618742,58.218867433424236,57.62049544040552,15.563025007672874,55.822554559399215,54.74637238184775,52.85003399225732,48.61062224905871,49.05391069574008,50.0202775691655,51.906817945067864,54.43158118112562,55.67800109473776,56.72181012747471,57.56071386594867,57.893670374852285,57.79464451436489,57.24017674446891,56.32677926566877,54.85438901265222,52.64676182148825,50.37095670664725,46.4590346035838,43.37359412001355,47.01438454464351,49.767029577494796,52.596058230143825,54.374239266488004,55.18997974191737,55.955777821657335,14.14973347970818,12.30448921378274,10.0,21.613680022349747,13.979400086720377,16.020599913279625,0.0,17.853298350107668,12.552725051033061,3.0102999566398125,16.989700043360187,47.74560757922114,48.16546193647264,48.495668154778826,49.30449789353194,49.574396658867116,49.96800522001127,50.19319883193299,50.132797265808655,50.27924208915608,48.68115205327217,50.68085628376812,50.21106568432121,47.38225448142505,47.54791579163075,48.28692113031896,50.06252051369365,50.201001301716836,50.932850710581306,51.56649082078704,52.54973221361755,53.14339206345329,53.64410272401322,54.56830449452221,54.280002715475604,54.40646222900608,54.94895880756067,21.73186268412274,53.7151117073,50.68471585472224,48.45160077651946,46.82145076373832,34.91081413423187,36.55138434811382,44.12863573812828,48.624176329641145,50.888657991017624,52.62662252642458,53.97566354723363,54.27915971167444,54.53863923722192,54.516529039735985,54.89007331609052,54.17956370981198,51.5580045378824,51.041865520314104,48.20733325096435,44.96625258669507,42.99834040645859,47.30475416534002,48.93012332222442,51.38902399933593,52.37729680922208,52.1565342295614,46.70709595223797,50.55901768837651,53.83695110777858,56.279083856850264,57.91012367655506,59.042978160017455,59.897380650462544,60.375225102351955,60.52948135591688,60.2289211333516,59.94592074804476,58.98901714926907,57.3171927564175,55.20568680174043,51.82063536680266,46.54301708501481,37.80461332861718,47.74845299595852,53.13099147447364,55.99014706738606,57.98670668099719,59.29239550601767,60.13093509309192,60.54486271084934,60.71105472153743,60.491346456372106,18.633228601204557,58.89638360352777,57.22368164878711,55.37287545939624,53.56043075575744,52.852534215992286,54.63231342775146,56.945227190184625,58.91314399382143,60.598181646078366,61.632860377793236,62.47905049780834,62.90312693497973,63.11245969274491,63.062285318730424,62.65178798253832,61.93481352763136,60.662468877582576,59.09451721858973,56.65111737075051,52.70737048661636,45.82631439489636,44.07373906311004,51.49443901967982,55.81044646641925,58.35173548526859,59.976633008242224,15.051499783199061,13.979400086720377,18.573324964312683,3.0102999566398125,6.989700043360188,14.14973347970818,20.969100130080562,15.051499783199061,19.030899869919434,6.989700043360188,21.367205671564065,54.0879096604596,56.761968584726105,58.93953630129471,60.6550203516598,61.77767292804646,62.68863585683646,63.24970400680195,63.37410537705381,63.32605883512292,62.896754461153805,62.28254542698404,61.08654646912774,59.26293560016723,57.081701097877506,53.42369377773946,48.37746220065368,47.56917433847751,53.881900415998544,57.03428954577213,59.46279790313456,61.38834580480917,62.19593170107668,62.26632121703935,62.877249380861635,62.986959163051736,62.4830707859895,27.611758131557313,60.57806409320396,58.943631456308324,56.67746119439089,53.80934463330702,52.80252755088654,52.62175711951742,54.41302286693167,56.406692262433566,58.55059784189745,59.86397721828106,60.94128589254172,61.34103762374289,61.42315930208202,61.48357369562361,60.82665115113877,59.85848437394633,58.50526772457932,56.59180031784057,53.473866163024724,48.69331478626574,41.94514341882467,47.53889331459834,52.31923018070007,55.023315100466846,56.59041027996076,57.89420642332552,21.613680022349747,12.552725051033061,10.0,15.68201724066995
16.020599913279625,22.671717284030137,18.129133566428553,6.020599913279624,48.63180054896863,52.6226356693396,55.51060666379071,57.08380103433602,58.22540078978594,58.90752342356674,59.54231893222235,59.70352920972036,59.652511033303846,59.07005363718143,58.89819744891846,57.93167822309499,55.78029165181064,53.8938760667584,50.755250636397136,47.620179940064816,42.388737370178696,44.830592619456475,51.17417141066332,53.71130691821983,55.76341350205793,57.103111882019974,57.74193496631437,58.19278671705034,58.19043550710056,58.23086059929635,18.325089127062363,56.614425733158214,54.69580510553375,52.63494041721883,50.12233853229812,48.58446960810254,49.882244123902,51.87498159498142,54.404761453941816,55.269657087905216,56.52053815926354,57.43862387810378,57.48989181336283,57.3060303166558,56.65694474315728,56.356646651603334,55.037171598998015,51.52239407036461,50.12014237418042,45.85235063365776,41.65066178389756,46.85069629391148,51.06625993991236,53.517132266078555,54.87986331129393,55.36307135567584,56.21467099346845,15.051499783199061,14.62397997898956,19.138138523837167,14.62397997898956,14.62397997898956,19.294189257142925,16.127838567197355,20.827853703164504,12.30448921378274,6.020599913279624,15.314789170422552,46.76483268736462,47.87609228552539,47.335583580496426,48.430333431679664,49.16948499359893,49.95459686621064,50.09506135223509,50.16953989789171,50.49547496153299,49.83342076262868,51.055783040520375,50.913151596972234,48.87802904683524,48.730879855902856,48.68068131161721,50.91631790626808,51.02313623466469,51.44094506577413,50.70942474030112,52.03796855957368,52.40853646906998,53.0394300620477,54.18176952582846,53.977679939960495,54.13611539301358,54.404682698221485,18.129133566428553,52.83527364861694,50.34407844770803,47.93126566118542,45.37189226243645,33.35457900689384,36.399842480415884,45.34127683528684,48.55167701365153,51.3090601663485,53.31912948773648,54.438901095470754,54.81757843408488,55.04337631233411,55.01083921772137,55.27147656560931,54.42316682034939,52.24546010966484,51.47382573846099,49.30847191682497,46.197713861616734,44.27177644001561,46.11107000988242,48.67679574481847,50.85219201044942,52.007192053560914,52.133211510842045,46.57715402868895,50.75492214940131,53.981918264514434,56.30993005375781,57.997732495954104,59.23988107765261,60.18409207382068,60.53747049519507,60.784296284825395,60.559823298132,60.20157763030739,59.376783407055676,57.778420674467064,55.85968050007118,52.806352710536345,48.57772599710746,42.73163378412345,47.32626929439974,52.545311593539054,55.54795541457723,57.59348237435595,58.874957708877005,59.7879841022231,60.24605923527646,60.388191845334944,60.097996361420314,10.0,58.29885659144156,56.48293641809295,54.44896926247622,52.477990228913434,51.960766535760435,54.39200016342197,57.033300759028165,59.10799901225004,60.81059483351719,61.99548948087632,62.79678348690777,63.18616916256467,63.403808499859096,63.36527774658305,62.97242111481803,62.24226850876803,61.12271445226705,59.434376285068815,57.18536563888066,53.41167336459214,47.749328133874,43.425016362777285,50.91631790626808,55.25548814627725,58.073083510857764,59.787509813329834,13.010299956639813,22.278867046136735,16.020599913279625,20.681858617461618,12.30448921378274,20.681858617461618,17.853298350107668,20.969100130080562,3.0102999566398125,20.170333392987803,15.563025007672874,54.067666357599265,56.638224354788676,59.173269237175774,60.81313095863113,62.00861984317167,62.83504304365468,63.30751539311179,63.53263818777877,63.523430808753396,63.038724680123615,62.55273711475191,61.39502849633264,59.284173615922654,56.95292507054969,53.32131315231899,48.92906753022043,48.34598708858561,53.07917291736569,57.245453763088605,59.25424518985383,60.85751392393839,62.18881175252286,62.31428045016037,62.88692015921798,62.33326150349857,62.344993140802075,33.27358934386331,60.806178298026595,58.668146718269426,57.229134918560874,54.508785329890244,52.027497958589635,52.21385544766576,54.23245873936808,56.95555220134822,59.01155790154427,60.25148917298813,61.09414516616839,61.37026367626206,61.45773320435258,61.402078298699294,60.98184272686866,60.15127035309743,58.22746535251419,56.908496886133555,53.96312702346493,49.45827886543222,42.19112780306168,47.85735461681389,52.0146540424857,55.068431363393515,56.648947704003334,57.83077777993174,12.552725051033061,14.62397997898956,6.989700043360188,16.989700043360187
16.020599913279625,17.853298350107668,6.989700043360188,16.901960800285135,50.348890353267315,53.446987263488225,55.06031244253258,56.85913631468034,58.045823640228036,58.890842206302025,59.346544662343064,59.61637949837825,59.40050563834356,59.378452447072505,58.37149503321996,57.32088842420652,56.423903178074674,54.51580749154503,51.62041385148267,47.092105807178434,44.32536383264256,47.372562709345644,49.97718313662095,53.55116139076884,55.352257417678885,56.8702392295943,57.84064267072349,58.23626140458064,58.330514417985306,58.07714255937459,-inf,56.35440516277426,54.888622251462564,52.614650958444344,50.32655017689158,46.97447307372525,47.48598861330268,51.203764797444336,53.45918462676621,55.747683634247885,56.72031322620761,57.30273417217853,57.632422555204016,57.562899037602946,57.15971605570679,55.68146553425949,53.996823726793714,53.01778508238616,47.453402861762385,39.647780220223765,39.79047326947965,45.80480194586225,49.72017598674015,52.39552222529592,54.304781879320444,56.0494280343353,56.62086989741682,16.989700043360187,0.0,9.030899869919436,16.989700043360187,13.010299956639813,9.542425094393248,10.0,12.041199826559248,15.68201724066995,14.62397997898956,0.0,44.221628856623894,46.21840721731609,48.532904892113194,49.34346926738256,49.7102057932463,49.72466668518412,50.04914361225022,50.00208411336593,49.76537964434474,50.920781997051265,49.40765435631217,49.464522650130725,51.46267607903087,51.31313845616745,51.193218864639775,48.52681235177219,49.20983754507378,49.51318086840752,51.760738869289604,51.94039549815222,53.399837964557946,53.75087220007504,53.855133282084964,54.497868469857735,54.511014598046174,53.68788776841114,10.0,51.94439409213896,51.527315878351125,49.322961546858764,43.356785023565656,39.292656182530656,37.36396502276642,44.11249219353385,48.803561994192364,51.62265614298022,53.14989453439758,54.219459635557776,55.23486332343228,55.63871300432075,55.690425019640344,54.5649053328028,53.67378287547843,53.26771984915613,49.78294669778629,47.23431042160122,42.99834040645859,44.156743345662605,45.93872854295451,49.40242474237714,51.1293997608408,51.76163635438134,52.42772427419151,46.25806154480438,50.73894231479195,53.9299927169901,56.386100439087485,58.0454013463833,59.26270401281129,60.05608159195053,60.54047797653709,60.65721593445246,60.64791070163835,59.92469566736334,59.09959115570382,58.13368125443509,56.23673037739571,53.195661468388174,47.640415624786954,41.76901186391347,47.58889193486922,52.287954587746384,55.54024937685882,57.58749190646859,59.03971252925295,59.75038237556545,60.38535917338193,60.44102502125523,59.9750215170035,6.989700043360188,58.04440675026187,56.94929701828003,54.82657811375464,51.9989224352632,52.65445208390084,54.675341138495924,57.10090273772856,59.245154986910926,60.711087904846295,61.86931768047585,62.68873874567333,63.34440882975642,63.53891045339664,63.40150718251103,62.92370390978667,62.14455192482863,61.16878927340576,59.354155605565225,57.03609457565769,53.30415802757916,47.203247174174415,44.768026552655165,51.122898897032016,55.45699165526612,57.9196068359082,59.7393378424391,16.020599913279625,12.552725051033061,19.294189257142925,14.62397997898956,12.552725051033061,14.14973347970818,6.989700043360188,20.043213737826427,6.989700043360188,12.552725051033061,16.532125137753436,54.69058753997203,57.08755628300842,58.92717757737095,60.66275596475924,61.90619638004276,62.748606986774014,63.390380188585254,63.534601649719775,63.47789246234194,63.138815560669,62.39665784039863,61.24741848011127,59.72580482558955,57.369459952260414,53.741248601797274,47.735524185808636,48.21343183440085,53.92353953782653,56.78461015603326,59.35088892190241,60.73671436678433,61.685272408092914,62.52810569946522,62.866221616762544,63.154900481931776,62.103551777639936,35.268559871258745,60.51628634165971,58.73143824848303,56.94995449896421,55.31750904574598,50.301704771495054,50.460110445075586,54.054146669518644,56.854837716709156,58.89992661450886,60.175963043162994,61.02650455780253,61.53795358750827,61.63573103291598,61.468328817201495,60.8526666817971,59.82896890031516,58.5191602072512,56.34264605256648,53.232706681849024,48.771697034840784,44.08663874063811,46.17943434828973,51.397531856953535,54.60592677504898,56.97607659471241,58.09172380213107,16.020599913279625,14.62397997898956,6.989700043360188,13.979400086720377
13.979400086720377,18.692317197309762,19.138138523837167,17.24275869600789,48.50719734376298,52.40798771117332,55.28716210400168,56.9380606419347,58.046062013782766,58.80384800590303,59.40117866747719,59.69338086520152,59.72411138648832,59.25973860344143,58.975330756005214,58.09686281249088,56.519638126239656,54.8116160783746,52.32045209693017,48.990102308646016,43.29316505090259,41.989043994567325,49.70988079724188,52.53497928086588,55.096768945931764,56.72981256353468,57.321266670267825,58.104610339076984,58.29239428141389,58.29661998422593,19.86771734266245,57.11604792206309,55.839702933357586,54.15876075707172,51.43767133636399,49.560146706996726,48.84370487526471,50.11270097231747,52.7325598345175,54.012902297619256,55.55358090536505,56.648271222601956,57.23124694007302,57.31399374726175,57.078468442407186,56.72668533870976,55.76568229959705,53.5566219858541,52.16010109151619,49.062326526252946,44.28685415439189,43.21411997974005,47.332052926568124,51.12075214576089,53.41853777409638,54.23999090057728,55.43229667726184,19.030899869919434,6.989700043360188,16.020599913279625,3.0102999566398125,14.14973347970818,13.010299956639813,12.30448921378274,0.0,15.314789170422552,10.0,18.633228601204557,46.69818772505095,46.38139683961196,45.584805660749325,47.15083670694927,47.959217076132376,49.18323963238652,49.89467616256145,50.16138774198267,50.860820781904046,50.0525775168898,51.35974969813322,51.39835025305732,49.251521674151554,49.08940521045363,49.23891349920049,51.09511052229932,50.60916820614972,50.765275779667945,49.27005731189649,50.629916446225,51.09078837744395,51.84634656586273,53.23066376363904,53.447085449739696,53.93141569735512,54.75614537523397,21.335389083702175,54.49401252996221,52.56621546069706,51.24986506374021,50.9623198461653,46.131332702161544,40.34146977106046,30.588054866759066,40.92194120697316,45.86418504585972,49.63504499414291,51.91520876040193,53.515044897198365,54.43109587904651,55.10008512940235,55.71160086613824,55.58768551816584,54.41445324846921,54.48862390586841,53.20364417544825,51.06778854182532,48.333065152846984,43.25228227870849,42.98088569391382,45.72453363407562,47.61032781023392,49.97604787460454,52.482896707830406,55.15540050197014,57.134653415224065,58.58808997687923,59.37720949926294,60.17302601907059,60.3494994810483,60.314318953218155,59.887502005274705,58.92150277901364,57.98474544416201,55.97418728736773,52.95866055521431,48.41472097069819,42.208400158341774,45.9754162032528,51.35387108382386,54.56274912840168,56.964656039940365,58.414858605421244,59.33983052084145,59.870067269703455,60.15719282870095,59.961284308594294,59.325072487085166,58.5393293498698,24.099331233312945,55.1871393249297,52.54637488582401,51.49591645260414,53.30202663046653,55.971377030271356,58.218801984752,60.06577703617303,61.36590259264675,62.485894290779875,63.083616243277305,63.40454030126061,63.44622133453312,63.22884289942745,62.68037107075885,61.837483007023415,60.600012779327386,58.68894717346103,56.15615526616316,52.02188512266052,45.21033421820917,45.86103235445237,52.22958256446049,55.92250059229404,58.41169816329916,60.03723269715728,61.0943342038445,22.278867046136735,14.14973347970818,18.692317197309762,19.49390006644913,24.345689040341988,20.170333392987803,13.979400086720377,22.09515014542631,15.68201724066995,10.0,0.0,56.61748340847625,58.89613722041,60.710955170089534,61.91066854506765,62.72909771054438,63.3597273085945,63.55376608883468,63.5793427555997,63.2018888228462,62.42095227423741,61.588318193194766,59.998683888318844,57.64243401712758,54.32970893434113,49.619571049742994,47.33116981442065,52.08720762988909,55.600334252978065,58.5721787581877,60.34250138897582,61.75950235219781,62.47062747785365,63.00019955966675,63.280079493677626,62.75779725220236,62.260977922949685,36.08205007704326,60.05738042651424,59.00218514427834,55.07954318602671,53.76211850282673,52.46665963642276,53.88479533968614,55.85726864825304,58.289259331674714,59.375865913686624,60.408119216630396,61.297188871537614,61.52319233244185,61.66270517565452,61.27159891931277,60.72973731103281,59.802602342284914,58.15056813888587,56.29239314130413,53.0836162432773,47.781005797382434,41.446987186431244,49.041147976239756,52.81835275409394,55.376340084249414,56.94275185245434,57.988805052134694,21.335389083702175,11.139433523068368,16.901960800285135,6.989700043360188
0.0,16.020599913279625,17.16003343634799,6.989700043360188,11.139433523068368,9.030899869919436,15.68201724066995,14.14973347970818,14.62397997898956,15.563025007672874,10.0,14.14973347970818,16.989700043360187,12.552725051033061,13.010299956639813,9.030899869919436,10.0,16.020599913279625,15.68201724066995,15.563025007672874,13.979400086720377,3.0102999566398125,10.0,21.702617153949575,18.129133566428553,15.68201724066995,16.532125137753436,20.170333392987803,9.030899869919436,14.14973347970818,15.051499783199061,15.314789170422552,10.0,12.30448921378274,16.989700043360187,11.139433523068368,11.139433523068368,9.542425094393248,20.681858617461618,19.138138523837167,0.0,13.010299956639813,16.989700043360187,18.129133566428553,3.0102999566398125,10.0,6.989700043360188,3.0102999566398125,21.367205671564065,6.989700043360188,0.0,12.552725051033061,10.0,15.563025007672874,6.020599913279624,14.14973347970818,16.020599913279625,16.127838567197355,6.989700043360188,20.681858617461618,13.979400086720377,16.989700043360187,14.14973347970818,11.139433523068368,15.314789170422552,19.030899869919434,20.170333392987803,18.129133566428553,37.996850909091,34.91921712586151,33.23252100171687,29.29418925714293,23.979400086720375,19.138138523837167,25.31478917042255,30.043213737826427,34.583356259919476,34.898179083014504,36.762362167633114,35.72523097849638,39.57176130404846,40.024684501283325,38.33593293998456,37.97198269838959,35.94282028811806,37.63427993562937,34.77844476338758,34.21932813278509,28.129133566428557,30.406023401140732,30.15778756389041,32.55754786643044,32.56477206241677,35.26468512469477,6.989700043360188,37.61627184561583,36.90284702512629,36.52246341003323,35.2022143588196,38.22298871262366,34.31524584187451,33.38456493604605,30.72249897613515,23.979400086720375,26.03144372620182,15.68201724066995,29.429995933660408,32.85557309007774,32.46744709723841,35.051499783199056,35.72057989926304,35.15476441382376,36.848453616444125,35.39201599294128,36.53694795315082,35.34660575828445,32.56477206241677,32.11921084308509,27.267272090265724,30.884904701823963,27.634279935629372,54.680355309752244,57.58818819322237,59.92122986266634,61.654571168732744,63.036750295987744,63.891526121634826,64.58918425902006,64.85613549095518,64.84406050516736,64.42350872658973,63.6210022545373,62.2677126951334,60.20474814264966,56.89630242434958,50.91118028327024,38.83661435153618,52.5229221078999,57.97198269838959,61.1079199727685,63.046787674175356,64.5072318529048,65.38235440495644,65.81919749134813,65.90160556912831,65.61286158114657,64.9811707731597,29.831750720378132,62.64053595210645,60.88658346039172,58.804351340770026,57.5107653999757,58.323556052450094,60.57971751814737,62.57900464250764,64.43987927737628,65.78278102727778,66.71096718759436,67.28778614521619,67.51048651168136,67.52586332282712,67.22612865321177,66.64818383606945,65.6266691049555,64.23672583909122,61.98723050726704,58.77785858901626,52.91166754368054,44.477780092946205,54.276937937106126,59.43296614566655,62.57510823225083,64.49735814000458,65.66190634357962,66.03056963413775,66.08056078147817,23.521825181113627,21.13943352306837,19.294189257142925,19.294189257142925,16.020599913279625,15.051499783199061,11.139433523068368,18.325089127062363,15.314789170422552,13.979400086720377,6.989700043360188,24.29752280002408,20.0,10.0,20.043213737826427,17.16003343634799,3.0102999566398125,25.105450102066122,16.989700043360187,20.0,11.139433523068368,19.138138523837167,21.702617153949575,23.443922736851107,23.010299956639813,14.14973347970818,27.363965022766426,27.958800173440753,32.474822606770545,32.67171728403014,37.20076572768141,30.799044676667204,37.78223626766096,24.62397997898956,29.268567089496923,20.681858617461618,32.41795431295199,37.25012725341157,40.32860415952143,33.02114376956201,30.178677189635053,28.85926339801431,18.129133566428553,18.129133566428553,24.60897842756548,25.4282542695918,0.0,17.853298350107668,20.043213737826427,20.969100130080562,13.979400086720377,3.0102999566398125,22.671717284030137,17.24275869600789,15.051499783199061,18.129133566428553,11.139433523068368,19.294189257142925,13.010299956639813,20.170333392987803,10.0,15.563025007672874,15.68201724066995,11.139433523068368,22.671717284030137,6.020599913279624
10.0,12.552725051033061,20.043213737826427,11.139433523068368,49.759324520933305,53.16928093347127,54.93180515779799,56.73251363213849,57.87752267705819,58.90159916488755,59.22953700959787,59.46276349950354,59.382719865939215,59.463662819156724,58.3233771584883,57.413801147643994,56.91951861880092,55.047833876736135,52.50912573910113,46.658154279909354,42.90880105267162,46.210204065031924,49.50569294682517,52.781772069994474,55.09112427134258,56.80220351175884,57.50966360979615,58.343291297445646,58.55045231507553,57.961023192143855,3.0102999566398125,56.42742419350901,55.7882480541374,53.86593483427072,50.273210616593964,48.92812265660386,47.59796225820178,49.80893785068032,52.27006946020055,54.98675759042903,56.01786299582408,56.817205063182925,57.4222300719348,57.47505804211536,57.29488769179561,55.591138828198,54.19745981491741,53.627613590744836,48.5619702221343,42.73441134312813,39.60232873128512,44.22999977271616,47.94348603896083,50.85939572083597,53.44260589785015,55.66410384773572,56.37155374209617,9.542425094393248,19.49390006644913,11.139433523068368,6.989700043360188,10.0,17.24275869600789,6.020599913279624,19.138138523837167,16.989700043360187,13.010299956639813,17.16003343634799,42.78410601475816,44.157243617687165,47.67437880315032,49.03117129548867,49.33223999279318,49.555915504057246,50.04776928979449,50.71329586860343,50.770952499553914,50.808572797965894,51.159764294548175,51.0136208546129,51.208140428263974,51.384448076528024,51.07820267248048,49.107097615093465,48.83104727392379,48.788950364103556,51.23384441556113,51.297221086958785,52.149762347220666,52.852534215992286,52.986959163051736,53.880905395456494,54.10743500456932,53.969243099638,12.552725051033061,53.06287747352961,52.10128491146471,50.229559679027744,47.56605683748872,43.46607216606132,35.78524605274993,39.34750874663579,46.15034229084755,49.40601144182706,51.88301185184196,53.57023396670744,54.824419318859185,55.36716224401387,55.789427662245,55.29579200487905,54.837655421927806,54.21817731364133,52.75431143394289,50.51773601795076,47.66479770899863,43.934874581471746,44.76614282032504,46.04009932412231,48.76240940747596,49.591272882291875,50.33861850175664,49.58668980280063,53.13972618860607,55.67055788907752,57.65827195977512,58.849748201535625,59.74671933033835,60.25650296250803,60.461360303295315,60.40830502315372,60.00349466416564,59.082200720606515,57.81356789426394,56.142231150503264,53.563624484381066,49.508757748081464,43.371996053735806,46.937709036306224,51.70886297979714,55.06620017278144,57.08648611309897,58.47141234922539,59.411704223410126,59.86657996901627,60.01298335039675,59.82476117412111,59.07411360774586,10.0,56.34374478328378,54.25972532332373,52.264993743751845,50.99973984235501,53.99663339815554,56.540474862067114,58.7536747778735,60.50987652273353,61.69152555868662,62.490282763928434,63.1036061518258,63.509918857416636,63.51169334528198,63.226467609534495,62.49612146829482,61.607361685232085,60.170608994202524,58.14748876481886,55.2320130626382,50.37127568607792,43.94539231372204,48.55985302552904,53.62356164152661,56.973383387401874,58.80284116113002,60.30060262875523,21.64352855784437,12.30448921378274,9.542425094393248,12.30448921378274,13.010299956639813,21.367205671564065,0.0,15.68201724066995,11.139433523068368,14.14973347970818,10.0,55.8058401759165,58.17725308544851,59.688587075181914,61.327977403317526,62.32028155843314,63.04598226343637,63.41294419752189,63.4874185886266,63.31979481296804,62.829124516570815,61.92092759340152,60.6292777806305,58.949675694310486,56.23716422666598,52.18567012742162,47.20663619305731,50.36217557872632,54.67745696688126,57.274932705303165,59.69777828906971,60.97390944906908,62.16942713067954,62.609526836858784,63.11140331193624,62.86498235460264,61.96287025183029,36.16790486329716,59.76398129365209,58.65045314262598,55.97946258378365,53.40214016635666,52.16548546433404,51.619097834778465,54.30173454371945,57.031503170044644,59.219864771309645,60.43332800019699,61.12493732831345,61.58392951959463,61.65646671012357,61.506422499044575,60.44393141660031,59.601567161862235,58.39388162369985,55.885730866738974,52.496018802307475,47.72064868851765,43.8284519629626,46.87511125346055,51.59927952895985,54.70189906285553,56.934033053464105,58.084459551893474,22.09515014542631,15.68201724066995,12.041199826559248,9.030899869919436
16.127838567197355,18.129133566428553,3.0102999566398125,14.62397997898956,48.76200514668308,52.42466886235341,55.13533214780815,56.760879180932506,58.10786797184,58.78359191865983,59.3832454901273,59.55134309615634,59.601862285862104,59.37791120707446,58.872852644453324,58.00854491503561,56.90353815498252,55.28079427118776,52.959495504513,48.341662839426206,43.231282931251215,42.44153372551425,49.45685185952475,52.18128327429923,54.88601475226773,56.308345178280504,57.19758740586252,58.14493981286041,58.32511467372146,57.8564654088938,19.030899869919434,56.46267436368386,55.94892861066746,54.1608272151237,50.72988415740748,49.82533540058449,48.92166979072933,49.90250032927817,52.75341304852634,54.4473162508875,55.91573213140387,56.94483228407644,57.71738098362458,57.87778462842571,57.517254893909865,56.78350820127994,55.73494727515037,54.47669577022793,52.260737939403406,49.075242196749926,45.0275476578036,42.41172786770047,45.13337480770356,49.93017165679735,52.650679423575184,54.43810401121398,55.40059051687655,14.14973347970818,16.127838567197355,14.14973347970818,21.13943352306837,18.325089127062363,16.127838567197355,13.010299956639813,15.314789170422552,22.671717284030137,17.16003343634799,13.979400086720377,47.3627695523311,47.25552292750614,47.38820182085683,48.19076488487893,48.81869471884279,49.19376240438977,49.91447598003803,49.90134537345504,50.20203780901273,49.40242474237714,51.025743312033775,50.996323067603356,48.33943544341934,48.41290628697786,48.45004966938521,49.88995707002408,49.48711196278679,49.87067133119322,49.66667263098043,51.06928265476111,51.86673867499745,52.62550752437551,53.41143578447078,53.80676049897653,54.29534270813157,55.0846507498175,9.030899869919436,54.895211538604,53.186329727271975,51.79497213693938,51.758392951795884,47.232421666982056,42.32208078396316,36.71913012441587,39.737280586880274,44.495863808375674,48.43762082833734,51.387351979677476,53.09461952185696,54.03244097279249,54.49090986958516,55.328995440863025,55.320622679610366,53.936418777080945,53.9120336879224,52.5213427359398,50.60199059506235,46.889623510950045,43.547421234241675,44.26267207139606,47.06145741121137,48.02541127388007,49.72017598674015,52.41937269365706,54.9447880186706,57.083265519468355,58.34508443922572,59.29615591032312,59.85821515812128,60.181543753978474,60.0302774544798,59.55532376878334,58.594361343731904,57.52730484553743,55.523043268709394,52.10139199198124,46.60912887477406,38.21185882608845,45.8017200215562,51.70968335972316,55.15123773566221,57.37508306180389,58.765238179864824,59.73741899787402,60.243953513275564,60.60025485486416,60.35855818159423,59.77424067398761,59.12817009680567,21.13943352306837,56.05767113726258,53.956583223341326,52.731819009999946,53.6589401013098,55.92194528673466,58.091993363990994,59.92815429306014,61.20158520749829,62.18497955763241,62.84315207428516,63.18370781772369,63.18592517625626,62.94939503491338,62.38213010838163,61.576863969129306,60.23388284059461,58.397859039301856,55.64772553929287,51.29667339229647,42.909245593827535,46.26750853683393,52.99169406905682,56.549481490877554,58.75112217621654,60.328861845616885,61.27367240343946,15.314789170422552,17.24275869600789,19.294189257142925,0.0,23.54108439147401,10.0,16.901960800285135,15.68201724066995,17.853298350107668,20.644579892269185,16.989700043360187,56.669155897698445,58.94578554240803,60.57937548187033,61.66618652043624,62.58145010913077,63.143076161610736,63.48005817499497,63.364341157226036,63.02691896874851,62.320546272036,61.353648493453335,59.7483395504854,57.61895528113605,54.37071645431958,49.69415912353981,46.93067093924228,51.72001273627119,56.292178963234115,58.80878160212972,60.594945008417,61.7245960205673,62.63994952813096,62.912713674884614,63.21078913245124,62.61109589337571,62.246407812106945,32.19584526214255,60.11973258329221,58.98203934872921,56.44936609950247,52.91404374109686,51.822120104991846,52.954637365711605,55.296407770672346,57.65925479769412,59.44528566755572,60.51201932697593,61.27159891931277,61.600000688813,61.619070912092624,61.33163528529289,60.681030780708305,59.4628372212363,58.26712164290367,55.820133365823786,52.7544265981214,47.17071062628415,42.48659743048336,48.48121349444844,52.77269896646581,55.30583859645118,56.81682545805063,58.05518528622899,16.989700043360187,0.0,23.443922736851107,20.253058652647702
18.692317197309762,19.54242509439325,19.138138523837167,15.563025007672874,49.376783407055676,52.793771656756896,55.165353738958,57.00444101027752,58.22515898881168,58.91194458195551,59.333222448361,59.46087579693207,59.51735682389913,59.335379019717045,58.44065674779516,57.46984295274074,56.473096033635535,54.69593767383212,51.929129674361754,46.099037471885424,41.246672176986095,45.92187864529585,50.87000120795991,53.506588526582306,55.62370197684059,57.03429814293051,57.658845308924754,58.4338291709289,58.53191848054627,57.753577337810626,11.139433523068368,55.88855230587299,55.352156107374064,53.53140768421906,49.096469434462065,49.13103571135053,49.65789459245144,51.27830177052488,54.02020518733946,55.30344438908273,56.57595993439023,57.27341142686791,57.68367230114826,57.61706878106342,57.17141872982934,55.76241116836443,54.310033110468424,52.58278015243032,49.225438153907064,44.43747874470907,42.79963367458737,47.28069571159562,49.686323575110826,52.51803634459697,54.38929797575352,55.731710924318485,56.25469879902775,6.020599913279624,9.030899869919436,20.0,14.14973347970818,14.62397997898956,3.0102999566398125,17.24275869600789,13.010299956639813,3.0102999566398125,9.030899869919436,16.532125137753436,45.89949601325707,47.02775077901044,48.40858554041879,49.15473706483988,49.46004966897564,49.893830664589515,50.573960119880056,50.855046394264974,50.89583685223544,49.45370094490304,51.18016581440179,51.043675956010155,49.052182353937006,49.26311571512884,49.65281682893381,49.869597386006134,49.9321130913145,50.59714845546422,51.573963193232295,52.405018227325584,53.0297993674825,53.351368253716245,53.96647363648428,53.92628375032521,53.99012259874168,54.44447659281357,15.68201724066995,53.034660571070866,50.110118871782234,47.30733838636553,45.3828461059014,33.15760490665735,39.35557645093014,45.0096335063806,49.24382677201973,51.0726764555379,53.10381017745592,54.3419352419327,54.89875547965326,55.057602759200854,54.99759917040818,55.15026938687181,54.388428493591505,52.18412078727354,51.588266977393204,48.900407748504605,45.28209432477408,42.596894227169145,46.90063112384906,49.51929776148323,51.28043673826458,51.67465028843088,52.36401208265657,45.98921759818636,50.549843822281304,54.0016138003446,56.40712932731116,57.992771240409226,59.201316780273785,60.081648075768456,60.57806409320396,60.717553809649694,60.47734236450257,60.15138359714355,59.244498682461796,57.71773357348643,55.71150760109951,52.679715019100335,48.540022331269896,42.19322508419337,46.9369178195477,52.78591281632251,55.51981561278909,57.511812997102815,58.87466508718643,59.781567693764245,60.22618050044664,60.19004065891014,60.085597208822826,14.14973347970818,58.211531044298866,56.538307019544376,54.468011428470916,52.37644257639192,52.26757099090277,54.70633902565044,57.180031682670176,59.20065903753081,60.73044212835245,61.88869168295737,62.70315413677774,63.162304246475244,63.42234906574306,63.270745572426996,62.91902509263281,62.228113814262656,61.07614896138371,59.50647151396568,57.11317845065442,53.6292144819949,47.844532423901775,43.70346519511229,51.087442516014406,55.24811392063795,57.88502804702331,59.680914401211226,16.532125137753436,13.979400086720377,19.54242509439325,12.30448921378274,21.64352855784437,21.64352855784437,19.49390006644913,22.671717284030137,10.0,24.377505628203878,20.5307844348342,54.37231952947496,56.887445314981946,58.99690303962254,60.60025485486416,61.93259598410811,62.810169956288384,63.31574061229447,63.51167012874801,63.4932765789732,63.04506468845831,62.35910054351537,61.137542259965386,59.65469347204337,57.251542222455676,53.84622188451544,47.950871408857296,48.45079426994751,52.97858954609413,56.717512080714414,59.24904426780576,60.796225544771005,61.897316772919375,62.73280289002932,62.91905835639735,63.11848759919813,62.650691218244894,34.68051791454238,60.64631672285383,59.63886948469336,56.3034650075424,53.7902435935049,51.15946502305206,51.89279712637177,54.141474035593035,56.658623002031554,58.5909804960628,59.957321323442955,61.11042621629711,61.46792927641815,61.675896435856316,61.49771331850338,60.66876180016561,59.934031611308505,58.63263958655529,56.29365759653691,53.31558880973168,48.4868165402395,42.27603935696588,47.25298943058368,52.009735489926584,54.92148314882796,56.79744870396611,57.85062768599623,12.30448921378274,18.129133566428553,18.573324964312683,13.979400086720377
16.989700043360187,16.127838567197355,20.5307844348342,17.853298350107668,48.83144515907282,52.64501428109497,55.237282624697144,57.094124404784395,58.10264786355301,58.90159916488755,59.43866820680764,59.67814648482728,59.58563883221967,59.15577105159529,58.882789264200795,57.880509401457154,56.29478917572213,54.565391090250785,51.95528822411013,47.60610938397704,42.35250611584401,43.950116995780945,50.76221600814062,53.19651448869393,55.499505604347675,56.99013431612882,57.511812997102815,58.38805029641751,58.42012923466398,58.27587011974151,19.030899869919434,56.69645034827737,55.58964033297056,54.02338774575134,50.529131495297264,49.60113872036686,49.30954122514958,50.59733770290173,53.365397807535395,54.568592693909224,55.753379739830365,56.82297639526867,57.35624445681064,57.44981830116678,57.0727202854802,56.12178600646777,55.07603583934013,52.823796377440495,50.8333417264038,46.83551319853662,42.41172786770047,45.24058422636234,48.89861721258188,52.115743634828505,54.10718199047149,55.194709645862915,56.06953955202502,16.127838567197355,11.139433523068368,17.853298350107668,13.010299956639813,14.14973347970818,23.69215857410143,10.0,14.62397997898956,12.552725051033061,13.979400086720377,13.979400086720377,45.70659670021534,45.937289987079104,47.04193429194155,48.29181509768659,48.88449088556481,49.86184816442475,50.49233532910425,50.615919436347134,51.297704289602,49.71275848738105,51.765369059974624,51.7595515879453,49.29725378378005,49.410042941189324,49.26902962703526,51.01368963249251,50.635922819188764,50.53662234660941,50.165403023415784,51.35326688341679,52.0738928400275,52.53573023001415,53.38227332855426,53.49900831773457,53.8099407537033,54.549560861053514,10.0,53.51630130422434,51.02615481280259,49.33689708957894,48.249909561738704,40.77476919504342,27.520484478194387,40.43951418263276,46.78454641420398,49.48510768837657,51.96167891622495,53.5310032172498,54.32656678670281,55.17578542097385,55.21953581899513,55.69520210604101,55.38906615567578,53.61125070351983,53.455109576969505,51.6170931339876,49.11775306187111,45.43621111564033,43.44726217939861,46.00013995397365,48.4999031684699,49.46727296584514,50.56741007603283,49.56614986067625,53.290234314039814,55.730585176175246,57.65603740969313,58.814942152769476,59.839459148436845,60.433799638616335,60.64188718067028,60.54769663391558,59.8384135169276,59.36234175974536,58.0329661554909,55.96275928829378,53.18585010078826,49.24382677201973,44.52476461326989,46.71080232738849,51.52499323545448,55.3008950922441,57.13511543286491,58.547413328748476,59.399747732544334,59.87663137279854,60.09158859952683,59.70521674801045,59.33987602399475,19.86771734266245,56.6462693479414,54.05539299130531,51.74481389373729,51.30851396278912,53.84756513257574,56.602012013806814,58.797242051443774,60.53788875183741,61.79545184783536,62.57197705517372,63.26126447730992,63.42800944462543,63.43789148670504,63.231918518176826,62.53340428837659,61.75309114637436,60.150116773284424,58.34458853790505,55.37623933418619,50.68085628376812,44.49771429797611,48.38219221907626,53.71740036260264,56.823436687699235,58.935997727340265,60.36450031395091,20.969100130080562,20.863598306747484,16.127838567197355,21.13943352306837,19.86771734266245,6.020599913279624,14.62397997898956,20.170333392987803,14.62397997898956,13.010299956639813,22.278867046136735,55.507528596711886,58.00635296780014,59.89240184394578,61.45296186010124,62.33286812598781,63.19259337168647,63.516127361852625,63.546317752363265,63.433132552088345,62.80308104136596,62.12036507588209,60.88156296218558,58.87043675461033,55.93219588287481,52.25609048246355,47.0763829538,49.714103849485845,54.45822074161696,57.81636196509933,59.96393450913548,61.46365281778442,62.16194678292226,62.49340489113351,63.07415803689029,62.60390548712774,62.18749711327969,32.43781916093795,60.60717477573172,58.51231433860854,55.91852303777344,53.355642045720764,51.19575882036308,53.41800404487081,55.24268866214246,57.36575761163231,59.11649707874226,60.314197759605825,61.11757367669188,61.55723692410887,61.72143293230416,61.41141110837174,60.78826789524414,59.92826026108151,58.1624262607978,56.285973413869044,53.03325678218915,48.535582904559305,41.78919421035466,48.20602060800836,52.70543753047853,55.21421852128891,56.743512571059924,57.94238412448373,19.294189257142925,22.380461031287954,20.170333392987803,18.06179973983887
10.0,18.129133566428553,17.16003343634799,20.5307844348342,50.47882065489659,53.25731115207729,55.1936852704,56.8314163565465,58.18688322761617,58.957081140240255,59.55447691790151,59.68759314723372,59.58004051879854,59.31625656984171,58.70722778069371,57.674645879589825,56.122931446066424,54.07659387132946,51.12048372722411,48.044733765901,44.81112840841518,47.59554535696884,50.324092176074785,53.628027995674124,55.373782828302055,56.701808896392734,57.86667677554132,58.04184427548834,58.0869767727462,58.29836180918585,16.020599913279625,56.656372674340616,54.42136274085405,52.108774178816724,50.56821032032579,46.08793373986931,48.1360767250921,51.531224892368286,53.45710839648282,55.65721524470717,56.8314163565465,57.40694995013317,57.54376625099192,57.419705472036455,56.975161614506106,56.02012216307279,54.40658818585217,52.620142023804554,48.46646328577117,41.52777414797245,35.85235063365775,44.638482140508806,50.359937544740106,52.77957426972286,54.54466783096752,55.86103235445237,56.472303533488954,19.86771734266245,19.138138523837167,16.127838567197355,20.644579892269185,0.0,12.041199826559248,20.5307844348342,3.0102999566398125,3.0102999566398125,6.020599913279624,6.989700043360188,45.025636691073636,46.662558271926045,48.441353216866744,48.95256753144895,49.7102057932463,49.87541141497206,49.7354346853249,49.801397777457545,49.28928151221644,51.11275959100527,48.77532592397381,48.83468372477887,51.40787636152006,51.27286256652184,50.81613708598819,48.993936558360076,49.5341656502781,50.17371456232196,51.226745132061986,51.702617153949575,52.862048923340126,53.654149723539234,53.67499419526957,54.54823525720482,54.50515455513304,53.51975937833653,13.010299956639813,51.66045087851225,51.79152355331653,49.38444667801203,42.94664589500175,40.222221045077056,33.45961541813141,43.67169488534681,48.31773822338018,51.522914027841324,53.25065948127544,54.235112860495505,55.27519057868681,55.693797626009676,55.65145062306299,54.37517502892371,53.38609864112355,53.26421891879929,49.67290505554557,47.28426834761584,43.351368253716245,44.94877815637538,46.14158709509175,48.77446217774434,50.41838595038754,51.869365686867546,52.25776930455684,46.567687792660166,50.88295596153512,53.75063415875737,56.19474215205155,57.997884000675555,59.21261855638859,60.06875326985386,60.47080462492602,60.62783480198341,60.6931874520203,59.91345268738311,59.064023899453986,58.09447928336575,56.09919741436553,53.17862845085274,47.92426711834622,42.080380493531806,47.6976122629933,52.22138761477087,55.31965309857165,57.47349650382109,58.94404685168554,59.638114296651665,60.220326654135235,60.318110604704614,59.870313378971225,10.0,57.99117830263299,56.84433304311136,54.74055924437892,51.98219823720986,52.46537970799175,54.67048415231481,57.01416862275921,59.13934590649997,60.671631384694464,61.86588526042024,62.63851150842732,63.26909897299298,63.47575883256282,63.32366744905912,62.86321040374353,62.08975564707934,61.213053643356126,59.17615775893204,57.004518917697865,53.2634610360235,47.53253574809567,44.497868469857735,50.823580440897835,55.23180475106287,57.8764817952426,59.62957153329893,12.552725051033061,16.532125137753436,18.129133566428553,14.62397997898956,15.68201724066995,22.944662261615928,16.532125137753436,20.170333392987803,21.73186268412274,10.0,22.278867046136735,54.64793477005378,56.87239929920179,59.04432593829274,60.61835710548615,62.011864813928035,62.737836866603175,63.23429082948418,63.53668926035077,63.44995935958143,63.06762252255442,62.3944088341377,61.20236893224611,59.65533294458123,57.20163439524184,53.45044208408656,48.82780599434153,48.58085826163788,53.404917061482486,56.78650377217248,59.31419219811511,60.79417510350443,62.01356151210189,62.48140572457254,62.89521618301699,62.84082707634057,62.69703898406979,37.741518589547105,60.706469300505006,59.20985317370811,56.70762430399243,54.46221738605506,51.33030869991187,51.79313323312545,54.206685290893276,56.133300885597095,59.06015939076479,60.203451206248495,61.07354145053517,61.49840848152134,61.6280448648189,61.35312377100775,61.00624498657566,59.839553783692445,58.53241780329114,56.436303060797535,53.61193135956886,49.60984206716474,43.91869775709361,46.53694795315082,51.69850701861499,54.78775656846011,56.95595488758691,58.140143995944314,22.278867046136735,10.0,9.542425094393248,19.49390006644913
13.010299956639813,21.13943352306837,3.0102999566398125,13.979400086720377,49.31834028485626,52.81060651907814,55.65328242854197,57.15720124711356,58.40027010515776,58.971430505796185,59.568184247144835,59.65582659059385,59.588657300206734,59.19677319121008,58.55815247181749,57.58507674285927,55.865535499028816,53.84622188451544,50.681858617461614,46.091353297493114,41.33538908370218,46.21861469109227,51.70158998472771,54.150167752476804,56.10253353764393,57.326285370717194,57.94605840903596,58.46991154381009,58.33293127652125,57.98088253312887,23.521825181113627,56.06825107694235,54.815916676987506,52.60128653811398,48.72628202189277,49.078626205128664,50.466551175684735,52.29835366557266,54.651879701374256,55.77907512457514,56.82066517044603,57.41387992479269,57.63431737464748,57.29104016623393,56.466477644760644,55.591354568929276,53.95614661922327,50.640422153767304,48.336888448364135,43.580110323320945,44.01486701774169,48.968402509488634,51.91789040104612,54.08633366453095,55.482530270223265,55.95479687456952,56.430270568095466,16.127838567197355,11.139433523068368,19.084850188786497,18.633228601204557,9.030899869919436,6.989700043360188,16.532125137753436,11.139433523068368,13.979400086720377,16.532125137753436,19.294189257142925,46.91205305892652,47.949130707727335,48.67496950528708,49.38489703782983,50.03223501202289,50.476719775870514,50.67182485523405,51.01368963249251,51.12889746369673,49.478746548976986,51.378887367414805,51.13010287925757,48.43513078608807,48.55597890904916,49.150197272100684,50.857791967997024,50.86092764263604,51.41590856992357,51.55585002087033,52.63043983313166,52.83527364861694,53.55845979941522,54.11835116461491,53.540873004059634,53.37181623447573,53.86224211922426,19.138138523837167,51.5601883092165,47.2923770615214,43.130231103232376,39.320676922007216,36.878855248487056,45.23239060190306,48.88482776122159,51.34906695843206,52.95329547390054,54.37897944331206,55.29586898037795,54.971868291501394,54.9288465487675,54.46925311242748,54.66578488553941,53.48538501257994,50.39037170468973,49.856330179923525,46.95831772826693,44.77931182055328,45.491259267581114,48.92456364045762,50.986887101666305,52.35068659443896,52.54238619672627,52.75085508777206,41.73535895009906,46.477447314699006,51.32643850973081,54.45269402881928,56.72698063024046,58.29072087319047,59.592308179376474,60.324978828571105,60.85580249163492,60.91132816284034,60.907911563536594,60.35684236219589,59.2298792706119,57.77387668868137,55.853727336603384,53.342325263296,48.91871830445584,44.5131044583783,48.83332041250597,53.06317781104432,55.82637116504583,57.6988592084031,58.97746368457015,59.86302711688857,60.15979733361617,60.26069715302561,18.633228601204557,59.14233643973471,57.70337178061233,55.886212432500415,53.73274377224491,51.309156548081376,52.305562044099744,55.1031037419787,57.661070973332656,59.70016612482083,61.224655667807546,62.283893215280514,62.931812845836674,63.36946391252357,63.44044895721822,63.40133056554077,62.782165725081775,62.051112134966324,60.74452548329348,59.00066569375486,56.23083813359547,52.43119936496559,45.51852387846335,46.37569776417521,52.48916892312752,56.272224337917535,58.60062966163228,17.853298350107668,16.989700043360187,13.979400086720377,18.633228601204557,19.49390006644913,18.573324964312683,20.969100130080562,21.072099696478684,14.62397997898956,19.294189257142925,10.0,52.8296859463811,55.41984645782988,58.22628945607663,60.096420792661426,61.52609358956373,62.51069737835613,63.22154973026231,63.577961553911294,63.668404263897514,63.391478259695134,62.86273641347475,61.91434246014464,60.26484643698894,58.163904595016206,55.36679624123329,50.87000120795991,46.904176023398215,50.68467875979013,55.8334049186249,58.53311797629544,60.58475373298818,61.6277373738082,62.34427428914309,62.69804710760233,62.66318735073827,62.65222189451775,28.2865989653532,61.25438647446909,59.159577798930904,57.725747269163506,53.8065435785981,52.30318613486542,51.48189137969447,53.994954684440046,56.479850872129056,58.31031077233856,59.83309583175529,60.88158777778753,61.369753630290525,61.58755893236495,61.435272152835545,61.0587824236049,60.11090213005217,58.70198415481923,56.91049648590302,53.94609259103546,49.62620273056505,42.182465796683026,47.10531990314783,51.90673395499249,55.027124587645595,56.49492578289621,57.79055089381888,15.68201724066995,14.62397997898956,10.0,20.374264979406238
15.051499783199061,16.532125137753436,9.030899869919436,6.989700043360188,50.10274508951967,53.021425347878264,55.098823398508614,56.835243196060965,58.00305953209648,58.953059449737026,59.35572757733971,59.59252284142721,59.45147423324728,59.505751344202466,58.52827534112783,57.58840008442637,57.06097894583033,55.2884088486034,52.74677305812702,47.23529553280572,43.2364392313595,45.87598729721245,49.307657028968364,52.73707150462059,54.967871650480134,56.699125805333644,57.39905255029613,58.330514417985306,58.490636011705305,57.82261158711093,17.853298350107668,56.16085681778624,55.70660837164502,53.81232441737968,49.84981622194313,48.77699534639888,47.85870586426097,50.104441320454605,52.904798133306734,55.51651239513238,56.54340214052379,57.21184681416151,57.838135681286275,57.95569994172361,57.74812477377034,55.96627879967011,54.76931571378687,54.0862828164295,49.64730921053629,44.56062224454952,40.17909395896689,43.79523063830554,47.37709352440768,50.53907806893611,53.207796031426646,55.48238279471416,56.17245742568967,16.989700043360187,16.989700043360187,19.49390006644913,15.314789170422552,16.127838567197355,12.30448921378274,15.314789170422552,15.563025007672874,6.989700043360188,-inf,16.532125137753436,45.09525098093818,45.96113054915637,48.59378504425601,49.37823696145116,49.40167714034075,49.70909141996384,50.20796188104522,50.26876315607315,50.70953539186577,49.691595470402,50.41143881608952,50.161011118948736,49.96275197482623,50.120691517833826,50.282865094262775,48.46609234225858,48.675912176422116,48.67820908045573,51.392807327185245,51.81225993707422,52.85505550622712,53.4261412300621,53.41752956382052,54.406131574903384,54.52706226511029,54.52315553340427,16.127838567197355,53.678123426835576,52.561137385829326,51.068060236958644,48.22704075997153,44.243588625903286,36.582022533870145,36.17105230502378,45.25265139380899,48.71023883231429,51.007150865730814,53.034660571070866,54.23344193632787,54.98260917298101,55.23020302208912,54.95924352350301,54.45320807619419,53.70603750904466,52.2580533487163,50.14091913026181,47.46649764769085,43.317308928154574,45.45665787120142,46.86466450156474,49.477179300000756,50.19701881328116,51.146376681731915,50.02274081774949,53.28210338335658,55.77194125699613,57.68375373513457,58.85321634094973,59.711459121494705,60.241514032650024,60.43354417416383,60.304742319927236,59.81796869259458,59.01090350275566,57.67782727709334,55.73205903477433,52.85505550622712,47.91395874234808,39.093420383613086,46.60523976930214,52.00861437360908,55.39072333217361,57.40063317955943,58.84530289827488,59.76227515459114,60.145894155928175,60.44267260962467,60.18095226336854,59.63408598267727,20.170333392987803,57.02796602669066,55.52466228296271,53.49634920349543,52.27310689868947,54.370732329251524,56.707281346138615,58.69853958145362,60.39195528777749,61.55227298381405,62.29524423628494,62.985354233484294,63.30397943635663,63.37148454830836,63.01881246633077,62.318835530139715,61.442630853074185,59.917371787368864,57.88140077419414,54.75778659278944,49.702399168814125,41.737688231366505,49.22922583981335,54.251754207256354,57.27668924092761,59.11615641053059,60.58251360438568,13.979400086720377,16.020599913279625,18.692317197309762,20.969100130080562,18.129133566428553,9.030899869919436,15.563025007672874,19.49390006644913,22.30448921378274,20.681858617461618,17.853298350107668,55.820679104740975,58.08773232912824,59.66714623430417,61.2137105083216,62.22248637532977,63.003974195765664,63.371846204869456,63.447821775877614,63.20014107486449,62.76412397493388,61.701595854956324,60.451214350391716,58.72457551104928,56.27252146690218,51.786144045906006,46.48603928135281,50.68471585472224,55.01390679152364,57.92790076976147,59.98549207359207,61.336366136372156,62.4346592811251,62.676283191472486,63.05573189969237,62.787995423074804,62.2322302588028,26.444385894678387,60.30059452372854,58.614256742824935,57.041891381495205,53.76839644005421,51.12638510618493,52.117877629008916,54.94957018658948,57.62547280442118,59.35129234915682,60.140603797257725,61.042798159746155,61.53300416054161,61.81322693750366,61.51004361973647,60.48622010021418,59.62132943159932,58.560034539972214,55.785979557624366,52.56799499148165,47.43078391782139,43.55968457653611,47.44707516891029,51.86577786524979,54.85069495688301,57.01811398029831,58.262212713618446,13.979400086720377,18.325089127062363,16.989700043360187,12.552725051033061
14.62397997898956,11.139433523068368,16.989700043360187,22.55272505103306,49.47262126966335,52.68402440260957,55.480920058115075,56.974734557764094,58.122353282513295,58.9071883038539,59.44382476752384,59.79267859181103,59.84527313343793,59.16564482168909,59.03919781949839,58.13397492078073,55.83843500289636,53.85958213316645,51.108051207975095,49.23710194396563,43.81115080709851,45.13550520346337,50.31396344236501,53.385043032094714,55.25731356850706,56.669240057949615,57.823937846789725,58.08136670467362,58.16416971385392,58.65192246539859,19.030899869919434,57.424187396205284,54.85472984406131,52.812902298924726,51.82671386675479,47.658845308924754,48.45253117495606,51.076033707891135,53.26044868102204,54.60960953631785,56.05646528108763,57.037469333154675,57.13782774500403,57.02439153314047,56.755767236029406,56.576380293028244,55.452600962843086,52.28628739594438,51.23753668755842,47.01438454464351,39.453700944903034,43.53377594888645,50.099987300480606,52.82762550564783,54.53173041181327,54.931247083925825,55.9785417878813,17.16003343634799,0.0,10.0,15.563025007672874,14.14973347970818,22.30448921378274,13.979400086720377,19.294189257142925,10.0,10.0,17.16003343634799,45.677907105335365,46.56979318451776,46.517818134803974,47.797191152434976,48.76679610419201,49.79047326947965,50.0881300905209,49.97604787460454,50.15862508097314,50.9702117816689,50.291970315016805,50.52347599224664,50.76815145619761,50.03736187137424,49.86771734266245,50.50136049851575,50.51326205505846,50.92896010921856,49.62284078657889,50.612299969846354,51.30645705070057,52.163084436453644,53.47544669645012,53.81818771625734,54.02862957968563,54.028543698970594,12.30448921378274,53.04356944444254,52.09515014542631,50.29095505320572,47.40717876059285,43.35999177608131,32.84205067701794,39.77586438003851,45.03368436197435,49.76927431308305,52.063130519359575,53.49512585242442,54.53419255912217,55.16508932026517,55.50845713243391,55.34952120958077,54.85382090085649,54.11249219353385,52.776848368379554,51.12688769397097,48.418910618516335,46.32993501996027,42.202388799344035,44.419463726030514,47.501225267834,50.55351569446822,50.696126042929244,50.16067631549727,53.47885946660894,55.72018432774237,57.54401090111127,58.93587010733577,59.91059859775979,60.344475631759735,60.515557465199265,60.47526023393885,60.034971526200344,59.194651221795084,57.88129466798513,56.03980747880107,53.41576957723398,49.05860615093137,44.80868923687168,47.546082229424,51.943033872655406,54.90702747711716,57.071970335234276,58.479827010639596,59.4255962885389,59.8879298478025,60.088019440835694,59.824250184373525,59.084362250292486,12.552725051033061,56.37294553348749,54.39119442373141,52.13539006359354,51.62683865877892,53.57725268400632,56.33889416144366,58.6885595117463,60.32757326221591,61.75855517946627,62.67688114340615,63.17325451829507,63.440826548331586,63.50680933685262,63.19281199845812,62.5754058647092,61.59051086803299,60.303912267655875,58.07428132471907,55.331680988980935,50.40206627574711,44.66867620354109,48.20181748244902,53.451619235949735,56.86930167500439,58.99273187317604,60.31283207781786,18.325089127062363,22.671717284030137,12.30448921378274,18.633228601204557,20.253058652647702,21.613680022349747,22.576785748691847,21.84691430817599,9.542425094393248,13.010299956639813,17.16003343634799,55.33783493723742,57.85720524260677,60.043665208622656,61.375832267296474,62.4831492414703,63.12144550305664,63.517132266078555,63.589487307074954,63.4485834966037,62.76650417056661,62.12853189947111,60.90342716226516,58.54326693075648,55.61302973578755,51.372338090663476,47.70734220895042,49.89770080726568,54.57671508036502,57.63371831162458,59.74241268306061,61.18355015555949,62.28019285529961,62.68732381045587,63.140841026241276,62.67859715996528,62.923014926387154,32.02488317060094,60.13256137859197,58.69621822623777,56.12920479101404,53.47222648354173,50.80283677441961,52.72540096079575,54.94473238108408,57.30152172514835,58.89073567946849,60.31268255402541,61.15790182565053,61.3649385065074,61.46352569914315,61.1929350890305,60.98508398645535,59.92861788406567,58.0803059857226,56.62190990859007,53.736346121991346,49.31305281421673,43.028502127023096,48.148466686044635,52.59546099087022,55.22409019012586,56.83812235741294,58.15883771605727,14.62397997898956,12.30448921378274,19.030899869919434,18.129133566428553
14.14973347970818,20.5307844348342,-inf,20.681858617461618,49.598852984945914,53.0022363126563,55.17908137366838,56.92363905592921,58.16231354202741,58.93997426273387,59.425090638393485,59.649663748310985,59.61605689314786,59.42603248842157,58.53759033074769,57.709403337416056,56.89291984368063,55.12456251670259,52.74573464196471,47.16036749617808,42.629254693318316,44.52476461326989,49.834684151640644,52.87304469201069,55.38938006340474,56.90196966342879,57.63928641104258,58.554107199388426,58.73419425995033,57.877055373224294,13.979400086720377,56.4278196348872,56.04684952725785,54.29243421553872,49.99869692108268,49.492387091821506,48.93173429954196,50.05403610458412,53.06598710609152,54.92307704912036,56.197943172221855,56.99742361319838,57.653086042018494,57.753577337810626,57.37709352440768,55.89784337023251,54.72890957415805,53.38814937417618,49.726147134680296,45.53701021549961,42.01724770116379,45.37579852517648,48.11789419344167,51.62522587984634,53.756069234023094,55.46820177800267,56.22605644228503,6.020599913279624,9.542425094393248,11.139433523068368,16.901960800285135,6.989700043360188,19.86771734266245,19.294189257142925,6.989700043360188,-inf,20.969100130080562,17.24275869600789,45.114555372950676,45.334797197259846,47.711463488149846,48.85389493491494,49.18978664186194,49.691642095787216,50.60641189552578,50.77807428678551,51.203764797444336,49.86063749997231,51.65496577057198,51.56951762186789,50.03916990710833,49.9412790513327,50.359937544740106,49.89449817666692,49.79389013112218,50.08302024212001,50.90906716801746,51.63188219273303,52.267983208553446,52.97009418621643,53.341178473080404,53.69084064302847,53.93752394361024,54.31405583095625,12.30448921378274,53.43087431996766,51.43888758109274,49.490092221240715,48.43363607516661,41.21264305229581,32.21414237842338,40.21726664413777,46.6533704224559,49.22964072790509,51.848333339333536,53.50684032686936,54.631416517343595,55.203760921593094,55.38998270264932,55.59849193869419,55.101614821992,53.83896115711312,53.3119439554908,51.4741659722258,48.75043891264979,44.49169732165201,45.07491558965369,47.24816352686888,48.55034316675884,49.70500293646201,50.08259414991275,49.70853412607623,53.22568657830195,55.97363855191075,57.64840893742412,58.95689891889514,59.815830551585165,60.346144210274524,60.56237658980227,60.47636953053892,59.892366228704184,59.2854434738547,57.974565944026764,56.020469622980684,53.49227002575938,49.462213004339084,44.246366646501976,47.12893713296539,51.832613001007644,55.163185030284524,57.08258540541071,58.58215267272115,59.38444667801203,59.89912788590985,59.9718404517167,59.75718945367262,59.213586805231216,18.129133566428553,56.53216374153581,54.256548411022614,52.20873968249242,51.4207959224067,53.9456549309471,56.701576860573375,58.77977437456573,60.52572753395402,61.81745574907167,62.61624669776346,63.25585440424615,63.47819272461827,63.4756105707065,63.20281332773899,62.60825974934073,61.6870544722649,60.21008098433012,58.347537681863216,55.46153845268457,50.930327474464576,44.2620210284358,48.30357667802825,53.736272634509696,56.82860485817041,58.95043339803718,60.34152195995251,18.325089127062363,6.989700043360188,15.563025007672874,6.020599913279624,20.969100130080562,22.278867046136735,3.0102999566398125,21.702617153949575,22.30448921378274,12.30448921378274,19.912260756924947,55.66961629094513,58.09980338863696,59.88484041307724,61.3597973300676,62.366405326997274,63.2131543591668,63.49355635155898,63.60570126881108,63.410061524443435,62.87139485840521,61.94053717792562,60.666423045281206,58.77643126853641,56.276126378092854,52.23363529753581,46.51636546674227,50.197807304036466,54.65409622200952,57.95271579063166,59.82481995669616,61.095032896698186,62.19061643722491,62.91383948361318,62.84891180233794,62.9011945753428,62.30967976182744,27.958800173440753,60.697202535086845,58.91297665391045,57.00428519124398,52.43162115101051,51.83500456889532,52.703643536504046,55.047698042978396,57.243979465507834,59.478178486571586,60.22108616063179,61.31752716843886,61.73968168612187,61.71529002191815,61.52118263384787,60.689928250695985,59.68466603830386,58.482661127334495,56.00373831161271,52.705041517626896,47.77644277696485,43.14372900009328,47.818199756382526,52.24201453068847,55.08322285408902,57.011403874091556,58.115924309168975,20.681858617461618,18.692317197309762,21.73186268412274,12.041199826559248
13.010299956639813,22.30448921378274,23.010299956639813,20.0,49.26311571512884,52.56055940862104,55.548778522015844,56.959306239378506,58.36370961272941,58.92929538073957,59.495758839376165,59.813818288150735,59.87028205674805,59.20985317370811,59.14453700353838,58.19244432308409,55.84810493310236,53.80735697415691,50.90007494004327,49.05007500697232,43.79939722801916,44.78393320414342,50.33311146023117,53.51796306897023,55.414606703595624,56.84383004751426,58.06015046485353,58.21675949057272,58.38723190031372,58.741546690275015,15.051499783199061,57.50454393956491,55.33874965597874,53.15130317183602,52.12448635508152,47.860980699548506,48.49542252005016,50.604863063151726,52.98403272384158,54.23298313877935,55.898256589950705,56.77601478385799,56.94328741744829,56.81589438116934,56.12259208804991,56.50426039234037,55.11535786344954,51.74914174951254,50.546819847184324,46.137678481464164,37.50431248660202,43.797767299375884,50.63716060094898,53.23330493050036,54.799494166994464,55.172183381185235,56.142727324779926,15.68201724066995,0.0,10.0,3.0102999566398125,13.010299956639813,14.14973347970818,14.62397997898956,6.989700043360188,16.127838567197355,6.989700043360188,22.671717284030137,44.50864692379766,46.10873000380052,46.17524534886292,47.73054693364263,49.10944405749979,50.16803603579608,50.388465876852536,50.5355859221326,50.822286860441935,51.668236721147274,51.24911592354914,51.37967767484903,51.179669354917664,50.69912180231958,50.28774526500088,51.243509557450565,50.93004702438131,51.04685093536468,49.277603342439484,50.18754574114343,50.69020241410887,51.71073790625493,52.948562546435355,53.156030329994124,53.59541428032134,53.51119609737672,11.139433523068368,52.38219284313175,51.663620187090075,49.8525128379102,46.69000576707375,42.14048679411942,28.488047010518038,41.379235120404154,46.181108817371744,50.346003849759654,52.66988581847305,54.00299623239772,54.75806248882378,55.396907050156784,55.609987634889336,55.92826047426307,55.34789893908034,54.544454302275255,53.24589028950554,51.52095621681831,49.08753019184534,46.801722823113025,42.58206126068828,43.591712057167,46.80244837042608,49.72508311261605,50.685198060009114,49.47982370466303,53.080134599279354,55.536075626330856,57.38080209369845,58.84542187646748,59.72567529619471,60.30092681742013,60.47557164404624,60.39397064354765,60.04258159985448,59.21379500258833,57.99443251400899,56.11723308007342,53.8043737786975,50.33524274983268,47.80259690476022,48.9749513368111,52.54407881528334,54.92106360413851,57.07639998225163,58.50598454036258,59.28881089531721,59.862170951288235,60.00972165029432,59.73546237964505,58.79239282004893,21.613680022349747,55.76683352010893,53.468241825579796,50.366288953621606,50.50279195585868,53.01865208906567,56.069238942028996,58.73141498355888,60.47256949932815,61.81280926550859,62.857971173557644,63.30324875941588,63.59846481798826,63.60366551886393,63.25547885340589,62.83585462840051,61.7503754149046,60.62448479258967,58.43677437414783,55.80069222725036,51.63948118963084,46.59459808594025,48.028010815630886,53.231282931251215,56.54807783968603,58.71582858827928,60.09322118167782,17.853298350107668,20.253058652647702,10.0,20.170333392987803,17.16003343634799,12.552725051033061,12.041199826559248,19.084850188786497,14.62397997898956,13.010299956639813,13.979400086720377,55.30312420783697,57.84430413097188,60.22993040440554,61.55935739232375,62.711689745684104,63.18093609244019,63.58269962537473,63.65602159378946,63.565552970873036,62.956590067399965,62.307709462783166,61.0213858706379,58.68142270662092,55.920878900982565,52.213411971931436,48.613910162456165,49.99256720750914,54.4200602002963,57.60106449386618,59.72892161799044,61.219998244923,61.95127194126907,62.919601628489765,62.87932670122923,62.81792377879195,62.118917571102145,35.49616239519085,60.45293633573504,58.55418596071197,56.17943434828973,53.79133216453574,50.30518764843542,52.657726924387084,54.976883088337814,57.367286702596836,59.107465663751,60.42126417483153,61.25713152820591,61.42279314068973,61.50550753490522,61.18583797104044,61.03839625708418,60.01528196182554,58.146430765329626,56.78044676072083,53.64836054097621,49.40859999491757,42.83888937976056,47.580788222496125,52.71360597170653,55.3780902435983,56.92410643892284,58.04331652025962,16.901960800285135,-inf,18.129133566428553,17.634279935629372
12.30448921378274,20.863598306747484,16.989700043360187,6.989700043360188,50.437629803241094,53.156954150850886,55.13873874450411,56.77681761713004,58.227863778530946,59.02260235253132,59.52781791320824,59.718776903326884,59.60063881852926,59.37560015536192,58.60965931597483,57.70407184137214,56.40382044709568,54.480768324111814,51.52196582334209,48.132673293895834,44.08392620133361,47.685641095135736,50.063890176786316,53.52093719939829,55.37296368413766,56.831551478893026,57.921793937023665,58.14328185849648,58.23845112141797,58.13960413498343,16.127838567197355,56.55265245657627,54.761662051605235,52.2803572685363,50.41968730179747,46.029385484146815,48.071018705893316,51.4983777244485,53.68177134956983,55.77014733119085,56.93953707480374,57.46167743519898,57.69265044962224,57.64472039501999,57.175639962773715,55.93734532496328,54.381466362467485,52.96634481485215,48.04228054819467,40.88702960351475,37.3893903120348,45.05706061959786,50.18409207382068,52.59175627306078,54.40014395674283,55.98582608265647,56.52367230212705,19.030899869919434,15.68201724066995,0.0,17.16003343634799,13.010299956639813,20.0,12.041199826559248,6.989700043360188,12.30448921378274,17.24275869600789,15.68201724066995,45.00305100010565,46.814673735337315,48.612296406922525,49.2403621995193,50.01357218787269,49.84225677734983,49.65314612322649,49.67552656091081,49.17804738795767,50.76716884420683,48.67502842822796,49.02943387864306,51.387762157293494,51.4104194093905,50.91121549314842,48.73866760011435,49.255389794581205,49.89307402685287,51.47323799916958,51.791868534933,53.06229819251941,53.61081578407724,53.72337471084134,54.586574862452096,54.62960718438887,53.63568736297368,6.989700043360188,51.690216204224754,51.63048014096093,49.49668061271399,43.440777384681006,40.122042960307425,33.37059726320525,43.591712057167,47.958869660001966,51.412866863709574,53.02566847139712,54.047259845488334,55.28691785437181,55.619179005465746,55.60438698540977,54.33002943386484,53.256900850008535,53.20804501661062,49.36398116288569,46.78927897676684,43.039947700660434,44.775408699374736,46.65215016454227,49.22175106860018,50.5033721420192,51.55351222321339,52.21179420598497,46.58440706411126,50.88635683045857,53.866059653824856,56.2300622428795,57.98524274294698,59.22104964876421,59.99122273077247,60.482852273176555,60.61346908570349,60.650715581426766,59.92707238822804,59.03999423928721,58.13657033478336,56.126736802428155,53.30480738830503,47.949130707727335,41.86193249920351,47.72563729103062,52.268833283909174,55.30583859645118,57.60341799697037,58.86861127529278,59.6541056384946,60.236384190989696,60.3131513140916,59.803620279981345,23.443922736851107,57.88188882936862,56.91951861880092,54.81112840841518,52.07462015482776,52.84065095782665,54.59663837022606,56.91011610199383,59.08466252662257,60.70310554876865,61.83473985298863,62.628543454161935,63.22032714840475,63.446987263488225,63.382183632368196,62.8717535712039,62.125977257281384,61.15851719390527,59.31323594964729,57.11358366745443,53.54156477915428,47.42732984660128,44.044231656375096,51.08541346596978,55.31229764928653,57.802863414459566,59.55988237755026,21.64352855784437,19.294189257142925,12.552725051033061,16.532125137753436,6.020599913279624,20.0,18.129133566428553,18.692317197309762,21.5836249209525,18.06179973983887,19.138138523837167,54.58198044863771,56.929534977449315,58.95345736533807,60.65727566269196,61.87342454311373,62.774432568975975,63.293077564484435,63.487745428769756,63.424623577328404,63.037628630147545,62.28699282443142,61.162835623103604,59.53974129051136,57.10673210956262,53.60688062030678,49.68081157100815,48.4273401894827,53.35227151799523,56.86998030617574,59.26764186660883,60.78086893963467,61.925953275692116,62.61227171888609,62.89020073483047,62.66358955028469,62.25884082855052,31.3640344813399,60.49813218490024,59.59847191205619,57.380738590256655,54.51445618525642,50.09654821838708,50.35257587362345,54.39326376773675,56.72394370582157,58.87582420362716,60.05709754514324,61.1077012386112,61.448060807450716,61.6669439944709,61.31926795041754,60.82286183265782,59.93780443282414,58.559526280412285,56.58359647071811,53.55116139076884,49.11902996044033,44.38653083715711,45.75026109423261,51.54052518393131,54.69910338077624,56.99068143799587,58.085215546293504,21.13943352306837,14.14973347970818,20.374264979406238,21.702617153949575
14.62397997898956,18.129133566428553,15.68201724066995,18.129133566428553,13.010299956639813,14.62397997898956,9.542425094393248,16.127838567197355,0.0,13.979400086720377,19.294189257142925,0.0,16.127838567197355,9.542425094393248,15.051499783199061,14.14973347970818,0.0,6.989700043360188,6.989700043360188,6.989700043360188,-inf,11.139433523068368,16.127838567197355,16.989700043360187,10.0,13.979400086720377,19.030899869919434,12.041199826559248,17.853298350107668,14.14973347970818,3.0102999566398125,15.68201724066995,16.020599913279625,10.0,10.0,18.129133566428553,14.62397997898956,6.989700043360188,11.139433523068368,9.030899869919436,18.129133566428553,14.14973347970818,12.30448921378274,14.62397997898956,13.010299956639813,6.020599913279624,13.010299956639813,0.0,3.0102999566398125,19.54242509439325,6.989700043360188,12.30448921378274,18.692317197309762,11.139433523068368,14.62397997898956,10.0,10.0,6.989700043360188,11.139433523068368,18.06179973983887,14.14973347970818,6.020599913279624,10.0,16.989700043360187,18.633228601204557,9.030899869919436,15.68201724066995,18.06179973983887,36.60865478003869,35.03518312724075,32.02488317060094,25.276299008713387,28.692317197309762,20.863598306747484,25.622928644564745,29.60946195733832,35.212688755983855,35.37693194367391,37.681939616330716,36.652056284346,39.729892268553485,39.52162574214463,38.85643871835764,37.98097932062486,36.62190990859007,38.40168849240756,35.296869537729165,34.87986331129393,32.40798771117331,31.513698502474604,28.603380065709935,28.29946695941636,28.068580295188177,34.62397997898956,12.041199826559248,36.11723308007342,36.43156465619706,36.997510316895145,35.37189226243645,36.03144372620182,34.063698354692676,33.654879848909,31.414497734004673,27.730546933642625,23.979400086720375,23.54108439147401,27.97959643737196,31.740598077250255,33.45569756056392,35.11749711344983,35.565437084835146,34.385423487861104,36.88864568054792,36.60865478003869,37.127338590699516,36.06918525948291,34.75089803389007,34.466924663715275,31.287222843384267,28.692317197309762,30.0,54.87795685405776,57.884087933819444,60.161960983242615,61.968040895058536,63.31191762041427,64.19031683915526,64.93141869927709,65.18547760888768,65.20345427410689,64.77640938923766,64.1513133560784,62.97504234573707,61.24852629191583,58.622059427061124,54.55400705852956,49.22424408872787,51.95038508868177,57.00074312897908,60.20693092768865,62.15754117401903,63.67644547050213,64.58858037147749,64.92854220012613,65.03615432342565,64.69061851012165,64.04198909382868,25.670263661590603,61.33365794748086,59.01177055992136,56.51789559678718,55.59812098870853,57.96621506406771,60.7962002365824,62.99687690649268,64.85497267012282,66.20144907408945,67.04152319243987,67.66273389423675,67.9556533518589,67.97141528665455,67.76817367638623,67.12228753866759,66.2846025067576,64.90138344095189,63.05555139045439,60.19048543536003,55.64457742283114,48.54020467641952,52.67305517444509,58.21556104208141,61.633179433192424,63.78462222647691,65.1799471351398,65.49962679325954,65.57510209474758,23.117538610557542,16.127838567197355,9.030899869919436,19.030899869919434,21.367205671564065,6.989700043360188,9.030899869919436,19.030899869919434,17.16003343634799,17.853298350107668,12.552725051033061,16.532125137753436,19.294189257142925,18.573324964312683,22.671717284030137,19.49390006644913,19.86771734266245,6.020599913279624,21.84691430817599,20.969100130080562,21.613680022349747,24.29752280002408,18.129133566428553,21.613680022349747,16.020599913279625,22.85557309007774,18.06179973983887,19.294189257142925,32.09783014848515,23.384564936046047,37.147487607250596,32.42044239369551,34.81299273332856,34.35366506612661,9.542425094393248,27.634279935629372,34.8925516836926,36.567687792660166,28.727388274726685,40.16113666358908,20.863598306747484,29.041743682841634,30.090257420869104,27.520484478194387,24.377505628203878,24.29752280002408,22.55272505103306,26.283889300503116,16.989700043360187,15.314789170422552,11.139433523068368,12.30448921378274,19.49390006644913,16.532125137753436,16.020599913279625,19.138138523837167,15.051499783199061,20.170333392987803,13.979400086720377,19.294189257142925,11.139433523068368,16.989700043360187,16.989700043360187,21.613680022349747,16.901960800285135,6.989700043360188
16.127838567197355,12.552725051033061,11.139433523068368,17.16003343634799,50.18534070428183,53.16808752053022,55.37771257104432,57.18574757126345,58.13014902864452,59.098351288499906,59.64747877990859,59.789584444940814,59.78513759160266,59.13827622478252,58.871951770412984,57.95969646475732,55.83027517056053,53.87028357182848,50.94610863032137,48.547310172139426,44.723760923511584,46.40570870560806,50.79633400676602,53.704464692298416,55.58589783146558,56.86171343268639,57.92563271966961,57.94260034494108,58.06963710792409,58.455259194404725,19.294189257142925,57.01555033735124,54.15006753953827,51.73666932452848,51.07552520008439,46.21923705295806,48.694781412698546,52.10264999032289,54.083078185237525,55.736338512620875,56.742510474304424,57.4827797868992,57.53286534468741,57.32921830264867,56.953984871204355,56.412608770838304,54.88918582928967,52.15357283023977,49.36719782412613,43.22239974931151,35.28016341189201,44.698808993735355,51.03122678567555,53.292636036367675,54.801967255626856,55.67642650387347,56.39761322649318,13.979400086720377,11.139433523068368,11.139433523068368,10.0,16.532125137753436,17.634279935629372,10.0,3.0102999566398125,15.68201724066995,21.13943352306837,0.0,46.087506105787874,47.750859201018734,48.28692113031896,49.16937982863775,49.520413407932736,49.87710943130306,49.60699043221426,49.50291816651607,48.96421489188604,50.81696475568455,48.48663193962516,48.8821320240173,50.91614206074446,50.610300429567104,50.338739015809,49.77915566734601,50.19901051399265,50.671527204680054,51.083383467497576,51.67465028843088,52.799337342204915,53.592376791197694,53.890827627368985,54.619559907290316,54.81112840841518,53.56769451755194,12.30448921378274,51.84498368141868,51.76149161126549,49.537113804275556,43.4183005692051,40.34106829707643,29.831750720378132,43.67169488534681,48.0520851154057,51.4685022498215,52.88305130120162,54.165489796999545,55.06214052350486,55.47849746959194,55.52552632173086,54.447768552430006,53.52491239988165,53.03103138711308,50.050474572527854,47.351036494490316,44.717169939771594,45.14839840305483,45.36217438060636,47.57099817926543,50.265822884145955,51.95567580659728,52.18876715052757,47.011965606128726,51.065478446669246,53.70559347731661,56.152523068480676,57.89581417187363,59.27448385298757,60.07007396148998,60.496540370229546,60.6431195187621,60.58654121001247,59.929602298933375,59.04642525746908,58.04060338540248,56.132845954709126,53.304990003516735,47.76475989678169,42.91213400273597,47.94027715528888,52.19555711993622,55.45049680487982,57.42256814677843,58.8820758450285,59.61487538412329,60.245862251946754,60.324434767816314,59.85937266778281,19.030899869919434,58.06649301208114,56.87558388796468,54.88939715212123,52.36884759541678,52.46656119378068,54.52099383077264,56.93463127219531,59.13323140270624,60.747323519234975,61.84421687092539,62.69903166904169,63.23723275787054,63.434820532786624,63.423547676480496,62.850786463236155,62.14727844151931,61.15919233551102,59.47661593172202,57.05584922030428,53.29828908628578,47.51286804171849,43.620675857273994,50.77734810861976,55.226267814042444,57.880806546031145,59.62926882643609,16.020599913279625,21.367205671564065,13.979400086720377,16.989700043360187,9.542425094393248,21.702617153949575,20.863598306747484,19.54242509439325,20.0,16.020599913279625,20.170333392987803,54.32849082039786,56.84275200359647,59.20384242178358,60.807797614947944,61.91063218182305,62.76440663398208,63.347232919804675,63.535935142610256,63.46541714592312,63.02473793696955,62.44550479427317,61.28345301690412,59.39242114283534,56.84027148656692,53.31704589534592,49.81519615474483,48.32413101885117,53.166789049781045,57.14559422345693,59.42061654061912,60.864897436075076,62.0331497794793,62.66928690255586,62.42148944946437,62.83570769533087,62.46286305658931,27.307822756663892,61.13569363997806,58.507472933671814,55.5155855802391,54.49512339170552,49.404866012566096,51.09635909131459,54.85213032871343,56.67947673318739,58.78510880555639,60.15979733361617,61.093777194238015,61.34651638604329,61.643962830613,61.43607098789856,61.05679100985283,60.22179601400265,58.32484003926059,56.78501079753949,53.98415734773894,49.47477835338856,44.292515033306934,47.04193429194155,51.623283777193556,54.761067168401915,56.829470128464976,58.147595215904495,12.552725051033061,17.16003343634799,20.827853703164504,21.73186268412274
19.912260756924947,17.24275869600789,11.139433523068368,12.30448921378274,49.61501775163981,52.73533680151297,55.11579917002585,56.76021991315043,58.06139256967569,58.97119384760046,59.47992161466088,59.74252328143785,59.80520578796222,59.44492542367142,59.07850270832948,58.225296228854575,56.506814189058154,54.77944186419907,52.0885234418688,49.62960937017331,45.201952174943216,45.60731359881973,48.635250871723954,52.60607958900626,54.50989241986764,56.296154833578306,57.64340550120468,57.94764011313454,58.098188673385216,58.54636951355255,22.87801729930226,57.47446767573549,55.331935457161464,53.20499396405866,52.504200023088934,47.30782275666389,46.074550232146684,50.15715932006951,52.194404359898584,54.50330723371878,56.04627751698509,57.00638827663826,57.34128273676092,57.48275652587943,57.13279644864102,56.88456308326069,55.693692271695134,53.85236161376873,51.61179267766518,48.32061614590727,40.29424364058016,38.13247300897605,48.106357002755374,51.158932933911046,53.35357590149176,54.62441425175819,55.6757447874767,14.14973347970818,16.127838567197355,6.020599913279624,21.335389083702175,10.0,18.633228601204557,15.314789170422552,19.030899869919434,17.853298350107668,12.041199826559248,17.634279935629372,44.33161555829322,45.33441574084827,46.69177363142873,47.721456056938514,48.568013674194994,49.47198374438063,49.271752460436,49.50973024874478,49.37417581477138,51.010662374919605,49.29071351080371,49.59937690557835,51.82922269048884,51.62041385148267,51.14724379660332,49.20645001406788,49.35915169948879,49.33386041903054,50.03546693102132,50.00941397977936,51.293192306155355,52.097294280162046,52.993002349167845,53.71799078759382,54.35615059104154,54.10549485301887,16.532125137753436,53.57807206621288,53.87421863274571,52.745019144143946,49.49897200545684,48.98571615989261,45.09215967772565,32.17220655644519,34.647875196459374,46.673502044073764,49.80185236947335,52.02488317060094,53.42282499527121,54.58077058410578,55.376906759809536,55.03508776667771,54.77388987107831,55.13634376012212,53.17862845085274,51.79313323312545,49.72244506426335,48.15551185158297,45.396405656694284,43.36779832983642,45.248503032721985,48.096472380365356,50.303770535558,52.90722256397321,55.229265150460584,57.099861257038995,58.47503561341611,59.53241514332874,60.00726401134446,60.1993755600646,60.01437738047558,59.6674275583613,59.06042360197578,57.43829488434176,55.57185873569672,53.4296915309925,49.316815713472224,43.191477162549816,47.011965606128726,51.5511731664473,54.72703804371163,56.815279580225486,58.377178235661106,59.25885785760685,59.97082621585638,60.0732308809194,60.07306006444444,59.42746965530106,58.21881507456535,17.16003343634799,54.78342797976738,53.04598226343637,52.04901010009421,53.59450325662999,55.82637116504583,58.15286128606764,59.943857895345225,61.34668201174644,62.4017994099514,62.92966757553751,63.293612628260185,63.49916354417736,63.27059014376165,62.75811024031622,61.83965581188539,60.363354079421484,59.052182353937006,56.031400404840426,51.94736288728695,44.66289164135866,45.91443057786914,52.13212182451866,56.01417846729725,58.45377139623072,59.868026262801514,60.97945871906981,13.979400086720377,23.117538610557542,6.989700043360188,6.989700043360188,21.13943352306837,12.041199826559248,10.0,17.634279935629372,20.0,17.24275869600789,18.129133566428553,56.755767236029406,58.88087905994355,60.720104364285035,61.86088574401526,62.82112985455966,63.25234799949857,63.541409139364966,63.398416340984376,63.12522834433719,62.46275221160107,61.48332679097091,60.0100856267012,57.56849020066713,54.31881391942893,48.982698110948476,47.73054693364263,52.21896519382077,56.14189329727963,58.65843363714038,60.468902588766,61.48665881999389,62.381595571555735,62.55139783733704,63.06332797201332,62.46039670268462,62.07685251982006,34.34568904034199,60.11523924657067,57.23334972298548,55.671534581412104,53.34793413510716,51.030781511766214,51.83235668346165,55.379424423645645,57.879448004840405,59.53647601273992,60.59930160439378,61.44471147731054,61.63275004477107,61.608771219121635,61.204166354798666,60.9133240443557,59.7945413077081,57.99225411687064,56.205160265593506,53.33636670229217,48.62751357265439,43.74161560604974,47.65295929698056,52.38953908602218,55.126643883323695,57.09873482201068,58.16756180634278,20.374264979406238,14.14973347970818,20.043213737826427,22.04119982655925
20.253058652647702,11.139433523068368,13.979400086720377,12.30448921378274,49.35557645093014,52.868380500590135,55.143059679503274,56.86630013946929,58.138697550806995,58.96727335236686,59.39176673843269,59.59937690557835,59.611789608036176,59.64770957202709,58.64404867644801,57.988715339906385,57.2443726604677,55.581635610364366,53.21445147377749,48.38200311721687,42.99725153975637,43.53531559077762,48.76084990845183,52.08446731337013,54.62141838381035,56.414661781123534,57.22332773107504,58.17251268362017,58.406479967389295,57.825485832246514,10.0,56.43733889801573,56.01743927110074,54.37999339121788,50.36708721569886,49.71299047610037,48.40363331464272,49.58945932493936,52.532240850253615,54.889678899902215,56.17775923334912,57.21986110536365,57.86349584867385,58.014640816731465,57.911746617712296,56.63894006906787,55.65192342102974,54.823389581755315,51.596062900074394,48.29567486433636,43.56885941165974,41.6010822041095,44.58002937560279,49.322149373485374,52.41160324769676,54.725121813819854,55.6161292932963,13.979400086720377,12.041199826559248,9.030899869919436,13.979400086720377,15.314789170422552,13.979400086720377,11.139433523068368,12.041199826559248,3.0102999566398125,6.989700043360188,10.0,47.15309589010182,47.02102968689929,48.4491187391214,49.134959596171235,49.022749204745026,49.22253029113159,49.505254941464145,49.89449817666692,50.1392370896052,49.12992153036452,50.524207390203166,50.54007530962348,48.799097770925506,49.003124969837266,49.37903871429591,49.20217274069266,48.85813374660489,48.91186088969528,50.56313961432552,51.099765521114115,51.96728722623287,52.814560869706455,53.23384122130609,54.094597040874476,54.42863722568753,54.9187833693772,16.127838567197355,54.77483016074943,53.54079613335788,52.28610781403253,51.56827688856039,47.95101063481204,43.91993072259713,38.03525395576533,39.25569909543376,43.82251246146584,48.26398782187618,51.02725195760477,52.82617581873916,53.93394428957834,54.54814382133351,55.056016810293116,55.045632846619526,54.14313052733486,53.862491967089234,52.245978005479074,50.02122846225162,46.58135463071869,43.52201819659416,44.86090278185373,46.49743643131735,47.70623763047193,49.64000202059077,52.23527090674808,54.91777576777386,57.0083606163086,58.36405775650285,59.28481883207891,59.780750130346654,60.05783042708799,59.91685387189129,59.51875438639178,58.542872118419126,57.419784142159706,55.40070322679447,52.12605711260012,46.98570269506439,38.67820908045573,45.98045989241762,52.034598965316576,55.145610336340305,57.26617195553252,58.737819762269396,59.724551003810866,60.259420911120294,60.469826427582134,60.283605606370315,59.84291875430205,59.058627727511414,20.5307844348342,56.11383384708976,54.244651020087396,53.04630530707381,53.54081535116087,55.94989984842954,58.129908545892455,59.77579121198286,61.187159858277596,62.044716187928486,62.72590177071908,63.104046070143085,63.21108148702522,62.97486720836835,62.38739667085735,61.54786900137137,60.23743284842073,58.276690395743174,55.634205647335094,51.19113961357432,43.0425349686627,46.06392114840978,52.8347536397098,56.54446086717337,58.77998143590634,60.19794008839503,61.30228238200389,16.532125137753436,18.633228601204557,18.06179973983887,11.139433523068368,16.989700043360187,20.863598306747484,15.68201724066995,22.04119982655925,18.129133566428553,6.989700043360188,12.30448921378274,56.86104245546031,58.88846996389758,60.4882232426985,61.675701564347925,62.54256274347513,63.10757018352604,63.37696610737824,63.358464855500536,62.97138707824598,62.37865820953197,61.21694083788797,59.62837477205683,57.6903004711708,54.56444988584565,49.66845423654917,47.27297202803587,52.83305752580841,56.49900241864198,58.80059780395413,60.54477076886366,61.790833507861905,62.636997288897604,62.760261423204255,62.85907528644551,62.75509449014113,62.37044817265346,34.35366506612661,59.6983183434198,58.21726365694944,55.51651239513238,52.58735430804552,51.83053354450681,52.594314061181386,55.11835251848631,57.669070962969585,59.35580313857244,60.51816388840148,61.30764953560551,61.79403841590215,61.76345970443694,61.449902460648154,60.606071955245554,59.56530511840018,58.390837980890986,55.749313506493365,52.40274607478889,46.937709036306224,43.09672743229267,47.86502980070112,52.43248940507922,55.22183317618686,57.269096884406125,58.259451432038475,20.681858617461618,18.06179973983887,19.49390006644913,13.010299956639813
6.020599913279624,13.010299956639813,9.542425094393248,13.010299956639813,49.11349401983219,52.830048120648634,55.58276460571353,57.23121407601021,58.2527678308126,59.11373370184266,59.46870636846553,59.74954051676589,59.70473798146113,59.145129272562976,58.83056976362223,57.8206035044592,56.32191977699887,54.29954042831544,51.57940055964767,46.95849270237379,41.410419409390485,44.82029890469332,51.14694366104735,53.50015298234692,55.769698733932636,57.127456398106645,57.6549942260612,58.3013232358067,58.32215025848477,58.027135354292625,11.139433523068368,56.20864475265121,55.04978941192512,53.13200509575274,49.16522377440696,48.8516325425637,50.07209909656733,51.71343169572899,54.593261321444245,55.51257206512783,56.57180192506787,57.44488567220512,57.734836493557964,57.5756910468906,57.06725461346153,56.20216241036199,54.9216369717264,51.87548920861271,50.00043427276863,45.705079147210334,42.79963367458737,47.65377934647205,50.69701389079605,53.262805463166075,54.94027906318366,55.55231127003191,56.26750853683393,20.681858617461618,12.30448921378274,6.989700043360188,20.0,15.314789170422552,15.563025007672874,6.020599913279624,11.139433523068368,15.314789170422552,3.0102999566398125,19.49390006644913,47.19016226350365,48.00510876894368,48.116956264745916,49.35557645093014,49.207336238909036,49.96975489061046,50.096378316588684,50.488960601246944,50.65822373848283,49.289383813490076,51.105661432925935,50.84207954453043,48.406141476488344,48.30800311610966,48.84330811177464,50.486010415609435,50.661394928707,51.08328194266184,51.0331101318382,52.19820207147237,52.528772925637604,53.158549378706674,53.92475353799451,53.87631824679631,53.91367420918055,54.50287607896701,16.127838567197355,53.1626397191069,50.197807304036466,47.860767484351115,45.89826775750555,32.44029589030021,37.49504423876142,44.813279481525754,48.888363378859395,51.0726764555379,52.84859176733764,54.38728999923583,54.58320509318077,54.93039588317651,54.8006733732797,55.13835297515074,54.551814982077566,51.946946823339985,51.634297433014716,49.106884239270144,46.430280448091274,43.433101031623416,46.50899780484342,48.77371345869774,50.797960611723596,51.606845741445596,52.22334019631703,46.11308991008313,50.74304344001435,54.02584618027841,56.31159558151505,57.94444127018957,59.2102647075062,60.0108438129222,60.54017118608453,60.75351667448948,60.413176641775344,60.20141178819088,59.22852562627081,57.640303464369794,55.65644785757543,52.71146644105044,48.60367956881816,42.70376005212022,47.522021531765205,52.56833157745879,55.3870063581621,57.52578501556027,58.81093507707397,59.6722775320663,60.085086196483815,60.163195078043714,60.10877218413418,9.030899869919436,58.32054581942441,56.52990484294446,54.49771429797611,52.38046103128795,52.063319562031595,54.518294024640994,56.9837287339492,59.045510988030394,60.72559419764587,61.77876011443953,62.679935276065066,63.10745339617127,63.31785113013825,63.3190040958831,62.96556822462531,62.31323016798414,60.99769700320764,59.524630871434745,57.15934018021169,53.76445553974804,48.04718559863012,43.474666258006216,50.53293615754751,55.154101722921574,57.86422028242541,59.68500226592848,20.043213737826427,12.041199826559248,23.26335860928751,18.692317197309762,13.979400086720377,16.989700043360187,13.010299956639813,12.30448921378274,10.0,16.989700043360187,19.294189257142925,53.93752394361024,56.77286588027081,59.14087054181263,60.78158727407721,61.838623580723755,62.844372764134064,63.33594365581008,63.55122082366506,63.46541714592312,62.947536031439654,62.46013051883256,61.300985423845056,59.466747593678626,57.04391629243468,53.820188446229224,48.15929556976718,47.57099817926543,53.12949172576089,57.261050625063874,59.28040281772947,60.90574750140889,61.96341191121768,62.667179471229645,62.85137888607373,62.38539111433954,61.99883746675173,42.178259808998526,60.8680457672683,59.02675580978532,56.53259801044446,54.28473346911393,51.965961777003926,52.0811067227439,54.35724950425676,57.00068248173497,58.67850346749662,59.93050264450076,61.104674846543446,61.46267607903087,61.63402913930406,61.56284072074014,60.870918184124214,60.06644857740426,58.469923898235024,56.79649530119643,53.901381698039444,49.20050241743213,41.80125875164053,47.92622784742922,52.202990309814545,55.1420895053254,56.82676558619662,58.05642201747289,10.0,-inf,23.05351369446624,3.0102999566398125
12.30448921378274,19.138138523837167,13.979400086720377,3.0102999566398125,49.13670829433385,52.74988681770685,55.62694846950507,57.21422296116244,58.241342983442046,59.050161482350404,59.592002863960644,59.81906000707487,59.87428946630352,59.048723605500456,59.0317303787012,58.026506007431955,55.810811112382844,53.80826056836341,50.973996210965666,48.31204071017892,43.69085920821508,45.39991419593507,51.141103565318915,53.78879174089522,55.56443623542697,56.78700434998304,57.73175517347396,57.948016292743525,57.9615926575817,58.43486924880978,21.13943352306837,56.68453944617521,53.955447961324914,51.67403003440829,49.89543252124616,48.21500427317821,50.13347115869553,52.58206126068828,54.631416517343595,55.9717393920894,56.95153204661679,57.7541673786797,57.808535471030034,57.65515071958102,57.037770003356236,56.866166093963216,55.45089295956929,52.020439869494965,51.09463799715787,46.56366557176362,41.46252102092995,46.115640020881244,50.93876755390045,53.29914250472367,54.80550190181784,55.079057722321295,56.0886178668279,20.827853703164504,11.139433523068368,20.374264979406238,20.969100130080562,11.139433523068368,13.010299956639813,9.542425094393248,18.06179973983887,11.139433523068368,12.041199826559248,11.139433523068368,48.73308973962765,49.09454396720206,48.45501126343464,49.322961546858764,49.5933241526821,50.005425290922936,49.53894934805404,49.17132496831116,49.35225033871845,49.43692327106017,49.28651846653694,49.31549398522175,48.29361674901893,48.02212541654175,47.7490364408292,50.25772685707587,50.596883495196636,51.421296878488725,50.783190400212945,52.186457715571855,52.83559014529583,53.57404989407688,54.45369091376403,54.60897842756548,54.72231176507519,54.938900392530066,13.979400086720377,53.52462306633079,51.35097651876403,49.32250471802527,46.36096554156757,39.28395852256714,26.483600109809316,43.35618349377605,47.52770390463606,50.75349841857633,52.51871727803473,53.77553932313228,54.4126769896802,54.80817253061133,54.61858538808528,54.4640201149604,53.62235474937152,51.772160715348186,50.64925727001699,48.07927204214552,45.4906459872272,43.891660843645326,45.675086476987985,48.86248129341082,50.83860800866573,52.26983770394657,52.65065583413968,47.41828916607694,51.04230965930802,53.73369978893889,56.13090932034561,57.75889937402576,59.05334365940056,59.92398416524864,60.32039853036093,60.55275862490739,60.21891873919109,59.77895917437253,58.85430204040469,57.43505061152614,55.348304563520124,51.94197871518643,46.23600719895257,39.87889609997745,47.7340608801514,52.88231334596602,55.92426599221743,57.96752593237591,59.22394292479904,60.08774280428835,60.553114234622136,60.69270243038382,60.52549666031308,22.671717284030137,58.978930839051245,57.39158420456733,55.46505648166498,53.720646707181324,52.887878459622925,54.27576983335683,56.803581795496854,58.70434339944481,60.58875650858562,61.55647220948601,62.46148837873405,62.95527736805357,63.12893182764344,63.1352407653113,62.619163173530964,61.95771834843663,60.81865918719245,59.08274790921971,56.515590511717086,52.63572162246048,46.41870545476313,43.18063334962762,51.06700732362354,55.64577302903842,58.35751431855978,60.035023223257284,17.853298350107668,24.345689040341988,9.030899869919436,19.49390006644913,20.969100130080562,23.59835482339888,22.09515014542631,21.702617153949575,12.30448921378274,21.13943352306837,18.129133566428553,53.949154977330835,56.50273516639793,59.04764218146842,60.654878422062936,61.85032204062823,62.651887031482616,63.2289750513202,63.46290368932021,63.360212153351895,62.77891471269921,62.310309966730564,61.153255476479,58.950781786770214,56.573809736945506,53.028177756354424,48.352909635809,47.939579258033845,53.29682569297099,57.291080684259406,59.437882331020894,61.058088085575065,62.26317586486924,62.407151969355034,62.94194982991718,62.75855666962147,62.74905670008061,38.17234730425498,61.070528487722456,59.327831400109005,57.19894509871709,53.91711200121372,52.319408398230905,51.44885418287142,54.4281985934457,56.886226826944224,58.66727319388994,60.115501450361286,61.044273575679725,61.33534437668716,61.60024705765164,61.32361205210362,60.9822549443344,60.33875910115927,58.250007033708016,57.07251576643791,54.08010882423134,49.42806420595886,42.39799818447098,47.61303749356564,52.31877187346478,55.337873054365055,56.69339199195115,57.99012981697985,15.68201724066995,26.483600109809316,13.010299956639813,14.14973347970818
15.051499783199061,0.0,6.020599913279624,6.989700043360188,3.0102999566398125,6.020599913279624,0.0,6.989700043360188,6.989700043360188,9.030899869919436,14.14973347970818,13.010299956639813,13.010299956639813,16.532125137753436,15.68201724066995,15.68201724066995,15.68201724066995,15.68201724066995,16.127838567197355,-inf,11.139433523068368,13.979400086720377,11.139433523068368,13.010299956639813,10.0,20.0,20.644579892269185,6.989700043360188,14.62397997898956,11.139433523068368,3.0102999566398125,0.0,17.24275869600789,10.0,13.010299956639813,11.139433523068368,11.139433523068368,6.989700043360188,12.041199826559248,6.020599913279624,10.0,13.979400086720377,9.030899869919436,0.0,12.041199826559248,13.010299956639813,20.5307844348342,6.989700043360188,6.989700043360188,9.030899869919436,0.0,13.010299956639813,14.62397997898956,6.989700043360188,10.0,17.24275869600789,10.0,18.325089127062363,16.532125137753436,3.0102999566398125,15.051499783199061,6.989700043360188,13.979400086720377,0.0,19.49390006644913,12.041199826559248,10.0,22.278867046136735,35.986810989071635,33.9950066131461,30.530784434834196,28.721562727482926,24.232458739368077,17.634279935629372,24.29752280002408,29.938769149412114,33.08777773664721,31.94514341882467,38.61653870213911,37.744439689249646,39.2453771777549,37.74954689080138,37.876729646874935,37.92951708250132,36.12783856719736,36.650178254124725,35.33772058384718,32.00029266553771,30.0774777800074,24.84299839346786,25.276299008713387,32.61262868792493,32.347702951609165,33.38456493604605,20.043213737826427,35.87261849692534,36.776981814745106,36.15107987443194,35.018804937550584,36.13313161455459,35.269850685599955,32.38547887681328,32.48708735600918,24.653828514484182,22.87801729930226,21.84691430817599,25.888317255942074,28.943160626844385,31.809855807867304,33.58886204405869,33.4183005692051,32.889196056617266,36.428600525844914,35.826314394896364,34.79431337197737,36.326597132939135,32.78296208091274,31.51676230847048,28.603380065709935,32.265999052073575,28.29946695941636,54.96294339136455,57.7606525429141,60.05993409689118,61.87444007503737,63.255489114789356,64.17825793598378,64.83643345152197,65.1296720908744,65.0669886577599,64.65973358024144,63.90812392749652,62.69406926066366,60.83915576518248,57.97151852092413,53.185349564499134,45.35256133441416,51.58220720064185,57.173151014076986,60.438984283564096,62.52810569946522,63.97441152208384,64.85661387506292,65.30890432691785,65.37719636543326,65.07232035942748,64.4876380988884,28.23474229170301,62.08107175893487,59.94880885447007,57.79608755214551,56.71676295349404,58.159773278703,60.677476343219666,62.92148370698034,64.63929551758825,65.93782562817746,66.8708820072117,67.47172452672622,67.7739840018435,67.7962938673684,67.52712065204685,66.92841633713846,65.98766986399873,64.61782061219753,62.610748321237004,59.57360622032049,54.487063199050795,45.543316466938286,52.954901295630435,58.77152415493926,62.0582125193625,64.09571511387935,65.3293837388969,65.84960156453636,65.84103273049281,21.613680022349747,22.50420002308894,6.989700043360188,16.989700043360187,17.634279935629372,20.253058652647702,16.989700043360187,19.912260756924947,17.24275869600789,3.0102999566398125,19.030899869919434,11.139433523068368,21.73186268412274,0.0,18.573324964312683,16.532125137753436,20.5307844348342,17.16003343634799,18.692317197309762,19.138138523837167,22.30448921378274,21.84691430817599,16.532125137753436,19.138138523837167,21.613680022349747,25.68201724066995,20.170333392987803,17.634279935629372,30.530784434834196,29.036325160842374,32.41795431295199,30.15778756389041,38.206611346435956,31.15943176939055,28.40106094456758,19.49390006644913,39.185545305502735,34.385423487861104,35.461723683169424,18.325089127062363,18.325089127062363,35.45183368215406,25.563025007672874,26.127838567197355,26.9284691927723,26.9284691927723,21.13943352306837,20.681858617461618,26.283889300503116,13.979400086720377,19.86771734266245,6.989700043360188,23.117538610557542,6.989700043360188,6.020599913279624,12.041199826559248,9.542425094393248,18.633228601204557,17.634279935629372,16.020599913279625,9.030899869919436,9.542425094393248,21.613680022349747,11.139433523068368,12.041199826559248,12.041199826559248
19.030899869919434,14.62397997898956,3.0102999566398125,6.020599913279624,50.32538179260007,53.288951494493205,55.121532078515905,56.89973557898167,58.20791068820072,59.052182353937006,59.395292362850576,59.64569797120107,59.48211422031115,59.581169367710494,58.57691847041686,57.51674716938315,57.092266990192385,55.22179402686841,52.66325791475637,47.03291378118662,42.751961417856236,45.748411950633844,49.558656639862875,52.921231037128685,55.135798051171356,56.83310058138615,57.59796225820178,58.40286803691531,58.531260748344465,58.041898811973425,13.979400086720377,56.388774524964205,55.83517290948386,53.994954684440046,50.48694226970416,48.63733163764354,47.81898919351149,50.03615609590855,52.61976191397813,55.10996495324946,56.39136721480434,57.21925972238793,57.6162793645581,57.84247021803579,57.52484828977362,55.84469181429658,54.285899164761,53.77439215179929,48.393837619270926,42.99725153975637,39.742813588778304,44.712036694702526,48.03163389570672,51.28425118810484,53.67283221873799,55.86165181377317,56.564939678137165,18.692317197309762,16.532125137753436,9.542425094393248,16.532125137753436,16.989700043360187,14.62397997898956,20.043213737826427,9.030899869919436,17.634279935629372,17.853298350107668,24.16640507338281,43.782706830963576,45.04130905935453,48.1308036086791,48.822398480188234,49.53624406532067,49.673841489125614,50.026022977410165,50.43951418263276,50.78909727137935,50.541609079065715,50.740297579218314,50.68471585472224,51.15943176939055,51.242955046659475,51.401968233498806,49.30954122514958,49.066043717249805,48.91765973585179,51.22232266434633,51.46329625607937,52.268833283909174,53.04372028490833,53.079664470282744,54.07990513650552,54.09677879208391,54.10257455660077,16.532125137753436,53.202127758699625,52.18569638266121,50.62675977190742,47.8994716973751,43.620675857273994,35.39201599294128,37.049222912234015,45.88876495913499,49.35572757733971,51.571181463718304,53.43861363288639,54.59865731445178,55.299446835177044,55.712195383681625,55.305019337136294,54.85694459647124,54.33689845991698,52.6036241093219,50.776040681856216,48.09815502709934,43.9747071716853,45.88125983603135,46.85607399946172,48.58928007014538,49.33066962810234,50.71797348435851,49.716700611256044,53.24580801611649,55.81249720182227,57.594865361084125,58.94509347185128,59.77942982873191,60.25625732337985,60.56331509100499,60.415134811859765,60.022213713624225,59.16778626785778,57.76210691768395,56.28066921851822,53.615956393182344,49.82415973744759,43.747116951402646,47.02465002893852,51.734543406423484,55.05258538370941,57.0808506323317,58.47664566856488,59.40602638021298,59.84291875430205,60.08702346678729,59.75156898131429,59.20503689337856,15.68201724066995,56.45210966112556,54.6831483096964,52.28341319388281,50.973336777076355,53.94992460913813,56.506814189058154,58.68546284978592,60.51913511350919,61.61241289568163,62.50832142461181,63.0987641069908,63.51077232757546,63.56494909693023,63.210092378383784,62.62736965484226,61.67228989674621,60.22801464922789,58.12813123273506,55.36690983160405,50.66761864900116,44.08663874063811,48.50976883640715,53.82510524292087,56.94047716035192,58.763708562356875,60.25216129115729,0.0,22.380461031287954,13.010299956639813,20.969100130080562,13.979400086720377,13.979400086720377,21.072099696478684,20.644579892269185,22.278867046136735,10.0,19.54242509439325,55.8744379736283,58.1838427001463,59.89348796853476,61.29856103677666,62.3653852104163,63.11289659442737,63.483360220725615,63.59905456904893,63.39536105570234,62.86766248786745,61.900640342652196,60.50105093217994,59.02205841218583,56.38089721984506,52.105566074107045,48.37291653120773,49.39169679625177,55.22235513337986,57.429959900352266,59.608991525364694,60.90430889612026,62.29049262001443,62.256731094232336,62.9641616724586,62.6110720879522,61.905389892831934,32.97760511099134,60.662263803693925,59.11030765572167,56.22741282467245,53.10244982550634,50.152339762467086,51.073185296989024,54.35724950425676,57.37279333865939,58.91165444189075,60.33656925103955,61.23224236562195,61.720845623595565,61.826020833859154,61.593581161387156,60.74628132437222,59.70363615309373,58.6348940688741,55.961009469830174,52.890379319960985,47.66234333244611,43.371996053735806,47.175040747642015,51.85360806841445,54.92264367799818,57.07154416943841,58.29771915067567,14.14973347970818,14.14973347970818,17.16003343634799,12.30448921378274
10.0,6.020599913279624,12.30448921378274,12.30448921378274,48.87313412927191,52.42859330760674,55.40344493360533,56.91722289002061,58.096647406003555,58.78701565396429,59.41150530094782,59.78465386429677,59.717604476459556,59.19538827942851,59.02447842393706,58.23725212752653,56.51929935582053,54.80087466918691,52.29000563791334,49.51929776148323,44.10743500456932,42.63351968393565,49.640992747289296,52.345603058932696,54.857271034965265,56.33893452160266,57.34076202734687,58.043371038260254,58.26561976293911,58.167641276743545,23.384564936046047,57.01747536905093,55.81544628412342,54.11506909416194,51.50452480839567,49.699793839167754,49.303835202629756,50.45749238887127,53.04501298832427,54.10623727424645,55.72435928047337,56.851368871382675,57.27942021834263,57.37257861520875,56.97679972838861,56.795414524976934,55.87015762158477,53.273916329751536,52.12853189947111,48.69349080759093,44.16057729263038,42.98983999733384,47.59123691710585,51.174635361549036,53.52452661753016,54.182565334752695,55.42847825523904,20.827853703164504,9.542425094393248,14.62397997898956,10.0,6.989700043360188,6.989700043360188,16.020599913279625,10.0,15.314789170422552,13.979400086720377,16.127838567197355,47.28158914616567,47.430156109169346,46.15371307939895,47.36268984260046,48.31312957688113,49.07223197408704,49.27185517544893,50.00772356983819,50.222344832713894,49.882244123902,51.118973563762395,51.21182175370243,49.239327462890984,49.28605778796934,48.86456882725468,51.35628704522542,50.931449093729185,50.8839481567673,49.019212493762616,50.57643285736917,50.91121549314842,51.774932126083414,53.030772043602255,53.36133390065583,53.8357302666439,54.69271069588366,19.54242509439325,54.388728879837544,52.78252730703507,51.607835579586386,51.048420497701954,47.04973694117183,41.79580513395409,29.661417327390325,39.54290761701127,45.04294118294733,49.001485607193445,51.57033449661202,53.18624631777532,54.187337128393374,54.7550847897906,55.4669685999383,55.448478330901295,54.20703148348274,54.33028581645536,53.05791890352717,51.28722284338427,48.62113482193648,43.800845540115304,43.43625194624512,45.30417431407058,48.37367447326565,48.72797039989599,52.485862438551045,55.087451294695484,57.0218919468777,58.40011945275069,59.30872653792662,59.92732412075853,60.229695615340766,60.15497232286671,59.77231888535506,58.731170694330494,57.73266296283539,56.11622421043779,53.050868422617356,48.799097770925506,43.6969813894988,46.0147329767001,51.20554190098916,54.44310290512257,56.84767289296944,58.1530805671461,59.13839803351791,59.70473798146113,59.940904859726444,59.700212658283654,59.16568692417228,58.44969593939146,17.16003343634799,55.28202997484084,52.7173011556843,52.32269138416602,53.50218935140614,55.7612587748303,58.094984377577234,59.95173456504382,61.24903123000606,62.30870238063612,62.91864586770831,63.286771868812146,63.267529520232586,63.097206360194775,62.63369966919406,61.83311135293481,60.635142460299846,58.66151416141621,56.24934594512453,52.217088842736544,45.65965817446667,46.28562613108777,52.13623993416087,55.73006282277646,58.18353259183607,59.80141596205182,60.93049573582198,21.072099696478684,14.14973347970818,19.138138523837167,18.325089127062363,11.139433523068368,17.16003343634799,3.0102999566398125,13.979400086720377,16.127838567197355,10.0,20.043213737826427,56.65560354504767,58.88584384450144,60.68467875979013,61.85476991628807,62.64567795695133,63.160752348383966,63.38529998697502,63.385907455496636,63.0670202979572,62.259963708534116,61.468152280457595,59.92151288919686,57.471203676684155,54.26987585388859,50.250476701108724,47.843890319446686,52.15864827914206,55.83980480456036,58.72595591465235,60.341261009220524,61.584016974663164,62.24507164727078,62.7013358833716,62.761772365884994,62.58145010913077,61.9363765353452,32.00029266553771,60.34238900669994,57.980737347840346,55.74450304445052,54.08850262912029,50.83853640140072,54.015418358400076,55.22179402686841,57.81366129842068,59.348376744153015,60.431126343419706,61.23896374260201,61.44077364594211,61.439913327873874,61.238111484660855,60.79311876656228,59.86571554496115,58.09566447830854,56.25215701604595,53.2383146058677,48.39157393303836,42.19584526214255,49.0074935806108,52.97561368229883,55.53432728326672,56.83836519935512,58.01335095674546,21.13943352306837,20.644579892269185,6.989700043360188,15.314789170422552
0.0,19.86771734266245,19.49390006644913,18.129133566428553,49.609699529878455,52.65065583413968,55.36300819448086,56.939176801174796,58.1398174214069,58.86820550899884,59.53737469200092,59.769842184711386,59.75068595673526,59.08819993428155,59.133613148780846,58.105120974969026,55.87652606283976,53.96412081838838,51.29267635230142,49.96025445560402,46.00373831161271,45.978815854686836,50.292092130486395,53.00336742949217,55.04294118294733,56.235077221115084,57.600611750861,57.69823946963705,57.7677743301457,58.23813837231414,10.0,56.85069629391148,54.307198878632825,52.077528196603325,51.01269224661556,47.49566273768639,49.34841711190877,51.973935978497096,54.24007270016892,55.30743826674037,56.8086559119265,57.62648559617997,57.755332655992014,57.539276003484254,57.20163439524184,57.11317845065442,56.037699124529176,53.0592288596722,52.144862023193014,48.15006281903948,42.401497133124685,42.597133053907314,49.02405433955809,52.22958256446049,53.89245845413989,54.4241861860504,55.480809410935706,15.68201724066995,12.041199826559248,15.314789170422552,19.138138523837167,12.552725051033061,14.14973347970818,18.129133566428553,13.010299956639813,11.139433523068368,18.129133566428553,0.0,48.54433578095548,48.84143716693356,48.32923848853976,49.22891464773208,49.4647682848594,49.8831811082659,49.65690771440101,49.09839404843442,48.90096713962289,49.76886210168162,48.50572723548862,48.560034539972214,49.15969374163233,48.76818045679971,48.47202363980924,49.49077592652911,49.66047821076454,50.75875295259833,49.76464613947031,51.15187659147906,52.232180905371315,53.11391444727407,54.225586535649,54.599139311588225,54.82830723485827,54.89297399166685,20.5307844348342,53.87932355431023,53.43388897462354,51.957502515424984,49.43158029952012,46.36818756847542,41.00818395731537,33.04705898212765,41.51093922785061,47.70299591196362,50.60807344286089,52.5336950992146,53.55369136209305,54.286158165752944,54.54797618390274,54.41742253643248,53.918169236132485,53.162325214273935,51.534245859217656,49.64561315256975,46.69447056402543,44.950445420386785,42.05258512004059,45.01620605079214,47.97634492739563,50.821963405115376,51.60495542375345,50.282213990298885,53.118724813960874,55.32970835487072,57.19385156049786,58.43103779088236,59.299525245205345,59.79941974830411,59.90603436253801,59.71461868815968,59.36719782412613,58.4067056133341,56.97391518848465,54.95116770272996,51.57713581756067,45.44923382058467,38.87617300335736,47.6120591918201,52.77957426972286,55.74370463987489,57.76214327081368,59.073350300368745,59.907755939803664,60.5100464413016,60.77049790753811,60.56503133685801,59.93873831703722,20.253058652647702,57.72357651906988,56.41907197432925,54.72314618807939,53.613972687887454,54.202479320181006,56.22058519778419,58.16895894891743,59.845246130588265,61.15699025513568,62.0705375340293,62.70499259588631,62.92302157305141,62.839153662025964,62.47454747937969,61.88851175273633,60.86139423702596,59.51435636889642,56.99311225716352,53.84885425996748,47.712713817327284,42.34719704621875,49.17699769556032,54.442400283250066,57.499619046359,59.45606926757045,60.71920650434826,10.0,14.14973347970818,24.712917110589387,21.13943352306837,3.0102999566398125,21.64352855784437,10.0,19.54242509439325,0.0,17.24275869600789,21.702617153949575,55.25316966044274,57.45855195173729,59.77051986979024,61.04359399032837,62.1109757058573,62.71719197205837,63.16155772688318,63.24055986814951,63.04697500766784,62.40447901079189,61.719968895671244,60.26806502171447,57.824934067382834,54.94155985985706,50.341188743168594,47.860838557246666,50.39513261850213,55.221950622024806,58.2473095019008,59.996637259161425,61.395497789536776,62.18830011389083,62.61711209948413,62.7539728335696,62.742705663942004,62.48702121929008,31.922886125681202,60.417971802240515,58.570796876027885,56.12628118338528,54.4070762341292,50.950995796456134,52.2611766089695,54.806176893201496,57.34128273676092,58.926293464154526,60.26523459080934,61.083464685657404,61.365065372174854,61.343075038898256,61.0102941439912,60.9224469470794,60.02426992178371,57.98154617550327,56.60708041427404,53.87517959904777,49.32580295817209,43.2701135975241,48.005040018283644,52.66629108343623,54.97067936398505,56.7527687277168,57.90573659337278,24.424797690644485,13.010299956639813,12.552725051033061,20.170333392987803
13.979400086720377,19.54242509439325,6.989700043360188,6.989700043360188,49.682260317537924,52.9939833006815,55.51631729264354,57.261377004600156,58.15782230300832,58.99191030527895,59.56786763639772,59.74508929455058,59.749499109663574,58.979112138340795,58.97996908708696,58.043371038260254,55.501451562845304,53.660510793376744,50.5009348391149,48.50780974203508,43.99500661314611,46.339529790384375,51.169595526406994,53.89254706848648,55.701411484287775,56.92530553123838,57.878662404308116,58.061182183466975,58.066262536217586,58.636868010417665,17.634279935629372,57.18277425409748,54.334321847083295,52.35702634757387,51.16375261179705,47.71859289136792,49.50973024874478,51.986708302332296,53.94255503532955,55.11033986331604,56.44684718395879,57.23981596870745,57.179117107184894,56.86479859342494,56.27537901456283,56.03712590770457,54.87134131536432,50.46046200405754,49.20874340088622,42.80122896302308,34.772659954248525,46.08408351641706,51.832128832942516,53.916636161520216,55.209091030657845,55.67529808767059,56.59049598009609,13.010299956639813,18.129133566428553,11.139433523068368,3.0102999566398125,13.979400086720377,6.020599913279624,17.634279935629372,12.30448921378274,15.563025007672874,3.0102999566398125,9.030899869919436,46.30315981471349,47.52401888848226,47.098802585760104,48.676442339030984,49.57549824231347,50.10299956639812,49.87313145438823,50.08463901135791,50.278916277678185,51.22245376518838,50.423155667024695,50.747323519234975,51.01973782451714,50.9377178149873,50.1820518717216,51.10000151133113,51.184895880858335,51.12085279843528,50.369201900874366,51.31390872653946,51.71343169572899,52.75138523943827,53.336185401702956,53.80171429559347,53.9179049515303,53.44443364148307,18.325089127062363,51.61296113060771,50.672643289085926,48.38609848181629,42.511026254141385,36.45422269349092,34.66125870418199,45.142023047108005,48.76200514668308,51.78919421035466,53.32280873330318,54.6729429400545,55.167376009477394,55.53613632004548,55.554765563557716,55.04265560559255,54.42926376633659,53.01073422940844,51.357367435094744,49.01158516602071,46.321940036153364,45.23850476986149,44.2561572457693,47.34519807346076,49.51769655060065,51.301567976540184,51.46977181342489,45.987905067631154,50.62062776687373,53.52230770373165,56.15984751766228,57.76436750337539,59.14726500064636,59.990417585915274,60.487773004344575,60.60572443323263,60.51116233214566,59.99263681309495,59.172848928465854,58.06798403094433,56.25297013679663,53.729156834162225,50.087449124671075,46.834973176798115,48.85202854631204,52.53505195903933,55.29672844744857,57.22747416487905,58.57788266399886,59.308191816370126,59.88823287742699,59.94292951188328,59.57412361454293,12.30448921378274,57.6074280823945,55.97785106281342,53.902018371589904,51.203534378919215,51.49665498063024,54.276629718019294,56.84691895779723,58.99072697440117,60.7811229098334,61.81807299981931,62.71081507027925,63.23621866707266,63.49590844845686,63.4524685490398,62.96963610331364,62.376887300920686,61.29902798944559,59.655257717404886,57.42495750687639,54.12435345858425,49.74810944240687,45.655172514446704,50.10274508951967,54.62389012402929,57.50949407880243,59.37540458696261,13.010299956639813,20.681858617461618,18.129133566428553,18.633228601204557,12.041199826559248,23.59835482339888,21.072099696478684,16.989700043360187,14.14973347970818,21.73186268412274,23.180633349627616,54.19417087573484,56.780173312839835,59.217910056464795,60.92937036399797,62.010924650659135,62.81590770836654,63.34880195830024,63.522319283615744,63.5031877930397,62.98556607449028,62.533399441364296,61.39619691086311,59.30354460626547,57.14796501178079,53.75678242581269,50.24263948521947,48.70380492546501,53.493669032648,56.84019057628441,59.13998653028544,60.54080391764859,61.75290260877186,62.49162144285124,62.736301381964665,62.58735430804552,62.575309856467385,34.948500216800944,60.6181461712015,58.86959735478682,56.13868238011955,54.01243683895547,51.434457564227635,52.823796377440495,54.67688002499722,57.23307871828162,58.99067766195018,60.02910422185763,61.01646047499259,61.29228612148927,61.38105562698917,61.406670247949904,60.97389209648177,60.31159936311158,58.20901285522871,56.97361878279922,54.158877438152054,50.03568230679656,43.459615418131406,47.50816842649755,51.969219448194586,54.91081413423188,56.779033761307744,58.05177905748999,21.613680022349747,18.325089127062363,22.671717284030137,14.62397997898956
6.020599913279624,24.345689040341988,15.68201724066995,21.64352855784437,49.896366664853,53.077633783229494,55.59765426468533,57.26653054857785,58.350795936225055,58.96595103917157,59.580026167135415,59.79953345254416,59.74053207959169,58.966612246095444,58.87703363123489,57.786236505269734,55.27415922694356,53.23648045708645,49.76262836204536,47.86652062369555,44.66867620354109,46.93876376780497,51.444278615166,54.032235037037246,55.69582227348153,56.87783042783934,57.9658820821185,57.86099491352282,57.727066789572405,58.111995273844954,11.139433523068368,56.37809828647623,53.244059338035434,51.03930229267298,49.561684304753626,48.32923848853976,50.795430074029056,53.24401818418917,55.157745272157854,56.19173709426306,57.26205416389617,57.7918797580142,57.50935536670326,57.29813316203554,56.33565403525946,56.329722685383565,54.703472681524865,50.513609337839746,48.65867613766318,42.492717530731014,39.23295840655504,47.25298943058368,52.08720762988909,54.26332301677428,55.39076098792776,55.72017269274043,56.356646651603334,17.634279935629372,11.139433523068368,6.989700043360188,9.030899869919436,19.54242509439325,6.989700043360188,18.633228601204557,15.68201724066995,11.139433523068368,10.0,16.127838567197355,48.516557603728046,49.081095403925524,49.15188705173156,49.69359991009366,49.81084350678452,49.81084350678452,49.411982699551146,48.77446217774434,48.905607307152295,49.77147211335466,49.10891088644529,49.18622629291341,49.078626205128664,48.782057255344995,49.072500828813276,50.765275779667945,51.10252917353403,52.00615237117659,51.62041385148267,52.5429182336459,53.54494520543114,53.827264712324364,54.424248908433086,54.602030171574086,54.41302286693167,53.89392921823104,19.030899869919434,51.49594722711277,49.96389071730994,46.46952374802322,40.2669665597816,23.891660843645326,41.1293997608408,47.31145381297382,49.99756726967326,52.36466720693501,53.48556019057866,54.49614143208614,54.76026902635505,54.98597231380224,54.576109456367604,53.67700610294741,52.4308271667869,50.50878347847937,48.17036226050029,45.87407863123228,45.81665266717616,46.88437620592164,49.00853048021375,50.41649237923495,52.23033624338016,53.35072581813599,53.23509918215414,44.74755154291798,48.12057287410332,51.3316193047479,54.30386306676982,56.48118886219822,58.1949392299469,59.37770571866921,60.20076909016615,60.59745881693406,60.70847302044918,60.46318757347738,59.97360605589552,59.017034623814624,57.551916380979094,55.460142795709174,52.15193261544117,47.19571574314456,42.2198770161943,48.352846176327304,52.97937693354251,55.8842970525197,57.81272716644256,59.11104850745765,59.935887579138964,60.39422448031541,60.381848546960704,18.129133566428553,59.281115216578854,58.41610963014796,56.93249314095106,54.65623728834732,53.18516184851699,53.221365640961025,55.02024049751044,57.28292895349366,59.441558413074446,60.865854627914196,61.87084233016081,62.59408463889197,63.02604712019316,63.17076909957485,63.01990027468611,62.496964704212516,61.66259855984095,60.24389192709112,58.39953562530723,55.5197668750725,51.47676324241098,44.17654340805952,46.82262437401948,52.875688498427785,56.598344651898636,58.725548246163875,19.49390006644913,19.54242509439325,16.532125137753436,20.863598306747484,6.989700043360188,16.127838567197355,18.692317197309762,24.377505628203878,20.5307844348342,18.325089127062363,19.030899869919434,53.249981424272875,55.53749563700167,58.096438720780085,59.983918739439034,61.369972228756055,62.264805544797134,62.93671865542379,63.393480728819796,63.41997851545409,63.08252933020053,62.62736965484226,61.7230220660811,59.84009451702538,57.60504659846916,54.44094783772862,50.91642341016477,47.29488769179561,51.46977181342489,56.087506105787874,58.4789640861558,60.46870376231075,61.4888016912823,62.46916917014926,62.749596294586034,62.78503466742435,63.00003196373963,33.330440298234876,61.01824374233078,59.284086555609676,57.164524391067275,55.794234400528666,50.921027915921854,50.78184845714645,53.69022794734413,56.396717221772974,58.300835156962314,59.837065542836434,60.82929632619432,61.1786232945206,61.381008227640095,61.3134273235669,61.057778320548344,60.29010611214726,58.480030389299394,57.16341460568215,54.30052469070315,50.590216318797594,43.841203417738825,47.221483600111625,51.924336321105784,54.82416190747199,56.5476258828258,57.823013092246086,20.827853703164504,16.989700043360187,22.30448921378274,19.86771734266245
10.0,17.853298350107668,14.14973347970818,6.020599913279624,15.68201724066995,20.253058652647702,15.563025007672874,18.129133566428553,9.542425094393248,6.020599913279624,10.0,6.989700043360188,21.64352855784437,15.051499783199061,13.010299956639813,17.24275869600789,12.30448921378274,21.613680022349747,6.989700043360188,0.0,6.020599913279624,6.989700043360188,15.68201724066995,16.020599913279625,3.0102999566398125,10.0,0.0,13.010299956639813,13.010299956639813,13.010299956639813,14.62397997898956,12.30448921378274,13.979400086720377,9.030899869919436,15.051499783199061,16.901960800285135,10.0,18.06179973983887,0.0,12.30448921378274,13.010299956639813,15.68201724066995,14.62397997898956,16.020599913279625,0.0,3.0102999566398125,12.30448921378274,19.49390006644913,6.989700043360188,13.010299956639813,10.0,11.139433523068368,16.127838567197355,6.989700043360188,16.989700043360187,16.532125137753436,15.051499783199061,16.532125137753436,10.0,12.30448921378274,15.68201724066995,12.041199826559248,12.041199826559248,3.0102999566398125,6.020599913279624,9.030899869919436,18.633228601204557,15.563025007672874,36.09487689853285,34.01745082237063,31.513698502474604,27.032913781186615,26.522463410033232,10.0,26.9284691927723,29.68015713993642,35.165353738958,34.149733479708175,37.005306569785915,36.82145076373832,40.0108438129222,37.987887139512495,38.730879855902856,37.25666660314178,35.48512256341036,37.384634394619525,34.307198878632825,34.25697213362591,31.832698436828046,31.476763242410986,27.867514221455608,29.86771734266245,28.90979596989689,35.753033334223986,11.139433523068368,37.42332282357148,36.03144372620182,35.2270499273475,33.868555291847244,36.45422269349092,32.474822606770545,33.08350948586726,29.831750720378132,23.521825181113627,20.0,20.969100130080562,25.95496221825574,31.222158782728265,32.98634783124435,33.891660843645326,34.49940988773338,34.1929472175346,36.73389578188305,35.487578285737044,35.88831725594207,35.30583859645118,32.73464272621346,35.09068045017162,32.065560440990296,28.129133566428557,23.69215857410143,54.772659954248525,57.80936262669053,60.072803827134074,61.841827530221885,63.210473948028664,64.10695763897499,64.79777079957542,65.0616896683547,65.03175973397467,64.63889705647516,63.90777602660662,62.678735443251824,60.82883703553555,57.96186347469943,53.17329843967315,45.268559871258745,51.552449171761864,57.14371678038968,60.37500600584921,62.429002934482625,63.912474749166286,64.81995536032021,65.27992906938314,65.33606593452024,65.049341346211,64.43319481192414,28.06179973983887,62.04481653608515,59.91107736482627,57.842070507770515,56.834081994099385,58.14032393468591,60.69073216734626,62.77393273872257,64.61415981978047,65.95242625639693,66.86279393543518,67.4329272004598,67.73702502514905,67.73569755485897,67.48990187660627,66.88512366703458,65.95582300601643,64.66080285664925,62.65134223433182,59.58694772943695,54.54814382133351,45.63291188372625,52.954439407745966,58.726561522896205,62.01297689547349,64.09632900129435,65.36356019225772,65.79465530897843,65.87675614029337,20.969100130080562,11.139433523068368,9.030899869919436,23.521825181113627,21.335389083702175,9.030899869919436,18.573324964312683,6.989700043360188,6.989700043360188,9.542425094393248,6.020599913279624,13.979400086720377,18.06179973983887,6.989700043360188,19.49390006644913,18.06179973983887,19.030899869919434,20.0,12.30448921378274,13.010299956639813,21.958996524092335,21.958996524092335,20.681858617461618,9.030899869919436,19.138138523837167,20.969100130080562,30.480531731156088,29.49390006644913,24.653828514484182,26.364878963533656,29.585638832219672,33.51989455435632,33.59835482339888,31.9089171692217,26.78518379040114,37.84545974054523,33.35457900689384,30.402066275747114,32.85107029566812,31.607685618611278,35.514499979728754,22.14843848047698,23.521825181113627,34.37433443797971,26.522463410033232,20.374264979406238,27.3559889969818,12.30448921378274,19.138138523837167,20.5307844348342,15.68201724066995,19.49390006644913,21.73186268412274,11.139433523068368,11.139433523068368,13.010299956639813,19.138138523837167,20.043213737826427,15.68201724066995,15.314789170422552,20.681858617461618,20.5307844348342,20.0,15.563025007672874,22.87801729930226,9.030899869919436
19.030899869919434,10.0,13.010299956639813,20.827853703164504,49.3677504479232,52.96845012359101,55.577633721139684,57.235607438109156,58.28694045945696,59.06010007583467,59.53829733581926,59.74471162835154,59.60197176224628,59.26467982809196,58.68254632601249,57.727704414083206,56.27916569613418,54.407217915292236,51.770427685116545,46.828487672897154,41.25318578123527,44.9795194048344,51.07820267248048,53.66213698295158,55.766695389759064,57.12822206836856,57.64126047350453,58.412493184049914,58.452996299439555,57.92752984258799,9.030899869919436,56.151848935329305,55.0953181587508,53.04024962802796,49.21816484310169,49.32402729396696,50.142558492905636,51.74481389373729,54.424703618618736,55.63371904752729,56.621881547952285,57.41744703192829,57.89741427783619,57.595968411791006,57.03054816707433,55.99036573711505,54.69440552664455,52.29302916991374,49.48554773029524,45.01059262217751,43.51815625616891,47.68697285559767,50.538847903946916,53.028350757059286,54.810023776908814,55.66448098986405,56.333714859866184,19.54242509439325,15.68201724066995,11.139433523068368,14.62397997898956,6.020599913279624,16.989700043360187,12.552725051033061,13.979400086720377,15.68201724066995,10.0,12.30448921378274,47.160116953714535,47.90179569070148,48.19122597180513,48.98637436467081,49.27190653204442,49.93876914941211,50.18534070428183,50.346485066925844,50.73824620380912,48.992184178513725,51.131709579736906,51.00487719883461,48.123049183619464,48.47183840932438,48.99273187317604,50.69594105177555,50.5163480398712,50.88224711184667,51.09271361384246,52.312656484302664,52.72477486716795,53.42156100135415,54.13004544733526,53.96452175897208,54.049055231567266,54.66198617930503,16.127838567197355,53.300320759313834,50.18071897731504,47.766793960932965,45.98495042273587,30.937717814987295,36.28695382714023,44.708806975254795,48.612296406922525,51.212117439088836,52.850529646479416,54.218440384903786,54.50990779413044,54.88473156989228,54.779831971774165,55.18092601516532,54.61115686727165,51.97782119791525,51.747486636149624,49.190571620171745,46.11085733414873,42.69069083327977,46.76089749249794,49.593896427357926,51.118671468044695,51.53052275067108,51.762591537977926,46.21965191132577,50.52713175089954,54.019000367605855,56.31484355385979,57.955644311976506,59.173085357120385,60.07136861874442,60.55082329178824,60.73027694705567,60.386749916435114,60.09817893755226,59.21844561106287,57.66684196375775,55.653967679732915,52.76907359295108,48.63703444639852,42.54886293888967,46.99178415672612,52.476885506826285,55.43235883876959,57.50110173342443,58.71981937023428,59.66172719131754,60.08585269244602,60.16851649279586,60.10877218413418,16.020599913279625,58.300475484816374,56.443066069194174,54.50326104061412,52.54741376091537,52.18349038903088,54.30349226279517,56.99029064369566,59.037843028582984,60.77390073725382,61.75350009981038,62.66610069097793,63.09368021409071,63.292556678629246,63.284825577666346,62.913972696105176,62.25016551334477,61.07888025182799,59.64248784488043,57.32877648072579,53.66402409474083,47.73091310242317,42.754726010694185,50.7332969366293,55.11686881806112,57.8088807377652,59.740158627587334,15.68201724066995,11.139433523068368,20.644579892269185,16.989700043360187,15.051499783199061,0.0,17.634279935629372,16.020599913279625,18.129133566428553,15.314789170422552,10.0,53.951585849181534,56.681659178492616,58.98220404865221,60.80806083213827,61.91099859751801,62.823558361593385,63.38949675596065,63.52770829754522,63.466822873610425,62.99731470148351,62.385260721103634,61.23908128229738,59.52271655365866,57.1627886617829,53.79894453142011,48.0837304326392,48.034844289078734,53.209932689831724,57.01880426521782,59.26890114932702,60.78809403213077,61.96728722623287,62.45879688929958,62.78570015592996,62.864063905053044,62.16287329358789,34.03635189790548,60.755250636397136,59.16230690131541,56.91344112216598,54.098925647543446,51.594980133951644,51.70804244487251,54.40446217460643,56.98101415952141,58.7881869167611,59.95942601363665,61.004136277505935,61.53248846142844,61.60990451242708,61.514657706157394,60.87349747393623,60.036573848880465,58.66164419306649,56.66848255696989,53.65534781343928,48.92906753022043,41.3433651094868,47.60610938397704,52.288108450113555,55.20547722354688,56.807967629428774,57.93528472240282,14.62397997898956,-inf,20.0,13.010299956639813
14.14973347970818,18.633228601204557,16.532125137753436,3.0102999566398125,49.044396292739464,52.55689709897376,55.57961710013997,57.1812618985996,58.32750262269937,58.960194287286484,59.63678767973594,59.793302622312005,59.829989710087446,59.230392611563744,59.109257455076225,58.178574450842035,56.07700517856317,54.11259327727062,51.39677627748939,48.2629513504488,42.91657396102181,44.0257086822233,50.69878904219485,53.216005014879784,55.38485760158375,56.813507019797115,57.71330208299507,58.19665652543165,58.30245331310451,58.51859827466902,18.325089127062363,57.10341650340801,55.08967159698212,53.23988023235213,51.2735428396802,48.55216194733363,49.27868027727168,51.11101135884779,53.64139956445129,54.796228107853864,56.16698118087197,56.95584108873915,57.38638676346771,57.278827026993504,56.77234540679463,56.6018695575621,55.39577883345309,52.3000418056118,51.11789935017133,47.1218654396046,40.762762554042176,44.9161379164116,50.20448298587432,52.97611709666857,54.53845595902759,55.08249525496897,56.07627634368518,12.30448921378274,11.139433523068368,16.532125137753436,18.325089127062363,18.06179973983887,15.051499783199061,-inf,0.0,14.62397997898956,11.139433523068368,19.138138523837167,46.49772827300677,47.01205201999371,46.689168106400764,48.06430977932398,48.71111544521109,49.72619339059624,50.1040597262518,50.25502482403223,50.58577849133225,50.312993719370255,51.0655803885459,51.29177328553545,49.72781203735423,49.759875335686765,49.151042244099855,51.07379582804448,50.874868208393266,51.15610511674299,49.53048973814936,51.05258050483448,51.49748567456983,52.312783976114346,53.430105543777,53.51587609946029,53.861920865133115,54.38740069928567,20.0,53.541949051043304,51.5971153306165,49.756064103410075,48.51564082263488,41.76467484599134,25.622928644564745,39.54724790979063,45.81209852354842,49.52351630801023,51.88129434358463,53.544618801761885,54.35610280589786,54.88282724898554,55.22793615218866,55.72892503570971,55.34546439654068,53.811602233201405,53.296663063271154,51.606845741445596,49.194232977439974,46.167694952723195,42.35174807456458,44.501258867319535,47.758288144646116,49.6759477267189,50.856330255180936,49.972290661553835,53.37796582060893,55.801503063012035,57.586674383898185,58.83594440772396,59.78382318794664,60.35759836617005,60.48909641679947,60.43535568209884,59.88527743627887,59.250809564560214,57.940207370609905,56.00068535135711,53.23922108999141,49.20149424934516,44.90155202589509,47.09693869727792,51.95800057542198,54.97964358969981,57.08697027024642,58.479827010639596,59.35767663668133,59.853051960236286,60.02069252993393,59.78522429174653,59.17317467126253,20.863598306747484,56.58410191729686,54.13319885367183,51.878505465638646,51.7900570756482,53.405115343208635,56.284134542227314,58.6640195406695,60.36943724554359,61.78016411428239,62.5603667324571,63.164519982824785,63.3987281055417,63.39356025172791,63.15757342071804,62.56713176963886,61.655630282110764,60.28309702646992,58.22145186736254,55.397809412542564,50.57837202002923,44.466924663715275,47.6259604743806,53.579138936910454,56.68028828324417,59.03343974979612,60.29073978720678,17.634279935629372,20.5307844348342,21.335389083702175,18.129133566428553,17.634279935629372,24.653828514484182,11.139433523068368,17.853298350107668,3.0102999566398125,14.62397997898956,19.54242509439325,55.43647195279408,57.75916857872562,60.01581423504106,61.4476251671511,62.48233274474952,63.079647373723866,63.52615631454897,63.6141824367111,63.42154322381639,62.77787937258557,62.07593978547365,60.85314130127025,58.535582904559305,55.96907038277551,51.90020575868093,47.48808004958602,49.59327645972171,54.55039867777354,57.87857746600825,59.82336824648531,61.23639993295139,62.15724783634804,62.74186724266642,62.8001100434991,62.703864913502144,62.153152253566674,39.742813588778304,60.60416779779396,58.76049749962655,55.71202053402875,52.663446079866304,50.02446857939902,52.773111791740305,55.107393269132956,57.44526109290092,59.01790045790416,60.359873583962134,61.1665588558586,61.57595768477512,61.5024050473599,61.331632089188595,61.02792039433272,60.035402316205904,58.2356812052985,56.688190631369444,53.71710512000364,49.1182319428313,41.37638905022756,47.967962800566575,52.521780157989724,55.255138509794634,56.83565719299359,58.034844289078734,20.374264979406238,14.62397997898956,20.969100130080562,17.24275869600789
19.54242509439325,16.020599913279625,17.24275869600789,20.644579892269185,49.32189553815486,52.68961554026844,55.8538063145192,57.33879077703767,58.38250737054543,59.02960765160877,59.65516368160199,59.90607430376364,59.940957688731295,59.10163189025708,59.00570844193291,57.954698497235675,55.75170519004327,53.76965458549811,50.92748708041151,47.569402360467244,42.53943462669259,45.3150446302514,51.215631268242404,53.8258791762421,55.752398185508056,57.06056024537652,57.754866582585784,58.135496328423585,58.19191092485742,58.28418196604082,19.912260756924947,56.63817726418752,54.65812471432726,52.43157153124897,49.95538673987773,48.81755446420702,50.22943609686901,52.02904974441136,54.31120813006062,55.50674651788406,56.79611388147693,57.47058168435332,57.66654467740665,57.48585689656758,56.77764766366114,56.472518794747785,55.085512648297204,51.51369850247461,50.248508469117546,45.95077157007697,41.14644338902279,46.91973929801271,51.23345213143934,53.60252508193671,55.040030133981205,55.45352894383071,56.214099898339576,15.563025007672874,6.989700043360188,10.0,14.14973347970818,0.0,14.62397997898956,13.979400086720377,10.0,16.989700043360187,12.30448921378274,15.051499783199061,47.7592340584268,48.10561811539061,48.13087039701321,48.92500867700967,49.43598378020126,49.910000064696135,50.00781027353496,50.226139274719685,50.20746506660576,49.860996250551295,50.77999807189738,50.71778942149663,48.600323953630365,48.751539029999655,48.33178997268102,50.993283676153624,50.821963405115376,51.49810090099052,50.448923834743596,52.13669136026377,52.237035635225354,53.07309871811097,54.096372967861804,54.114345021650045,54.08723188283875,54.36674589958544,20.681858617461618,53.101003984521185,50.43271872475576,47.83796421033452,45.510716554419844,35.33009022495485,34.86430478854434,44.28976638512883,48.312360993431575,51.171917229651754,52.99298054772852,54.27039575495581,54.59924474133142,54.95935442678557,54.90774298753863,55.2143623176694,54.429843235973806,52.06421065237989,51.4837125733224,49.00328887207158,46.16675022956646,43.916759532372964,45.96860890622566,48.6323956278009,50.82160398205164,51.969081460845885,52.25105011884425,46.51714028350917,50.698049483955046,53.89415953376256,56.29887467817155,58.000844168610826,59.22592606866404,60.11733220659504,60.571702993668865,60.82411931905721,60.558651105559264,60.12146020231401,59.251521674151554,57.75424750150452,55.82283864855715,52.72700056789586,48.79904050749033,43.473300153169504,47.2468538823736,52.260247609212634,55.56427945498693,57.42603386132209,58.84062050197873,59.78802058383878,60.17320964127833,60.284581912859956,60.03206257543396,22.30448921378274,58.32448234973825,56.59833514693803,54.49549361581955,52.7795284703881,52.17117929822646,54.2013405334239,57.01696613873879,58.90291325924564,60.825132229016354,61.92975632073323,62.76051903355628,63.173898653993604,63.43488354853314,63.32656562369088,63.0403703930979,62.20006828064716,61.19428120866144,59.392416147755355,57.18339732431892,53.480418697347204,48.23663295217094,43.12959735882106,50.45796141049643,55.022659367792066,57.902527843072924,59.69274697092943,9.542425094393248,23.26335860928751,18.573324964312683,16.989700043360187,21.13943352306837,16.989700043360187,21.84691430817599,26.283889300503116,18.633228601204557,14.14973347970818,18.692317197309762,53.95364839973545,56.57136199469497,59.19371534428027,60.742476104419865,62.07221955359719,62.78421581655752,63.3604725848005,63.606738660757884,63.562419940465844,63.09495813401898,62.45331015773643,61.35508241141858,59.388563230287666,56.847304917153146,53.248624992593214,48.832979517558,47.556081017156714,53.24375067468242,57.001540128343706,59.186619121698484,61.03220622760685,61.97998274035377,62.565469764817536,63.05747213960609,62.988951943849266,62.561732140399506,25.4282542695918,60.789006735834484,58.307502962266994,57.64930446690282,55.02543189475716,51.690186775993354,52.279946223773464,54.07399403301113,56.9176203145464,58.72727766212296,60.202058536635604,61.063690676871104,61.48903903787418,61.568848880391826,61.44778386974881,61.06593376852655,60.19857490750511,58.35277636982642,56.941566350789294,54.07263402053051,49.456261237140865,41.702910586253935,48.04030333677011,52.490343955693994,55.21364328815079,56.67746119439089,57.963224248674344,23.010299956639813,15.563025007672874,20.969100130080562,24.29752280002408
13.979400086720377,9.542425094393248,6.989700043360188,15.68201724066995,49.98420642759893,53.125179704541175,55.36369028678041,57.05967998830312,58.03634621137648,58.91347865430109,59.55099635943775,59.82003788167823,59.768307844685125,59.335773768931475,58.95351815478896,57.943409332450074,56.34038723758125,54.38702114450959,51.73200841808088,49.21129597532691,45.12897756320646,46.14158709509175,49.7102057932463,53.001344262777636,54.96272176519723,56.487550880016144,57.59971367091072,57.967199986212705,58.05683644750825,58.38474428860927,16.989700043360187,57.20599992044423,54.48842305425923,52.29425847920695,51.5024050473599,46.290934481667314,47.365000831026265,51.25705674523169,53.31720776357499,55.396405656694284,56.65162440930285,57.42421097304807,57.56965317082898,57.60504659846916,57.18572266365361,56.742363358069284,55.49616239519085,53.48012638422195,50.65452731313074,45.63777633362166,36.80607428991787,41.1965172203987,49.22891464773208,52.195740485370344,53.9747071716853,55.28528488555057,56.10994270979842,13.010299956639813,17.853298350107668,11.139433523068368,15.314789170422552,3.0102999566398125,15.68201724066995,12.041199826559248,6.020599913279624,14.14973347970818,15.314789170422552,13.979400086720377,45.9754162032528,47.221483600111625,48.14547235464541,48.68573911237082,49.37738493684528,49.45911516819273,49.44058040473109,49.528747430069096,48.978908862865474,50.89686143582065,48.51417357022564,48.71245924141914,51.05690677513617,50.67509766563843,50.57239966873492,48.97693055062723,49.12923165600507,49.721102284028305,50.638885405302986,50.76487521794501,52.1913637977568,52.98005484725027,53.75411192667163,54.587843514944296,54.948277852333625,54.27137040173719,19.86771734266245,53.214596494462725,53.28389798025231,51.966293177237006,47.5263223899696,46.23766000133931,40.40800061256529,31.51676230847048,42.73140224066812,49.14855967087234,51.220355676661136,52.938153992930594,54.25537480955108,54.95845325562888,55.40861066187652,54.645923709479725,54.23236040742879,54.29353320835006,51.48090329412882,49.360711800893114,46.55368972452062,45.34241929794221,43.54818870847722,44.94877815637538,48.14387453334589,50.67178765003041,51.75294321756247,50.36796513454867,53.51241493066763,55.694359472527346,57.562229136682824,58.84720615832777,59.639695321279476,60.193398218408305,60.410545935232214,60.252730870858116,59.91269502969358,58.78908237522193,57.411657860985905,55.942709751083505,52.92822943007398,48.30261381159927,40.539231505485745,47.021978163460545,52.22833480842708,55.18997974191737,57.26095270641984,58.81113494764552,59.77272161626023,60.11963541070911,60.53344703506683,60.26393516065085,59.429896891600194,19.49390006644913,56.963432810561955,55.602044273882846,53.591104211289164,52.35957479466621,54.16109378326511,56.50536754565493,58.3586932454563,60.261326954722406,61.54896661560744,62.30971803598854,62.96720021961863,63.28661905027829,63.408993895585084,63.04175463848826,62.276671890938104,61.2959226162096,60.05148325455191,57.56295993256298,54.57495853804896,49.059684848639165,42.02079441007388,48.731868627101456,54.10245635297295,57.20421455413291,59.19509033502227,60.49604062924119,16.989700043360187,22.85557309007774,20.0,22.278867046136735,15.563025007672874,19.294189257142925,22.87801729930226,21.13943352306837,22.14843848047698,16.127838567197355,3.0102999566398125,55.482235314197,57.919887295046934,59.87455321734832,61.2620448731969,62.27210066074608,62.94011853208055,63.42370759787437,63.459452897317775,63.28661905027829,62.709928583825686,61.95215584222672,60.61683136767681,58.56639485376597,55.52290933824766,51.37268636844819,47.81877390670729,50.357498373196606,55.39076098792776,57.8521661890635,60.07911567426533,61.02340730639342,62.11473495768348,62.896540472474875,62.86755701975007,62.88118828200366,62.46927985148048,26.82145076373832,60.44709055203674,58.33958821563246,56.139791682400705,53.792565548611336,49.464522650130725,52.00943473102828,55.10719229216392,57.089517576533254,59.24108119629245,60.39657176735236,61.22387923136377,61.507297368345,61.50879498104288,61.348506661431166,60.94292902063482,59.93363033584403,58.278840462762545,56.2751025598508,53.62484359705773,49.09395545967105,43.00443302006029,46.923268641226414,52.13113821429876,55.06201867537701,57.08701273759679,58.19926078114367,15.314789170422552,22.14843848047698,25.118833609788744,6.989700043360188
6.020599913279624,11.139433523068368,22.380461031287954,13.010299956639813,50.60096965543303,53.52664799651101,55.16434886226688,56.9986979832732,58.19755766937461,59.09959115570382,59.54306683771108,59.66675235000638,59.611371672866284,59.49540275813799,58.560306797413176,57.597131600104625,56.347150090171205,54.45292769425972,51.67863552194633,47.82142836505499,44.98655095245119,47.5285479473071,50.012879429612866,53.3923871411469,55.33946097071572,56.760686904833776,57.76850038690844,58.03427069078861,58.20677542618432,57.92927222529496,9.542425094393248,56.164566082759265,54.32419263727322,52.067314539243135,50.199798643257026,46.37429684650065,48.0624782719579,52.137832993353044,53.96138297395892,56.197036282269224,57.2814267171869,57.72651703812302,58.044427189460734,57.95636744311401,57.48034445733238,56.28433889975258,54.57186772201481,53.338904116161245,48.40419777736486,42.13623993416087,37.6477371691104,44.47297603567067,49.759875335686765,52.25632297346483,54.15328989716852,55.802964469066644,56.33893452160266,22.87801729930226,19.294189257142925,13.979400086720377,13.010299956639813,6.989700043360188,10.0,3.0102999566398125,13.010299956639813,10.0,20.5307844348342,15.314789170422552,46.4590346035838,47.69052222158073,49.489213013396984,49.885411210100365,50.08208278407598,49.930392318069096,49.58945932493936,49.27396029803128,49.09924915872508,50.204151517137674,47.8138193624174,47.63585209656913,50.48880537827167,50.58824451086377,50.147304950017535,48.221942408982144,48.92539804658635,49.60361357693502,51.80338094055741,52.27477915699829,53.74106508804012,54.08362093461419,54.07603325351417,55.208567476784424,55.192305921766604,54.080499199005516,14.14973347970818,52.48368123030966,52.51248762305845,50.50959459771651,44.662297917058346,42.44549242897895,34.583356259919476,41.86193249920351,46.95490432339068,50.58555078815129,52.5538106515434,53.68169693278739,54.70594226005072,55.056450631638974,55.25471113808652,54.04445413760355,52.673454114614785,52.92975606124361,49.12418693721118,45.52534379265096,42.165617350479266,44.51556183076428,46.744753379619596,49.17111472493697,50.851371027769964,52.13172309046819,52.49650766622458,46.93111115462141,50.800850850458694,53.861938713206065,56.05375087989806,57.898379695362756,59.06566137049759,59.87990077819066,60.328000147816645,60.40620138703527,60.458242799160224,59.65207347287998,58.72864556735385,57.670259294935455,55.579304627804945,52.23885151875885,45.64961804462294,38.14580516010318,47.9586611969829,52.85073239781256,55.850747691921356,57.855035180692326,59.2257236425991,60.02689923993301,60.67583370820722,60.79333584307251,60.28166454539111,18.692317197309762,58.636808567450124,57.787993130435105,55.85453961230069,53.43418441639639,53.52307962842768,54.859782371422014,56.795705180315544,58.91832833551477,60.335785458389495,61.580758838232285,62.446061196077395,63.00212971145713,63.24348520665214,63.05817448337268,62.670836868143276,61.83022011540843,60.974672894278726,58.9959345037748,56.58440706411126,52.53381626465004,45.67285217961632,43.9420644536023,51.670217957902565,55.83721200498609,58.18886732632926,59.941067747094124,20.253058652647702,20.170333392987803,17.853298350107668,13.979400086720377,20.043213737826427,16.532125137753436,9.542425094393248,21.613680022349747,6.989700043360188,16.989700043360187,19.49390006644913,54.526158667080004,56.63003233129642,58.83871435299249,60.40579003080484,61.81324696186421,62.64003702383051,63.21316057629495,63.41122591121891,63.36274368631735,63.05003794812703,62.13885489863805,60.99103730448016,59.33831853388477,56.93417381822609,53.04199608158789,48.19971439325659,48.82598526779927,53.98554534676609,57.06902041098157,59.43622114444742,60.94485104104049,61.77151091005045,62.524853020781975,63.196258600194085,63.24699054627772,62.52369943393162,28.721562727482926,61.130477829206185,58.98132557687798,56.93101431106648,55.183520363052736,51.26991348422068,50.861782433847836,54.041526742315355,56.65708540427464,58.86655387444616,60.122790296326514,60.95497128762696,61.361460944509744,61.61119934275714,61.387856808165125,60.97761437354744,59.916251772848064,58.63635082934608,56.423428215949905,53.473300153169504,48.942329626780804,43.93926006585837,46.14781248141078,51.47382573846099,54.551038356266986,57.035260916989415,58.01997457232781,16.901960800285135,20.374264979406238,19.084850188786497,20.0
17.634279935629372,12.30448921378274,20.644579892269185,19.138138523837167,48.9973844911919,52.7795284703881,55.473377305518,57.20795801994464,58.15461522476334,58.984712205505645,59.643185695308475,59.790929006383266,59.85663991108234,58.95650684098748,59.15880828256199,58.233600977569836,55.918311836677006,53.83285634478604,51.24119318965924,48.81367535757072,44.0334361913045,45.0096335063806,50.59839733618135,53.38641726513316,55.44350864075774,56.783808762124856,57.73906334652122,58.01642403462611,58.10835137094319,58.77044638171519,18.573324964312683,57.38844746903105,54.58796431966526,52.816196100122745,51.47874107289246,47.782091524545116,48.68791333198155,51.26248329452287,53.52988592227185,54.710231283966586,56.07765888226281,57.1333595042849,57.1799818017005,57.11457966473133,56.76767661949078,56.54997170049518,55.66212331406042,51.91858847329878,51.06343910647023,47.01749263004912,38.6457040685343,43.816925520581634,50.181177205910004,52.99298054772852,54.49512339170552,54.91711790170768,56.028085039025974,14.62397997898956,13.979400086720377,6.989700043360188,16.989700043360187,13.979400086720377,18.633228601204557,18.325089127062363,17.853298350107668,12.30448921378274,16.127838567197355,12.30448921378274,45.81209852354842,47.2366086669145,46.461683787740824,47.774630725025915,48.885445298732684,49.82402406352672,49.751789709408776,49.97058573727401,49.84527313343793,50.83624434530198,50.424416204305274,50.444495996526264,50.701117827821996,50.54214577042625,50.02964774402061,50.544598372394034,50.97604328874411,50.84036201794683,49.58224532762944,50.57106713254143,51.35021279538261,52.2809737627448,53.34871759421068,53.77650416914268,54.019413486311755,54.14326435766646,14.62397997898956,53.11724200907608,52.11486305665649,50.82099289456807,47.24734504534161,43.707165885395455,32.81714970027296,38.941498467679224,44.874777564388985,49.83175072037813,51.712846231439585,53.49044286602036,54.23940189803162,55.13719546144834,55.530014123194704,55.325429114346456,55.058280338548364,54.03933418361156,52.789044349453135,50.9508911291083,48.57199775061667,46.53906829641698,41.95595263005526,44.365601706217404,47.14773887933455,49.77746462291663,50.50333346535312,50.03891166236911,53.55047114272434,55.570558304998066,57.63381566498899,58.742689670504106,59.82634802444716,60.27106905965135,60.525954547733306,60.37998672393304,59.84124335186365,59.116630145004756,57.92932819387354,56.08581653939166,53.32472798121752,49.47556248191123,44.9795194048344,47.395169663954356,51.81228854964545,55.070634384325736,57.03323196548753,58.48234084162896,59.40387472342234,59.71634364856798,60.05008820672367,59.755181992416844,59.145129272562976,12.30448921378274,56.37270525603792,54.27385476145038,52.20996697147369,51.40272291029186,53.694978716429944,56.41317418934421,58.58644254204168,60.41030095352529,61.79718353664835,62.45087295137615,63.18929597840872,63.40131865852029,63.49523266664476,63.276653870500425,62.42060406961693,61.754636846059334,60.14883698991903,58.16861467115331,55.220501901337016,50.60493862876692,44.45323922862512,48.243211248507706,53.359571024781964,56.772053183818144,58.93105109593188,60.310924253017966,16.127838567197355,0.0,21.84691430817599,17.853298350107668,14.62397997898956,18.325089127062363,9.542425094393248,18.06179973983887,13.979400086720377,12.552725051033061,19.86771734266245,55.16843303103623,57.858449870709634,59.93060855523845,61.56246190397344,62.34531962215641,63.13972618860607,63.50838567346713,63.630479710224314,63.45000645701717,62.711017470945066,62.159337765243194,60.87918000395133,58.66432079789385,55.71860168126001,51.60444519702992,47.86652062369555,49.633013339681355,54.725165706408,57.98783192053692,59.89079886885419,61.024518866653395,62.39213863361136,62.65504833584916,62.84936251586325,62.584085834717634,62.68662669766804,34.96514518697745,60.950999285324286,58.87115772023246,56.491731853854276,53.694570651263696,50.205145847460706,51.681821077821375,54.698588190358436,57.034530259773575,59.09677956880059,60.258565782854554,61.12400204853443,61.49618726079615,61.58109381497661,61.43467293009638,60.90915875765977,60.22544250073573,57.969772215060075,56.88342389649569,53.60307449923611,49.23787841731059,41.9725298299739,47.940207370609905,52.28220648868423,55.18421807033958,56.880325221054235,58.068742898502414,3.0102999566398125,17.24275869600789,18.129133566428553,17.16003343634799
19.294189257142925,13.979400086720377,11.139433523068368,-inf,49.053856695468774,52.69942356504208,55.65867880726959,57.05997912479758,58.23787773085552,58.880783527672264,59.40847558054859,59.7128048861163,59.639695321279476,59.19631334495242,58.89270880513898,57.977445178793864,56.15276530952403,54.333729490160756,51.46481531566843,48.239499969604694,43.04533610406517,43.96635166983693,50.58319715594435,53.16559495179593,55.389003371407185,56.784673896927,57.70666476746379,58.18999410170919,58.33379821193613,58.140343927419224,0.0,56.8114441510528,55.42648686655905,53.583936614422655,50.90786927949267,49.66695398571695,49.64037946693537,51.150177362966076,53.61971350291344,54.725121813819854,56.07674795669023,56.86522765955759,57.21458586916594,57.20989046760816,56.60912887477406,56.444641933764146,55.127084044622556,52.33313461142046,50.76818784496511,46.73665876245701,41.650958747542184,45.15887084195267,49.56096362358611,52.66720767104082,54.49368847508988,55.070188464164325,55.86444391524904,13.010299956639813,9.030899869919436,13.010299956639813,14.62397997898956,0.0,13.979400086720377,12.041199826559248,12.041199826559248,11.139433523068368,0.0,16.020599913279625,46.70477786047275,47.18509992697676,46.68199484198662,47.7798473891551,48.731868627101456,49.72503684487316,50.227169800510296,50.28847681785958,50.86918358532287,50.062092405376575,51.60663574677314,51.60414503565946,49.561155816924526,49.452370966838465,49.041147976239756,51.349958191073966,50.56126996606867,51.31275326974432,49.79407228825493,51.31814277330278,51.75433528931652,52.32777638342274,53.44726217939861,53.44779232522892,53.82918933404643,54.42832392146397,6.020599913279624,53.52259719157145,51.40413757591074,49.29730484090784,48.600084167589806,41.32419798097615,25.010592622177516,40.32779879191245,46.329429444376295,49.155317393839454,51.65710133878467,53.458930048145135,54.250726188970035,54.814139612537446,54.964452918733535,55.77261953585815,55.21714580020918,53.699816929762136,53.31680308168973,51.771467586240156,49.38504714739147,46.299190355035414,43.42363454809173,45.637301992926105,47.876729646874935,50.05008820672367,50.30721129360462,50.07457582592959,53.23676902621819,55.81801797954046,57.50296209841865,58.85282610140188,59.72073642020603,60.24336224985039,60.554903312657736,60.399254526339405,59.91377166160758,59.24262741195048,57.97640029261657,55.908797141259974,53.12300092895728,49.024652395293096,45.48512256341035,47.22971027912445,51.875122604719415,54.93810641387715,56.92149550477312,58.41782294919247,59.24881193848928,59.92417862460694,59.88770256170761,59.60480766668181,59.12424538329013,21.367205671564065,56.526601260864155,54.39563203534401,52.14525955281105,51.95041280556656,53.74486224261148,56.351951265883,58.74959916188289,60.39051063859341,61.719968895671244,62.64009850624052,63.1877286828011,63.30505087354763,63.34763477623491,63.022880600146664,62.627476376981846,61.60327144803031,60.18637679499837,58.205383833274325,55.515109901058175,51.12487699376034,45.25886651520939,48.13587659707153,53.46826136713624,56.70250492947649,58.855251804833124,60.24571861263604,18.129133566428553,9.030899869919436,16.532125137753436,22.14843848047698,21.13943352306837,16.020599913279625,15.314789170422552,17.16003343634799,15.051499783199061,15.563025007672874,11.139433523068368,55.48158388199858,57.871039658747144,59.98891134666213,61.3433651094868,62.42576458648695,63.08469007685364,63.39382465492783,63.502233946900475,63.41727648606253,62.80047241356307,62.005599596572665,60.768417087189626,58.49422485175586,55.97506511991117,52.242869703802924,48.38351570159206,49.50077501772212,54.44931226152513,58.00489563835488,59.76754276221467,61.28420272035307,62.083728206517925,62.58562819017732,62.93667669226765,62.79668768811352,62.04596630622213,26.45422269349092,60.573271306912744,58.84415827487301,56.276791730545426,53.658360297606606,51.82311916227766,52.986129477599476,54.79215288201371,57.51663946260987,59.04296191917468,60.344604006715706,61.155772311285226,61.39563006436585,61.4967719027186,61.20200343116004,60.96433417407474,59.841315425486876,58.19122597180513,56.46106578929694,53.50282915595784,48.76869947528259,42.564772062416765,48.249909561738704,52.625839682581756,55.35502986979718,56.694702979822196,57.81026153028216,12.30448921378274,19.54242509439325,20.969100130080562,16.020599913279625
19.030899869919434,17.853298350107668,19.030899869919434,14.14973347970818,50.506928922592344,53.42363454809173,55.19965739060778,56.98355477365577,58.098188673385216,58.993082361515185,59.490409669224675,59.636065187643375,59.48469694235495,59.18217022301687,58.42214701096754,57.438584713486584,56.22694693955566,54.289135567501894,51.41437230418419,47.28451182944576,44.3407365378505,47.71741771307084,50.32381002140569,53.64537863140856,55.483562458589645,56.83465813310485,57.911746617712296,58.23663295217094,58.36357667774423,58.20753667511379,16.989700043360187,56.74811556719171,54.816145922669364,52.64534495078272,51.207877357001514,47.54302457110144,47.99740192185148,51.43080408133624,53.36341637726751,55.59836031490662,56.54777012948705,57.046651854545296,57.317402181122496,57.25081434798228,56.67686381802804,55.32791311556898,53.74212935990525,52.15193261544117,46.344067293655385,36.45422269349092,39.88915520512687,45.94005601788341,50.34588353713624,52.83888937976056,54.567819062846795,56.17328560475915,56.765729047016976,20.5307844348342,12.552725051033061,14.62397997898956,6.989700043360188,9.030899869919436,12.041199826559248,13.979400086720377,13.979400086720377,11.139433523068368,13.010299956639813,6.020599913279624,43.874076249281835,46.11053830101913,48.31952915486159,49.01245753890482,49.78787465553729,49.843112374745466,49.941411111261225,50.19950829648354,50.205145847460706,51.593325386495394,49.88389486545371,50.00642280662677,52.131909170914156,51.90401740018988,51.576531686825,49.094918430477094,49.30979578356865,49.6591631062303,51.41299233701602,51.36127366097711,52.382092467096584,53.19072730876485,53.15953560804772,53.9203885920744,54.00910821789375,52.946469608717805,11.139433523068368,51.08270659042522,50.70082217822054,48.41941060496873,41.41700556997391,39.03578293663054,37.580788222496125,44.55179975545529,48.756457198482494,51.95692137322748,53.06317781104432,54.319456504721174,55.45961158717028,55.911770636005,55.939458704377586,54.563311059445965,53.7398537027216,53.697815564127545,50.36505135736203,47.77136712504173,44.793449304961406,44.77844476338759,45.98100776672218,47.887974301398934,49.93497953245811,51.16345361501841,51.76739321715548,45.87082073437497,50.43794392325779,53.610569940777005,56.15621840795149,57.87913661262104,59.15573940259189,59.95395169613225,60.42746361699744,60.557929305199075,60.64946669868945,59.91063849703127,59.15152802856763,58.26345666117044,56.42428904655703,53.949154977330835,49.636461864848435,46.50589188820173,48.3511959042455,52.42822088600764,55.28528488555057,57.22674224507733,58.59973645431309,59.34167554420175,59.98428488469883,60.04174290747564,59.52254204222666,10.0,57.4664198192307,56.08153621536164,53.811945285660016,51.00260234097944,52.0275251876813,54.429968516540924,57.085611095727906,59.26343475758279,60.80877828840143,61.91003634067977,62.735942869882166,63.36387879186192,63.54816760474921,63.51740084532804,62.95386307873958,62.29258345934944,61.380278212329465,59.657518665350736,57.433419723564676,54.248065265793805,49.253224071605544,45.79440597139797,50.814697284619385,54.91279029921063,57.424305279139304,59.31700377287865,15.68201724066995,16.901960800285135,0.0,14.14973347970818,13.979400086720377,20.374264979406238,15.68201724066995,19.030899869919434,0.0,19.030899869919434,15.68201724066995,54.748934101787,57.1895069819541,59.02866267721105,60.76192448886687,61.85043265490485,62.76918377546583,63.368880131518075,63.563825209223495,63.441756619737845,63.12293533721125,62.41728228669008,61.31128603857679,59.706912923133885,57.41285571038488,54.20162113179743,50.043428729773154,49.33249322425073,53.694848881672364,56.212303054795136,59.010985307996926,60.45675357708241,61.93615685827244,62.44431756545653,62.65027602658919,63.13580406995391,62.713922160747224,27.671558660821805,60.3639971262885,58.90877989223142,56.61473822598535,54.40622605007302,51.636175025050626,52.7406774691341,54.37690328021848,56.55212412304864,58.81654508907917,60.09750379217451,60.82027026253308,61.39668811798848,61.59451686821387,61.416068435749985,60.80829879559303,59.96081104478078,58.48093623309517,56.3930815285927,53.45557997021335,49.04228516340078,44.69129537394409,46.14158709509175,51.3756297830768,54.61800057158162,56.96730227864435,57.93014665193394,23.05351369446624,10.0,14.62397997898956,23.117538610557542
15.051499783199061,16.989700043360187,19.030899869919434,13.010299956639813,50.07824561985403,52.884191530889794,55.426474417508025,56.96405320566171,58.111814157517266,58.94595715884064,59.51804110339562,59.66577686368336,59.70986686829819,58.997969820638545,58.83468372477887,57.890417399011724,55.78819078345291,53.550375266263295,50.68668143285899,48.699354106468604,45.49616239519086,47.090833099619616,50.44555438610564,53.627613590744836,55.396405656694284,56.51402080412901,57.701005476952346,57.78224350469013,57.75271034222153,58.222112450477795,15.051499783199061,56.60353125640189,53.62060038620692,51.2304107274726,50.741176443574176,47.074339054718095,49.55803162081898,52.5616189747518,54.45200853765857,55.90601112337999,57.022443703434085,57.67480166659504,57.67782727709334,57.35012525805971,56.91823845819651,56.585808556885915,55.184612949318385,52.45050984614472,50.08007935460326,44.55834228396568,34.81155870828035,44.071018452351765,50.456554193635924,53.051900915533665,54.5173272087096,55.206040442010156,56.09306206714763,6.989700043360188,15.314789170422552,3.0102999566398125,10.0,16.532125137753436,12.30448921378274,11.139433523068368,14.62397997898956,11.139433523068368,10.0,18.129133566428553,47.43078391782139,48.41340696512393,48.74162792722622,49.255183581774304,49.68716377466785,49.640756880478875,49.212545668707115,48.88033393582745,48.32163894783587,50.372391929623404,47.82737706547561,48.23539433656859,50.04974474159486,49.53092520597549,49.40117866747719,49.421519667747816,49.93775597108715,51.043675956010155,51.123502479681655,51.933166476752184,53.07637214155784,53.75542909037716,54.15155379426611,54.83496007089681,54.86926127619951,54.006709339525905,16.020599913279625,52.340640242701504,52.225760178873124,50.28819233972377,44.633703272924066,41.67966813395621,28.169038393756605,42.506639194632434,47.23488509695925,50.797960611723596,52.41770542646124,53.61125070351983,54.62472869803616,54.8953803632945,55.005452027986045,54.04073891894583,52.90092513433386,52.47455239252166,49.376031377636195,46.92406234833631,44.49401252996221,45.16416372803973,45.72092890303906,48.495975178653964,50.978886778399115,52.31655603976275,52.5875457906356,47.60618474895989,51.00129203359808,53.65914581950257,55.996647787884164,57.70960939647206,58.94090547696675,59.77564944536703,60.18958752204065,60.36170808478195,60.30354375458006,59.59873390325974,58.635637375067695,57.56264783686702,55.547374303622654,52.3622477951676,46.28388930050312,40.20734085411515,48.2865989653532,52.63174311349525,55.85014925919867,57.776239864741044,59.11758278035924,59.89436468245893,60.56816840642703,60.61291473774232,60.19945022479945,17.24275869600789,58.550731237200544,57.54751858550654,55.71608688023723,53.650722110407116,53.38251250932742,54.80226910604921,56.81389595980419,58.79038505237237,60.46272301997057,61.5541985124903,62.41599519057652,62.86805965332558,63.023709789209704,63.00173156547537,62.51494648403164,61.74898207308422,60.7129641927788,58.844577627372345,56.481696604539586,52.52197455364876,46.43709229251458,43.8738982633873,51.320065976271245,55.59365513679688,58.20393925580946,59.86973164367881,16.127838567197355,19.86771734266245,21.84691430817599,21.5836249209525,13.010299956639813,23.117538610557542,21.73186268412274,22.85557309007774,15.314789170422552,-inf,0.0,54.46866335681293,56.61708593776292,58.86303994809366,60.65429197955371,61.782967872404555,62.505702714777804,63.074662994896514,63.312482776611745,63.288941311869955,62.84333486114978,62.246469949304874,61.04104886932553,59.138742257126644,56.626464114143104,53.075580755509016,49.674590490637655,49.06087110674494,53.51815625616891,57.11585387053918,59.27602335479585,60.98992405599259,61.74922594017459,62.515058438619846,62.81395204332998,63.047715649470526,62.94293355784184,18.06179973983887,61.15933200687829,59.64248784488043,57.36826599365048,53.92239560398111,50.98384109699789,51.15187659147906,54.27039575495581,56.58440706411126,58.60949182755492,59.933943422077576,60.92834290081825,61.298280841074195,61.403728942062514,61.18535207636111,60.97529743146133,60.04995511720974,58.30725286374397,56.7190284365651,53.98268211255406,49.474386236029765,44.15006753953827,46.65412118002188,51.71416341511943,54.89750417997337,56.77104851734309,57.89310604181293,14.14973347970818,16.020599913279625,15.68201724066995,20.0
13.979400086720377,13.010299956639813,15.314789170422552,9.030899869919436,16.989700043360187,6.989700043360188,12.552725051033061,13.979400086720377,16.127838567197355,6.020599913279624,3.0102999566398125,13.010299956639813,9.030899869919436,13.010299956639813,16.020599913279625,16.532125137753436,22.55272505103306,6.989700043360188,20.863598306747484,17.24275869600789,14.62397997898956,13.979400086720377,14.14973347970818,16.127838567197355,19.138138523837167,19.54242509439325,15.314789170422552,14.14973347970818,17.24275869600789,10.0,16.532125137753436,21.613680022349747,12.30448921378274,11.139433523068368,-inf,13.010299956639813,10.0,12.30448921378274,17.853298350107668,12.552725051033061,11.139433523068368,6.989700043360188,9.030899869919436,13.010299956639813,3.0102999566398125,15.314789170422552,20.170333392987803,18.129133566428553,10.0,18.692317197309762,12.041199826559248,11.139433523068368,12.041199826559248,19.084850188786497,15.314789170422552,14.14973347970818,6.989700043360188,14.14973347970818,13.979400086720377,0.0,3.0102999566398125,0.0,16.020599913279625,16.532125137753436,14.14973347970818,13.979400086720377,16.989700043360187,18.129133566428553,35.71126277084311,32.67171728403014,30.0,23.010299956639813,14.62397997898956,25.987905067631154,29.938769149412114,31.63757523981956,35.268559871258745,35.16006230386048,37.78223626766096,36.90196080028514,39.27780849347374,38.28015064223977,37.996850909091,36.53694795315082,34.80868923687168,36.30732892817197,32.47727832909723,32.08441356438567,27.730546933642625,27.16837723299524,25.31478917042255,32.38046103128796,30.923696996291206,34.930395883176516,14.62397997898956,36.35684762547223,36.008640363098394,34.831592097169796,33.098430047160704,35.6702636615906,31.49834696715785,31.13943352306837,21.613680022349747,20.374264979406238,16.020599913279625,16.020599913279625,29.547247909790627,34.49169732165201,34.52399845911442,34.089180208467795,34.70263446965078,33.05351369446624,37.24275869600789,35.118833609788744,35.165353738958,33.63987829748491,29.143431571194405,32.83527364861693,26.063813651106052,27.85329835010767,6.989700043360188,51.02862299895439,55.23960960509889,58.24053554007797,60.611885046620706,62.312452489618906,63.5390027381358,64.59402289433804,65.16882406381798,65.4282368480017,65.34730691291828,65.00993085493195,64.23348289803785,62.99084347559449,61.16022978699958,58.458939304559216,53.83388039753765,48.063495871404676,52.23488153185183,57.453324798278715,60.3810529937564,62.5803857811351,63.90932282414636,64.67444122913082,65.11086468304273,65.11646104582073,64.78972176615792,30.073209529227448,63.01285719810452,61.33956715771477,59.30198933033281,57.0780344028168,56.813353243209484,58.92330616574987,61.268409005099016,63.517847152525995,65.17491091451339,66.30639376799817,67.10403837240563,67.63118261126627,67.863157738231,67.78831184921316,67.4256214212535,66.81563219729297,65.68154888163696,64.15613293574347,61.937691584675306,58.576122849529845,52.83852794207906,48.18344681328752,55.46902781145184,59.974846793677976,62.7426502361271,64.54839526534755,65.16359372954567,65.58166203701417,23.521825181113627,22.30448921378274,16.127838567197355,18.129133566428553,12.30448921378274,20.374264979406238,15.314789170422552,16.989700043360187,17.24275869600789,19.912260756924947,17.16003343634799,19.030899869919434,10.0,15.051499783199061,17.16003343634799,3.0102999566398125,15.051499783199061,13.979400086720377,13.010299956639813,18.573324964312683,20.827853703164504,16.989700043360187,21.958996524092335,22.30448921378274,26.39486489268586,24.84299839346786,23.979400086720375,20.043213737826427,29.712758487381056,23.010299956639813,32.387985627139166,34.1929472175346,31.866738674997453,36.452257115354165,28.836614351536177,37.744439689249646,37.35997884091794,36.06918525948291,27.97959643737196,22.92256071356476,24.60897842756548,18.06179973983887,19.294189257142925,12.552725051033061,21.64352855784437,18.633228601204557,14.62397997898956,16.989700043360187,23.891660843645326,19.030899869919434,12.552725051033061,17.853298350107668,15.051499783199061,15.051499783199061,12.041199826559248,20.5307844348342,12.30448921378274,16.020599913279625,20.374264979406238,10.0,18.129133566428553,9.030899869919436,21.702617153949575,18.633228601204557,22.14843848047698,14.14973347970818
16.020599913279625,9.030899869919436,10.0,9.542425094393248,49.67267091559786,53.0045852259433,55.61846442129789,57.096514974674626,58.30535421045823,58.84325142831696,59.30040798712746,59.444876072866954,59.376001293750626,59.07940469105941,58.17840269607412,57.16178696385568,55.963705437273546,53.90557141789224,51.072947845064334,44.865438198825196,41.52563514256539,46.87635961046467,51.484576601454854,54.03156567838408,55.88290759343613,57.39737645495364,57.61832403369405,58.375530872459365,58.33762086244577,57.44332106989367,17.853298350107668,55.435080640244514,54.87801335371228,52.6157687509218,48.39886381275089,49.47830581736466,50.41759706274034,52.25578047510021,54.536240735914504,55.78549820902421,56.60839874736055,57.19971482136161,57.51187461259441,57.11847705087252,56.49981923140324,55.083546192351776,53.21476222645926,50.704996364353136,46.27744674722776,41.737688231366505,44.18715496865595,49.29301394834883,51.392901868166646,53.65377525265342,55.19151752580921,55.98045989241762,56.43547421310452,17.16003343634799,6.020599913279624,23.117538610557542,21.64352855784437,6.020599913279624,15.314789170422552,16.532125137753436,15.051499783199061,12.041199826559248,16.020599913279625,12.30448921378274,46.89166735427055,47.662492122031715,48.66435033179107,49.20217274069266,49.44704697792605,50.04428859114686,50.63577276106099,50.84679924330728,51.200241350229305,48.96966901933155,51.32643850973081,51.05046690081473,49.18748321997262,49.78134847398289,49.71632974033693,50.53063069955324,50.65870889406392,50.959709223437144,51.58844773634988,52.59309511641482,52.790392270610546,53.386357524911936,53.9263540919524,53.4261412300621,53.18173982441161,53.78327027028166,19.030899869919434,51.59173021493427,47.17412512040675,43.03476853603883,39.91669007379949,38.07873132003332,44.52706226511029,48.73866760011435,50.96635452125113,52.81662751660296,54.03280133686845,54.950584330166876,54.89331180848177,54.90958032714937,54.33182379423717,54.579439343716814,53.42282499527121,50.59714845546422,49.6267706894345,46.32619236619118,44.39664210326249,45.27023785510104,49.4004807093355,50.72360203963488,52.2533513181854,52.47452782675624,52.46739788512028,41.60798553538355,46.56031087304645,51.396587362081775,54.45868746564016,56.60619814057814,58.13458888625248,59.33431605499517,60.18597320671905,60.702791564144405,60.739619999870804,60.59695162938081,60.066970340304884,59.06113527466221,57.81701533156203,55.81152891966289,53.17513855537176,48.876285513423795,44.761067168401915,48.54937283891723,52.81044736064416,55.55946474675107,57.5485038955204,58.766524950128925,59.55033170333894,59.982628267187806,60.09690499052988,22.04119982655925,59.064050836537874,57.449888615113395,55.643535438137576,53.79169496092039,51.784704545193776,52.32449724062003,55.1528555902067,57.42543679253178,59.57427690469803,60.879204833173205,62.007684447831714,62.75405575855093,63.24601986693281,63.31539247054775,63.15439006384259,62.61262868792493,61.865071251858524,60.502733932979424,58.819965749861495,56.37554768746615,52.34542591311529,46.58526517459542,46.5117136609885,52.41964636293325,55.89842410025818,58.36841036219251,22.04119982655925,22.14843848047698,6.989700043360188,23.05351369446624,15.314789170422552,18.129133566428553,11.139433523068368,25.118833609788744,10.0,19.138138523837167,19.86771734266245,53.16517589222442,55.61749954612687,57.98513223702688,59.8789854141196,61.27509734974008,62.34817339073921,63.02959615873989,63.35943276902882,63.48862466229785,63.136601432506225,62.504866052878185,61.715734731678566,60.336247712192595,58.41151660271522,55.492252598001876,50.71859923974414,47.08454894458389,51.27985457841426,55.39253044018664,58.19602495546456,60.11219313939612,61.603616701255376,62.39455897094332,62.96335176573397,63.02007143883972,62.558080459080124,36.65111737075051,61.11484310231369,59.00350739876231,57.38911302651634,54.54814382133351,51.828994675482605,51.51875262393539,53.378285041827226,56.050463321847474,58.45431078196341,59.5900559734475,60.64188718067028,61.291463619410884,61.48396562793246,61.40921714147793,60.75457173588474,59.82754568983331,58.75311923722264,56.50817301235798,53.647760572774246,49.45429191555494,42.77035888172111,47.34719841655679,51.53753906455187,54.63775071728131,56.364738542724375,57.79902986328036,6.989700043360188,19.86771734266245,23.443922736851107,10.0
11.139433523068368,19.912260756924947,16.020599913279625,12.552725051033061,50.029863408567856,53.18549556020933,54.90433273306187,56.82294029183831,58.01917287063563,58.89349332192423,59.559017186860345,59.636712130634486,59.717474702252574,59.263717759498164,58.86613663870364,57.95775774158736,56.69700787110018,54.80904802449789,52.15671924998772,48.6683650719143,44.43935427422424,45.53701021549961,49.026772111345444,52.80935583136947,54.84301263260786,56.408092701360076,57.72765311442461,58.111116453667094,58.37050918808483,58.761167629600344,20.0,57.65747510214537,55.56959477188674,53.528806881892436,52.57805725356573,48.098356900904676,46.258267132857114,49.532763366673045,51.6920697809102,54.273124214931336,55.76241116836443,56.63832795231394,56.91102719847684,57.08036579244005,56.981188221609,56.31484355385979,55.1322426097517,53.398031072335,50.488339676055745,46.234250406935104,34.00710636773231,38.540022331269896,47.83939292811006,51.04872751964776,53.46337323917045,55.01587765970049,56.09351050779697,11.139433523068368,17.24275869600789,12.552725051033061,12.30448921378274,18.692317197309762,19.294189257142925,18.129133566428553,17.24275869600789,16.532125137753436,11.139433523068368,20.681858617461618,41.44543074272788,43.901222515067005,46.18780024506215,47.293996989110276,48.74186002442825,49.304650807842485,49.557695034841835,50.15862508097314,49.993480692067216,51.65816872922176,50.315902239016594,50.54570925182847,52.669463062870115,52.54054774935042,52.20173488910881,49.66047821076454,49.40765435631217,48.8516325425637,50.409265555634036,49.65267569516474,50.86566249480316,51.76235999760871,52.27063592342826,53.224446557692204,53.71800923708147,53.532717128375,23.521825181113627,53.02114376956201,53.48158775313901,52.29635774460915,48.56324004484793,48.26398782187618,43.476226994672416,28.2865989653532,38.85417765110936,47.75654130082596,50.244856676991674,52.401497133124685,53.943413420029096,54.96272176519723,55.731734132550315,55.32363210490084,55.22998159844111,55.55290381271114,53.63207578188511,52.288980233911495,49.91978790994584,48.34198094562075,46.511325785504816,43.8746101632035,44.56274912840168,48.0520851154057,48.67679574481847,52.52836047064712,55.171668560105616,56.97306950702366,58.494169566783114,59.431273373776264,60.0108134880146,60.18574851245545,60.04950429984156,59.62799154954428,59.21179068862344,57.67373330060614,56.017928180573875,54.2619233635735,50.52324499887814,46.20895665991963,47.397937860816754,51.80965540368041,54.666200167522554,56.76529003683365,58.23802760160553,59.23718477440366,59.78593608012119,59.702003817590274,59.728898504618414,59.15219325391944,57.72651703812302,20.0,53.80509716578931,51.970074871914214,51.01307059236078,52.63541389171578,55.83262269303246,58.26205719511887,60.108670530381154,61.50005981649709,62.45049749509276,62.99469162789161,63.428496587060565,63.63483552623221,63.46281368646765,63.00749568058163,61.98632073070881,60.83047303684814,59.22648658391516,56.57217487460991,52.865687340572634,46.53955004827485,46.038477712994236,51.785971331011055,55.56017703246427,58.13416178902584,59.71888810525118,60.78590928361451,15.68201724066995,18.325089127062363,16.989700043360187,12.30448921378274,12.552725051033061,17.16003343634799,21.072099696478684,12.041199826559248,15.68201724066995,9.030899869919436,10.0,57.00991709410082,59.08575621485795,60.612311285379036,61.96603082080459,62.744924504960274,63.26703012297255,63.57055654229007,63.54975393549408,63.217535227344655,62.4868840436248,61.66828108708649,60.14850544354637,57.83995714216274,54.791576569791914,50.348249073818536,48.12913356642856,51.94930399217724,55.893798442419175,58.41425172863083,60.31349072945392,61.343585040206044,62.051309825590835,62.745799261770344,62.60155613856902,62.52938910894055,62.46141199498219,38.24906471302113,60.01049722993066,57.225195761694074,54.436775212270476,52.860363438099384,50.376814217028205,51.74426170933885,55.60112357706291,57.586651672741,59.49199656117939,60.49721822152435,61.2177513260123,61.61176570965513,61.608195464801305,61.3572085710867,60.81851171517454,59.75392283615041,58.191067890373674,56.039256161901605,52.900257026663894,47.77991979872234,42.89811839117621,47.1575271682286,52.09131486535219,54.94877815637538,57.17091890401786,58.21359565667311,17.24275869600789,14.62397997898956,20.170333392987803,18.692317197309762
13.979400086720377,15.68201724066995,15.314789170422552,13.979400086720377,50.443084409071865,53.4463784591778,55.24122086081354,57.016241029834234,58.14711616546995,59.049210158475404,59.48883196804821,59.66896514118113,59.455572076159356,59.382018934715575,58.42209704640431,57.505677880813984,56.435237370420666,54.25535850729745,51.412145321839716,46.72245677706343,43.86534635090479,47.67816085510706,50.375260953454635,53.58030076576958,55.43821046691718,56.95748650497487,57.85697761488764,58.239968937769355,58.46313602675395,58.0905847185586,20.681858617461618,56.25370078633351,54.65507767510942,52.39599751885042,50.23190707213023,46.709598102383765,48.148466686044635,51.549228056205834,53.75466079343102,55.934322844230195,56.88481224053798,57.36247461901986,57.641380084819815,57.58658353855682,57.175040747642015,55.59391866572887,54.0316858272777,52.93676282672905,47.17071062628415,38.71864702088195,39.72943008105568,45.99326207207714,49.981241454062335,52.44924985787863,54.30052469070315,56.03659588521047,56.67602361847101,16.532125137753436,18.692317197309762,6.989700043360188,17.634279935629372,16.127838567197355,20.644579892269185,12.041199826559248,9.542425094393248,19.084850188786497,16.532125137753436,15.68201724066995,44.52491782788313,46.48603928135281,48.74162792722622,49.18182418124548,49.76304116552002,49.707651597807676,49.89467616256145,49.66892295867137,49.82316469692065,50.681858617461614,49.33917319988705,49.37979022318675,51.62636086078966,51.46007036789794,51.0717264586205,48.63542926215682,49.072500828813276,49.530683284796105,51.76163635438134,51.90121504821717,53.122641220105535,53.596419980360174,53.706425999569056,54.49880879983618,54.50792406475321,53.74141375754888,19.030899869919434,51.97429433570797,51.65259168471885,49.571761304048465,43.286445849439076,39.71461405024587,36.25826713285711,43.426792335874765,48.74046725512229,51.320835019057355,52.939037041823,54.12710803660155,55.18151876929111,55.6469091417906,55.59002399699055,54.34549743560866,53.41616514197262,53.369717792790894,49.9202302776385,46.94754324967783,42.74180949419633,43.78615902031225,46.01647215470563,48.5033985458348,50.71742127236835,51.636890084741864,51.76901186391347,46.24168607391142,50.74436083679121,53.8319937972461,56.24756362819333,57.9327898473926,59.24219825008897,60.025720776920636,60.4488846701264,60.617694134661726,60.63496235756493,59.94108095391024,59.06747048890529,58.078738079475244,56.174071704600514,53.30190480474565,47.9641473882494,41.900514177592065,47.491795673499276,52.470521748566156,55.456064413959226,57.43240795161039,58.85511613691647,59.6988210922801,60.28713147837509,60.36708721569886,59.859655268632864,19.138138523837167,58.00956836099307,56.869114139796054,54.924698312338606,51.85170876972472,52.52078374364311,54.665058046502544,57.00442369732764,59.24240508037667,60.63511244369603,61.77294324067714,62.610964961931586,63.251306618764794,63.47757852958238,63.416469702271385,62.8841311732929,62.17493682829462,61.19264139474684,59.41036131993847,57.0666061210978,53.47185551779386,47.64460087566783,44.28717783203831,50.91754862561454,55.39443712767771,57.81970673912552,59.60990383186933,23.010299956639813,21.958996524092335,19.030899869919434,23.54108439147401,12.041199826559248,11.139433523068368,16.532125137753436,6.989700043360188,16.020599913279625,15.051499783199061,9.542425094393248,54.56731840459614,56.90063112384906,58.8815982942803,60.61025514629733,61.778019011599085,62.750239569656394,63.32407957232002,63.531176564849154,63.382893178224684,63.08898062548756,62.3187234937678,61.20201330997222,59.74737301461381,57.42754188010462,54.035494540323185,48.494746952901906,48.50094594386701,53.602619814016215,56.39168620814617,58.837437446080344,60.803645326918996,62.03844389670073,62.85708723120951,62.54743550215774,62.88259959803454,62.42443030072745,23.979400086720375,60.6075599415576,59.59156870664347,57.16407383570833,54.45107360258192,49.861982661866776,51.60030113674559,54.209009197626976,56.44207101019865,58.78938082035094,59.913146981766104,60.926287244932844,61.434148542368874,61.687310675911256,61.47070671808991,60.86792841282376,59.92371897936355,58.68823055951647,56.49731968915014,53.44914684840913,48.8031615461507,43.71141778446181,45.436956323092446,51.09730371580606,54.709394375650504,57.05512201895747,58.06823474293003,20.0,3.0102999566398125,17.24275869600789,21.13943352306837
13.010299956639813,-inf,12.552725051033061,12.552725051033061,49.04758810319751,52.64761172208503,55.269850685599955,57.02744941433437,58.076845024684275,58.947069733138676,59.62759409788461,59.791498610268796,59.874092760181554,59.17486603939908,59.17867183456615,58.2885638000047,56.057972548998514,54.14881468265874,51.43239700304412,49.508028229646584,44.33753837516757,44.565178578052624,49.65168763033954,53.13109707106229,54.964674456577676,56.420022799794864,57.62884036163598,57.994673724972614,58.0816909492093,58.68898241371929,13.979400086720377,57.602897620536105,54.8681288633463,53.131772828437384,52.209575321180864,47.6618969331016,47.46299398545909,50.59495258231457,52.76748941031243,54.41126175037448,55.92187864529584,56.87839188127665,57.18392894023127,57.23271735236846,56.95022622857622,56.899567089506,55.899429026445056,53.22091055526829,52.22456336679247,48.72418519080333,41.89799010639827,40.991279277264674,48.42640437806179,51.866540878601704,53.77664978765854,54.45071515743132,55.55964584741422,19.294189257142925,9.030899869919436,11.139433523068368,3.0102999566398125,13.979400086720377,19.294189257142925,11.139433523068368,0.0,6.989700043360188,16.532125137753436,3.0102999566398125,45.88159616383092,46.46011409591239,46.072083167831536,47.21480854770049,48.03354675623902,49.31508721866617,49.572480195790504,49.63943578955934,49.787509813329834,51.00894140165353,50.03262296931694,50.321552123887805,51.27043214930385,51.09257853737479,50.589003004481214,50.424691898071394,50.20382002310025,50.56161343119748,49.12041284369323,49.6764624294686,50.795574715910774,51.67308471505042,53.19091478434924,53.510538172186884,54.147227211588785,54.436274853189566,20.253058652647702,53.881882649773544,53.564274416923546,52.59835086602176,49.872013389326206,48.37746220065368,43.466854150275736,27.109631189952758,36.55138434811382,46.54301708501481,49.8480625232509,51.96919185107558,53.37726744238046,54.510138401541695,55.21164245234233,55.379298575111505,55.247556132513225,54.80584659137673,53.640648388104246,52.383096123066395,50.079397125142684,48.381183580665166,44.17986230686384,41.70085614365889,44.114345021650045,48.64285569099234,49.413623357117615,52.768293053433894,55.230242095678676,56.98800596451392,58.531510454706684,59.39771269957858,60.083148061630745,60.278309388636025,60.08254727721769,59.62703097909522,58.98549673613008,57.70251681653022,55.784948031003765,53.3310454039859,48.95842271657986,42.69909698749761,46.59459808594025,51.62830158820944,54.806392293901816,56.90670885370666,58.434850566972926,59.3700455959674,59.97087868214119,60.0184486758895,59.96119667103822,59.41193297297842,58.2871788450857,10.0,54.93375785180259,52.87698740677577,51.86447760774917,53.30821494009694,55.76166214735131,58.15503367364901,59.88489392848517,61.320613933203916,62.387587150563526,62.90748716759603,63.32778086766585,63.43016468523878,63.19754829115095,62.76249660406516,61.796106696928845,60.55286569326153,58.874957708877005,55.957364502889405,52.02646312658311,44.47111497297647,45.92931396129448,52.210958994170625,55.847799895882616,58.371419206923356,59.89386181743544,61.05894918434386,25.276299008713387,18.692317197309762,18.692317197309762,13.979400086720377,20.969100130080562,23.521825181113627,22.30448921378274,20.0,16.127838567197355,17.853298350107668,16.989700043360187,56.645714674819544,58.87861381740454,60.62971734290979,61.881412620027156,62.734203087810705,63.25937438382172,63.51673033229045,63.49149260493351,63.151767711755795,62.32865294400932,61.60798553538355,60.10213852616693,57.465221084783416,54.355401896711264,49.24382677201973,47.69561935848059,51.84455769230421,55.712766510161416,58.56864774906132,60.42669999600307,61.68832061891642,62.371011757532926,62.80447470492448,62.946055307781705,62.42116118360984,62.50480994441836,36.40779477344857,60.081648075768456,58.699354106468604,54.73114558023538,51.892375801668315,50.72301377396709,52.40521792016438,55.344893603164344,57.93724048474048,59.49027780903336,60.5977123885006,61.35685269461958,61.45988108273479,61.60085691063184,61.223207518238574,60.81029212875794,60.00608454436663,57.95774384080551,56.57825230554997,53.512956524574335,48.64285569099234,41.66637294231805,48.5033985458348,52.46621662695988,55.26041890680879,56.954720448525464,58.08414226503966,18.129133566428553,24.62397997898956,18.573324964312683,17.16003343634799
6.989700043360188,20.644579892269185,13.010299956639813,15.314789170422552,49.51769655060065,52.997948445894835,55.26228104455071,57.15492747584604,58.20117351956534,59.035246067967,59.40413377558955,59.65563854158618,59.56583790113016,59.30205053204388,58.65346827243361,57.57263138648245,56.63700925389648,54.869020663173096,52.30165260011151,46.32224391213061,40.783843087481905,44.24391554410278,50.507856299529095,53.167019451954346,55.57085936526085,56.95447526992781,57.61801589149919,58.56659421871109,58.574127128644136,58.00904636500274,6.989700043360188,56.295115342004536,55.89687159054962,54.08845180640735,49.911285700679656,49.40516484932567,49.155581154115204,50.538042230410724,53.480418697347204,54.83126372272143,55.96140571688984,56.97363621898778,57.49106054187594,57.51760103569451,57.160116953714535,55.88475637266819,54.72056920715975,52.8937933481095,49.78696249254409,45.057602759200854,42.265999052073575,46.22763022062476,48.899736384039954,51.87072094248301,54.0078830570879,55.43030703909036,56.199152064315676,12.30448921378274,0.0,14.14973347970818,13.010299956639813,16.020599913279625,14.14973347970818,3.0102999566398125,-inf,14.62397997898956,16.127838567197355,17.634279935629372,45.72976098995143,46.4613895137352,47.28329428376807,48.43363607516661,48.761774123619304,49.54594627734857,50.283271984675686,50.84579852359802,51.09227459996097,50.00455769968617,51.879294420847316,51.75189887084361,49.87777951819497,49.805396555065215,49.94550297854502,50.713111607383645,50.36541069583503,50.27634965777544,50.75875295259833,51.47419690124637,52.06291446051501,52.634774688949165,53.1895814487584,53.591522114468944,53.83125690220745,54.40828824582588,16.020599913279625,53.63719130246295,51.302694238053704,49.655074345703255,48.35677891176452,41.23753668755842,29.532763366673045,39.806849743633144,46.80090643747286,49.356332030394285,51.58256921578406,53.39723659608569,54.511014598046174,55.07321441715482,55.30916524909873,55.74203793129085,55.3780902435983,53.72287716227227,53.325596414674045,51.594258139867925,49.128647830556325,44.761067168401915,44.39553732943139,46.41761561928513,48.658498699585365,49.09170769708037,50.79188484228672,49.36035956891423,53.03068559232365,55.785979557624366,57.69150517871999,58.86270137807671,59.76132089212295,60.33961063455461,60.58196668566581,60.539300550164555,59.82058557634054,59.27892126897533,58.02128301529589,55.95958928757548,53.17438587500128,49.25373981790028,44.14923234177824,47.01438454464351,51.61430895502262,55.269850685599955,57.115313855445535,58.515151793574994,59.39337509778484,59.87523263778488,59.92884303898555,59.677075314083396,59.31480754455756,18.325089127062363,56.54817399465224,54.20961881120924,52.16548546433404,51.20310642636462,53.68660570730065,56.4489135895262,58.79095879500073,60.50074134377659,61.68988953967785,62.53824859517836,63.21179259365362,63.45875770953128,63.42282499527121,63.21076217678328,62.57395351328468,61.72218959608898,60.14251646569532,58.2955591212345,55.32913548677953,50.737953071064425,44.260067313770115,48.41659743213005,53.44292040315761,56.81684353523791,58.86631143152868,60.37560351573343,24.29752280002408,23.59835482339888,13.010299956639813,21.367205671564065,11.139433523068368,17.853298350107668,23.117538610557542,23.117538610557542,17.16003343634799,20.0,16.989700043360187,55.345147298371074,58.00294260016429,59.739448519147615,61.38180446805376,62.31628853508451,63.10818167331014,63.427141525140264,63.53402232827157,63.3833614947035,62.79434223948985,62.04891526783712,60.69548593999961,58.897508948668275,56.23510822358494,52.43856232806506,47.0384142265593,50.03494998557833,54.205382700108515,57.81670661020847,59.785073706178586,61.15181996123869,61.93431836516354,62.31583756132498,63.01761816373211,62.84068934323963,62.29739164382505,36.06488850442648,59.75836501841358,58.69706249897682,56.741967958491806,52.32091022689656,51.02930835735232,52.32472609838577,54.159777443989405,57.51833937930865,58.952705716370886,60.286631442370435,61.068219849923516,61.56231946032101,61.715582599253445,61.5535334815885,60.732449496610634,59.844557501188646,58.34837629670236,56.32786178593402,52.92710070550254,48.183050890337846,41.3640344813399,47.9685868217593,52.09721389421045,54.97791848198304,56.81245761252879,58.01980328097975,16.532125137753436,11.139433523068368,19.138138523837167,9.542425094393248
12.30448921378274,18.325089127062363,9.542425094393248,16.989700043360187,50.389220367046235,53.749114048844646,55.19151752580921,56.99888000561881,58.13904420828,59.103025662910326,59.5640521014206,59.659773740003736,59.398715371756154,59.58075325840081,58.36001123638301,57.365470847130865,56.65289174675848,54.831592097169796,51.95758552939117,45.81608366032057,43.01811023017477,47.52954524084103,50.48663167388821,53.56599435724971,55.53953381503412,57.07863013234109,57.795878341386796,58.49933260301845,58.48804701051804,57.73523156411806,3.0102999566398125,56.00307338523616,55.203131877761045,53.08506788357461,49.62321972729584,47.587908178273814,48.574531170352664,51.53912379174297,53.914150373496625,55.93872854295451,56.86752423033876,57.53719376857835,57.88487962162516,57.91248411779453,57.434980056933725,55.39559076883768,53.753928955669316,52.99097434697106,46.95096244273125,40.09833178608563,41.828709639889084,46.75274120888021,49.673326475643805,52.25412672865954,54.30553935048927,56.196546274415134,56.76021991315043,12.552725051033061,16.989700043360187,15.563025007672874,11.139433523068368,0.0,21.613680022349747,9.542425094393248,16.020599913279625,18.633228601204557,6.020599913279624,0.0,44.69129537394409,46.387387797893695,48.65991800126275,49.29541532730184,49.649663748310985,49.61459063508849,49.918372030456055,50.29858400993401,50.019758812442646,50.294040713457306,50.14528938956798,50.01188339597614,51.2326674568785,51.26598907272697,51.047772268974754,48.76662302908478,49.16795985235871,49.17048393373978,51.92269087007983,52.16231899472034,53.21260721703392,53.80762807215962,53.66538753648976,54.360035356698965,54.432473369251014,53.91254531480867,17.634279935629372,52.382092467096584,51.259657135893264,48.96553773371796,44.16607226792504,38.81840968324927,37.1575271682286,43.71621927176022,48.80133045616997,51.400080967575896,53.01171118439391,54.19666673085815,55.12482941432829,55.54485525725166,55.47186225385461,54.612418360241136,53.88031893729546,53.13574078094082,50.51110056021869,47.192732666698156,43.5260695413652,43.36259552014194,46.891045416815224,49.11615641053059,50.8826369934928,51.60150272066711,52.26757099090277,46.04452864099684,50.7970570175171,53.889320340775214,56.34134536062571,57.9786004887016,59.236138924177226,60.067611766164134,60.524330560898186,60.61152289940806,60.54900956859433,60.019456175736295,59.16037352519311,58.033048127361,56.02738046862893,53.17344484105881,48.11588409814419,42.09783014848515,47.11182745486049,52.63655001994769,55.48364846321437,57.48787095127475,58.880766668818005,59.72759008720446,60.28311737080947,60.287261559605966,59.99486360301492,22.671717284030137,58.11924043699137,56.80641859486555,54.76670802582036,52.1353103797005,52.76712198106416,54.628724674197755,57.011058156721184,59.238364936525194,60.672929704499964,61.748180699072805,62.627170433164636,63.21541473472362,63.44942359029871,63.38938531926275,62.87183876113977,62.25355293822752,61.13061842709157,59.56261140529351,57.271800080428676,53.61623970570122,47.673191597998475,44.45059047392219,51.05060329340992,55.34093403787705,57.7423220878466,59.614334344993495,20.170333392987803,20.969100130080562,6.020599913279624,20.644579892269185,17.634279935629372,14.14973347970818,6.989700043360188,15.051499783199061,11.139433523068368,9.030899869919436,19.86771734266245,54.76092206257591,57.03017815452769,58.85010476120017,60.654646842762574,61.775656442959075,62.785169602889155,63.36828827340969,63.492732525124175,63.41724485030582,63.06855676981938,62.291676527667974,61.23922167276451,59.77868498327262,57.46217605739882,53.95740392027616,48.48121349444844,48.64807629026147,53.30432037686332,56.52347890200372,58.981353031810784,60.876465668895065,61.72282053535393,62.59865645938248,63.22957381419599,62.79630675295289,62.241146228132024,32.41795431295199,61.077524987401624,58.86231763348016,57.291809944084264,54.4942439829251,50.40254132121299,50.44006363931014,53.96927792440792,56.50300722046529,58.93527079803011,60.09244323079169,60.99587420047718,61.55367925050043,61.71528709604526,61.6388052687779,60.81543524244998,59.88686016244391,58.76745372670241,56.34557874185073,53.28041007236237,48.26910177682215,42.94466226161593,45.9492266271699,50.984256587091,54.57327704332754,56.904176023398215,58.14213623515847,20.0,21.13943352306837,19.86771734266245,15.314789170422552
20.969100130080562,12.041199826559248,19.294189257142925,20.681858617461618,50.45905559734645,53.58030076576958,55.14263442435086,57.00361856892809,57.99012981697985,59.122900924436756,59.45356796542317,59.602461992204894,59.483356857859874,59.51602678086744,58.52933570032204,57.51763180251805,56.99838592721634,55.15615573565928,52.47452782675624,46.476372122701136,42.57198426139344,46.413650274154456,49.84279717426286,53.12959735882106,55.35309313753036,56.81563219729297,57.68016919444883,58.50212336566883,58.725204610144175,58.194656238706095,14.14973347970818,56.62667186852518,55.78209286340912,53.87925244679507,50.56546601148994,48.575797326242814,47.711463488149846,50.16067631549727,52.667254670319195,55.272947075596754,56.33178492485074,57.00496902209718,57.61417355209085,57.77136712504173,57.506048083231384,55.692451239639134,54.118704470461395,53.667515891092265,48.303127366927086,41.60918499539781,39.532763366673045,44.304781879320444,48.38351570159206,51.326182507796155,53.683705738475055,55.77304484313779,56.49215070396909,9.030899869919436,12.30448921378274,18.06179973983887,12.30448921378274,10.0,10.0,16.532125137753436,13.010299956639813,19.912260756924947,12.552725051033061,20.170333392987803,43.77488383376133,44.98655095245119,47.898978569176265,48.66600390957159,49.31508721866617,49.55177647812878,50.155986355058346,50.233100873053885,50.66940585379413,50.67323841684554,50.85051418469384,50.8117802240517,51.76698846118572,51.77077434649185,51.55414992920584,49.30113241580648,49.260335966788446,48.86406114109727,51.33491005601791,51.319841646470735,52.21896519382077,53.037876775920324,52.88061333561104,53.945707452486516,54.17320535742809,54.0149014785835,17.24275869600789,53.198656703279816,52.14022148700433,50.62273544444231,47.21332380842671,43.35498018419024,36.60960291776084,38.14846668604463,46.18780024506215,49.511042779299984,51.66045087851225,53.378524442343746,54.74602293929699,55.45471647022809,55.955237777078146,55.21674080333172,54.83975065016418,54.49746761158109,52.44635791456161,50.62205808819712,48.07298198602203,44.06420945974621,45.38485760158375,47.09439574132411,48.77440458855396,49.35648313051384,50.505344195401236,49.776184475788874,53.44284177896594,55.68675667989777,57.69750157006445,58.93379992004701,59.86429536615891,60.21310471005495,60.50930492966485,60.37235605482895,59.950662911849804,59.115459021944964,57.92748084983807,56.33614879032545,53.71141778446181,50.022956825549336,43.429159170840855,47.179117107184894,51.78323576275972,55.16795740317124,57.11092374186325,58.52068072540463,59.49043408733929,59.79745901900105,60.173288930286205,59.82456221180932,59.166902457359456,9.030899869919436,56.380707349262124,54.50195203176715,52.51555489810396,50.922327541532006,54.042177445149235,56.589343647892754,58.7536284855334,60.568427504049836,61.75089780286038,62.47468995824014,63.14424488366881,63.54538869110604,63.64819930766611,63.306598714623405,62.49707467943668,61.657311872667144,60.254979775902356,58.22258329987634,55.49655440636751,50.75671027807288,43.953788198221545,48.740235083473465,53.54093065619304,56.86923916416806,58.78343675263225,60.25152606021944,21.367205671564065,17.24275869600789,16.532125137753436,6.020599913279624,21.613680022349747,20.644579892269185,15.051499783199061,18.129133566428553,10.0,16.127838567197355,22.50420002308894,55.835728091437744,58.17785435655007,59.828155694293166,61.29345026009786,62.22623360912944,63.113613357320034,63.48121174119071,63.578786517543406,63.362723664156604,62.82955917825164,62.00483873230266,60.61550485879633,59.03342347324431,56.48864280461177,53.13500234096564,46.614340503939204,50.04600780332984,54.2527330461063,57.45478435325581,59.61311913424768,61.20658149848069,61.96165127114807,62.7165135782355,62.660947523554604,63.097536257583904,62.354986512640444,37.330366829335794,60.09025742086911,59.33589522301001,56.43196959692125,54.480319446525456,50.2840856511547,51.29809081301177,54.5020290432103,57.10063180743829,59.128069235184206,60.214283020651855,61.126184054784005,61.723614921098246,61.871610099197156,61.62470309148417,60.671917866848744,59.70496575077035,58.53482227348319,55.96290232403899,52.790392270610546,47.76119799052988,42.682268376646284,46.419101690776266,51.63665174459272,54.616380668609416,57.01896819176425,58.073185033320215,18.692317197309762,18.06179973983887,13.979400086720377,19.86771734266245
20.374264979406238,16.989700043360187,3.0102999566398125,10.0,49.92235301556633,53.12904803884925,55.4815961740766,57.253602508930086,58.27276846387675,59.05676095682534,59.65718970244221,59.916924701585245,59.90865195481416,59.155628629263674,58.969889244215295,57.97966559199365,55.74962553992192,53.753928955669316,50.5922251252969,48.15431630801565,44.58139068178272,46.954291376895725,51.17748425871862,53.81905300989742,55.63919904493979,56.978445933060236,57.78311186064798,57.89818240119928,58.039498558533765,58.375404611951254,14.14973347970818,56.778769342614915,53.593648998321115,51.015546223638594,50.31497334028998,46.914439899556825,49.58912516596701,52.65124553159181,54.642211975344495,56.02447426285917,57.155596355685645,57.779376697538325,57.83459057171253,57.57136285552932,56.973383387401874,56.663120162361636,55.405421894382926,52.02283927151903,50.1573687447745,45.030003380130296,36.30732892817197,44.72302908574988,50.959709223437144,53.257208580194124,54.81376691001419,55.42004594256751,56.18366114036827,16.127838567197355,11.139433523068368,16.127838567197355,6.989700043360188,12.552725051033061,18.06179973983887,12.30448921378274,16.127838567197355,6.989700043360188,6.989700043360188,16.901960800285135,47.69680044932302,48.65725643001256,48.46442270425858,49.26723059315801,49.508174143137325,49.68781715085214,49.24842469534048,48.941498467679224,48.59738566197147,50.08336108578916,48.386476320849575,48.56523473070584,49.94268748358294,50.01474096691733,49.42940164741608,49.86883651412053,50.41885921420104,50.97083696066521,50.84483332544515,51.93472451382192,52.9593636810846,53.99777524488799,54.405328452972455,55.057602759200854,54.99238813372969,54.27596453913441,17.853298350107668,52.57469775402719,52.246677066877425,50.20775488193558,45.34394211412905,41.26391191616615,26.702458530741243,42.79301837274616,47.15418322595056,51.03571123051988,52.623419090887495,53.891660843645326,54.648247518018096,55.251031411837005,55.23700954526099,54.07603325351417,53.34783368141014,52.53882954904354,49.610697192655564,46.89433179216617,43.87193993696869,45.028093493890424,45.4775009877109,47.954698497235675,50.50557614282048,52.84755487226674,52.812720499226344,47.47722462035508,51.13010287925757,53.49724222634397,56.22794076739478,57.70015742197775,59.14868119152803,59.90956995667254,60.34267798381969,60.427432130126,60.351390438733326,59.69961699230238,58.857913430340396,57.65090103632399,55.684481456058734,52.37465819527634,45.98921759818636,39.73958686106704,48.303127366927086,52.68076933949145,55.95201815900956,57.86890487653339,59.38699809969652,60.03745229104012,60.693639102851705,60.86799598092155,60.47247211877456,21.335389083702175,58.73980553319983,57.49026336381115,55.88352394063095,53.326908833356164,53.122641220105535,54.50921589841701,56.73508407895557,58.82071793380372,60.58781211022047,61.576628353390255,62.486070698894416,63.02391760290966,63.23757279628126,63.21436238724119,62.58096112595506,61.97907970442039,60.797548596083566,59.04924259340234,56.49697917323695,52.61978567181696,46.37269524418903,43.63931473001837,51.4813973650122,55.71672736129251,58.293455917676624,60.02426128428995,20.170333392987803,13.979400086720377,20.863598306747484,13.979400086720377,20.969100130080562,13.979400086720377,6.020599913279624,12.30448921378274,9.030899869919436,19.86771734266245,18.129133566428553,54.202479320181006,56.61731306833913,58.878557592886565,60.72718873571261,61.77346003433851,62.655913109209564,63.155263829450476,63.39343699059966,63.373116759306534,62.889457295312134,62.316673227098214,61.31522749733282,59.27500221286863,56.721606874859646,53.22915675360703,49.36699685258227,48.23637222034628,53.07985680193261,57.44526109290092,59.33094828263077,60.873770945148266,62.250054278263285,62.60594373951995,63.0717522613666,62.78599284710671,62.770361176539424,34.72610197596045,61.0932099837745,58.976408345692484,55.92472110476887,54.6151803508109,49.27621831942329,51.76453020410962,54.0776809238926,56.93692661163699,58.808050205945854,60.0116668366936,60.956982057887274,61.416143664690935,61.499961430514524,61.40993289197144,60.97238215591425,60.324229216014444,58.31476876711092,56.97398492805902,54.13517695040015,49.93533219449522,42.94906910605192,46.8859777508117,51.969633383937214,54.974783933162826,56.93573072406798,58.143841239150255,14.14973347970818,20.827853703164504,24.377505628203878,17.24275869600789
6.989700043360188,17.634279935629372,17.16003343634799,20.969100130080562,48.91520732274182,52.67493222048544,55.563338653472734,57.2097913886424,58.275992848054315,58.94073366079106,59.547247909790634,59.805146739303495,59.802997730353894,59.271079617026814,59.09663519867407,58.00772048788364,55.96391444239022,53.901381698039444,51.28741657637846,48.224623057586705,42.55393125707304,43.978183891895824,50.606071955245554,53.540873004059634,55.63825062251492,57.062986438187394,57.82078283530754,58.372676488643805,58.37493741615177,58.49437227490928,22.87801729930226,57.123912363475604,55.123387972250924,53.255669711169915,51.16833465325471,49.07588697309848,49.42127157460916,51.31750151634242,53.632358044836934,54.752832002615975,56.10857041200916,57.110619646608995,57.25470583190458,57.1789840619773,56.60979252046847,56.432009101311934,55.21698903170456,52.09721389421045,50.816712872909235,46.89424300390077,41.13742862429349,45.17591730711907,49.97495599658018,52.965686696517544,54.59972667328094,55.017847633885,56.00755149639618,6.989700043360188,20.863598306747484,11.139433523068368,12.30448921378274,19.294189257142925,11.139433523068368,15.051499783199061,0.0,15.314789170422552,10.0,16.532125137753436,46.46923000478495,46.81765693079672,46.395761279607164,47.797840198098804,48.45556908821468,49.61311913424768,50.00781027353496,50.096420792661426,50.675357896963504,50.50476427265063,51.24328123805214,51.46481531566843,49.949415244695814,49.63504499414291,49.289946427424304,51.31143695830672,50.87699802517966,51.21379260945717,49.63414740355159,50.96440721504549,51.514464656630075,52.222715465730204,53.516127361852625,53.59960632148011,53.89238756136076,54.28607722960219,23.891660843645326,53.60404054729939,51.67615625093306,50.10978012174743,48.442161478433206,42.009872191631665,29.185545305502735,40.101727032867785,45.901839900984385,49.509195400329034,51.92971454712139,53.58743633583807,54.3908310020144,55.04232920847695,55.23888174523772,55.65683747106462,55.22831404601696,53.74036766503352,53.29757777612568,51.62220777728795,49.12588686548272,46.38139683961196,42.09568627835941,45.06559146725782,47.65295929698056,50.22036380699923,50.501244413725665,50.03805073565025,53.35283345430318,55.779935910232865,57.53609100462011,58.8442206136176,59.77490395120758,60.40773571845794,60.524403691845585,60.50109349885958,59.89774527162176,59.242172395610396,57.981677509369106,55.78987422636267,53.17938039636056,49.19961479683546,45.015111317240255,47.30782275666389,51.86597569639871,55.00852340796378,57.116764993775945,58.53148000347997,59.35325852054135,59.876792220786385,60.113716460047826,59.78038012089542,59.190074483716685,21.13943352306837,56.62331825395789,54.291852283207184,51.89709230522571,51.74016172463816,53.46542692306939,56.36323374906154,58.72023923929842,60.35504982691293,61.80821222048071,62.63519136513133,63.235132172944965,63.424025448839814,63.43404654607018,63.15645447215091,62.6395971627406,61.60183309797154,60.282983096407186,58.24517629067219,55.34721436191997,50.62363842179684,44.60957948559966,47.74341752782963,53.616711852165594,56.76483268736462,58.9118329919168,60.3130220060234,19.49390006644913,18.573324964312683,10.0,9.542425094393248,19.54242509439325,0.0,15.314789170422552,21.702617153949575,18.129133566428553,22.30448921378274,14.62397997898956,55.16034026461221,57.70089487047702,60.03489828764957,61.410686186128025,62.422600892774504,63.02473793696955,63.40240404773355,63.59691515462066,63.432204572633125,62.80174844476442,62.133341723357766,60.800363257557485,58.71316018745736,55.91496459573855,51.62579340739485,47.38058776586078,49.773302764347704,54.3173838259421,57.43278445243205,59.93752246604708,61.10860638997287,62.33519234343145,62.740663605773875,62.95776830039715,62.72788125941824,62.34225884522277,30.644579892269185,60.265054818615944,58.33240210588846,56.58083932095255,53.50577491817282,50.875116740844824,52.54318422766606,55.03688564199031,57.14568639841853,59.13337456141654,60.3107544483337,61.22931464597045,61.41447578404759,61.592389422895735,61.30017422584931,61.00759856892373,60.08142218074258,58.06725214019543,56.6302399150591,53.82357496883379,48.73308973962765,40.58919260718884,48.186085377613665,52.60076160425687,55.18126850519499,56.72139437331811,57.93724048474048,12.041199826559248,16.020599913279625,14.14973347970818,6.989700043360188
0.0,16.532125137753436,20.969100130080562,11.139433523068368,50.38322053381606,53.541430275959954,55.181479254866275,56.895796536534895,57.99771183580986,59.02930354435565,59.43879175924624,59.49673425487347,59.449887250861835,59.33613812097788,58.276283506540466,57.277640401172604,56.64782017645365,54.74755154291798,51.87977335945071,46.20531634720475,43.74693368545393,47.29958110557302,50.4363730959257,53.47027367664761,55.468805907452044,56.97112468680422,57.61016216364641,58.316138553090994,58.33655085941989,57.7358241025809,14.62397997898956,55.87955537476687,54.96564355179444,53.18985231568206,49.95165551769435,48.25821930816132,48.73553093513618,51.50031499475198,53.74488057829779,55.8017200215562,56.65896045063826,57.26829048511598,57.770060998037465,57.730722698510235,57.378515384598046,55.24895695276142,53.722213675498686,52.62745266117747,46.60372112436349,39.189734304929544,41.46283113159587,46.65590370927067,49.67702385381606,51.95440219137381,54.04205758616311,55.95201815900956,56.4797922646009,14.14973347970818,10.0,17.853298350107668,6.989700043360188,12.552725051033061,10.0,16.020599913279625,0.0,9.030899869919436,16.532125137753436,12.30448921378274,44.87986331129393,46.61168809241556,48.63542926215682,49.2854434738547,49.61715270453766,49.72628590095014,49.883136494546534,50.1581644665648,50.17383974027655,50.092808842553595,50.21408459072693,50.00286539810317,51.16491518140315,51.032459613678725,51.176192548556216,48.81823865291317,49.43553868726991,49.39344501294252,51.92879542598854,52.17370749689604,52.929866665841004,53.69916844005586,53.5610429096367,54.298329963825125,54.25462484254102,53.937243293038016,18.129133566428553,52.383096123066395,51.174469670493735,48.84143716693356,44.356532853264184,39.548693710664786,36.78062904974345,43.71529632099295,48.816413910114974,51.193218864639775,52.57546586878255,54.10259144257069,55.03422942737234,55.28974516700273,55.47415310295368,54.518984475699256,53.535623453667434,52.852534215992286,50.35801831151965,47.73098633247467,44.23458871819513,44.018311749089484,47.22847727028114,49.13946239058085,50.79239148118493,51.37458557395605,51.62265614298022,46.35684762547222,50.71119482711683,53.797042690244474,56.27949303784871,57.91781848301057,59.16178544865428,59.892188148115046,60.36048916735392,60.596183165235956,60.377339811200066,59.801306853344045,58.98901714926907,57.946365039863615,56.054440412365445,53.28389798025231,48.15982635423019,43.009648466053946,47.08403901974985,52.371917365751386,55.26624835514206,57.25572717738832,58.793230071717694,59.431897103344056,60.105212886288854,60.20081470412923,59.88491622637718,16.020599913279625,58.15478128073365,56.62777657716244,54.990764422896504,52.36096193424185,53.06461485310222,54.80193850687337,57.00448429235025,59.151390747161,60.581617229310744,61.55229728602492,62.51034655006595,63.11784578359607,63.40877201768944,63.33497653765051,62.75782947260852,62.10190326504826,60.97672658972332,59.41337481247457,57.094980753057925,53.63553694037642,47.99209551998112,45.19906710716738,50.84111351940677,55.19703329432454,57.597599808751674,59.47028158384632,21.335389083702175,20.969100130080562,11.139433523068368,18.325089127062363,12.041199826559248,16.989700043360187,20.043213737826427,23.59835482339888,16.989700043360187,18.06179973983887,9.542425094393248,54.71463340838337,57.16194558142302,58.71952193841888,60.59613773452718,61.649916315688785,62.725530805950996,63.21215950401199,63.395917444551266,63.28626245278603,62.94162996005446,62.174765743056206,61.13328892245534,59.77391128489816,57.55912950008896,54.13676883149488,48.82968281945967,48.91314399382143,53.34526127533384,56.53608024153698,58.89846050556017,60.524665413567334,61.5528744235682,62.22128605651478,63.06260715200694,62.845978768515735,62.69704365184759,32.922560713564756,60.44006363931014,58.87050435022197,57.48145370989121,53.005454871529395,50.56607600777853,51.5740840975855,53.73502315702992,56.86283149774842,58.89044411898286,59.876707329535165,60.88898359526333,61.41178764360434,61.71541875837402,61.55477236141405,60.595429711235084,59.71129203195818,58.68207573546985,56.27452911619258,53.031809324736685,48.08190709878491,43.88474207630949,46.49743643131735,51.2661513087518,54.51818661127666,56.90023214151958,58.106907727926895,17.24275869600789,20.253058652647702,14.62397997898956,19.084850188786497
12.30448921378274,-inf,18.129133566428553,22.55272505103306,50.641621189487005,53.40454030126061,55.29245508872855,56.90254572897053,58.059261089626126,59.02279815437946,59.49230410699837,59.61985073220485,59.51913281551694,59.16526061767382,58.60852864376956,57.53101774791045,56.24207815843143,54.09114459096941,51.05258050483448,47.817912652753485,44.86076097372589,47.675565683851595,50.37027879755775,53.76060240803457,55.410047967809184,56.836817973916425,57.85484302459699,58.174020652882874,58.0864909885081,58.27587011974151,18.692317197309762,56.63007951029556,54.25640172818134,51.855988105823144,51.16066198531999,47.12413973991965,48.62143310316235,51.91800210014708,53.9487526155075,55.740555875377574,56.77104851734309,57.40950563049738,57.45299691632374,57.407304995686374,56.76127286257553,55.85722355415626,54.26852707035369,52.04176980066301,47.58192516865709,39.87889609997745,36.10873000380052,45.011277575229805,50.28091148945303,52.650679423575184,54.43935427422424,55.83888787769965,56.396537998643936,14.62397997898956,13.010299956639813,12.041199826559248,12.30448921378274,19.54242509439325,13.979400086720377,11.139433523068368,17.24275869600789,10.0,20.827853703164504,18.692317197309762,45.25718413121268,46.9184150545092,48.19813640774793,48.97544622483299,49.537403678558576,49.60489804258006,49.52913467005278,49.361617409111574,49.03708416102489,50.69223957297052,48.61468694204957,48.82319580014099,51.588357357811965,51.24686772732207,51.05612359686785,49.37317247762494,49.79120242557178,49.96905510695666,51.41700556997391,51.68526946192689,52.82542813479793,53.601710300741516,53.58973624692821,54.638482140508806,54.572534554691785,53.451030699901416,12.30448921378274,51.46738720496649,51.826457200799176,49.68015713993641,43.08884414422017,40.08259414991275,33.67169488534681,43.63423932917176,48.09222921689422,51.247552084166344,52.762434531239066,53.976498030186434,55.06668707578032,55.64024207044076,55.47780856824171,54.11567520157668,53.33054115504841,53.21658486112403,49.742813588778304,46.634464918495276,44.31813910252937,45.186455243303115,46.394067948960526,48.37285336339828,50.26949791312418,51.855988105823144,51.848730584983905,46.84019057628441,50.97160094613042,53.77888805792574,56.21809598806646,57.85766046225604,59.18892300181446,59.86125184226053,60.39433552923617,60.43035943300904,60.487873923896316,59.79605275389653,58.97216241347871,58.03163389570672,56.14129143111345,53.397077683393846,48.09754934937483,43.580300765769564,47.56499181221641,52.163242786866675,55.26600292644143,57.30738682582643,58.731170694330494,59.50669046082825,60.178093645370495,60.22108616063179,59.721403288113095,16.901960800285135,57.94432972117338,56.78555706730997,55.018941677992935,52.320095740208465,52.83303490648086,54.79246982114037,56.93537892975067,59.11029699506212,60.69058769559903,61.68837066829255,62.535388685371075,63.14288871565527,63.3543382827267,63.313973301800175,62.74440741544329,62.10191397169418,61.02792039433272,59.404492437697776,57.08189668139762,53.60080059695376,47.911641250333346,44.60175923518029,50.85119253273609,55.208502028112186,57.63790253691347,59.52162574214462,18.692317197309762,16.127838567197355,20.644579892269185,20.170333392987803,20.969100130080562,24.62397997898956,15.68201724066995,6.989700043360188,6.020599913279624,22.04119982655925,18.325089127062363,54.59363835442022,57.003687833152924,58.90650122758956,60.6863477181394,61.80346121923958,62.6698036192176,63.21524281348705,63.41018827556043,63.341500409677884,62.92329850835322,62.30899332126783,61.19834013604098,59.5646858563411,57.24083262362542,53.52664799651101,49.38929809700646,49.262858405754066,53.25862385826721,56.477427768129296,58.98835934493252,60.48202448336603,61.73473274271239,62.14061944159943,62.86820100853803,62.77015234310656,62.820476578900255,35.289167002776544,60.56607600777853,58.42360822019167,57.10484624607076,55.25969452644997,50.61851906593,50.913151596972234,54.43158118112562,56.55368972452062,58.81823865291317,59.94196131774329,60.88608415064566,61.3430877896609,61.56978387940369,61.33920026103588,60.749133052946824,59.94292951188328,58.42131002870008,56.41648586476605,53.601710300741516,49.10933742852524,44.24783664419823,46.20396345351284,51.4685022498215,54.72430240407073,56.7533098960697,58.06066635479739,17.24275869600789,16.127838567197355,11.139433523068368,18.129133566428553
0.0,16.989700043360187,13.010299956639813,16.532125137753436,12.552725051033061,12.30448921378274,13.979400086720377,16.989700043360187,9.030899869919436,16.127838567197355,12.30448921378274,18.325089127062363,17.16003343634799,18.692317197309762,0.0,16.127838567197355,0.0,12.30448921378274,13.979400086720377,6.020599913279624,9.030899869919436,10.0,13.979400086720377,9.542425094393248,19.030899869919434,14.14973347970818,16.127838567197355,18.129133566428553,21.13943352306837,20.0,18.129133566428553,12.552725051033061,15.563025007672874,10.0,13.979400086720377,3.0102999566398125,15.68201724066995,6.989700043360188,6.989700043360188,10.0,17.853298350107668,15.051499783199061,14.62397997898956,10.0,13.010299956639813,6.020599913279624,12.30448921378274,20.043213737826427,6.989700043360188,10.0,13.979400086720377,13.979400086720377,19.138138523837167,13.010299956639813,9.030899869919436,18.692317197309762,10.0,6.020599913279624,9.030899869919436,16.989700043360187,21.367205671564065,9.030899869919436,0.0,14.14973347970818,9.542425094393248,13.979400086720377,6.020599913279624,14.62397997898956,34.68051791454238,32.07634367388962,27.435097647284298,6.020599913279624,22.55272505103306,22.14843848047698,31.658376246901284,34.74798818800631,36.56864491548917,36.02602520420256,38.79038505237237,36.24282095835668,39.69136233596713,37.52048447819438,37.69155690714398,35.93839661081272,33.80934463330702,35.296869537729165,31.958996524092342,30.056094453602803,28.692317197309762,29.532763366673045,28.721562727482926,34.807253789884875,32.55754786643044,36.406801532776655,15.563025007672874,37.147487607250596,35.19171463821659,34.608978427565475,34.459154139511234,33.02114376956201,32.48708735600918,30.507663112330423,23.979400086720375,14.62397997898956,27.307822756663892,27.109631189952758,33.44981413927258,34.761067168401915,35.31478917042255,35.514499979728754,35.296869537729165,35.62649672211917,36.28388930050312,35.5303301620244,33.15760490665735,34.23245873936808,30.366288953621613,30.253058652647702,21.73186268412274,20.043213737826427,28.068580295188177,47.728642358152136,52.085192859560856,55.765647758266475,58.66145505483358,60.948640170774596,62.5260548537554,63.908987378312816,64.81444061815061,65.34343456806027,65.54424344135899,65.49521774790448,65.04403028418828,64.21409273264415,62.883565559494755,60.90770013920001,57.871727388309,52.61619676547936,46.37339601787825,53.207962023135345,57.9197470677415,61.01910934222988,62.96298736818887,64.20154685752169,64.96673421745382,65.26116127130638,65.31087492467297,29.268567089496923,64.23128680558288,63.089415630905144,61.48357369562361,59.45628584801058,57.53038892576265,57.52003094346194,59.41635640981282,61.80608952630826,63.78485114513309,65.28871983632527,66.39766996723472,67.11930837800327,67.57463217759131,67.70571690838642,67.58043115998973,67.13131534781738,66.33612354908448,65.10892440826314,63.35211697276285,60.69736528043997,56.40570870560806,49.15188705173156,51.2404751911003,57.83567013528579,61.42490205747596,63.46707308062625,64.40911757059223,64.92353553664756,24.857214264815802,18.129133566428553,12.041199826559248,18.129133566428553,3.0102999566398125,13.979400086720377,21.335389083702175,18.06179973983887,14.14973347970818,14.62397997898956,14.14973347970818,22.380461031287954,21.13943352306837,18.06179973983887,18.325089127062363,14.62397997898956,16.020599913279625,19.294189257142925,12.552725051033061,22.04119982655925,18.633228601204557,18.129133566428553,17.853298350107668,16.020599913279625,13.979400086720377,18.129133566428553,24.74216264076255,24.345689040341988,21.958996524092335,32.474822606770545,33.098430047160704,35.428254269591804,33.21598430465344,27.032913781186615,32.87801729930226,32.94466226161593,37.82257573663302,26.830470382388498,30.969100130080562,34.00710636773231,28.129133566428557,24.099331233312945,31.448854182871422,28.2020145948564,28.129133566428557,31.41136090120739,20.863598306747484,14.14973347970818,26.283889300503116,25.105450102066122,16.020599913279625,15.68201724066995,20.0,17.853298350107668,19.54242509439325,24.099331233312945,21.13943352306837,6.989700043360188,22.85557309007774,13.010299956639813,19.86771734266245,19.49390006644913,18.633228601204557,12.30448921378274,12.30448921378274,16.020599913279625
9.542425094393248,9.542425094393248,6.989700043360188,10.0,49.4411237698898,52.7795284703881,55.293905678846016,56.96384350455743,58.239968937769355,58.9136180885568,59.39161686095143,59.59736661155019,59.676158294307655,59.30170881145451,58.701960731574374,57.834061416070135,56.54870280891532,54.75089803389007,52.35187442396655,47.34703842301043,41.86193249920351,44.56274912840168,50.287989129645965,53.00212753589521,55.349825317847916,56.78180463014249,57.45624341787784,58.31983609754529,58.381561847521475,57.74221983268228,12.30448921378274,56.09151352321217,55.54417680273994,53.83815365980431,49.85740741050074,49.766113025354244,49.80317041729651,51.071896116168844,53.87916356076386,55.21611363686961,56.38745764365882,57.24247188829495,57.65322769386021,57.741606251131394,57.329997406335565,56.21394413208806,54.95828686511949,53.325596414674045,50.41554528396205,46.342353682893254,42.29886529245892,45.01278409179335,48.3004947537222,51.427553958774666,53.71821217627293,54.9324608029749,55.83937466544831,6.989700043360188,14.62397997898956,12.30448921378274,16.532125137753436,13.010299956639813,15.314789170422552,15.68201724066995,0.0,6.989700043360188,18.129133566428553,16.532125137753436,47.18152784542,47.42520894201264,47.93881144149803,48.626679502285874,48.63322860120456,49.44704697792605,49.76537964434474,50.10507723629342,50.55821574827056,49.06038585850116,51.091869316985104,50.97666762890238,48.6252492945881,48.805906734375874,48.98780013289826,50.14091913026181,49.99391561719091,50.37924256713626,50.8117802240517,51.754248297903224,52.366178655130355,53.15569434640893,53.82278261510145,53.92218438324201,54.18437194280757,54.78176754287997,6.989700043360188,54.20703148348274,52.04187835867828,50.13216539624441,49.268567089496926,42.63351968393565,34.73924693416157,37.37590166285722,45.94812275994005,48.297667733886335,51.06190897263416,52.95514321729986,53.96861620602315,54.590817354169374,54.733205194453134,55.263651274825214,54.90419233598754,53.139093828352706,52.77370802564447,51.00704754305483,48.560034539972214,44.421190137451596,44.43059486517284,47.14195594009874,49.16753902946922,49.87098451518765,50.98498359911923,50.087449124671075,53.122641220105535,55.727008700120365,57.51544681623028,58.76823812858319,59.549951166015674,60.15249490979556,60.36948112195279,60.25772685707587,59.61645540200876,58.95942172848328,57.63889747475859,55.36873948928961,52.45821006117413,47.951080246115716,41.30976691605617,46.526813847635744,51.93747753401076,55.24553192746919,57.244536481195055,58.64541931483197,59.52769686772713,60.149256632577845,60.148236830457165,60.01787779971461,59.605896808839546,17.24275869600789,57.413549051165205,55.27136045150676,53.667161237751074,52.96860359577215,54.14165812143515,56.58236598692685,58.58123759415059,60.21718402288543,61.496799594331115,62.2689981277461,62.89685476471759,63.14821198055863,63.075381816875186,62.85717945751969,62.309036705481596,61.37627833203524,59.75178970940877,57.75801160785427,54.72711116550852,49.90702834607929,43.14077991779213,48.64036182725775,53.96760602037865,57.11862882632019,59.02688622055301,60.473940385762006,20.043213737826427,14.62397997898956,0.0,20.253058652647702,12.041199826559248,6.989700043360188,15.051499783199061,24.74216264076255,14.14973347970818,21.13943352306837,21.84691430817599,55.38757164376499,57.83967861527244,59.68973004441078,61.096882033831676,62.18482987593645,62.91636094670239,63.21417177735134,63.340148115568205,63.20242900690972,62.63918327426119,61.8112784117416,60.556817727187024,58.55167701365153,56.02360636170414,52.154048905627064,46.37819827944968,49.932289542333564,54.634465257289236,57.802885022637334,59.689706721514696,61.247343529695414,62.167244495945596,62.570737407447005,62.66391880873434,62.25016551334477,62.708394837439066,35.700757053216044,60.544598372394034,58.94046760942995,57.348390182988,52.8377145972977,51.01544310050539,52.821619746824425,54.825820513260965,57.21062523272928,59.03422095255379,60.15916519382032,60.98059890932937,61.49460833436719,61.53506634485001,61.343585040206044,60.62411993296322,59.61573900867236,58.30245331310451,56.176816697183405,53.099812930413606,48.16910459667913,42.41172786770047,48.24906471302113,52.37576409531204,54.97483918708945,56.707503808373176,57.9719342045573,10.0,18.325089127062363,20.827853703164504,6.989700043360188
15.68201724066995,18.633228601204557,16.532125137753436,6.989700043360188,49.65864634904571,52.9173283027191,55.279146119199055,56.95218918905151,58.289259331674714,58.97645232326616,59.307825112105064,59.632025517773705,59.506072515742176,59.47592999342597,58.59144304092297,57.72598921125304,56.78788704662619,54.974562910426286,52.42988412194795,47.30620797887283,42.682268376646284,45.057602759200854,49.88184249728274,52.90757832981613,55.2238423673117,56.69279680302104,57.44587890214536,58.28346627615878,58.481305910966135,57.584516293497536,15.314789170422552,55.97252989476239,55.65683747106462,53.887014066588456,49.860996250551295,49.85592614956013,49.3251435104996,51.05118291415654,53.70714738978595,55.25226265324221,56.48945182165672,57.22753172637296,57.818702142067586,57.729616726117655,57.44915416885077,56.0901033339685,54.72244352673472,53.59503471034107,50.17955235904225,45.44526913157487,41.86758627181614,44.70189906285553,48.01293921864864,51.404483312984496,53.563624484381066,55.30826986248976,55.93508696659476,16.532125137753436,15.68201724066995,11.139433523068368,12.30448921378274,13.010299956639813,9.030899869919436,9.030899869919436,16.989700043360187,24.653828514484182,14.62397997898956,17.16003343634799,46.86797089290757,47.009545319559855,48.21565928800819,48.91297665391045,49.35572757733971,49.51361807517263,49.90134537345504,50.39850177749664,50.59476323091263,49.25956349861239,50.96562438374136,50.7332969366293,48.83661435153617,49.19041463586004,49.24703033403553,49.92858256458771,49.71989805902358,50.00368993509583,51.029034226971746,51.88247696308272,52.77895593794787,53.09248928023059,53.64903540614563,54.02862957968563,54.31813910252937,54.7475369873256,21.84691430817599,53.90307928680451,52.09970516709343,50.30296054911111,49.2947001617749,42.93075140122863,36.19615005742806,37.74808830310705,45.5108386518578,48.081974643321146,50.98384109699789,52.81789881067056,54.05397591264997,54.529052580575204,54.878338212462296,55.16815558777868,54.740777924201005,53.42637800710668,52.649735746199156,50.75765878215734,48.17624857880112,44.55834228396568,45.033139228158845,47.01749263004912,49.17705018620627,49.90236708081906,50.57456892436256,49.925093350677756,53.14107491615459,55.86735794495178,57.55091657907851,58.768757140174266,59.61797319609901,60.10566219663825,60.3089185166673,60.21193435188165,59.69267705045454,58.9653558668569,57.66776342214277,55.53176420312397,52.56260606512207,48.16407029618638,41.6010822041095,46.56337812767546,51.8793789432624,55.15589075633865,57.22753172637296,58.661750579702804,59.535973444340456,60.180494011037794,60.21966197697557,60.00713827460481,59.57822704978322,15.314789170422552,57.25174665963293,55.385900698082494,53.53539255854608,52.98088569391382,54.31584072507783,56.57156283800228,58.5453558017203,60.27878594624277,61.4647099286868,62.36065427969979,62.89870662092873,63.18695107760402,63.10204801506012,62.81661616408673,62.31401280527561,61.30259771279629,59.854668925779,57.79438471663586,54.86120056385114,50.05403610458412,43.527419150207535,48.68585666558766,53.92951828657306,57.069984045905045,59.11780095234341,60.365474575117666,13.979400086720377,14.14973347970818,19.49390006644913,21.367205671564065,17.634279935629372,6.020599913279624,23.384564936046047,16.532125137753436,18.129133566428553,14.14973347970818,13.010299956639813,55.61225450063813,57.867805160627825,59.80893785068032,61.072795190542486,62.169234744408186,62.88278296835135,63.30625795293648,63.34669437388428,63.159069799970375,62.70125660885476,61.796092337262,60.5513741463258,58.7606650418143,55.93509803984364,52.25187765675805,47.22650372770814,50.205104421575456,54.566149977510136,57.623851846177686,59.56784844712573,61.080031894158665,62.478812450706684,62.6461313711056,63.1381535492152,62.878171762118534,62.28914687853723,34.77844476338758,60.54994713612694,59.43754124633321,56.496171557325866,51.718814267239296,51.07647436650063,52.88081468736615,54.66363368260964,57.36875953634075,59.02175377583192,60.28575319101233,60.976688438695284,61.537359222433885,61.63730416964648,61.387487658099815,60.64135143531112,59.73187911449674,58.39694826252651,55.92321127981747,52.773730956083085,47.88253241248314,42.407488780180856,47.96470256567705,52.279586527689816,55.12429560267358,56.86983744526766,57.96525767214304,17.24275869600789,0.0,22.30448921378274,0.0
14.14973347970818,3.0102999566398125,10.0,13.979400086720377,50.545249612042284,53.56668214270361,55.40050285158471,57.03703976818275,58.2507282582972,59.13723276650912,59.57138263988539,59.59427790191874,59.530692961902034,59.43481160403469,58.31485839248657,57.236239388075106,56.33744094586134,54.0795656357319,51.01946308935112,46.055636060704984,44.00710636773232,48.50352113958279,51.14277296561586,54.2161708710928,56.03942913160044,57.30143279904339,58.05632689680276,58.57771997134492,58.50107473992526,58.00308016681653,15.314789170422552,55.97459330697379,54.32200984156526,51.867671022400486,49.76226139268033,46.99013431612882,49.086994323522234,52.33934796730685,54.22261450813602,56.19969387224651,57.074287944914545,57.50934766034562,57.84009282827959,57.5416785191473,56.94613095125093,55.053480799887666,53.050696316597445,51.72748838982743,43.95745629992169,34.65382851448418,44.66867620354109,48.483923562072476,51.38220569262727,53.48853713596455,55.10075611353949,56.58486474413582,56.86151662344413,6.020599913279624,16.532125137753436,3.0102999566398125,3.0102999566398125,3.0102999566398125,0.0,11.139433523068368,0.0,16.020599913279625,10.0,18.129133566428553,45.288395997391966,47.29788235181539,49.343418750108185,49.56096362358611,49.95784320631764,49.95920243872658,50.09506135223509,50.109991843615546,49.62804832538366,50.75711159354416,49.42707324297204,49.24703033403553,51.519242407877215,51.574507236317324,51.12420655343343,49.10933742852524,49.85646484835897,50.183717414668365,52.26097018175195,52.5073219172437,53.645059689699906,53.90557141789224,53.72794212223005,54.298378388882995,54.096034752039415,52.944706352202466,13.010299956639813,50.360297306565435,49.36242223569203,46.098610929805474,34.48551739201578,37.017406324372125,43.97053143018109,47.94522900355421,51.14864415500784,52.95182111477403,54.02684291101124,55.0208009206991,55.583689202426704,55.705802969402754,55.3252507211221,53.735372311927854,52.46656119378068,52.04892881542919,47.867585184026495,43.797042690244474,42.61619676547936,46.54840475788552,48.77440458855396,50.65000518319213,52.13156358659705,52.96476516327136,52.177260288046845,41.107580088798876,46.76117215671485,51.212347402694355,54.397809701523485,56.76152919422946,58.34527515542632,59.49157670156822,60.20853314739908,60.703914416345526,61.04071738138542,60.64942930145292,60.13054739111609,59.428866720257155,58.15699917965843,56.2584315962924,52.85451535295688,48.335423249543695,43.81115080709851,48.475294743051414,52.701405830272996,55.75563070303393,57.60784998133519,58.887482549733996,59.85757794750906,60.21870813202526,60.085086196483815,25.622928644564745,58.91641140768187,57.900105637080415,56.09146011529596,53.557119803824136,52.04119982655925,52.45830869329343,55.01137346003705,57.61173555119626,59.54741179140869,60.919935226994966,62.14525955281105,62.961981823610515,63.412271217057985,63.49558222209005,63.25473997007275,62.77050804238982,62.13447892387019,60.70816311316044,58.982055819002575,56.28635130769736,52.32673444362729,45.85968050007118,46.91973929801271,52.61101019324038,56.04015336740002,58.3965399212721,16.532125137753436,21.072099696478684,20.969100130080562,11.139433523068368,13.979400086720377,21.613680022349747,20.969100130080562,9.542425094393248,21.613680022349747,13.010299956639813,17.24275869600789,53.44849908568291,55.723440902640235,57.97157394770741,59.87775718363089,61.30897663378313,62.43328308549564,63.17522635958503,63.51140699935542,63.503015263221336,63.35561597429617,62.74251397307495,61.854883250660535,60.43727639106276,58.51682037862091,55.35620667730696,50.659007424408536,47.797191152434976,51.37518681593061,55.11804512669558,58.21299931390794,59.750934325545515,61.61918757585923,62.251295810620476,62.50047520497865,62.70791761313905,62.7219679310154,27.788744720027395,60.813134560028445,59.83104640194768,58.21278959149573,55.024339484603395,50.74995531909306,50.69260986284746,53.4216400117526,56.1702656584129,58.30953528023778,59.81840343993867,60.79447893367358,61.38777793258201,61.62479869177214,61.47888010521129,60.830641624761796,59.961406998201845,58.94228530231075,56.607298583352595,53.47815763009892,49.16780204855365,43.735372311927854,44.94850021680094,50.76221600814062,54.445210088956784,56.92975514829656,58.064635299787014,16.532125137753436,20.969100130080562,17.16003343634799,18.633228601204557
17.634279935629372,13.979400086720377,10.0,20.5307844348342,49.68492288119787,52.91657396102181,55.17524464590112,56.78886963185688,58.036277953448156,58.92738328859672,59.58575827350401,59.81419905815593,59.854933871056616,59.418099695721054,59.0833593913885,58.31527448607503,56.630607880073434,55.0768859564758,52.43633244506138,49.48931071194755,45.32563298334475,45.637894910701,48.60517677461746,52.72055217590147,54.59888325727013,56.36178865644822,57.64374173352931,57.92580076400553,58.07438281918513,58.341535590424044,21.367205671564065,57.2233195000874,55.1066563081061,52.93305087008513,51.93505830620046,46.098504287739416,46.67191363468173,50.473099211294475,52.61379458235232,55.02055489015572,56.409671378169406,57.3046976183149,57.595568021664775,57.741518589547105,57.480949539304646,57.096379374709926,55.9264412213819,54.48138738949031,52.02488317060094,48.18522802003136,41.13943352306837,37.986506454452694,47.32144371029723,50.729553746081784,52.94770346246192,54.48342967936906,55.59935337771695,0.0,12.30448921378274,14.62397997898956,16.989700043360187,13.010299956639813,17.24275869600789,13.979400086720377,6.989700043360188,6.989700043360188,11.139433523068368,17.16003343634799,45.212034845748626,46.44487826413858,48.1125989403922,48.73553093513618,49.27580785739272,49.508028229646584,49.51847296899779,49.44309907031343,49.158955871611184,50.60414512422347,48.473813793978984,48.56759090618068,51.09227459996097,50.98332167847684,50.40068042960068,48.23330744830714,48.52168800449342,48.70474135904505,49.96621107579201,49.948008992946036,51.44418518602069,52.52872440355414,53.21937946242005,54.28685415439189,54.79039489059679,54.45927857740809,16.020599913279625,53.950554206458435,54.4129442608842,53.44003002866174,50.30462085877211,50.03723269715728,46.27376099266331,37.77136712504173,30.530784434834196,45.33365272749635,48.98341165727509,51.40272291029186,53.07312012104778,54.16382516376694,54.939889180514776,54.62692918473253,54.41250404072414,54.8067512713298,52.778016821322076,51.09878771072631,48.7073739964689,46.92714760890481,44.92173485618879,44.404682698221485,45.78501680706807,48.47140617413406,49.943083522870204,52.59077578668332,55.09907845878111,56.88905461822706,58.2871788450857,59.36315148097259,59.83036454901839,59.94916039535019,59.816066161096884,59.32948387985344,58.788089323592054,57.10144454760922,55.0716071421451,52.75725867573664,47.89651208793409,38.96966901933155,46.76483268736462,51.92469879431065,55.19824057554118,57.32880058126243,58.70280388881077,59.74937488598785,60.33097509992566,60.35588216744905,60.450243475879624,59.9488396154331,58.78109134645764,17.16003343634799,55.698991934962194,54.4629012678685,53.2332017900604,53.6656676427475,55.83790281465077,57.94176330270152,59.70256195003436,61.10995199122268,62.07668021887944,62.700118626913465,63.06351673843701,63.233746343908315,62.99376533060346,62.47552262912514,61.49934646762073,60.10049656258925,58.601492721025366,55.49842822091967,51.13742862429349,42.937822803300236,46.28695382714024,52.63306968815315,56.359861118008325,58.69894393310969,60.117429430725,61.16483547228208,14.62397997898956,12.552725051033061,6.020599913279624,13.979400086720377,15.68201724066995,20.827853703164504,12.552725051033061,21.13943352306837,11.139433523068368,19.294189257142925,18.325089127062363,56.6614436407761,58.702429172470254,60.47294342036406,61.67834634658063,62.617789560155046,63.11639022650012,63.369369953071406,63.29972964050288,63.006033089452686,62.39211860451129,61.415278453183966,59.77502744681356,57.60647112396781,54.360608224790155,48.61803148214179,47.177121000984016,52.49347582249133,56.11532133890776,58.67251760231099,60.52360303336255,61.51407853182964,62.260516007332775,62.90841204183003,62.692057941003306,62.892278564882005,62.144241804320785,38.06247827195791,60.44842250096885,57.51365338297192,54.726189740883385,54.44389907251705,49.425140214540235,52.86766248786745,55.19473590872356,57.80790241071582,59.40077984798849,60.69603724815887,61.243715034646804,61.51483236262142,61.62055739281945,61.21180204062753,60.815579219602284,59.713241009999074,58.224518477928726,56.29512553430616,53.12892126283416,48.2395651071004,43.1120269895076,47.19679246183583,52.4831664034178,55.194985397978954,57.132695595145506,58.242352076586045,16.532125137753436,14.62397997898956,12.30448921378274,12.041199826559248
14.14973347970818,20.0,14.14973347970818,10.0,49.49433921844037,52.89073646819287,55.31893853189995,57.019106230372785,58.15738420838709,59.051723147505804,59.711166710586895,59.833398198770176,59.91504732428154,59.166397342023885,59.14859665577968,58.28500711969259,56.207604899942055,54.185813375261596,51.45314523123422,49.05655588685639,44.67178777943032,45.76341350205793,50.53454925025864,53.36869818372684,55.32531443382915,56.69845709557308,57.78563634290096,57.96788652516018,57.98961237880703,58.587951712578096,19.294189257142925,57.1495476093051,54.31892637871869,52.36318043642382,51.28722284338427,46.888201139391995,48.39465477163864,51.33810257633592,53.91277464522821,55.46110621749425,56.60232540109788,57.45475313796192,57.613819976323406,57.53464320185033,57.019692845515955,56.8656477457419,55.7885229429106,52.98210980987772,51.37357276770872,46.93269556062092,37.95880017344076,42.48708735600918,49.605896808839546,52.25322206964533,54.1773899682032,54.9931584960033,55.95224978655699,18.692317197309762,18.129133566428553,11.139433523068368,16.127838567197355,11.139433523068368,20.969100130080562,9.030899869919436,9.030899869919436,11.139433523068368,6.989700043360188,15.68201724066995,46.68618844816744,47.732743483374534,47.72805616684785,48.45501126343464,49.0853863217196,49.67814648482728,49.47948100228672,49.19940591856307,49.06038585850116,50.4659270380326,48.61803148214179,48.979623031986456,50.51711919356772,50.36133645113013,50.00091192266347,49.77764747027819,50.01049722993066,50.29111751104562,50.211562087059534,50.873731878886545,52.00374372963205,52.96325079116333,53.7323576289164,54.39353223629616,54.75918041439468,54.424437070146176,9.542425094393248,53.40731566264532,53.16892503761295,51.68291188851266,48.06430977932398,46.31737934318308,38.29753918924975,33.346547668832415,43.11011748981288,48.95610368172214,51.346137334223016,52.830048120648634,54.04335873532369,54.82075692158817,55.348342588869095,54.65437878427366,54.29682851915175,53.81887275460571,51.86156474910219,49.87152134949676,47.29852957445686,45.675086476987985,42.88539850670456,44.89522560757887,47.97406049676382,51.01946308935112,51.4983777244485,50.25715383901341,53.40509551544339,55.64017096302262,57.53676494920065,58.73550769212607,59.76966816742569,60.163144884419,60.34805667151764,60.109598032685255,59.739642196600926,58.84202121503509,57.478156149651696,55.81254276272331,52.91905835639735,48.5166187155871,40.90786927949267,47.35958002142925,52.17718136869984,55.29327672138844,57.33108149332843,58.76477646530936,59.648029834648106,60.07786171690014,60.44526041487223,60.23008692339725,59.45281433811607,16.532125137753436,57.12199182087228,55.56673904968208,53.63463429536543,52.70448237917732,53.91741157723854,56.36457805623982,58.37528466106845,60.170608994202524,61.54363405049783,62.295889337965036,62.9498376423786,63.27992031718778,63.2330842069709,63.096482626523304,62.20659501124562,61.364875072283894,59.91593298073384,57.74622789304984,54.61728068929887,49.32402729396696,42.080380493531806,48.6678929421315,53.756727569063685,57.1452841660463,59.17973685983847,60.48858417594576,17.853298350107668,19.49390006644913,22.671717284030137,13.010299956639813,13.979400086720377,-inf,9.030899869919436,19.912260756924947,9.030899869919436,13.979400086720377,14.14973347970818,55.27394003314161,57.75509962554112,59.75560928730345,61.373379674711344,62.25249820672878,62.98634783124435,63.39165527778129,63.4500653280936,63.32272992499844,62.548964363240486,61.964064023705774,60.68085628376812,58.36137316250401,55.520899885535854,51.196912854805454,47.42764396661798,50.03365735270171,54.6521921653919,57.98314955936105,59.97136396523028,61.367487795311895,62.01480424392229,62.93114062770759,62.88853507487217,62.55561214948385,62.62869045313657,38.56003453997221,60.78033918256553,58.59990431937072,56.564317041270954,54.89862896011486,49.33223999279318,52.07798576659445,54.95762123932571,57.50997183101286,59.12792590148197,60.319970896875354,61.09289596040989,61.394212624351574,61.43721593659787,61.33158734348151,60.90681556911786,60.110745489698736,58.15620910004072,56.578557863636036,53.65566600051984,49.356332030394285,42.42442036037531,47.6090476496295,52.0990356105161,55.02208552047306,56.85971808953644,58.13511602647636,26.665179805548807,15.314789170422552,21.64352855784437,16.020599913279625
9.542425094393248,18.325089127062363,17.24275869600789,16.127838567197355,50.25719477138242,53.14478175864182,55.08009600915982,56.73010764251853,58.07368584273771,59.05107477340172,59.54003581763143,59.76495330971343,59.65314612322649,59.62776443876409,58.840212111905714,57.93489346422423,57.07399831133249,55.100729276164316,52.5272927581518,48.40219046539844,43.15403504634351,45.64571384835559,48.59144304092297,52.63778049022622,54.915087686717136,56.53526057690595,57.842841344630436,58.308714774206855,58.62158223609322,58.53035924980799,6.989700043360188,57.29529249627174,56.19126736609752,54.24688936935625,52.2694256622891,48.28608345169374,46.78062904974345,49.120838257658946,51.7813054305796,54.465635718724776,55.96509128341999,56.8539954095191,57.23272556556405,57.39917902180949,57.19689183779704,56.158922119781174,54.84222941057154,53.9670485759754,50.137512321571094,44.913757031077346,32.265999052073575,39.6189547366785,47.15953229841805,50.81296889266129,53.143413122759135,55.30980469795938,56.23083813359547,11.139433523068368,16.901960800285135,15.563025007672874,6.020599913279624,15.051499783199061,19.294189257142925,15.051499783199061,6.989700043360188,12.552725051033061,9.542425094393248,15.314789170422552,41.775076421949166,43.332658607261735,47.03291378118662,47.86893325261316,49.160326101885694,49.356332030394285,49.57549824231347,49.84675803167215,49.97495599658018,51.40715398997684,50.50217300517707,50.63145637106638,52.48395087718435,52.49291323160272,52.03468051862646,49.35325852054135,49.13813852383717,48.59666577720273,50.91181401740627,50.224283711854866,51.46565212150938,51.95526053832314,52.3379792564627,53.201836878529846,53.71564706539054,53.38376799232071,17.24275869600789,53.032587123035796,53.233944346561515,52.321470097900345,49.29633465282292,47.941602851180065,43.27501972540084,32.72537777375237,39.573678084315276,47.237593257004455,50.16306122708865,52.42665636645263,53.87932355431023,55.01591870994493,55.73049231794045,55.41735212517804,55.22371192857125,55.533258504805644,53.655254224567095,52.38610570005447,50.18671378328162,48.29181509768659,46.744753379619596,45.22731060048578,45.4282542695918,47.51040330397018,49.118285148567495,52.565758436475924,55.05693862885995,57.12521751073008,58.51112743909732,59.509457970509416,59.98643318664848,60.17734325894223,60.062237966939385,59.62077971754216,59.25687939125075,57.64182112307604,56.0039018025052,54.06132944930335,50.726542173330344,46.78918801456555,47.4907122781966,51.77620176519255,54.7647802277731,56.73431034104602,58.125263280791124,59.13815970888217,59.67394916604316,59.686309570407644,59.76842236639125,59.10093216523628,57.72304833467637,18.633228601204557,53.883161632243755,51.99264125045676,51.04555391240513,52.80580646538642,55.787514932334645,58.26534134019364,60.06145016376364,61.510693874132826,62.40253627768937,63.05958527115916,63.40977235961176,63.63311253773165,63.40782891014989,62.920313322966905,62.090066998726876,60.847406710649,59.33707922230858,56.53911647400761,53.01561680813606,46.60960291776084,45.94005601788341,51.56624858554479,55.62257167552589,58.065306608694875,59.66958377092411,60.65424715266461,16.127838567197355,17.853298350107668,12.552725051033061,9.030899869919436,19.084850188786497,19.084850188786497,19.294189257142925,17.24275869600789,15.68201724066995,19.294189257142925,10.0,57.06275583730667,59.04958855088471,60.62320576857516,61.828244991769495,62.84762701211016,63.326953246742555,63.608269686219685,63.49520353575429,63.213531515500556,62.68504257242658,61.547650053435646,60.08791304424897,58.08996450011426,54.85080866700281,50.37027879755775,47.9607453770266,52.4831664034178,55.845890101935645,58.29631139626442,60.3103016033814,61.23175182400235,62.2677126951334,62.795175155682664,62.724684423960895,62.285771719358685,62.083136830457335,40.189084443163274,59.9652962145438,58.9015040873183,55.64453006531366,53.969243099638,50.52143512563366,52.71014033325948,55.36519303805254,57.693182343715904,59.34545413107672,60.63678555281978,61.2969279178186,61.72156733009493,61.64966977812567,61.47370201048311,60.64704269184371,59.596766201137505,58.335149266212916,55.89494973081173,52.67202245321431,47.83967861527244,43.54588587877241,46.870292798029496,51.96286748808876,54.95440260903724,57.17071895758529,58.29846462572286,22.85557309007774,6.989700043360188,17.634279935629372,25.4282542695918
9.542425094393248,15.68201724066995,16.532125137753436,6.020599913279624,49.48143893743131,53.03563215917248,55.83300815513483,57.29324379794025,58.303839824373625,59.0675835337873,59.64946130822457,59.814742957401336,59.807676027760266,58.870994386944815,58.850897011218215,57.790572563343964,55.4117970897645,53.207796031426646,49.928626713890274,47.721015692770116,43.990677089490724,47.077830133881086,51.81514885522454,54.24072704144278,55.78901540845366,56.94356834316758,58.0574682073653,57.80603146596867,57.780614869148394,58.1804434962222,9.542425094393248,56.48400998638263,53.065236708961514,50.74084689028244,49.807530758424654,48.270136781624764,51.00487719883461,53.384126635094624,55.25355831983467,56.31285445907729,57.26095270641984,57.917643114650794,57.5756606886418,57.2468538823736,56.39472543809032,56.157417927539896,54.61021050701977,50.533089811241,48.67261193187285,41.88647295999718,39.94844849553398,47.2146436017342,52.161896624283486,54.18057553895256,55.28249327307986,55.766269460188234,56.455892735741465,9.542425094393248,10.0,20.863598306747484,12.552725051033061,17.24275869600789,12.041199826559248,13.010299956639813,13.979400086720377,9.030899869919436,0.0,13.979400086720377,48.43438349493166,49.2229977575504,48.95256753144895,49.68342830958946,49.999522249793166,49.849411585093975,48.86406114109727,48.65962235166129,48.549433490759206,49.74097003794131,48.65725643001256,49.3251435104996,49.03898108135064,49.11418639844171,49.28436821501771,50.83215862155997,51.38343756794556,51.9004581030555,51.59958002678519,52.59491145819008,53.413989089917216,54.04012226182245,54.28199609263877,54.64234618968214,54.377901864217016,53.700409749909916,6.989700043360188,51.283281730282546,49.911064066453754,46.53212513775344,40.32659046039924,22.671717284030137,40.51461244324184,47.30273417217853,50.04136436761356,52.31800792057899,53.45618748608974,54.38075369682566,54.794889321161826,54.91497564722499,54.447768552430006,53.682645651261026,52.53114984387622,50.75181854618692,48.131938870695514,46.496171557325866,45.52278757969826,47.17287622663004,48.847387377696315,50.09382899167601,52.10588699124028,53.09493896799772,53.10909874658246,44.89677291663699,48.352211530504974,51.39328001151306,54.330910685618186,56.484166119664536,58.23155890745025,59.390567573731616,60.063689034580435,60.496462894773074,60.64015232510289,60.39376439024892,59.84830088798941,59.02542974464566,57.707121315728536,55.60529504385389,52.284414247974894,47.054018151292624,43.12283165791478,48.07074783896966,52.96437016058423,55.768444716322804,57.721456056938514,58.9745388870434,59.97669850337016,60.392304471503905,60.35452152805178,13.979400086720377,59.245671692283295,58.42067906230416,56.87515584381872,54.77736069844398,53.34847654492417,53.36061281065059,55.06739028375388,57.21079858614968,59.45507975135194,60.781395004280576,61.87240030792416,62.572726437989715,63.004878750797424,63.164304118769856,62.91220063565423,62.47569700310439,61.68068870341401,60.28491950111818,58.53739571185939,55.72306884622095,51.575323173180124,44.59648766510523,46.17262517091375,52.64463634204881,56.44876602173059,58.7774960480159,22.87801729930226,17.16003343634799,21.702617153949575,20.681858617461618,6.989700043360188,16.020599913279625,14.62397997898956,22.671717284030137,18.06179973983887,16.989700043360187,23.26335860928751,53.381575642717735,55.52698627826214,57.94573084764526,59.902860079698144,61.26717001247237,62.248843442396485,63.00589397638362,63.27726651642141,63.37489011939578,62.95919889617207,62.67946897417586,61.711352940167785,59.833939699021066,57.86872042749559,54.86596230105825,51.40960328468681,47.39920273480823,52.04798038190855,56.042995096200855,58.38880560211702,60.21292690210029,61.500050592905914,62.534749125292436,62.54289405156348,62.873654254547304,63.008688425154375,32.50420002308894,61.19531690884321,59.84384175099776,57.3077662495793,55.83754043639778,51.44792078497715,51.11128036345124,54.12433665701657,56.40895657674462,58.405483224204,59.87035365006908,60.771207050299694,61.09094040082464,61.26313597317041,61.28807843224318,60.989913682770435,60.189566734811535,58.344181602217745,57.03361031647654,54.71012851443871,50.506117305295405,43.995352788652966,46.65665402907714,51.82383263394194,54.77660892120386,56.50216185381772,57.955025382975464,6.989700043360188,16.127838567197355,18.325089127062363,12.041199826559248
3.0102999566398125,19.030899869919434,19.912260756924947,12.30448921378274,49.12376185115561,52.74273337758417,55.71953271962552,57.133804854803884,58.29335298249173,59.01552580859375,59.55090967093244,59.85323165280705,59.713709562387756,59.12169427696567,58.89407601409588,57.77354313084209,56.05675600918818,54.09770866292051,51.23149017914801,46.90993032099869,41.11967837206073,45.511204923577154,51.3510083376572,53.869357156744464,55.845890101935645,57.2611567011036,57.785686962206896,58.38219221907626,58.4784955696231,58.190501384654716,16.989700043360187,56.535212356521455,55.07091812786419,53.099812930413606,49.94603068070779,49.429896891600194,50.25846348350869,51.844216870925386,54.198170163089905,55.32563298334475,56.470796405854756,57.27002527996354,57.39329419680743,57.15322136582503,56.654806133074175,55.80662723988436,54.3334412873066,51.155772311285226,48.761369803684275,43.99500661314611,41.1747016362012,47.60218860156887,51.33245021512458,53.62550327963078,55.19335689379261,55.69407855835428,56.33565403525946,17.853298350107668,19.86771734266245,-inf,17.16003343634799,15.563025007672874,6.989700043360188,10.0,16.989700043360187,15.314789170422552,14.14973347970818,18.129133566428553,46.8417186270059,47.4263873502086,47.71572783695789,48.597685578743736,49.49633923799262,50.0881300905209,50.58182994522346,50.81998621005731,51.065852221852346,49.97058573727401,51.7941964443439,51.65979895821941,49.44704697792605,49.38299520082883,49.52637483145243,51.27500020916101,51.111313987855134,51.48090329412882,50.5064651598526,51.87760362700874,52.06753037930277,52.717788963888054,53.57424060246103,53.41632335778054,53.412069302581614,53.99168192356389,10.0,52.48769968520569,49.58516103423041,46.95831772826693,44.69718950821701,29.54242509439325,39.201755220100225,45.68905414982879,49.605896808839546,51.530370096149234,53.49848438752555,54.59904894119978,54.87767434475913,55.07484809550384,55.1750731665731,55.53713157596179,54.8630293483116,52.57940032606812,52.38953908602218,49.96905510695666,47.44676245124033,44.28539730637989,45.499468879767335,48.4599671955825,49.787509813329834,51.009905230699644,51.645223760204374,45.65871420993129,50.4688519083771,53.80663396340583,56.23117948160153,57.85822941972619,59.13587112670576,60.04428859114686,60.4832253099663,60.73728612035431,60.407802931925325,60.2229637179785,59.37751024506528,57.80480052048027,56.068294032271105,53.54886013719554,50.49717949001463,47.130619173621994,48.602002085317515,52.521780157989724,55.330217507521624,57.23680560279063,58.543941065778576,59.37078862248812,59.82130064391802,59.88197191436032,59.669878994966375,17.24275869600789,57.75442230980979,55.73555019944068,53.72634039176579,51.5740840975855,51.40184244128251,54.24615427236961,56.900976878887974,59.01506815813839,60.80849348326733,61.855971110180114,62.72175907813451,63.14362160437742,63.387580044432774,63.372725244417765,63.09848962659275,62.427612528706476,61.22057536781089,59.84729786881461,57.77299923159668,54.558022993947176,49.934406395562654,44.94877815637538,50.149235651407906,54.636317367653085,57.418415078645,59.32753733474962,20.253058652647702,20.170333392987803,26.5991620006985,0.0,9.542425094393248,15.314789170422552,18.325089127062363,6.989700043360188,17.16003343634799,9.030899869919436,22.671717284030137,54.11984831126191,56.77176094117759,59.19480805304447,60.87476524078223,61.978705219811346,62.82078281410105,63.329100697617086,63.63914376676301,63.50689843255472,62.9942644659245,62.5590707631665,61.391701044773015,59.621215703365095,57.34083412929728,54.268787109412166,49.244085211415154,48.4728879442951,52.631079674181976,56.69860570664059,59.07293633815154,60.64856533563838,61.475319475600514,61.99036516525017,62.75756249631338,62.68706182145881,62.55586049018557,36.66985718329661,60.43673836397622,57.848432951492484,56.576074581690264,53.910427846617786,51.706488864903335,51.95932845623413,54.31751239293534,56.78661299407043,58.90063151359825,60.0353506236614,60.95268408112354,61.34282320366501,61.49663036505264,61.3391204967866,60.891559255312515,60.13469653340941,58.51290766674674,56.89373687612368,53.883161632243755,49.69285418013793,42.20448065070318,47.367549460896555,52.277530549797824,54.964452918733535,56.576380293028244,57.86156343435175,16.127838567197355,19.54242509439325,10.0,17.853298350107668
15.563025007672874,9.030899869919436,18.325089127062363,18.633228601204557,49.8114785397113,53.19557823792388,55.334085118187836,56.95573604100219,58.04309844141305,58.98027666847356,59.54410886544078,59.81210440987696,59.791498610268796,59.265405097195945,58.973466334294,58.01974846632148,55.97437384163009,54.071477674968456,51.26975138867829,48.23330744830714,43.593231299762074,45.977500176258445,50.33335279080696,53.635010420253096,55.22607226370647,56.85924372513511,58.10625625278953,58.13855754667571,58.362437068068616,58.685509874445685,13.010299956639813,57.42927702456026,55.057602759200854,52.94583051094684,52.03372896804177,47.14907875164044,47.52447968653242,50.72679934035223,52.70976801968039,54.80904802449789,56.05293191787511,56.80651825699304,56.9687775333997,56.97117702520832,56.555168363414566,56.05142289923667,54.63310554456487,52.05469624937927,49.4773262536206,43.02590648306555,21.73186268412274,42.855798107295946,50.273210616593964,52.844442700849505,54.622676900072236,55.63951909076654,56.38554146684431,0.0,12.041199826559248,18.129133566428553,10.0,16.989700043360187,13.010299956639813,16.532125137753436,12.041199826559248,6.989700043360188,18.692317197309762,16.127838567197355,43.913762391696494,45.84794676832955,47.042277560249985,48.262562609882025,49.2947001617749,49.790792290333606,50.02122846225162,50.15045239174416,50.22135443281168,51.92804327307875,50.37306950897091,50.53128403691646,52.554461881617705,52.20076692123425,51.771467586240156,50.34921095748594,50.17033339298781,50.22646906957838,50.324978828571105,50.11185455112202,51.10889236512466,51.99365672989796,52.7098611010675,53.46982440683029,53.68249684638123,53.15953560804772,0.0,51.8254303852615,52.03068260437897,50.51110056021869,45.71999816397063,44.6179855752511,34.948500216800944,38.40106094456758,45.82574665258312,50.18804483937159,52.32378516154803,53.816655002347304,54.945900620744496,55.74180639339049,56.05522677670628,55.38348737130924,54.933186082321015,54.91232787310632,52.567225554135575,50.91118028327024,48.75483771100341,46.63182477305838,44.246366646501976,43.913762391696494,46.75411693714864,49.540204799584274,50.48150363332397,49.71948113409703,53.07791172280395,55.38077077473889,57.37109912066921,58.70533237880048,59.64476487513508,60.105585901930894,60.33279771043282,60.19626338787164,59.974222100297936,58.97764504511617,57.870578748092726,56.4758344268654,54.29073669490439,51.004394752791086,48.12358441629391,49.56418174063284,52.48919340621559,54.936308978650466,56.98865761150679,58.3191582368396,59.192758344769636,59.52727560315189,59.83502249701398,59.52525587095518,58.56182507589493,13.010299956639813,55.60940283017128,53.80934463330702,51.36546180350109,50.34427905025403,53.10008945423141,56.12844230048683,58.50940157352248,60.34673768459467,61.707547118402026,62.51831845854604,63.1156951159383,63.523129798784275,63.597871193445684,63.322778422585976,62.626563225012845,61.67007900509664,60.649163771813136,58.38880560211702,55.656176288108405,51.65000839239383,46.99126322213974,48.76246715594605,53.18891462742536,56.26369114048906,58.54954266194028,59.95112849859282,13.979400086720377,19.49390006644913,15.68201724066995,15.68201724066995,12.552725051033061,6.989700043360188,15.314789170422552,17.24275869600789,18.129133566428553,18.06179973983887,22.671717284030137,55.65965817446667,57.97552820839164,60.02649782141185,61.401968233498806,62.403417856837294,63.089778102138794,63.50576910613589,63.56393417025301,63.410958605128556,62.82753717919613,62.0506923510596,60.87548951285665,58.8118886624772,56.180072815778715,52.16548546433404,49.23616999266507,50.43319042934271,54.43696283206461,57.39784298041493,59.613095396277,60.78570270823118,61.80382818860461,62.53721963201127,62.446899373542415,62.59663627953949,62.3867951011427,34.68051791454238,59.61854223215504,57.621456823911466,54.97355435143062,54.210722488350676,50.60641189552578,52.78701025280639,55.018941677992935,57.267614297575555,58.941947313350276,60.34527791298502,61.12113125868017,61.32029670340643,61.4841044930989,61.29345026009786,60.93395416556408,59.928383887171925,58.2427491392805,56.5054840716919,53.602335611578326,49.63107529523544,44.114345021650045,47.096514974674626,51.83309711510189,55.05406407778907,57.03609457565769,58.12648690451991,17.24275869600789,19.294189257142925,20.969100130080562,18.692317197309762
13.010299956639813,15.314789170422552,17.853298350107668,11.139433523068368,49.92752284666042,52.83142863303242,55.6914558161531,57.19663511191327,58.41572185102274,58.983592769610105,59.41953452569631,59.6619666164834,59.57382180873747,59.34569649502414,58.430688742193055,57.39770065592548,56.21513819726725,54.040413471930776,51.24116055593615,45.31133899119607,42.504200023088934,47.11773496120913,51.59404753564872,53.99812119978673,55.947217379399476,57.208147999491004,57.747577681660246,58.405690114244294,58.35651261307737,57.33219741873337,19.294189257142925,55.34625070010688,54.5454760944989,52.23340158878378,48.04309844141305,49.47654244351499,50.836781654493706,52.85469541151167,55.039172771025726,56.32734585198573,57.32117009993708,57.77502944132759,58.02571919558413,57.759692388694084,57.018726613641405,55.66946326196427,53.74610889296849,51.64430189012022,47.718078789991054,43.313260505750925,44.66467232740638,49.03968544078663,51.304945885234694,53.59283255002161,55.13916438126855,55.978629491140815,56.451490298689116,10.0,19.030899869919434,15.314789170422552,9.542425094393248,17.634279935629372,13.979400086720377,13.979400086720377,11.139433523068368,9.542425094393248,12.552725051033061,19.294189257142925,48.262562609882025,48.69613027172129,49.48021533141103,49.748707698053295,49.72776579867508,49.89449817666692,50.29322891013347,50.12098718181213,50.16653165276714,48.26761352514687,50.48861134175054,50.10897548450238,48.47973456264566,48.93117885762238,49.54382426231443,50.27137506101974,50.4637028184022,51.48346567656525,52.18096788060977,53.210679235217064,53.5849830223423,53.998155793760944,54.622676900072236,54.15282255311627,53.91007483485832,54.194022070855034,13.010299956639813,52.29681842317675,48.71771358119236,45.248503032721985,42.948408364388904,32.474822606770545,43.27726651642141,47.21686984387049,50.23371822754936,52.19584526214255,53.668355744024126,54.608497521237275,54.634465257289236,54.51947539634386,54.03472277376003,54.20341983189392,52.84755487226674,50.35193513818808,48.76460330969513,46.13059175689517,43.862491967089234,45.908195512708915,49.9618320032566,51.49840848152134,52.520880964863245,52.65991662670301,53.07791172280395,44.49262355308886,47.601585089980894,51.84106300456601,54.46358504200831,56.78988837437608,58.06858029518818,59.29014588213727,60.057504717047706,60.58550524608243,60.69090997213018,60.49327358052552,59.96698133581446,58.86067504919496,57.50970984437319,55.32847341174845,52.34719704621875,47.08803182944582,42.304489213782745,48.58013563184616,53.01398989173564,55.865839293129234,57.72040644872043,59.19233468748495,59.91538389500984,60.28140404351477,60.36191586608109,23.384564936046047,59.47114501089288,58.34640021056633,56.50883285887713,55.08831263761482,53.22452923674888,53.27555089000683,55.32444786091885,57.37772905018306,59.28189410891811,60.82392173816242,61.86493556893032,62.59108669657492,63.03286796041361,63.07037968745014,63.110510066640984,62.46468051085699,61.7289848942687,60.330717539192136,58.578491201002116,55.92546472264619,51.81277493451701,44.68849285541113,46.78636724093717,52.81953278498541,56.31367659339483,58.646896271918635,12.041199826559248,9.030899869919436,17.16003343634799,24.14973347970818,12.041199826559248,3.0102999566398125,19.294189257142925,3.0102999566398125,23.59835482339888,16.127838567197355,20.170333392987803,53.13709074655722,55.722499073050784,57.89572251799904,59.69615772296113,61.3338879536648,62.21321369754251,62.98149998094571,63.268763440148504,63.38858328868469,63.13227957747487,62.521731557715334,61.5873389629617,60.162609449656344,58.12090759304691,55.08653593062442,50.07312412140989,47.121275611722595,51.60867526536872,55.709723521681894,58.45719257036166,60.51663723855408,61.54773520116674,62.58219785927653,62.70818765869639,62.966660676232344,62.40822967206501,37.147487607250596,60.79609900235315,59.61577222157174,58.066750588278786,54.44895367096669,51.176192548556216,51.175695634638274,53.57181798358174,56.317572002645846,58.171381362960375,59.682592059219,60.616409340616855,61.23460926769732,61.5927385518774,61.3356605092714,60.812788812268046,59.87060421739886,58.86535844333284,56.63576554282281,53.74675041177134,49.54478894313872,42.826674203197506,47.153430483974674,51.642338546926105,54.81621755946339,56.63007951029556,57.92801274155081,21.958996524092335,15.68201724066995,14.14973347970818,17.24275869600789
11.139433523068368,6.020599913279624,20.644579892269185,16.020599913279625,18.06179973983887,15.314789170422552,11.139433523068368,12.041199826559248,13.010299956639813,15.314789170422552,0.0,11.139433523068368,9.030899869919436,3.0102999566398125,12.552725051033061,18.06179973983887,15.68201724066995,10.0,0.0,14.14973347970818,10.0,12.30448921378274,10.0,15.68201724066995,18.692317197309762,-inf,14.14973347970818,6.020599913279624,11.139433523068368,10.0,10.0,13.010299956639813,10.0,20.253058652647702,21.13943352306837,13.979400086720377,0.0,12.30448921378274,16.989700043360187,15.314789170422552,6.989700043360188,3.0102999566398125,14.62397997898956,20.253058652647702,15.051499783199061,11.139433523068368,12.30448921378274,13.010299956639813,12.30448921378274,0.0,17.16003343634799,15.563025007672874,11.139433523068368,0.0,6.020599913279624,14.62397997898956,14.14973347970818,10.0,10.0,0.0,12.552725051033061,6.989700043360188,10.0,-inf,6.989700043360188,12.30448921378274,14.62397997898956,15.563025007672874,37.36396502276642,36.12465963953142,34.063698354692676,30.289777052087782,30.141003215196207,21.84691430817599,27.067177823367587,27.634279935629372,33.63987829748491,35.15476441382376,36.983615660551095,37.16003343634799,40.0108438129222,39.848422314052755,39.003124969837266,38.43606471924511,37.046651854545296,39.46452265013073,35.919545550467355,35.73335840066068,32.89811839117621,32.727695865517596,31.156105116742996,26.6838591669,25.622928644564745,33.39650157613684,19.138138523837167,35.47651658359969,36.422666189026735,37.017406324372125,35.01333178645566,36.03144372620182,35.73567773039218,34.063698354692676,32.347702951609165,28.129133566428557,27.49736315569061,21.958996524092335,27.067177823367587,28.836614351536177,32.265999052073575,32.65996370495079,34.77844476338758,32.67875419318897,35.72523097849638,35.17591730711908,36.17105230502378,36.75136504467994,31.598678470925666,33.117538610557546,32.10853365314893,29.934362304976116,31.296898921993012,57.570109152562495,59.60546879428199,61.40095864824481,62.86431543133264,63.89612911846378,64.46634235642453,64.91174626734404,64.92955428630134,64.65761206951491,63.99363895006826,62.8985038689137,61.22452463341867,58.79038505237237,55.30919082886094,51.29045059887958,52.433382285349886,56.75411693714864,59.87157055598836,61.98887916337363,63.31229845059327,64.34307769851662,64.82451941916733,64.91080572309754,64.61066869130588,63.938876074351285,62.86442322385036,22.14843848047698,59.10022698475242,56.28695382714024,54.72782769397333,56.730255174492434,59.89635332135893,62.48479893003639,64.29666058338734,65.88322138112017,66.92631568588779,67.61750552987102,67.98958823018661,68.08957681860286,67.8974001825602,67.43701783911553,66.6896800293436,65.56738144962691,63.97106928214015,61.585509470697424,57.91966292918489,51.91093147023806,49.49258234397422,56.14594580233166,60.20601569978437,62.86329351518973,64.58653860979199,65.53193674225577,65.7658112514706,65.56418900215846,23.891660843645326,17.24275869600789,22.576785748691847,21.613680022349747,0.0,22.278867046136735,3.0102999566398125,10.0,23.180633349627616,19.49390006644913,15.563025007672874,19.294189257142925,25.670263661590603,16.020599913279625,19.912260756924947,13.010299956639813,11.139433523068368,14.14973347970818,16.127838567197355,14.62397997898956,13.979400086720377,19.49390006644913,6.989700043360188,16.127838567197355,27.363965022766426,23.010299956639813,21.702617153949575,30.038911662369102,27.16837723299524,29.079485216122723,23.384564936046047,23.26335860928751,27.788744720027395,36.75411693714863,36.45422269349092,28.43855422623161,26.483600109809316,41.53052275067108,31.78401341533755,36.94429690957083,34.77844476338758,34.9982449583958,19.294189257142925,20.253058652647702,9.542425094393248,12.30448921378274,23.26335860928751,16.127838567197355,22.278867046136735,14.62397997898956,15.68201724066995,15.68201724066995,21.613680022349747,15.051499783199061,19.030899869919434,18.325089127062363,18.692317197309762,12.30448921378274,10.0,20.253058652647702,3.0102999566398125,20.0,20.969100130080562,19.912260756924947,6.989700043360188,14.62397997898956
13.010299956639813,9.542425094393248,16.901960800285135,17.24275869600789,50.309881062212824,53.412544380525986,55.61331594148113,57.1851912672774,58.38956077647993,59.18290415975487,59.71275848738105,59.84871462213326,59.752010426285416,59.27526906709833,58.72110217602949,57.482136186055676,55.782379611606316,53.57690964089705,50.39755075032395,47.06384894774264,44.052609615947816,48.32215025848477,51.222158782728265,54.260165020380015,55.821292979061695,57.0948790175474,58.15472150131577,58.081359949321694,58.02588341156648,58.145039669419354,9.030899869919436,56.16081476829716,53.33431151896537,50.53712127760186,50.07278247334244,46.4489135895262,49.824250184373525,53.207484779871734,54.89938802206426,56.64327891540306,57.634893894773214,58.030916355738064,57.97586045160276,57.68350942859463,56.994457304378756,55.96610289182465,54.16563958269898,51.70085614365889,47.1226236720505,38.64807629026147,40.0264114900004,47.25421550074259,51.58905021187544,54.014229442840964,55.219379136741516,56.22940003983862,56.64195230969688,17.853298350107668,15.68201724066995,15.68201724066995,6.020599913279624,9.542425094393248,13.010299956639813,21.13943352306837,6.989700043360188,14.14973347970818,9.030899869919436,16.532125137753436,47.4263873502086,48.720221745564494,49.53957711918464,49.834684151640644,50.120691517833826,49.58516103423041,49.31381582756865,48.59510561738914,47.97911232418468,50.36580992593735,47.59365621655928,48.066750588278786,50.79199341274056,50.58129813590524,50.22890053354076,49.74179973266297,50.583728732785744,51.23606668986216,52.16917676331268,52.78355696411606,53.80480782541143,54.27940290264142,54.244912492646975,54.91081413423188,54.83832543476851,53.30107223751131,22.278867046136735,50.660798175669306,51.03844754716462,47.86864948347202,38.89973638403996,32.474822606770545,39.292656182530656,46.85069629391148,49.893830664589515,52.30622604436739,53.626878866628964,54.389724748756755,55.29597161225425,55.43881878248159,55.08229312246711,53.25548501023888,51.74353504393895,51.37790718642225,46.834973176798115,44.091212312452015,43.97261980280511,47.35167584450715,48.29567486433636,51.243020286898016,52.227632788087384,53.17983985453151,53.23066376363904,44.26738921636634,47.90179569070148,51.297704289602,54.239827296771765,56.65285420133516,58.2944529760012,59.369608757528866,60.18710898313803,60.58131713021658,60.87689510805302,60.426105538269255,59.91430323325932,59.24862606608706,57.870082328061834,55.715364770139956,51.960019900057894,46.42029018195423,41.62683865877892,47.721015692770116,53.02081884881776,55.87585259536173,57.84463943208175,59.18756176583657,60.12781985680549,60.49070647754163,60.35383704532566,17.634279935629372,59.262482706687834,58.5901153448705,57.10798326208731,54.63361361891452,53.147117970900084,53.14764397147954,54.84658518107889,57.37957154919215,59.27038098226773,60.8228043388616,61.90762136803349,62.71475669624849,63.148699988284434,63.23661443799644,63.03265409359793,62.448459090324356,61.83019731968252,60.26891419961731,58.54661228366122,55.71860168126001,51.38845621578661,44.32985316205376,46.26730338579967,52.77574836071538,56.380257622661375,58.704794027436094,0.0,6.989700043360188,21.84691430817599,25.118833609788744,15.051499783199061,19.030899869919434,17.16003343634799,20.5307844348342,9.030899869919436,9.542425094393248,16.020599913279625,53.42347659841515,55.42202782434028,57.95240264893308,59.84040991371427,61.35228090226056,62.29016455386433,63.032397007426,63.32251774168501,63.40668145067678,63.26218872461358,62.63645772062134,61.67107522794848,60.05333690161325,57.961023192143855,54.79651596505821,51.097135047929505,47.9070728732768,51.88582597054509,55.612409558739046,58.47853872457498,60.64961628441541,61.476828154268375,62.536890312302745,62.71852057347485,62.43665461002714,62.72890541808802,35.268559871258745,61.246545064545835,59.709309673914895,56.82190218984122,55.57681606493995,50.361696097095994,49.09411596963402,53.49100664623844,55.68982751420491,58.293455917676624,59.7578323800662,60.77297031364185,61.26928451971061,61.4841044930989,61.38204457540198,61.14044898528433,60.139304383741006,58.92550928862525,56.946999437578334,54.15942746388165,50.141171380181184,44.32648660013107,45.30583859645118,51.449631861236654,54.575094846929616,56.85800834449041,57.96513971795561,19.49390006644913,12.30448921378274,0.0,13.010299956639813
13.979400086720377,22.09515014542631,14.14973347970818,21.13943352306837,50.06744072853106,53.23066376363904,55.38695610699193,56.98355477365577,58.172380380631836,59.140394150771264,59.66705245556867,59.872751344561806,59.863999623824064,59.40907273701725,58.90828851665897,58.01420861909378,56.50576566337419,54.44552217740483,51.6108337121959,48.597985474805654,44.387005329007366,46.44881521155292,49.731694329957925,53.27906311271296,55.07484809550384,56.65285420133516,57.816498390392105,58.09108352564942,58.19868219259429,58.467038185608786,23.838153659804313,57.04762903577729,54.66186741617952,52.40431923007211,51.17433711309793,46.29674580607889,47.35678725905905,51.4426588920621,53.5368739222871,55.68860881695077,56.88272065550913,57.58131125469767,57.77299923159668,57.79005246489807,57.457616207527316,56.746930830878014,55.498881244243236,53.45953709560697,50.39786778252185,45.30826986248976,35.85235063365775,42.14446445718394,49.3438228718508,52.13172309046819,53.984261463054835,55.45665787120142,56.17491005429358,15.314789170422552,10.0,15.68201724066995,18.325089127062363,6.020599913279624,14.62397997898956,6.020599913279624,16.127838567197355,14.62397997898956,20.0,17.24275869600789,46.258267132857114,47.33871062598305,48.532174238392294,49.13474758490321,49.60727567998302,49.7350192493289,49.590461647617055,49.37688366780665,49.19418069406337,50.4659270380326,48.30010935936117,48.397859039301856,51.09159910732136,50.95894314299819,50.59097446814776,48.91765973585179,49.20983754507378,49.537258743835565,50.76002913646383,51.057587684934134,52.60750932586667,53.255177157896874,53.6969257721596,54.78105985946013,54.879369124957485,54.39359540295716,21.702617153949575,53.16291227154039,53.56641468352557,52.3382834517082,47.52770390463606,46.85150337437864,40.58805486675907,30.318122713303705,42.22872477069839,48.84965198200732,51.00801179244967,52.954021466851,54.17215857442295,55.13436024564028,55.43039410483007,54.58456540444431,54.19666673085815,54.21868699974063,51.60288413131288,49.45281433811607,47.11174300366761,45.57037765882228,44.22737533946395,45.04525230857272,48.74702098144563,50.47952072212367,51.6378135292942,50.372391929623404,53.535257864056106,55.62703168100373,57.54123484243242,58.83086537142822,59.76779933183619,60.12544082430101,60.2788796223573,60.07582646449191,59.91779669753309,58.64834901270396,57.45469070670106,55.89842410025818,53.078146888551416,48.3340850274661,40.85825533520743,47.30798420142587,52.13241420622401,55.069282970238206,57.30143279904339,58.717322643718255,59.70882671428397,60.10844603658053,60.496063874283266,60.36675196349745,59.47661593172202,11.139433523068368,57.11991027418754,55.802690492887436,54.01016054487847,52.296434527764006,54.01848391395518,56.32620248581966,58.36476028894998,60.10191793666924,61.43157562814363,62.247966151689305,62.882959622675685,63.25834494139932,63.361109574372904,63.03737831222066,62.34635964330069,61.3244444957276,60.01552430568773,57.700046793901706,54.65299554108053,49.34902258322314,42.07849711130527,48.6026611739679,53.74530227771842,57.08493134892188,59.075080987704354,60.544851218207576,9.542425094393248,22.944662261615928,19.294189257142925,20.0,20.0,18.129133566428553,14.14973347970818,20.969100130080562,10.0,23.117538610557542,12.552725051033061,55.39623015530595,57.86502980070112,59.755351996493545,61.28129366494414,62.19838270741222,62.9837640040919,63.37909695506063,63.45305100726491,63.25854182575375,62.714029101830704,61.88125210121736,60.571866703319614,58.50023443014305,55.58426547481944,51.62579340739485,47.628060580718824,50.91684540012314,55.15070716032646,57.59287009205374,59.8390850936719,61.35096060923003,62.2548399840413,62.59485411164286,62.5945243543005,62.86952010203764,62.10325477045015,35.34660575828445,60.72837874663087,58.787572617331705,55.8203835046736,52.35982703481839,50.802367456159594,51.422204714129585,54.28345408184885,57.17228495832338,59.23586447621481,60.35910598114281,61.137592392404805,61.46183869950928,61.64762267884189,61.48615300981174,60.90442174513133,59.93934171088351,58.349405284549995,56.4511265049714,53.61005929868196,48.899736384039954,43.59152211446896,46.98570269506439,51.693246244525,54.90049826261908,57.097582676469415,58.26264683995774,14.62397997898956,19.030899869919434,9.542425094393248,21.73186268412274
6.989700043360188,13.010299956639813,16.989700043360187,23.117538610557542,49.06722823996353,52.813061367418214,55.51075318401167,57.13367041417651,58.391372659370944,59.09183617200145,59.52707706200115,59.89103044626244,59.834120184101955,59.53506964137332,58.89129071167712,57.923279415975216,56.67924350109515,54.720246977002816,51.9296031488587,47.28102061816011,41.499884564914765,43.916583287224746,50.5260545839371,53.289195870289035,55.61965532959878,57.0506363454422,57.71570579075069,58.449174600564874,58.559217665228076,58.177246477611334,23.654879848908998,56.477447314699006,55.73347439656936,53.830124356348136,50.250476701108724,49.7143357663525,49.38539738285958,50.90786927949267,53.58924215388512,55.07106674803381,56.449434955583115,57.195641191200295,57.75442230980979,57.741518589547105,57.216342245214484,56.389971343378264,54.98697799343569,53.0810533408533,50.442966756071286,46.24498673276187,42.528772925637604,45.99708446224169,49.3070457627187,52.50480994441836,54.21927881821873,55.57114836347995,56.258596053499815,10.0,13.010299956639813,15.314789170422552,17.634279935629372,13.010299956639813,12.552725051033061,17.24275869600789,10.0,15.68201724066995,17.16003343634799,16.020599913279625,46.6136775529117,47.046651854545296,47.59849077610011,48.41515888422295,48.988348380682744,49.54416192497789,50.28201050028984,50.59283137490183,51.041352995797965,49.80807549337983,51.60759563954066,51.42342529740898,49.239120485978056,49.39524244480526,49.4704140525522,50.90049852144588,50.663259253620375,50.7086869911476,50.44763121585733,51.664093903674406,51.98549874451106,52.68151892274596,53.40446097915417,53.66060426904154,53.85237950117024,54.586574862452096,23.117538610557542,53.82348493591696,51.62041385148267,49.92752284666042,48.85813374660489,42.04906428902569,31.598678470925666,39.0074935806108,45.81938286281986,49.041418762097386,51.64117797224704,53.487039189756125,54.3023635341151,55.04559207628078,55.25462047807487,55.818108985105404,55.41735212517804,53.77082123524979,53.63089007711661,51.80842414646683,49.42761830059639,45.369622496502764,43.96286546068402,46.58555117374946,48.35849044211536,49.06895060556969,50.716537587111745,49.642832068903154,53.18747644543364,55.8849580100721,57.573664167961105,58.91943686979123,59.75696899985398,60.354333406123146,60.56908660920483,60.50216526773531,59.928194031371156,59.30087224758137,58.04864922770405,55.88133831484762,53.23478988130159,49.081256389876096,44.849401294680284,47.26727209026572,51.60972464434501,55.02017214827148,57.0270963605434,58.485684199595454,59.363890659833636,59.84898892412994,59.961972201986526,59.68940351246718,59.27760847133345,6.020599913279624,56.63415384191712,54.36742909354325,52.149762347220666,51.5601883092165,53.48515143092284,56.33178492485074,58.642054248098994,60.31394324201095,61.653511797005876,62.56821858364659,63.17121063726318,63.37743705884708,63.41426610255788,63.065204546186884,62.677950216956326,61.713894156719924,60.27506577878614,58.38280989444185,55.566546190628195,51.1067386774199,44.388902778168415,47.79957051246906,53.470176013249485,56.72498702266157,58.85967564759157,60.289330140478185,6.020599913279624,15.314789170422552,6.020599913279624,15.051499783199061,9.542425094393248,25.76341350205793,18.129133566428553,19.294189257142925,20.969100130080562,13.979400086720377,12.30448921378274,55.39189050875863,57.99889619205781,59.871315570854726,61.28416071453067,62.429251174393016,63.120310854717225,63.487807681246416,63.588922863866614,63.39431763444761,62.8890107239122,62.04900197169616,60.72047596510916,58.8404333279623,56.054709731253496,52.15373152783422,46.68991270164384,49.36458446837303,54.35602316282332,57.66479770899863,59.66081631614444,61.32762232242432,62.20087157681156,63.0762010432797,62.8360897109725,62.56661231113762,62.09367543850172,32.87129620719111,60.18042735212504,58.81113494764552,56.423230299732936,53.47915186501691,51.23492301422652,52.99823153207261,54.48992149239026,57.57694313976693,58.741999276795866,60.44029125099851,61.270788695620354,61.6170931339876,61.80480280043318,61.51014791237423,60.88527663467861,59.873663552260254,58.53192457019382,56.483687943760145,53.10661455834044,48.41290628697786,41.67258243043628,48.094317640810644,52.36909929759075,55.22238122959287,56.884705460598035,58.029057034018415,20.043213737826427,12.041199826559248,19.294189257142925,-inf
15.051499783199061,6.989700043360188,9.030899869919436,3.0102999566398125,49.16401303603876,52.56681673509182,55.598168855003244,57.12131774494228,58.428612569498,59.044959087287054,59.777985717603826,59.98550950346512,59.98174302565026,59.29648785482493,59.28642633473267,58.290051329317656,56.04547873508068,54.1562263373561,51.3152242891307,48.742092109227116,43.52664799651101,44.58093696046604,50.609432418016794,53.4529137345844,55.4158922761302,56.72707290472643,57.85620216842446,58.155173147651794,58.12975489716237,58.4674584943187,24.653828514484182,56.93734861099219,54.55164748629626,52.290595135604285,51.05118291415654,47.58586427919191,49.42275992089877,51.669419657783465,54.35788642809797,55.23863476506689,56.75369509347415,57.599706123233446,57.675728854584854,57.597599808751674,57.05043934900917,57.23121407601021,55.791167858061755,52.921231037128685,51.64189220875209,47.459643398553425,41.84379080658596,44.01072973025948,49.94391948722769,52.83920561305849,54.507001091102026,54.809320683271395,55.8884627645422,12.30448921378274,20.043213737826427,17.24275869600789,18.129133566428553,16.989700043360187,6.989700043360188,12.552725051033061,13.979400086720377,14.14973347970818,11.139433523068368,6.020599913279624,47.88316882946297,48.48367726215781,47.61032781023392,48.39886381275089,49.21795685513096,49.78025220906136,49.575977104499465,49.42231347056604,49.57822704978322,50.06568720431262,49.6759477267189,49.9183277767832,49.314375285506884,49.18544052873053,48.862029802779084,50.58475373298818,50.471424165845136,51.17045801821999,49.453159151152335,51.184631397753655,51.75294321756247,52.68100359815665,54.1208068869416,54.234899935315156,54.61897522200853,54.79236897938166,17.16003343634799,53.878025658862605,52.844781088403195,51.137963354471665,49.53856298224986,45.17618106739483,37.092699609758306,34.71291711058939,43.67355921026019,48.282086144679454,51.14454182959507,52.71795155444749,53.94775529724812,54.56403994274289,54.81342284852482,55.26763024731515,54.68051791454238,53.76286722187332,52.442672222393085,50.83835737807259,48.242885824595454,45.82267956091819,42.19898739044965,45.02372488311689,48.330450630415164,50.783879345009794,51.35021279538261,50.352295563502125,53.39959973608206,55.765210210965456,57.42319705321262,58.864281145718806,59.68332086743992,60.21388201749321,60.384977634586875,60.2605908138569,59.8554592232116,58.89782242573151,57.58410727128585,55.709128665639085,52.594266265870516,47.757851499557795,42.163242786866675,46.712561748121985,52.12147636815062,55.053195914764856,57.25925509904509,58.66814081666719,59.67943247620127,60.234409560414434,60.36936145797451,60.1436300493772,59.5068072279751,22.278867046136735,57.187739717359925,55.36872687360007,53.258131639942576,52.75725867573664,53.60506318755243,56.13339609765927,58.36577907553594,60.09182672265116,61.488484181403436,62.41572876133322,62.939167276340996,63.18082126144384,63.18791420341537,62.854177723044195,62.36318043642382,61.284913526507275,60.06943289920539,57.75214925283154,54.77193631102115,49.54599449291496,42.18693019991356,47.87609228552539,53.951585849181534,56.99557641323991,59.157105374710014,60.432349187040664,18.325089127062363,13.010299956639813,19.86771734266245,18.129133566428553,17.634279935629372,16.989700043360187,15.314789170422552,20.374264979406238,12.30448921378274,0.0,11.139433523068368,55.13011061255909,57.612849375728665,59.956816923255765,61.21213715073216,62.38045350016324,62.94212629975711,63.39345885976479,63.449329382273525,63.32644044635703,62.67350104634321,61.94299222656233,60.63195579039209,58.347677462249045,55.19379034567069,51.08581935182454,47.415927629259016,49.75275526294006,54.74755154291798,57.945298707590275,59.89692705458631,61.39967509826125,62.01937061803271,63.08690735400961,63.22325580471718,62.74586618841259,62.92583884255552,34.14471949629303,60.103088629782924,58.91792718806889,55.90200727314081,54.71329856871915,50.742494406724944,52.15471003487809,55.04737202462507,57.09206338960154,58.976738166640736,60.30249878923221,61.22171627146744,61.44615611489745,61.436423551949595,61.25498507011942,61.12870657554849,60.02513790230039,58.222289024984505,56.7658113564861,53.948017771627114,49.51541501848838,41.57305630327966,47.82185866492016,52.56171528612823,55.19859482264263,56.8513419702836,58.099971553621934,20.043213737826427,19.86771734266245,14.14973347970818,17.853298350107668
9.542425094393248,15.314789170422552,6.989700043360188,16.532125137753436,50.055322687039656,53.29530080040292,55.52001055818617,57.14974016118311,58.350719747663675,59.07953889866881,59.465077764838014,59.62879107424246,59.43789716018227,59.40388966915971,58.28500711969259,57.18123696525022,56.463262717679626,54.433255839537445,51.39416221796662,45.47393146068433,42.537740196788796,47.69451179402037,51.234105918624955,53.916759532372964,55.97832252198357,57.18576417625733,57.696173034806996,58.46609234225856,58.43704202088113,57.299945037802324,21.13943352306837,55.195563107549376,54.55058145267178,52.166012984886024,48.340390181594664,49.633722164302895,50.65609587784032,52.79769575049396,54.867491751333304,56.49445852534022,57.38318280270947,57.88363547598288,58.11491892183913,58.006634753391154,57.23621476836934,55.37143840414014,53.446987263488225,52.1177442850884,46.83020006620726,42.45142372652961,45.01346869932966,49.086994323522234,50.91603655001259,53.35642411568995,54.932321312290384,56.118443414360755,56.45447815331976,16.989700043360187,14.14973347970818,3.0102999566398125,12.30448921378274,9.030899869919436,0.0,0.0,3.0102999566398125,18.692317197309762,16.532125137753436,17.634279935629372,47.680902636681786,48.591262834497485,49.65794158105112,49.831073493230306,49.65281682893381,49.89151582807074,50.21371251017942,50.308303670047835,50.17304688562155,48.71251765791019,50.35881809510414,49.83012519777192,49.35975567619343,49.955649999179236,50.28493983692225,49.79844176893234,50.07790437445979,51.12672017117133,52.45850595081223,53.16540637999268,53.65467392854011,53.96354549115057,54.56818314169005,54.44864182902073,54.15542568691575,54.29456730054171,19.912260756924947,52.31237598914208,49.45532592073201,46.12232694614741,42.13836388325274,35.26597709103452,43.077740685170866,47.05906455700312,50.2645154573824,52.13623993416087,53.647179274528355,54.54028839300736,54.65651971134748,54.643017199161044,54.295908022233014,53.9889267371051,52.68774483109303,50.57156212228546,48.45451535902862,45.09215967772565,43.304543597219975,46.09658428263033,49.747511104337306,51.86360112763403,52.50656603941519,52.91424354890523,52.85043953173741,44.08663874063811,47.49249199921887,51.716708838008344,54.48758864813048,56.70691982070153,58.13351438970982,59.31022849864091,60.05877313426444,60.55687503197795,60.636695536449174,60.50658496997136,59.95728185075858,58.93607540724606,57.51048805254988,55.3753828642689,52.36134016815431,47.06760441781998,41.26618375522951,48.40589072547749,52.93665239762352,55.81573083862718,57.79457956638961,59.071801771903054,59.884827034122225,60.27950272074083,60.43020210131246,21.958996524092335,59.43496494464156,58.36395648119266,56.67170803335694,54.85353681708763,53.222234308521465,53.36099340085085,55.20516283729225,57.424187396205284,59.2024075783877,60.63682305909022,61.776187339560174,62.627476376981846,63.03849815703817,63.131050608879605,62.94424999297182,62.46046571064984,61.704870205654956,60.34942735195469,58.579846546259034,55.92892586422426,51.54594370593057,43.92239560398111,46.775522062680935,52.90953452117985,56.36869867352894,58.60912691970266,6.989700043360188,12.552725051033061,20.0,10.0,16.989700043360187,20.827853703164504,19.294189257142925,17.16003343634799,15.68201724066995,20.043213737826427,15.563025007672874,53.48789522228201,55.538733216308145,57.84441114477698,59.71465579129194,61.18866301603362,62.25776930455684,62.91661833768998,63.26721842704436,63.34334102626023,63.11019813011142,62.41479239433759,61.55876594951556,60.168850692406,58.14911186043162,55.22572025091143,49.67945585433826,46.7306700813015,51.590435588485974,55.88734334211195,58.359979558600266,60.18376320807634,61.6693812174081,62.463927024556725,62.38335703563037,63.11575022022594,62.2640114100855,37.95254182580883,60.91754862561454,59.59661370273495,57.21765287996181,55.24268866214246,52.34388190793546,51.07996415894512,53.24103349081667,56.26301350988199,58.01618402870708,59.79810966073154,60.563292203144535,61.29499766208512,61.64438516384483,61.47412885711034,60.75565938551905,59.90588347014827,58.91314399382143,56.515745513785156,53.51651389099593,49.27396029803128,43.74693368545393,46.34134536062571,51.75433528931652,54.583734153747784,56.63045692383906,57.887974301398934,9.542425094393248,6.989700043360188,9.030899869919436,14.62397997898956
6.020599913279624,3.0102999566398125,14.14973347970818,6.989700043360188,49.85102990633706,52.74573464196471,55.4339747257542,56.98348518758728,58.18380311308432,58.99067766195018,59.57485169459645,59.77731376804779,59.82529018865603,59.1498222631072,59.10803634419213,58.15735101759978,55.926219309130076,54.049448407535735,51.20379771337856,49.326005845004815,45.319512746539814,45.741933740763265,50.305592452911554,53.220869181476914,55.30803959037804,56.47011117490286,57.75424750150452,57.88960553927403,57.95026572401269,58.4860042388373,15.051499783199061,57.0904002940733,54.26226518098315,51.88672610354793,51.545243940047804,47.195964240383006,48.798124189827014,51.8840532883004,53.9747071716853,55.46928668512212,56.759340733734945,57.461373559221734,57.55138216432397,57.58319819509562,56.96248894100602,56.93308277196386,55.67529808767059,52.790392270610546,51.25318578123526,46.8756463075446,37.99960527405983,42.41770542646124,49.62752785240488,52.48919340621559,54.281898875952585,54.85069495688301,55.774929487629066,12.30448921378274,10.0,10.0,9.030899869919436,11.139433523068368,22.50420002308894,9.030899869919436,6.020599913279624,15.68201724066995,16.127838567197355,13.979400086720377,47.18377112354902,47.8710609303657,48.15006281903948,48.63108634672187,49.127320662580864,49.59785259728594,49.223101632143965,49.000447024025874,48.797895080199595,50.31626566705107,48.91838404750743,49.18491660694893,50.4755521815687,50.09459394629076,49.828860481643034,49.77746462291663,50.059565706942486,50.70326068573329,50.143062787709226,50.88579020388005,51.826457200799176,52.84498410828046,53.81095216474694,54.235800701280105,54.62939779141828,54.41820772289284,11.139433523068368,53.30829603970468,53.122154507761834,51.80401166165973,48.39936611231559,46.27007210742902,39.90250032927817,32.34010817587179,42.376693838784256,48.54925153269208,51.22176544161196,52.891963941280196,54.000628548971996,54.6624463557431,55.03368436197435,54.6186603588651,54.23227846244529,53.767593954048806,52.10706348455223,49.97604787460454,47.619052965994435,45.81665266717616,43.227566600777585,45.298664831919154,48.23682849076752,50.935092357082226,51.51124590050682,50.43794392325779,53.42363454809173,55.547519588651085,57.28727033658791,58.71228398723132,59.59644213563113,60.055734312940494,60.18702162626588,60.046394532297505,59.714229086132,58.76246715594605,57.399937773556466,55.705476096899304,52.76783384700269,48.08683509128969,42.38798562713917,47.08879599143121,52.18254462006146,55.02732930415871,57.15878048308093,58.59232594433675,59.50203181049409,59.93843879114637,60.28148138164017,60.10166339640246,59.38444667801203,23.59835482339888,56.961483669158966,55.63368344052263,53.72149478375664,52.97780201586442,53.94488454205268,56.28520731197185,58.3154537141056,60.02810758785582,61.385332078704195,62.19876228019516,62.83265940843307,63.121858221366416,63.12375622058282,62.813218157802936,62.180660349708205,61.20654202464026,59.98259774462117,57.65830174601051,54.551373388355614,49.185545305502735,42.91746140824206,48.21179327170964,53.68712600961363,56.9638609800362,58.98559547819514,60.325865300086036,12.552725051033061,22.55272505103306,20.863598306747484,10.0,0.0,23.180633349627616,19.294189257142925,21.702617153949575,11.139433523068368,11.139433523068368,9.542425094393248,55.447227149126725,57.624752453226186,59.818063797294926,61.15780868123598,62.16548546433404,62.86204218270203,63.245386340533194,63.31391863124567,63.152185965371174,62.52824400567559,61.83910133804047,60.50752787617802,58.15426980800573,55.18197974435138,51.20106484151874,48.13614343238298,50.48694226970416,54.538226850407376,57.91249816419974,59.93974245900472,61.02206207526736,62.126735823532215,62.88689111651056,63.044864347010474,62.91315781574775,62.210786711751425,41.226745132061986,61.107580088798876,58.49003963281441,55.79756166625418,54.2475426844614,50.5544714019024,51.63986823349979,54.74696928116828,57.03781295454297,58.943077533993,60.16843293887482,61.0494335877645,61.26006980474074,61.356188525719176,61.12280835239897,60.90266872794679,60.03849843884317,57.970527647821974,56.80448832262408,53.92037098260247,49.608036249117696,43.61614527024847,47.754283920481704,52.26715873412207,55.11579917002585,56.83573818777761,57.949179456854374,14.62397997898956,25.76341350205793,11.139433523068368,19.54242509439325
17.853298350107668,15.051499783199061,16.127838567197355,17.853298350107668,49.414120403735495,52.979289453097564,55.87632403356187,57.403824297038746,58.341007467218645,59.14102932721451,59.69025244446009,59.86299125993577,59.8789854141196,58.986621165746634,58.908260595923124,57.91781848301057,55.25316966044274,53.113045046159485,50.317517241989336,47.25298943058368,43.49355246595203,46.84531192109364,51.866766930890044,54.25085674446379,55.96470637051422,57.08697027024642,57.886236465048356,57.95101759599262,58.00784416193388,58.19150260046513,17.853298350107668,56.16321093962624,53.35854903045835,51.03427397382767,49.426280309747156,49.434252606948725,51.52447352686544,53.531176564849154,55.47927235301293,56.369870981421776,57.380167017491374,58.018816511262976,57.75538362973643,57.40609772236159,56.635473407509586,56.348096653830346,54.807110219088024,50.428313676246574,49.078465121650055,42.94906910605192,40.33584575515413,48.187667747080944,52.15862185987261,54.228982993028865,55.539133534119394,55.78322827532499,56.36098561939647,14.62397997898956,-inf,13.010299956639813,9.542425094393248,15.563025007672874,19.49390006644913,19.294189257142925,18.633228601204557,12.30448921378274,6.020599913279624,12.30448921378274,48.870600108870846,49.49921569950946,49.21925661655944,49.77874439281332,49.601567161862235,49.977707003630975,49.51847296899779,49.330517627187014,49.312594941851344,49.226268614358055,49.672530425569896,49.73889510739773,48.413094048046865,48.47880997445375,48.535582904559305,51.10202375877088,51.34384320553547,52.06202310414562,51.90020575868093,52.67866044269368,53.314536166008644,53.932680177494476,54.60383598237594,54.52425896669251,54.36221503476694,54.212945463856784,17.853298350107668,52.038620437240944,49.514638053158755,46.455892735741465,42.149762347220666,24.60897842756548,41.04657791008797,47.05812414630624,49.91669007379948,52.30451476044183,53.60563121699302,54.45200853765857,54.68644144576908,54.66719371681599,54.35162459810087,54.05476133866114,52.977714503689654,50.38322053381606,48.99957223499185,46.58516983735857,45.785475286331526,46.834973176798115,48.77100547393979,51.021935080397434,52.34421100424933,53.035178778440866,52.92278228672973,45.09471352102548,48.30177915464808,51.32701445891526,54.3457688731527,56.53082205883612,58.233600977569836,59.42492703309385,60.108276599612736,60.62418387964917,60.639578883521416,60.53247900566306,59.997554233519,58.956357731647856,57.5585809310584,55.48744325708902,52.31143237244629,47.575250831511475,42.72700056789586,48.37367447326565,53.02886971782894,55.86732420290225,57.75958326682716,59.05662064684006,60.02418354607306,60.42729830837554,60.38205536692519,14.14973347970818,59.4403679798677,58.30010935936117,56.83645807503234,54.79559475483598,53.273344088289775,53.12283165791478,55.03236229422519,57.2433896063128,59.34642350572429,60.79310429440915,61.91706094535245,62.54633139260994,63.00003196373963,63.18182332050292,62.94030831687772,62.54664066822397,61.69966118507665,60.40096159414809,58.5118616420095,55.54669624255277,51.74481389373729,44.44747222225778,46.088040641810686,52.693354542947915,56.47489574368749,58.808341636374585,19.030899869919434,15.68201724066995,14.62397997898956,3.0102999566398125,16.020599913279625,0.0,19.294189257142925,9.542425094393248,17.24275869600789,17.16003343634799,20.253058652647702,53.178127081508215,55.499652499563666,57.9308180920833,59.88662836255226,61.31377393908596,62.30052510669624,62.88512137896326,63.301630684378225,63.426583203437154,63.00997205192742,62.62152201793679,61.636008160847425,59.75898940777961,57.458622124425965,54.65968456542913,51.00770187849129,47.5826071935125,51.538910496761694,55.95903870442599,58.632478932331004,60.3667559547473,61.88197016558756,62.15671924998772,62.66597845932142,62.72367318703664,62.76479497291724,41.728946977521765,60.90712571778491,59.18672910739123,58.07706141557151,55.98801446032947,52.34732352809139,51.52514607908672,53.44873464694399,56.34134536062571,58.28998050614062,59.606391350909604,60.719894634932096,61.16310808199071,61.342663806730414,61.318527482035265,61.065478446669246,60.31823976135441,58.48142912993068,57.29687087330086,54.58687695618518,50.84511933244695,43.71529632099295,47.25813660083803,51.95526053832314,54.971287693144895,56.410743359763984,57.82049590239568,15.68201724066995,18.325089127062363,21.73186268412274,17.16003343634799
0.0,15.314789170422552,16.127838567197355,12.041199826559248,49.67931558362863,53.126194683007284,55.24476611678665,57.136467602048,58.149510889398755,59.01188506396528,59.391841675233735,59.635932953856425,59.606709920304304,59.292676627085655,58.63087801560723,57.60534058643887,56.717955946987935,54.74095286013099,52.35924686056477,46.802266994961165,40.25715383901341,44.71291711058939,50.424219269471,53.332658607261735,55.60868663549585,57.06651225233848,57.59531870350376,58.56707144913105,58.67104933439287,58.08849449836039,10.0,56.53608024153698,55.9947368211542,54.372335398548216,50.357498373196606,49.94844849553398,49.4299959336604,50.559361331667574,53.23031286280438,54.77260206722736,55.705079147210334,56.75383265569636,57.30409171112241,57.40704463178546,57.07012047250886,55.424083538291846,54.20261133411269,52.4944785211867,48.83786312343403,43.83994789441733,40.57970231710705,46.50589188820173,49.28488027623757,52.45517602950677,54.32074139014384,55.698372220012786,56.38569119860692,13.979400086720377,6.020599913279624,11.139433523068368,19.54242509439325,13.010299956639813,14.62397997898956,11.139433523068368,15.68201724066995,20.0,15.051499783199061,19.084850188786497,45.27745869076188,45.85235063365776,47.093462950938715,48.57844902792016,48.822398480188234,49.7433204280934,50.56923898922357,51.04657791008797,51.51124590050682,50.43161788143642,52.28628739594438,52.21761013269343,50.5163480398712,50.91304601356192,50.72918659290167,51.176490669618275,50.62600784448157,50.55825393925269,50.473293942098906,51.17516553045013,51.298251854280075,52.08720762988909,52.370634365033794,53.05304067471708,53.19166460576813,53.91339201309657,13.010299956639813,53.186058640550556,50.84107773657155,49.01572737742424,47.87864116988889,40.244856676991674,34.03635189790548,40.9229947657425,47.134989432928165,49.38144308514097,51.82474570667097,53.610569940777005,54.734592327245224,55.434086572603796,55.73921232520589,55.85643433165928,55.64987819962455,54.195675172075546,53.8259691595385,52.301064601518455,49.77147211335466,46.029385484146815,44.26722664145779,45.89469267346118,48.04139432335351,48.69055618701908,49.76207789636912,49.21800885305747,52.863486687001185,55.505181937590606,57.49355948186265,58.61821655110988,59.64319983976579,60.1768179112877,60.46069245505909,60.35996552728426,59.74671933033835,59.21293612415333,58.07397682708861,56.208457597537134,53.83215553795935,50.83359264660818,47.8721243784759,48.73715763680238,52.055426785885324,55.200496766664465,56.97250272109949,58.32464203620092,59.18655627148059,59.5269269394953,59.68197527979764,59.36169789848166,58.85140058074147,20.170333392987803,56.09487689853285,53.49900831773457,51.05373914143847,50.18242667457909,53.059529449605066,56.26136005820744,58.52670870466632,60.30799216847456,61.59093542024635,62.39496181239101,63.08536455620996,63.41550057263053,63.51348838142739,63.3135541432936,62.63064127474061,61.82204873496207,60.35452953305948,58.610448817248994,56.0663606217387,52.0288319833564,46.80235768364048,48.41572185102274,52.99709907663021,56.2569306365182,58.4130252032641,59.992088638904974,23.820170425748685,19.49390006644913,20.374264979406238,20.043213737826427,15.314789170422552,16.020599913279625,13.979400086720377,10.0,16.020599913279625,15.314789170422552,3.0102999566398125,55.45798049450092,58.12882620868858,59.79344381385465,61.385442566325416,62.26660985655042,63.11830332521741,63.41439273102324,63.5246655031245,63.33996093454917,62.7789628087846,61.98315289172023,60.620149633386056,59.074161981861806,56.38948268236654,52.91965706059662,47.77136712504173,49.82858942312075,54.18288030217074,57.57773973823313,59.36780068296348,60.87685252094239,61.742706497044935,62.26672582238052,62.93376699441325,62.317144492062226,62.11885358185576,28.29946695941636,60.3900183955984,57.99980489762178,56.59014364650207,53.1612976730699,51.48232359644905,52.86602407692206,54.70182551532643,57.17886764407713,59.01552580859375,60.11929317690817,61.08008946825956,61.45641974381347,61.62684164485107,61.545049202530855,60.600814602868034,59.690676848235675,58.301554411905016,56.20131889059466,52.86314975384654,48.31088749485442,42.878017299302265,48.18173088643144,52.159572852336915,55.053195914764856,56.69518636484209,58.14115688727516,15.314789170422552,14.62397997898956,18.633228601204557,14.62397997898956
15.051499783199061,16.989700043360187,13.010299956639813,22.14843848047698,49.063134881942325,52.94979580579238,55.79676152586872,57.396775433037384,58.54843262703521,59.14586949527802,59.70786527900037,59.78698986022163,59.8462856191209,59.39569667787303,58.86800261163428,57.83967861527244,56.203776096549475,54.19949143200259,51.23263475902825,46.53386196833809,41.25318578123527,45.38799869965,51.344384984105915,53.790679054660174,55.98975343412618,57.27362297341409,57.81825717483082,58.4485228390121,58.4255994189308,58.086187345763534,19.084850188786497,56.27084088361968,54.87932676351194,52.71583740223729,49.26861848498948,49.314375285506884,50.203156959107574,52.19849003825283,54.69605550892247,55.83552415529347,56.93302117246853,57.61333846515703,57.86181213881371,57.65927713233478,57.05021664662859,56.35638537166912,54.91928708252776,51.83796373420462,49.8131563941686,45.388877800147,42.76484782109384,47.603697013726176,50.88579020388005,53.35740651683224,54.95544337546448,55.68043236354487,56.44154875930455,11.139433523068368,13.010299956639813,14.62397997898956,16.532125137753436,20.253058652647702,13.979400086720377,12.552725051033061,12.30448921378274,6.989700043360188,20.969100130080562,17.16003343634799,48.002013911267184,48.47924147343902,48.43513078608807,49.30449789353194,49.64862790895375,49.918372030456055,50.07547222459802,50.02364797831994,50.51144801587962,48.97934836545342,50.947156343281875,50.83079585903549,48.30986215742743,48.660331876895036,48.824562293881044,50.89527146125243,50.824765884599465,51.313170553494004,51.04002014891893,52.295820224511104,52.6269783178915,53.156030329994124,54.33613043713414,54.073450079125095,54.14254497113937,54.720246977002816,21.335389083702175,53.414760724044484,50.59472535964154,48.23448144634307,46.47089428716555,34.4216608578472,33.58886204405869,44.10574796542328,48.069664202305304,50.89117017386327,52.71081507027925,54.245173949465205,54.58766230156197,55.05021028003581,54.84585952263742,55.240272371354074,54.555832944089545,52.26220859790559,51.733494625185685,49.51983136728111,46.80960664911411,43.76211850282672,46.458641994383456,48.68996902487136,50.6496686382023,51.558095550281294,52.28528677357182,46.69363376415619,50.8516209084933,53.98268211255406,56.39777249687007,58.08740178938507,59.17224466342165,60.062850128342305,60.56093410723176,60.77071611764416,60.433060715688576,60.10179491073639,59.299050633477385,57.71561760480277,55.71150760109951,52.82053102229195,48.706847596638326,43.098430047160704,47.047851870884394,52.34276785840923,55.45616332913136,57.40950563049738,58.80478027330958,59.68090972716391,60.10883571652157,60.28448022450701,60.08961933117199,16.989700043360187,58.44716313579336,56.54189060163762,54.486506771899954,52.80327918747676,52.22596828644161,54.26787690457996,56.91450176316809,58.85438119537406,60.66044381475224,61.79573045798286,62.6222937683708,63.06382561125176,63.372773186912745,63.235006394211304,62.98252505655764,62.26086438399999,61.12521887847894,59.472243669833986,57.12844921929427,53.59231981798163,47.98084105211312,42.495407645016385,50.33347345106616,54.93320002881377,57.84814783964585,59.71740054382175,21.5836249209525,10.0,6.989700043360188,9.030899869919436,15.314789170422552,13.979400086720377,21.702617153949575,24.232458739368077,19.138138523837167,24.232458739368077,18.129133566428553,53.85738507751586,56.58817195541638,58.96831439071407,60.598363280561465,61.85522890223083,62.72474008154198,63.289959456034,63.52273613888077,63.56307578913928,63.000319267083626,62.37520112684712,61.30652777322443,59.30661782514718,56.92678630598426,53.607240230397494,48.34852875473121,48.19714987557009,52.97465046609606,57.000197273290844,59.19660075456928,60.678208267756204,61.93558953949474,62.519857602412515,63.13182772910572,63.028296695079305,61.97801123649683,31.335389083702175,61.08581935182454,59.585643609934124,56.725134728685084,54.31873358958185,51.19285589252775,51.54439189893679,54.222039571939845,56.68874921546895,58.636285434249835,60.14055334185228,61.05763874886562,61.554307822893264,61.66082124417702,61.53885869497096,60.971507191512444,60.09853982127901,58.51740698148083,56.85244477873106,53.826167116228135,49.406957438191554,41.287222843384264,47.62828553189091,52.341248239270584,55.05152692651936,56.73165647834086,58.04348007220844,13.979400086720377,17.16003343634799,20.170333392987803,17.634279935629372
15.68201724066995,20.0,17.24275869600789,15.314789170422552,49.77513264400442,53.12655409767238,55.46509349839633,57.19517728367836,58.22181814367872,59.121199826768475,59.71389511371654,59.82011030807583,59.92723579521652,59.308930224060255,59.11984378736524,58.188887096838,56.08153621536164,54.12578135431272,51.16375261179705,48.67373193882259,44.0257086822233,45.94016662248082,50.141171380181184,53.55001091640665,55.43414870849784,56.72711904123421,57.93631859222769,58.11859750705692,58.30902248213479,58.71023883231429,18.129133566428553,57.37412915719854,54.61506030078289,52.49347582249133,51.693363873360255,46.817928028799436,47.90158446996239,51.286738473085904,53.29090611594207,55.284255928478174,56.59049598009609,57.339896710559586,57.398420137478546,57.328350682524444,56.892040473996836,56.58526517459542,55.399839042661995,52.6141752147967,50.49314952585081,45.50888468081352,34.601458174917504,42.774716850428256,50.1820518717216,52.8282369472048,54.53295401352424,55.30980469795938,56.29276027913774,17.634279935629372,16.020599913279625,12.30448921378274,3.0102999566398125,13.979400086720377,14.62397997898956,6.989700043360188,11.139433523068368,6.020599913279624,12.30448921378274,15.051499783199061,45.64961804462294,46.7137651517521,47.41946945311592,48.464917478736155,48.81840968324927,49.59461166467473,49.37016107464814,49.43870280184476,49.399782639006354,51.08794963043759,49.573678084315276,49.89467616256145,51.76698846118572,51.37917189465903,50.73296678485579,49.91669007379948,50.29099566823543,50.477420181806416,50.284573777879345,50.50801084310092,51.84433048102353,52.652801948250556,53.23049863736624,53.825357236353774,54.24924084393163,53.875677794171885,11.139433523068368,52.860363438099384,52.94397880027929,51.19945065166121,47.206884066245614,45.53640336231354,37.10963118995276,36.34074025487469,43.94486703162585,49.62748053358641,51.74946108475784,53.386357524911936,54.52393716094267,55.41071021827307,55.54738641089399,55.0703100832946,54.88258738640546,54.42926376633659,52.07688213335581,50.586878888437,48.114811666785464,46.419101690776266,43.87710089398606,43.50887356343713,47.808715300879754,50.438846891769316,51.116656959395186,50.0225680037738,53.44726217939861,55.76158147584427,57.53253574809567,58.82684451824992,59.809273669827896,60.19704786548063,60.43924727859072,60.31241178162367,60.07732846204891,59.03792974786133,57.70543479382688,56.26057932808883,53.75467908779507,49.64928710803851,44.6122832178055,47.86786902271548,52.0581314067537,54.97385832537447,57.01771701678287,58.43704202088113,59.39553196148164,59.73785727025483,60.02622587165427,59.789014589928925,58.98247304509478,13.979400086720377,56.29756080862766,54.619559907290316,52.52340795297383,51.422204714129585,53.52971252314813,56.19553480678065,58.43214084963353,60.24906622541779,61.57071262733754,62.448968163447454,63.10399506740449,63.43724007474714,63.556449650953155,63.21131991767446,62.471935357557186,61.57994694054981,60.346096087180456,58.1396241310306,55.1595063289805,50.40602340114073,44.010212292086656,47.68527108918714,53.22593453994269,56.71236732086346,58.77231358378399,60.215035318434545,13.979400086720377,20.969100130080562,21.613680022349747,16.901960800285135,18.573324964312683,22.671717284030137,20.863598306747484,20.170333392987803,17.853298350107668,19.49390006644913,16.532125137753436,55.276453650879496,57.79169200839236,59.97893347836417,61.36833405660913,62.402801019973566,63.04782759596349,63.410586329235855,63.50784544563079,63.41120215134375,62.728986506306576,62.04038001835282,60.81782104786373,58.6224590341564,55.765210210965456,51.769618700948065,47.15409959439587,49.4830535696838,54.96334505996816,57.770525443755226,59.79169453673681,60.98398998551783,61.8879578582314,62.812015953504655,62.6601355362245,62.48720737933438,62.04234241359974,38.73029812061044,60.585676026378216,57.84516016758825,54.8863672085223,54.73780293476931,50.55580903908328,51.82722715316398,54.59904894119978,56.99505593336197,58.910449037172405,60.13844630539289,61.30838543432059,61.315217872719344,61.576673665102064,61.36388537841044,60.994447876256295,60.15472506423961,58.04565336539244,56.68255422349812,53.674379259751674,49.305466259913274,43.098430047160704,47.514715677497996,51.81986424480151,55.04298197817939,56.83162354242555,58.08565423270163,9.030899869919436,20.969100130080562,19.294189257142925,9.030899869919436
6.020599913279624,14.14973347970818,9.030899869919436,20.043213737826427,12.30448921378274,14.62397997898956,18.325089127062363,6.020599913279624,14.14973347970818,15.68201724066995,13.010299956639813,19.294189257142925,16.989700043360187,11.139433523068368,6.020599913279624,0.0,6.020599913279624,19.030899869919434,17.16003343634799,0.0,6.989700043360188,15.314789170422552,14.14973347970818,0.0,10.0,15.68201724066995,14.62397997898956,9.542425094393248,15.314789170422552,18.129133566428553,20.043213737826427,15.314789170422552,3.0102999566398125,13.010299956639813,14.62397997898956,15.68201724066995,9.030899869919436,18.633228601204557,6.989700043360188,15.314789170422552,12.30448921378274,11.139433523068368,22.09515014542631,6.989700043360188,9.542425094393248,17.24275869600789,13.979400086720377,15.68201724066995,6.989700043360188,12.30448921378274,19.294189257142925,10.0,12.30448921378274,10.0,0.0,10.0,3.0102999566398125,16.901960800285135,13.010299956639813,14.14973347970818,17.16003343634799,0.0,6.020599913279624,14.14973347970818,16.989700043360187,16.020599913279625,3.0102999566398125,16.901960800285135,36.94517453811156,34.158077276355435,32.69045709657623,26.283889300503116,26.364878963533656,13.979400086720377,28.041394323353504,29.717395908877783,35.165353738958,35.62649672211917,37.65817515309919,36.82145076373832,40.04321373782642,39.351040211514494,39.742813588778304,39.34952707817858,36.991436873944835,38.432327780980096,36.338722626583326,35.477747053878225,32.92477593667784,31.613680022349747,30.370278797557752,28.65103974641128,27.958800173440753,34.321672694425885,9.030899869919436,36.07347776768413,37.00444101027752,35.60743301054712,35.01059262217752,36.547539332529304,34.83444648098535,32.90924559382754,32.003031829815846,27.98650645445269,26.127838567197355,16.127838567197355,29.91226075692495,32.67171728403014,34.452927694259714,34.59392487759231,35.182506513085,35.27629900871339,37.079957464229295,36.12465963953142,37.788744720027395,36.582022533870145,34.32648660013107,35.28016341189201,31.13943352306837,29.449759084120476,26.702458530741243,54.74398396384189,57.702664236138986,60.21447730783546,61.9121983226486,63.39293396940509,64.15856572598132,64.9468725235347,65.22156434375815,65.22546600170271,64.92703689647456,64.19372775285592,62.99828161462915,61.22158514836038,58.60799012495387,54.55575688084891,49.79839627615944,52.02283927151903,56.97061871637657,60.099172356874895,62.112554026741726,63.65316666858963,64.49134221388582,64.98508078385449,65.00500210783166,64.73376010073699,63.99889949756306,28.680563618230416,61.317331567376385,59.29113279244655,56.622760641615706,55.72808892052787,57.6350960330593,60.587315175613526,62.85460988462896,64.7843084756365,66.03122819815589,67.04973694117183,67.64236002597308,67.90549531586636,67.90051130993422,67.63377747277539,67.19263153764717,66.23825692157698,65.01044054794563,63.0066699095801,60.29294474311634,55.742825067830886,48.464917478736155,52.01883043685356,58.0880493538171,61.57102720701208,63.719158485647554,65.1710137251217,20.043213737826427,21.367205671564065,22.576785748691847,23.443922736851107,16.127838567197355,25.2244423350632,9.030899869919436,19.294189257142925,22.55272505103306,46.74989665539449,46.91656043498146,41.816435378393486,41.25351120514752,44.701310647745174,38.59738566197147,38.71689665685515,16.901960800285135,35.71126277084311,39.71739590887778,37.42332282357148,43.32781719862915,38.38219221907626,35.6062387454993,39.532763366673045,45.56423121371285,44.75918041439468,45.074510609019704,37.02861170572929,44.19443540515492,46.88722298864902,25.010592622177516,47.986506454452694,50.26194031014158,56.1270122698254,52.27063592342826,58.95971421333875,38.89861721258188,33.75114684692225,29.858753573083938,63.064518350246566,57.24243910906456,58.42425124623435,60.423785981398765,55.26765607288962,19.86771734266245,51.710269250519936,46.9298784390957,52.564531449390365,53.177333128320356,37.49581734865559,47.1174819471113,49.16101105493798,44.205827933310985,32.27886704613673,29.12753303671323,40.50186349675361,40.58463985602251,30.318122713303705,13.979400086720377,42.77035888172111,41.86871614364535,39.913146981766104,36.94956002249818,42.73255983451751,45.373782828302055,46.323054144136705,22.671717284030137,17.24275869600789
6.989700043360188,0.0,14.62397997898956,10.0,50.30344655910713,53.63630780112138,55.48464353572609,57.15954065119077,58.32404797285213,59.202538038287045,59.55133828055814,59.641016333265796,59.49480271959408,59.57538330753172,58.31119504888391,57.212267684929344,56.532173392427794,54.468011428470916,51.430179246635895,44.98324340697171,43.79414304412172,48.26398782187618,51.22491117349504,53.97809700780306,55.84783378996508,57.13763466423194,57.75925588477448,58.39878218358406,58.35275733149508,57.441372351952104,22.278867046136735,55.3282696760467,54.408115122005185,51.82768335682721,49.096522907479816,47.756614100014964,49.75275526294006,52.80143402902823,54.96475753035582,56.653220255367586,57.40820431453615,57.90691816717609,58.2593217512484,57.97462825536964,57.42106626428214,55.28693070995796,53.343592416060034,52.49858472417371,45.53713157596179,40.03546693102132,44.52292561617729,48.48324620369303,51.007150865730814,53.2006315959498,54.73599361151077,56.34341216937695,56.65007493889711,6.989700043360188,3.0102999566398125,6.989700043360188,19.294189257142925,12.30448921378274,16.127838567197355,16.532125137753436,13.979400086720377,16.020599913279625,10.0,16.989700043360187,46.96574791796473,48.37367447326565,49.766113025354244,49.988954886920276,49.88830863152949,49.81134246904371,49.87313145438823,49.752663314709096,49.41998126177849,49.448970282443874,48.98094118959344,48.77256133113586,50.33118033269987,50.74553152075787,50.80178976405419,48.98341165727509,49.70309675966085,50.49729568350755,52.565060780452995,53.03770415427499,53.93224116361297,54.43145594707094,54.25821047040522,54.70241386068747,54.58923256639612,53.81968384450768,0.0,51.61394957607659,50.225108504340305,47.147487607250596,41.29335352916489,36.52536418593025,41.53509989300837,46.714783155976235,50.19602262029342,52.25810499111306,53.458381674270406,54.4827335520735,55.05719616084342,55.1636215038279,54.83622951866653,53.54523318829788,52.28926224414781,50.91304601356192,47.546082229424,43.200839427156936,41.69821328862136,46.29908852629606,49.556348430012456,51.575323173180124,52.53650526715356,52.77494609611012,52.77354750918401,43.46665866742201,47.28816241978216,51.4781539984716,54.43564932326097,56.749511120925305,58.22746535251419,59.35356596942591,60.14882020336924,60.60054230203973,60.758421083357604,60.45385966481432,59.95066730441081,59.12345363774568,57.624001960322545,55.62888569512451,52.09721389421045,46.66789329818256,40.40602340114073,48.27453280229952,52.904909375345625,55.90463974632942,57.92538764335695,59.128408970249964,60.05009249986589,60.4017693459418,60.4553342367509,10.0,59.391377046222395,58.454478163915354,56.881037755967334,54.52044173422233,53.43764943264213,53.31072832398772,55.017492010200726,57.46562588925955,59.15794373168053,60.62758298314013,61.8331597612176,62.664059911857215,63.09473665483685,63.24324647735671,62.9803019314166,62.488973053454,61.750645323194064,60.41968730179747,58.62446247954751,55.7811751419283,51.4345199902163,43.52664799651101,46.65927912802659,53.02439164069858,56.25276429783366,58.695209574207084,6.989700043360188,17.16003343634799,20.170333392987803,20.644579892269185,13.979400086720377,14.14973347970818,16.020599913279625,23.891660843645326,20.827853703164504,19.86771734266245,3.0102999566398125,53.32084820464515,55.47534731383315,57.6178505378931,59.71243368235365,61.13026357605656,62.31049875525624,63.02404748142259,63.347803544847935,63.41325690001463,63.190014827727595,62.471175753571885,61.496931896264975,60.220244091077326,58.27307872916391,55.1518743405144,49.83360126927649,47.10658837301529,52.068528500066975,55.53601493176801,58.367727392898274,60.35803030936155,61.86330421522879,62.20992780803374,62.785444034967966,62.62113965384224,62.140173730002346,38.09222921689422,60.51395273461635,59.745715595362626,57.45662565858631,54.92106360413851,52.96614738982315,50.277001641460956,53.21445147377749,55.96166986151255,58.54998538359901,59.76724952122872,60.6922543851718,61.42444531668655,61.60836040222529,61.56246190397344,60.82617721827616,59.83783650900094,59.00503677779401,56.50603752767499,53.581728818005494,48.846594487125586,43.68472838440362,45.410047967809184,50.73733009828054,54.43370960771583,56.884135923240684,58.15994577179484,22.671717284030137,12.30448921378274,20.681858617461618,16.532125137753436
13.979400086720377,16.020599913279625,16.901960800285135,16.989700043360187,49.328895952984304,53.004954846595425,55.85037509255515,57.35555787444369,58.56659421871109,59.166949808910296,59.66337942564621,59.838760586332555,59.752120780517416,59.3510049110764,58.7720773464018,57.59016292110885,55.88644759637363,53.877100893986054,50.80142866746219,45.56543708483514,41.63906433457751,46.53694795315082,52.057725820984196,54.15876075707172,56.19832880366392,57.34579827313727,57.967865722544126,58.3873892961575,58.212842023048246,57.70846858965182,19.138138523837167,55.668203510856806,54.13482498213359,52.151191670174796,47.62888534472509,49.31055936931362,51.25318578123526,53.226926244955514,55.52016894487818,56.43504986080197,57.424187396205284,57.99939187320846,58.02380972899001,57.738127650613144,57.00379172741896,56.07696230930895,54.515853551394464,51.107580088798876,49.01136704541652,44.30349226279517,44.19493135439347,49.11056350370062,51.79787257397152,54.045959864753044,55.419484868386476,55.904238285747006,56.37163385729564,16.989700043360187,14.14973347970818,13.979400086720377,15.68201724066995,16.901960800285135,20.863598306747484,6.020599913279624,6.989700043360188,6.989700043360188,12.30448921378274,13.010299956639813,48.56759090618068,49.24739187810378,49.23171457404866,49.68935686304245,49.7128048861163,49.94057466388573,49.73058545758729,49.8724159259084,50.101345200088225,48.20418224108697,50.45952445019048,50.26361637311173,47.32305283416715,48.32259760592634,49.03594561100246,50.722057672276584,50.78869890086377,51.767306486908964,51.79451248397774,52.93075140122863,53.16475679221309,53.9786530359633,54.76322867110636,54.2038652663623,54.080499199005516,54.47908092294859,10.0,52.54666482945379,48.84733074745594,45.202083268859916,42.712373544708356,29.79548374704095,42.75725867573664,47.26963440076019,50.22890053354076,52.171785146569874,53.72376165365711,54.69212103446119,54.615660517740785,54.478229233057945,54.017898525563545,54.24293471566806,53.12553920321048,49.928538414836325,49.27780849347374,46.46256649013817,44.3803577209308,45.43472031701512,49.33689708957894,51.54439189893679,52.356824426447794,53.05669448893732,52.9434716465484,44.275672477194504,47.534298415754236,51.59380683260622,54.414264653691724,56.737330821906355,58.178277178678776,59.39712894796995,60.20122935454788,60.68940951580734,60.76314873834029,60.721119752659085,60.12942623196626,58.959140262193884,57.50644138872595,55.39172737390055,52.59978314909338,47.2296280894249,41.36625455760932,48.28176362083548,53.077633783229494,56.02347616157015,57.86507240274659,59.22300295133909,59.982628267187806,60.430076231851324,60.573438763210106,17.24275869600789,59.571243628300195,58.310560694831885,56.66784652818747,54.921231426877874,52.60827165977908,52.920987218949534,55.1636215038279,57.328069472144065,59.38408635652937,60.82514300338435,61.93100099000365,62.5788991208027,63.05886382963887,63.139896910089284,63.154163192101514,62.54998571930874,61.70956031261312,60.396718430676955,58.64706232403411,55.85641178033753,51.614428741396345,43.87976794990437,46.21809598806646,52.89261101470085,56.52135093202787,58.778652620708165,13.010299956639813,19.49390006644913,19.030899869919434,15.314789170422552,6.989700043360188,20.827853703164504,12.30448921378274,16.127838567197355,21.702617153949575,18.573324964312683,20.0,52.93923570308201,55.26135007548406,57.89090444201611,59.79299289575273,61.335737144008235,62.366302066836155,62.98161364731119,63.39573861305189,63.51766940796891,63.13753361260644,62.626242983396374,61.78568345758811,60.101727032867785,58.03405215722532,54.92237804206286,50.32812095687821,46.11988688083979,51.27733098357979,56.0011434322343,58.56717413742849,60.462461442768074,61.63738757765564,62.573715809531116,62.933201177574816,63.10557374949398,62.67866044269368,29.712758487381056,61.21083270407641,60.26605981311788,57.4992251225063,53.71466860241561,52.56864409822452,51.88120985843922,53.56599435724971,56.452463542863725,58.218703809894265,59.78933371794756,60.78172512265446,61.34933116432344,61.62342423528685,61.349518963557436,61.05666843148338,60.21845621592257,58.73286298754641,57.055986091647185,54.1520880536967,50.132291777512094,41.72748838982743,46.812593326020185,51.82448892436824,54.85053860060685,56.594112888011246,57.89361394484813,23.443922736851107,0.0,20.969100130080562,13.979400086720377
14.14973347970818,20.253058652647702,18.573324964312683,3.0102999566398125,50.40902840687113,53.29487373451916,55.358723721621345,57.09904822048877,58.350872123449875,59.173085357120385,59.655991126796415,59.93549969893134,59.66922760092528,59.333100919512034,58.73407219519548,57.69926494183374,56.15710229661008,54.26844580495472,50.800850850458694,47.619052965994435,44.55575688084891,47.55912950008896,50.584412093132826,53.929817008063765,55.69412537864497,56.99415362044995,57.98912938088413,58.14194304795979,58.22903271932779,58.31975296937714,15.563025007672874,56.66376624650318,54.12863573812828,51.59404753564872,50.69594105177555,46.19615005742807,48.533818036435505,52.115743634828505,53.99813849680828,56.189273065344864,57.04234621065595,57.638777795047965,57.828601629469134,57.61821130128091,57.15783635283213,56.04253060607995,54.665829381937044,52.59546099087022,48.05364907466445,40.71918810363806,36.89220037263836,45.182506513084995,50.74436083679121,52.82454434233462,54.6089934550302,55.961350684737894,56.64191466958084,6.020599913279624,14.14973347970818,11.139433523068368,13.979400086720377,14.62397997898956,3.0102999566398125,14.14973347970818,18.692317197309762,16.989700043360187,15.563025007672874,20.644579892269185,45.64961804462294,47.27362297341409,48.66435033179107,49.322352431068325,49.561155816924526,49.78582201932075,49.35114106832803,49.21790485658187,48.75483771100341,50.63453458363321,48.32694087046502,48.57796702075339,51.39891674464654,51.23832048292876,50.832517172216036,49.11950870062994,49.73243342094436,50.05952286887383,51.44418518602069,51.80521551128432,52.693354542947915,53.72046232079206,53.77257062246584,54.54228791777304,54.648247518018096,53.64882920846985,13.979400086720377,51.86329007603649,52.0137800401671,49.87617113592546,43.80229336938037,40.81851171517454,31.061908972634154,42.81147042024428,47.629784908677436,51.344608049756616,52.60157283893169,54.00843528502308,55.05813128016199,55.61697532653994,55.69314204652543,54.176858812498395,53.392725188559396,53.44142630005952,49.642832068903154,47.152844927779185,43.732431182673636,44.78927055582925,45.78925589458768,48.714912057760806,50.49686962550122,52.07025443784766,52.38512781627677,46.81856052500322,51.03619021040414,53.790298028537194,56.26000396344176,57.9975740990031,59.25477628271297,59.96730515435153,60.42200904821133,60.56100280774327,60.57171822273392,59.87165554770618,59.033385494386195,58.07342867754777,56.175140572090726,53.26878390021045,47.80245283865352,43.11011748981288,47.55791036368598,52.12712170990018,55.36369028678041,57.35549400079806,58.793717438428004,59.48197721488406,60.25007902613683,60.27556714813066,59.86684418866752,12.552725051033061,58.02492539745633,56.88409142498899,54.900329636764994,52.333616781594486,52.58821591322353,54.511798413525966,56.83937239874284,58.944988267470315,60.59669422796517,61.67839651103465,62.493033094031894,63.15295931319089,63.420434946963404,63.389313679875585,62.7475736228546,62.14193508520658,61.123160459812915,59.433856813294256,57.02782826940431,53.526474468057046,47.61514385682483,43.62670929725667,50.70621461794534,55.007536415547705,57.76475989678169,59.58753039618651,20.681858617461618,21.84691430817599,20.681858617461618,14.62397997898956,9.030899869919436,20.681858617461618,19.86771734266245,20.644579892269185,20.253058652647702,3.0102999566398125,19.294189257142925,54.432520321443995,56.70709595223797,58.833621514120665,60.62957834084511,61.832211430136965,62.74586618841259,63.23129324996358,63.44342159892116,63.39971885195348,62.94959762701305,62.35320844933518,61.29397256990938,59.597971703139265,57.06896923854703,53.54709501661782,49.193134894330655,49.18135226166359,53.8259691595385,56.85877826064413,59.147841044446395,60.852077796066084,61.78353243924536,62.78217716800992,63.09332232911583,62.94646079421576,62.476708725211694,23.117538610557542,60.624894752917555,58.740415017583445,57.10993535442472,54.51837074684619,50.408435478303005,51.1141375088078,53.94315066722112,56.69433110857695,58.8062726284004,60.066016578717,61.027553623840646,61.36157838938438,61.590944452821276,61.38654413201923,61.043631558124545,60.04146330735328,58.48906188611459,56.649896479532956,53.950116995780945,49.44413574349667,43.616711852165594,45.816311272008946,51.38397442990546,54.63667574941233,57.045357179415994,58.10239240767848,11.139433523068368,22.671717284030137,19.49390006644913,23.59835482339888
