2,3,4,5,6,7,8,9,10,11,12,13,14,15,16,17,18,19,20,21,22,23,24,25,26,27,28,29,30,31,32,33,34,35,36,37,38,39,40,41,42,43,44,45,46,47,48,49,50,51,52,53,54,55,56,57,58,59,60,61,62,63,64,65,66,67,68,69,70,71,72,73,74,75,76,77,78,79,80,81,82,83,84,85,86,87,88,89,90,91,92,93,94,95,96,97,98,99,100,101,102,103,104,105,106,107,108,109,110,111,112,113,114,115,116,117,118,119,120,121,122,134,135,136,137,138,139,140,141,142,143,144,145,146,147,148,149,150,151,152,153,154,155,156,157,158,159,160,161,162,163,164,165,166,167,168,169,170,171,172,173,174,175,176,177,178,179,180,181,182,183,184,185,186,187,188,189,190,191,192,193,194,195,196,197,198,199,200,201,202,203,204,205,206,207,208,209,210,211,212,213,214,215,216,217,218,219,220,221,222,223,224,225,226,227,228,229,230,231,232,233,234,235,236,237,238,239,240,241,242,243,244,245,246,247,248,249,250,251,252,253,254
20.969100130080562,13.979400086720377,6.020599913279624,9.030899869919436,49.00066569375486,52.596058230143825,54.990103756619504,56.60973564052532,58.03515154271645,58.69894393310969,59.20835256829135,59.41344937736102,59.30910844159109,59.274001363446196,58.41980430379059,57.41732109129067,56.62440491974002,54.849955768525206,52.232180905371315,47.00097704613054,41.62265614298022,44.49401252996221,49.92084951671872,52.7554629383269,54.89757448726725,56.53723715183369,57.05194657259251,57.80836282736857,57.91079821925889,56.886226826944224,19.030899869919434,54.92146916465793,53.989290729854346,51.35940038131768,45.398285583778986,46.362069684340085,48.282086144679454,51.67745509321783,54.27890029296548,56.02564565436265,57.13161967877348,57.788643552081226,58.161783061474154,58.132619885487024,57.69691116012324,56.08625503433463,54.52192916751652,52.94928933093567,49.28011577509416,45.52290933824766,44.11788004543869,47.60693832686587,49.691781968939566,52.3226659442048,54.32985316205376,55.62181004349764,56.31484355385979,13.010299956639813,6.989700043360188,12.552725051033061,14.14973347970818,22.09515014542631,20.253058652647702,17.16003343634799,-inf,20.969100130080562,21.73186268412274,15.314789170422552,49.010439910613464,50.06059369384634,51.13334914025928,51.65143384714134,51.84455769230421,51.80426965753027,51.76314139688589,51.72337253202904,51.17834518543748,49.16780204855365,50.24653934471492,49.59828136307159,47.513176035606826,47.730253976388035,48.92150277901364,49.17279638701687,50.28579385471854,51.07820267248048,52.93877214600751,53.64982261632261,54.438479127911194,54.82453371902301,55.20207015964631,55.056016810293116,55.05898490894541,55.320329276610835,12.552725051033061,54.040430601329064,51.76337289560032,49.76207789636912,47.91634516865212,42.58278015243032,38.695250628572275,42.573185130976384,47.0763829538,49.39644031956326,51.54156070498428,53.038804499729,53.53377594888645,53.93345273415592,53.9129686845866,54.044573930467486,53.35981145908725,51.171187685221994,50.27989363879307,47.94383468784466,45.1061202578917,44.540822707310895,48.35081498315656,50.1959811072929,51.61155295614861,51.9878076080984,52.29436090594294,45.66802688102689,49.88184249728274,53.76814111968197,56.085527750249355,57.82650318883893,58.9778593705431,59.82361701633147,60.433276902959825,60.65453104848154,60.469109202692565,59.985526933268204,59.18705904775805,57.592643298922894,55.47570428219749,52.05431740428824,46.51248930804595,32.65996370495079,46.453141735605755,52.6755889949839,55.779442413990196,57.815485868994315,59.23070369776387,60.01845300042262,60.51171823995435,60.61490176624815,60.433622780211294,21.64352855784437,58.71869952090495,56.91722289002061,54.796228107853864,52.627476376981846,51.88672610354793,53.95614661922327,56.654552806862604,58.72809845696259,60.26582288414595,61.50830708608265,62.3042669515076,62.847397062181436,63.05301917259521,62.83426522681785,62.50549783288867,61.65313783939677,60.3975031934981,58.7018436134551,56.06116837925717,51.651997960418534,43.620675857273994,44.540059381037906,52.08583768776563,56.007170328544625,58.32448234973825,60.140246392172514,22.576785748691847,19.030899869919434,20.0,21.367205671564065,16.901960800285135,18.633228601204557,16.901960800285135,16.020599913279625,18.06179973983887,20.969100130080562,12.041199826559248,54.424295949625645,56.861015614214914,58.96127563878204,60.51350901455536,61.776749903719704,62.67634650792736,63.13107595194996,63.31427498988986,63.17101812398005,62.6736371454877,61.87255833241739,60.79346246602627,58.97224495171835,56.59126720522244,53.350344327040986,47.906580607462416,49.456261237140865,53.787067035289525,57.21594650415598,59.137698910832015,60.604851728196046,61.760475378771666,61.994200051111726,62.80733122797318,62.42911464419822,62.50963506124344,30.73351702386901,60.71020292982957,59.49860643873663,57.407683678953,54.10063223200989,51.69618601003451,51.1747016362012,54.391826389073536,56.68342112247787,58.10152509010522,59.66425222752438,60.74456938797324,61.414478919762544,61.51205847833046,61.461854208004844,60.515723304985144,59.722440434699934,58.58960458444476,56.46706548377296,53.405432575141944,48.492289458844894,42.159546438691294,46.48652695131223,51.76522444121226,54.51559253912181,56.68640267930353,57.902746056922105,19.138138523837167,18.129133566428553,19.294189257142925,18.692317197309762
11.139433523068368,13.010299956639813,16.532125137753436,12.552725051033061,49.60646742930689,52.79294988590224,54.66329235938097,56.534951957193115,57.86167002372228,58.79362570299043,59.24817684160324,59.43182780448225,59.356689625509034,59.38809825038139,58.330259262083224,57.584947997377824,56.91436919720773,55.16795740317124,52.75230708821863,47.66985084249641,43.241177626594265,44.85110714190291,48.75524263949309,52.26264711895694,54.487063199050795,56.28524817415146,57.13246026121425,57.99495626934931,58.12630639155038,57.4592536276065,10.0,55.647003804439066,54.91867142518713,52.74723449673547,48.30004512364255,45.53895157605227,46.151606643165564,49.996393859044595,52.83925078736424,55.337682465381306,56.65368012567798,57.20040993747982,57.642396648015186,57.78332168729065,57.43146655673229,55.80790448939788,54.28168823233334,53.44645701936844,48.788950364103556,42.98634783124435,41.021935080397434,45.33772058384719,48.66050924009275,51.51584339359896,53.75612409908826,55.80793869627336,56.60615070143091,6.989700043360188,9.030899869919436,0.0,19.138138523837167,11.139433523068368,11.139433523068368,9.030899869919436,12.30448921378274,3.0102999566398125,16.127838567197355,6.020599913279624,45.649499787197534,47.504312486602025,49.99204513005313,50.78166708168154,51.400961793734666,51.17672252740797,51.55050463305933,51.47026715222231,51.690186775993354,50.95497128762696,51.03848174021506,50.56313961432552,50.64015982056994,50.85151381851523,51.115111869688675,48.960464650403246,49.68716377466785,50.04600780332984,52.7325598345175,52.82986703729024,53.83028616669712,54.28596391645708,54.283697032470464,54.80899062046952,54.91172524399044,54.7541692817638,14.62397997898956,53.73004004767274,52.859216934381195,51.19057837523237,48.719055337667,45.8017200215562,41.147777319715615,37.15083670694927,44.66719371681599,48.18786550273234,50.615203322990965,52.54173315323161,54.022854614811955,54.7172139127997,55.096137644405445,54.76370724770091,54.47815179842144,54.05190922225643,52.36741261440451,50.75229335860427,48.53564374929077,46.021576965949606,47.480949539304646,48.019933463020415,49.007220671142704,49.58286687187968,50.71189528722371,49.344226955992376,53.03800623765176,55.772217179823194,57.624392232817804,58.98901714926907,59.888036801849054,60.345233791368955,60.6181461712015,60.46356620638492,60.19492654401483,59.247805034473245,58.00451060174386,56.34143611921708,53.71529632099295,49.6759477267189,42.17220655644518,46.247563628193326,51.41816495452177,54.976772631778175,57.07410905586527,58.50469786352121,59.42159409292587,59.88253862648569,60.09196278714615,59.81008588175756,59.03424807512539,21.613680022349747,56.109878891608574,53.937243293038016,51.304785092001964,49.74097003794131,53.2512552621693,56.46506650641312,58.60808586651273,60.52325269885503,61.51172426661323,62.452137407467134,63.04598226343637,63.44061415736985,63.409154353785695,63.0592567724708,62.321930664932836,61.3677952576269,59.84503910316286,57.76750565837606,54.58288762590156,49.615207567735695,41.7507672117621,49.134959596171235,54.29954042831544,57.288357031766274,58.98877048431862,60.38428203490287,18.129133566428553,12.552725051033061,6.020599913279624,13.010299956639813,6.020599913279624,14.62397997898956,19.138138523837167,18.06179973983887,17.634279935629372,18.06179973983887,18.633228601204557,56.047108525997245,58.3126684431338,59.96242343592219,61.38998590759668,62.39738807913395,63.073526756807674,63.41638070958753,63.48431432680495,63.18847071771283,62.8033885055992,61.76256259610685,60.50389424330199,58.69051508825258,56.13707603086449,52.418476928160295,48.09458704172688,51.10219223689404,54.97903642993167,57.63627124338484,59.68466603830386,61.00944055411318,61.964064023705774,62.42713571566266,62.79203434137328,62.56814886259371,62.222715465730204,39.01403826825252,60.23377995817252,58.7611156404575,55.70992178892468,53.040271193465315,50.913573904946475,52.03068260437897,54.6792760509428,56.78278859231958,58.8494991583748,60.1734224663959,60.965770421063716,61.41299233701602,61.65213749292528,61.3934501652777,60.551599823494385,59.56779567619059,58.40818455758546,55.955193688841476,52.71667389318716,47.61032781023392,43.268681598936816,46.22265844991523,51.29960436522729,54.5910587948721,56.9636687459021,58.06264788842452,17.24275869600789,10.0,13.979400086720377,19.86771734266245
16.127838567197355,9.542425094393248,16.989700043360187,21.702617153949575,49.56883658439365,52.89020073483047,55.026251022085056,56.70995014115433,57.944043863740866,58.87528407135033,59.39413910952324,59.532763366673045,59.563629546755415,59.29508840910235,58.561032733824675,57.61207424428541,56.2005793743026,54.30534596615422,51.4789264483285,48.17234730425498,44.39174739843469,46.39735439967236,49.368202542368465,53.01101648342311,54.84118964312151,56.32348958138859,57.473061348352644,57.569136333648586,57.63585209656913,57.48563994264803,18.129133566428553,55.591222728644766,52.98634783124435,49.882244123902,48.406078790092906,42.49687427805301,48.09162271211988,52.31145787829614,54.260165020380015,56.19440835940577,57.385498773505915,57.89953509550992,57.970915708975525,57.64717728279618,57.20543793983511,56.26079507018103,54.616560687669356,52.7513621907115,48.34299872889411,42.23885151875885,38.93983567211847,45.57182261787929,50.76866087119938,52.97865516716756,54.46925311242748,55.84309735306843,56.395761279607164,3.0102999566398125,15.314789170422552,19.294189257142925,17.634279935629372,14.14973347970818,13.979400086720377,17.24275869600789,6.989700043360188,15.314789170422552,14.14973347970818,23.05351369446624,48.75871190727366,49.75017997632882,51.11789935017133,51.540768858157804,51.92358339546178,51.6920697809102,51.411141238038596,50.966667399753824,50.22411873455921,51.097438645391044,48.59666577720273,47.83346067476675,50.44857134047345,50.006639627552275,50.025504906552854,49.14850683474405,50.21891873919109,51.31907242774386,52.581893502157804,53.227360044699495,54.23091794980437,54.90386940549116,54.99507005488668,55.74086853863966,55.64525221135018,54.53723390669712,10.0,52.90310690340328,53.13715401590068,51.26436637906256,46.91293722693361,45.18527100117336,39.548693710664786,40.86680093734625,45.820178846686275,49.81732554900802,51.59885879707058,52.879561680304974,53.84045014730262,54.5649053328028,54.52376858650911,53.116797068869666,52.25632297346483,52.6179797055601,48.61683729919097,46.05542065288216,44.56016634817745,45.906746805752014,47.13700499337772,49.133104146557535,50.83481119571252,52.42630861888769,52.56325597774616,46.501131644435716,50.42358901798373,53.5511038742884,55.89928388480772,57.89936603176039,59.08762128288501,59.860996250551295,60.284024631456376,60.48851820114098,60.543651985438025,59.77513264400443,58.82231304436783,57.7232170672292,55.59219345879762,52.37990871416868,45.391388535767746,35.39201599294128,47.60218860156887,52.499537394880484,55.77865040746374,57.871947155206854,59.26280694204966,60.019758812442646,60.62786862728281,60.73437525754943,60.145125584184946,12.041199826559248,58.359345954417996,57.216663758273896,55.1373019123709,52.53013132392092,52.33313461142046,54.07469087437516,56.50312380984878,58.66153189323414,60.32125367103041,61.49419273198683,62.31357434182164,62.85921243769234,63.049609739903815,62.85900333651838,62.477062281245196,61.508966805210605,60.57194665230163,58.46698873485087,55.973550747803145,51.480100309043976,43.60252508193671,44.68184808873887,52.239888825700916,56.04139617721083,58.405483224204,59.963382699860865,6.989700043360188,9.030899869919436,16.901960800285135,11.139433523068368,6.989700043360188,20.0,6.989700043360188,22.576785748691847,6.020599913279624,20.681858617461618,19.912260756924947,54.61969482348525,56.82348181178236,59.03873723800465,60.54922771461881,61.91955162877973,62.66325791475637,63.248994970523135,63.359571024781964,63.312371371711684,62.93725751465709,62.148872753245605,60.91299674042531,59.09325984793958,56.55085586028471,52.99677235190691,49.15953563718112,49.83017035939413,54.159377464421,56.4045062780226,59.369121655964136,60.921041968008154,62.00370266166067,62.72205611032737,62.70517197290764,63.07815971540777,62.608557500500474,23.180633349627616,60.65685754776416,59.30113241580648,56.15710229661008,56.00824840253465,52.32978331891577,51.79580513395409,54.0831629942989,56.48895473264914,58.50989737107974,59.93109835880613,60.82575709817918,61.18734489038741,61.44278350759603,61.174532633839405,60.84801052044419,59.79442747269,58.54056326621431,56.46209573785281,53.587892613392725,49.11743377855932,43.16745927670932,45.480821705205955,51.414027353497794,54.44185372097158,56.83436107097474,58.005521250050066,19.138138523837167,15.051499783199061,19.86771734266245,16.127838567197355
19.030899869919434,15.051499783199061,20.5307844348342,19.294189257142925,49.69285418013793,52.75804120075954,54.73224124130912,56.4872095972708,57.89273918600977,58.777657181085736,59.32442307629188,59.580399294963996,59.4210433164038,59.39986741067467,58.65947451931274,57.753577337810626,56.52135093202787,54.6776344720425,51.840466069416976,48.19181872593092,43.414938773990286,45.66802688102689,48.81281920563785,52.60495929961442,54.69415502810115,56.09658428263033,57.5023060440535,57.74342482983577,57.941602851180065,57.81019681543894,20.170333392987803,56.14961512155496,54.38042107950021,51.6540459663102,49.59828136307159,43.487136474677534,45.56109438091557,50.45452074173454,52.911578688656036,55.2518479582806,56.67117529373235,57.21880657061243,57.45270023988988,57.43240795161039,56.95048041185479,56.0147329767001,54.514824765035485,53.19308058199742,48.44502027365493,42.243258363194855,35.692568333286104,43.59228183542235,49.59785259728594,52.19820207147237,54.25340179245783,55.77809936120271,56.45675697600825,22.30448921378274,19.084850188786497,16.989700043360187,16.901960800285135,6.020599913279624,0.0,9.030899869919436,6.989700043360188,6.989700043360188,0.0,15.051499783199061,46.15034229084755,47.601585089980894,49.81297503574545,50.428825205787376,51.24390093420965,51.11440631985133,51.300151690408605,51.28412193956477,50.82659729773623,51.989208819505286,50.29708362514895,49.88045883234239,51.91464987679031,51.66797051599375,51.176987492582896,49.175947749390346,49.70272472515348,50.16050890409212,51.7812766131521,52.162530164535745,53.08429942856542,53.9456549309471,54.22873696217576,54.93195861554145,55.04590463909714,54.48149571685946,14.14973347970818,53.31923060756183,53.637059728547236,51.89776567350445,47.75421108222194,46.573236171121465,41.48232359644905,33.967222785037734,43.21411997974005,48.569100603007854,50.928889976317706,52.417954312951984,53.96031875973676,54.87643108547667,55.21979694352361,54.54506435640208,53.91556092429633,54.371573617616924,51.527315878351125,49.92752284666042,47.435097647284294,46.58440706411126,46.43502025328,47.340954296554614,48.43332461229658,50.38739348104749,50.755250636397136,49.802079647638564,53.02681513492573,55.67988045574985,57.47167011247976,58.93047889964411,59.67501642762768,60.231557102766324,60.44671831680784,60.29314366198064,60.2369064951651,58.97440689484452,57.772767147185384,56.41858657690935,53.6937915112781,49.520413407932736,42.96358004741391,46.499673383248236,51.36879039875517,54.533917357290264,56.911212932557056,58.384007178106714,59.28810487433384,59.719008570789434,60.011389625053624,59.75597681916377,58.759925496561735,16.127838567197355,55.782826900992156,54.41977767006644,51.46723231498082,50.154142484021456,53.150146861260026,56.12666263514348,58.37972694559178,60.27675715904893,61.460116912166136,62.4404196896993,62.95974156420751,63.39219424347937,63.3688701345846,62.9990915653412,62.37881642579734,61.19963186613191,60.122042960307425,57.632190326787445,54.70876291702219,49.34023497660008,41.935698003226165,48.58982091384046,53.93436557851989,56.942971354291544,58.91006948865652,60.248377221930234,3.0102999566398125,18.129133566428553,17.16003343634799,22.278867046136735,22.09515014542631,14.14973347970818,14.62397997898956,21.958996524092335,9.030899869919436,6.989700043360188,22.14843848047698,55.838842592344385,58.06961001337383,60.05568714945171,61.27642795693099,62.52610340567373,63.071523172324,63.48376720181142,63.577567116388074,63.31823346322727,62.915599778925795,61.896511441215125,60.571181365951404,58.64004108371233,55.69928422264347,51.53735617419821,48.497878242376856,50.538234071000325,54.84210123351667,57.61664025847965,59.706522629183596,61.23345866979841,62.03225773239375,62.56827868710417,62.65134223433182,62.523677573538365,61.93152436852077,34.948500216800944,59.93609913556077,58.17669138339284,56.056282220076184,53.786812810231794,50.490473734582864,51.73378597871348,54.750912578222106,57.003999508495056,58.89819744891846,60.21567177632795,60.950538730494024,61.33858125203335,61.470121652310866,61.134901133322714,60.57658878284785,59.53051877069626,58.280311967059866,55.96229714061075,52.97885202443895,48.47103565258572,43.21805483857539,46.4590346035838,51.38343756794556,54.64575980424626,56.79501484212162,57.89672355550849,6.989700043360188,21.13943352306837,15.314789170422552,22.944662261615928
13.979400086720377,15.563025007672874,12.041199826559248,16.127838567197355,49.810026899414,52.90413062122933,54.694597074605625,56.60259128773313,57.77957946325853,58.72628202189277,59.276957053332275,59.55257089943993,59.52700442272695,59.412474961903364,58.84424328203015,57.95157445429038,56.85750693035351,54.92830205678689,52.4890465056168,49.113920112039445,44.77367285224013,44.78176754287997,48.13314058945835,52.22138761477087,54.324850470812834,55.9533967123626,57.39921063911236,57.8206035044592,58.073185033320215,58.24006663309656,12.30448921378274,56.93412103197502,55.06542913137491,53.00623740369441,51.158167941542025,45.67026366159061,43.897506588375066,49.12184844884729,51.61206234855574,54.373461954564284,56.06007108651003,56.894615902417826,57.257826309421304,57.34784633015138,57.07764287891618,56.41883423543278,55.24915147539866,53.729156834162225,50.42039696551601,45.70040642457215,35.289167002776544,39.816374246557686,48.48780094435071,51.26537252055469,53.51270507865995,55.18873071329017,56.26476897132348,16.532125137753436,12.30448921378274,17.634279935629372,20.170333392987803,13.010299956639813,9.030899869919436,16.127838567197355,19.294189257142925,19.86771734266245,-inf,10.0,44.345689040341995,46.59611992382495,48.988622478623384,49.66845423654917,50.60323808432341,50.986887101666305,51.146276618874396,51.40237703304039,51.202645507216985,52.22825681177077,50.88040356100968,50.58141210052719,52.40362012029688,52.31189145482667,51.718463433241595,49.251521674151554,49.508368686832696,49.57746124181861,51.35501565412789,51.217075382824135,52.323759727993114,53.21577719695799,53.671937292847936,54.520503081749524,54.91016923334497,54.55788614818158,11.139433523068368,53.694848881672364,54.07044010293727,53.0087796598857,49.78915136195123,48.9558275236417,45.150521443644145,36.77059177392161,38.07264355276107,45.82631439489636,49.54324535094838,51.53793530056501,53.17229441148655,54.47083574477408,55.207415436046865,54.96597576323709,54.72888033769636,55.23043745835341,53.30829603970468,52.04906428902569,50.23766721957749,49.088976706135966,47.83338915240944,46.26268492364574,46.39695617444053,47.77839894422396,49.41988199106476,52.24442413272244,55.00066237559027,56.93023067923694,58.45951520118536,59.48288724136884,59.95874210119653,60.17472840002004,60.13431337778244,59.77042829690486,59.31376496418221,57.727030141640725,56.08613739369558,54.07700154792715,50.70204160312572,46.21892588317354,46.96120389995245,51.49225272817108,54.485579234862314,56.62865447849115,58.10235207116677,59.083332573800305,59.69495121934791,59.67643903521236,59.70702442924904,59.033027391680484,57.71899678547505,12.30448921378274,53.39898425202851,51.41299233701602,50.019499410842684,52.02904974441136,55.53112015849551,58.081359949321694,59.91102417109187,61.40464359992588,62.36275699170431,62.97449282855821,63.32701179096703,63.58700092630813,63.41034274848282,62.80553331704476,61.914222282267076,60.636920573877475,59.14379655365579,56.27171199882048,52.265535092533796,44.83173486092514,45.331362882786394,52.03190684659421,55.822963641899676,58.27353762259634,59.74838096864477,60.80058358409232,13.010299956639813,21.613680022349747,12.30448921378274,16.532125137753436,21.13943352306837,14.14973347970818,16.020599913279625,19.138138523837167,-inf,21.13943352306837,20.969100130080562,57.04250925102102,59.13416450054413,60.873731878886545,62.08197534855324,62.97066179129971,63.38683542367381,63.685087183087894,63.61347945479014,63.26436228715059,62.59771812391621,61.521464108830784,60.08254727721769,57.60236209562976,54.3701766721038,49.409595181580585,48.595285664435764,52.747534405541884,56.28922018548947,58.55085856525872,60.41708815417494,61.430476054327634,62.34591431193847,62.69492396466026,62.87831278858785,62.99224141418685,61.83283797838698,32.75311354541812,59.827111856750605,58.42072279560508,55.02346535859472,52.9151314724063,50.8826369934928,51.8840532883004,55.6118727955715,57.81709430326707,59.22352229884285,60.40306381121634,61.21474486922117,61.348579886168075,61.31757526571131,61.171519311518864,60.47779368545694,59.46251775135586,57.86041921034905,55.76337894267783,52.53359816443226,47.7798473891551,43.4966598409663,47.29844867690134,51.998045260952864,54.906845073252335,56.97079319559666,57.97157394770741,10.0,21.072099696478684,20.644579892269185,11.139433523068368
9.542425094393248,10.0,20.374264979406238,12.30448921378274,48.85417765110936,52.56207643476859,54.83139222002773,56.48228238733441,57.7858894335309,58.69815863603328,59.11854584725305,59.364237577958285,59.43158524975759,59.339127689369306,58.55832195188231,57.84024993322423,57.204578299394825,55.57113632227143,53.31680308168973,48.78625186641298,43.5042247660771,42.202388799344035,48.235589930939824,51.529515131652566,54.44945257151041,56.14029869765909,56.912875341031935,57.90905543629307,58.160111624076336,57.75579867938583,23.521825181113627,56.1307293705747,55.64914499559934,53.73987205956585,49.19104253906271,48.08973526653267,46.50987094383445,48.8101926201218,52.1511122756838,54.64001922048753,55.89740777174708,56.96035573941339,57.683842570469096,57.85079865769852,57.665674997995765,56.511665178447466,55.52385893779587,54.37390614984203,51.330052926016954,47.640415624786954,43.97053143018109,43.8888237082715,46.72651922840003,50.39275281398446,52.87806207169847,55.18598158520107,56.034583374090666,15.314789170422552,12.30448921378274,3.0102999566398125,6.020599913279624,10.0,16.020599913279625,18.129133566428553,15.314789170422552,13.979400086720377,13.010299956639813,6.989700043360188,47.30273417217853,47.89756932285287,49.343620815680055,50.33926120472871,50.88295596153512,51.08652956080557,51.43420785129937,51.56282556870387,51.78692117794429,50.46717522365305,51.63986823349979,51.193152871966696,49.052182353937006,48.99191030527895,49.38849823608949,49.991740555884846,49.72480549876476,50.04824176219432,51.31185436854483,52.262724500428604,52.91057894434276,53.619430416924914,53.89791372589933,54.68137518458829,54.95845325562888,55.324141970368146,18.129133566428553,54.96722132986729,53.42472029664019,52.340133513865666,51.61658433134395,48.11789419344167,43.908115097869384,39.860996250551295,39.812294874200006,43.00617219806582,47.18152784542,50.66270004017423,52.475927853658874,53.541737705711995,54.11769494892165,54.61588557771539,54.799062670050716,53.81115080709851,53.84885425996748,52.50217446979132,50.792536224300775,48.14913181275074,46.76300280770789,46.27365856592733,47.76446923840361,47.2146436017342,49.25976950356074,52.155053782318184,54.94856970336215,56.954291376895725,58.43283868561207,59.28781834032398,59.95909283897846,60.241908384991056,60.14717480665685,59.81047151580184,58.91703004372182,57.81664199133378,56.09501564854705,53.13413715156025,48.859263398014306,42.09407768096376,44.20681717703851,50.76407398364738,54.22478215436659,56.7670823824525,58.21634039864997,59.24701483861712,59.748528230012454,59.97891165799676,59.81569461720615,59.27137239376388,58.58838452527799,20.374264979406238,54.977048767910034,52.34041222204199,51.05523809481177,52.352303984439715,55.61449634063755,58.03392239771902,59.897460691876006,61.250011619533595,62.22698266805733,62.81997521392072,63.24320325771929,63.30152509265778,63.12919382669168,62.615207512362915,61.659873044999436,60.50643037565064,58.53642248657556,55.87963388438923,51.605585621075576,43.72948806027787,45.201952174943216,52.718903748362976,56.163305498218676,58.5386362578766,60.013360042394304,61.10934652225308,18.633228601204557,10.0,6.989700043360188,24.62397997898956,22.50420002308894,20.969100130080562,21.13943352306837,19.49390006644913,12.552725051033061,0.0,22.30448921378274,56.872693770924855,59.0351159079927,60.686792665400695,61.89658721049207,62.674101727678575,63.2991120283813,63.61111266858874,63.48203775573127,63.10958692419998,62.35546878782212,61.33898010814963,59.627693464209585,57.526644782701915,54.61501528116683,49.6301768837352,47.130703258556395,52.70389986673348,56.14404666141901,58.885260046699194,60.365530468719236,61.46728807601204,62.4821365665101,62.60403424716224,62.86866767244426,62.860451099456824,62.210293319739804,32.40798771117331,59.63712763442974,57.93098593590191,55.809990615905804,52.076720602525725,51.296963356898075,52.81898819518436,55.41883642570979,57.40717876059285,59.13106754089323,60.13252346695138,61.1094003451353,61.491975514012076,61.565264365912284,61.24825262351682,60.13342904345347,59.230221504654985,57.89346581259857,55.49596637633256,52.0917441559163,47.08633321015398,42.21205517674004,48.2656715605504,52.1912851342833,55.05406407778907,56.77280196583509,57.88401017098339,19.084850188786497,19.86771734266245,6.989700043360188,6.020599913279624
16.901960800285135,9.542425094393248,15.68201724066995,21.072099696478684,48.78780227214815,52.32269138416602,55.312757730015704,56.78689513792708,57.995231904686065,58.74853331330652,59.33410849342827,59.59738090602456,59.63822758322982,59.026772111345444,58.834047565642116,57.97455902048904,56.133692299615674,54.17280661269984,51.621131510728546,48.30287059685419,42.455620166559626,43.58867197666904,50.28249886029437,53.00502007050394,55.14729666677964,56.60129968585043,57.33730774302462,57.848746552906675,57.820058293203125,57.855262910240775,19.294189257142925,55.92026783281053,53.86038565639305,51.43901230488532,47.90327394830666,46.49188770977882,49.05391069574008,51.61203238595035,54.459931817876466,55.52688896309426,56.839920864455536,57.715823369229184,57.78904820972655,57.63132123284719,56.92082487646121,56.50623170604235,55.102795268950615,51.892375801668315,50.43539104024483,46.248696977974014,43.97261980280511,48.15683984744049,51.721941284669306,53.87592687030441,55.31142847490531,55.82364536044893,56.45100851127499,12.30448921378274,17.16003343634799,0.0,21.072099696478684,6.989700043360188,3.0102999566398125,19.084850188786497,9.030899869919436,13.979400086720377,14.14973347970818,0.0,49.40616082337407,50.30700897151476,50.171084991473876,50.84737097962795,51.27415823311429,51.68815574630378,51.50375689855322,51.076338783998295,50.89145314564689,49.94603068070779,50.592907150152314,50.366288953621606,48.07298198602203,48.161086707399036,48.53759033074769,51.177881630719114,51.718375720313674,52.38878748175503,52.21487266209454,53.29196450203092,53.7362175180824,54.335458305766196,54.988341488373905,54.86914804820059,54.77728841782553,54.91525574053604,14.62397997898956,53.47825511417466,51.30976691605617,49.05882191190809,47.651393317839464,39.04877766963405,33.6285930295868,42.972131959896416,47.10100433223009,50.008893923718745,52.020439869494965,53.340393652629395,53.80509716578931,54.15006753953827,54.207690821605034,54.46694019084096,53.841920696706396,51.911267096262705,51.33245021512458,49.50773638795716,47.83574876850417,45.997193623970986,47.16779368873068,49.18386857373381,50.95113534899609,51.59461915191329,52.00861437360908,46.25405063132223,50.46955358424631,53.75063415875737,56.02347616157015,57.84395453416444,59.1661447623237,60.034023637746785,60.52838554448927,60.7645183227427,60.50847444082255,60.23499792967372,59.28150980449861,57.828601629469134,55.917878286455945,53.00421557383072,48.6323956278009,41.94930399217724,46.17304450562998,51.900514177592065,55.3615552334106,57.389469533217,58.77046943848754,59.748325744344505,60.214283020651855,60.334784409786195,60.1040597262518,16.127838567197355,58.363139862712615,56.48591247819308,54.134422697754644,52.010965650394674,50.876714109948644,53.51989455435632,56.60179357898754,58.787985987257926,60.64669094882799,61.849516456825036,62.726147517428956,63.12152170015825,63.41504362221009,63.245972561336,62.89216476748693,62.09779263985466,61.01451488210036,59.10928411305619,56.74120464353368,52.95322946852309,46.55138434811383,42.8925440805418,50.97618203875831,55.55231127003191,58.28446563029243,60.00531685149625,15.314789170422552,23.59835482339888,18.129133566428553,10.0,14.62397997898956,24.969296480732147,12.552725051033061,22.14843848047698,12.041199826559248,21.335389083702175,15.314789170422552,53.99081570111694,56.75242931654506,59.27855721252034,60.81271317627616,62.07404908829423,62.88914470015381,63.370905035779536,63.54465144323275,63.50437399228348,62.90242132265131,62.34345404544172,61.179143045895,59.119162949120046,56.61109107650958,52.697393720886,48.58663497542417,48.78343675263225,53.47856704851325,57.421404429730536,59.350661977602044,60.81102362914592,62.20640687749516,62.36144102496784,62.550053318327315,62.53993314733124,62.79120310637222,32.474822606770545,60.48255304342598,58.61659245112357,56.54255497333483,54.680222264940916,51.83878852669005,50.3803965526364,54.33833813665981,56.55132669802121,58.58224296607577,59.872751344561806,60.7087755276634,61.17431060113324,61.26589172820293,61.11341163587085,60.704996364353136,59.83630345932502,58.159773278703,56.556684885479704,53.491181597632945,49.140521193491935,41.802692776688744,47.63165840200662,52.198830338014304,54.999632390743535,56.26320859619768,57.646131968516066,22.04119982655925,15.051499783199061,15.68201724066995,16.901960800285135
15.68201724066995,3.0102999566398125,12.552725051033061,11.139433523068368,47.71183126939401,51.61766172523354,54.78129095244032,56.58912457495299,57.8819100479147,58.600893392421874,59.25918236369534,59.59656604588598,59.7172707635207,59.28480347090342,59.11732734557229,58.35117685898453,56.75177793972931,55.16141223232361,52.77494609611012,49.83725491562693,43.88403183552636,40.05952286887383,48.54233147099496,51.69797829032205,54.4281985934457,56.08060468606502,56.817123722019204,57.668120063229324,57.91351640755326,57.72329042716399,14.14973347970818,56.36136708051051,54.691649247672494,52.346210361170826,49.14448940698554,46.436303060797535,47.23431042160122,50.02235197663352,53.49792157725951,54.7518287729585,56.33074381849491,57.37193438115148,57.84886058417034,57.97271004090288,57.6242346269934,57.16144466410209,56.24746058172765,53.90500595329361,52.5385390818252,49.37542966032648,45.13164309131998,44.58335625991947,48.10561811539061,51.48531706020461,53.77306251068199,54.6565940301372,55.60935508753387,18.06179973983887,12.552725051033061,16.989700043360187,14.62397997898956,14.14973347970818,15.051499783199061,11.139433523068368,6.020599913279624,9.030899869919436,6.989700043360188,20.681858617461618,49.44186461283688,49.808801700384755,49.58487433020317,50.39469641861946,50.898803947899474,51.60567564179986,51.590977572101906,51.516180351627916,51.32643850973081,50.914031358915686,50.96910013008056,50.54191576796431,48.617732967186924,47.721015692770116,47.97586045160276,50.2550657764721,50.227169800510296,50.782102370072295,49.98468586552008,51.690863574870235,52.32106292614658,53.31072832398772,54.263176562570614,54.438651045569806,54.89677291663699,55.61212329330546,20.969100130080562,55.223007491667325,53.698631046648124,52.56672053678258,52.27693927597013,48.66806999681489,45.54077081375389,40.50959459771651,34.96929648073215,41.898270631206614,46.81828946648095,49.72406510839191,51.623552735520796,52.898965060324144,53.45305100726491,54.41803499405118,54.39738372231319,53.08224955020245,53.198344796011405,51.93272122062051,50.241283977246844,47.662492122031715,43.69382861635198,43.81746650650453,46.69660832034381,48.83025139425055,49.870313378971225,52.19652624955322,54.872529462039736,56.80418918959036,58.23873778831282,59.22541219945899,59.78892796542023,60.043338434451826,60.01638970910442,59.56270746657221,58.55042199637383,57.41782483192982,55.489603211830094,52.151191670174796,47.221483600111625,35.954962218255744,45.14653989080068,51.63414838299946,54.99865711329092,57.20748716524718,58.688477276024706,59.64783673795364,60.21701877566515,60.527408693512484,60.27374074380318,59.85733560344116,59.08820529180463,16.020599913279625,55.96388144225102,53.288462701644896,51.625196007920884,52.85577560609876,55.0609489728566,57.64058012149259,59.60170996630194,61.00966429349073,62.06808611808682,62.73842178044616,63.0848843205723,63.05987510230983,62.92208429297688,62.30492348655137,61.40822494132684,60.04927243268593,58.10614206666936,54.97947800909013,50.205104421575456,39.476297473843545,46.56912339781424,53.08660438579432,56.48996834407108,58.84474195717358,60.35452152805178,61.35912408357258,17.853298350107668,18.129133566428553,22.50420002308894,11.139433523068368,18.633228601204557,24.16640507338281,12.30448921378274,24.099331233312945,15.563025007672874,16.020599913279625,16.532125137753436,56.57661911503843,58.88952445383212,60.64923857053724,61.836515702336726,62.62200645577208,63.15958806078251,63.33054115504841,63.22986697143062,62.91415918672964,62.080332073932844,61.280698684739825,59.52085473676004,56.81982524113211,53.59860135912019,49.055260484350484,47.67341422368662,52.6715764294816,56.40680153277665,59.08720867878593,60.590216318797594,61.606080711969604,62.503892590271136,62.94002363657181,62.90659767966552,62.545773191029575,62.28995949993514,32.506639194632434,59.53355643785396,57.87999996345421,56.27362783743546,53.05802629184904,51.67828142701529,53.246630679878386,55.502577128163686,57.551946905660394,59.17246010669031,60.41231571505649,61.207976010592375,61.36224490824114,61.37369305080998,61.10219223689404,60.5746259954075,59.59015620235515,57.82835101581821,56.20028769944879,53.08406459574445,48.36830286488879,41.892375801668315,48.15743731311919,52.407314140791065,55.1031037419787,56.552998240085216,57.75062593040446,20.170333392987803,21.73186268412274,20.253058652647702,21.367205671564065
17.853298350107668,0.0,20.827853703164504,10.0,16.020599913279625,14.62397997898956,10.0,18.325089127062363,15.563025007672874,12.30448921378274,3.0102999566398125,0.0,15.314789170422552,18.06179973983887,6.989700043360188,9.542425094393248,3.0102999566398125,13.010299956639813,6.020599913279624,9.030899869919436,14.62397997898956,16.989700043360187,12.30448921378274,18.129133566428553,9.030899869919436,3.0102999566398125,9.030899869919436,13.010299956639813,9.542425094393248,12.30448921378274,17.16003343634799,14.62397997898956,6.989700043360188,13.979400086720377,10.0,16.532125137753436,6.989700043360188,17.24275869600789,20.969100130080562,0.0,9.030899869919436,3.0102999566398125,13.979400086720377,12.552725051033061,3.0102999566398125,0.0,9.542425094393248,12.552725051033061,16.989700043360187,15.68201724066995,14.62397997898956,21.367205671564065,15.314789170422552,0.0,12.552725051033061,-inf,12.30448921378274,9.542425094393248,0.0,13.010299956639813,6.989700043360188,14.62397997898956,16.532125137753436,12.041199826559248,6.020599913279624,12.041199826559248,14.14973347970818,24.668676203541096,37.148325124333326,36.49042634086176,33.4183005692051,31.245042248342823,29.661417327390325,15.051499783199061,20.043213737826427,25.71708831808688,32.14048679411941,33.00378064870703,35.9073040579269,36.39486489268586,39.974300737974716,40.15778756389041,38.869980456711,38.316138553090994,37.808211758534725,38.71689665685515,36.986224297020975,37.1281800020785,33.06425027550687,33.13023110323238,30.4493154614916,25.865873046717546,25.68201724066995,32.32742062720737,16.532125137753436,35.30583859645118,36.09914410085998,35.30711837981657,35.991185650553625,35.81608366032058,35.87149498254344,34.684950245070695,33.91816923613249,29.661417327390325,31.072099696478684,21.335389083702175,22.380461031287954,26.283889300503116,29.845273133437928,32.28656958108935,33.83815365980431,34.583356259919476,36.93023067923694,36.28388930050312,36.0400993241223,36.928469192772305,33.87389826338729,35.27629900871339,29.268567089496923,35.259513412480125,31.10252917353403,57.35436807357698,59.66330433772075,61.42962619293178,62.844835227965106,63.86243486027303,64.43401939461769,64.88507425899417,64.89226589866642,64.58411806020514,63.90019122180995,62.770909603344016,61.046062528099924,58.433935058508496,54.13455679668804,46.8735949088139,50.19373881579534,56.23885788986408,59.762807248368574,62.037039464803826,63.40125316932412,64.52373487083717,65.04906297907831,65.14678685324688,64.92125659972945,64.27177644001561,63.19717390419719,27.09269960975831,59.54174947264946,56.90940832233585,55.08617242372554,56.58362508247251,59.701668903691015,62.30263156896776,64.12903352385341,65.71491280789435,66.7687149678053,67.44668817748459,67.79139520300986,67.8375047777066,67.63947712668485,67.11286269302258,66.33646681739292,65.02915358446977,63.291915659119326,60.53164909440349,56.275143517214886,47.312663490754915,49.56096362358611,57.13286368300358,60.932325157270064,63.396424093813486,64.98864993694187,65.91470872036986,66.08670203970331,65.91938774356647,19.294189257142925,23.117538610557542,15.68201724066995,18.573324964312683,17.24275869600789,21.13943352306837,13.979400086720377,10.0,20.863598306747484,19.084850188786497,18.129133566428553,21.958996524092335,24.653828514484182,18.692317197309762,18.129133566428553,16.020599913279625,23.873898263387293,11.139433523068368,10.0,16.020599913279625,16.532125137753436,21.335389083702175,15.563025007672874,6.020599913279624,20.374264979406238,23.117538610557542,23.59835482339888,27.267272090265724,28.94869656745253,20.644579892269185,28.020892578817328,20.827853703164504,28.998205024270966,36.76967814294758,26.283889300503116,23.010299956639813,25.118833609788744,33.84711742938282,40.616409340616855,38.127128667653686,26.074550232146688,23.891660843645326,15.314789170422552,19.294189257142925,22.30448921378274,18.692317197309762,19.54242509439325,16.989700043360187,20.863598306747484,16.989700043360187,16.989700043360187,9.030899869919436,13.010299956639813,6.020599913279624,14.14973347970818,13.010299956639813,19.138138523837167,19.138138523837167,17.853298350107668,20.0,14.62397997898956,18.573324964312683,9.542425094393248,16.989700043360187,9.030899869919436,9.542425094393248
16.989700043360187,16.020599913279625,20.253058652647702,18.692317197309762,48.108035824848656,52.35116681996541,55.33880046803806,56.82997478986962,58.156607477477216,58.74841165091256,59.462483345505476,59.615710540270726,59.59907684967685,59.243604501838746,58.77643126853641,57.76335729056633,55.98515840795432,53.916636161520216,50.83402276180445,46.24539913879395,37.3893903120348,44.429968516540924,51.10404506501023,53.67454697807372,55.83724598180119,57.144923801241845,57.5757365838659,58.14307540219545,58.03828428880094,57.59855117405046,18.129133566428553,55.203276041686905,53.4482438798976,50.97104533366641,46.321940036153364,47.593505049820585,50.11219313939612,52.47580506233837,55.081322755480066,56.09024223657172,57.09142707622797,57.662492122031715,57.768362445463595,57.340922252277764,56.648318203881885,55.550908193613566,53.85066197458664,50.25129653457866,47.72233665134234,43.875677794171885,45.87048357103245,50.39818479157829,52.91877006197336,54.84887518994485,55.9837132521967,56.439025304288144,56.782679274197136,10.0,13.010299956639813,17.16003343634799,10.0,16.901960800285135,21.64352855784437,0.0,15.68201724066995,19.030899869919434,18.325089127062363,17.16003343634799,49.50773638795716,50.325099721705726,50.91051124134179,51.41966855990111,51.46329625607937,51.773431164806006,51.5454569242091,51.497270324730884,51.21448219772678,49.72434276957365,51.192459888349546,51.007150865730814,48.65394197287109,49.12126362995724,49.75799309679408,51.481119457056494,51.94228418187119,52.623419090887495,52.77051951607522,53.735831683504536,53.950116995780945,54.36545866084841,54.97065171063487,54.29432495727519,54.08328172420255,54.29747436542516,15.68201724066995,52.23633502004628,48.82848857005024,45.84014435797936,42.81601443825656,33.97592434038116,42.40798771117332,47.06043206369783,49.98512167225171,52.09220023064993,53.456990844326604,54.292515033306934,54.148614192013476,54.30869674295583,53.849946137991836,54.316805227367944,53.279471326421366,50.29578557692318,49.86740392296436,47.839964283643,46.601157206237794,46.329429444376295,49.57650379192684,50.817936166710126,52.12019715807691,52.679621289344176,52.81237960427838,41.06394903130426,46.34557874185073,51.19404368845458,54.303750216737676,56.571572401737626,58.184950991403426,59.47135593572859,60.36679985825358,60.79790640137254,60.90369875537036,60.823257081904245,60.28144881838681,59.23816308942388,57.84021422805403,55.8569191567554,53.42219304429762,48.807335832962295,44.52399845911441,47.97655254333488,52.59230620510071,55.5898201797001,57.45562708139279,58.9672072462682,59.71611647521656,60.01900650511294,60.17973153864606,17.24275869600789,58.98977898143333,57.51342241499194,55.548100680167316,53.244388554767184,50.18771211359258,51.259657135893264,54.51175231064876,57.18093775389167,59.46512197446329,61.00408113412075,62.10045762548697,62.76398608579526,63.20729386788102,63.33162622619894,63.24390500910111,62.68926484367198,61.896300964065176,60.54622628844691,58.78665387660526,55.97985715084307,51.7669595486015,43.80573003066887,45.937289987079104,52.65348565194829,56.47650898010327,58.67986916231899,16.989700043360187,20.0,20.170333392987803,17.24275869600789,15.563025007672874,13.979400086720377,11.139433523068368,14.62397997898956,19.54242509439325,6.989700043360188,17.24275869600789,52.626242983396374,55.70730860003154,58.366462351266215,60.201175452232185,61.572321583570655,62.536870939777494,63.21417177735134,63.52654966457172,63.52460763466663,63.19913699666565,62.637707145038675,61.628062776245585,59.94484326066005,57.9485387103731,54.78948679666076,49.940970895882096,47.619278384205295,52.46365613152194,56.311646349768054,58.74101861304926,60.15650166084769,61.78749386403516,62.12725476621529,62.47670135915492,62.49433669006282,62.32408526624808,32.61262868792493,60.4329663760521,59.05796419863784,58.139837416472076,54.49078633473634,53.34190279686787,52.55581226980108,53.79205772700067,56.465860328151855,58.18413959160971,59.63191206929576,60.66182752339049,61.12546354415692,61.502196087356225,61.239104136868725,60.81366033198993,59.961490249890204,58.624635352646564,56.77652569492963,54.266706360849604,50.16402318910859,43.186058640550556,46.235077221115084,51.41198844904737,54.619484952037624,56.241799575702274,57.59882295443299,10.0,16.127838567197355,21.367205671564065,19.49390006644913
6.989700043360188,16.020599913279625,6.020599913279624,19.138138523837167,49.788741032961596,53.07925840882616,55.121892637930145,56.97041805660725,58.17083875375467,59.046181831744974,59.61873189427312,59.731694329957925,59.75587115693955,59.39823651243017,58.695514540225076,57.65812302553371,56.3787481996545,54.17313890251572,50.75506814668906,46.68646787798657,42.86052077773516,47.06555638218465,50.65691728093271,53.86409778881913,55.59526001969576,57.02503774378932,57.954698497235675,58.10853934495345,58.10588009893145,57.78579543016151,18.325089127062363,55.6918774351293,53.04372028490833,49.93017165679735,47.974406699866485,43.948017771627114,48.69894393310969,52.62946804235384,54.56976046407924,56.332108324561425,57.24411053444988,57.75809165978909,57.67827204208479,57.3888278000834,56.69383833012517,55.234772248140196,53.15936775503906,51.07186218518939,43.98582289334715,36.13313161455459,44.445600196012755,48.91314399382143,52.433382285349886,54.22212171034224,55.594385791357446,56.66039431477302,56.95232936656954,15.051499783199061,16.989700043360187,12.552725051033061,12.30448921378274,15.563025007672874,0.0,15.68201724066995,17.634279935629372,6.989700043360188,20.043213737826427,15.051499783199061,48.59720570196596,49.91956670920119,51.08598845973567,51.416660828387,51.6540459663102,51.2949654301666,50.89537747766861,50.454677194918474,49.94796504024089,51.29448192268063,48.62781141611285,48.75043891264979,51.319553205413946,51.31496762528186,51.47531019931553,50.454677194918474,51.29022473406334,51.97977627003698,53.10310879919341,53.44205545875213,54.344810782555406,54.72899728236221,54.5401051843979,55.20657739624984,54.764635245956335,53.42146223633466,19.294189257142925,50.8790203841354,50.75141674128388,47.87842881998611,38.69231719730976,38.19346484080453,40.74121305906297,46.25333033150816,49.80185236947335,51.96872267321967,53.178732895514635,54.00739980003667,55.062682029382216,55.17566672001868,54.948458524330555,53.19033150039683,51.99124114623325,52.204062361029585,47.977175331608365,45.39076098792776,45.34647895512471,47.72453735649847,48.91760401456671,50.60372942111786,51.80243468712264,52.6890777939072,52.459886502635314,40.54804500220955,46.738039593845585,50.95448326538122,54.17803722639881,56.58851492252178,58.34767110869274,59.50493370945487,60.298584009934004,60.7502732202708,60.998497689808666,60.69523801351856,60.158373842806576,59.572590415336236,58.27711661973865,56.27424236596685,52.92016700278562,48.551313277852174,43.16494539222311,47.64781181516568,52.432414990103176,55.507528596711886,57.57743628937949,58.9108006481101,59.83303716108985,60.26380029185546,60.02350975656496,16.020599913279625,58.79407862787868,57.90012676681033,56.04364313894075,52.90413062122933,51.29206357747529,51.795776412578654,54.49940988773338,57.33435620131785,59.37977519428327,60.90324726657209,62.0828007854531,62.90160427178428,63.34579396886482,63.41211285355683,63.16954469628974,62.58140217203789,62.00647524656202,60.365686168530615,58.58235131562337,55.705802969402754,51.40640008284996,44.12578135431272,46.70765211019904,52.93552586033037,56.35528983467409,58.703570785517286,6.989700043360188,20.969100130080562,15.314789170422552,18.573324964312683,12.552725051033061,15.563025007672874,10.0,24.16640507338281,15.051499783199061,13.979400086720377,17.634279935629372,53.41998049145146,55.72771726210438,58.18173088643144,60.02798676819148,61.47531638350772,62.44842943373996,63.12229206243187,63.417472227183104,63.45733173681406,63.175690438081745,62.5419508453075,61.53800844787603,59.90702834607929,57.87580190100698,54.42412346276184,50.95465756533585,49.31361237044862,52.75857047598181,55.828198767310376,58.7540393128094,60.30253119503607,61.43046043337588,62.5538371850473,62.59736231522058,62.56565018685258,62.374557644943934,34.84157424365381,60.69122111298676,59.15354450914576,56.53988724278166,55.13273548513791,51.63071882003819,51.10067569844297,53.793290905065035,55.91954555046735,58.14442717971077,59.57636494416856,60.4979192021497,61.0864788354441,61.28800095189141,61.225762750571874,60.74238459173753,59.98862397001007,58.6729774395742,56.99078564387054,54.34396429334582,50.405746519694205,45.15834119838739,44.56791008541905,50.50012210075464,53.895204658463776,56.41967616878924,57.734243820324174,16.989700043360187,14.62397997898956,22.944662261615928,17.634279935629372
9.030899869919436,15.563025007672874,12.552725051033061,14.14973347970818,48.56275634663986,52.51438666779624,55.3326478887551,57.10612331041406,58.30294121013763,58.93770636439445,59.60744681965178,59.9093925801339,59.93630627457193,59.423399753017804,59.06685138141586,58.07578996468191,56.3355732535696,54.49732884432593,51.49834696715785,47.29958110557302,38.62191031051597,43.50015298234692,50.58369076516905,53.29904091608408,55.61113314652254,56.84042431298795,57.59228040527752,58.202343095656,58.16533604450739,57.65436819558499,6.020599913279624,55.630632022882594,54.19236834015743,51.569154517101126,46.93419141350055,47.175040747642015,49.51706560843042,51.81903585011649,54.60840734537197,55.721115026919065,56.786731314693554,57.458154285083026,57.821987746566485,57.62592296325089,56.9277820193517,56.03763423585604,54.45742719564788,51.41637874673272,49.37317247762494,45.40291926094344,44.4021617608011,48.46887364662887,51.40564604482697,53.729782462285826,55.17017655435538,55.733752774110464,56.33820798134754,18.129133566428553,18.325089127062363,9.030899869919436,13.979400086720377,14.62397997898956,10.0,19.54242509439325,16.989700043360187,17.16003343634799,0.0,17.24275869600789,49.10736432013104,49.85345625806566,50.37143516700806,50.90963076595732,51.16375261179705,51.35021279538261,51.52865999881201,51.200076633232115,51.153042344118845,49.72003702510512,51.17330965607344,50.82656139509687,48.413219217583254,48.72418519080333,49.205042108691366,51.14857748151224,51.41340010022802,52.058374740035454,52.115743634828505,53.248994970523135,53.816077840456956,54.22960620881775,54.87095934203289,54.68376873249617,54.600810824672806,55.010099389080196,0.0,53.64292029872777,50.91754862561454,48.73122885967887,47.718078789991054,38.27885982789856,33.78942698613437,42.84250210312084,47.10235869853555,49.94092687188989,51.94095107863117,53.433692002275315,53.80623625618058,54.27112676054709,54.247640673251155,54.704590045759424,54.18636000037708,51.73550456678398,51.430897798788145,49.56538191994259,47.35415243718834,45.20155886944864,46.812864740280844,49.017252459962435,50.812356588856304,51.50452480839567,51.776317168526596,45.93341458192256,50.41617670375892,53.83285634478604,56.210307999287096,57.924932464938685,59.10309507284359,60.111494772154835,60.608824706690356,60.814355261637374,60.52261355431054,60.222815193558034,59.364463813980095,57.86531380644413,55.922678275078155,52.904798133306734,48.86406114109727,41.012313867907,46.39735439967236,52.1726542596381,55.25275505208366,57.343108731751144,58.755566555103556,59.68895565730375,60.13181572223951,60.24108266877179,60.08951297377379,11.139433523068368,58.31703444104363,56.35609392550463,54.10029434773683,51.82990666368834,51.186118905745715,53.74653047314257,56.70876421250182,58.80384800590303,60.61547847524915,61.7599686213011,62.58095393461522,63.05682339094085,63.24192911422769,63.17224211199174,62.816209724456385,62.071055147899855,60.799116938043056,59.14694259416307,56.6399569338718,52.69496599494367,45.976074408030996,42.96774846740312,51.22530422981802,55.580482290829885,58.31007365308779,59.986028010193955,17.853298350107668,17.24275869600789,19.912260756924947,18.692317197309762,14.14973347970818,20.0,13.010299956639813,18.129133566428553,21.73186268412274,13.010299956639813,18.692317197309762,53.95773564736218,56.814520000056355,58.98060619578753,60.704996364353136,61.890173012518545,62.667437962645124,63.19811397021017,63.420049650792805,63.28573667278768,62.74051572717787,62.06373812723843,60.97666762890238,58.89315711779772,56.60182207110876,53.21739237511545,48.878928661254434,49.929818575440734,53.733626256664294,57.28471472054376,59.17407296431158,60.844547299606965,61.75251100451959,62.15983169756288,62.348757574852904,62.34353506406034,62.1477287217442,31.866738674997453,60.52357223585752,59.512447233727386,57.71725610118375,53.05886382963887,52.261486231399836,51.53744762033778,54.249551012881255,56.53417066551502,58.377607331146734,59.7049611025365,60.651837026311775,61.147403860419075,61.3221677040405,61.131850137752075,60.67817854733518,59.906855302800324,58.464063957511634,56.76002760786095,54.017037516917014,49.7911568569024,42.81169773409736,46.60685274789785,51.55691224030103,54.58977598735456,56.207656898491145,57.55077155052823,16.127838567197355,17.24275869600789,19.138138523837167,20.253058652647702
16.127838567197355,13.010299956639813,11.139433523068368,16.127838567197355,49.11887036864897,52.59491145819008,54.71621708148321,56.67016571308853,58.06655401835067,59.007908370160244,59.45996606393813,59.691740007466876,59.66474486081382,59.75063996095236,58.757630949388485,57.79613804978426,57.31625022025177,55.52290933824766,52.813061367418214,46.87439774545894,39.206450014067876,44.26332301677428,48.99831441696928,52.65765627044365,55.062682029382216,56.7871954644728,57.42935552149244,58.29430503987355,58.38519153399509,57.61303749356564,25.158738437116792,55.67228754361916,55.13976286239967,52.685264899598145,48.14686996621819,46.35986111800833,46.56797495165782,50.11265865517536,53.169783325037116,55.40160480084997,56.68579721621378,57.27359856472312,57.7044328812346,57.729616726117655,57.32494279319287,55.67027543107281,53.92661786290789,53.14410802256995,48.166455692299095,42.73140224066812,42.55586049018557,46.35745049128339,49.248682861276194,51.79810222878796,54.003531806542426,55.91346250308287,56.543585029931606,6.989700043360188,15.314789170422552,6.989700043360188,3.0102999566398125,13.979400086720377,11.139433523068368,16.020599913279625,18.325089127062363,3.0102999566398125,17.634279935629372,18.692317197309762,46.32659713293913,47.66747362969336,50.16782712486841,50.82257435606511,51.26014453585027,51.153042344118845,51.33953844517957,51.44838750900035,51.4837125733224,50.629916446225,51.267838204239595,51.08192805135042,51.00673756027721,51.032459613678725,51.04657791008797,49.68940351246718,49.884697702098755,50.17033339298781,52.52467089585995,52.653132025542966,53.32280873330318,53.98384498681442,54.03142836129252,54.84242878958233,54.77978862821846,54.837655421927806,20.969100130080562,53.87678073718292,52.63931808798313,51.200076633232115,49.16527640754965,45.36166896094166,40.40602340114073,36.77241845946654,44.45121385567502,47.894749457600625,50.421224759982756,52.64357321211541,53.8258791762421,54.677856343292184,55.1195952287093,54.92997719864907,54.634823791911764,54.0555978318944,52.81726321015441,51.10542575007003,48.79101616509497,45.577717882892365,46.83812235741294,46.95875515031685,48.86919168061725,49.90680649447501,50.665532646766465,49.40601144182706,53.06317781104432,55.71729789213671,57.579006408200485,58.89368942897935,59.72968891211429,60.28381308986417,60.47113194057465,60.470446108051334,60.070001312518706,59.21566312723412,57.980605985539825,56.262797877968595,53.59541428032134,49.42588378883805,42.40798771117332,45.846138761717825,51.24412922103229,54.82612071039708,57.00915621909648,58.47109740837239,59.47880530981277,59.904463049549705,60.12968758064575,59.849915127439,59.23676025170904,20.170333392987803,56.38834558475307,54.301137725020475,51.366603323578666,50.3953308766939,53.58125285276649,56.33357342778484,58.56550666235427,60.424105043175175,61.60854032681674,62.44497305482749,63.07522779360954,63.435868050832376,63.413745699943846,63.06970501864604,62.40696234584219,61.39509464139788,59.921207750441845,57.80153790733458,54.6786549859512,49.45950866671558,41.15444083436239,48.96090602340504,54.38043691899813,57.35983527012109,59.12501042306069,60.49973115813209,19.294189257142925,19.54242509439325,10.0,3.0102999566398125,16.989700043360187,16.989700043360187,12.552725051033061,22.14843848047698,9.030899869919436,16.989700043360187,20.253058652647702,55.80069222725036,58.10159905417322,59.86414301656211,61.327820659475364,62.27307602017411,63.05958527115916,63.437009793973644,63.40069944846584,63.16642247567547,62.68421167014488,61.68806741911509,60.33311146023117,58.61008398980053,56.01065404707971,52.411304145097176,48.44415040473825,51.26420407634454,55.345147298371074,57.54355217083151,59.76047197284547,61.010462776983054,62.341248239270584,62.40493585135451,62.41200700353306,62.30052510669624,61.92290007217396,30.374264979406238,59.665270274736706,58.9157425128185,56.31535083018744,53.07282047033346,52.743264521550174,52.11739757173328,54.551891114388184,57.08697027024642,58.533337137690545,59.78319779377575,60.77693776426698,61.35629340124585,61.53898362764967,61.37686036180594,60.53454157028436,59.58153283287517,58.43258324080894,56.03167115625969,52.965774451391184,48.28202164182678,43.23973605350882,45.57507201905658,50.7023741141393,54.23354024378276,56.596975723343206,57.796866593224905,18.692317197309762,16.127838567197355,18.129133566428553,21.13943352306837
16.127838567197355,15.68201724066995,6.989700043360188,21.13943352306837,49.26306425447347,52.96774846740312,55.13550520346337,56.95972606982715,58.1257380609842,59.07805164670526,59.58209231847776,59.834174328163634,59.75505793118781,59.25828604978163,58.678680090143196,57.71773357348643,55.87809708093529,53.56685407204914,50.226139274719685,46.470796405854756,42.91057894434275,46.975083178660846,50.80518260527118,54.00185575772228,55.55300054669641,56.89220037263836,57.9135725795483,57.84453242390177,57.76542107213316,57.80065160897359,22.278867046136735,55.72612573981277,52.477990228913434,49.12817009680566,48.079745118774035,44.84826369084443,49.47144422680432,53.10193958364956,54.79046695341185,56.28447172698759,57.368146579734194,57.71434605835276,57.52562379027067,57.12063513645211,56.422438544658526,55.424830829448254,53.58395564227176,50.401472395833835,45.22235513337985,36.962689967455326,43.60138813577575,48.74162792722622,52.765192467342565,54.42974927317675,55.60075285179853,56.37794829269919,56.78208708654225,21.73186268412274,13.979400086720377,19.49390006644913,19.030899869919434,3.0102999566398125,16.020599913279625,13.979400086720377,6.989700043360188,21.13943352306837,13.979400086720377,13.979400086720377,48.722262205886565,50.0039068924991,50.553553926803865,51.160362775679296,51.371134734282336,51.08690152868758,50.67312683660242,50.01846164947594,49.61501775163981,51.2484969711265,48.86067504919496,48.850444314619175,51.116656959395186,51.10310190583664,51.26170384823099,50.89763854491689,51.714631650838434,52.2446572490816,53.02958318764627,53.356123336214445,54.16841800269425,54.78308150622322,54.52280298867909,55.129537459832264,55.07074247928821,53.67191864659744,12.041199826559248,51.2508420089583,50.861497522137114,48.2706541915429,39.97648454896206,37.41387992479269,39.74695871909683,46.25250698540985,49.638303105973556,52.24507164727078,53.12695576121943,54.18715496865595,55.23435587962374,55.320354790702034,55.16605437064496,53.50846699226848,52.301039034556254,51.87591217465447,48.557008308354376,46.28562613108777,45.66802688102689,47.642209797629924,48.84013269826504,50.38322053381606,51.63048014096093,52.58642070949961,52.80179856690861,40.99300726233463,46.54840475788552,50.48228099848808,54.06276117250953,56.39486489268586,58.28939456100941,59.44705684319922,60.23144593012507,60.70231869740495,60.9823450034467,60.68391082352541,60.20132886475771,59.49456853572018,58.203341585528435,56.17117815525979,52.75857047598181,47.84046415808113,42.2481783739504,47.44957609996987,52.542337826501466,55.504387208317674,57.76620563316041,58.893252378276046,59.92051336931663,60.377359718819925,60.14023798228691,12.30448921378274,58.974258398825576,57.974621331931246,56.24184084834532,52.84171207664465,51.328517966231644,51.48223098219415,54.39933972668144,57.25312022789329,59.48020064604529,60.96805769822716,62.0885234418688,62.882109827160555,63.292636036367675,63.49543657740703,63.1028388446445,62.64980416970356,61.88247696308272,60.40218108316283,58.43186043752655,55.462291674065554,51.162390348617706,44.292515033306934,47.00444101027752,52.97511020956883,56.52845621280872,58.898331777705025,-inf,16.127838567197355,20.5307844348342,13.979400086720377,3.0102999566398125,9.030899869919436,12.552725051033061,16.020599913279625,16.532125137753436,25.68201724066995,21.84691430817599,53.05886382963887,55.86193335698542,58.14631097556009,60.19007391479973,61.59469135072137,62.47496507660533,63.15943699519123,63.46948058636055,63.523548505695786,63.21366827838666,62.6233336335858,61.72275919805895,60.101727032867785,57.962085671004274,54.98427728555499,51.202645507216985,49.00061102735481,52.29528263787672,55.923322314238305,58.656635161947236,60.37920674888696,61.81002757552462,62.226709588621176,62.65642435197081,62.31274317914181,62.19071084775755,24.29752280002408,60.75637825269703,59.2106657852024,56.162717100191315,55.74211896663976,52.75811024031622,50.748200963072456,53.747135277572184,55.60386118057003,58.159368556477624,59.47073294212457,60.48181459608714,61.017257710046934,61.19496400690543,61.22500616536613,60.79948183962493,59.98354384445201,58.5478744695111,57.017855095164556,54.37219257480142,50.379759908900226,44.64265934034075,44.480567108862125,50.79720160522447,54.13507639094894,56.51926063751853,57.793345370279184,22.55272505103306,17.16003343634799,23.010299956639813,17.24275869600789
18.129133566428553,13.010299956639813,0.0,11.139433523068368,48.759925496561735,52.39074138235893,55.14244836212691,56.82608016802298,58.01873427033193,58.864839568940496,59.47675310638148,59.67466538368468,59.77586438003851,58.933777714298294,59.02755994714244,57.94533355918878,55.57214766742327,53.47883997268176,50.230136349275355,48.05106483846407,42.391743041780785,44.81800809538611,50.49373100151531,53.581728818005494,55.26349617611554,56.634917353745976,57.686861891155814,57.670259294935455,57.801624365784235,58.07327301753471,17.853298350107668,56.33017767533666,53.188977146274866,50.51912355258289,49.167118165798854,45.307118379816565,49.023619338198614,51.95711509593393,54.33446592168653,55.43631048402233,56.715985944310326,57.30731416643248,57.31528330395459,56.98331121753792,56.25586114323716,56.04005608901591,54.39498483710935,50.273332959385925,48.723311212302505,43.077740685170866,38.94869656745252,47.32281150359136,52.381590552118816,54.247003706594406,55.51069213452034,55.85759556645252,56.634992755038894,15.314789170422552,14.14973347970818,9.030899869919436,15.314789170422552,17.853298350107668,18.573324964312683,11.139433523068368,16.020599913279625,14.14973347970818,0.0,6.989700043360188,48.43762082833734,49.72670217315838,49.690103193715075,50.594119374386565,50.91631790626808,51.34154786435077,51.23057429800391,50.94436188017956,50.90106323239195,51.76487733653302,50.41779429808691,50.47527969772476,50.97666762890238,50.5833490416813,50.34070693875614,51.24621585862399,51.530370096149234,52.07715133805567,51.68815574630378,52.57412157879428,53.46041814257792,53.99862278544429,54.48149571685946,54.93432954601789,54.87299614502859,54.22435527930134,19.138138523837167,52.66873488729562,51.76814480674778,49.55880086225376,45.4020429984206,40.25182934335449,27.958800173440753,43.328422669943514,47.657355933297055,51.18201876186626,52.760479932968636,54.007417060143055,54.61858538808528,55.22183317618686,55.306657701248966,54.92100766178423,54.166038985976535,53.087543091835975,51.26462605079578,49.46928548601453,47.31596822523534,46.40382044709568,45.505340865995066,47.73823000217266,49.71062360951898,51.40460902873301,51.728888643418514,45.551670265494494,50.29424364058016,53.436468487662296,55.97282629617276,57.73086916379956,59.14090229935745,59.99869692108268,60.56821032032579,60.78350225192298,60.738520997789294,60.23777412151886,59.42131623242006,58.32328131940602,56.45077251426443,53.87193993696869,49.796667197576966,45.197230156553374,47.42976368267033,51.8334957567808,55.208894705351625,57.19670964679776,58.62118254830933,59.4824175740912,60.085086196483815,60.178014444034446,59.81199556937049,15.314789170422552,57.69400960506876,56.26053823314184,53.56805738692711,50.116888329655104,49.8790300705019,53.08504653943808,56.41333289007988,58.76629993709579,60.70958334000161,61.88301185184196,62.76158841314575,63.2634610360235,63.49415857860845,63.454419574703884,63.039891626123875,62.24002884315855,61.2949654301666,59.42496173776334,56.97805403616172,53.390477673518404,47.94418330874141,42.63043983313166,50.47808157259879,55.03785237324206,57.943430252541916,59.67394916604316,13.010299956639813,22.30448921378274,20.969100130080562,13.979400086720377,21.958996524092335,20.644579892269185,14.62397997898956,13.979400086720377,0.0,16.127838567197355,25.010592622177516,53.89493897263608,56.867872631083856,59.336350645556294,60.89262020940336,62.170799941454376,62.9340719744758,63.412795754913496,63.64930719721556,63.59149362234773,63.005957012545146,62.38854944661752,61.32434204973791,59.192423606638116,56.57172541863892,52.70494833288425,49.65718970244221,49.32032142787743,53.50164641301192,57.21798253713609,59.18604819882507,60.686496038958346,61.89212298722522,62.426611657611275,62.76619178682551,62.35958740702176,62.027350918544535,37.72321706722919,60.13320161408877,58.25670785785889,56.80618302074501,54.60019349386385,51.60243371959807,51.94397774366382,54.55370266962305,56.94908660343727,58.30004512364255,59.99800178575873,60.803103902164075,61.09257178344113,61.381700206782156,61.03240140467292,60.82774243621075,60.04563823013803,58.15482777526757,56.87547688088329,53.90626047834165,50.0039068924991,43.35096674261542,46.41682283985219,51.730725791382355,54.62429445671102,56.478571094521314,57.807585845950484,10.0,23.010299956639813,12.30448921378274,9.030899869919436
17.853298350107668,18.129133566428553,21.73186268412274,21.84691430817599,48.446138420597194,52.40102244110203,55.06241128488333,56.8351711925657,57.88634951620105,58.730443561739,59.21141575319004,59.435103441181425,59.46327461111197,59.14320410284138,58.5118616420095,57.577269383471986,56.54448011436002,54.578713040564736,52.2142467121808,46.7137651517521,39.98695158311656,43.745467279389594,49.88866510368433,52.96140649471545,55.23559185701974,56.63791354738465,57.13223331998844,58.06321096759297,58.038918752979846,57.41387992479269,20.969100130080562,55.25595428447245,54.28168823233334,51.94014546374697,46.809697184658965,47.64863283710636,48.595285664435764,51.26965412844876,54.230114555468646,55.749902884149805,56.64315662119564,57.275575224348955,57.88070042530287,57.6670426205412,57.11844332227493,55.76254943504197,54.33182379423717,52.16980924251948,48.91453824238682,44.88621213129428,44.44497600790215,48.37903944592942,50.698493234011444,53.123677947159734,54.77653662807222,55.84787898166355,56.49313435586002,17.16003343634799,19.86771734266245,17.16003343634799,13.979400086720377,17.634279935629372,22.278867046136735,13.979400086720377,18.325089127062363,20.253058652647702,14.62397997898956,19.138138523837167,48.52723910791206,49.400829702427515,50.57856208741888,50.9975313254789,51.35084924086007,51.586669946444886,51.606305734628634,51.68739018431464,51.69045162289749,49.76281183510049,51.51911996707007,50.81613708598819,48.30716949436898,48.32163894783587,49.28011577509416,50.23375938139562,50.665271826023556,51.33478230637805,52.349827110941604,53.30007700872759,53.71710512000364,54.35074753994159,54.97330562965051,54.84392384047533,54.76454825454303,55.21772056964914,20.969100130080562,53.925562682950726,51.05823445037387,48.57362654723139,47.57304908504149,38.36830286488879,35.683190850951114,42.84859176733762,47.50816842649755,50.063890176786316,52.009489416013565,53.36159426484781,53.919789829968884,54.18493531818885,54.282077104881594,54.50227547065189,53.879625748261674,51.64593733170751,51.049853081122755,48.89508993619212,46.79545994115586,44.750461681277976,48.00613989826332,49.898145430342026,51.14066941610965,51.43255314039567,51.79071848962589,45.89927271986547,50.27696089534803,53.64987884016123,56.18361931109878,57.82593722409051,59.06796571135985,59.95838695033094,60.55060905170861,60.84717802703427,60.53856018055573,60.261326954722406,59.520219403049296,58.01206757756547,56.23750507783343,53.46736236451996,49.00263322601716,41.310409316000985,45.48831473174153,51.689598169485706,55.1179916650327,57.297364504245905,58.795207867769754,59.73977131010485,60.14870689246101,60.3518350147366,60.30599721965952,16.989700043360187,58.53956643489782,56.55880520873174,54.13437240958709,51.66977447595255,50.9377178149873,53.33352545648219,56.444031354099465,58.64465988033543,60.50448588222184,61.59813744756197,62.52010070321696,63.05036499330642,63.29531300166825,63.278420098305126,62.78375142749041,62.10495359142997,60.881502695133356,59.36206511230449,56.88210633919063,53.14130668652575,46.0366391547776,42.51248762305845,51.33260998735777,55.50991062522718,58.136723742583925,59.98547028615239,19.49390006644913,20.0,20.681858617461618,21.84691430817599,20.170333392987803,23.443922736851107,20.644579892269185,24.099331233312945,18.633228601204557,17.634279935629372,16.532125137753436,53.87775891997152,56.91205305892652,59.16109008103141,60.943121260957454,62.04837061963538,62.91688902554691,63.392088842165,63.50124692213603,63.480666173746556,62.92110026362549,62.11890424008689,60.98885894252321,59.12887606257534,56.63139088134082,52.991933949915875,47.53529438980263,49.05536844931846,53.92037098260247,57.28604545116067,59.54945497233514,60.56266273970864,62.03033431243043,62.16574659501595,62.515313976324556,62.877144145307334,62.35094187882999,34.583356259919476,60.20355066556249,58.226001966292614,56.7503096900644,53.92661786290789,51.615476731257274,52.306787811464744,54.338689985064235,56.53352430567462,58.453473775423674,59.95133931390798,60.664068121660094,61.394461497302004,61.42240816850018,61.31440612022424,60.50116702214175,59.64333656714484,58.48041863120467,56.285973413869044,53.125348884092496,48.685327651052745,42.542095967296156,47.09354775834396,51.90401740018988,54.77805453118017,56.48454667102481,57.83555575715383,17.634279935629372,20.043213737826427,16.989700043360187,19.030899869919434
12.552725051033061,0.0,6.989700043360188,19.294189257142925,49.054774608777436,52.25350641135627,55.18771807907848,56.677685189344274,57.82720516921025,58.675205192254126,59.40342134494454,59.52294922466044,59.722139502492396,59.0044851710245,59.06945103999477,58.08304170759498,55.7882480541374,53.80663396340583,50.90786927949267,48.673142497485756,42.95127085252191,43.555664483189325,50.19602262029342,53.18171895013796,55.2303983865215,56.42840284520495,57.56523526959164,57.756104480063605,57.65374207485421,57.94757044666808,19.030899869919434,56.25852410423786,53.44692835067181,50.50766311233042,48.8307630479262,45.314405952502185,48.87802904683524,51.880871901421344,54.386704823521576,55.48512256341035,56.91015148794902,57.59773573084029,57.484710017358694,57.24112773693322,56.5646235813453,56.40998902993172,55.09240168518268,51.49665498063024,50.07619774517403,45.169846395331106,40.25715383901341,47.177121000984016,51.814233762383196,53.96471350008043,55.30206103679176,55.5898201797001,56.3548575743286,19.294189257142925,19.030899869919434,17.853298350107668,19.294189257142925,14.14973347970818,19.294189257142925,9.030899869919436,15.051499783199061,16.532125137753436,19.138138523837167,16.989700043360187,49.19726433684463,50.0881300905209,50.08859819261295,50.66743243953238,51.217206642159645,51.69218744161391,51.18866301603362,50.98536436637856,50.63412177936587,50.90346243505668,49.663576525273996,49.57822704978322,49.21343065066323,48.337397966887536,48.39465477163864,50.9024746885884,51.43795203845767,52.32330189853307,51.72748838982743,53.11857655625255,53.75928681263838,54.36903338236999,54.95400011247723,55.07321441715482,55.06680879300107,54.61780561524559,3.0102999566398125,53.0836162432773,51.57290513654097,49.80030656243833,46.60039723601575,40.81959066300478,31.007150865730818,42.754726010694185,46.83812235741294,50.06252051369365,52.00850498091078,53.23511980142777,53.905553748237935,54.4333497264988,54.39700503904656,54.318990639862534,53.40493689006247,52.27711923739604,50.861639980328874,49.13416450054413,47.52770390463606,46.53482657416997,46.84019057628441,48.645348123489036,50.558559455019925,52.053397214315225,52.47297990333337,46.37289547678175,50.454364282914234,53.32949212968278,55.86319444657995,57.717204677958456,59.096677975508186,60.07455021182021,60.60402041746976,60.800439108937695,60.74686644701569,60.23866623895246,59.44325705554217,58.209209641338845,56.30438045736887,53.490228999204675,48.998205024270966,41.499884564914765,45.94038782322546,51.39148353730498,55.1129499469627,57.277502211336405,58.77910710974941,59.74357382557134,60.35080961773309,60.396718430676955,60.13104044090955,20.0,58.25585135211199,56.755162199251295,54.351975371776426,51.631733059802166,50.63412177936587,53.010690804085655,56.31301686831486,58.646024394134,60.553913294308266,61.86550936570424,62.651936555107646,63.05205576830191,63.35096071966632,63.17248268445319,62.92263383395892,62.01455026391319,61.06695636972879,59.011339779570704,56.43635239198197,52.497485229002756,45.25627796211889,41.59115821827769,51.193152871966696,55.483415018127495,58.337136846111775,59.96898949645775,6.989700043360188,6.020599913279624,20.253058652647702,20.0,19.54242509439325,18.633228601204557,13.979400086720377,16.020599913279625,13.010299956639813,15.051499783199061,20.681858617461618,53.82271057577509,56.63894006906787,59.31301720365287,60.85517836413757,62.18342471728462,62.80109224697342,63.308993433822074,63.53978131255669,63.37960557029608,62.86691966853729,62.21648406798697,60.89965131732338,58.64571000070457,55.93690260214536,51.886276060367074,48.79634827399501,49.68057785694584,53.927848582254356,57.451888179683806,59.496446530082245,60.92230998161578,61.819204398390866,62.60769992189034,62.77724705236257,62.5213427359398,61.97490071901754,36.66517980554881,60.87483980377889,58.80514054390705,56.6614436407761,54.65271288880206,52.16688325373533,52.23900713059571,54.532586969207635,57.1893327765521,58.446138420597194,60.005017544628444,60.972357853727665,61.19372697463706,61.19113961357432,60.915730554393626,60.820917401323456,59.982628267187806,58.11613876168014,56.82969543098116,54.060118934124674,50.06213521810737,43.683612758721495,47.35167584450715,51.9976888582758,54.56025753128053,56.268411086274824,57.67969498404686,13.979400086720377,20.0,14.62397997898956,6.989700043360188
12.041199826559248,19.138138523837167,15.051499783199061,20.170333392987803,49.68389541847068,52.691882694830234,54.66786089846725,56.57921665011329,57.814638329181776,58.77385745315471,59.2856636130692,59.552359067965355,59.54832748662955,59.35209404958411,58.763477629890986,57.991805893324475,56.64195230969688,54.849401294680284,52.14104388631157,48.81099218389017,43.55987591676388,44.39427438654527,48.662223377669555,52.53834542621952,54.666852673275905,56.36335415174388,57.57397547302544,57.93545937985268,58.182159931709734,58.28951690773166,16.989700043360187,56.85129713474819,54.80795721819101,52.29840483097365,50.51495961806068,44.585018746863945,44.49169732165201,49.862924027351326,52.238721837968775,54.96488213804359,56.117870140165856,56.960285780634194,57.16704330230242,57.12733859069952,56.781394580097,55.9238330360139,54.43708790742454,52.492717530731014,48.50094594386701,41.938200260161125,35.689054149828785,44.60476869051451,50.55722266483576,52.876338001162225,54.65062962044509,55.87474114564969,56.70477786047275,13.979400086720377,17.24275869600789,9.030899869919436,13.010299956639813,14.14973347970818,17.24275869600789,21.335389083702175,11.139433523068368,12.30448921378274,10.0,9.542425094393248,44.94210269229327,47.37780848436633,49.24795995797912,50.312508776663364,51.159764294548175,51.588266977393204,51.48852425674585,51.44362456893639,51.25142807061994,52.26550931555045,50.3499722976633,50.2105692248371,52.22825681177077,51.93828364390117,51.78591375785298,49.751789709408776,50.418070412524436,50.661394928707,52.00557770306069,51.91523670269467,52.916529583900186,53.68074800702044,53.85570527725466,54.53790607803249,54.69074976211394,53.883143871177424,20.374264979406238,52.46995617611003,52.654428514948336,51.19800066362132,46.14865591497137,45.343434568060275,39.382194178127435,38.16903839375661,44.889171740735286,49.64415212726103,51.55761012877924,53.08581486227406,54.573125525343684,55.30175356532273,55.77644580278467,54.977048767910034,54.64531275852999,54.939276437023786,52.58361870908906,50.89311523262773,48.76477646530935,47.546693502843354,46.546096573592706,46.28971005345094,47.352235198572515,49.78696249254409,50.15296870381437,48.85417765110936,52.822594830839826,55.18598158520107,57.37177529630138,58.746957231754365,59.73681918503984,60.234212047968036,60.516995818177584,60.44763121585733,60.29577340588523,59.34286807370416,58.314295002254,56.981292655513045,54.71881129759495,51.286738473085904,45.81608366032057,47.03059118974319,51.584831126992476,54.65384338755741,56.83937239874284,58.32494861775114,59.3767683677434,59.75955862573956,60.07075338421349,59.82059915466961,58.912033851922104,15.314789170422552,55.70170360918003,53.61973237465661,50.17033339298781,47.84374761667443,52.1578027827945,55.82504254902296,58.43332461229658,60.43342233197849,61.736037482218094,62.52449604874911,63.168539799814496,63.627133208274046,63.59997222171899,63.38851760716292,62.50352901067781,61.622551528458935,60.31625759120293,58.124059380049545,54.90219820755993,49.98420642759893,42.628543454161935,48.60338006570994,53.782252391165,56.923577322339334,58.975094310254484,60.30159538012342,17.16003343634799,11.139433523068368,22.576785748691847,6.989700043360188,6.020599913279624,11.139433523068368,6.020599913279624,21.64352855784437,16.020599913279625,18.573324964312683,24.955443375464483,55.733880357853664,58.398662876657184,60.2639024655699,61.77840255531698,62.63351968393565,63.28625837721689,63.567908423167914,63.54500472345576,63.34335711564327,62.71789580979855,61.799244581038494,60.37567521139558,58.377178235661106,55.42997119774306,51.514066273337235,48.8962100168769,51.92034711788003,55.52747282139521,57.98473853683348,59.88883441770846,61.05046690081473,61.80013988329964,62.48173682592305,62.26870191949687,62.21821475066463,62.18271014449965,38.945375849957465,60.46216080473318,57.37073314641917,55.438806368729914,54.16948231545271,50.77734810861976,52.5385390818252,55.44629782047824,57.450068301138444,59.323316824954674,60.18597320671905,60.917407989625474,61.23509621874568,61.42083975837083,61.28775558832448,60.730706405360245,59.70625776688294,58.09700416719211,56.185104003507035,53.43371169991216,49.090422738793265,45.08300728187254,46.70876421250182,51.57940055964767,54.61085645778675,56.63479482385285,57.91339703965139,11.139433523068368,19.030899869919434,17.634279935629372,16.901960800285135
0.0,19.86771734266245,16.127838567197355,12.552725051033061,49.581336756762354,52.88475035768925,54.81570174817012,56.60791508889315,57.76475989678169,58.780073460000075,59.35129234915682,59.585815604153716,59.50068732093162,59.3673937624276,58.641038874739515,57.77641379008473,56.5448554174513,54.69704225231061,51.98098742245831,48.620180184321114,44.04029356425098,45.52388328377223,49.02970539584649,52.72391674039022,54.570351812313234,56.203495045948515,57.29347057891819,57.67551376460534,57.6312238235498,57.601645444913814,9.030899869919436,55.72523097849637,53.46988300987701,50.47492933623129,48.29869595403178,42.905020614535175,47.44355579617726,51.89125206925528,53.98582289334715,56.27376099266331,57.2611567011036,57.76324099199496,58.01900840071251,57.81532786564054,57.41350178144626,56.314488425172044,54.59516123449138,53.064722075982466,48.339180811121125,42.38798562713917,40.13216539624441,45.92321127981747,50.52359148432376,52.9593636810846,54.628829388173294,56.07317743016942,56.53506769215551,3.0102999566398125,6.989700043360188,17.634279935629372,3.0102999566398125,12.552725051033061,12.30448921378274,16.127838567197355,17.16003343634799,14.62397997898956,15.314789170422552,17.16003343634799,48.391636829146506,49.7396329740609,51.223207518238574,51.63125580000675,51.90121504821717,51.81800727821846,51.44378030316355,51.007874055642915,50.10507723629342,50.84111351940677,48.37095790175987,47.8212849222918,50.19639621944269,50.38063526997859,50.20775488193558,48.90141460064577,50.21718402288543,51.25351120514752,52.742317654381246,53.30797163218666,54.291836117307064,55.00808477235977,54.78981834502542,55.69772902608146,55.5874935870719,54.45881191690909,6.989700043360188,52.802869220008574,52.922316970025925,51.21428518367963,46.399842480415884,45.405421894382926,40.271456657743414,40.90786927949267,45.631130844720374,49.77526985390231,51.310409316000985,52.57248866706293,54.01567677524134,54.43715044375372,54.59454310003787,53.04162960017891,52.19898739044965,52.53323463972782,48.84931236663168,46.446551902884934,44.360035356698965,46.0147329767001,47.28069571159562,49.6144482535696,51.14277296561586,52.069876947564076,52.73003588294798,46.346183173874024,50.33496131869403,53.40436182448372,55.829832741625225,57.64000435576192,58.96914594047182,59.81376842293975,60.286350909158344,60.51867265245073,60.540155845993,59.87696646605086,59.03496404975881,57.8989433435908,55.98568379993303,52.80764976747544,46.30651575683241,28.65103974641128,46.9243268851415,52.51455705428966,55.725846872942704,57.82648169785389,59.31743068833061,60.10681493131443,60.75627608593591,60.84929646268206,60.42941535732346,12.041199826559248,58.725204610144175,57.51873157330352,55.58498570779595,52.39261930430363,52.20884414612197,53.82524924095863,56.304787262026366,58.65942129843536,60.31270276024414,61.42921057515615,62.39322006786625,62.961439435449584,63.130697902466146,63.074464014217135,62.47801477510172,61.6627880972556,60.59827624831955,58.65866430868353,55.94366027765147,51.430304220767944,42.32411578420845,44.24816324279354,52.29681842317675,56.261699015746096,58.61917758893104,60.24555444760634,23.891660843645326,12.30448921378274,9.030899869919436,17.16003343634799,12.30448921378274,12.30448921378274,12.041199826559248,23.05351369446624,15.314789170422552,17.24275869600789,12.041199826559248,54.33969739328581,56.875432293821206,58.923423026090106,60.70373344992427,61.904720506728886,62.615913805025045,63.19339286755365,63.33169277378418,63.19893740066985,62.852063563125625,61.97998274035377,60.72833835037247,58.98094118959344,56.55852703526885,52.49173889407112,48.6287643779377,50.01478424899006,54.698588190358436,57.238011640209336,59.28664642413389,60.89170073083395,61.7068435991012,62.47284965604126,62.421661033104805,62.476954253288646,61.720845623595565,35.87261849692534,60.29541637359615,58.245852788172535,55.85367092292703,53.1104357980709,50.67569245718495,52.0288319833564,54.12670503673791,56.58317680999601,58.53266135453093,59.81591211017034,60.63755436662973,61.08524771833792,61.212659476683555,61.02228173330267,60.570998591053154,59.609385931380636,58.27077706734033,56.36552082942099,53.654168446235964,49.21343065066323,44.73121863290729,45.66472847158815,51.34381133410293,54.39963935920905,56.690573423013475,57.79184365294804,22.85557309007774,16.020599913279625,20.5307844348342,13.979400086720377
13.010299956639813,15.314789170422552,14.62397997898956,6.989700043360188,12.30448921378274,13.010299956639813,6.989700043360188,19.86771734266245,19.54242509439325,3.0102999566398125,20.5307844348342,10.0,17.853298350107668,18.06179973983887,18.129133566428553,12.552725051033061,18.325089127062363,20.043213737826427,16.020599913279625,17.853298350107668,15.314789170422552,12.552725051033061,11.139433523068368,17.853298350107668,18.129133566428553,14.62397997898956,19.084850188786497,17.24275869600789,16.532125137753436,0.0,11.139433523068368,16.989700043360187,11.139433523068368,15.314789170422552,12.30448921378274,15.563025007672874,9.542425094393248,16.989700043360187,18.633228601204557,16.532125137753436,15.314789170422552,10.0,15.051499783199061,6.020599913279624,19.084850188786497,15.051499783199061,13.010299956639813,0.0,12.041199826559248,6.989700043360188,13.010299956639813,6.020599913279624,6.989700043360188,17.24275869600789,12.552725051033061,15.563025007672874,11.139433523068368,16.532125137753436,10.0,14.14973347970818,14.14973347970818,18.692317197309762,17.853298350107668,12.30448921378274,17.634279935629372,21.335389083702175,10.0,21.367205671564065,37.05607163404605,35.03109436671369,31.562461903973443,27.85329835010767,22.92256071356476,17.16003343634799,29.29418925714293,32.046625117482186,36.28695382714023,34.44825199509748,37.464785099300315,37.98097932062486,40.37784941753637,40.286525736331185,38.404197777364864,37.488080049586024,36.23352681537992,37.20076572768141,34.89677291663698,33.68472838440362,30.433622780211294,31.089031276673133,29.86771734266245,30.187004986662433,32.58397804095509,36.3558426631123,6.989700043360188,37.2468538823736,37.16003343634799,36.34074025487469,35.150786750759224,37.079957464229295,34.077307280263355,33.13234291694724,31.13943352306837,18.633228601204557,17.16003343634799,22.87801729930226,31.4674801363064,34.20450859106068,34.79431337197737,35.72057989926304,35.93507589331765,35.919545550467355,37.39730528564718,35.118833609788744,37.11047603867034,36.110857334148726,32.02488317060094,33.760291817281804,28.88179493918325,28.58537197569639,28.432327780980096,51.08135251971077,54.909762616172,57.72563729103062,60.31702876694504,62.00003235505021,63.35587267073791,64.4657972460503,65.09613764440545,65.41074895055164,65.28831631903225,64.99499168376187,64.23950825162314,63.02422930481566,61.095657237233816,57.99806993106495,52.377874577345985,34.959603948817055,51.53391029998826,57.73716981554625,60.889397643663514,63.032403488777,64.46405585115866,65.1682665672086,65.65103688261514,65.70906217666608,65.5319209467048,29.375178920173468,63.834069012499384,61.99933354974079,59.98725213760352,57.30812142475499,56.21983858466298,57.91714502989215,60.548768447081436,62.941557158794566,64.77298555436673,65.90228732812265,66.87119443419361,67.40183565307744,67.62060811354426,67.59634081701886,67.08682672752822,66.44355267840204,65.17360872114125,63.624600431634846,60.88633558329599,56.721505244984876,47.555699806288,48.43363607516661,56.79218876172545,61.122898897032016,63.50428678278554,65.20077870815891,65.73811748779737,66.02668445764625,20.827853703164504,19.030899869919434,19.084850188786497,15.68201724066995,20.043213737826427,16.901960800285135,13.979400086720377,16.901960800285135,15.563025007672874,16.020599913279625,10.0,24.232458739368077,18.06179973983887,18.633228601204557,12.041199826559248,23.443922736851107,20.969100130080562,16.127838567197355,22.30448921378274,16.532125137753436,9.542425094393248,21.335389083702175,17.16003343634799,20.374264979406238,10.0,11.139433523068368,21.64352855784437,21.958996524092335,13.979400086720377,18.129133566428553,30.61829307294699,32.14048679411941,29.29418925714293,37.6618969331016,21.613680022349747,36.617180576946595,21.613680022349747,38.32828129539354,28.898617212581886,32.19584526214255,25.899496013257078,22.30448921378274,24.487063199050798,27.81755374652469,24.668676203541096,29.24795995797912,9.030899869919436,22.85557309007774,23.673559210260187,24.653828514484182,24.62397997898956,15.68201724066995,12.30448921378274,18.129133566428553,21.367205671564065,20.374264979406238,21.13943352306837,13.979400086720377,16.532125137753436,18.06179973983887,18.692317197309762,12.30448921378274,13.979400086720377,16.901960800285135,24.377505628203878,0.0
11.139433523068368,0.0,9.030899869919436,11.139433523068368,49.130186837479606,52.62975249143196,54.849941552131405,56.529817938761354,57.985463746352075,58.788806869206084,59.24196555424065,59.453356174882124,59.43004545384352,59.41150530094782,58.63636866420143,57.684967660784764,57.06097894583033,55.36817174697636,52.921895926234995,47.523327599721725,40.20527012274563,41.62265614298022,48.35011654103995,52.13817807916978,54.80903367356193,56.533591840307594,57.32542520414789,58.30678469189793,58.421022669234034,57.78054247116917,19.030899869919434,56.18889707360418,55.685302550572466,53.60188084898986,49.12593997752106,48.07386178909412,47.161119036858345,49.13161921590438,52.65405139431168,54.71995401974822,56.09407633111179,56.85387890736706,57.5182778554683,57.48452400840421,57.130619173621994,55.63606846460168,54.0529853903925,52.979551889146194,49.05714948389766,44.55575688084891,43.42363454809173,47.396751706781544,49.756201917069525,52.442127761122066,54.6186603588651,56.227909713717025,56.799400256827866,9.030899869919436,9.030899869919436,17.24275869600789,9.030899869919436,14.62397997898956,14.14973347970818,17.634279935629372,11.139433523068368,6.989700043360188,16.532125137753436,18.633228601204557,45.61387637300133,47.06555638218465,49.670469382851635,50.695349027125616,51.19018216331861,51.497116496879315,51.98912640781824,52.14422590010804,52.13592125218739,50.98605658496943,52.308166386340844,51.96134716368754,50.471346241028925,50.69878904219485,50.90303914264958,50.89262020940336,50.73017783526189,51.10714257522636,52.380084459053165,52.7134432183733,53.33636670229217,53.58186207892527,53.82478122987804,54.10616978665179,54.150167752476804,54.35648507232635,22.14843848047698,53.514194199941805,51.43417663617376,49.73977131010485,48.70433169419862,42.344160375670356,36.39187559935754,39.77266212427293,45.984074586221965,48.81823865291317,51.51314678777961,53.25158393388665,54.304781879320444,54.86824211791988,55.27058627814347,55.57878779729261,55.32638466757617,54.23306507046785,53.56293621448165,52.117877629008916,49.83869748486738,46.676023618471014,46.21643572194573,46.63154180511586,48.01924825060218,48.31204071017892,49.807530758424654,48.628585713522824,52.588527006423035,55.48497517590425,57.49187304853726,58.84494027796363,59.76336220776418,60.39915548789295,60.67151976315482,60.622916054933484,60.25772685707587,59.6278638011918,58.443454384137404,56.68472580546399,54.190962173779916,50.60474971226361,45.61005923821899,46.4590346035838,51.19552797667117,54.72864643891717,56.907381665162035,58.31047738893212,59.29889752185504,59.84880455912311,59.89151582807074,59.6401860297817,59.01794946221937,25.514499979728754,56.09032771288867,53.08301836797739,49.3832454901273,48.58254393036713,52.33706654286382,56.00869479926787,58.53065164821597,60.44214309581098,61.700815044892394,62.63473207208618,63.24171500497059,63.60910026404728,63.527783472699795,63.2601473305713,62.677460257579654,61.61876876828287,60.22665869028252,58.25226127481883,55.31066141184856,50.43920017617463,42.676644317388586,48.796978520805254,54.265047550314655,57.14480646671306,59.04999393474153,60.357198380461966,20.681858617461618,19.138138523837167,9.542425094393248,10.0,16.532125137753436,20.253058652647702,13.979400086720377,10.0,14.14973347970818,21.64352855784437,17.16003343634799,55.83538819254352,58.30222218485127,60.05211409826316,61.49364777082493,62.48958756493532,63.221301518136066,63.532522662368606,63.536731579404695,63.31553820769825,62.81820522768575,61.73122139660358,60.37640803250603,58.56027654742924,55.89949601325707,52.20884414612197,48.12324990360251,51.44293927198531,55.067768887044195,58.02308404843316,59.717623015315425,61.06738096725279,62.06617850413324,62.53910789523245,62.82203475120025,62.38855946941272,61.462992380391405,39.2033207153959,59.96861768490674,58.03665335877868,55.62637783341772,52.924554465206356,52.01779353725061,52.62783209850764,54.72610197596045,57.309840384955244,58.97074801457417,59.89935901963009,60.8412208661435,61.30939749305594,61.49914043557782,61.15053725508447,60.38590360299458,59.39259596701543,58.35656333789575,55.91520933198544,52.825858635212064,48.03655097872487,43.69215857410143,47.54302457110144,51.712846231439585,54.77799671601905,56.61761589063068,57.69365508378431,20.863598306747484,17.634279935629372,13.010299956639813,18.129133566428553
13.010299956639813,17.16003343634799,20.170333392987803,14.14973347970818,50.27634965777544,52.948408364388904,54.89121410412665,56.54076382599467,58.001896951178324,58.812613704057256,59.37237967735399,59.55894027267916,59.50540581496483,59.48133127393441,58.63166366930277,57.77664567970858,56.809697184658965,54.927282695977,52.25955072896014,48.097751251335296,42.67289089431131,45.35395401405614,48.771697034840784,52.65958706467832,54.96122549267091,56.37873820172682,57.60232438011914,57.989239785145266,58.1390175433029,57.83421158841282,6.989700043360188,56.03357676870023,54.39498483710935,51.7206556808975,48.8736970441823,44.34888120867316,47.15944876980737,51.49840848152134,53.8313467741506,56.13716059037635,57.29414275295983,57.727008152733276,58.033102774414864,58.042028333380856,57.501850606864615,56.02165294972273,54.14040283589738,53.24605483160798,47.5940341103876,41.31907242774386,41.98492133677044,46.86296564621513,51.05268274991076,53.238252793241436,54.967747128539116,56.476176604645104,56.9419527720664,6.989700043360188,15.68201724066995,16.127838567197355,14.62397997898956,19.138138523837167,15.314789170422552,12.552725051033061,16.020599913279625,12.552725051033061,20.969100130080562,10.0,47.16545872727093,48.71129074655939,50.83291154375074,51.128194150081484,51.62779409708858,51.393563597417284,51.16185861778314,50.72797476713711,50.24001023576426,50.594119374386565,48.998205024270966,48.79239282004893,51.091227541580864,51.31952115522506,51.150277335990566,49.621988049055375,50.49035735842597,51.15344195871441,52.92256071356476,53.17405130851546,54.24335976852041,54.63004089485756,54.562764316683214,55.08236050101304,54.98113353117133,54.15982743884541,19.54242509439325,52.49917100780094,52.38512781627677,50.442966756071286,44.973720158037494,43.32458659189203,37.463227650899526,41.24243308946649,46.62616190820862,50.01097377441363,52.14581603315203,53.38623804200412,54.51728116448673,55.00834521759268,55.02116994038281,53.95733407976607,52.857485364916606,53.178127081508215,49.73741899787402,47.20655356551724,44.43810401121398,45.91120282237383,47.45590015265257,49.21816484310169,51.09403038927901,51.90376526254756,52.30982520184515,45.75741909831947,50.29026453958038,53.71040140462611,56.050463321847474,58.00566560918239,59.183957666392786,60.03269624624795,60.55027236737202,60.686028811224666,60.827584504026895,60.181177205910004,59.35367180744849,58.40271747460249,56.53446004919174,53.61427502531129,48.347131022431036,38.95035597452323,45.89111464400596,51.63235938370094,55.230176972834116,57.46831065608133,58.91118571314385,59.8050967744267,60.427329796217215,60.49759002644386,60.001676053242676,23.117538610557542,58.10063742302083,56.95605117659065,54.40487170955099,51.477906785497716,51.394036199444606,53.81115080709851,56.51112213700749,58.98247304509478,60.509772251229776,61.74372980219259,62.5761186595275,63.19893740066985,63.40658631089289,63.19599229371286,62.801340611271115,61.9348552522265,61.002178258439244,58.9611873752824,56.57753606953449,52.53381626465004,44.770199075162516,43.86481129682074,51.75453826250483,55.99011426597706,58.30201672718822,59.93898937429586,16.127838567197355,13.979400086720377,20.969100130080562,16.127838567197355,3.0102999566398125,19.49390006644913,6.989700043360188,14.62397997898956,19.084850188786497,15.563025007672874,13.979400086720377,54.69704225231061,56.96455994153141,59.07117252446235,60.724032158472,62.03988860216911,62.713438568188444,63.2701135975241,63.40253895833352,63.23562288137103,62.856952262347235,61.97944589711163,60.760466598903264,59.10822833196835,56.5488181780162,52.80122896302308,49.018831445352234,49.779886725918004,54.727988531055296,57.157660872379985,59.39588135245891,60.747243078012445,61.76093575286742,62.5728537241462,62.29233753049047,62.5479838286152,61.715840051004996,34.66719371681599,60.15806396238318,58.601612576821786,56.217006510017704,54.37638012076085,51.73317411372794,51.05636197042258,54.19493135439347,56.58631374609514,58.705115875948046,59.66590350168748,60.711194827116834,61.13352644338897,61.33044617215631,61.15337535883526,60.61003627050361,59.48620770958477,58.41200492083257,56.085452875855424,53.38623804200412,48.99607131572353,44.65932807742469,46.02515761296579,51.11736214372061,54.28937820050965,56.69146663293979,57.692125879146914,14.62397997898956,10.0,23.117538610557542,23.05351369446624
16.532125137753436,14.62397997898956,14.14973347970818,13.010299956639813,49.66695398571695,53.01572524756275,54.960782053644465,56.7406343689057,57.92944012886689,58.85626352772021,59.38352079169636,59.72167648914414,59.65965631709964,59.40765435631217,58.91905810598245,58.003850459551956,56.82262437401948,55.02772506205677,52.39799818447099,49.160326101885694,44.3407365378505,44.78306706922567,48.35830030538184,52.199118263140804,54.447004291341415,56.20187084181005,57.361199001100545,57.730092841474196,57.9855673378269,58.13664370440754,6.020599913279624,56.59559685219973,54.49732884432593,52.08924831080264,49.9153174686426,43.745467279389594,45.509251117355404,50.718415203401705,53.26192438127772,55.610882591669515,56.7739248968535,57.62277087113689,57.84247021803579,57.893529298467065,57.51356869613883,56.6651798055488,55.48512256341035,53.855222661296345,50.35173488897678,45.52862814292621,39.005855866499616,43.62859302958681,49.86771734266245,52.54427221540668,54.206685290893276,55.5129015795239,56.372424915544116,13.010299956639813,17.24275869600789,15.314789170422552,15.314789170422552,14.62397997898956,18.325089127062363,3.0102999566398125,17.853298350107668,18.633228601204557,3.0102999566398125,10.0,46.68991270164384,48.59738566197147,50.29294474311634,50.79749076619894,51.23606668986216,51.300280462780435,51.14454182959507,50.737953071064425,49.91638016861687,50.84579852359802,48.54330337316284,48.39760780961321,50.84737097962795,50.70543940520014,50.58919260718884,48.81436015761719,50.008893923718745,50.4847676323753,51.862243648045514,52.375940007992476,53.19072730876485,54.05735564969867,54.198318825911464,55.09584211002955,55.16120050658482,54.47111497297647,18.573324964312683,53.33819942767131,53.64171877505945,52.50480994441836,48.58711602157976,47.82336437879265,42.52755971088574,32.87129620719111,41.79235721198481,47.59796225820178,50.28868000511985,52.165617350479266,53.57784341696185,54.360608224790155,54.910043045882595,54.03472277376003,53.55949322787795,53.909951273963195,51.3640344813399,49.223309373877946,46.84495272544229,46.2131132843788,45.47257673431296,46.61973505565725,48.80562085821845,50.509092494147076,51.13742862429349,49.759737638547605,53.17009729025597,55.42860268671832,57.37279333865939,58.78589002542043,59.72205153375463,60.235956430548185,60.4455896613165,60.289557664862585,60.14228951173151,59.04361150551776,57.82005111891456,56.390290439260866,53.366398186416895,48.96200925970138,35.30071568837378,44.971647120327354,51.648404196356495,54.987873265646485,57.27288251541581,58.82525107147799,59.81098866535446,60.22364438992171,60.66105926521299,60.39576701286025,59.5892015474275,18.129133566428553,56.95524578463044,55.44097823522332,53.008497260454575,50.8790203841354,53.250228002704524,55.988386374894304,58.19318175347141,60.06948418767059,61.409785356565216,62.220965741842214,62.85489346729999,63.25251435080374,63.18794547015425,62.87470510081284,62.02124436220872,61.04230965930802,59.599953145282456,57.19240108724206,53.721199819383344,47.43007762670625,39.317120670567554,49.67290505554557,54.7860256506622,57.762368653426286,59.53029134388433,60.815593617055,12.30448921378274,9.542425094393248,18.633228601204557,6.989700043360188,12.041199826559248,19.294189257142925,9.542425094393248,19.54242509439325,14.62397997898956,22.278867046136735,16.020599913279625,55.61828575688301,57.959870143229296,59.889600703903376,61.37513935248508,62.25239220238849,62.9193909800309,63.248111082063765,63.26907646855226,63.01931739931191,62.44648401377893,61.549705296710016,60.11520541267036,57.97519593976135,55.01367406054805,50.58657535846219,48.23663295217094,51.64216001716105,55.72790309529182,58.05632689680276,59.828648153902925,61.27040621752077,61.939359150638964,62.44925232880157,62.5712852024011,62.774985066672635,62.08650390967659,21.13943352306837,60.875777057976705,58.428213431582336,56.90483151276918,52.35389551463753,50.015606526425735,52.175944778328905,54.847680553364754,56.89106318769287,58.88651174765289,59.98721729177245,60.81888937740662,61.153724996807206,61.29286661741926,61.130584951817426,60.46620010929238,59.62914584574602,58.08565423270163,56.07734811736385,53.31510300587078,49.1178062734744,44.66956545273078,46.53289714821126,51.38927632375503,54.52393716094267,56.75672962085498,57.819914805180076,15.314789170422552,25.118833609788744,15.68201724066995,20.681858617461618
16.532125137753436,11.139433523068368,18.325089127062363,18.129133566428553,49.85022082109535,53.01040852890314,54.71316652931197,56.5822228847874,57.97063159617391,58.90468525894797,59.366996852582275,59.546944230445895,59.52404939577025,59.60513586490487,58.613252778880984,57.81647684984131,57.29907154921163,55.71038826438266,53.27845072019777,48.10481191304886,42.55393125707304,44.09933123331294,48.20201459485641,52.14048679411942,54.57986296446904,56.196035356290324,57.163014011979726,58.120659903510386,58.2427491392805,57.641589396695025,20.644579892269185,55.869438198293764,55.27665983186911,53.212296310110005,48.114811666785464,46.14739070319703,46.278265379179295,49.74179973266297,52.99834040645858,55.434484226964656,56.77078361200935,57.454971640307654,57.958612554171964,58.056381251726506,57.84677904217489,56.21015209697158,54.98150593668466,54.32757701067496,49.90374378445705,45.2172633728741,43.23746975715011,45.49346636005761,48.40914935989713,51.38861394088529,53.7101241688384,55.83721200498609,56.44021821380778,13.979400086720377,3.0102999566398125,15.68201724066995,13.010299956639813,13.979400086720377,14.14973347970818,10.0,18.325089127062363,16.127838567197355,0.0,14.14973347970818,46.82226329694177,48.33281014676562,50.65452731313074,51.268519264801135,51.46977181342489,51.39148353730498,51.45187079718796,51.23449814369938,51.240932113008235,49.835090162925624,50.333674544048876,50.07547222459802,49.854534201642224,50.172086920495495,50.53973013683716,48.91882971772194,49.66845423654917,50.172713008774615,52.57145577356433,52.91752795947377,53.69084064302847,54.3414078528976,54.33028581645536,55.01412582104962,55.03895500109884,55.195970084061436,17.853298350107668,54.24994277357812,53.26192438127772,52.02646312658311,49.66845423654917,46.40382044709568,42.117877629008916,37.463227650899526,43.05351369446623,47.16337287889549,50.15715932006951,52.08658986635024,53.48890667959523,54.12710803660155,54.788910130515205,54.529527059604916,54.141775262908496,53.54686473059998,52.09689233552411,50.03482073960254,47.77832650929498,44.65159697646179,46.48759963250481,47.811016465542224,49.32113394313458,49.854668925779,50.698530211136244,49.42826237142525,52.97856767218264,55.602809379872795,57.4530671788266,58.84487794954833,59.68716377466785,60.2820715482937,60.51585057308418,60.432305941210345,59.99214955056529,59.26196285027348,57.90691816717609,56.12907771855569,53.16867379944639,48.342680697242784,36.04334073102911,44.950584330166876,51.42380079249052,55.17566672001868,57.34963758810029,58.83275223939279,59.85430516101769,60.262246955370095,60.50514703035448,60.32935301738771,59.6785954559898,20.374264979406238,57.1390364034594,55.219183275975055,52.91284470116253,50.965102781784765,53.3976934376873,56.2268330489252,58.38623702661202,60.24325548537449,61.362568609066756,62.218003665160836,62.84776227108688,63.21064813172135,63.19973572961996,62.8476901334902,62.1578027827945,61.08175878525592,59.4508680941386,57.197637085033186,53.707757703313504,47.826589151715595,39.00694774452398,50.250476701108724,54.9216369717264,57.82495556602764,59.536828742362395,60.78813749856165,21.13943352306837,18.692317197309762,17.24275869600789,22.14843848047698,22.04119982655925,13.979400086720377,18.633228601204557,6.989700043360188,9.030899869919436,22.671717284030137,13.010299956639813,55.69908546916047,58.148366908252285,59.671631181756055,61.18454213107033,62.181740554468576,62.96126374864696,63.27420242220971,63.34157083012751,63.028979989003886,62.39606005360379,61.422721156614045,60.02819820039836,58.26881063727356,55.593128030955455,51.58618770846542,48.02397401718786,51.76467484599134,55.574169651462725,57.88418690268797,59.92423607684198,61.345117871081996,62.00522465494036,61.97925592129892,62.57734717598581,62.52912469453088,62.05128545326044,28.129133566428557,59.373297907445426,58.479703746210355,56.471373873702575,53.82515924274455,50.43794392325779,52.17062605852551,54.74602293929699,57.34410149452586,58.8823174095245,59.90854550726178,60.83864381185549,61.350130050619505,61.45851239862591,61.430725981914776,60.43926690444665,59.390822423936726,58.357824927126046,55.741019072182524,52.693494692947205,48.14913181275074,43.64888544517052,46.99560243559649,51.471319559618735,54.56270356323834,56.81395022773371,57.88697830953113,13.979400086720377,19.49390006644913,16.989700043360187,9.030899869919436
15.051499783199061,17.853298350107668,18.633228601204557,6.020599913279624,49.023564959964965,52.327420627207374,55.458808474154814,56.9197657787646,58.140343927419224,58.85404760394572,59.42707324297204,59.76390333954506,59.78294669778629,59.2449534551516,59.04367645880856,58.17171880522645,56.028117554900305,54.30856791471829,51.42905431758443,48.83803338269372,43.16494539222311,42.78982116865443,50.005425290922936,52.99448459034834,55.18251968148475,56.57970351502812,57.40504798980765,57.871947155206854,57.84930955316871,57.97417820891525,21.5836249209525,56.29169957403807,53.82357496883379,51.34957625662232,48.68056361823042,46.02981887933407,48.96774157509428,51.499730829633805,54.43358443502275,55.40682273943471,56.781184984010665,57.54235924528945,57.70399078748171,57.465049809991974,56.88152755591566,56.527074735361104,55.14878328117689,51.58368523921166,50.408119216630396,46.70412857299179,43.9079385015567,48.19043550710056,51.93714392752589,54.134959068646246,55.34777217367319,55.58866903191428,56.33298744580489,6.020599913279624,18.129133566428553,15.563025007672874,18.129133566428553,17.634279935629372,13.979400086720377,16.989700043360187,13.979400086720377,16.989700043360187,15.68201724066995,15.68201724066995,49.36614261975212,50.26439286594144,50.17200343523835,50.845405320614844,51.2853173418175,51.49419273198683,51.26043694957068,50.65908205378843,50.73564395903303,50.07530149625847,50.34588353713624,50.26753828467797,48.68979286074608,48.63667779005753,48.926399122372814,51.629286548775475,51.99365672989796,52.80965148097093,51.90718188329241,53.214596494462725,53.45226653349836,54.176261184670324,54.954458122876815,54.74549872274602,54.766418186037086,54.82669245706721,13.979400086720377,53.32666657052563,51.41437230418419,49.134853591830954,47.60610938397704,39.57942335445404,32.34010817587179,42.57198426139344,47.24275869600789,50.29225454579767,51.889622140612005,53.40580925796836,54.07548955499655,54.46109807438055,54.54992647368034,54.72021768216662,53.98309870032044,52.16770062019155,51.33465455298027,49.76964069037476,47.711463488149846,46.06220087217348,46.247872752921076,48.94830928121998,50.407605242286984,51.404640457101536,52.08446731337013,46.18027166353193,50.335885952532145,53.660510793376744,56.06386740009051,57.91741161757233,59.22963035618584,60.14239038162409,60.632331255824,60.786253554086215,60.650274400407895,60.235475149684646,59.430877308504286,57.94690159172349,55.91850080656275,52.987483093260764,48.367037990897316,39.34750874663579,46.14781248141078,51.962674021811104,55.29672844744857,57.37555993554806,58.874755126729674,59.74421877062565,60.19216436765706,60.366967485740645,60.02038563568384,9.542425094393248,58.222020890499735,56.44837248309349,53.962446927465244,51.81809300184825,50.86946799326456,53.582471219634094,56.638224354788676,58.75737656725121,60.65170620599572,61.87044427881798,62.57379984769841,63.02345866772082,63.2214008046889,63.064020790384305,62.70356663448494,61.931802735653456,60.76919933066557,58.869039543033594,56.509259764973194,52.233012046246714,45.17591730711907,43.107357840545,51.59353602573613,55.68137161980492,58.359352290917414,60.014611118110956,13.010299956639813,20.0,15.051499783199061,17.853298350107668,18.06179973983887,3.0102999566398125,19.294189257142925,21.958996524092335,16.532125137753436,14.14973347970818,16.020599913279625,53.873560070090406,56.53807571912723,59.17699244646084,60.74897223603307,62.01240859453734,62.77081323210116,63.19342825850005,63.491237969358764,63.41170306119349,62.836232110572595,62.253684761655926,61.06649436046582,58.89102161401028,56.581278292389186,53.06038816336348,48.73553093513618,49.550572532517194,53.28664961441525,57.138709091673704,59.339228823205545,61.137913226314254,61.753334782845684,62.39581991524075,62.57098728740013,62.65776225092775,61.64646946079892,38.2020145948564,60.605803761358885,59.53191210475584,56.49876901534778,53.89609016051986,51.47020523796218,51.4109843289726,54.357074333823334,56.793161286303196,58.79216340785871,59.96046482840263,60.864812025808,61.23487399282539,61.3372312511528,61.26674828514021,61.015040896887314,59.94370831142254,58.11381943194863,56.73583005283898,54.10718199047149,49.664421136661694,42.491494200445175,47.82142836505499,52.20244110790971,54.88652228021303,56.23957027031575,57.7285104720069,6.989700043360188,16.020599913279625,20.5307844348342,19.294189257142925
21.072099696478684,20.253058652647702,6.020599913279624,13.010299956639813,48.43363607516661,52.45455909712922,55.27079273786779,56.79850174374495,58.025301785346024,58.81239106637111,59.29473081414162,59.588432897723095,59.697871406680036,59.13617316148341,58.83704578606167,57.88893475804443,56.236058858549434,54.23521113013485,51.845352838188774,48.15345265515724,42.39799818447098,42.54620574310027,50.09161836563139,52.862048923340126,55.031094366713695,56.41014784710067,57.15403268799256,57.725871907680755,57.7161246495513,57.51107354301044,11.139433523068368,55.53679175812117,53.85743867746508,51.12889746369673,46.8686854574798,46.52864939141423,49.72151905336013,51.857630704095754,54.65674266390139,55.62181004349764,56.91982756655776,57.755645770971924,57.97719608967946,57.80827650296412,57.270375412711374,56.60551496685792,55.33365272749636,52.32757309772524,50.62062776687373,47.04304981475667,44.46987382130324,48.07298198602203,50.800850850458694,53.41652111943532,55.00479359244189,55.54506119568757,56.20549323291659,6.989700043360188,14.62397997898956,18.129133566428553,21.335389083702175,16.989700043360187,6.989700043360188,13.010299956639813,14.14973347970818,18.692317197309762,14.62397997898956,10.0,49.88367182893339,50.616409340616855,50.50209563013909,51.37255972521254,51.509773674219986,51.779662531954145,51.43795203845767,50.93652780406903,50.64940686295642,49.58516103423041,50.05819467911864,49.76886210168162,47.1962955479179,47.18833718303862,48.16903839375661,50.81365313006428,51.261476483375795,52.12254208879497,52.02166700205633,53.465485585484736,53.65152774902046,54.31024238380029,55.04294118294733,54.78792962230298,54.95723291049507,55.42648686655905,17.853298350107668,54.12137856820057,51.344130037903575,49.646649711142814,48.28305357252508,41.518293401318715,35.98243191653623,42.04798038190855,46.69818772505095,49.249870226955565,51.342663806730414,52.76319313827634,53.296663063271154,53.776941010043366,53.71141778446181,54.0776809238926,53.543178492650696,51.11107861156076,50.702928242594396,48.701755772792914,46.41404697163313,45.02208552047306,47.504312486602025,49.66892295867137,51.46267607903087,51.99988164184678,52.2533513181854,46.45667841581761,50.38318077217998,53.59442732936202,55.86598555678398,57.6614876933906,58.985167579698235,59.87303754799598,60.42934454337323,60.534226679644725,60.30452773625263,59.91223416738548,58.93996871919416,57.420059476369225,55.258478330590215,51.83284082612722,46.200631457036636,32.22456336679247,46.96408815486136,53.051900915533665,55.89020848758367,57.85319155506955,59.17337956147209,60.15045239174416,60.534080746971995,60.59946806002981,60.47992904256486,19.294189257142925,58.812019978196005,56.98442450545006,54.968037674181204,52.91779415420275,51.61658433134395,53.727960529491405,56.33889416144366,58.438012879887324,60.23354537713641,61.496008775475815,62.303531105571544,62.661394640164644,62.937436383474335,62.85525129519808,62.40196927529804,61.59514858196854,60.36541069583503,58.537523431488545,55.93119851103941,51.54314396563775,43.77670439334323,44.601458174917504,52.03495235193291,56.11085733414873,58.524067917687894,60.1994211886662,6.020599913279624,25.289167002776548,18.325089127062363,21.84691430817599,21.335389083702175,16.020599913279625,20.043213737826427,20.681858617461618,15.051499783199061,18.633228601204557,16.020599913279625,53.92846381116516,56.55526436152286,58.88013722475887,60.527931759157866,61.88119577742186,62.63401699345441,63.14210514609299,63.40494283861882,63.32470980284782,62.64549610568346,62.136648875101415,60.92511866547423,58.956357731647856,56.49568496921975,52.81253869191734,48.01335095674546,48.59666577720273,53.9933099541825,57.182001522857185,59.488455775101045,60.842530282729214,61.678352248311185,62.335950743467066,63.01971393641917,62.463786654820765,62.64871870426958,35.81152891966289,60.19415829538004,58.40921826614708,55.86193335698542,54.426490638757116,51.35174010786539,51.13147530626868,54.56403994274289,56.587371593492854,58.504213729254595,59.88249400616578,60.794392127222764,61.19666558752489,61.5345661415705,61.16831474179534,60.909310228598706,59.94841773180052,58.24126485032225,56.63802657083246,53.80914590832364,49.60798871744882,42.060969447065666,47.44949796767004,52.16854419198218,54.82394738632734,56.4639784409093,57.800644402554575,22.30448921378274,20.0,24.232458739368077,6.989700043360188
16.989700043360187,10.0,3.0102999566398125,19.030899869919434,48.261396179359146,52.21333370680664,55.155837758534375,56.70528794683249,58.01335095674546,58.70683004887843,59.29986713764302,59.62877215228153,59.7758872448031,59.142082456760974,59.097998502975166,58.138877549487056,56.330986428686394,54.6199796328003,52.284234588589584,49.52351630801023,44.36258085890037,40.58805486675907,48.60511689629458,51.80426965753027,54.42730552661371,56.15244934026375,56.881037755967334,57.521322239838156,57.85308475740523,58.075275868223926,18.692317197309762,56.74714208660997,54.96172430746077,52.8654852862298,50.26239004906745,47.330125904856374,46.97159570973576,49.62321972729584,52.899566540745184,54.18181926815868,55.718776266157796,56.87259561590232,57.460890430562,57.44738786406434,57.24617434868583,56.889623510950045,55.98042701776136,53.31589240955137,52.41426933553016,49.10336202378744,44.74055924437892,44.65055519951821,48.452221064290136,52.08293520657507,53.91832779917444,54.65932807742469,55.76595862035211,15.051499783199061,17.634279935629372,3.0102999566398125,19.030899869919434,16.127838567197355,16.901960800285135,10.0,10.0,3.0102999566398125,18.325089127062363,16.989700043360187,48.026711239255334,48.74046725512229,48.242690558542876,49.453356174882124,50.15099771643009,51.04230965930802,51.28425118810484,51.08987612539072,51.136893828267944,50.835921927875624,51.01533997492346,50.74073703362778,49.207336238909036,48.94415761707619,48.6287643779377,51.06343910647023,50.94436188017956,51.57305630327966,50.283271984675686,51.671784564865256,52.00623446041461,52.931967618169324,53.99677181981051,54.10058155104474,54.613694498098724,55.19946063837529,17.634279935629372,54.78929938856221,53.174783139230186,52.299197817616545,51.53793530056501,48.35087847232494,44.0334361913045,36.983615660551095,36.43945912748067,43.96286546068402,47.611758131557316,50.62393937253195,52.285158471977425,53.52770829754522,54.31352504526461,55.031871527486885,55.05406407778907,54.03897436122588,53.948227739709424,52.83439185765677,51.13224501449956,48.959140262193884,44.56016634817745,44.388428493591505,45.83754043639778,48.40269238037621,49.04223101838281,52.34340087615185,55.0836943810107,56.96849823367914,58.506927861163824,59.403969378890345,60.068424102946054,60.34513752446887,60.26602304912463,59.86771734266245,58.951848898969786,57.8908762091304,55.99565419012411,52.9173283027191,48.60338006570994,40.347086513410694,44.7111561002987,51.10704160429621,54.37270037122999,56.75015365936141,58.31307834221597,59.23093181348261,59.87935158290014,60.03813683600253,59.83556379478966,59.29309060861847,58.43513078608807,18.325089127062363,54.86982737191759,52.165696480243994,50.449237138967156,52.52632188258951,55.17338439309346,57.702774797561716,59.717623015315425,61.089463859748605,62.2098964770275,62.8305256917904,63.18797048338328,63.175640269824164,62.97203995202021,62.51727016684141,61.60237065823014,60.29873807415903,58.344798349220554,55.479321547292805,50.816245051850835,42.73140224066812,45.893798442419175,52.79963367458737,56.236224165130125,58.59515963228688,60.134683902444046,61.16935001665148,11.139433523068368,6.989700043360188,9.030899869919436,16.127838567197355,18.692317197309762,21.13943352306837,10.0,15.051499783199061,0.0,22.671717284030137,19.49390006644913,56.55335360000505,58.85824672496936,60.687308005667234,61.87798411301849,62.735598207785415,63.195243219173506,63.39181240015034,63.36457332213418,63.091421636165386,62.13618682212253,61.32759672988698,59.832924330659296,57.31585542210165,53.91647753670259,49.78696249254409,47.78794976552835,52.31726930502759,56.174071704600514,58.551949795510396,60.42782176409374,61.321959498967175,62.12765391070339,62.64326840019939,62.86584224253616,62.24883567953906,62.05462589493255,35.91509808994654,60.116960198523415,57.748102891409125,55.03073982613478,53.311862923975816,51.231261226969124,52.903418495244104,55.49770573460573,57.63848606193555,59.323139189539695,60.34510142383119,61.09211586863441,61.26160640760772,61.42550888531127,61.15573902933673,60.75062763437994,59.865298947580435,57.942265547404396,56.28091464213949,53.32680789215245,48.68297569539269,40.46300019652969,48.186217263758884,52.481523452389204,55.31934687010872,56.772500642253654,57.98491121675089,22.671717284030137,13.979400086720377,20.0,13.979400086720377
6.989700043360188,20.0,16.127838567197355,6.989700043360188,49.53590578646046,52.77382267662689,54.56403994274289,56.47211761745139,57.63728152032597,58.70116426607309,59.10727364225594,59.48714617407632,59.33223999279318,59.41428441663643,58.504556918607456,57.73084719432105,57.22260334443966,55.56102196571392,53.29316505090259,48.92539804658635,44.44747222225778,44.07373906311004,47.33758835587203,51.52563514256539,53.91065728887514,55.79460041018967,56.967162583583615,57.79395168588168,58.06734024468598,57.76313195925579,21.958996524092335,56.35316833067865,55.41640390301646,53.49287243119501,49.99413306342048,46.75897435644324,44.59181321056683,48.90493674605486,51.652354204738806,54.93625323233193,56.29951619095781,57.00885356129951,57.491989108509536,57.78295991088834,57.647692380861386,56.51219845663316,55.29597161225425,54.59448278952688,50.59112608213705,45.82813067170428,40.20734085411515,41.577890862820496,46.79618653543475,50.49132706445975,53.124143335960134,55.4024185611511,56.27268539143364,10.0,23.673559210260187,14.14973347970818,11.139433523068368,11.139433523068368,13.979400086720377,11.139433523068368,12.552725051033061,9.542425094393248,6.989700043360188,15.68201724066995,44.99302094133328,46.78964280652131,49.60946195733832,50.32812095687821,50.863740696046655,51.04230965930802,51.125111623425276,51.199187053477814,51.253283410969345,50.9903458793704,50.466395149680565,50.119804405108425,50.95894314299819,51.04002014891893,51.381447441794876,48.4612052954609,48.879828089362604,49.16022071490407,52.10297112300132,51.72955943830425,53.21279375050522,53.70574149293699,53.81021169047272,54.79547958981766,54.98420836797279,54.89879765201367,3.0102999566398125,54.189257620645996,54.23275372182819,53.21805483857539,50.61241312384646,49.29648785482493,46.158238460618946,39.925093350677756,39.13813852383717,44.05551248282309,48.38219221907626,50.90638907853215,52.72537777375238,54.02862957968563,54.905118872813915,54.52873112984221,54.571670683673325,54.68051791454238,53.308377137798004,51.97716012938059,50.07474658279827,47.64460087566783,47.5106344325651,46.725134728685084,47.10633470867923,48.13087039701321,49.13527759366859,52.30024638406412,55.02351999662505,57.002362963352894,58.54400786625345,59.50972052481602,60.04494197195042,60.24827468230526,60.15883443501011,59.806091421514466,59.15577105159529,57.74467329237049,55.968663846481576,53.65265164622425,49.464227870116424,42.25567713439471,44.3412160591869,50.99224703360698,54.33969739328581,56.82005104454702,58.279227749077336,59.373021957058405,59.839801628160686,59.908718483209505,59.97561552373596,59.45126726842897,58.23787773085552,20.863598306747484,54.518232645900966,52.66149347025585,51.38343756794556,52.11488974346696,55.597785909872925,58.061697950876834,59.80970928840914,61.35191507812713,62.15193261544117,62.79776644292152,63.179432609964394,63.32364522561514,63.15446778569498,62.598864155095825,61.58721842705667,60.307911255319546,58.3838118543568,55.51797538448802,50.93981703914113,41.714631650838434,45.81209852354842,53.04753265379709,56.41761561928513,58.71421723376624,60.02470609288133,61.033264187657885,10.0,22.50420002308894,23.26335860928751,19.138138523837167,19.030899869919434,3.0102999566398125,17.16003343634799,19.138138523837167,18.573324964312683,13.979400086720377,15.314789170422552,57.11092374186325,59.13880050765356,60.51282598290684,61.840619574863354,62.604017556262015,63.21130125835665,63.32661811633778,63.26627477784537,62.88937914863189,62.2019310725177,61.03451012722455,59.449487949703546,57.55253446396318,54.32497881695936,49.89472065789536,48.73541471884163,53.19541177220994,56.49313435586002,58.617117961701794,60.300083876550595,61.486103659322715,62.150455892292655,62.49822802957809,62.883896441330485,62.24674178909322,62.232064013427916,35.80354661106591,59.94829027972606,57.3164435776809,55.40291926094344,53.171541237990276,50.07926919518684,52.866562800779626,55.24210419892881,57.514215353751304,59.17359494844988,60.28868000511985,61.12493062451561,61.49219420665542,61.650145018745775,61.410262474242444,60.53061916918778,59.59059050089405,58.24383599407277,55.80871397985984,52.37968274600951,47.47605992768668,43.23313990462066,46.85069629391148,51.81125837830241,54.878309964839964,57.03715145916293,58.03525395576532,16.020599913279625,14.62397997898956,13.010299956639813,13.010299956639813
13.010299956639813,16.127838567197355,15.563025007672874,6.989700043360188,49.83617267415464,52.789752631372664,55.11383300469667,56.93834190594334,57.83927150537505,58.854319002305296,59.43296614566655,59.6616145160838,59.68778915103169,59.11294536454777,58.93065112199136,57.99815256423855,56.01288433662401,54.08607941807011,51.087442516014406,48.81692719652417,44.295908022233014,45.04525230857272,49.73072408211802,53.04544380397018,55.073984077731204,56.39480512697895,57.47407146382173,57.59792450446206,57.667131798358085,57.980509189723186,19.294189257142925,56.41740752869176,53.16534352090536,50.53662234660941,49.24320645471646,43.909527609917944,48.19023786844214,52.08884562077601,54.112913360249564,55.90891968500686,56.99777041760007,57.59345214021893,57.54930572704826,57.37296033844829,56.946350282371895,56.335906468356,54.94157377948507,52.016046620237226,49.17111472493697,43.44726217939861,39.98477303036506,46.466879343360944,51.79281709310282,53.90684344411124,55.25731356850706,55.87671685963975,56.61177337370289,0.0,13.979400086720377,15.314789170422552,16.532125137753436,-inf,9.030899869919436,19.084850188786497,13.979400086720377,19.49390006644913,15.563025007672874,0.0,48.42259666617121,49.80185236947335,50.0527062355108,50.65523697210229,51.06843379001576,51.21448219772678,50.66676201932965,50.22630417527953,49.71818377830399,50.98885894252321,48.81960670704853,48.97808467561361,50.724263743279685,50.445907125321426,50.618180072045355,50.90187487575421,51.418885497058604,51.88253327026504,52.25136046404097,52.941398315445944,53.74141375754888,54.40784755343442,54.666318812224404,55.278102824785435,55.24075313847557,54.4542515610034,9.542425094393248,52.790392270610546,52.4615622972148,50.601877169177,45.43472031701512,42.54596409920988,34.50864692379766,41.96728722623287,46.94298013413429,50.62062776687373,52.16835967465376,53.39256611070184,54.56208079142249,55.0041762184441,55.23603412136569,53.977401872479106,53.432214424836445,53.00617219806582,50.21110705338327,48.270136781624764,46.46599751720373,46.88499909911576,46.77898817302649,48.07298198602203,50.29063011929346,52.07462015482776,52.343198320512705,46.27795841028035,50.69238769270994,53.51975937833653,56.12465963953142,57.84195629808028,59.268777807151245,60.086751023845736,60.54845841403552,60.6952935206768,60.705919315120404,60.09857378526226,59.261324525606575,58.22495638844071,56.28562613108777,53.312774441360446,47.952124281800394,39.83175072037813,46.43472416695818,51.784013415337554,55.201493315069825,57.37412915719854,58.859263398014306,59.56737348562403,60.28143660710385,60.32104796860835,59.91417920569339,16.020599913279625,58.054981395615854,56.651502349876196,54.34385248054853,51.4091637693907,51.44543074272788,54.04823457573998,56.60285715809108,58.87465383211227,60.64458363618552,61.81285790061544,62.61999948651827,63.16994031048373,63.32693911525979,63.27354233761794,62.706744116743636,61.91856055256294,60.907185630315716,58.947645281603094,56.335593449132936,52.35207657536418,45.25355831983467,43.702909819487274,51.2112960410808,55.42393406462894,58.21755827254223,59.92143771207366,12.041199826559248,15.563025007672874,12.30448921378274,20.374264979406238,6.020599913279624,15.314789170422552,18.06179973983887,19.294189257142925,13.979400086720377,23.443922736851107,21.702617153949575,54.18970450995875,56.63889298622661,59.03496404975881,60.7710397757761,61.94665555485868,62.67520197917399,63.23031286280438,63.42824020311659,63.31671202306856,62.87717549233485,62.15217604129711,61.02700169584811,59.06103284411182,56.52062524933568,52.584576861337844,49.84729786881461,49.3677504479232,53.81189112128383,57.024736190785546,59.46519565617201,60.986828278626525,61.745612983672544,62.508223921823536,62.77211635736898,62.82127501358445,62.043123867718286,40.90786927949267,60.098595012616904,58.478224300106035,57.23541865599623,54.80071650890241,50.32296344739473,51.193119875254105,54.15914412599315,56.83941735755495,58.57338528257185,59.97699540222919,60.88109498428479,61.28953416019647,61.444748844681314,61.28543040337618,60.95582519462127,60.15200428983543,58.33901529212103,56.785739141965294,53.994141053637705,49.67590093253491,43.75334339665416,46.257341909969014,51.66290951531501,54.651477928886855,56.68614187478293,57.83266671056716,18.573324964312683,16.989700043360187,6.020599913279624,0.0
16.989700043360187,19.49390006644913,9.030899869919436,16.532125137753436,48.91453824238682,52.20620566988209,55.41120996308398,56.83338872554767,58.10614206666936,58.734089633227654,59.36387054778817,59.75676690735585,59.73831856182636,59.133750993283925,59.141680286672894,58.2656715605504,56.06692999314062,54.37446133005782,51.393059431895665,49.28856533581911,43.7602918172818,42.21283799492686,49.37517892017347,52.59077578668332,54.77827133117984,56.29826362550148,57.55480001594722,57.779898075978934,57.88392533721055,58.33983009397969,20.5307844348342,56.80495964195935,54.23122943007486,51.74713811084145,50.329449634804185,45.486227810298686,47.754283920481704,50.85575969718504,53.67745306699818,54.929739926165354,56.38980181415399,57.18532412246729,57.45382438032911,57.2438074315182,56.71167286673378,56.89441170005304,55.313383872700086,52.208400158341774,50.95113534899609,46.9369178195477,41.82329040616706,45.96663059398742,51.00553186132588,53.593990721808865,55.09605704611556,55.49346636005761,56.31072227466036,14.62397997898956,15.314789170422552,15.314789170422552,9.542425094393248,16.127838567197355,13.979400086720377,14.62397997898956,13.979400086720377,14.62397997898956,0.0,20.253058652647702,47.85820808516618,49.021171643370224,48.86558402156008,49.88670414464728,50.76079466681739,51.31236804915504,51.24598768146196,50.82860737199017,50.65243501186464,51.41427822944146,50.696126042929244,50.840755677786746,50.636485490995014,50.59658066366697,50.26876315607315,51.689598169485706,51.79106353519594,52.225916260484375,50.99680641109251,52.117237540848635,52.58016760962682,53.578738891111115,54.48454325100408,54.60923388739432,54.7778377203573,54.79916335650564,13.979400086720377,53.732651836471234,52.96774846740312,51.33385600908991,49.15684698050264,45.57759765131784,37.90847903965432,35.76341350205793,43.27358934386331,48.65299452032231,51.09328764196485,52.88000922432807,53.87482371039476,54.68951082128075,54.97483918708945,55.22071075575239,54.75778659278944,53.96872069457656,52.81190230639298,51.393059431895665,49.34750874663579,47.37709352440768,43.87710089398606,45.902844037181616,47.9945772421948,49.961262399371066,50.702928242594396,49.85808054395032,53.18624631777532,55.629075805674766,57.34935775274194,58.91118013273499,59.84617763189356,60.463296872963554,60.667119589650156,60.56844274460511,60.17711394833711,59.33184492223308,58.08359539712097,56.290750839440506,53.71396692720936,49.48339599027535,42.865687340572634,45.58768551816584,51.27635997958428,54.67396455685477,56.937709036306224,58.4809793638016,59.415760254081114,59.918372030456055,60.139867931197024,59.832044152682485,59.07713326933215,23.979400086720375,56.218251605479225,54.287582395175576,51.41449773400467,50.65747723943599,52.79160275844209,56.10687837836845,58.49090650709148,60.27810978914367,61.693481499009614,62.631892373374654,63.101546231299835,63.331142213082586,63.33093447424289,62.92373049216515,62.471716585565424,61.25687465956189,60.04278802237064,57.603991093064735,54.544545815857475,49.303835202629756,42.284516907144,48.46392787340689,54.1949478850594,57.20048440760836,59.2979174796269,60.498573606797315,16.127838567197355,6.020599913279624,16.989700043360187,15.68201724066995,12.30448921378274,20.374264979406238,20.170333392987803,17.16003343634799,19.912260756924947,19.294189257142925,19.49390006644913,55.1528555902067,57.64948355064136,60.07007396148998,61.33187818233721,62.417839826937744,63.019085527507016,63.35887168601697,63.456841940360896,63.238180677398844,62.52402732662691,61.93649054058547,60.5369485772063,58.09188554125478,55.50365348296342,51.03875527492745,48.46194798600194,50.63892289344325,55.17972708731935,58.03411362090146,59.92087163076725,61.24181970959491,62.111272185511496,62.46668916878026,62.82287824442926,61.874846221325456,61.60029212361003,39.64212472969819,59.66744631265051,57.32880058126243,55.878029763243006,53.56809558193979,49.81999714129878,51.96897106781019,54.263713537174006,57.14110041714832,58.957252310903144,60.286936349223055,61.09748924290466,61.31898588211062,61.35134242196139,61.079398528668804,60.997006637637,59.93712151301271,58.1188721033609,56.55570592549196,53.888415717653935,49.40516484932567,42.71027994262323,47.569402360467244,52.175102642940274,54.94991752269813,56.457935208369314,57.73195285344741,18.573324964312683,12.552725051033061,12.30448921378274,12.041199826559248
16.127838567197355,18.573324964312683,17.16003343634799,16.020599913279625,12.041199826559248,10.0,12.552725051033061,16.989700043360187,21.13943352306837,13.979400086720377,12.041199826559248,15.68201724066995,16.127838567197355,9.542425094393248,18.633228601204557,13.979400086720377,15.68201724066995,6.989700043360188,16.989700043360187,19.138138523837167,20.969100130080562,13.010299956639813,0.0,14.62397997898956,19.030899869919434,14.14973347970818,12.30448921378274,9.542425094393248,9.030899869919436,6.020599913279624,11.139433523068368,19.49390006644913,11.139433523068368,16.532125137753436,12.552725051033061,6.020599913279624,16.901960800285135,18.325089127062363,13.010299956639813,12.552725051033061,11.139433523068368,11.139433523068368,13.979400086720377,13.010299956639813,15.314789170422552,-inf,6.989700043360188,12.041199826559248,13.979400086720377,15.68201724066995,0.0,3.0102999566398125,14.14973347970818,6.989700043360188,10.0,14.14973347970818,16.989700043360187,19.294189257142925,11.139433523068368,10.0,-inf,17.853298350107668,9.030899869919436,16.989700043360187,15.051499783199061,3.0102999566398125,13.979400086720377,10.0,35.93839661081272,31.911714557285585,30.433622780211294,25.514499979728754,20.969100130080562,16.127838567197355,29.20123326290724,30.141003215196207,34.8572142648158,34.545399849648184,37.67897616018091,37.10963118995276,39.17663024327375,39.105176855172665,37.38780558484369,36.469915374771226,36.14158709509175,35.44811911757776,34.497868469857735,29.661417327390325,26.857417386022636,20.253058652647702,16.020599913279625,31.335389083702175,32.27886704613673,33.306166672944386,6.989700043360188,36.40779477344857,36.03144372620182,35.30711837981657,34.671639659690904,35.238764756381315,34.81299273332856,31.13943352306837,27.97959643737196,25.289167002776548,13.979400086720377,18.129133566428553,29.717395908877783,31.562461903973443,32.41795431295199,35.12284063281854,36.582976503081895,34.720246977002816,35.86587304671755,35.182506513085,35.056925074122,35.461723683169424,33.117538610557546,32.137832993353044,28.88179493918325,27.611758131557313,14.14973347970818,50.448923834743596,54.788910130515205,57.97257150886293,60.479213484291456,62.223358416277094,63.557012586313704,64.64260715013235,65.26939765346326,65.58158876272631,65.5241717732014,65.19571408715684,64.4723526684969,63.25108680827317,61.40706604088869,58.491939152715545,53.69225137107623,43.916583287224746,50.72929674211486,57.16374840554351,60.25313240014111,62.692029902090816,64.01367795121845,64.81079274492117,65.24320811897536,65.29597161225425,64.96211084952056,27.267272090265724,63.06053412781828,61.30172245254442,58.94799389406019,56.07227629298564,55.487885153415604,58.162214081859254,60.84933932086636,63.33700522298596,65.01617047628984,66.21957101705439,67.08043129151739,67.5870400171811,67.81382582854933,67.75923405842681,67.34881801934048,66.64981476148161,65.45616332913136,63.88971937931562,61.388001935495275,57.652638690078675,50.33974316954806,47.76998842390715,56.13022123685212,60.57121563538849,63.21639227792221,64.87897091105539,65.41119372228168,65.68042296995635,21.613680022349747,12.552725051033061,19.86771734266245,17.24275869600789,20.863598306747484,21.702617153949575,20.5307844348342,23.654879848908998,17.634279935629372,13.979400086720377,17.634279935629372,23.443922736851107,25.514499979728754,12.041199826559248,18.129133566428553,0.0,20.0,9.030899869919436,25.76341350205793,13.010299956639813,9.542425094393248,10.0,11.139433523068368,17.634279935629372,12.041199826559248,14.62397997898956,9.542425094393248,22.576785748691847,21.613680022349747,17.16003343634799,18.129133566428553,18.573324964312683,37.721015692770116,34.077307280263355,35.186455243303115,40.77186154085897,27.723217067229196,34.295908022233014,32.61262868792493,32.75311354541812,32.47727832909723,30.913151596972227,32.47727832909723,27.16837723299524,26.127838567197355,12.30448921378274,22.50420002308894,19.294189257142925,25.477747053878225,19.86771734266245,19.294189257142925,18.692317197309762,16.020599913279625,20.0,14.62397997898956,12.041199826559248,20.253058652647702,18.633228601204557,13.010299956639813,6.989700043360188,3.0102999566398125,19.49390006644913,22.278867046136735,14.62397997898956,16.020599913279625,3.0102999566398125
19.54242509439325,9.542425094393248,12.30448921378274,9.542425094393248,49.87688604602826,52.69496599494367,55.279146119199055,56.839947836392184,57.86058268937911,58.816413910114974,59.38283500810751,59.59444478650301,59.65119351361604,58.92157515154566,58.789908788420334,57.87977352738092,55.87581891924623,53.8385125660331,50.83907342711158,48.63947081446905,43.70883016777606,44.70263446965078,49.737280586880274,53.12655409767238,55.05958099463027,56.32413759320635,57.59336143654498,57.56721285500144,57.755849647660796,58.25080622134944,21.73186268412274,56.35549087133932,53.22359900659757,50.20527012274563,49.42940164741608,44.54173852177724,48.029720192279115,51.88129434358463,54.04575456906126,55.67737837704242,56.8386979607049,57.62382182272606,57.49130817905807,57.282774693705775,56.70091781123859,56.184257163687114,54.74204605007492,51.72091867626748,49.280372064068835,43.287872003545345,40.00043427276863,46.82190218984122,52.0137800401671,54.13195789250261,55.22528997430001,55.90802837887496,56.50478486856756,13.010299956639813,21.84691430817599,3.0102999566398125,18.129133566428553,10.0,16.989700043360187,6.989700043360188,16.020599913279625,15.314789170422552,0.0,14.14973347970818,48.694312146124815,49.53977026127774,50.06607218491803,50.818152006322805,51.1141375088078,51.22576275057186,50.90674155309419,50.31784017052821,49.98368334404169,51.21247880500199,49.04764218146842,49.28073084322642,50.876714109948644,50.51711919356772,50.51326205505846,50.821316422182036,51.409760243656486,52.222611335228095,52.119744014139606,52.84676576449037,53.47669510632038,54.34214298366669,54.60165386646226,55.124736002025045,55.1636215038279,54.31609794663338,15.051499783199061,52.64149345008006,52.35392077231987,50.29127996280864,45.87991426431244,42.14843848047698,31.798389280231866,42.25567713439471,46.64792354533357,50.407170293404356,52.1511122756838,53.26536573311191,54.46389581285007,54.89837590998015,54.93910931015752,53.944744456661134,53.34815512506212,52.823524358264635,49.986428830113454,48.15982635423019,46.09306206714763,46.37939801558909,45.85799009013001,48.47109740837239,50.45987605660968,51.97782119791525,52.146584388799184,46.24282095835668,50.5216277011958,53.43782654669529,55.913596043469724,57.76437477024216,59.1124552449054,59.997554233519,60.44947601825101,60.71132386773084,60.589272237857735,59.9321263253896,59.15868177367054,58.12328335603112,56.223819038937165,53.31751125024443,47.87913661262104,39.52162574214463,46.39486489268586,51.63191201870468,55.21521192637743,57.37431995488195,58.76079791550539,59.555155374091115,60.27141177973511,60.34836932092823,59.85476772082318,21.958996524092335,57.99762919425001,56.701836739857974,54.44408638481182,51.55314777774272,51.24588988757964,53.669382010428244,56.53445040337984,58.78168931538515,60.557528253156754,61.73473274271239,62.49681806624813,63.02648198465076,63.27110549113883,63.120937488211695,62.642873766949556,61.783428748796936,60.81620906352818,58.823565934652734,56.33986270175322,52.043913319192995,45.227049927347494,43.57095925095734,51.27133966417661,55.57181057854007,58.1561825402456,59.97163500065184,12.041199826559248,20.170333392987803,12.30448921378274,19.86771734266245,15.68201724066995,19.138138523837167,19.138138523837167,22.671717284030137,16.532125137753436,18.129133566428553,25.514499979728754,53.79414304412172,56.41870545476313,58.958097022146454,60.66153664550435,61.86348802053982,62.59339868955419,63.19305351619179,63.34579396886482,63.336604396042844,62.74267333113595,62.13719849479793,60.968964628088365,58.885445298732684,56.512014240663106,52.716395080771925,49.30449789353194,49.70988079724188,53.84045014730262,57.088575247334965,59.121348699417524,60.7719197130245,61.795776412578654,62.18386601233498,62.70532105985885,62.423110519977094,62.34948832659347,36.47089428716555,60.920781997051265,57.88980322344898,56.63580323627059,54.03753477348842,48.64036182725775,50.68779363009561,54.21452555446251,56.77207144833024,58.66146096552804,59.85236456753694,60.89922765327813,61.11548139767291,61.32032233899814,61.08104779560947,60.934027719262,59.958917473628205,58.1751777303588,56.76833475638667,54.10151060811348,49.78171383413782,43.257208580194124,46.046687645201786,51.387762157293494,54.351975371776426,56.39442659173444,57.68629962773913,10.0,23.838153659804313,15.051499783199061,13.979400086720377
11.139433523068368,6.989700043360188,20.170333392987803,15.563025007672874,49.436577166493734,52.874658053432285,55.07511806580987,56.76439358655809,57.87580898378722,58.72455220933265,59.243423575851224,59.325655859291324,59.44337060387559,59.1977710991154,58.50301235290768,57.680910044557336,56.79036128075481,55.14465401556791,52.88325253995978,47.5828345113316,42.35957479466621,42.55079442427576,49.21816484310169,52.180862744289854,54.78996248859396,56.29781546556178,57.09327636881753,58.09433784645905,58.14178982441562,57.66624737070411,20.644579892269185,55.69861777802327,55.12557664043172,53.02140368865592,47.94027715528888,47.55364068918141,47.890798567748305,50.17254606072523,53.56385388344368,55.247283698320345,56.49336806216663,57.346734419033,57.95319589738774,57.99590024773803,57.638845115291005,56.41546486886553,55.1375281119182,53.45793117249714,50.69627403017891,46.93463127219531,43.94906751054026,46.257341909969014,48.56952322409202,51.65591504164773,54.047465070038086,55.50449725643002,56.38043751889019,3.0102999566398125,11.139433523068368,12.041199826559248,15.563025007672874,0.0,14.14973347970818,15.68201724066995,3.0102999566398125,6.989700043360188,13.979400086720377,9.542425094393248,48.27123620402744,48.8516325425637,50.20796188104522,51.11548139767291,51.04230965930802,51.46283113159587,51.64555082836377,51.56137072703351,51.4789264483285,49.696488404807255,51.13144183759871,50.72308731153335,48.57772599710746,48.36355768669989,49.05779695178755,50.09472142562814,50.41649237923495,50.88833944150202,52.09774977245171,53.00519399613786,53.584906928448994,54.13340005720918,54.65199873793658,54.81820858944717,54.9012850967128,55.494410162744686,6.020599913279624,54.71621708148321,52.539773433356565,51.231261226969124,50.277001641460956,45.334288581265234,39.39419403329317,38.04343918479866,43.89254706848648,46.7137651517521,49.83175072037813,52.10719715681002,53.28202179314792,54.02723810296759,54.32648660013107,54.719851480040234,54.418600262895005,52.74040019352107,52.61999948651827,50.69123963257296,48.4728879442951,45.05706061959786,45.675086476987985,47.768173676386226,49.2453771777549,50.00368993509583,50.85682943194615,49.37517892017347,52.80637546925999,55.55677149249124,57.485484968926826,58.67288901311245,59.66035141446061,60.31494506634353,60.48895672074018,60.436428084478244,59.79594351036284,59.191434932469,57.87257094904127,55.759460430101385,52.845593110974946,47.60610938397704,36.602012013806814,44.773094082315026,51.35415725468063,55.26790140818798,57.409308486474664,58.84390324341773,59.76030675845386,60.208769083313875,60.373069508970914,60.16207394887266,59.79470067172085,20.374264979406238,57.27317545894764,54.83084964998121,52.59175627306078,51.621490295884705,53.41462223570649,56.19364679890118,58.449646290770865,60.209989950367955,61.50047793205915,62.22911209855817,62.86969281080748,63.171436620228896,63.122038111945706,62.82599457384596,62.13241420622401,61.1871763793222,59.54111718853092,57.421986327232574,54.10988004787269,48.105013477665295,40.09790719354298,49.57942335445405,54.683384671690234,57.6275731465369,59.449916827265014,60.752830199346164,17.24275869600789,16.020599913279625,20.253058652647702,15.314789170422552,6.989700043360188,15.563025007672874,19.912260756924947,24.857214264815802,18.692317197309762,21.367205671564065,13.010299956639813,55.22121979631528,57.82266894726003,59.54109788069723,61.187358106665016,62.112692870164075,62.99064716113489,63.31484996150266,63.33317470577822,63.1612326571834,62.50621243849257,61.69218450013517,60.39035185662637,58.486385793266244,55.58912473106539,51.87873089603788,47.56849020066713,51.15610511674299,54.88104912911811,57.97506440973875,59.93097922248193,60.96348889633764,62.06164219608878,62.11852028928693,62.84044547719985,62.53138261490249,61.75093262649006,36.406801532776655,59.66093840328533,57.68227287864065,56.8585723662056,51.2622559704712,51.33248217004145,51.32643850973081,54.50630873211563,57.17432491008683,59.09458141498253,60.16515635794821,60.999353432966295,61.42380079249052,61.631187189599395,61.465537457649695,60.53647265613384,59.623977509551516,58.29437579256332,56.193688531702335,52.88700728617498,48.068919045222984,41.29045059887958,47.184352525076676,51.73535895009906,54.896576017006886,56.59583461983927,57.83358226007101,9.542425094393248,12.041199826559248,16.989700043360187,16.020599913279625
6.020599913279624,6.989700043360188,18.692317197309762,13.979400086720377,48.97280617015116,52.30533217419822,55.45120243027864,56.801042512403896,58.05283996605937,58.58739259899391,59.255451656514,59.59585113038927,59.563730387399126,59.12874337100057,58.86786734145821,58.03149039719681,56.362441014735694,54.65812471432726,52.302496111236685,49.26435058796204,44.52859335795853,43.29438560779451,49.296692115754524,52.4508803613709,54.91676793234377,56.26057932808883,57.16084348704263,57.67905027123489,57.83346067476675,57.729374986035424,10.0,56.19260334851798,54.347891887406064,51.77086100751224,48.52486093235622,46.37819827944968,48.262109035237515,50.84604872514398,54.056536560993074,55.36702341900391,56.68711049834913,57.6054310402721,58.07300229117905,58.00451060174386,57.549786754914926,57.25493463416953,56.291505763384826,53.62603095355173,52.510368477664386,49.34195349347885,45.30097197734845,45.52290933824766,48.82011961626659,52.10706348455223,53.998155793760944,54.69612915423041,55.65625894148301,6.989700043360188,17.24275869600789,17.16003343634799,12.30448921378274,6.989700043360188,17.853298350107668,15.051499783199061,6.020599913279624,6.020599913279624,23.26335860928751,13.979400086720377,49.93898937429586,50.61550485879633,50.50801084310092,51.21060594667603,51.668709934467614,51.889903206437815,51.7092438897495,51.25207915750166,51.01114412525064,49.980369017651036,49.97757604280254,49.48261327496291,46.76748464410772,46.55138434811383,46.93814853889417,49.91301405956818,50.392792488081035,51.72407337909087,51.23734071661134,52.690457096576225,53.48620244946037,54.02601804672582,55.04765729202261,55.00401157055472,55.29617686873097,55.80793869627336,14.62397997898956,54.98520067565735,53.29448730538655,51.74117981254267,50.999912335446844,46.316568051679205,41.45134226361495,39.25982100327103,42.40973351840004,46.27990218029882,49.24842469534048,51.4813973650122,52.580479279855076,53.47571981677555,53.77586703072112,54.21868699974063,53.87932355431023,52.35614287332814,51.76094154342576,50.13650238333045,47.8265175161032,44.86076097372589,44.28539730637989,46.90063112384906,49.45197682103334,50.60637412569751,51.95393141294814,49.675479762188615,52.76208966604858,55.30399504561419,57.10489699751429,58.48086845540534,59.3964003957273,60.02392872771722,60.163144884419,60.12933770707355,59.52296861334793,58.669987626692404,57.28896513801462,55.019488596712804,51.60495542375345,45.43074235033532,28.2865989653532,47.112503005290634,52.68599030910711,55.793856920755864,57.878775652790566,59.2024075783877,60.11265865517536,60.814949284318814,60.79427276551976,60.613819759098135,60.163688617790086,25.118833609788744,57.88479480483438,55.807893087046175,53.54093065619304,52.60915294158573,53.26434180624731,55.67543915573101,58.03955312448294,59.77762004366471,61.150873793877274,62.02559149781105,62.62464379412876,62.84044773528154,62.739734659813955,62.464377654625245,61.83914683599635,60.71600728963668,59.209123777503905,56.834721143671835,53.18238687713531,46.33650215229622,40.75181854618692,50.06521662611203,54.92515942321287,57.84107107113015,59.718776903326884,60.95948985966451,10.0,19.294189257142925,9.542425094393248,20.253058652647702,20.644579892269185,-inf,19.54242509439325,17.24275869600789,14.62397997898956,19.49390006644913,16.532125137753436,54.863482881087336,57.47146022257105,59.68317137828826,61.064526873746125,62.21333370680664,62.883176517524866,63.2668356699819,63.34397651157148,63.149251034534345,62.438022305915865,61.73464244489651,60.36751821621973,58.005521250050066,55.22685441222548,50.954413543440616,46.72559627763276,50.94568947435543,55.18014872605153,58.17306831216272,60.11190110857502,61.45339696543337,62.37936888183781,62.837545131293965,62.550340602418274,61.92750832952364,62.09031123310349,24.62397997898956,59.90394359226542,58.28964569003163,56.50887167025633,52.325743098125564,51.64644270726158,53.04533610406517,54.50030365948998,57.40704463178546,59.06986533454223,60.30661643977889,61.02435420901021,61.27685845541998,61.30721243629554,61.13391447781218,60.73437525754943,59.74909882065301,57.99694734137085,56.20745930069238,53.00478091138363,48.21185882608845,40.705919315120404,47.76359714653455,52.541636397695186,55.21322488891695,56.76789600953795,57.78102751458591,20.0,19.49390006644913,6.020599913279624,12.552725051033061
16.532125137753436,19.294189257142925,13.010299956639813,18.129133566428553,48.734659237113185,52.34732352809139,55.19256868861753,56.72219812878189,58.02448737775337,58.69002774465852,59.308930224060255,59.65207347287998,59.63576293307116,59.18886541970438,58.96766996782928,58.08797515862376,56.34341216937695,54.719851480040234,52.347702951609165,49.079324164503,43.83994789441733,41.94264516025517,49.345186505171654,52.55412421895424,54.87943972644853,56.49071865398702,57.33939186280168,57.89750589601507,58.051098851557434,58.0561774172546,19.49390006644913,56.63604823570716,54.8452191350701,52.51803634459697,49.76304116552002,47.19604706963622,47.59365621655928,50.34536214391645,53.53602749059383,54.81560144441512,56.21228227768985,57.211590970821675,57.638141941279095,57.54391915893156,57.067561760260325,56.88329037848392,55.54592118596272,52.848231136260814,51.4837125733224,48.305886686851444,44.611382160749315,46.602012013806814,49.80371569940896,52.88886111222446,54.66756438594257,55.33052297046275,56.14775976137413,0.0,13.979400086720377,6.989700043360188,12.041199826559248,11.139433523068368,11.139433523068368,10.0,11.139433523068368,3.0102999566398125,17.24275869600789,14.62397997898956,47.954420277224436,48.65991800126275,49.02318429326384,50.02636832365111,50.732379786391476,51.35453878649264,51.41136090120739,51.41249042203825,51.38179498985977,50.60565643654253,50.99300726233463,50.95991813101509,48.951848898969786,49.03578293663054,48.87167020894775,51.514464656630075,51.4744443254818,52.284516907144,51.40394898045077,52.71667389318716,53.094278753406,53.7263588058172,54.59597522857319,54.47934413876343,54.67017300163925,54.88236162128656,0.0,53.85329166097036,52.2357121560988,50.494738708277296,49.241810416748216,43.63987829748491,34.608978427565475,38.008544915035614,44.320869857780835,48.09189228025423,50.888905735599266,52.789044349453135,53.54494520543114,54.48911827025889,54.57945447374094,55.21317258617841,54.873222397518205,53.461670879370345,53.31040409811139,51.734077312696655,50.04600780332984,47.39105365346547,45.00469756225069,46.257341909969014,48.340708381017386,49.90290005012757,50.58778935109927,49.616156523791304,53.003454426278466,55.71928834137414,57.527857379141565,58.903008305970054,59.860592654066174,60.41571498705328,60.611726610930994,60.57299727358878,60.027745118778824,59.413384754533396,58.16986585776198,56.11085733414873,53.34276780309943,49.09539983582132,43.580110323320945,45.91120282237383,51.437297038681216,54.684950245070695,56.942620146026655,58.39886381275089,59.30943430616405,59.873305846586945,59.990387118043714,59.67459985233916,59.061652781558145,16.020599913279625,56.347935551180555,53.87692303200921,51.122898897032016,50.69745774667369,52.99568309194047,55.96088838712823,58.468725355352625,60.20391533022759,61.662642983414685,62.56418494321123,63.119999621370944,63.297289154207235,63.260844299867415,62.96487049125395,62.444822177360365,61.3430877896609,60.073423041423304,57.91084740056638,54.773311130075804,49.809845410255434,42.15928229339917,48.21290756159876,53.78741203120935,57.02321087339351,59.111831860667024,60.449021744741444,16.989700043360187,6.989700043360188,23.820170425748685,18.633228601204557,10.0,20.863598306747484,16.127838567197355,19.54242509439325,16.020599913279625,16.127838567197355,18.692317197309762,55.02188055662482,57.78573758092285,60.110258598474324,61.350375097838985,62.51270678598963,63.16273406611571,63.4945723184747,63.57909321925554,63.350759949916515,62.70235699630459,61.94559295278573,60.53724408259399,58.21898523854878,55.410647746128134,51.366603323578666,46.76117215671485,50.465458875923005,54.950237047385585,58.18047651099519,60.07011669561129,61.20829168702447,62.17831766895707,62.56386969482291,62.45842458317136,62.21266317776898,61.732576733795206,32.75311354541812,59.638713737908525,57.89786530251517,56.18435126515527,52.79434223948985,50.74176225435349,52.108052561846506,54.97664836479048,57.36231518726858,59.00904883719316,60.02461972584521,60.892924301782834,61.208752007361014,61.23492301422652,60.90639612830374,60.60964000177948,59.52172271426326,57.78995855159561,56.02954801241041,53.08899342038647,48.25821930816132,42.17220655644518,47.94271891287978,52.62510415525468,55.226385140017726,56.55085586028471,57.869082223990176,18.573324964312683,17.853298350107668,16.127838567197355,16.020599913279625
21.13943352306837,10.0,15.314789170422552,17.634279935629372,49.133104146557535,52.73533680151297,55.35185216227892,57.103991841073054,58.107733684761946,58.89577882001212,59.414418604402954,59.72480549876476,59.683601145731075,59.25694123196916,58.98126517541485,58.03219417782213,56.34414791750628,54.541082207684155,51.87684255497131,47.92622784742922,41.3640344813399,42.57198426139344,50.18700498666243,53.0588853028431,55.34230506519994,56.77710951970948,57.39528833715902,58.115193750824375,58.08821797454259,57.819290577109335,26.020599913279625,56.02204370241531,54.412173846317984,51.925897528658005,47.98194707696717,47.29852957445686,49.06862771404509,51.4741659722258,54.402792132355884,55.622928644564745,56.67482838793721,57.55437293156453,57.81295712526443,57.620247549210205,57.16392364020086,56.381786503133455,54.98427728555499,52.07715133805567,50.33250807511486,46.73251363213849,44.915297752974695,48.37840861655523,51.15667082749768,53.59746338516303,55.15897676291505,55.820133365823786,56.29478917572213,14.14973347970818,9.542425094393248,9.542425094393248,3.0102999566398125,13.979400086720377,6.020599913279624,16.989700043360187,0.0,10.0,9.542425094393248,14.62397997898956,48.721446136795294,49.65295795811656,50.06145016376364,51.06493471624369,51.137963354471665,51.35936862385027,51.44029051728238,51.147777319715615,50.97083696066521,49.54801906348716,50.677476343219666,50.477420181806416,47.6618969331016,48.28608345169374,49.112322050662016,51.286738473085904,51.53391029998826,52.301039034556254,52.431298612426254,53.38864697890868,53.78430608087526,54.22611176546786,54.92425112776086,54.66311426704681,54.56689355839005,55.00462896795692,18.129133566428553,53.53140768421906,50.77338830203346,48.73064717113658,46.81828946648095,38.17234730425498,35.14813294999285,43.45569756056392,47.64243401712758,50.134650219690144,52.03783273940963,53.5511038742884,53.956059293132306,54.14839698336927,54.18847959250061,54.654497752358814,54.01540113006392,51.80401166165973,51.50043796687037,49.67702385381606,47.353593330017105,45.31530007505452,47.28102061816011,49.48608549876436,51.27778404449231,52.007547677245185,52.419671241103245,46.02895204570548,50.473527607539346,53.77295320700402,56.27107661438835,57.97063159617391,59.19051405991632,60.15333764035064,60.59800000399847,60.84313834744151,60.51755097983441,60.33507389333796,59.467493897772805,57.90854933602322,55.95095913287268,53.11940249903973,48.91582055586128,41.03187748850943,46.111814292944395,51.978454627517706,55.16383311157484,57.38866933285933,58.64556762638169,59.64173800222375,60.184516648457496,60.28279998825888,60.09957560329303,20.374264979406238,58.33838498895085,56.399494234910634,54.09933123331294,52.08016529118204,51.37790718642225,53.90307928680451,56.77155087963218,58.94385300545391,60.58836208605,61.748601729218095,62.64846381653303,63.05747213960609,63.27779332280031,63.19352610255687,62.78879756603743,62.12503219116834,60.90206188511373,59.26180327790223,56.76298450501716,52.745019144143946,45.924543505545046,42.28220648868423,51.22412495411281,55.51693915127225,58.24394010959666,59.93910829108988,17.634279935629372,-inf,18.325089127062363,6.020599913279624,18.129133566428553,12.30448921378274,-inf,21.367205671564065,9.542425094393248,10.0,23.117538610557542,53.671060832521526,56.51533862155692,59.002846321842085,60.798845951683816,61.85583230993907,62.78587623032995,63.27336248293822,63.4435336230063,63.33027085351517,62.70749854368297,62.10625601662968,60.92222218096967,58.915536249454156,56.28268332722226,52.41150354911905,47.82902405974645,49.50686074520155,53.75235508675358,57.21006385035942,59.547382871572516,60.54729846450199,62.11063379428051,61.85498241581034,62.65303300498935,62.54540343359858,61.6934079833521,34.30075055551939,60.09517607146005,58.284549436639324,56.968332390971,54.29469654475461,51.498623774932284,52.300092951128335,54.632627302638504,56.89546812167289,58.54746187218726,59.57798774929998,60.810854277947676,60.98093155281372,61.26944339047891,61.1609777953562,60.6304686284114,59.705872061311574,58.166422570768155,56.56519828567366,53.56226695860006,49.351947838527785,43.04512069624235,47.36428375931341,51.96565797124018,54.64480605108239,56.14485917334474,57.37412915719854,14.14973347970818,-inf,16.127838567197355,20.253058652647702
12.041199826559248,16.532125137753436,11.139433523068368,15.051499783199061,48.95952658380971,52.29796990584995,55.54974668402554,56.78836017096927,58.1890716172463,58.857913430340396,59.438846121205714,59.74564191760184,59.90692629574886,59.44321755977377,59.092350033683076,58.234220585315335,56.701613987137584,54.94065498832593,52.290800159524586,48.26133136847682,41.828994675482605,41.98464635371916,49.45690107443128,52.58278015243032,55.009715724606274,56.573943558072244,57.39656189206836,58.0479685313524,58.08270405738255,57.791439255698876,18.692317197309762,56.0919407628991,54.768808785961475,52.450806260854435,48.18047651099519,46.95875515031685,48.43064510913432,50.601877169177,53.92475353799451,55.163938911582015,56.54127428195035,57.36320792970078,57.910404748747496,57.78511565293612,57.270546397515616,56.7733771618971,55.516658716247335,53.10264115074859,51.34075058705498,48.0624782719579,44.698367375754906,46.514524722716914,49.331429552889915,52.37644257639192,54.34983840181938,55.208567476784424,55.8628341726321,14.14973347970818,12.041199826559248,12.30448921378274,14.62397997898956,10.0,9.542425094393248,11.139433523068368,12.552725051033061,10.0,12.30448921378274,13.979400086720377,48.754374889351524,49.38809825038139,49.68954345773496,50.49690835977447,50.875329757340936,51.33494199284073,51.33110789625779,51.32096317961625,51.039575775710446,50.11253170127497,50.959709223437144,50.71134230179129,48.08899354556655,48.063495871404676,48.140143995944314,50.69420174965575,50.54708787938054,51.79183978751161,51.549866391537634,52.92577241855888,53.16861098763374,54.10832886968038,54.765548550609076,54.72864643891717,54.83975065016418,55.45616332913136,10.0,54.75976104139765,52.41247551263716,50.89537747766861,50.301502192707574,44.520012277265934,38.39729375206388,38.05976350717563,43.55968457653611,47.18576417625733,50.285915843552786,52.06061817122438,53.186058640550556,53.738035990957094,54.093581899301654,54.96510365399448,54.408209554035636,52.55535414944344,52.52041914468286,51.041865520314104,48.930845558369015,45.874190928924996,44.799062670050716,47.347118420520374,49.268567089496926,50.566800267107624,51.22009334431267,49.99604612092672,53.11677588010372,55.779935910232865,57.398135521663185,58.81829566377358,59.71973592630817,60.256965545146805,60.54536452654951,60.5041146672219,59.921583642947624,59.29631933232548,57.94466435962689,55.93597273729881,52.879203611877294,48.202343095656,39.36714758211204,44.75613084841581,51.28483275893933,54.8010184462657,57.20599992044423,58.644505603974906,59.63903466457407,60.28631431653381,60.38482262487632,60.197807304036466,59.79763647641303,6.989700043360188,57.438302717816214,55.22279874767661,52.65765627044365,51.690186775993354,53.03800623765176,55.87716576022483,58.30222218485127,59.969041984936176,61.46330555806095,62.38419987680247,62.88875169145836,63.100153264919825,63.14766921790507,62.75349368044965,62.265455183387424,61.15365507146465,59.650176868116716,57.31946366992414,54.025657119330305,48.131337886595055,38.206611346435956,49.304650807842485,54.49984138671864,57.496327525805,59.502406829349816,60.83458184788373,13.010299956639813,19.912260756924947,17.634279935629372,22.278867046136735,21.13943352306837,20.043213737826427,24.14973347970818,17.634279935629372,16.989700043360187,23.05351369446624,20.644579892269185,55.28125770126134,57.78632326887077,59.871749483985504,61.143280336140904,62.33836456684195,62.96519523645368,63.23578987453466,63.29693139901024,63.108506492241894,62.34717933846263,61.59893393075451,60.21292690210029,57.910629593404806,55.06121980853031,51.07481318911243,46.973165417323834,50.812752795293335,55.229265150460584,58.061562228549576,59.919880810899016,61.25216053649911,62.071149497947395,62.59609406188858,62.72173123032485,62.54215643336023,61.74856398335347,40.85575969718504,60.013879563955975,58.43010901006126,56.46123255944534,52.768866993201215,51.07515225651465,52.40753867585953,54.84698353024001,57.10388185594147,58.73903920288636,60.0799002797434,60.767427256312494,61.169595526406994,61.31275326974432,61.01010485426159,60.66609522103594,59.693455434915776,58.21898523854878,56.307989517791945,53.33527878521092,49.18135226166359,42.42466886235341,47.915643414676566,52.17220655644518,54.84242878958233,56.41573253178176,57.640303464369794,20.5307844348342,16.127838567197355,9.030899869919436,14.14973347970818
15.051499783199061,20.253058652647702,16.020599913279625,17.853298350107668,50.28148138164017,53.33568174923988,54.97385832537447,56.81329896781969,58.065306608694875,58.986599228441165,59.38756821256865,59.5881225347552,59.582068410310846,59.47675310638148,58.42106015198182,57.59510714959695,56.77668990358182,54.748293813449244,52.00423651499989,46.51248930804595,41.80584596602956,46.69251778012837,49.504914240084574,53.31923060756183,55.31706223481286,56.820773536590494,57.69159385564105,58.16003201577167,58.29471667573135,57.8159526635059,16.989700043360187,56.02681673000026,54.61093156210612,51.991323517801185,48.68932305480736,44.856646522502544,46.73665876245701,50.8680457672683,53.400096030661004,55.66759116339664,56.66492708373439,57.2366086669145,57.528179657950375,57.490038889216244,56.98463321516597,55.441387665501054,53.559895050323014,52.49455188029537,46.428304001510625,38.61653870213911,42.7009628142033,47.31048582809215,50.51912355258289,52.97517588323505,54.70823418336507,56.290832459166666,56.879657113384276,17.853298350107668,18.325089127062363,9.542425094393248,9.030899869919436,13.010299956639813,6.989700043360188,14.62397997898956,10.0,12.552725051033061,13.010299956639813,6.989700043360188,45.80662723988436,47.9658820821185,49.96691131782092,50.5931344679714,50.96593731484782,51.25058151172073,51.208140428263974,51.26030699034783,51.00911352967194,51.320835019057355,50.22481984478796,49.89133771260715,51.78729530303869,51.78381181507668,51.77086100751224,49.68716377466785,50.30134012287374,50.81221250482603,52.86961430767263,53.04811390751936,53.985024899114194,54.36914454874773,54.27177644001561,54.79560915024855,54.75089803389007,54.131203080537524,12.30448921378274,52.119637385165035,51.48556385173586,49.04742586434438,43.81115080709851,40.092808842553595,39.105176855172665,43.895204658463776,48.74186002442825,50.8570789988147,52.68552231684172,53.888415717653935,54.970209233083374,55.3499140120814,55.51060666379071,54.316933811490706,53.69679599559816,53.53777788304622,50.59658066366697,48.11045218912108,45.903178697661275,45.71708831808688,47.504312486602025,48.91559757201819,50.160299630760235,50.99504540080182,51.33858125203335,44.964452918733535,50.23914716633211,53.732431182673636,56.17136692377613,57.92420408022504,59.16155893961011,60.033178981008454,60.57204182774222,60.75773538306184,60.823634331722786,60.08774280428835,59.39307544864576,58.4393630088351,56.740303207335494,54.087045475447525,49.454784329676016,44.689968090596025,46.93067093924228,51.94930399217724,54.95495771550323,57.13639202605897,58.53368412061572,59.4068827617594,59.93357300775089,60.05123003300444,59.565996283392415,13.010299956639813,57.56398740625751,56.12353586185605,53.635010420253096,49.68006364173257,50.59896489053404,53.84778001371604,56.63265470601133,59.08426036610615,60.585129505790746,61.75570082612402,62.62751195044559,63.31763466209104,63.49970485298609,63.411980219681126,62.90952340894479,62.20651139725157,61.18570245486179,59.38159331413048,57.04373614794431,53.408405498123315,47.28394368394035,43.85105563442656,51.10969972274356,55.27662117367916,57.6732583869032,59.57676711168985,6.989700043360188,17.16003343634799,19.138138523837167,22.14843848047698,11.139433523068368,10.0,12.30448921378274,19.084850188786497,16.532125137753436,19.294189257142925,16.127838567197355,54.20894328833014,57.02713080607918,58.963194926231836,60.71778942149663,61.935970541160366,62.772334271495666,63.35347557820738,63.47466820927721,63.361478104290654,63.00362841462312,62.06987694756408,60.95875508441506,59.44226955356106,56.88520374452426,53.33054115504841,49.09823369650912,50.12537753436561,54.242051780642164,56.70528794683249,59.30770796393918,60.52897385657705,61.629352204871324,61.902986344931,62.568235412698556,62.58262200645685,61.47620681526014,36.262376851469,59.55965167688552,58.608887619219416,56.11210133946947,53.31801701423656,50.87060543881668,49.9412790513327,54.587843514944296,56.13022123685212,58.76497847146736,59.91652184230148,60.69190258174284,61.185441326398205,61.38397442990546,61.238581716620715,60.540263225495885,59.650252183352734,58.48118268850551,56.16599430304874,53.251974199247094,49.003124969837266,44.47313108823568,45.637894910701,50.72929674211486,54.20656988723068,56.833757882317755,57.79355470309025,13.010299956639813,15.68201724066995,18.129133566428553,18.129133566428553
6.989700043360188,14.14973347970818,11.139433523068368,18.129133566428553,49.68940351246718,52.962811743995466,55.36337451662583,57.07450941638602,58.146131284710364,58.96195962008956,59.539340508414085,59.75664289139412,59.79749087086535,59.1434950486085,58.98902811183059,58.120659903510386,55.89494973081173,53.9208111979816,51.05445461553958,48.38553166162376,43.88811413473523,45.89335125784143,50.346124159050134,53.50637545339745,55.31031618926746,56.621238657148645,57.73906334652122,57.79280394552426,57.930419437014535,58.233829264392476,16.989700043360187,56.50210354660359,53.32084820464515,50.5163480398712,49.558656639862875,44.56639279342896,48.176512945182424,52.1969190783383,54.191789385610576,56.002462871379976,56.880325221054235,57.67397073798407,57.64391357555432,57.49249199921887,56.935414110464784,56.409681305138676,55.07966454347445,51.83998277609948,49.754134252849845,43.83689725437604,37.87460474518415,46.235077221115084,51.606305734628634,53.78079786417792,55.11895387428777,55.74598375421016,56.444513916108114,11.139433523068368,19.138138523837167,16.532125137753436,6.989700043360188,11.139433523068368,12.041199826559248,15.051499783199061,19.030899869919434,17.24275869600789,6.989700043360188,17.24275869600789,48.23343790820648,49.561876466202264,49.86758302270432,50.68668143285899,51.06190897263416,51.259234678346516,50.86591155461106,50.48228099848808,49.94092687188989,51.2622559704712,49.180985177643485,49.26723059315801,50.41665020836882,50.24198232206868,49.885411210100365,50.49996727620201,51.4781539984716,52.221179287582224,52.21763619554885,52.81074293595073,53.8738982633873,54.40350119100418,54.678581043726304,55.172394572180195,55.198607942350755,54.295730360015995,9.030899869919436,52.67289089431131,52.268060495007276,50.154142484021456,45.27629900871339,42.11440935578669,33.4966598409663,42.84408172506198,47.09829433186508,50.740297579218314,52.15484224865186,53.490831687795904,54.34372469096943,54.813680897197216,55.0149744561414,53.848943768495296,53.27293529822,52.66149347025585,50.07798968832212,48.36906161249327,46.54773166417917,46.54763549941894,46.28552398380802,48.284858861449855,50.6953860310307,52.30295613917047,52.14340410319735,46.74907046819129,50.95504100061415,53.611269612072846,56.1418193883833,57.83678516423623,59.262667987001535,60.10213852616693,60.56485974278968,60.74176225435349,60.5914103441017,60.09366748403119,59.269451007241926,58.20733325096435,56.3405990514007,53.58030076576958,48.428213431582336,41.30783914588957,47.00721019369355,51.755842863685224,55.19890968469903,57.337852917093755,58.73579241042883,59.6014433942161,60.24185087750486,60.34699429702283,59.92561470252382,19.084850188786497,58.10867360712258,56.72603931847976,54.67793029785662,51.95415296209372,51.74117981254267,53.8938760667584,56.59022935189903,58.77506106005907,60.636853063873346,61.7265342084568,62.55673077608926,63.09510932966564,63.332104136222036,63.309056274884625,62.724195070356345,62.02046168821252,61.04790874622127,59.123416438096214,56.60979252046847,52.499537394880484,46.06478103106454,42.68577971882843,51.13595777672916,55.51188854814882,58.162631799259614,59.903956912459144,20.644579892269185,17.853298350107668,10.0,18.633228601204557,19.294189257142925,22.944662261615928,19.138138523837167,18.692317197309762,11.139433523068368,23.54108439147401,6.989700043360188,53.75678242581269,56.37883817996796,59.045170116441156,60.73580893632868,61.930881272223964,62.707591673723456,63.24313122403442,63.41626996058976,63.389647986905814,62.77454261561659,62.230102357022474,61.05208969495823,58.909377285369445,56.39415761243063,52.467373278852094,48.56686606525174,49.716700611256044,53.88564746488381,57.32671940879549,59.45441994859748,60.38501340527286,61.583881267768454,62.17223025953597,62.50634656636956,61.93446580708171,61.86752129524808,27.664128471123995,60.325043305328364,58.72833127831939,55.82928815182417,54.33713843918557,51.98200563016947,50.62454121144494,54.23850187875517,56.76307601769949,58.26044336198407,59.71102281862678,60.68480117186369,61.063898041515046,61.33459706272518,61.102023758770876,60.757458154337456,59.95184435064242,58.04957480355989,56.873336185387345,54.06480567296228,49.82727906838392,43.79939722801916,46.72651922840003,51.607685618611285,54.60087104737092,56.43378642707805,57.59531870350376,6.020599913279624,17.24275869600789,16.989700043360187,13.979400086720377
14.14973347970818,15.68201724066995,13.979400086720377,20.827853703164504,50.61490176624815,53.23672780323042,55.24458437917258,56.83335270857296,58.048322506770106,58.9365581012325,59.42363284671969,59.64773312155367,59.50701642792879,59.353903634104554,58.60103124532462,57.735414454985175,56.39200517805938,54.52292561617729,51.66977447595255,48.02397401718786,44.52246574520437,46.896462166154365,49.745024817280516,53.12162541073174,54.92785524314486,56.52953790234129,57.61207424428541,57.81302898489923,57.99864144501372,57.87922153998605,6.989700043360188,56.19281205865181,53.98268211255406,51.387762157293494,49.23886175096466,44.33673846637062,47.58192516865709,51.47812309761942,53.81313673105942,55.896480583356606,57.03465061177126,57.67726384270845,57.859509301571435,57.6985714835456,57.328864848706274,56.181872579467075,54.55893518887224,53.09459822461211,48.33797110378299,41.982720984693465,39.73589623427257,45.81995143761074,50.679927990704314,53.04061622590011,54.571670683673325,56.13563826720343,56.663176347407045,9.542425094393248,13.979400086720377,6.020599913279624,15.314789170422552,18.129133566428553,13.010299956639813,13.010299956639813,18.06179973983887,9.542425094393248,13.010299956639813,19.084850188786497,47.043650362227254,48.73727380646679,50.15636341407636,50.77186154085897,51.04227549638254,51.01533997492346,50.819267006800075,50.7335903838038,50.07167193147054,50.98505283201315,48.58471025779403,48.36887193801922,50.887348249116265,50.736926950620074,50.92222218096967,49.35960468989166,50.25735849700072,51.224288761555314,52.74767281800605,53.135656394155326,54.17215857442295,54.60412183357703,54.70354620116481,55.25704174573303,55.25599312706377,54.0891802084678,23.117538610557542,52.16242458091152,52.30768138211391,50.160299630760235,44.42479769064448,42.35174807456458,37.92741785834749,42.00686375969617,47.349757512020105,50.697272812237486,52.16379696784883,53.36911805174395,54.41344731500464,55.12217305233624,55.09418943356307,53.73254151097378,52.823615033216356,52.98103872727963,49.4255368033421,47.1568585857204,45.15370405983716,46.56031087304645,47.51717796976659,49.26146867163558,50.80110365485724,51.88832900347505,52.36355847718117,46.47422093981311,50.680262199065744,53.720646707181324,56.1507427089081,58.059770296203965,59.232549017685194,60.08320770944836,60.54852731218067,60.761669393449324,60.80225192388585,60.18029819756997,59.30523692949373,58.34198094562075,56.39260318351111,53.62718030694413,48.28015064223977,39.91447598003803,46.00885810368248,51.74225581745183,55.205437926509624,57.33435620131785,58.958825660634666,59.72770106369722,60.422229726902486,60.52682401617118,60.087100088285325,15.68201724066995,58.13976410078303,57.108160761289284,54.925508717041744,51.4930534696923,51.530980682044444,54.02563993156327,56.479968084812704,58.8458297769555,60.51821014214159,61.70131407503226,62.55629444955477,63.23251481224241,63.39898425202851,63.30500826461559,62.81423374972546,62.00255260076374,61.031661739952625,59.10727364225594,56.62495287413532,52.705227881114105,45.51108283643626,43.276653870500425,51.39957755812176,55.65532604780003,58.0922898627134,59.883613837561846,18.633228601204557,15.563025007672874,25.563025007672874,14.14973347970818,9.030899869919436,13.979400086720377,25.118833609788744,19.86771734266245,14.14973347970818,11.139433523068368,18.573324964312683,53.91277464522821,56.645000076212106,58.86051132118219,60.65960442354263,61.853089387189314,62.69763641885588,63.229503618682266,63.411893114633806,63.289552227010745,62.86719796014833,62.051967826815414,60.90836609100987,59.096677975508186,56.65619447357941,53.077633783229494,48.2540015020634,49.68375529108147,54.20925634858201,56.801722823113025,59.25040185505981,60.3895102152693,62.04490332181032,62.02597285692431,62.50680744695576,62.320095740208465,62.2239440171392,35.09068045017162,60.09366748403119,59.127687001465404,56.47489574368749,54.28019723157851,49.76207789636912,51.17301131656349,54.09928053716313,56.58394933584914,58.67097266419861,59.937910165645995,60.753837966000724,61.23184012558304,61.40744609380966,61.16978462581068,60.60903231950172,59.767244939181204,58.36997825568965,56.196494142666225,53.13132937452003,49.26146867163558,44.426208526563386,46.21861469109227,51.26384698901287,54.51617595666328,56.63078713378696,57.88215051752524,20.863598306747484,21.73186268412274,24.487063199050798,19.138138523837167
0.0,16.532125137753436,13.010299956639813,13.979400086720377,49.13559556788336,52.8347536397098,55.383575380740346,57.069779397963444,58.14077708070917,58.88437858787209,59.438544650854,59.6824565621571,59.660464122469136,59.13055293468466,58.6912900280879,57.721015692770116,56.11776396997311,54.19625360887743,51.328038180019995,46.41969597702059,41.35196279606602,44.54814382133351,50.8856485356834,53.59541428032134,55.5376291184034,57.04455960462261,57.46866072073034,58.132800136234486,58.12881952675699,57.71888663626186,12.30448921378274,55.5166099430901,53.76175322717833,51.42351917422307,46.95271483141623,47.90179569070148,50.04398765903097,52.43655548489076,54.95273686379673,56.11702070594105,57.08734396867851,57.79913799850263,57.86641415330883,57.55345760929342,56.80444300076152,55.9199122626689,54.26348573787508,50.81696475568455,49.087851681104546,45.49738731264899,46.038477712994236,50.1040597262518,52.41372130158435,54.530690079235775,55.79876160049306,56.34292832185192,56.8563606234656,14.14973347970818,10.0,15.314789170422552,0.0,12.30448921378274,6.989700043360188,9.542425094393248,3.0102999566398125,11.139433523068368,13.979400086720377,19.138138523837167,48.88364858208229,49.856823943772774,50.45452074173454,51.10404506501023,50.814949284318814,51.37205311533668,51.51369850247461,51.093895353760786,51.26848683576757,49.21207707582944,50.93652780406903,50.785474376638255,48.3609614624381,49.154473253293474,49.66315415797497,51.78657580309519,52.31319192476292,52.74988681770685,53.052675124166285,53.88031893729546,53.96452175897208,54.470106564262004,54.846485588079304,54.35111433126493,54.15484178623488,54.33507418399002,18.692317197309762,52.295205834353595,48.221942408982144,44.492006087413685,42.902127469195285,34.92620722043192,43.69215857410143,47.84652947530634,50.45295589982737,52.423848751858024,53.73913772526798,54.672143246195134,54.38966152577288,54.44895367096669,54.08134771878232,54.48565653718211,53.46339280264588,50.450294373885924,50.096420792661426,47.97031974365379,46.7353695902688,46.82415861677359,49.45690107443128,51.189521729792034,51.94716872907203,52.340640242701504,52.47482260677054,41.721941284669306,46.15907987199794,50.93873256669097,54.36545866084841,56.51030744751032,58.288763454752576,59.54775399484839,60.41550976387116,60.92347580591841,60.98534705950008,60.97691040361552,60.54737503837819,59.44354832574202,58.10902266933822,56.03521103139058,53.6567701160433,49.151675865229585,42.39974801116937,47.26580518201694,52.388336456750785,55.62200046402717,57.60227157785401,58.947285572751355,59.859776377653766,60.33528295279234,60.45489230884399,21.958996524092335,59.305929979981855,57.80534045180687,55.89839059871356,53.42347659841515,50.66996420449695,51.19044630861073,54.44394590134814,57.137743797897,59.44839831162733,60.94827711630637,62.10370428695258,62.83301454898534,63.227802062723825,63.43500366976724,63.21825769779953,62.69921129243164,61.76301117343599,60.52412655753608,58.57772599710746,55.63842846749692,51.261866244411635,41.76149161126549,46.739788016917686,53.197824900778954,56.725051644665,58.94385300545391,19.030899869919434,25.118833609788744,15.051499783199061,17.24275869600789,18.129133566428553,14.62397997898956,14.14973347970818,17.24275869600789,16.901960800285135,20.170333392987803,21.335389083702175,52.125205246823555,55.38256945237261,58.151904293591144,60.09504010760162,61.51637638790591,62.50317760281668,63.13745136946906,63.43978809376446,63.53333705098115,63.0620407094888,62.58500317113342,61.58329315555151,59.81512817815812,57.52578501556027,54.493626747610726,50.39037170468973,48.00772048788364,51.77767292804646,56.15534486504928,58.62012647972095,60.185910792811924,61.2663070496341,62.26074310047942,62.272782663327646,62.73724493682834,62.29360801305407,34.056877866727774,60.867131741249906,58.746916663281795,56.602733720306176,55.22372497262158,51.67966813395621,50.918954735082984,53.29422288669372,56.17759168631366,58.189546062300266,59.55134309615634,60.62905234681829,61.196912854805454,61.349671743384214,61.26626487036327,60.79812323871684,59.85227470424098,58.429940686236606,56.847628019539144,53.93492723354481,49.50209025712125,42.571263580225924,47.48699572686774,51.87565839997265,54.81426861749768,56.36906943758937,57.6715066936498,19.49390006644913,21.13943352306837,18.129133566428553,10.0
9.542425094393248,3.0102999566398125,6.989700043360188,18.325089127062363,49.71275848738105,53.00617219806582,55.175152311719685,57.011274233302714,57.95508102065107,58.8307630479262,59.44707657367836,59.742094697036265,59.66637249916949,59.1758637427301,58.906065464361745,57.91228043981353,56.04098554896346,54.022407422264614,50.973336777076355,48.27395123146503,43.59152211446896,45.57085936526085,49.923811796265255,53.35148869980841,55.17930540764802,56.6365287713839,57.650692172761076,57.84886058417034,57.94644866269577,58.251254481741555,15.68201724066995,56.67117529373235,53.64982261632261,51.21842060298349,49.586259891030025,44.90267575830813,48.02157753186962,51.66586988080664,53.87140569465301,55.714397886370676,56.730882129475376,57.49585600053788,57.45391024020678,57.19246740515857,56.71070970654973,56.12853761912409,54.7518287729585,51.658998740451956,48.67820908045573,42.39799818447098,39.75201962257852,46.966708543600994,52.035822104193265,54.00290984328534,55.435080640244514,56.12683215850451,56.813217553463176,6.989700043360188,3.0102999566398125,21.072099696478684,13.979400086720377,9.542425094393248,14.14973347970818,6.989700043360188,15.051499783199061,3.0102999566398125,0.0,3.0102999566398125,46.899123664911315,48.969338661065805,49.45635967978295,50.44179005073122,50.91877899629413,51.06738096725279,50.68055925157527,50.44328049032358,50.01188339597614,51.38826693810668,49.50934127461131,49.749765948508404,51.586097282882626,51.302694238053704,51.10916150100781,51.02999360761117,51.716006801381944,51.798389280231866,52.22947859848222,52.52289781421943,53.42489793874444,54.019052009593224,54.14406725306236,54.71134691090566,54.72231176507519,53.8313467741506,12.30448921378274,51.92511699503501,51.66471557828582,49.568213028795505,43.19772091426363,40.10384771498377,33.820170425748685,43.98096326549993,48.09667433239876,51.49520857871146,52.796327283244544,54.13004544733526,55.0194202356393,55.54077081375389,55.60284524090906,54.4790189874972,53.86167098440978,53.405432575141944,50.629916446225,48.83366128069784,46.70412857299179,46.66976368509276,46.18435126515527,47.82142836505499,49.83878762953697,51.39857056412259,51.62089230415646,45.350661505798286,50.33524274983268,53.30951235212255,56.034691597338394,57.7097271401146,59.23790947335701,60.056801785825726,60.61009287736986,60.81805847714101,60.802121946404085,60.25129653457866,59.431798104631554,58.53035924980799,56.726897581526785,54.10373953452611,49.42761830059639,44.102878494014604,46.939115288056,51.619307227749054,55.0532366137837,57.17876785482165,58.67822085632051,59.32806461020215,60.11234126346572,60.1896041517523,59.704868136814824,12.30448921378274,57.68247282375209,56.10997461854168,53.72750032455051,49.48452089645292,50.21106568432121,53.64956022878454,56.64360815192275,59.01956085162577,60.842061657128916,61.89435567246968,62.744188095491886,63.32911885761703,63.560115080194485,63.52906510524196,62.88031352792228,62.24896764622823,61.06484975221507,59.32139290042676,56.828487672897154,53.23313990462066,46.89433179216617,44.26966462630075,50.94275424932056,55.4041081916469,57.97703002233256,59.85094001542005,22.380461031287954,18.325089127062363,20.253058652647702,19.030899869919434,14.62397997898956,14.14973347970818,23.05351369446624,6.989700043360188,17.24275869600789,15.68201724066995,18.325089127062363,53.89254706848648,56.98234555707493,59.18657722165428,60.92215193917472,61.896432864272384,62.788461643853246,63.24159147559742,63.48079867499844,63.34851270317007,62.8101540391075,62.24323763557198,61.06836587366794,59.15026065070354,56.721061741334076,53.32884644964419,49.703561757982335,49.84239188288217,53.63160530286105,56.87464748659386,59.22402600658952,60.45644081465248,61.62971926384772,61.84789065137403,62.38694550138348,61.994710381857104,62.73034856205101,36.47480773173676,60.709572275094175,58.20204744605454,56.240891478307034,54.464159950582044,49.80698595513488,51.55858091753267,53.9670485759754,56.5982210857881,58.505880394988104,59.83757051859547,60.758424730410155,61.11221166318372,61.22575620061622,61.082429040329096,60.722840955784875,60.001324396209654,58.14184312017456,56.80035302215842,53.71854423813244,49.682260317537924,43.7263588058172,45.80480194586225,51.40460902873301,54.42042118440018,56.57017587340369,57.84609448162521,13.979400086720377,16.020599913279625,12.30448921378274,15.68201724066995
18.692317197309762,13.979400086720377,3.0102999566398125,16.127838567197355,50.14394516273535,53.3300771943114,55.1061202578917,56.98456364637511,58.10937841542092,59.06374913165442,59.44816654338541,59.464090299262146,59.41521867502314,59.41635640981282,58.284665473526786,57.27022070637335,56.67482838793721,54.70447244200842,51.89782178281524,45.96860890622566,42.83029709793859,47.18974753983151,50.4563587107822,53.419427177069224,55.55642112590783,56.90483151276918,57.34221184769382,58.112558698566126,58.04943189663602,57.12438394580423,18.692317197309762,54.61276370513885,53.61523858540673,50.96284178244864,46.041828375531246,46.409681305138676,49.241810416748216,52.5017838930518,54.70823418336507,56.535212356521455,57.39050719726364,57.8114118554543,58.252657432618435,57.974406699866485,57.567463791838016,55.38706917130717,53.542352499936456,52.36912446700583,46.55138434811383,42.85759782545442,46.36257147463504,49.234771690630964,51.109464258941586,52.99816620613089,54.908121739455055,56.325838164338066,56.76924866998466,6.020599913279624,17.853298350107668,6.989700043360188,6.989700043360188,13.979400086720377,14.62397997898956,9.030899869919436,17.24275869600789,9.030899869919436,13.010299956639813,20.644579892269185,48.46089580357984,49.62748053358641,50.94261442720502,51.33500586578181,51.212708749474096,51.10242809528675,51.0978434089953,51.15653772571416,50.435037445830176,49.17820481993697,49.585686609127606,49.24367170100015,49.86780688699332,50.80788775961753,51.27367240343946,49.90534198958912,51.17675564893891,51.728159401009215,53.681101552618394,54.187337128393374,54.7988181360843,55.103264675730664,55.03913193999621,55.10451171014565,54.86913389449316,54.636317367653085,22.671717284030137,52.53148929745352,50.35113408593709,47.749328133874,42.2481783739504,40.062092405376575,42.78296208091274,46.24663612196977,49.901834046096155,51.62092220569852,53.2457874475257,54.07003180991563,54.42244527847953,54.578591978229404,54.27421187280595,53.49061784012723,52.12179611180426,50.72249897613516,47.86786902271548,44.915297752974695,44.1390299750444,47.24275869600789,50.5009348391149,51.9197609821439,52.830591325425516,53.20904081462547,52.921519168239314,43.37059726320525,46.78936993706298,51.41553239182309,54.430219066833786,56.57684837181334,58.21272405116491,59.31727314108543,60.28314178389113,60.77195243452519,60.88116943868766,60.75496229914471,60.20106764559374,59.366996852582275,57.919207150339616,55.88574206654923,52.75691339927971,47.36850481163329,35.37189226243645,47.77289044357314,52.83319323929981,56.029157934358906,58.038591299171316,59.21739003735158,60.20185954737218,60.60586420086348,60.71279834536709,21.13943352306837,59.618803015432036,58.43298820730594,56.792552347804815,54.30787539746024,52.488801660242856,52.53970083415362,54.7095265297913,57.33616105069405,59.182007691679324,60.691387786419504,61.83013748033271,62.75737146009796,63.21872754961136,63.35567413341312,62.967866879835896,62.44890391479025,61.59433937019463,60.170855350180794,58.160111624076336,55.081929260254405,50.17784353096678,40.11993114659256,48.10192179172952,53.78254323811403,56.93119038865105,59.125775328087926,20.374264979406238,18.573324964312683,18.129133566428553,14.62397997898956,3.0102999566398125,18.129133566428553,23.443922736851107,21.613680022349747,20.827853703164504,21.958996524092335,11.139433523068368,53.045702272845716,55.64596240180434,57.63619639870599,59.73743283873078,61.1075969153638,62.31151654118233,62.968901754791986,63.304981887448164,63.29369603530515,62.92659379058883,62.294435163816,61.220670454564015,59.98066130337105,57.70941805624429,54.72693567112762,49.81084350678452,48.008407521378025,52.388737370178696,55.66311369379708,58.52383608604778,60.22520746891311,61.57914696725523,61.9620963354965,62.36825603788044,62.38373583270382,61.65521200768728,30.170333392987803,60.757428971337,59.10568914088586,58.041789738318414,53.67970581043394,52.53621464443451,51.383816536218035,53.54419636059475,55.93557416283832,58.124012554945125,59.426359609584765,60.48336519050206,61.22981527870789,61.38964532182162,61.364570575113035,60.53304755701721,59.704514848922194,58.79038505237237,56.31658833581398,53.30738358178876,48.957815469986954,43.9208111979816,45.936404485023026,50.50186349675361,54.20961881120924,56.52016074876856,57.727704414083206,3.0102999566398125,14.62397997898956,23.654879848908998,16.989700043360187
11.139433523068368,20.0,6.020599913279624,19.86771734266245,49.86950787858517,53.15668122423216,55.02417559937786,56.98904855277432,58.0322829963979,58.90155442276131,59.35247720003499,59.4461688788503,59.562438489637245,59.49682690795204,58.526342871578485,57.76341543868416,57.22008351358884,55.506685412043986,53.31407049219781,47.463539185264935,43.01919388035856,43.999677655885876,48.626679502285874,52.20453293407978,54.43785391541448,56.43967602282729,56.98456364637511,57.838099958729615,58.118436759700415,57.440307622616814,18.129133566428553,55.622928644564745,54.928176395096315,52.888593138109805,48.20910468985641,47.38566528545448,47.15100409415783,50.25981364088429,53.161821959163085,55.46592012319944,56.4758344268654,57.29337338852055,57.90178865017569,57.962113444743075,57.857980510004566,56.030371395479534,54.834232467261955,53.948175248640524,49.65808254379985,45.81995143761074,42.79301837274616,45.212034845748626,47.945438112306256,51.08328194266184,53.31030277256086,55.68648699913784,56.204691987100304,6.989700043360188,12.041199826559248,15.314789170422552,15.314789170422552,12.041199826559248,13.979400086720377,14.14973347970818,11.139433523068368,10.0,6.989700043360188,10.0,46.74833594759691,47.82185866492016,49.98368334404169,50.810375014301556,51.02382245940545,51.216550305807196,51.52804908653577,51.44141254002019,51.361876748566466,50.10070873751096,50.725917561442586,50.41842539100852,49.600186476802435,49.996263460513255,50.05630880886649,49.152151020418415,49.561155816924526,50.10376290757853,52.50053869521799,53.05428761567078,53.80762807215962,54.600027853594106,54.5034766042324,55.00829038831529,55.13052376877009,55.2825061417699,19.294189257142925,54.52427429018107,52.68055849588849,51.25299051518269,49.63471432445516,45.75741909831947,40.98505283201315,37.97198269838959,44.23344193632787,47.3837619112041,50.068424102946054,52.40314566027667,53.31494105917368,54.157243617687165,54.58335625991947,54.540059381037906,54.14873114601468,53.06898739870714,51.93272122062051,50.087449124671075,47.43360793420407,44.375761760140904,46.69502834104343,48.12659387162813,49.54556053354576,50.55504472542908,51.27975754418517,49.53904593413459,53.12672322369369,55.57843920244874,57.60335766666618,58.86907898662259,59.67945585433826,60.327545070180335,60.54818281052418,60.49739250904367,60.08468160240141,59.25902268912637,58.05534159588351,56.128876512892354,53.42377274934658,48.651039746411286,37.2956972630197,44.88846725473783,51.15896619139231,55.0639272367275,57.23561564584096,58.67074264549427,59.8083251407348,60.219286244882,60.55342393548944,60.34128108291043,59.86582752668954,23.443922736851107,57.4230555572051,55.076454171742306,52.75857047598181,51.16544653816021,53.383289755880085,55.83826516266919,58.337499863419346,60.09784350108113,61.45350884261614,62.159916215111856,62.84332357823277,63.22960891152738,63.24146794271053,62.97098829497577,62.1594513482369,61.236194109356816,59.66922760092528,57.47374514451384,53.98419205312158,47.88203735701417,37.460890430562,49.807349164921646,54.562764316683214,57.601585089980894,59.44445656838536,60.831889689140475,18.129133566428553,24.62397997898956,20.0,19.912260756924947,18.692317197309762,22.87801729930226,23.443922736851107,18.633228601204557,14.62397997898956,21.613680022349747,17.634279935629372,55.440581175058114,58.05496100602806,59.604293915318394,61.217600396365114,62.08031055393781,62.86575917985141,63.266536809465165,63.227360044699495,63.06351673843701,62.42406249254469,61.436049146706154,60.10369930093776,58.32828129539354,55.57391695493425,51.326854480692184,47.27411111842714,51.58932129859686,55.33039569684828,58.04313933203093,59.74690808026757,61.04133249355919,62.07844597954339,62.21095116329984,62.675248892018146,62.670836868143276,62.33875237763779,34.50864692379766,59.74080869000343,58.29731422698019,55.840348077288446,52.28318214862793,50.39120524145078,51.89986927670516,54.604919108553105,57.175448555815635,58.99678813988225,60.033441876478825,60.88451502371409,61.41455104058144,61.61240989967223,61.500271953687914,60.28382529446688,59.555848156140875,58.38018732030139,55.90182874261128,52.66824153769093,47.70653221220334,43.27420242220971,47.1164697432916,51.427178788069256,54.55504182126205,56.72779257843863,57.94033996054124,25.118833609788744,21.13943352306837,13.010299956639813,15.68201724066995
6.989700043360188,9.542425094393248,23.180633349627616,13.010299956639813,49.51653166268216,52.77765028169077,55.37039182785165,56.829794560385565,58.19503136265088,58.797528479653835,59.417523644458,59.557016975313815,59.58763545892083,59.478496806554766,58.781827296523126,57.84968722130232,56.9897695299214,55.263250591829944,52.85872227069257,48.212842023048246,41.82414652434554,43.07282047033346,48.920500573822814,52.22284562534693,54.703707939991915,56.39957383634521,57.04816896267146,57.996850909091,58.06344160545291,57.42304769618063,14.62397997898956,55.669569205679174,55.09907845878111,53.02590648306554,48.297667733886335,47.76643080505562,47.8265175161032,50.20004749647132,53.47341726470919,55.178211485140935,56.48510280149818,57.26131173065511,57.87366945897335,57.92479240044241,57.55634022143552,56.411924218352056,55.111785641907275,53.89026023969621,50.62062776687373,46.93797274319623,44.17006425118799,46.24993302232997,48.575737041474966,51.61861918436017,53.890756707963575,55.449370042443846,56.16599430304874,9.542425094393248,21.072099696478684,9.030899869919436,15.68201724066995,3.0102999566398125,6.020599913279624,6.989700043360188,0.0,9.030899869919436,19.294189257142925,16.020599913279625,47.45511990349593,48.20523283175604,49.97530542741596,50.645553201861794,51.088152459627985,51.147777319715615,51.41841559157217,51.47605223950996,51.26098923288605,49.83919325739692,51.19420863442087,50.69823438532212,48.14580516010318,48.843194744119444,48.98094118959344,49.84662306190106,50.00559878837396,50.835921927875624,51.898270631206614,52.995530573741576,53.51154437036548,54.091347752249284,54.655092543905326,54.74661988664395,54.85472984406131,55.28600501047557,17.634279935629372,54.47990148430402,52.60195454399832,50.89551882886454,50.081954933208195,44.89255168369261,39.230885154423994,38.94869656745252,44.592869172423875,47.22444700009176,50.238366146168794,52.390140275795865,53.501316738725386,53.951585849181534,54.20434364509439,54.8633553297812,54.31881391942893,52.94583051094684,52.4235256355007,50.67312683660242,48.495668154778826,44.91431735682969,46.115640020881244,48.16506437046357,49.601852766046115,50.414597982104624,51.117227831724406,49.44369148529006,52.822594830839826,55.63955464995813,57.452387927010605,58.783930965872685,59.63884588705468,60.33295458816529,60.505781019403734,60.46336323202385,59.98313839833308,59.33234635180381,58.11875824846382,55.98335188810586,53.15369890835559,48.14387453334589,37.53889331459833,44.42730552661372,51.35326688341679,54.892523528367505,57.29302510506712,58.74310733442129,59.68820912938514,60.359469809808715,60.40599571379042,60.20149885609169,59.803742961717504,21.335389083702175,57.33076834043662,54.88203706336541,52.446283736841075,51.3372089071826,52.931812845836674,55.80060085598399,58.34145923923306,60.12154044175236,61.458428587625214,62.33291127235774,62.93665239762352,63.17331517150986,63.174603329396604,62.78964982342197,62.228207413163915,61.121587492296506,59.665556410941115,57.40496905229105,54.120033316027246,47.93769437506466,38.01952234854282,49.92522590369056,54.76686742945645,57.60713423570496,59.61362709572458,60.73614620374179,12.552725051033061,18.692317197309762,16.989700043360187,10.0,24.857214264815802,19.86771734266245,20.969100130080562,25.670263661590603,21.702617153949575,13.979400086720377,18.129133566428553,55.467918178053004,57.98194707696717,59.77983646958038,61.2447618389493,62.27594678329082,62.956853878679276,63.36963983113819,63.31650966374131,63.08315289709619,62.45467261926602,61.41791430300596,60.112002686740055,58.2097999461747,55.342101977350005,51.0539095031064,46.73361938712162,51.66444915720618,55.18842826286565,58.15381142412167,59.99694583612779,61.266670423308284,62.03623789295059,62.628299235188436,62.24073145519719,62.36401208265657,61.98549874451106,39.819997141298785,59.926418698783976,57.62691314846276,56.22207803907707,53.746768739487635,50.71329586860343,52.29796990584995,54.23712694379625,57.265854086942056,58.61741054798752,60.15400416213004,60.89661061183905,61.27875796543659,61.484067462822,61.11468183390454,60.560678379109575,59.535185647997395,58.422802742581524,55.998175956082164,52.99764356321968,48.32106365139072,42.928096654172904,47.47271940989394,52.028723098734204,54.753820466030504,56.53152673524303,57.7139711383363,16.532125137753436,15.051499783199061,21.64352855784437,20.0
13.010299956639813,6.989700043360188,16.901960800285135,19.49390006644913,49.03984796905022,52.41688399982937,55.491663985178654,57.174016897159035,58.33623872553913,58.952705716370886,59.62542166582067,59.73560084859684,59.77545279368978,59.37490308928376,59.07166732498072,58.140890359827615,56.24003480331562,54.3487535669791,51.66030272340217,47.986506454452694,40.9847066565063,43.148148872107214,50.3200596544578,53.14478175864182,55.25930641583702,56.82513303070267,57.503988431729695,58.03634621137648,57.9516301361933,57.84421138354112,16.532125137753436,56.01913392200325,54.17320535742809,51.6108337121959,48.21657614283278,47.26344078716337,49.038710143454395,51.632955798687156,54.376950837044326,55.33539474494976,56.7688557107062,57.5910932288064,57.826445879309176,57.48976021495611,56.76661607799802,56.30608878092061,54.930535435716465,51.58401697466317,50.23141298953668,46.2811293764317,44.185995591278086,48.06410631664376,51.53708182422587,53.80017575580474,55.21620510428646,55.60916411173562,56.26578496687869,6.989700043360188,16.532125137753436,14.62397997898956,13.010299956639813,17.853298350107668,6.020599913279624,10.0,19.49390006644913,9.030899869919436,17.16003343634799,14.62397997898956,48.48663193962516,49.49121539452631,49.659914643297995,50.54620714004017,50.99835965092591,51.3529806538826,51.24598768146196,51.08274043678448,50.888905735599266,49.97443179760522,50.889861189479134,50.67331280208168,48.15345265515724,48.45693235834101,48.90979596989689,51.300022914218445,51.60798553538355,52.45142372652961,51.99329996688036,53.35919030990713,53.63987829748491,54.286951260218814,54.98520067565735,54.571322055476024,54.66608151957938,54.910379537634874,15.051499783199061,53.49302787709901,50.90106323239195,48.31031077233856,47.28556675966476,37.384634394619525,35.65020928345294,43.83815365980431,47.89756932285287,50.33697114112424,52.488581287603424,53.81573511428955,54.23889463737666,54.49413597307745,54.36127647540384,54.818580911005895,54.235604186457834,51.67993362307917,51.41700556997391,49.52467932422607,47.30491572421209,45.71126277084311,47.21686984387049,49.48339599027535,51.19681394958262,51.63629420984208,52.320859325953435,46.026892622155025,50.16832849421293,53.62981701759849,56.08237120972169,57.85712699692401,59.12699146215037,60.09328494196495,60.6315051890217,60.836179863731566,60.696481203857076,60.37600180999089,59.52415115963176,58.021235068847005,56.21643572194573,53.352291588401144,49.13813852383717,41.212314551496206,45.865535499028816,51.70921459017001,55.228613731536164,57.332975988212134,58.80339037812436,59.830811603752345,60.2139522990733,60.32555908492854,60.039376491843946,18.129133566428553,58.33648079050144,56.4898124192495,53.98309870032044,51.79497213693938,50.68055925157527,53.56117680679666,56.600169219014276,58.88463125359745,60.682396812316696,61.903636386543894,62.71875280471551,63.13152365514288,63.31500988725783,63.209047037645135,62.87926403799509,62.06567380413621,60.95831973237562,59.09787021022432,56.72541166393981,52.66838250043966,46.12741484459406,41.94042327886423,51.585584835680265,55.55347209402201,58.39076878239452,59.94386229479437,16.020599913279625,9.542425094393248,16.901960800285135,19.54242509439325,14.14973347970818,15.563025007672874,6.020599913279624,22.55272505103306,17.634279935629372,16.901960800285135,15.314789170422552,53.782706830963576,56.54747201443952,59.20201095622649,60.71827901148731,62.033049161384824,62.709944872610215,63.22395045029529,63.352267503902915,63.33411199350101,62.71497983177291,62.12465676981082,60.91105704644857,58.83407028721595,56.24122171751174,52.57354532711048,47.97475287537334,49.16190659980537,53.821701899714654,57.2394879647332,59.24458137194758,60.61101357879209,61.56443139043377,62.34695925032553,62.79961088050656,62.613913533574824,62.32208078396316,34.487063199050795,60.85306279636618,58.84973122177377,56.81693392004564,53.21476222645926,51.6408208099412,51.591007680319684,54.17654340805952,56.82920876290239,58.42795147738827,59.80391107550532,60.84623815386932,61.13012631457777,61.30483654648415,61.08460158044185,60.81943962644423,59.78367255378869,58.43023992408135,56.77706391122471,53.881314092195765,49.610269650956916,42.67171728403014,47.78766065508378,52.25609048246355,54.985820752843765,56.40716905830085,57.68757941110452,6.989700043360188,14.62397997898956,16.989700043360187,14.62397997898956
14.62397997898956,10.0,13.010299956639813,14.62397997898956,50.274393119239605,53.02114376956201,54.77845921575894,56.80641859486555,57.957361551867805,58.89059550860119,59.54351069490359,59.73072408211802,59.65631547991027,59.507230482566754,58.77049825928084,58.05371026162129,56.945042905136134,55.27629900871339,52.90179352067709,48.277956029529435,43.53377594888645,44.55408315242286,47.94662287175811,52.45122614706487,54.484976229540855,56.24539913879395,57.329668111520895,57.693610766588826,57.98071660668863,57.93111880765806,9.030899869919436,56.351146407607146,54.56780389223262,52.31726930502759,49.8790300705019,44.63190984099011,45.493098589194986,50.378446536374,52.70084622351567,55.32276519620717,56.46526252527142,57.2312880198018,57.44503428011109,57.621028734102815,57.3922492815574,55.83262269303246,54.481898052004205,53.19840717925718,48.7046243158892,42.808741725572155,38.603380065709935,44.470649582664834,49.9183277767832,52.234544045367684,54.23201622810726,55.84743834254286,56.66446840287578,11.139433523068368,16.532125137753436,-inf,23.443922736851107,16.989700043360187,10.0,17.16003343634799,12.041199826559248,6.989700043360188,18.325089127062363,18.129133566428553,45.065726742525136,47.24095558994076,49.57252811767583,50.30518764843542,50.80355870349396,50.95800276863868,51.15853382426964,51.20448889037459,50.9191304667608,51.62211809859451,50.32046307515414,50.083659302057754,52.01356151210189,52.168570550960574,51.79747064881858,49.38319543342156,49.97495599658018,50.44575035587365,52.26097018175195,52.25539293477469,53.58812073419482,54.067530177241274,54.17606195711759,54.74456662594598,55.261388869846485,54.502383278260794,13.010299956639813,53.32474817931683,53.13683765996568,51.69536307625839,47.73823000217266,46.240963720278856,40.473527607539346,34.73778834646725,44.404682698221485,48.877185489040336,51.25367390795991,52.94133212900264,54.344427487127035,55.241207869206534,55.64282485066499,54.59588479232008,54.13482498213359,54.448688606740106,51.81260327548817,49.738756743440796,47.60490336635115,46.358555527964214,45.56423121371285,47.43101932267011,48.65032870133331,50.0969304731329,51.084466251429895,49.453750195528954,53.05301917259521,55.56810087297093,57.53485772160737,58.93217860193566,59.81750219652248,60.38646385710389,60.594865481695024,60.49407597361263,60.33638034985157,59.28987994048434,58.200384863518366,56.799672496822964,54.293727119392436,50.371554773862506,42.46621662695988,45.97739051839585,51.20705515658274,54.62429445671102,56.930688548714215,58.457180179666594,59.5662986334912,59.86716212659885,60.1896041517523,59.915848851134506,59.1144526685177,22.50420002308894,56.29373916165332,54.402681823938565,51.575444039678956,49.79957893340665,53.26001817397675,56.203130694023415,58.525903831191584,60.316184907893835,61.69374614507315,62.416460780013885,63.05946289219898,63.51215571540021,63.53722591235501,63.20942869914031,62.34360595411182,61.374414679466824,60.04452502318173,57.70546425834549,54.46999795243343,48.95046657912063,41.15444083436239,48.8820758450285,54.15081908021853,57.208965642679516,58.98552416470668,60.55076208141534,24.232458739368077,19.294189257142925,12.30448921378274,24.74216264076255,26.063813651106052,18.129133566428553,23.26335860928751,22.671717284030137,6.989700043360188,18.692317197309762,20.374264979406238,55.61122859218824,58.0384548527972,59.71976835333548,61.303440627607195,62.27922937138875,62.91317780101867,63.31131794776191,63.38058872421555,63.17183206212623,62.584059485378305,61.63452397924134,60.282559901433864,58.39395705882639,55.378555994520255,51.13251270712808,48.312360993431575,50.94987921467366,55.4289635178487,57.41996507803524,59.85732662747523,61.07179092926962,61.983766290933815,62.13924501723184,62.5464908655988,62.25093373367769,61.98478109758981,40.0108438129222,59.91265958048304,58.38432219790331,55.93113201143901,53.04372028490833,48.20654571280084,50.868508041805995,54.74798818800632,57.00496902209718,58.979623031986456,60.18710898313803,61.09929350220636,61.445025975979924,61.56047636372889,61.37357276770872,60.52801636679875,59.70083615858606,58.297494197728064,56.02515761296579,53.079942279931906,48.79216340785871,44.260067313770115,47.335583580496426,51.641386303361685,54.76022548711541,56.90353815498252,57.900774695283104,24.099331233312945,19.030899869919434,16.020599913279625,16.989700043360187
0.0,10.0,14.62397997898956,0.0,49.49785083665596,52.761905726748914,54.99744801467046,56.77521180214738,58.097374360082924,58.78283327648564,59.40698233005027,59.445897520193554,59.40704704821524,59.49297282194691,58.525239088359804,57.71171358278447,57.09019660594944,55.479838053590754,52.87712175443487,47.991267963998816,41.92344395046124,43.487136474677534,48.71228398723132,51.918309257862305,54.53766166412919,56.09306206714763,57.02224542399078,57.9369611440379,58.06410631664376,57.20696668749796,22.04119982655925,55.52935766136109,55.004258540048085,52.7479496297012,47.97302172183703,46.923268641226414,47.715066402054774,50.268150763557955,53.317693332066895,55.41964696392887,56.71703117438621,57.38431714820286,57.93223057513507,57.851254549334755,57.617715243896114,56.115640020881244,54.67656933223367,53.82911740091514,49.56691766564289,45.67285217961632,43.57172257723033,45.76721335591952,48.20286864525734,51.2645935926782,53.77721401329459,55.698009704238615,56.21401682370069,6.989700043360188,9.030899869919436,16.127838567197355,16.989700043360187,20.253058652647702,13.010299956639813,15.563025007672874,3.0102999566398125,0.0,16.532125137753436,15.051499783199061,47.37033531333878,48.06322453486496,50.23877722692095,50.54712616834395,51.074338450271874,51.0655803885459,51.28105115568012,51.352503562733915,51.363717234923236,50.07320952922744,51.03998596797865,50.40800061256529,49.14755567449905,49.320524570943306,49.802079647638564,49.590461647617055,49.686136842021725,50.04084812371414,52.40853646906998,52.96076959140754,53.76659063797446,54.33547431010293,54.65174578134159,54.99583994162351,55.14565017846958,55.3528399060728,15.051499783199061,54.33705844756943,52.85021423670143,51.108051207975095,49.732849104356504,45.24642736529577,40.101727032867785,37.84260582566083,44.74216264076255,47.80785204968299,50.45831314347755,52.353718706748,53.49211455272695,54.12833359804157,54.46377150718192,54.77845921575894,54.377901864217016,53.19534934592215,52.06202310414562,50.48150363332397,47.74735882551753,44.67667289895786,46.54686610467077,48.30870836339318,49.996524253660795,50.05952286887383,51.26462605079578,49.268567089496926,52.77237785300893,55.64084643649306,57.45744463255002,58.841845441829825,59.62390647308165,60.27137506101974,60.49816703562867,60.487936027070255,59.96206858598805,59.257368939497816,57.977445178793864,56.04715169095218,53.17981897112367,48.18786550273234,37.42332282357148,44.768026552655165,51.56779260378176,55.119488342882825,57.33358590390627,58.79744828165918,59.70512843582078,60.37516136632754,60.48909641679947,60.226613346954274,59.72003702510512,16.020599913279625,57.183222873667255,55.11682871101388,52.61999948651827,51.27341327205553,53.32878591221864,56.03894263676253,58.38298005487325,60.16489295393043,61.40404013594569,62.30598344065499,62.987452532401164,63.22497567645811,63.09066069967665,62.77363464742726,62.26581862925329,61.113986295283745,59.67670104368431,57.41250111834379,54.12979374710632,48.06790271584067,39.07250082881328,49.47183660987029,54.81628919507578,57.67592910119718,59.384766938679434,60.66320706341196,10.0,20.681858617461618,24.14973347970818,13.979400086720377,3.0102999566398125,11.139433523068368,0.0,20.969100130080562,0.0,15.051499783199061,6.020599913279624,55.5119251678571,57.77528315082557,59.65928054247023,61.14539596630169,62.2002880898032,62.85083827530219,63.222368729643435,63.261311616633094,62.99730381159609,62.52375772777569,61.416808130413365,59.919880810899016,58.220751932059954,55.24603806718669,51.01654295437143,46.78518379040114,50.906177580062774,55.527862016659874,57.895031526532094,59.785803769314676,61.08788201860235,62.037691481933024,62.424134565520895,62.63270728923451,62.48566641969275,61.1097266320795,34.49169732165201,59.68050306578951,58.171712188963426,55.47224414596389,53.46104455614365,51.709302488315465,51.88391256823679,54.92352435460081,57.301303448731105,58.67738469056448,60.13032823990585,61.024700668882595,61.52619138532707,61.66651793158282,61.366603323578666,60.52601995628117,59.528137457069114,58.532429981177515,55.94282028811806,52.58828770593979,47.894749457600625,43.63423932917176,47.19480446493564,51.75363930921569,54.85772516944777,56.73824207886986,57.84934518364098,10.0,23.443922736851107,13.979400086720377,10.0
3.0102999566398125,10.0,18.325089127062363,17.24275869600789,14.62397997898956,15.314789170422552,15.051499783199061,10.0,17.853298350107668,19.030899869919434,18.325089127062363,11.139433523068368,13.979400086720377,12.041199826559248,13.979400086720377,17.16003343634799,9.030899869919436,12.041199826559248,14.14973347970818,17.16003343634799,13.979400086720377,6.989700043360188,6.989700043360188,18.325089127062363,15.563025007672874,15.051499783199061,12.041199826559248,16.901960800285135,13.979400086720377,11.139433523068368,3.0102999566398125,10.0,17.853298350107668,18.129133566428553,16.532125137753436,6.989700043360188,-inf,9.542425094393248,6.020599913279624,10.0,16.989700043360187,19.084850188786497,13.010299956639813,9.542425094393248,13.979400086720377,12.552725051033061,18.129133566428553,15.051499783199061,6.020599913279624,13.979400086720377,0.0,20.043213737826427,13.010299956639813,21.13943352306837,18.633228601204557,16.532125137753436,13.010299956639813,13.979400086720377,17.16003343634799,19.294189257142925,19.030899869919434,10.0,19.030899869919434,0.0,12.041199826559248,13.979400086720377,22.50420002308894,15.68201724066995,37.74808830310705,35.24915147539867,31.658376246901284,29.986951583116557,20.681858617461618,3.0102999566398125,26.19093330626743,28.90979596989689,35.12817758564873,35.19171463821659,37.78223626766096,36.29919035503542,40.56371179475529,40.38739348104749,38.90141460064577,37.190825739014855,35.54004321011903,37.49736315569061,34.9220145139254,35.12284063281854,29.938769149412114,28.721562727482926,25.68201724066995,30.884904701823963,30.038911662369102,33.611609951950264,18.633228601204557,36.21280167550415,36.602012013806814,34.65382851448418,35.186455243303115,37.130703258556395,34.379090355394986,34.0226138245468,28.721562727482926,20.681858617461618,23.654879848908998,17.24275869600789,30.72249897613515,33.38456493604605,34.184670209466006,34.77844476338758,35.43074235033532,35.289167002776544,37.17087724927019,36.083120426973274,36.25826713285711,35.428254269591804,31.740598077250255,34.222614508136026,31.622656142980215,26.283889300503116,27.109631189952758,54.14560572113419,57.40351634584914,59.86026526492146,61.80309708617446,63.23625371074523,64.26110289200855,65.0009438622778,65.36600102543984,65.40995424496404,65.12841892773378,64.46925311242748,63.37359412001355,61.649500461090554,59.08524693352388,55.00206276308606,48.186217263758884,49.89449817666692,56.189011963423006,59.88583925864099,62.11906154345939,63.68942759945563,64.62859153421158,65.12093508656478,65.213511235246,64.8982493793834,64.2485502303348,25.118833609788744,61.42991366466384,58.80969567417934,55.79190036353437,54.15749373209087,56.968140354659916,60.33482461698895,62.88991498334617,64.78455238471916,66.15355934411798,67.10581803316047,67.70206420706589,67.96965438342538,67.98732663430539,67.68612723503216,67.08257010161918,66.12415291540819,64.68645620757287,62.63602459758306,59.549199627280665,54.17215857442295,44.43982303007413,53.16584636813098,58.82083758742033,62.065347202293154,64.113982940119,65.35426034365295,65.73990152570617,65.79571883605584,22.09515014542631,12.041199826559248,16.127838567197355,19.294189257142925,15.563025007672874,22.85557309007774,20.170333392987803,22.278867046136735,6.989700043360188,15.563025007672874,15.314789170422552,13.010299956639813,15.314789170422552,6.020599913279624,20.0,23.26335860928751,18.06179973983887,19.49390006644913,23.010299956639813,15.314789170422552,18.129133566428553,23.05351369446624,20.681858617461618,21.958996524092335,19.912260756924947,18.633228601204557,13.010299956639813,26.78518379040114,33.38456493604605,32.68577971882843,33.473300153169504,34.807253789884875,27.67897616018091,32.304489213782745,38.13247300897605,27.331972651065698,35.481436374348455,38.360708089151416,35.98243191653623,24.857214264815802,31.598678470925666,27.61927838420529,18.129133566428553,27.671558660821805,28.280150642239768,24.082399653118497,26.532125137753436,18.692317197309762,27.16837723299524,21.702617153949575,24.60897842756548,13.010299956639813,9.030899869919436,15.314789170422552,6.020599913279624,11.139433523068368,20.170333392987803,23.979400086720375,19.294189257142925,6.020599913279624,20.644579892269185,13.010299956639813,17.853298350107668,6.989700043360188,19.54242509439325,0.0
22.671717284030137,15.314789170422552,21.613680022349747,18.129133566428553,48.90510439603599,52.303083916060274,55.33601763267417,57.09002685854837,57.941428440628556,58.84424328203015,59.44305957310824,59.55464533890195,59.741896520056244,58.94263434526698,58.90971223622042,58.01645146302949,56.05903808707347,54.194402339858556,51.75332028105734,47.98850830461413,41.39438274158168,42.81169773409736,50.181052239269796,53.23985963566756,55.31540224876896,56.79678588421457,57.29900683936375,58.05267676622399,58.043807157629516,57.977175331608365,17.634279935629372,56.36225033552535,54.082976412177715,51.77276711258586,48.57338528257185,47.6331566149819,48.945652673415445,51.297704289602,54.1738698506293,55.181769018966484,56.08793373986931,57.033919851861796,57.24558478754496,57.013987240079885,56.43528671371162,55.78071620845516,54.43200381940077,50.35549803010057,49.289332663154475,44.78176754287997,43.29804522164069,48.466957827841235,51.629286548775475,53.92943042340061,55.43403686324847,55.69426583648857,56.32216288061563,0.0,16.532125137753436,18.129133566428553,9.542425094393248,19.49390006644913,14.14973347970818,16.989700043360187,13.010299956639813,3.0102999566398125,21.13943352306837,13.979400086720377,47.932454292680745,49.14475382567837,49.13813852383717,50.263289387223494,50.39909606374096,51.19800066362132,51.353648493453335,51.18413544851511,51.51911996707007,50.54494315849014,51.64534269693047,51.3433651094868,49.55711796961274,49.506179567644196,49.686136842021725,51.78139188171479,51.950191065535165,52.38359786408524,52.06839363228693,53.045702272845716,53.24259813762951,53.78937254018315,54.36514076538113,54.1904657710416,54.19058160342232,54.41352591194757,15.68201724066995,52.95358148561121,50.05750900286472,47.885218872224726,45.47528576459782,35.73799582215741,37.197454925295766,45.42202782434028,49.001485607193445,51.41092156375883,53.00136602227188,54.33457797640696,54.59972667328094,55.01259238234247,55.10160140597809,55.16684740220736,54.671121200816835,52.59804047575338,52.302879471232025,50.44978536697804,48.23265509001966,46.16633028663394,47.18152784542,48.655540330498454,50.30081335414012,51.389339402569234,51.563825489722106,44.898179083014504,50.02330241568373,53.2577214153862,55.99670237458007,57.64149221743609,59.0860617549945,60.04680700524232,60.551951703477286,60.82525792831306,60.587770385073824,60.47089814620003,59.60946195733832,58.291673507693076,56.6468897458024,54.25659730420213,50.38739348104749,45.52729037410788,47.06017568899007,51.821434904285326,54.89149573406167,57.116604717432196,58.51945946775828,59.36377501430024,59.94002428168969,59.965545741270255,59.79494198323688,0.0,57.87503689274317,55.633825866789756,53.13219512340804,50.38174911077951,50.120818233432104,53.486397054613455,56.75636302321037,58.91660090916463,60.82400795638556,61.818107288955375,62.753841532444156,63.22669899922409,63.45121119276864,63.4474683549115,62.836128136721385,62.319141069192064,61.00754346948284,59.49282639682136,57.07216635745846,53.50530993063832,47.58525849468877,43.44726217939861,50.751453270538526,55.182506513084995,57.84458236138054,59.67905840889357,20.681858617461618,15.68201724066995,16.989700043360187,6.989700043360188,16.532125137753436,19.138138523837167,14.62397997898956,6.989700043360188,17.24275869600789,19.86771734266245,21.13943352306837,54.049380031663304,56.80482368970803,59.063312700004076,60.9639341660219,61.74979491013766,62.69096428925459,63.08379345478427,63.26840537346052,63.20227111390207,62.491518670428185,62.00196376123998,60.87066230327505,58.9204393204508,56.535414878538546,53.16157030973724,48.93839406748238,49.71767399676102,53.47269502656694,57.022529909064204,59.13025581467483,60.546777726335186,61.59375869039679,61.57737744632616,61.87125728101728,61.802557998495416,62.14458373080812,41.80727847744507,59.58263738897646,57.9208687594288,56.704286266019125,52.558053951488205,51.72500766594151,52.23955172812011,54.07399403301113,56.66551674509332,58.45673409109821,59.53009294055584,60.77057064545834,61.114134148564474,61.284396588114795,61.17027558231275,60.686028811224666,59.905563916015716,58.12057287410332,56.93819248670681,53.94600506254613,49.9412790513327,43.7935991448763,47.583440634019766,51.9802442553312,54.860987864507905,56.25371107629426,57.8322303260894,26.283889300503116,17.24275869600789,6.989700043360188,15.68201724066995
21.13943352306837,3.0102999566398125,17.24275869600789,15.314789170422552,49.75643159678416,52.96880090917909,54.9902276392022,56.783444443274995,57.93729635072498,58.858726850232316,59.280156782346474,59.55443842075575,59.560809862791295,59.486774722796866,58.693567081283,57.79851798669136,57.27341142686791,55.44811911757776,52.94906910605192,47.612736501115094,41.620264324211774,43.114147671623584,48.44060699573017,51.90849740555827,54.598702503955835,56.27189644785828,57.01388358943325,57.95994655955667,58.14948428860821,57.453402861762385,11.139433523068368,55.70880204335833,55.099883813944494,53.30505087354763,48.406141476488344,47.75508506072277,47.24423340799064,49.68492288119787,52.676972587620234,54.80403666591187,56.002157582265006,56.86265262668016,57.45924583183074,57.51683179425973,57.20491721642497,55.34373910281932,53.9641556842564,52.89716011908372,48.50633984108103,43.89254706848648,43.258849439689996,46.7670275257035,48.83144515907282,51.60534555668797,53.88729798181947,55.77778936695224,56.416208336237844,12.552725051033061,16.020599913279625,15.68201724066995,15.68201724066995,15.314789170422552,6.989700043360188,18.129133566428553,15.68201724066995,16.901960800285135,10.0,15.314789170422552,46.34295856390155,47.31749883527264,49.361617409111574,50.10376290757853,50.76290828800032,50.784024372094414,51.209981481045624,51.37268636844819,51.67969763354912,50.524707749422646,51.62713725583078,51.22687609947259,50.21193435188165,50.32135046879902,50.7160588491774,50.3499722976633,50.31182168178816,50.49128828037529,52.347854711735174,52.82984440133955,53.421264699557256,53.9543822915885,53.99564701613989,54.583734153747784,54.72810549973741,54.99172771443074,6.020599913279624,53.8929723921831,52.10749122129553,50.68427069462388,48.887690149758456,44.20450859106068,38.63203859028629,39.3696589710787,45.902844037181616,48.46590685862033,51.1541744899857,53.01316535474298,54.037740458097545,54.703707939991915,54.99781902390835,55.00248828159228,54.780294276121104,53.74405539576627,52.885711371611876,51.21842060298349,48.91882971772194,46.07937304754407,46.98839696444287,48.31031077233856,49.31788296963379,49.84333750394214,50.955633515828595,49.06448180715921,52.863598992244135,55.55300054669641,57.465610320554305,58.8027610611817,59.72385222279658,60.3531164206277,60.65358590230002,60.600810821029,60.09521006175958,59.48510768837657,58.29629210878877,56.612228178954524,54.035271599625155,50.284573777879345,43.79523063830554,44.973858325374465,50.61120599582284,54.6199796328003,56.75196143604052,58.35985918091855,59.30174961532656,59.80069306578207,59.97855378832807,59.719008570789434,59.34841711190877,20.5307844348342,56.53586810788206,54.081585274614554,51.44813859576314,50.132291777512094,53.31914971188991,56.09231456315057,58.62408690392873,60.31698032014432,61.568458481430646,62.38451840810529,63.057203629562075,63.35368023524917,63.405164912225715,63.09368021409071,62.35258949230763,61.44501040727468,59.845133616907454,57.7015953305839,54.64049664915832,49.343418750108185,40.9247501292598,49.01572737742424,54.017037516917014,57.161010489017976,59.04962098298579,60.49547496153299,19.294189257142925,9.030899869919436,19.294189257142925,21.072099696478684,20.253058652647702,22.380461031287954,6.989700043360188,3.0102999566398125,17.16003343634799,18.06179973983887,13.979400086720377,55.72640458877754,58.16693261433826,59.751564382693026,61.215404761256764,62.101828317787664,62.86358102360041,63.18120332373138,63.25093889214759,62.98252505655764,62.27892101138796,61.41895127976957,59.84405783895757,58.33310977737183,55.430207533250496,51.586669946444886,48.40965047132446,51.466395813588115,55.04525230857272,58.03922571850371,59.646579044553214,60.8344707531749,61.64748300120297,61.8130896251155,62.64615026233478,62.27488718846799,61.9056755408475,29.661417327390325,59.88010168594616,58.10163939767939,56.63705635716403,53.18397279217511,51.9605729758664,52.857912699468486,54.761067168401915,57.15151458530152,58.908818976537695,59.925119861603974,60.72553172686472,61.275220391354495,61.52083994402665,61.321450155250915,60.449241055126926,59.5102504471949,58.32780900238579,55.824315612688586,52.82599457384596,48.81299044952725,44.51003078627362,47.67155866082181,51.799680776990755,54.62998107529896,56.666321550429274,57.80130734305371,15.68201724066995,18.129133566428553,14.62397997898956,6.020599913279624
9.030899869919436,6.989700043360188,17.24275869600789,13.010299956639813,49.623977509551516,52.58182160366098,55.011277575229805,56.78905156769132,57.74144553687519,58.70247601378097,59.29117369580554,59.49649529833766,59.741896520056244,58.98476158573823,59.03977754088278,58.31478157084925,56.40541061410289,54.67514873933678,52.29574343049451,50.273210616593964,45.47196080987191,42.70166229260694,48.12712866765369,51.66658006835742,54.09190639676993,55.710773068920076,56.79909169753503,57.3759413968458,57.62123151874593,58.26388418586396,26.857417386022636,57.175040747642015,54.428840861313155,52.46658580465039,51.72118165571223,46.505503492394105,46.295115342004536,49.72003702510512,52.23656857099787,53.98330697921948,55.28919270059886,56.428215040262245,56.79246145413859,56.83853607998975,56.54062897855446,56.43449715377352,55.3822173223912,52.591971472152224,51.280954148182715,47.175040747642015,40.34146977106046,42.46744709723841,49.38459680314046,52.24382833406036,54.14266208869465,54.71743377126196,55.870663394739196,13.979400086720377,15.051499783199061,13.010299956639813,14.14973347970818,19.912260756924947,13.979400086720377,-inf,13.979400086720377,15.314789170422552,12.041199826559248,6.989700043360188,45.848850489455245,46.95569227036185,47.19704089747535,48.768757140174266,49.57022727049598,50.679927990704314,50.79275332992986,51.012829830700184,51.14694366104735,51.973935978497096,50.771207050299694,51.01870747801784,51.9729434503319,51.33491005601791,51.106974289038575,50.91642341016477,50.931133667588284,51.37319290446399,50.73623051650276,51.26020951837852,51.8822517270528,52.806352710536345,53.84132895011018,54.06317014960544,54.55784053196815,54.508785329890244,18.325089127062363,53.87482371039476,53.49634920349543,52.46227677767315,49.633013339681355,48.14387453334589,43.45569756056392,33.44195715871435,38.604577954234706,47.01895956420554,49.8789854141196,51.87873089603788,53.301295624875245,54.41973057990779,55.20033939601064,55.13368111641689,55.11863316155595,54.941838243940985,53.77621291746241,52.66838250043966,51.10515638257253,49.98106698080033,46.98570269506439,44.793449304961406,45.50680762286439,48.405326482763186,49.611457162877606,52.2825916437937,54.980636940807194,56.77771150682378,58.34500179293778,59.28011064916039,60.03568230679656,60.29635757723551,60.20106349913113,59.978165335433815,59.241810416748216,58.011044720466145,56.38858499846704,54.26031157617341,50.90645957573315,46.00068535135711,46.38449319993654,50.87160045935873,54.200300510750246,56.46067336368441,58.00605054341097,59.06103284411182,59.63074432314706,59.642077569654774,59.68790114923042,59.12546194579116,57.8966319208238,20.253058652647702,53.80082743919474,51.11548139767291,49.27780849347374,52.36118887854222,55.23685349215916,57.87580898378722,59.791225209727166,61.31034508028235,62.43718984667162,62.888901306915564,63.29484932948588,63.454545037815606,63.23248180156297,62.8129636546053,61.64379626536971,60.48187289912654,58.8000425086132,55.89878143398823,51.77646141838193,45.35610545908793,45.95958928757548,52.08476292089471,55.59136655421122,58.14669029849587,59.67690689639526,60.82108995538291,18.129133566428553,18.573324964312683,14.62397997898956,13.010299956639813,16.989700043360187,21.702617153949575,17.24275869600789,13.010299956639813,6.989700043360188,24.84299839346786,11.139433523068368,56.743999745578705,58.94321048179212,60.720751885744946,61.91263450417517,62.58290714427039,63.07007128043018,63.36338434672772,63.215986375680515,63.00891868055282,61.98153508276106,61.22057536781089,59.6524169380088,56.87611888382656,53.59541428032134,49.42290872747812,48.963994379068154,52.67098948635138,55.991808681257716,58.56873832362836,60.208769083313875,61.13915623389329,61.938200260161125,62.46642337033287,62.2737758792837,61.99437291178994,62.16299206271298,18.129133566428553,59.7741720533208,56.67636905352097,55.06283093166243,52.81426555413826,51.05554463518662,52.89811839117622,55.675215795852544,57.755645770971924,59.215434208086066,60.2639024655699,61.10777190777438,61.255804752047936,61.388058723130435,61.06925549365883,60.672196889741414,59.75887463705655,57.78794976552835,56.26276707253553,53.301295624875245,49.351040211514494,44.20368379857524,48.58639443236374,52.30622604436739,55.052219023874244,56.61381962236577,57.92694189310847,24.14973347970818,16.989700043360187,17.853298350107668,16.020599913279625
18.573324964312683,21.13943352306837,18.633228601204557,19.54242509439325,49.328895952984304,52.415913022553,55.31888748692421,56.92333919884369,57.98364013183382,58.74046725512229,59.25891451914731,59.57734157212496,59.56627943728531,59.16037352519311,58.869338178438674,57.987445368048185,56.49082583053681,54.77764980888854,52.616719837104576,49.284060949303125,44.018311749089484,42.377698743010185,49.104376287751606,51.893218410204966,54.55120587554202,56.16669773892052,56.68201348919786,57.546693502843354,57.64488472875871,57.483965933735234,18.325089127062363,56.008640363098394,54.35941466431446,52.1891869158815,48.582122574519104,47.56522005390551,48.381183580665166,50.51638660080827,53.61450176456757,55.036517955311766,56.16887032128152,57.07894498493776,57.545325659433516,57.40063317955943,57.07818759821376,56.55631060330539,55.50068062697929,52.823274992385265,51.363463421103255,48.048887446223915,44.506339505970054,46.164229962656826,49.03898108135064,52.10620788466145,54.06691731278148,55.02952598730574,55.87693009320314,15.68201724066995,18.129133566428553,0.0,16.020599913279625,18.573324964312683,13.010299956639813,17.24275869600789,15.68201724066995,19.030899869919434,20.863598306747484,15.314789170422552,49.01049445343407,49.53783845370893,49.316053227035475,50.26749744968129,50.775859063672435,51.23345213143934,51.22599199279638,51.17672252740797,51.06836587366794,50.02304322566113,50.91568482905878,50.59658066366697,48.24834971263772,48.02807920361629,48.36077143385893,50.73604722580332,51.05367099490007,51.798389280231866,51.70085614365889,53.007867226313074,53.4584600176348,54.12871966219988,55.01920147297274,54.94624825044663,55.21164245234233,55.68071416175263,14.14973347970818,54.734928092788515,52.39982298798927,50.85065700361338,50.19182780205981,44.68051791454238,38.59558572626054,38.89021422095225,43.91869775709361,47.64063993693171,50.31763834300534,52.23656857099787,53.30991771390739,54.02125482920495,54.29597262487366,54.740194753537764,54.433725254048795,52.72781173763295,52.85343484483011,50.950995796456134,48.98374094681203,46.41682283985219,45.733938349225205,47.25462411388858,49.542907617011274,50.80951004379483,51.87227331978954,49.69136233596713,52.96827472017136,55.39020867080849,57.27978584388009,58.52616604120528,59.56622184815858,60.19528778153105,60.369852059333226,60.32733563790093,59.73405436130506,59.17940111651405,57.93367055517811,55.73016729848248,52.78197805675817,47.95031446040102,39.54483717155552,45.35863520712453,51.498131660023894,55.05813128016199,57.17145204950488,58.6591374427406,59.57013137540518,60.132797265808655,60.216708920179116,60.13175252513832,59.65616505828989,21.335389083702175,57.18602154554407,54.96597576323709,52.604744743142824,51.847396830794004,53.34946074529852,56.03271068488099,58.37924129197837,59.96841208132271,61.43888758109274,62.263671022179814,62.8535969381878,63.05972267500483,63.04775224767993,62.774975897159976,62.01699659352527,61.12718251840449,59.64984264099844,57.42341714895045,54.25576604528091,48.45377139623072,41.828994675482605,49.24878612335357,54.27596453913441,57.109910008199016,59.25684331709168,60.56458517817748,13.979400086720377,24.74216264076255,19.084850188786497,22.380461031287954,22.278867046136735,15.051499783199061,25.2244423350632,13.979400086720377,22.30448921378274,22.944662261615928,17.16003343634799,55.224181489703255,57.87460474518415,59.82529018865603,61.26509342079317,62.228792360598206,62.9286476476316,63.28833031078063,63.3534896236067,63.173495034683526,62.3679539348661,61.63892140363362,60.389335514546715,58.034024839756704,55.16838018606792,51.2497673571303,46.95831772826693,50.677476343219666,54.90042800264223,57.91821128244146,59.932955580324375,60.91575869282194,62.140645970609256,62.525649424047586,62.2408170053576,62.32374446778867,61.91035525174114,36.68944734457734,60.149424478288445,58.18027841859256,55.7510582944932,53.41381100103167,52.16263574559313,53.443136612345555,54.89357922815904,57.52977535298367,59.13649107013721,60.019261612430974,60.9658260530377,61.22226366767623,61.31391835405465,61.06265030479362,60.446843704869416,59.540494467635945,57.911641250333346,56.1208100232808,52.88492916707942,48.44427468239401,43.12283165791478,48.93883768910936,52.814083811499245,55.44644652642625,56.66863219726507,57.92996478569424,17.24275869600789,21.13943352306837,18.129133566428553,11.139433523068368
16.901960800285135,6.020599913279624,16.020599913279625,0.0,20.170333392987803,13.010299956639813,16.020599913279625,16.532125137753436,16.020599913279625,18.129133566428553,20.043213737826427,11.139433523068368,9.030899869919436,11.139433523068368,12.552725051033061,6.989700043360188,13.010299956639813,13.979400086720377,3.0102999566398125,6.020599913279624,14.62397997898956,12.30448921378274,10.0,12.552725051033061,17.853298350107668,0.0,16.901960800285135,12.552725051033061,18.692317197309762,17.16003343634799,16.989700043360187,11.139433523068368,20.969100130080562,9.542425094393248,16.020599913279625,14.14973347970818,18.573324964312683,18.129133566428553,0.0,11.139433523068368,15.314789170422552,6.020599913279624,10.0,3.0102999566398125,11.139433523068368,6.989700043360188,6.989700043360188,9.542425094393248,12.041199826559248,13.979400086720377,16.020599913279625,6.989700043360188,3.0102999566398125,11.139433523068368,17.16003343634799,6.020599913279624,9.542425094393248,12.30448921378274,17.634279935629372,15.563025007672874,18.692317197309762,-inf,17.16003343634799,16.020599913279625,9.542425094393248,10.0,12.552725051033061,20.170333392987803,35.72523097849638,34.487063199050795,30.969100130080562,18.633228601204557,24.668676203541096,23.117538610557542,29.079485216122723,32.555137128195334,36.41573253178176,35.535189401489696,38.81840968324927,36.60960291776084,40.24198232206868,39.28395852256714,38.76044550246095,38.127128667653686,36.190933306267425,37.63427993562937,33.98113691730502,33.80934463330702,31.740598077250255,30.674428427763804,29.464522650130732,29.934362304976116,30.507663112330423,35.304558435846765,23.673559210260187,36.614340503939204,36.28388930050312,35.55457217204649,34.39174739843469,35.182506513085,32.85557309007774,32.98634783124435,28.129133566428557,26.884198220027105,24.14973347970818,22.14843848047698,31.089031276673133,33.55834495884936,34.26348573787508,35.514499979728754,35.37189226243645,35.446880223026774,38.15843290663266,36.43945912748067,37.180031682670176,35.8849580100721,31.64352855784437,33.51216345339342,32.17220655644519,31.670217957902565,13.979400086720377,50.047726335209234,54.619484952037624,57.84795537856762,60.28106618186973,62.14066188793737,63.422759829579434,64.51616060457414,65.14467128433765,65.49480600852971,65.46155821097936,65.15352509956902,64.40924974434823,63.22976581377587,61.38795461189875,58.59144304092297,53.771696016941924,44.808402185427774,50.89117017386327,56.954195048866495,60.27675715904893,62.53091706037335,63.943327589193444,64.79344930496141,65.2107960698619,65.2316615310586,64.88785848680078,25.622928644564745,63.059411363184054,61.180145957112025,58.80522059998134,56.07798033979387,55.3439167382343,57.941602851180065,60.809207263413285,63.260214982492684,64.99762527859367,66.25651932411641,67.09187505055664,67.57460560765787,67.79334537027918,67.74308600381914,67.36191578503578,66.67708877721,65.5750936735751,63.98928726340061,61.66646171183024,57.95057901982347,50.94219493384677,46.678077152715616,55.766649345332794,60.35327656978328,62.98517077519187,64.53179618917295,65.2370758661313,65.48155069321412,24.593924877592308,22.671717284030137,-inf,23.979400086720375,13.979400086720377,18.633228601204557,16.901960800285135,18.692317197309762,12.30448921378274,11.139433523068368,14.14973347970818,15.563025007672874,11.139433523068368,17.634279935629372,16.020599913279625,13.979400086720377,25.563025007672874,3.0102999566398125,19.49390006644913,24.668676203541096,21.958996524092335,6.989700043360188,17.634279935629372,13.979400086720377,20.969100130080562,22.04119982655925,20.644579892269185,28.813846567705728,15.68201724066995,30.72249897613515,33.88811413473523,36.867256210745424,32.00029266553771,30.923696996291206,32.84205067701794,26.830470382388498,35.39828558377898,35.10545010206612,35.051499783199056,30.253058652647702,33.75114684692225,31.03119253545714,26.6838591669,24.955443375464483,24.377505628203878,18.692317197309762,11.139433523068368,17.634279935629372,15.051499783199061,12.552725051033061,9.030899869919436,12.30448921378274,19.138138523837167,16.127838567197355,10.0,17.24275869600789,17.24275869600789,18.325089127062363,12.041199826559248,6.020599913279624,11.139433523068368,3.0102999566398125,22.55272505103306,10.0,16.020599913279625,23.838153659804313
17.16003343634799,13.010299956639813,6.989700043360188,19.294189257142925,49.090904642704835,52.69263036255971,55.00049759442913,56.73331533256579,57.871947155206854,58.764793780491075,59.2583015050371,59.43024352892965,59.53046554421202,59.4571471405986,58.567651304131026,57.67959865373158,57.03412619652954,55.32509780681156,52.70007664646702,47.782453373290046,42.53943462669259,43.06231964874957,49.16116910568686,52.24939456981016,54.63942236083299,56.31383897189126,56.9788465022307,57.90390029617734,58.02880405006149,57.26096086639117,15.314789170422552,55.314405952502185,54.82909297147025,52.662528697942214,47.190825739014855,46.77771150682378,47.51663946260987,50.24571861263604,53.36061281065059,55.37166533921709,56.5704150368343,57.28993793093877,57.90063384948998,57.83163648661562,57.57775491011926,56.16557428701168,54.99781902390835,53.86900079062376,50.35785833712695,46.586313746095136,44.13668506282474,45.56845029859581,47.87439219782232,51.01870747801784,53.48308758048469,55.33498791290211,55.9453618637243,6.020599913279624,9.030899869919436,13.979400086720377,19.49390006644913,12.30448921378274,16.532125137753436,15.68201724066995,16.127838567197355,9.542425094393248,10.0,6.989700043360188,47.32538500528158,48.131938870695514,50.13216539624441,50.758716484691256,50.93036252945163,51.0049461153232,51.34868494559066,51.33953844517957,51.23972442930226,49.675666954051714,50.98782124314692,50.44010288355575,48.58837851428586,48.85587356189656,49.426230746613335,49.42509063839349,49.65281682893381,50.772843091798066,52.39489675978027,53.10958692419998,53.79981366721809,54.39378489742794,54.810081167282874,55.16701920662753,55.15095919169322,55.419484868386476,15.314789170422552,54.59285408906208,52.79758172802473,51.146376681731915,49.89774527162176,45.207716567102835,40.54919327123814,39.26856708949692,44.6520433758063,47.71477239864823,50.45279938462093,52.4110050218967,53.53192765783561,54.30212162551274,54.554372297058656,54.867491751333304,54.45997847415032,52.98787599944235,52.549877075824455,50.60414512422347,48.22802052628895,45.3382287980914,46.81141700151075,48.42240931549416,50.10376290757853,49.89467616256145,51.17410512791919,49.34195349347885,52.71992538281558,55.60161384252205,57.370661539154156,58.686849863249606,59.538031673138775,60.15026360955194,60.43617277459623,60.38990723623242,59.83480144768848,59.13138051897168,57.79184365294804,55.904416717254136,52.909512296681314,48.18944722385484,36.644539285811575,44.69468547850753,51.459573864663426,54.97202034015012,57.275624019380096,58.726951629638364,59.64634819234697,60.16339584674163,60.36271892725338,60.11298025511455,59.66429445542459,11.139433523068368,57.160033436347994,54.964674456577676,52.58237279505367,51.19968128694801,53.35919030990713,56.172226765426856,58.413219217583254,60.14286107681467,61.36333016290945,62.265558291687995,62.830410264715645,63.161224267965856,63.16429992712862,62.84124024943671,62.19425500268636,61.1867501162638,59.62979854960071,57.58660625007032,54.31453830711618,48.78671130359508,39.79047326947965,49.532763366673045,54.45456300042117,57.48113570141389,59.40740049194613,60.74144006820349,16.901960800285135,11.139433523068368,0.0,14.62397997898956,18.129133566428553,3.0102999566398125,17.16003343634799,21.13943352306837,15.68201724066995,16.989700043360187,13.010299956639813,55.52601302844219,57.989943546339624,59.756716382761894,61.22268318213954,62.252761913618784,63.013013449273565,63.35124378924496,63.43841097182831,63.15475345406555,62.57473376244131,61.56704185563533,60.214890655904306,58.43712293408832,55.4324458633857,51.559460507439425,46.35986111800833,50.71119482711683,55.22091960012432,57.757269237808096,59.80178418370437,61.27760606191333,62.20119860923668,62.611431535956974,62.81840268497393,62.469144573914804,61.55778306641092,35.65020928345294,60.59903299207238,58.27386075789086,55.80839476220298,52.124033658482475,51.91121116039311,52.95527516889429,54.66467232740638,56.923400935818485,58.97728231645022,59.966259221045945,60.80085446205372,61.35468503146746,61.49627034628799,61.17221232872115,60.389005946323564,59.34379761534355,58.21472913748737,55.65264433884486,52.38131447415381,47.71161060438499,42.823274992385265,47.534298415754236,52.01476328040931,54.913308718418605,56.733683880806005,57.863176207128106,11.139433523068368,11.139433523068368,21.335389083702175,16.532125137753436
16.901960800285135,3.0102999566398125,6.989700043360188,19.49390006644913,48.87943461248532,52.324904090532826,55.51298700510113,56.92999292027529,58.154854343349186,58.84696263289306,59.46061519019932,59.6282754213191,59.82884692911871,59.01220674964799,58.93150102258815,57.916990682176426,55.763344383022726,53.94399142025591,51.00460152194369,48.24028155508092,43.2888903983956,44.61438495753563,50.640422153767304,53.57496521795561,55.37055576609753,56.677983831312034,57.45859093670432,57.85561159797125,57.90654544348334,58.01293921864864,19.49390006644913,56.10702738893248,53.328604294878765,50.86733447957576,48.51417357022564,46.82983961845778,49.32199707406741,52.08487040955156,54.43564932326097,55.72520773548626,56.78566631301916,57.65009536436939,57.708144693100756,57.61875239017848,56.99568917565899,56.73534196096203,55.4647356567763,51.90009360091898,50.989135620486515,46.65590370927067,42.48978095892653,47.134653415224065,51.000740206933976,53.5242372582759,55.084192796667296,55.42621297919281,56.17802101265247,20.253058652647702,13.979400086720377,10.0,12.552725051033061,20.374264979406238,6.020599913279624,13.010299956639813,13.979400086720377,16.532125137753436,15.051499783199061,16.989700043360187,48.98341165727509,49.745715595362626,49.675479762188615,50.39988831892063,50.774151481393176,51.15504004949409,50.71034675054151,50.44006363931014,50.20833445458141,49.92752284666042,49.81229487420001,49.863999623824064,48.17565369559781,48.635250871723954,48.680857845717334,51.34769792352735,51.64117797224704,52.657609167176105,52.00842293457874,53.27567345722923,53.70781318210878,54.344619139069785,54.90155202589509,54.851902974698106,54.99612861396717,54.84840590762116,14.62397997898956,53.371016947671805,51.38002536456432,49.13416450054413,46.45756213603842,38.86095732437747,34.056877866727774,44.1904657710416,47.757851499557795,50.88646306471225,52.455620166559626,53.73414095644324,54.43672830605544,54.80403666591187,54.80433837254196,54.75339894297022,53.994660410043444,52.22825681177077,51.45792879215221,49.533972258766866,47.77376067146905,46.423853705276855,47.22008351358884,49.12588686548272,50.81620906352818,52.33364215748924,52.46658580465039,46.31950826259217,50.444927223417224,53.54127655292264,55.931453416741725,57.80428212324666,59.08095051146763,60.011385293481354,60.56313961432552,60.850396355549435,60.55124408974969,60.23152004553544,59.36355377078585,58.048322506770106,56.15450272966065,53.194496096711475,48.493026853085475,40.76640443670342,45.95958928757548,51.80667688020137,55.21055664581613,57.389279399951874,58.809564288161695,59.68132102407295,60.23753153255464,60.35244372967754,60.08326309597405,19.030899869919434,58.20286864525734,56.56731445757514,54.184405084559,51.810342465253015,50.95172839726837,53.625748279067345,56.61471928766619,58.774231816400764,60.676826052973816,61.79132517647766,62.63075739565789,63.156691721726965,63.37280514828205,63.28260512944163,62.85649558659106,62.084211999769245,60.95605171319712,59.14144743433555,56.629786992238635,52.85057470314924,46.03144372620182,43.13044233082023,51.22314197968806,55.46785652343936,58.38408278494187,60.06830867487541,10.0,20.374264979406238,13.010299956639813,13.979400086720377,16.127838567197355,17.16003343634799,19.912260756924947,16.127838567197355,20.969100130080562,9.030899869919436,13.979400086720377,53.7356663153344,56.606700963683025,59.363412973589995,60.934027719262,62.04178879851157,62.891986255761765,63.34253648110004,63.55165791804357,63.50263528574406,62.83372021981669,62.32352064529618,61.12523563684181,58.92023884882911,56.417764249319056,52.96368979395049,48.44284527459442,48.871951770412984,53.32749424607648,56.98763230946661,59.19052975824346,60.72155747368778,61.87181330945984,62.35348884572989,62.209282865929154,62.33427650667445,62.36639273442614,32.21414237842338,60.9631618723376,57.93277586646389,55.87935348636356,54.52677129643682,50.83434532024928,50.906424327275694,54.290413282399555,56.50194805687204,58.455259194404725,59.86973164367881,60.80355870349396,61.04263419369748,61.350060034588566,61.115918072030425,60.83780593984962,59.979391680756336,58.155631387840415,56.614132158806555,53.66762788086752,49.7102057932463,41.756567472816634,47.328439059169185,51.95736415528839,54.74147762564586,56.49152728446478,57.902682705643784,11.139433523068368,21.13943352306837,19.54242509439325,9.542425094393248
12.041199826559248,20.5307844348342,17.634279935629372,11.139433523068368,49.087851681104546,52.41770542646124,55.20977155634875,56.87640418800747,58.028352744789416,58.85709420772859,59.45281433811607,59.74937488598785,59.87088608836586,59.1715509685874,59.201802193170764,58.227236730918605,56.083398674750775,54.27396839097603,51.40800197908937,49.69415912353981,44.66941725717638,44.62397997898957,49.51847296899779,52.94889291810411,54.936601635083676,56.45761122633405,57.53574633345038,57.86695357637937,58.02594499095904,58.47526389509605,14.62397997898956,57.134737422087426,54.32810608184443,51.86758627181614,50.90035733223533,45.55457217204649,46.863591617610176,50.58744794996822,53.04983568417752,54.795062091023965,56.13877747427551,57.08972129650597,57.17641382664182,57.187216867457565,56.6838591669,56.626841841991364,55.322650445323504,52.16878141702857,51.00625532086342,46.662277299444376,40.99818709615231,45.334797197259846,50.95883866701291,53.40436182448372,54.8997675032938,55.24200028612242,56.19353203163016,13.979400086720377,18.325089127062363,6.989700043360188,11.139433523068368,6.989700043360188,9.542425094393248,17.24275869600789,6.989700043360188,11.139433523068368,11.139433523068368,12.30448921378274,46.33114816128496,47.86417767202022,47.99375015901908,49.287490849733956,50.290670737362035,50.9894814431553,51.09328764196485,50.823257081904245,50.694016676515346,51.7064302283611,50.696126042929244,50.92222218096967,51.21247880500199,51.06102464951837,50.63352126674226,51.483187900934915,51.63271724252123,52.18937055046655,51.154940186046716,51.9951932202534,52.37644257639192,53.20513930089022,54.01414327689115,54.18163687682912,54.53393264673843,54.16217654811887,6.989700043360188,52.83888937976056,52.351343731774534,50.542337429840096,47.330366829335794,43.38336946561072,34.42479769064449,39.75017997632883,45.43235883876959,50.20004749647132,52.42108906127183,53.78070694006442,54.69257802904376,55.496309403528755,55.773998759334205,55.7085337281073,55.269605460395724,54.50620102190786,53.30440154922958,51.93961756605832,49.99604612092672,48.21500427317821,45.10357311542046,45.35104153801393,47.09626072126764,49.29076464487865,49.80571448161675,49.16990562797966,52.81253869191734,55.32480470599957,57.21775177974155,58.7018436134551,59.75423076574756,60.28597683668498,60.59824597582658,60.57994552736761,60.21656431338636,59.4299959336604,58.17142768011792,56.63154180511586,54.21146360662103,50.47235915459681,46.52874597749479,47.681050791791876,51.963668899439426,54.7017519665518,56.97037443369143,58.36305122821399,59.329139242721254,59.855095524642294,60.01566278182328,59.75103090958036,58.840524080007995,18.325089127062363,55.74925572006478,53.40305277062427,49.97373276720177,48.98999270889789,52.27063592342826,55.946852965667546,58.42337720700872,60.28913104686335,61.84205771418754,62.683731780919,63.22558738968144,63.5388700782066,63.54921882942578,63.26443396955146,62.626997292617695,61.59024587823989,60.36327419117413,58.128652475126124,55.2532733063482,50.47383914190475,44.544942352432074,47.92958703916757,53.72081264823865,56.881367263831635,58.99338901561076,60.344391383632576,21.367205671564065,13.979400086720377,17.24275869600789,14.14973347970818,13.979400086720377,16.989700043360187,12.041199826559248,16.989700043360187,18.129133566428553,0.0,17.634279935629372,55.237269621303824,57.98933638657148,60.21365462811795,61.59831779617199,62.65319096527683,63.142937157520116,63.52513806667079,63.64270630165508,63.43057865292212,62.79791238493842,62.09573452707716,60.739092513579386,58.29631139626442,55.4631064877949,51.289450251217076,47.90911166601595,50.765275779667945,54.709291586316255,57.73600696849716,59.49765582122831,61.16185197073571,61.62643552019061,62.698772718352835,62.60769992189034,62.71842535507659,62.00908473081601,31.414497734004673,60.36287073307436,57.08642665148226,56.28881191997511,53.74106508804012,50.72918659290167,51.693246244525,54.79899074972516,57.14075648298022,59.04772329761221,60.275652741990555,61.07599641934162,61.23834987250356,61.301925193961814,60.93361790422297,60.78721374329213,59.8339938453329,57.87452681235929,56.393440252831645,53.28689411976765,48.94338220000935,41.79321944913777,47.68882184567977,52.44744570892843,55.24791935152151,56.764668029764785,57.951205543650644,13.979400086720377,19.030899869919434,17.634279935629372,6.989700043360188
13.979400086720377,15.314789170422552,17.634279935629372,16.127838567197355,49.941411111261225,53.23485174323437,55.006974277950434,56.74326436680143,58.068478665025125,58.89800154532339,59.3023820263246,59.492387091821506,59.43718530331384,59.59847191205619,58.596575783215826,57.6891028232641,57.06452346455903,55.3691810153378,52.879203611877294,47.747577681660246,43.18397279217511,45.660601933870396,49.33573328348382,52.716209195883785,54.915927890789405,56.59288538064577,57.30486725718152,58.13527615767104,58.152761609189945,57.32046990081257,23.654879848908998,55.2378937402697,54.58063445325183,52.22427712372857,47.452387927010605,45.52935766136109,47.33197265106569,51.05935755094967,53.97582002500141,55.75669229100256,57.03796757529808,57.64122309429291,58.05659866461888,57.927928762979455,57.589640953914994,55.73672102480582,54.07322907839639,53.40144566505568,48.25821930816132,44.045771677406236,44.61828549202336,47.2138187779194,49.842662081338425,52.342843825410235,54.311900116134,56.013167120788765,56.53255941052207,18.692317197309762,18.325089127062363,17.634279935629372,14.14973347970818,0.0,10.0,19.54242509439325,9.030899869919436,14.14973347970818,6.989700043360188,15.68201724066995,46.477447314699006,48.311271933988266,50.44025985699208,50.85451134018093,50.992558052353225,50.8947059966538,50.83047303684814,50.8914885158235,50.74889548040669,49.86278955905991,50.051676379706024,49.57137784645653,50.39719406143583,50.87781417809542,51.087712984408995,49.67290505554557,50.53051539452106,51.033555167074745,53.125919816427455,53.67180676741323,54.453924525576205,54.74122982760984,54.8954929094423,55.03174882713648,55.05109261303588,54.72178467845791,12.041199826559248,53.26126857640182,51.826913485344804,49.58587771150353,46.41126932803509,42.29886529245892,39.32980821923198,43.014206849138915,48.123852007897014,50.5527509770668,52.41949709092044,53.706629480737305,54.58687695618518,54.920923746901636,55.175033593458934,54.578713040564736,53.779069980423166,52.755624124579356,50.835921927875624,48.07873132003333,45.14653989080068,45.2172633728741,48.367037990897316,50.2669665597816,51.11548139767291,51.50833163556632,52.14801475787368,45.24110393495136,50.094338976389665,53.75381916936764,56.20895665991963,57.97959643737195,59.174634959623134,60.02038131307473,60.563963530264566,60.793220070283986,60.780262979314834,60.28542786765523,59.43947864671091,58.24529338431916,56.35528983467409,53.56840112994888,48.44209930980681,39.20384242178358,45.977061528194135,51.990362418950454,55.317981338753725,57.59687481909191,58.949675694310486,59.80132958455088,60.39306226232643,60.4540826428327,60.20222435405732,13.979400086720377,58.326985557962004,56.66189327431937,54.497868469857735,51.4221734126112,51.59594260605748,53.98184881712123,56.718288816924904,59.01776977702689,60.46218813632362,61.757118094910474,62.55857202510021,63.23056468862877,63.4163727990385,63.28801866712279,62.78271723992499,62.01387564273805,60.89617251830862,59.109923855490464,56.74008241892564,52.973314744695855,45.88574206654923,44.19625360887743,51.81892157637915,55.73949033520728,58.15818071119428,59.8554592232116,15.563025007672874,14.14973347970818,12.30448921378274,15.563025007672874,6.020599913279624,11.139433523068368,15.314789170422552,6.989700043360188,0.0,22.944662261615928,17.634279935629372,54.3616423786012,57.04412216270284,58.8890477214768,60.610096651134704,61.87933949967341,62.7754526861486,63.281369016291166,63.42991825716797,63.35228556728911,62.99834040645858,62.0246652005229,60.99486235288397,59.37751024506528,56.892040473996836,53.94521722674913,48.445641501941196,49.682260317537924,53.968563960803706,56.62489619240384,59.20957705955449,60.588301402480376,61.790623597287954,62.193565796734376,62.31735081359943,62.95252314818387,61.702722791863096,29.268567089496923,59.50039498550646,58.63825280128242,56.751915562689554,52.98420749199095,50.63487230339657,51.174303973116785,54.069521389654014,56.39535294850923,58.350389581785215,59.97070379206019,60.73952842698543,61.462015493075896,61.43421097279958,61.35520002891026,60.49839936667135,59.56334141772792,58.37694473942376,55.7603020559133,52.80498696881728,47.827090567920024,43.515837442417336,47.12464497828986,51.78150714721816,54.6792760509428,56.95831772826693,58.047287728294336,21.84691430817599,19.49390006644913,18.325089127062363,23.521825181113627
20.253058652647702,21.5836249209525,19.54242509439325,0.0,48.53582627837066,51.90449362024553,55.06559146725782,56.711376532504325,57.9128212189815,58.67803243865229,59.37911387103716,59.74766299796204,59.877042416927075,59.32395117784615,59.371310673191886,58.55494926568967,56.67230611927535,54.85319589203404,52.57169600327732,50.62205808819712,45.93119851103941,41.84492688528423,48.34172646252916,51.9228861256812,54.34148776444397,56.058489206168396,57.042277560249985,57.61817372315957,57.90921709478414,58.1634870000251,6.989700043360188,57.03185586578626,54.62113366883571,52.46116805077841,50.471424165845136,45.83300815513483,46.38089721984506,49.88492068594184,52.87129620719111,54.38668900686737,55.84650042326032,57.02972204917341,57.45952647094232,57.41713217348619,57.19717339067234,57.03608598205476,56.11784890633494,53.46339280264588,52.57011024154878,49.572480195790504,44.96722132986729,44.79791180189491,49.278321328665825,52.37749778076594,54.11663469868689,54.42147257581133,55.54092844514223,16.532125137753436,6.020599913279624,14.14973347970818,14.62397997898956,9.030899869919436,11.139433523068368,15.314789170422552,10.0,13.979400086720377,12.30448921378274,11.139433523068368,47.93860201342669,48.77008322140324,47.96109264314644,49.05698760184161,49.86973164367881,50.682341140079636,51.00759856892373,50.751745493515,50.692572835280465,51.097168782028874,50.47294342036406,50.3499722976633,50.22943609686901,49.759324520933305,49.62108775554161,50.98093155281372,51.15943176939055,51.642398055216944,50.21656431338636,51.50624443388296,51.77709606083182,53.06530103379622,54.198368379054486,54.424248908433086,54.99472631138122,55.17829057311647,20.644579892269185,54.852002443544315,53.82568120642708,52.92577241855888,51.21366124689524,48.677855789663965,44.73413973260983,36.45422269349092,35.59308010907012,45.183296546404776,48.6853864336278,51.27975754418517,52.818625097374614,53.97941745846491,54.75054895530783,55.10780859206555,55.07990724819691,54.456742451222944,53.86409778881913,52.57217642284207,50.853940543157805,49.223101632143965,44.76454825454303,43.71141778446181,45.88439788305526,49.010439910613464,50.00173683058465,52.469734845098095,55.19335689379261,56.914439899556825,58.46794674306915,59.41575528577285,60.12568131764428,60.409565925478354,60.299066455977545,59.9915229898292,59.167465381271,57.90724866897473,56.24861456250751,53.433416225978505,49.28257552514296,41.07379582804448,44.68731230635349,50.97010757641932,54.57351946110694,56.78985199482931,58.37775876649062,59.49290449083601,60.07478927096642,60.16689525975265,60.11707856818454,59.60353269045818,58.57343353657601,18.325089127062363,54.991287379098125,52.49337798583266,50.790147345794914,52.51341290243177,55.19344884174547,57.71317708320767,59.80759885403075,61.20435066377514,62.420148874333265,62.95426783687666,63.29617513762858,63.33207993951013,63.178998173663736,62.59776588125372,61.637170117704244,60.32097939896914,58.54107374975787,55.558897249098884,51.07647436650063,42.8203268560538,46.31159558151505,52.794707373101744,56.29231155090387,58.6794630307095,60.24019515690141,61.2253730110173,21.13943352306837,18.573324964312683,10.0,13.979400086720377,13.979400086720377,13.979400086720377,21.367205671564065,20.644579892269185,21.367205671564065,19.912260756924947,22.50420002308894,56.33963067531228,58.70100026974817,60.632601570836826,62.00778565529281,62.69692695589724,63.216118919359346,63.38953854398518,63.2844586397374,62.98021228303427,62.12997088502885,61.30804802899196,59.77442365713191,56.867667167358924,53.58559172549604,48.626619919701014,47.419784142159706,52.09871418668929,55.77014733119085,58.71228398723132,60.26335887378471,61.34978632472731,62.31209547586417,62.49239460501171,62.10312632861747,61.66046569374529,61.81954718825974,32.046625117482186,59.60811229870586,56.12916243394104,54.6776344720425,50.97010757641932,51.32771829309619,53.33086388111296,55.77261953585815,57.637229141372345,59.33366296193287,60.27601547819704,61.08632665580476,61.17630848695654,61.26180778248616,60.94428151276862,60.66576364634425,59.59217460652313,57.59016292110885,56.03397727406062,53.03595597357676,48.44415040473825,42.78296208091274,48.624176329641145,52.88305130120162,55.36044307393371,56.72183784300341,58.08217727062711,23.180633349627616,15.314789170422552,19.294189257142925,12.30448921378274
11.139433523068368,13.979400086720377,3.0102999566398125,20.863598306747484,50.1040597262518,53.10259863475649,54.774367274353025,56.60422423432075,57.89936603176039,58.864602670888445,59.373503604509196,59.57099914885661,59.47051708097448,59.52676712596403,58.529926707730354,57.71588950572447,56.975257478615475,55.15026938687181,52.42474341017417,47.5743398993827,43.248994970523135,46.06660771660947,49.20191179502627,52.826674203197506,54.828564400671596,56.59700424708967,57.49774952149479,58.048873834089065,58.037874907877125,57.43156070540336,6.020599913279624,55.41988386191615,54.14873114601468,51.37585124970806,47.28597243383432,43.29702897153215,47.20432202749485,51.62400096238821,54.059027476287575,56.38059742039357,57.387813509918246,57.945438112306256,58.27046663757017,58.287790856371956,57.918063986818154,56.132845954709126,54.515485058920454,53.554974950531886,48.256727321935585,43.306166672944386,42.149762347220666,46.56376138223207,50.15636341407636,52.51905770472128,54.243016459832106,55.980909154447964,56.447742747090366,0.0,14.14973347970818,0.0,10.0,9.030899869919436,19.49390006644913,15.563025007672874,12.041199826559248,14.14973347970818,9.030899869919436,13.979400086720377,47.967199986212705,49.525066927097384,51.143740923839374,51.49296108397431,51.58739320302756,51.15344195871441,51.04121631237788,50.66866127450825,50.129805603926684,50.26488321094378,49.01403826825252,48.500393917493014,50.21462198413466,50.46748721401383,50.5216277011958,48.4965277669385,49.90716145160225,50.76487521794501,52.82884830268925,53.357807433035916,54.44283748355292,55.017779246976474,54.86336950233354,55.504937420995844,55.664068488982,54.82480540733522,15.314789170422552,53.16651674054359,52.8296859463811,51.058268487992216,46.49179030048144,44.799062670050716,39.21894470929102,40.77912702949456,46.72181012747471,49.89026886639384,51.879294420847316,53.231282931251215,54.0776809238926,54.604437752490185,54.630265210864266,53.620675857273994,52.61740924436793,52.379707854163364,48.954004439766585,45.86722297518069,43.227153478796865,45.535189401489696,48.38219221907626,50.08127299834017,51.59353602573613,52.48799357255673,52.47452782675624,46.58326265298826,50.31101319567918,53.624560845277365,55.95744161845447,57.78995855159561,59.01386387118315,59.83662364087664,60.368384078717085,60.58122215782913,60.55578993288119,59.8706221145121,59.0302158022387,57.96665900028982,55.91390762173805,52.73198107616179,46.32102828062753,30.644579892269185,47.0835290350362,52.55506478536928,55.76341350205793,57.91927026103278,59.4984358304026,60.25981364088429,60.81442726871414,60.95952816207402,60.5381458253816,24.29752280002408,58.95126837822177,57.648901501489064,55.793639569032656,52.989687273791844,52.44029589030021,53.89196218038243,56.351709824061736,58.595297667306816,60.16933105929431,61.41154289941664,62.317001844280824,62.99918953300917,63.2239008364385,63.08549261007856,62.60916484957476,61.745926767877876,60.67253169355136,58.74310733442129,56.164807653015785,52.01550056453396,42.893436451186346,44.811558708280344,52.039733835282874,56.22405733580197,58.5953216729494,60.17741413431612,13.979400086720377,17.853298350107668,22.671717284030137,9.030899869919436,18.633228601204557,19.030899869919434,20.374264979406238,13.979400086720377,20.0,16.989700043360187,18.692317197309762,53.99317142214255,56.67016571308853,58.71700169859309,60.48399071221848,61.80809479757662,62.587952663109746,63.12724113116677,63.21658486112403,63.21181746991172,62.78119754417383,61.77312802312757,60.56383766433388,59.046814710249905,56.55058678722938,52.517306654561644,48.22096127032932,50.11303949461117,54.551525667125006,56.993702393683236,59.43829258580828,60.68397018576036,61.41578318084381,62.524853020781975,62.691627991117905,62.43017450230957,61.58170032874083,35.9073040579269,60.26137602634385,59.24631232157972,56.70521375617615,54.02579461901788,51.09159910732136,51.40715398997684,54.102878494014604,56.41038606196502,58.60997034876164,59.782412499841435,60.60960603420636,61.20719329713217,61.458403754425504,61.235854315729796,60.50014532396148,59.53356127320965,58.35658235954989,55.95765092522893,53.0767784729549,48.58446960810254,44.6905580443861,46.00755149639618,50.8863922421652,54.18541578650475,56.56884588448662,57.779311520831996,14.14973347970818,15.314789170422552,15.68201724066995,17.634279935629372
21.367205671564065,3.0102999566398125,10.0,19.54242509439325,49.79994276316112,52.81714970027296,54.67514873933678,56.57890159078769,57.81545714153937,58.75229158133811,59.17957423740698,59.41051055194293,59.37231444050774,59.50147165709203,58.560597186539034,57.60232438011914,57.17241820891182,55.49024117474722,53.13413715156025,47.69392097746074,42.165617350479266,44.084095784684294,48.78044728783066,52.42233238219433,54.86017951198609,56.64778258716004,57.29466908168865,58.37679958678646,58.49112166184577,57.77136712504173,12.30448921378274,55.959369062691735,55.48739415472156,53.386357524911936,48.47227060150041,46.69251778012837,45.8370874210565,49.51541501848838,52.616719837104576,55.432557749615576,56.538856308668706,57.411531752354286,57.96807374422087,57.99484601031614,57.84566657647996,56.076458563871874,54.6345847721189,53.85323800981454,49.38319543342156,45.248503032721985,42.947747522184436,46.02331340591338,48.852367949358964,51.56963865004413,53.87790118275218,55.90397062474008,56.55526436152286,9.542425094393248,16.020599913279625,11.139433523068368,3.0102999566398125,10.0,12.30448921378274,6.020599913279624,6.989700043360188,14.14973347970818,11.139433523068368,13.010299956639813,46.32710303832954,47.26344078716337,49.720639160080225,50.507431276347965,50.89085180856657,50.85404757331424,51.1688987733376,51.280954148182715,51.33695353935857,50.282865094262775,51.04008850999243,50.81365313006428,50.50959459771651,50.67182485523405,51.080404418950465,49.71275848738105,49.83342076262868,50.4233920456355,52.55566760543513,52.710605680353375,53.72884398630008,54.014436234145734,54.14406725306236,54.719851480040234,54.738926086897024,54.83752710980379,10.0,53.972045600435116,52.39799818447099,50.91125070274114,48.99191030527895,44.13802516769351,38.89021422095225,37.623033632877686,45.522544052358136,48.31204071017892,51.09257853737479,53.00251911948508,54.15602618858358,54.92985158541954,55.15647368950458,55.154764413823756,54.7169647264199,53.83603550910309,52.88269352038355,50.989896394011765,48.88387321231802,45.90139354369639,46.95218918905151,47.80461332861718,49.160326101885694,49.47982370466303,50.70555015835032,49.49087358992723,53.041564923778694,55.717798500322786,57.53935253721502,58.92567058452055,59.83361480697263,60.45832877539333,60.70494836554791,60.62529715340072,60.2161635208239,59.46279790313456,58.26961284127127,56.56547603217258,53.9467052410719,49.96861768490674,42.64841425329148,45.699938875674476,50.90515519223662,54.622676900072236,57.09104524344841,58.47560937968096,59.48771306478409,60.03040683573241,60.23521186237025,59.99530708496493,59.47947121039288,22.278867046136735,56.80786800055639,54.46021174800144,51.89799010639827,50.189832803830484,52.858295015796905,55.984249767655626,58.38479468475807,60.24375643441111,61.476893065155565,62.40127978058546,63.047610158788316,63.44047255762462,63.3957564965332,63.113776626998416,62.4037799267391,61.428701154760326,60.05148325455191,57.95035623401286,54.86076097372589,49.34346926738256,40.90504941424043,48.71584609971812,54.16973172603036,57.24646091200085,59.0690044184899,60.495730683457715,18.129133566428553,16.020599913279625,13.010299956639813,19.49390006644913,14.14973347970818,22.87801729930226,19.86771734266245,17.16003343634799,16.127838567197355,20.644579892269185,12.30448921378274,55.29248076710221,57.91541882945373,59.8004566207625,61.304498865317434,62.329376925857,63.06077667554835,63.377642585218,63.43152471662257,63.13740075753348,62.64890042065109,61.62688643568685,60.35251180433363,58.5014427076176,55.717670443256175,52.063562604805,47.458941785660535,51.171685115171684,54.80761269611367,57.567737524578995,59.86658892587784,61.02941457822333,62.13836388325274,62.39578239242205,62.45904589744039,62.75380467527434,61.875774010277794,38.07873132003332,59.32711648244219,58.01750046944544,55.34925509737755,53.8137142839191,51.152842523031325,51.91070770514442,54.89218565022811,57.25892039620838,59.115293974671125,60.23846892000478,60.84139261540352,61.45732026784681,61.602145431583814,61.408061646161975,60.36539871836493,59.414120403735495,58.37042702422123,55.67737837704242,52.372269495732795,47.43462726677742,43.04921161900892,46.48018296651682,51.83167309603889,54.6272135200303,56.744284671383866,57.84314821382176,19.294189257142925,17.24275869600789,25.68201724066995,12.30448921378274
17.634279935629372,13.979400086720377,23.54108439147401,-inf,49.04564083683677,52.40679018048192,55.46642589063936,56.89384343424177,57.98725207890084,58.80906155713287,59.29687083618755,59.62616486399935,59.82848551286817,58.87619550560383,59.012321242192264,57.92790776808288,55.709221981779066,53.84711742938283,51.121288933070225,49.035457569605605,44.21932813278509,45.85235063365776,50.64252024908201,53.571188262926796,55.22372497262158,56.731435249895945,57.6753728378081,57.68319847312058,57.74641032143307,58.1326399137173,21.64352855784437,56.48134509693353,53.17237808936825,50.36924179069898,48.62143310316235,44.649810920100606,48.21762373995988,51.8052728291341,54.29945974117818,55.72626516653318,56.86358267579689,57.64655759112435,57.69674140240889,57.47474733297186,56.85552757004973,56.702551327716044,55.40759801297614,51.68747852527791,50.378446536374,46.26730338579967,40.79904467666721,46.762362167633114,51.49834696715785,53.85829618669783,55.07424060094855,55.46851001781394,56.18438263185823,19.294189257142925,6.989700043360188,12.552725051033061,11.139433523068368,12.30448921378274,15.314789170422552,14.14973347970818,17.853298350107668,6.989700043360188,15.563025007672874,18.633228601204557,48.945375849957465,49.91372293095057,49.67931558362863,50.61761502342967,50.91515719421342,50.9968754557713,50.611885046620706,50.083659302057754,49.893830664589515,50.53712127760186,49.32250471802527,49.477179300000756,49.47492538827109,49.072500828813276,49.59470702075107,51.04166051776575,51.64887957547954,52.42466886235341,51.85740417574962,52.805078031628334,53.68147367478892,54.14025217724791,54.83173486092514,54.90852851028031,54.990764422896504,54.48226940521222,20.043213737826427,52.932918241509334,51.74478483315079,49.660713008959874,45.92187864529585,40.73131564940993,25.622928644564745,42.84498410828046,47.177121000984016,50.49729568350755,52.26293084427937,53.59009727937594,54.414406100542635,54.83571607886492,54.876473475176184,54.383366232638444,53.70731384743586,52.49506535936283,50.82541235389718,48.949858218973574,47.067177823367594,46.77689059461427,46.37739827119137,48.517535290295356,50.52016391271504,52.327115670112036,52.67650362255029,46.802266994961165,50.861355059272256,53.53225501669502,56.08574166997647,57.91048204041145,59.24813036745271,60.09279608917302,60.60964000177948,60.8225420137576,60.68756379934826,60.23233523158157,59.39843105539932,58.160038649852794,56.16102501167135,53.38560074430589,48.45971953324583,40.51229723493164,46.702829706744126,51.83887384111103,55.42959801022849,57.40087812560909,58.98738890163599,59.83565851496439,60.398521588348366,60.52394179150446,60.12216541400133,10.0,58.39053601572351,56.851010176360205,54.565679483030806,51.7598991185227,50.934567074986035,53.29025467320012,56.37669814305671,58.51650871362165,60.570610168852106,61.65239873322423,62.50652702279547,63.03032031667526,63.21774432141051,63.21708181057965,62.67063963051466,61.936927069567844,60.916898145985,58.97163413159614,56.53386196833809,52.53824859517836,46.00330230580766,43.6655369287421,51.030781511766214,55.49318440518193,58.26419508648169,59.85139843964574,14.14973347970818,22.278867046136735,17.634279935629372,6.989700043360188,16.020599913279625,9.030899869919436,18.573324964312683,15.314789170422552,6.020599913279624,24.857214264815802,20.827853703164504,53.54456119856775,56.55197041395311,59.020431624054346,60.83092498119179,61.965613779540405,62.75538464570285,63.19764188284675,63.40008610532521,63.36773833294725,62.74533074639412,62.27234773820395,61.16576200047778,59.03663961986897,56.56375180128034,52.9434716465484,48.72418519080333,49.1791492919863,52.94527948909792,56.78927897676685,58.853346413007095,60.67303013140612,61.63014000061,62.19620410343321,62.13667808369518,62.3311622319015,61.563980002433205,28.998205024270966,60.23400629628406,58.873494403219766,54.60744535295321,53.75612409908826,51.30417402341854,51.914789604435995,54.56639279342896,57.04673758099527,58.78922012167608,60.00483100962516,61.00565244628494,61.292234518095796,61.45390971218936,61.16010344398171,60.97083696066521,60.017034322576414,58.2480376755764,56.90794816239589,53.97258500482252,49.65267569516474,41.48756851321792,47.257238328038156,51.95836024990017,54.80692356995624,56.7664423439291,57.969085974164,18.06179973983887,10.0,15.68201724066995,9.030899869919436
15.051499783199061,17.634279935629372,14.14973347970818,14.62397997898956,49.74419573852286,52.7932466544261,54.869940582206986,56.615722904797614,57.80259690476022,58.73572268522339,59.40249949550313,59.50230942496803,59.56001214128888,59.26797599761202,58.76135825113301,57.86789030986935,56.45652129117293,54.56025753128053,51.973412172454104,49.15257333694808,45.031094366713695,46.36648345041586,49.023619338198614,52.825088235903706,54.724419472072235,56.30244761469706,57.400546259898306,57.72383325217116,57.910025296989986,58.073083510857764,12.30448921378274,56.53019451099613,54.30916371328433,51.52609358956373,49.82361701633147,43.01203678722446,44.857923838352065,50.343275944851946,52.682268376646284,55.192043139016185,56.42596074725405,57.210782076598235,57.38169104439856,57.465221084783416,57.04455960462261,56.39761322649318,55.084920111467575,53.21577719695799,49.82058557634054,44.88621213129428,36.35986111800833,43.051148080353954,49.79844176893234,52.46503504741605,54.28855319297088,55.62974112707252,56.315827615915296,20.170333392987803,9.542425094393248,20.170333392987803,13.010299956639813,10.0,16.020599913279625,11.139433523068368,14.14973347970818,11.139433523068368,9.542425094393248,16.127838567197355,46.20396345351284,47.89651208793409,49.585113251540236,50.3181227133037,50.785148167822655,50.99577060916708,50.8863922421652,50.566952727366505,50.41570314751791,51.56261343464526,49.43004545384352,49.356332030394285,51.64305259260536,51.43102275224489,51.27629523826485,49.51769655060065,50.509092494147076,50.71016236415225,51.84909942341248,52.02283927151903,53.14077991779213,53.78327027028166,54.02235582016131,54.67840357724999,55.061707270184485,54.13319885367183,17.634279935629372,52.97760511099134,53.11196335304227,51.704993385718026,47.64034085149737,46.466879343360944,41.07820267248048,35.62649672211917,43.03800623765174,49.17663024327375,51.19984601894008,52.865552638721915,54.40916949647611,55.13497270248867,55.413907591810734,54.56745495347945,54.24719970628541,54.5657401948601,51.94761250652373,49.98346537396365,47.71219901949533,46.94929701828003,46.07937304754407,46.675836885381905,48.20418224108697,50.2854685344076,51.02862299895439,49.875277332771624,53.25616220858657,55.65954019011971,57.5487559156674,58.95160011386524,59.87389157424998,60.354497512940156,60.54801820564055,60.51461244324184,60.29387430614087,59.17960046724329,57.97494672160498,56.65105163919637,54.00330721897444,49.63074432314706,42.37644257639192,46.08237120972169,51.7991068258459,54.801349115484314,57.195765443729755,58.60593117075922,59.66632091192558,59.959965176365785,60.34351269861507,60.127908412642554,59.220202598265146,13.979400086720377,56.44616800747219,54.66719371681599,51.849212905857996,49.814742957401336,52.73235149039444,55.6848802927831,58.21037705555458,60.072842263694426,61.526506150489205,62.30360009642467,62.95035726322829,63.355415419643535,63.3634383981266,63.09136409100709,62.218087058190775,61.25412618975424,60.052877854404514,57.66293846020573,54.43771323019792,49.19940591856307,42.02433822489233,49.03659624756379,53.909527609917944,57.10199475409127,59.037843028582984,60.40526786870369,17.634279935629372,21.335389083702175,10.0,19.294189257142925,20.253058652647702,20.644579892269185,15.68201724066995,23.117538610557542,17.16003343634799,24.14973347970818,11.139433523068368,55.33463190359511,57.99126106703639,59.94551617188059,61.349958191073966,62.4107806659753,62.99075840708486,63.41117245131702,63.444357009619736,63.23297074658585,62.651398839814675,61.67045741932683,60.45557669136548,58.42909896924104,55.69198283347813,51.40394898045077,48.56275634663986,50.927627390396786,54.7468819351724,57.39794576742334,59.41635640981282,60.69641831289233,61.68792609187656,62.06726867184848,62.54556294066512,62.17808622449759,61.3895223259496,28.457180179666587,59.87818598719418,57.60266380792406,56.21704801895131,53.273201016142224,51.36470062339167,52.37103691586688,55.564243274081605,57.25470583190458,59.18158822786459,60.34004437040117,61.11638828762554,61.32705925176171,61.478323949228596,61.284112245769194,60.76271154600147,59.911502891247956,58.26832536131677,56.20914379352878,53.38743272318362,48.47683686151682,42.61619676547936,46.280413554163914,51.92617625667303,54.90516098342786,57.19894509871709,58.384895475301306,20.374264979406238,11.139433523068368,15.563025007672874,16.989700043360187
0.0,17.16003343634799,16.127838567197355,21.5836249209525,48.604218622368684,52.45771686697446,54.98200242769982,56.682749990006656,57.87503689274317,58.75186901087087,59.30285627414612,59.46330901069436,59.44603073474375,59.33877875955488,58.664102240812,57.8122743994253,56.82319300954829,55.20626308962963,52.797809769969646,48.09222921689422,42.60357641636152,43.7520622109933,49.609699529878455,52.6036241093219,54.81216105647513,56.503084947068714,57.0401660303547,57.975403610634295,58.18445625346821,57.54911482820704,13.979400086720377,55.70992178892468,54.6847878061505,52.56152266123948,48.01389988015998,47.00721019369355,47.213983755215054,49.9158045717434,53.24220702877004,55.12231992884721,56.488135873762786,57.35042902478103,57.925996807513016,57.93231447056521,57.539972410732204,56.50867760989176,55.3737072214669,53.5310032172498,50.98564126705491,47.53222912415633,44.68051791454238,46.164229962656826,48.35271925458202,51.52447352686544,53.660211657728524,55.29317402580634,55.98769721391279,20.0,15.314789170422552,0.0,20.644579892269185,11.139433523068368,6.989700043360188,14.14973347970818,9.030899869919436,16.989700043360187,-inf,17.853298350107668,48.2691664718492,49.134853591830954,49.95959697491984,50.812104438666225,51.123502479681655,51.13742862429349,51.471226710400266,51.04391501374647,51.328517966231644,49.53107035221487,50.859181921338774,50.62566943466177,47.99430156530388,48.2558837985897,48.701287259252915,50.27594211826226,50.22560330465442,50.97909476553979,51.86577786524979,52.90482038194246,53.39977840866407,54.01319533859436,54.51507046751107,54.6285900382335,54.840178123595386,55.402756539842656,12.30448921378274,54.72068637583486,52.5355606722012,50.795430074029056,50.157326860641405,45.269850685599955,39.453700944903034,38.89861721258188,44.231967057406045,47.37423250698423,50.24887758056816,52.225343933817136,53.55008762417985,53.98148420008631,54.34983840181938,54.87088860254387,54.602135531162695,52.84532245365379,52.702990991279385,50.95692282839792,48.83604660922292,45.16350246993912,45.72453363407562,47.6261855343552,49.355123040145365,50.14091913026181,51.12873001840459,49.48667207934095,52.863598992244135,55.59136655421122,57.43278445243205,58.76792669185373,59.671813855725695,60.259056786174526,60.514843896204724,60.45385575281707,59.84405783895757,59.22631013321237,57.89039622198985,55.80498450979016,52.84117026113108,47.754283920481704,38.869980456711,45.83754043639778,51.43944880995398,55.22235513337986,57.440894821812655,58.886607154004295,59.736860713212906,60.378565950290294,60.43274231120195,60.27134650180426,59.85812990296415,16.127838567197355,57.38181802250331,54.9350963347215,52.46953809695094,51.23122851852968,52.88343141102804,55.70530097650894,58.184792681395976,59.856635422382716,61.32514874649604,62.17907503732618,62.829430142605496,63.125852154293426,63.11159000032944,62.79186993388521,62.20912096258871,61.13831423537366,59.6189547366785,57.455876747217346,54.23791267421581,48.29361674901893,40.360297306565435,49.489603794413036,54.42291586286071,57.404716442595856,59.341736189197604,60.67589318094748,16.989700043360187,21.367205671564065,20.5307844348342,13.979400086720377,18.573324964312683,21.13943352306837,13.979400086720377,15.314789170422552,6.989700043360188,18.325089127062363,12.30448921378274,55.21373480761028,57.93457903478582,59.810648442315724,61.251721071795984,62.204266282278255,62.946112607074724,63.29530080040292,63.35845283037338,63.11811692519042,62.53952175093068,61.67746394762755,60.37382667845481,58.380653951709725,55.61112121566684,51.360511746401016,46.34215203716743,50.1255041133141,54.51018452155458,57.58406182199545,59.53955297581905,61.08143039021768,62.14413842589685,62.14989206445204,62.04289595812505,61.92833300666133,61.394461497302004,18.633228601204557,59.741412561518274,58.830797156028076,56.85187099464842,52.98250320245903,53.31218704096473,53.5037208474892,55.21349946796064,57.29599676612792,58.88256457789154,60.11391529859499,60.973492967836236,61.53839854606231,61.5258949351395,61.344703645814,60.46720642369773,59.62598972683821,58.319394860615574,56.02503830561551,52.77895593794787,48.02807920361629,41.40193678578632,47.826589151715595,52.05041879261369,54.95440260903724,56.77958989981002,58.05226873980273,19.54242509439325,16.901960800285135,20.374264979406238,14.62397997898956
12.30448921378274,9.030899869919436,16.532125137753436,15.68201724066995,11.139433523068368,10.0,17.853298350107668,6.020599913279624,6.989700043360188,9.542425094393248,16.532125137753436,19.86771734266245,6.020599913279624,14.14973347970818,12.30448921378274,22.278867046136735,13.979400086720377,13.010299956639813,13.010299956639813,16.532125137753436,16.020599913279625,18.129133566428553,20.043213737826427,11.139433523068368,0.0,6.989700043360188,0.0,16.989700043360187,13.010299956639813,15.314789170422552,9.542425094393248,9.030899869919436,16.989700043360187,9.542425094393248,12.552725051033061,23.180633349627616,13.979400086720377,6.020599913279624,14.62397997898956,14.62397997898956,13.979400086720377,6.989700043360188,12.552725051033061,0.0,3.0102999566398125,6.989700043360188,12.30448921378274,14.14973347970818,14.62397997898956,23.010299956639813,-inf,10.0,6.020599913279624,15.68201724066995,9.542425094393248,18.633228601204557,16.532125137753436,13.010299956639813,16.020599913279625,11.139433523068368,6.989700043360188,0.0,16.127838567197355,10.0,15.563025007672874,6.989700043360188,16.020599913279625,18.06179973983887,34.91081413423187,32.47727832909723,29.916690073799487,24.62397997898956,20.5307844348342,6.020599913279624,29.845273133437928,30.644579892269185,33.68472838440362,33.78216149749878,38.604577954234706,36.81602998730868,38.795546009389746,38.52723910791206,37.64400322956388,37.307822756663896,35.549734583332395,35.100085129402345,34.35366506612661,29.79548374704095,25.575072019056577,22.30448921378274,19.49390006644913,30.68927611682072,32.00850498091078,33.05351369446624,6.989700043360188,35.19171463821659,36.52149605401653,35.16006230386048,34.76686742945645,34.8572142648158,33.70883016777606,31.1293997608408,30.056094453602803,28.382192219076256,6.989700043360188,25.865873046717546,28.88179493918325,32.25567713439471,32.10853365314893,32.86231854028553,34.91921712586151,34.53624073591451,35.80012112529425,34.95544337546448,34.35366506612661,35.02563669107363,31.832698436828046,29.60946195733832,26.90196080028514,27.520484478194387,27.634279935629372,51.04176302024953,54.69424344100162,57.87682878356743,60.173109484672906,62.1186136137845,63.38471833092925,64.44501970399011,65.07430810454012,65.3710008902745,65.39913003278012,64.97693693489208,64.17267368965435,62.888841014739405,60.84666344486962,57.74582652363083,52.285158471977425,37.80461332861718,52.268833283909174,57.812166590796885,60.9159837936854,63.128095015152084,64.52144772425272,65.36192799586763,65.74540194175894,65.77825894220791,65.41887757975695,32.17220655644519,63.662221079645334,62.20606978414257,59.90127873201622,57.44841178311546,55.961878964612325,57.770177114123456,60.409222079330256,62.82454434233462,64.64646008336153,66.02786067285771,66.82961252101438,67.35349747584577,67.56110834410558,67.41096421819171,67.17815077366514,66.35681747998477,65.3748764599535,63.51939245078689,61.07053867017062,57.04977977417052,49.05655588685639,47.7423220878466,56.679056906402636,60.834298729954185,63.34193297440422,64.88598655453163,65.33186166292411,65.62762124824042,24.653828514484182,21.335389083702175,16.532125137753436,13.010299956639813,16.989700043360187,21.5836249209525,20.969100130080562,23.521825181113627,21.84691430817599,9.030899869919436,18.129133566428553,26.020599913279625,21.84691430817599,16.532125137753436,17.16003343634799,15.68201724066995,14.62397997898956,13.979400086720377,16.127838567197355,20.644579892269185,15.314789170422552,6.020599913279624,21.13943352306837,16.989700043360187,26.6838591669,23.69215857410143,21.13943352306837,22.09515014542631,19.49390006644913,33.87389826338729,30.68927611682072,23.117538610557542,33.91993072259713,27.61927838420529,28.2865989653532,36.178387477170034,23.979400086720375,37.60422483423212,29.694159123539812,31.007150865730818,15.68201724066995,19.912260756924947,20.170333392987803,19.912260756924947,20.863598306747484,23.05351369446624,6.020599913279624,14.14973347970818,26.127838567197355,9.542425094393248,16.532125137753436,17.853298350107668,16.127838567197355,17.24275869600789,17.16003343634799,13.979400086720377,16.020599913279625,16.532125137753436,16.020599913279625,14.14973347970818,24.712917110589387,18.129133566428553,18.06179973983887,18.692317197309762,17.634279935629372,16.127838567197355
10.0,6.020599913279624,3.0102999566398125,13.979400086720377,49.61990287440065,53.0150311884394,54.601458174917504,56.6136775529117,57.6810878297797,58.770400267803254,59.138064375365815,59.453159151152335,59.334675467417725,59.29786642970104,58.37114748515506,57.539276003484254,57.09633699885267,55.42987168420798,53.12120208669198,47.56803404891328,42.99376533060346,44.91431735682969,48.85191540606848,52.44635791456161,54.90626974933804,56.47627436477339,57.237593257004455,58.25390411970473,58.48445305959349,57.85985764854658,9.542425094393248,56.21401682370069,55.583941331007544,53.59410462366317,48.84007597334691,46.86135559106637,45.58708570533166,48.81960670704853,52.25609048246355,54.88236162128656,55.902710165768674,56.8686854574798,57.56083571630817,57.642067785960414,57.53437503725226,55.63539224752965,54.255032449373495,53.393480728819796,48.77284939168178,43.87834572390811,42.347702951609165,45.94038782322546,48.67820908045573,51.58368523921166,53.99922807030635,56.11273915271888,56.617691592904464,19.49390006644913,10.0,6.989700043360188,15.051499783199061,6.989700043360188,17.634279935629372,12.041199826559248,0.0,15.314789170422552,14.14973347970818,18.06179973983887,44.2845877351558,46.46923000478495,49.4029729020902,50.46514673981031,50.76571271396158,50.99006927850132,51.35886047278674,51.57737744632616,51.72605849845765,50.65602119712774,51.459573864663426,51.223502429477264,51.29680226784287,51.42630326369874,51.78173766904755,49.97757604280254,50.18409207382068,50.08451123572122,52.558150341956,52.40282099986837,53.21739237511545,53.480418697347204,53.493261035523304,54.23961460261026,54.16715379242941,54.236210078602234,13.010299956639813,53.43055894107004,51.79014335274934,50.35545801383938,47.92181496149679,43.40721657313007,38.73553093513619,40.29099566823543,46.67751719421233,49.425834221178775,51.51654791239061,53.438515254913106,54.59663837022606,55.39172737390055,55.869134655845514,55.41641638096807,55.28209432477408,54.51616060457415,53.32858411470549,51.575323173180124,49.31508721866617,46.359359014438894,46.4353163194171,46.386190267202295,48.78780227214815,48.64522946865742,50.61851906593,48.72418519080333,52.67495567842788,55.38827500755289,57.52850958528961,58.709385425800285,59.71287448328974,60.28594430712108,60.61122485977876,60.536626184758894,60.07507527087008,59.40142791106066,58.31277092153134,56.69146663293979,54.32849082039786,50.707506331766716,45.61637954564607,47.58586427919191,51.615416852934395,55.08850103360863,57.10057253918421,58.59076422442157,59.477909120668855,59.88573225046102,60.114596357387526,59.811260824596715,59.19089080410708,11.139433523068368,56.109878891608574,53.276653870500425,50.181343822503564,48.051609015994345,52.4067153238486,56.07456095545399,58.440973903811866,60.35172287373048,61.645637051321245,62.36639273442614,63.1104357980709,63.51328725049403,63.51637087922239,63.26507905792302,62.46422991221379,61.7092438897495,60.01102142598608,58.25961352758087,55.25275505208366,50.8839481567673,44.08663874063811,48.840983483140135,53.61070231966795,56.836817973916425,58.61330059195096,60.16518980493434,22.04119982655925,18.633228601204557,17.853298350107668,0.0,3.0102999566398125,19.294189257142925,13.979400086720377,15.051499783199061,6.020599913279624,13.979400086720377,24.424797690644485,55.647914826941175,58.1635334014515,59.650252183352734,61.4717435458204,62.20165902914814,63.091737055340786,63.37705192013726,63.459529263276835,63.214650358055316,62.64698847791056,61.79952868732422,60.41168373362084,58.88788651902688,56.4070101321612,52.51355898115606,47.168794002327076,50.565580392320506,54.90106030151778,56.89149855148191,59.11260441760851,60.527231759991416,61.5298052277581,62.13850455819929,62.60053252232444,62.412500431918545,61.08243242519321,34.379090355394986,59.85511348578039,57.626860644309176,55.899328544289695,52.691882694830234,51.10067569844297,52.60064229225823,55.09660777128708,57.072064086097534,59.338232552253906,59.99515491488958,60.921719927155955,61.49608570970302,61.713993667203596,61.58084032144002,60.42960418887925,59.49456853572018,58.321133969488756,55.69716761534184,52.33265238770814,47.28678366850914,43.14309722244847,47.152844927779185,51.83400824232092,54.89150981507903,57.03521794055582,58.101155250868935,22.278867046136735,20.5307844348342,9.542425094393248,19.86771734266245
12.041199826559248,24.232458739368077,6.989700043360188,16.532125137753436,49.505303610908,52.37885409548717,54.874494848194566,56.50370670982201,57.725930559862945,58.5178285533517,59.17452991929664,59.49726576410016,59.655483395024845,59.071801771903054,59.03438368544262,58.32861314624229,56.27751838368417,54.58683164346481,52.10355980457939,50.99998133076532,46.6185999172781,45.362553406758465,48.42858762445293,52.06291446051501,54.16923289055086,55.82267956091819,57.184352525076676,57.486507693305605,57.612736501115094,58.09272109745044,17.634279935629372,56.95945493397065,54.4107269843696,52.08575708947575,51.227825495103126,44.67474911384599,45.463698983593055,49.48383620565448,52.40853646906998,54.17491622129526,55.90908678454397,56.97342698010474,57.263139030378085,57.36040952483337,56.9908464294761,57.076425524803895,56.05340607260594,53.569584925481436,52.32091022689656,48.96575816818799,43.142465352884216,42.697463731307664,48.81829566377358,51.822120104991846,53.752684548377346,54.18760207437298,55.34879886708954,15.68201724066995,9.030899869919436,12.30448921378274,18.692317197309762,13.010299956639813,19.030899869919434,13.979400086720377,14.62397997898956,18.692317197309762,9.030899869919436,12.30448921378274,47.395169663954356,48.30113700166691,48.38194008143393,49.33006159251866,50.18671378328162,50.872204467769215,50.91603655001259,50.82045362831418,50.31432703267206,51.30783914588956,49.555915504057246,49.686323575110826,50.75565208676494,50.63487230339657,49.97857997491355,50.409858370892884,50.40890982763337,51.24911592354914,50.64835960415677,51.39857056412259,52.361062799839445,53.01925889077191,54.23239318498926,54.454235988446236,54.896125927184904,54.76549056872188,20.043213737826427,54.22264735933416,54.03096488405155,52.9303754107113,50.651837026311775,49.27257411252672,45.37693194367391,36.0400993241223,35.224442335063195,45.07167468668135,48.79239282004893,51.14013501903521,52.6684529800983,53.90286712449381,54.54838764604585,54.76657760031162,54.59972667328094,54.40797347010943,53.41351416999303,52.15650779742845,50.569696097203305,49.28743967709842,46.358555527964214,45.362048031204395,46.445272119519544,49.51148020134991,49.70179449942991,52.40094748498688,54.96759493020689,56.88281858196448,58.32399686683263,59.364664902772816,59.989538284268534,60.23783168301277,60.20654995127032,59.80401557539086,59.2102647075062,57.87446304809873,55.98721583026301,53.57181798358174,49.50773638795716,42.91657396102181,45.493221182942975,51.18410238321874,54.63392739985112,56.75508885573194,58.32391381826827,59.30159149818686,59.926860391621275,60.03989721392726,60.02000955259567,59.49236268468518,58.32013662457088,14.62397997898956,54.83641491256718,52.70448237917732,50.9377178149873,52.78225269057955,55.16712492904652,57.66011832016601,59.66919479432467,61.07089504081695,62.11521264087756,62.854785437989676,63.08572309752763,63.26087709566703,62.98587835733513,62.41258764827741,61.59444466650505,60.18671378328163,58.63087801560723,55.3088838617701,51.080844634329594,43.43447983807231,46.282356225890844,52.15174739097536,56.02793329506012,58.39913380598796,59.92196834629421,60.83719354652644,23.443922736851107,21.64352855784437,22.85557309007774,-inf,19.54242509439325,16.901960800285135,23.010299956639813,16.989700043360187,12.30448921378274,17.24275869600789,6.020599913279624,56.48134509693353,58.730443561739,60.583728732785744,61.690257403413696,62.65286089246415,63.04813758657738,63.35266287418122,63.203716867060876,62.93600522662067,62.079210202081754,61.309911464328756,59.60292361448844,56.99574989267195,53.62848002868516,48.96619900356518,48.26987805354765,52.070658855315415,55.79804167973477,58.40410370533911,60.229856261861634,61.416507252869565,62.06159086549842,62.45669084359864,62.12503219116834,62.39860320429857,61.296425296102406,31.728946977521765,59.1586659598,57.26123829629424,54.35978072440075,53.54638492883989,52.003086595483396,53.19807445825769,55.70992178892468,57.96286326855935,59.2973814254741,60.45721095158103,61.063201121056395,61.17644098419572,61.16624013125115,60.85005713258735,60.6323612916563,59.51058100822343,57.49628114854059,56.031205453366304,53.03822199862847,48.07115413302023,43.2006315959498,48.6683650719143,52.58237279505367,55.31995930544341,56.92586088093614,57.899330809317505,24.668676203541096,15.68201724066995,19.294189257142925,18.692317197309762
6.020599913279624,13.979400086720377,15.314789170422552,11.139433523068368,49.60170996630194,52.65725587638434,54.66324783698208,56.48103262184226,57.642927259278316,58.64027867379831,59.17037353586005,59.320600747143324,59.382654784232855,59.466551176547206,58.599604555787266,57.61182587193606,57.31009857372112,55.63006187061794,53.27191315467112,48.544578664773006,44.66719371681599,45.23863476506689,48.731170694330494,52.06291446051501,54.34396429334582,56.23391963718335,56.91736420068536,57.77299197914655,57.947284802471145,57.18456845439327,14.62397997898956,55.45263808588995,54.90915963096997,52.57940032606812,48.16088772858218,46.19969387224651,45.90529761537838,49.62960937017331,52.81474259238315,55.41760162292002,56.59195262371236,57.294992944589254,57.74954689080139,57.995073416504965,57.70477915657689,56.20786488646188,54.72377555900899,54.07482683038594,49.58587771150353,45.51364594593804,42.85039447366519,44.65159697646179,47.66450028267501,50.93887251383776,53.26575476203176,55.383022148971655,55.99466036499241,19.54242509439325,15.314789170422552,12.30448921378274,12.041199826559248,12.552725051033061,10.0,19.54242509439325,18.573324964312683,13.010299956639813,15.051499783199061,17.634279935629372,47.13364520609554,48.43762082833734,50.58475373298818,50.94656267030399,51.132613087609975,51.00801179244967,51.12048372722411,50.9118844266022,50.84969288474987,49.77339427664437,50.17909395896689,49.73571162057962,49.75201962257852,49.88665956710447,50.224283711854866,48.99453877566286,49.53672727513225,50.00043427276863,52.4794627547055,52.85937431555815,53.869357156744464,54.39553732943139,54.415663203452226,55.13133663882556,55.19344884174547,55.24148068479269,19.294189257142925,54.27786246314235,53.15953560804772,51.67966813395621,49.512403503243405,46.55944781722654,41.754248297903224,39.036325160842374,43.97261980280511,47.48312093420957,50.5563821860638,52.28318214862793,53.59250972579535,54.387147666454034,54.73669408412937,54.56707564042457,54.096372967861804,53.55432362470549,51.78476213438415,49.86054780769695,48.0204815551264,45.661545488231624,47.6466173242929,48.570670131197176,50.081656599879,50.3867578622587,51.34448058507344,49.50072629750157,52.770611304467195,55.673275608444364,57.37780848436633,58.65379394703459,59.57275813536495,60.07930757456927,60.31636661388582,60.19551613457489,59.875277332771624,59.05326264816519,57.685382094281714,55.84431869498661,53.10723042977271,48.24047692947393,39.335379019717045,45.4906459872272,51.42342529740898,54.98758404403574,57.220585949500304,58.60764902849623,59.52577905720332,60.02441243795063,60.31220970166637,60.05834037137717,59.472729149299035,20.0,56.95271483141623,55.31076369475091,53.214596494462725,51.538666718240904,53.69264109671945,56.117456061735794,58.21396259613989,60.02096914842076,61.123009560131095,62.1044721033594,62.68413208242904,63.03621284916367,63.08984206451032,62.729771825283855,62.06779746652634,61.037462671770726,59.62996407484,57.367995317393216,54.26966462630075,48.91559757201819,40.50959459771651,49.28252429455735,54.27761918589799,57.2146436017342,59.067771935385316,60.434035438620135,13.979400086720377,18.129133566428553,19.912260756924947,14.62397997898956,18.129133566428553,13.979400086720377,3.0102999566398125,17.16003343634799,19.084850188786497,16.989700043360187,9.542425094393248,55.64658964011784,57.94669952153178,59.69346009548041,61.1170901576173,62.24608934501308,62.92506161819513,63.24596227744243,63.28713046185747,63.02149465666386,62.515413753632345,61.44557084550554,59.9112192115995,58.41929811303548,55.4041081916469,51.018329623045815,46.476372122701136,51.010662374919605,54.733117571189815,57.98974346897498,59.7594438700584,61.04881621083586,61.70433345174356,62.32411578420845,62.3092127899,62.59175388189986,61.69134609748825,35.30711837981657,59.75718945367262,58.834984731891595,56.38227603082551,53.02081884881776,51.76235999760871,52.990821663314975,54.88585966245353,57.247025795731034,59.09885903553973,60.056103028016494,60.862049521602344,61.30951314189575,61.35876836404123,61.15230296016712,60.28223840845925,59.10071848627197,58.06570663233798,55.337542694810615,52.43942919568034,47.08250888591378,44.91431735682969,47.80929070636497,51.89125206925528,54.74029681405686,56.89011234360268,57.98549137098696,20.644579892269185,9.030899869919436,20.170333392987803,12.552725051033061
20.0,16.532125137753436,9.542425094393248,16.532125137753436,48.6320385902863,52.323352770856545,54.94891711949256,56.629730373564726,57.9160995676589,58.75258098944141,59.17136175985525,59.51497313650397,59.40853529989052,59.31865021557343,58.602002085317515,57.69386927718748,56.75691290807344,55.069931701482055,52.75725867573664,47.86864948347202,43.63254620994687,45.148132949992856,50.136207773765086,52.86514850810026,55.01620605079214,56.68121158680734,56.935792285143805,57.93673765853863,57.86024150877122,57.161210882911945,21.702617153949575,55.0158502926553,54.0784960347914,51.728159401009215,45.617213616014574,46.59659538882132,48.24932468397802,51.13655954730664,54.26917713880815,55.78595663747216,56.86353796645435,57.555699806288,58.03463944124321,57.92752984258799,57.47247071046758,56.196243901560294,54.82064242189283,52.8347536397098,49.91093108048887,46.345276494290324,44.989442989824,47.39730528564717,49.5580797024006,52.09321951866901,54.06516336160786,55.21620510428646,55.83391498985617,19.912260756924947,19.294189257142925,13.010299956639813,16.127838567197355,14.62397997898956,19.138138523837167,6.989700043360188,13.979400086720377,13.979400086720377,19.294189257142925,20.5307844348342,49.13925059901898,49.981590379559925,50.92952113165716,51.30941355557897,51.09166666131343,51.353362289069565,51.20195403676202,51.007357503708654,50.69583005330089,48.61803148214179,50.019499410842684,49.57549824231347,47.71572783695789,48.51368437591135,49.14448940698554,49.95235811036031,50.539231505485745,51.34103762374289,52.695526359857524,53.51195065355637,54.323406315243474,54.57473134707358,55.17202498119911,55.23855676841058,55.0262919743962,55.511632201544785,16.989700043360187,54.22396120353505,51.568065020614604,49.70016612482083,48.335423249543695,41.61876876828287,39.11902996044033,43.04598226343637,47.40844094644274,49.79994276316112,51.69233451301097,53.226926244955514,53.6808782640103,53.96661302274428,53.96174928245615,54.32560445011263,53.49302787709901,51.35313967261942,50.59188407270001,48.34782994481185,46.545615547417434,45.14401635137584,48.323556052450094,50.58293134312226,51.57033449661202,51.96499504852326,52.927565509971544,46.586313746095136,50.32860415952143,53.69336478014141,55.95798138907284,57.595968411791006,58.89629401128402,59.6828583687106,60.26330982456279,60.46729612257764,60.163584058967025,59.889622977642645,58.88179493918325,57.436978660012336,55.424220551297,52.28228352243878,47.055387247672805,36.644539285811575,46.33488654853184,52.41160324769676,55.554717216487255,57.6746829722408,58.96430309387825,59.90542188440913,60.44643618043236,60.475478223358614,60.45802003463823,20.969100130080562,58.914086554868035,57.19465532847684,55.33432672953108,53.32922983374456,52.509686233850275,53.914150373496625,56.403084797893584,58.497196918621384,60.129535831714385,61.23753668755842,62.11733622725781,62.696112330823546,62.93019625083783,62.93695938358983,62.45713235932969,61.76600532532401,60.45708195339422,58.89102161401028,56.443016814211404,52.656125152681966,45.46110621749425,43.34011188761349,51.651997960418534,55.70286023081755,58.273098120008406,59.97033649996415,18.129133566428553,9.542425094393248,19.294189257142925,14.14973347970818,13.979400086720377,21.367205671564065,19.54242509439325,24.14973347970818,11.139433523068368,9.030899869919436,16.532125137753436,54.04869621372399,56.79713092629783,58.86410627115901,60.645193851413026,61.6749840075126,62.741804874285556,63.19410271317993,63.32738928132581,63.19888750023756,62.67705230664619,61.92845000897529,60.72534063419107,58.99072697440117,56.547539332529304,52.88450448275636,47.35503088877061,49.40142791106066,53.602468241697125,56.92558762249915,59.207914794024816,60.84900715887481,61.86785181811969,62.35646599332617,62.22974890484912,62.393495390061375,62.033856759811,38.0413943233535,60.17955235904225,57.91429572909795,56.428304001510625,53.91217483239402,53.21793063437363,52.61619676547936,54.73130629449158,57.0479632841505,58.699822828590804,59.69372107911768,60.540090649999485,61.18162176824322,61.37750240199008,61.15422110143078,60.33941383270856,59.55464533890195,58.24446715613671,56.06438335649849,52.94386855450604,48.45451535902862,43.91799304818467,47.718813201900986,51.98934616884191,54.74478510408296,56.50076226457573,57.73411942184511,20.863598306747484,22.671717284030137,-inf,14.62397997898956
12.552725051033061,14.62397997898956,10.0,19.138138523837167,49.22642430801514,52.312299487317695,54.32374332783222,56.276361822152374,57.58176601411152,58.46367425074185,59.10430156059551,59.34642350572429,59.35277966335745,59.48887105116113,58.522859817050595,57.78892537121267,57.323784788223634,55.65362506765274,53.35371635019661,48.90202978428491,43.68119458615028,43.44195715871435,47.71572783695789,51.4781539984716,54.36297845888041,56.039169674468745,57.04137642306621,57.9035273133813,58.23203525886883,57.52166037307123,13.979400086720377,56.12598447551956,55.68107812404416,53.74997489931505,49.277603342439484,47.49805858939173,45.67567425898288,47.99375015901908,51.39003320906416,54.202479320181006,55.74466502167154,56.526572270952656,57.22255395004164,57.4405190234736,57.31933485553817,55.84279196391399,54.49743677479645,53.9129686845866,49.84225677734983,45.35192815054697,41.59115821827769,43.41256417431258,46.600302230386674,50.1040597262518,52.697487067864095,55.288395997391966,56.002462871379976,18.692317197309762,13.010299956639813,16.127838567197355,12.30448921378274,0.0,14.14973347970818,13.010299956639813,3.0102999566398125,12.30448921378274,6.989700043360188,6.989700043360188,45.31747074946718,46.387687128978484,49.010439910613464,50.06590108663989,50.34295490218399,50.40206627574711,50.95897796776811,51.362035441908404,51.61394957607659,50.906177580062774,51.73480556216412,51.50848506669523,51.02780042608525,51.21691130307576,51.29045059887958,50.21023822031586,49.81274832706589,50.00208411336593,52.0105009640593,52.165881110755016,52.783351052228426,53.453188275606614,53.450402840195565,54.27915971167444,54.55578730630503,54.63105770130932,10.0,54.249632632607415,53.35909011623491,52.29553863981137,50.642070742549485,47.81669225054163,43.2006315959498,38.2691664718492,41.35736743509473,45.17947671995249,49.087262265948766,51.64507508471614,53.59657176391189,54.670454519877566,55.27745869076188,55.32420569934295,55.37276202495229,54.867675815515355,54.11466497555302,53.002584379984214,50.935792634395646,48.626202818717196,47.712934426290595,46.62342220766308,47.161119036858345,46.83632310526125,48.31856981912957,51.93906181494982,54.751043475018626,56.85915421660728,58.33178997268102,59.26149441149445,59.80239781708913,60.17928149211859,60.15121582713317,59.802997730353894,59.117353954063574,57.95435767526553,56.358465126432705,54.10313175894528,50.522628956489925,46.67275462966829,46.156765598332456,50.81102362914593,54.08010882423134,56.504872275114515,57.86627218873278,58.96607777829715,59.477909120668855,59.72799236349913,59.47948100228672,58.96831439071407,58.00081664146002,14.62397997898956,54.14655862908059,51.52694922783396,50.1113042888699,51.61682377530754,55.33916883769003,57.99864144501372,59.82481995669616,61.28931792991708,62.171811485885094,62.820519679974964,63.255755902249604,63.404956718551944,63.20672108154979,62.70316578979312,61.85487758401215,60.654979267253495,58.86265059029756,56.36789691328353,52.372269495732795,45.920545601729216,45.056382849910165,52.13953161264487,55.91120282237383,58.21907686254757,59.673626127281125,60.77358092661996,14.14973347970818,21.613680022349747,20.043213737826427,19.294189257142925,16.989700043360187,18.325089127062363,20.170333392987803,22.50420002308894,18.06179973983887,19.294189257142925,21.613680022349747,56.99568917565899,59.20583476342046,60.701919676041776,61.909857292626434,62.7250809686629,63.2401768137795,63.46512773242491,63.329363001354466,63.02083401232658,62.323139103093325,61.02530090521657,59.521126301441214,57.58703774626192,54.220544381526594,49.7483395504854,48.876173003357366,52.904019359241055,55.89299347702336,58.318013307291174,60.12137151489419,61.54381667667372,62.24257689075518,62.616310895570905,62.592162751281904,61.81585506068018,61.23789267882262,17.16003343634799,59.295180357333315,57.33787696731477,55.46287193587563,53.77295320700402,52.08304274047713,53.204807095271136,55.54464930904987,58.16046320996765,59.26413451056141,60.156769763255284,60.9948209070012,61.46270088781327,61.39515448606504,61.216914584731484,60.05261613287668,59.212847623995486,58.072406633785405,55.468805907452044,51.816864134772516,47.23233952857966,44.66289164135866,48.34598708858561,51.95711509593393,54.809722465002,56.826035070929365,58.01036497077193,13.979400086720377,14.14973347970818,21.613680022349747,11.139433523068368
11.139433523068368,21.73186268412274,12.30448921378274,18.573324964312683,48.2886604082869,52.19898739044965,55.735770477822946,56.76497904443488,57.823608111944004,58.80690715276173,58.90399778654353,59.57811218719684,59.722995947074835,59.240170791827666,58.78499965335745,58.152223314514856,56.210120915836875,54.21065660505012,52.32208078396316,48.53284400899794,43.405432575141944,43.97053143018109,52.47897196824794,52.68956878235842,55.268676060261484,56.32519040623217,56.44470101756343,57.64924477068224,57.39073687563794,57.43300406283906,25.865873046717546,55.60968927497459,53.28705711568874,50.399690268674604,47.978628157026726,46.29674580607889,49.40740546982143,52.0722761486958,54.377267869242225,55.76554413262638,57.04264654342332,57.66955376204693,58.118034865276805,57.79314324626639,57.12023900578806,56.66976368509276,55.03268944124329,52.327649330976904,50.563292203144535,47.09626072126764,42.02951245040243,47.344877933046774,50.61199821143188,53.241857059406136,54.83661455868672,55.05861908858317,55.764438638588736,0.0,19.49390006644913,12.552725051033061,15.314789170422552,17.16003343634799,16.532125137753436,19.86771734266245,19.294189257142925,6.989700043360188,18.692317197309762,12.30448921378274,50.127781903751114,50.2840856511547,49.83540592324083,51.05046690081473,51.4367043347016,51.22969094393747,52.15650779742845,50.80749110907479,50.329449634804185,49.71517056454332,51.482570558140225,49.72776579867508,47.22378864148757,47.54745747364748,45.72790309529182,50.55286569326153,51.22576275057186,51.88267403502704,51.322628922809,53.46949230796109,54.023370549000596,54.71960244495528,55.534618722659,55.17021617175167,55.39389782072505,55.52844574416855,19.294189257142925,54.17743976072011,51.84691430817598,49.717952066838855,47.924617313469504,41.012313867907,34.84299839346786,42.99834040645859,47.18974753983151,50.06093630208201,51.92358339546178,53.356444166914336,53.5472677231181,54.14973347970818,53.883943047260956,54.303846945516185,53.8246732201583,51.35253537044109,50.49252919931803,48.65796634185063,46.00243016285841,45.19276575332284,47.20432202749485,49.649663748310985,51.066293914689645,52.3055365036004,53.30324469975615,46.60191704349621,50.323285971238704,53.665424885034625,55.78649522907199,57.655329562413236,58.95696518208708,59.73388813885207,60.390002515863166,60.58566464123409,60.31557512778082,59.784854663304046,59.05930733491729,57.62466240092512,55.56183053359993,52.567225554135575,47.047851870884394,35.85235063365775,46.637574459391814,52.13361010826748,55.68081983136665,57.743972445308664,59.220758656178916,60.21956288595306,60.57736832627904,60.646174508528176,60.521026837198846,0.0,58.89172235435976,57.14307122184188,55.090115521258134,53.064271722095,51.664093903674406,53.39429576960647,56.21467099346845,58.41274981321918,60.22353301454007,61.51049144688024,62.33728206198464,62.796327283244544,63.05614661273545,62.89546145227352,62.644005583019684,61.75419320244019,60.69507148778709,58.86700489502668,56.37082262262082,52.38186661253486,44.88325050357719,42.4445030913543,51.466395813588115,55.67811857863036,58.396068710572884,60.10764538872715,16.989700043360187,19.294189257142925,17.634279935629372,12.552725051033061,20.170333392987803,19.138138523837167,19.294189257142925,14.62397997898956,6.989700043360188,16.127838567197355,26.483600109809316,53.73970684517423,56.64048410338452,58.7790380765029,60.66542459435912,61.91452411806541,62.68676238610841,63.470761960697345,63.41794473757438,63.34532560405912,62.69471147200092,62.350456572878585,60.89376928392812,58.84773280617269,56.202412310684664,51.942173105562624,47.68230990620765,47.756104480063605,53.29245290093711,56.833568805940914,59.43481160403469,61.42912619676569,62.03407698786577,62.70638082739714,62.562562734155534,62.40126978710371,62.395837425778524,33.91816923613249,60.20527012274563,58.828852566567505,55.85204589450978,53.89084535703938,51.58196584044787,53.02590648306554,54.25697213362591,57.20503293813409,58.711816608152446,60.03528169931161,60.81405641950988,60.88428474294059,61.3219883279573,61.12264737950122,60.74469012355402,59.92566329993071,58.14328851821376,56.60449000473335,53.61895856593488,49.00197748096617,42.347702951609165,47.81877390670729,52.509759336528376,55.294367712002234,56.64192407964044,57.92339150697629,13.010299956639813,17.634279935629372,13.979400086720377,6.020599913279624
9.542425094393248,19.294189257142925,17.853298350107668,13.010299956639813,48.4067056133341,51.9296866978236,55.22106317480454,56.72033170961604,57.88188882936862,58.725117240719115,59.3056038523525,59.62472568979803,59.691665408292124,59.12885483219581,59.06951560797851,58.18291890799996,56.50623170604235,54.59460340971134,51.90135520877031,48.779296945519505,42.84408172506198,42.43781916093795,49.870313378971225,52.86862729004965,55.195996339301026,56.535144847083686,57.3961822377518,57.96513971795561,58.094741939686905,58.076358105763255,12.041199826559248,56.57504264701884,54.75479417322995,52.675377899726655,49.5933241526821,46.247872752921076,47.38225448142505,49.851434392440595,53.32341490322637,54.46443960831864,55.90958804458276,56.96762530626316,57.23864324045763,57.179541161584865,56.63898715139871,56.41097161796935,55.08613203219191,52.01301514382703,50.725366358694586,46.99777041760007,42.72329043274019,46.889979031063135,50.52817019465032,53.34956116136852,54.93533331475152,55.38353766263111,56.19562866420827,12.552725051033061,16.020599913279625,13.010299956639813,9.030899869919436,16.989700043360187,13.979400086720377,20.644579892269185,10.0,15.68201724066995,13.979400086720377,13.010299956639813,47.2538885825431,48.37266385445712,48.42240931549416,49.743504718634526,50.3362477121926,51.20705515658274,51.25962464061783,51.63665174459272,51.66062865797312,51.29087003094781,52.007684447831714,51.95013562875828,49.97180985323791,49.745393245930735,49.751053905462534,51.63629420984208,51.7598991185227,51.98219823720986,50.96353759993295,52.38547887681328,52.411977096980564,53.25542344151623,53.9983460556936,54.13777392952695,54.32130340800188,54.58526051013946,18.129133566428553,53.67819790487508,51.53912379174297,49.826058727435466,48.49278106891647,42.4809593109413,30.588054866759066,40.477420181806416,46.38569119860692,49.537403678558576,52.05326187581449,53.700409749909916,54.46667622215411,55.12952412979904,55.289398277703434,55.91390762173805,55.55921119313481,53.93415493915753,53.80981431075959,52.54306332331286,50.418070412524436,47.89587762342296,44.43951053179596,46.048306194291555,47.79683052959317,49.53977026127774,50.16218272781338,48.74742663937555,52.67943382376299,55.364637459511954,57.30273417217853,58.70105298352797,59.79523336040495,60.41668177350733,60.64527246186447,60.592850318838394,60.10456427144448,59.572480195790504,58.391636829146506,56.45392791347661,53.98809463910311,50.293594240407884,47.16178696385568,47.722410026150264,51.771467586240156,54.88952394088463,57.05153556348856,58.42254670678091,59.34236785755437,59.833348557868824,59.95314400121704,59.71997680701573,59.044699345019865,23.443922736851107,55.98361470133567,53.350344327040986,49.54999452005193,48.74006094659124,51.60567564179986,55.543498242223556,58.35630336693885,60.19553274160064,61.68781714899123,62.523590130864974,63.223303358403555,63.41045364873109,63.42103752115513,63.19651656902646,62.660107290454654,61.69753469637744,60.376304489198624,58.37323867274521,55.494606251853696,51.00460152194369,44.28976638512883,47.802668936021476,53.241177626594265,56.681938899872534,58.84973122177377,60.21990143761292,20.5307844348342,17.16003343634799,21.64352855784437,19.49390006644913,16.127838567197355,17.16003343634799,0.0,16.020599913279625,24.62397997898956,14.14973347970818,12.041199826559248,55.3587363664022,58.093724899964094,60.2111691062375,61.592895048862346,62.60617968590864,63.29018748760891,63.59201784745786,63.63773259321097,63.47302297661038,62.720721626645954,61.996084684184744,60.7139038751675,58.35749530098709,55.66614238239117,51.48284837325748,46.691494542790096,49.71447491052814,54.59092298612843,57.850178853251386,59.74889636158718,60.961234017729076,61.89435567246968,62.03038329267352,62.67149660987621,62.28261988715748,61.8430521960326,36.53019451099613,59.2856892099281,57.7700682553838,56.3775882864969,52.947659402292395,50.2639024655699,53.27630666611199,55.13405398482401,57.62277087113689,59.06646372136138,60.22999218889193,61.01346266135611,61.41177823062138,61.39036430491209,61.162692741489195,60.83624792758337,59.745384035595386,58.089054236585866,56.46427253954978,53.50015298234692,48.899736384039954,42.47727832909723,48.576279574262635,52.89357029096958,55.15906944163804,56.65702914037439,58.01163512375762,18.06179973983887,10.0,13.010299956639813,13.010299956639813
3.0102999566398125,6.989700043360188,21.13943352306837,12.552725051033061,50.511525224473814,53.39501128908108,54.99026893261117,56.74796864070852,57.96220370816752,58.951848898969786,59.34838683612713,59.44139542697773,59.499269310366,59.34072532868936,58.379525122113705,57.45107596760726,56.65094834474406,54.82051360612715,51.87625051783121,47.21530334801461,44.52889951176493,47.49527618618067,50.23869501388332,53.34903897244881,55.58200797105397,56.810910178903114,57.64959547422806,58.24196148769842,58.03747231233494,57.41183913572864,21.958996524092335,55.208619835012065,53.614652917495505,50.72180022431566,47.09337814187734,43.36259552014194,47.844532423901775,52.27048144078441,54.28112106411022,56.54258385675543,57.321057431837126,57.87883227592439,58.1805821565822,57.98734872454985,57.48870728412232,55.45930271512439,53.9311346517642,52.66055213999255,46.71320977612709,41.029822305182634,45.20260760495895,48.333065152846984,51.345914347108774,53.230890802013214,54.84603027670871,56.259757355256674,56.6442571451084,17.853298350107668,13.979400086720377,6.989700043360188,20.5307844348342,14.14973347970818,20.0,11.139433523068368,14.14973347970818,16.127838567197355,0.0,13.010299956639813,48.410715141163074,50.0116668366936,51.1693301098468,51.471226710400266,51.339634152892025,51.04422235435883,50.63952265968281,50.22036380699923,49.538031673138775,49.714428529631604,48.28563232703952,48.26398782187618,50.69557104582695,51.292289346680995,51.32515834912638,49.90027898770295,50.94485104104049,51.632210267155784,53.57084474044386,53.87283019481142,54.5789551551118,55.124402370253705,54.960837485998944,55.39550300256339,55.201493315069825,54.18914175294696,15.314789170422552,51.835602255144835,50.94334844309564,48.64113389050153,41.8822517270528,40.705919315120404,41.61397952545797,46.21934077126528,49.93356859786623,51.93472451382192,53.10684817502689,54.05457353231954,54.893072524285614,55.09644659066069,54.77725950524131,53.061783211191724,51.740947127776394,51.23475960740422,47.40086232305504,44.61588557771539,44.31106328181145,47.97302172183703,50.49996727620201,51.79137980288807,52.96096726105061,53.090613802870465,52.951733077498716,43.02633919813779,46.67947673318739,50.913151596972234,54.17332165107791,56.41510795931404,58.21939098729766,59.346044869504325,60.157092302030975,60.66236820615637,60.92111574071531,60.618236572863694,60.15145909153383,59.52162574214462,58.22296255810457,56.17521391609668,52.516795798579764,47.042277560249985,35.436956323092446,47.31508183596026,52.80680786235053,55.91440832569952,58.01096233223008,59.224939801401234,60.24428195817705,60.689294644702784,60.64484944599602,24.668676203541096,59.51929776148323,58.546703318953355,56.935862639590525,54.16607226792504,52.47150517744046,52.153625730082254,54.33182379423717,57.144479589523414,59.11213557185829,60.57721242878643,61.802962320528,62.68691444570233,63.19141259690136,63.30991771390739,62.92329850835322,62.516306780135636,61.62572172379672,60.28719651947756,58.11416808083246,55.223516263114625,50.19053947051712,41.21132889998408,47.42332282357148,53.57588034896032,56.737100676269954,59.026255865561986,15.563025007672874,9.542425094393248,16.020599913279625,18.633228601204557,16.532125137753436,19.86771734266245,6.020599913279624,25.622928644564745,9.030899869919436,20.827853703164504,15.314789170422552,52.88036722634327,55.74800734549846,57.95859170708621,59.892335065128194,61.404533599720594,62.457369131399,63.08612428724296,63.38851959752666,63.40429241486741,63.06765038145788,62.330529967037435,61.35827602555076,60.057144693317994,57.72442734772183,54.55400705852956,50.088385425189365,48.05670736698374,52.718276717306374,55.77018183675303,58.54903923864466,60.02639854014066,61.664970143159145,62.371396664100025,62.67832526812197,62.497717367830326,62.627749099424335,26.665179805548807,60.57994932741987,58.758486489062804,57.075190796237436,54.43810401121398,52.58486426579624,49.57918411988109,54.10042950460059,55.93509803984364,58.587446709906104,59.86275818252616,60.45832877539333,61.30311248938025,61.60364371991497,61.3309704449584,60.61203970445717,59.81954444469974,58.63105063352626,56.38299523672946,53.46826136713624,49.27780849347374,44.738663557866914,45.66790912381592,51.2852850379744,54.52292561617729,56.72579934363129,58.04947272766554,12.30448921378274,14.14973347970818,20.969100130080562,10.0
13.010299956639813,6.020599913279624,14.62397997898956,6.020599913279624,50.09200105451732,52.84042515441173,54.89222788643311,56.57753606953449,57.96990390545687,58.72142281828215,59.25424518985383,59.47889344957578,59.39413910952324,59.52668479548608,58.34976092735553,57.58194790454462,57.04673758099527,55.21301567418334,52.698607075130546,47.6985714835456,43.15235409617727,45.86418504585972,49.4213211943707,52.743518523964184,55.06161249025891,56.54747201443952,57.45777217889759,58.16718430207881,58.11712376686988,57.507096818741694,17.634279935629372,55.4652415621667,54.65585078500358,52.09134169725567,47.49210516538032,44.90702747711716,46.63220203497093,50.58247562614436,53.5541703573729,55.82177037688409,57.067868885338264,57.63257986417314,58.0391916122947,58.005473129272936,57.58628070702716,55.78155372553788,54.15140352195873,53.33797793052847,48.14733573681184,43.96286546068402,44.057389775042495,47.141452711714905,49.999739415493245,52.585798198953285,54.363996148990104,56.20686645334783,56.568147237942995,12.30448921378274,14.14973347970818,13.010299956639813,0.0,12.041199826559248,21.13943352306837,20.374264979406238,6.989700043360188,9.542425094393248,14.14973347970818,18.06179973983887,47.06384894774264,48.41265592625782,50.62972861315249,51.206298594695795,51.316988442592404,50.92639952429871,51.181721020051185,50.99559795149243,50.58338701228556,50.06927903017554,49.93934171088351,49.59785259728594,50.49690835977447,50.77912702949456,51.192063848059064,49.678333561785664,50.25981364088429,50.95437868205057,52.92975606124361,53.358769480949555,53.99813849680828,54.625731779232325,54.62788687148866,55.11094232955525,55.017779246976474,54.70117824335781,21.613680022349747,53.143413122759135,51.92458726731594,49.7202223062971,46.36136708051051,42.52391803181244,38.767372971406644,43.02698818991789,47.96754673661961,50.533320281588686,52.3249803706485,53.87598024190293,54.64382227370902,55.039826015295716,55.10558414150438,54.50663184671179,53.61918506080804,52.86191410859032,50.47403383953543,48.35087847232494,45.21987527782068,45.33581425058706,48.601762391915926,50.303770535558,50.94754044138029,51.69539246943566,52.05315360197719,45.266622930104646,49.9532800907741,53.65467392854011,56.16194996162287,57.97475287537334,59.03968544078663,59.95580794710055,60.53312438257286,60.722057672276584,60.76365145512742,60.19440331916381,59.41931114042151,58.33364523590804,56.33298744580489,53.46216013155005,48.40419777736486,39.512403503243405,45.65493629868862,51.9892637597612,55.165419841115806,57.324661362054215,58.85854045496298,59.72988302528555,60.31350285094055,60.417940246476775,60.035230005331414,21.84691430817599,58.27191512002731,56.68484693471353,54.41311719231064,51.7539583139403,51.55691224030103,53.83161637882185,56.551432389273096,58.83084263308056,60.445009543683724,61.626698311072175,62.48020864391505,63.11877776191588,63.293970656938036,63.23607848955462,62.8224179713883,61.99626295501452,60.96765803299928,59.09261764589742,56.63248495990033,52.85469541151167,45.916877620731135,43.03498445792314,51.427460169136666,55.61504469978263,58.0619083121022,59.75174832374557,-inf,22.85557309007774,10.0,19.294189257142925,15.563025007672874,18.129133566428553,20.644579892269185,14.14973347970818,15.051499783199061,19.084850188786497,20.681858617461618,54.24432415724877,56.79436982175699,58.982698110948476,60.63145637106638,61.86893361023745,62.725398642096984,63.352044715962286,63.45292353991976,63.34349588409795,63.000508615714736,61.993802171026516,60.8291886843041,59.32185492312516,56.847421595787665,53.16131864572889,47.808715300879754,49.444876072866954,54.1644910936276,56.75599639461781,59.11854052702814,60.61223584793759,61.88582597054509,62.20154392874629,62.453675497332114,62.463372907099625,61.86496666330911,3.0102999566398125,60.45380880857525,58.66540160770811,56.761236242532746,55.00501308204854,51.6371582017758,52.82624378362409,54.17242444797808,56.48032947067406,58.72951265433966,59.97443179760522,60.94341135297127,61.46252102092995,61.60204632815898,61.32508792934408,60.53063069955324,59.543197104851075,58.57434423035408,55.90228621240158,52.78216114790207,47.87276232237037,44.01072973025948,46.653933502797116,51.37430074607128,54.56677216612582,56.73665876245701,57.887635265980784,21.958996524092335,19.030899869919434,17.24275869600789,16.532125137753436
14.14973347970818,6.989700043360188,20.863598306747484,16.989700043360187,50.025504906552854,52.887186002668074,54.93771633610371,56.73988001968902,57.79759501447046,58.829807912300545,59.37094424032061,59.59196469802443,59.48431061005032,59.26324436409959,58.822631996188946,57.85697050132917,56.4617328314699,54.715689254613224,51.75097035177379,48.708835883535606,44.82444791918265,45.983636601720264,49.17216584004321,52.99823153207261,54.80876099676823,56.34930473325185,57.47701499872471,57.815004659056854,57.97817160711995,58.08348736568327,9.030899869919436,56.35845508170193,53.94262511390988,51.386342146622674,49.40516484932567,42.92344693840592,46.26227415588691,50.92896010921856,53.295138113589516,55.4906459872272,56.67726518932922,57.34304467474633,57.39099029974842,57.344229576419664,56.93067093924228,55.90200727314081,54.41966779223534,52.346792279470804,48.00964390784695,41.634297433014716,41.14243913688907,46.725134728685084,51.62400096238821,53.68309203531134,55.03542833050277,56.152523068480676,56.8019949175602,13.979400086720377,18.633228601204557,15.314789170422552,14.14973347970818,17.24275869600789,12.041199826559248,3.0102999566398125,6.989700043360188,10.0,12.041199826559248,14.62397997898956,46.768947099757874,48.6252492945881,49.9153174686426,50.63171923050205,50.90430889612026,51.150977082731835,50.90250996911659,50.80759929008834,50.06243489540624,51.51875262393539,49.438900482484726,49.20175522010023,51.772160715348186,51.772160715348186,51.573963193232295,50.67331280208168,51.1852925753174,51.530370096149234,52.69916697046739,52.79160275844209,53.62906383503136,54.09880734455875,54.30297630894123,54.945219185800305,54.92923742399215,53.85255837113345,11.139433523068368,52.00555033601549,51.87819547973214,49.89894563718774,43.41256417431258,40.92194120697316,37.623033632877686,43.75334339665416,48.21651065962116,51.360511746401016,52.875262909479474,54.22448662994425,55.31658984183703,55.761039785485515,55.86880860513867,54.590545717333654,53.978183891895824,53.77196935008914,50.92896010921856,48.4393630088351,46.38549155510957,46.54417214913714,46.63682083571736,48.468070341641024,50.330576679204896,51.36758605883077,51.880195908478484,44.92173485618879,50.19701881328116,53.32280873330318,56.0469358618872,57.80618261066145,59.18898581779109,60.01077883071805,60.53650336229305,60.83262473164077,60.83359264660818,60.23262750850212,59.44974429540693,58.57067616674918,56.819951692490854,54.275672477194504,49.34750874663579,44.806392293901816,46.81141700151075,51.75526308932011,55.03782514432111,57.11881432244219,58.627853112567045,59.386022733095665,60.136275114856296,60.20553937366386,59.68522640321771,12.30448921378274,57.5350645699097,56.142822330409004,53.63754841157054,49.609699529878455,50.554738962300235,53.599492563828655,56.46925938000284,58.982341293816944,60.642857348451926,61.710269250519936,62.642509821869695,63.31164007951355,63.53254769313493,63.47473845444899,62.85680154216042,62.2522991232734,61.19863344520952,59.4311100012283,57.035982857493146,53.38456493604605,47.38344460104493,43.90316768470841,50.85960950980852,55.17872553123938,57.7303491896634,59.631061111234686,21.84691430817599,12.041199826559248,6.020599913279624,12.30448921378274,21.64352855784437,13.010299956639813,15.68201724066995,23.26335860928751,12.552725051033061,19.030899869919434,13.010299956639813,54.24693837139834,56.97218877706358,59.08633511479185,60.95588443908205,61.96260492462325,62.807103685452105,63.3879523069418,63.54036371030649,63.408676923692546,63.01088404343901,62.26021405828129,61.135305764494376,59.421653632150026,56.649652260097916,53.10534006424143,49.03594561100246,49.18292512755356,53.77426466961086,56.69447056402543,59.06042360197578,60.71995718685165,61.879632500638266,62.48236707503034,62.40001042437618,62.366201322849435,62.38610570005447,32.506639194632434,60.48616573851099,58.243217756737245,55.39216656917467,54.55266758773314,49.54382426231443,52.33427650667445,54.77591485745883,56.717512080714414,59.02558193662264,60.04270631463118,60.95118070260607,61.24319643064689,61.45262617762918,61.29850306673517,60.740846890282434,59.83348394080882,58.15180459474641,56.25413294369472,53.34286837403884,48.8651892519729,44.51018452155458,46.45520514905874,51.463048195887296,54.553230824652516,56.90997455528981,58.02244041893335,20.043213737826427,10.0,17.853298350107668,22.14843848047698
10.0,11.139433523068368,13.979400086720377,10.0,15.68201724066995,9.030899869919436,6.989700043360188,9.030899869919436,10.0,13.010299956639813,10.0,16.989700043360187,9.542425094393248,23.180633349627616,13.979400086720377,12.30448921378274,3.0102999566398125,14.62397997898956,-inf,9.030899869919436,13.010299956639813,13.979400086720377,9.030899869919436,6.989700043360188,14.62397997898956,13.979400086720377,12.30448921378274,17.16003343634799,15.68201724066995,19.294189257142925,19.030899869919434,9.542425094393248,17.24275869600789,10.0,19.54242509439325,13.979400086720377,10.0,12.552725051033061,12.552725051033061,11.139433523068368,10.0,11.139433523068368,10.0,10.0,15.314789170422552,17.24275869600789,21.958996524092335,15.314789170422552,12.30448921378274,9.542425094393248,13.010299956639813,15.314789170422552,13.010299956639813,12.30448921378274,10.0,3.0102999566398125,12.30448921378274,16.532125137753436,11.139433523068368,9.542425094393248,10.0,15.68201724066995,12.30448921378274,19.54242509439325,14.14973347970818,15.314789170422552,19.084850188786497,18.692317197309762,36.12783856719736,34.34568904034199,31.821292140529984,25.118833609788744,23.117538610557542,14.14973347970818,28.041394323353504,31.089031276673133,35.224442335063195,35.15476441382376,37.97198269838959,35.51693915127225,39.88960070390338,38.46089580357984,38.81099218389017,36.991436873944835,35.692568333286104,37.87460474518415,33.84711742938282,33.44392273685111,26.90196080028514,27.234556720351858,20.969100130080562,23.117538610557542,27.49736315569061,33.30007700872759,10.0,36.110857334148726,35.535189401489696,35.20614521878236,33.4966598409663,36.03144372620182,33.54108439147401,34.02948829344405,30.6333335895175,23.521825181113627,21.367205671564065,19.294189257142925,25.899496013257078,31.96728722623287,33.53531559077762,35.07586039763011,34.831592097169796,33.92345155361204,36.39486489268586,35.62173863364648,35.2270499273475,34.6686762035411,30.10723865391773,33.117538610557546,29.138138523837167,27.730546933642625,3.0102999566398125,53.59277558278417,57.181901805584715,59.810870724385964,61.76819105416683,63.24532051430865,64.13548699405115,65.01400261830048,65.34460310395266,65.42819578254856,65.10961545436157,64.47471230827928,63.40297540509347,61.75863339421362,59.411062665776626,55.825746652583106,51.17301131656349,52.16548546433404,56.717872725517104,59.9290063793666,62.00207879663119,63.60313133154164,64.52837597565377,64.96488213804359,64.9950631802832,64.67031524471416,63.90709780465276,23.521825181113627,60.90173373128259,58.153392857448274,54.36893809463851,52.69213972013077,56.45442902759659,60.14736372316017,62.72003449774478,64.7392031836576,66.15107987443194,67.10678622091258,67.72487469937207,68.02177272370983,68.01363434712164,67.76992818645793,67.2089664685039,66.3078137091363,64.97198716635351,63.043330243819995,60.19036904966128,55.602534435423436,48.266060022944465,52.53834542621952,58.28330506846957,61.631733059802166,63.7973905177158,65.12520704644564,65.63806209888229,65.84400886853307,22.04119982655925,21.13943352306837,15.314789170422552,16.127838567197355,13.010299956639813,12.30448921378274,10.0,20.644579892269185,15.68201724066995,17.853298350107668,16.532125137753436,20.827853703164504,9.542425094393248,3.0102999566398125,23.820170425748685,20.0,19.030899869919434,16.901960800285135,21.367205671564065,19.86771734266245,18.06179973983887,24.14973347970818,16.127838567197355,22.671717284030137,19.030899869919434,19.084850188786497,21.13943352306837,22.944662261615928,23.673559210260187,21.702617153949575,30.433622780211294,34.17803722639881,29.86771734266245,39.790929006383266,36.77241845946654,35.01059262217752,34.23245873936808,36.45422269349092,35.24915147539867,22.50420002308894,28.603380065709935,16.532125137753436,26.444385894678387,24.345689040341988,20.0,23.180633349627616,20.043213737826427,18.06179973983887,19.294189257142925,16.020599913279625,15.68201724066995,16.532125137753436,13.979400086720377,11.139433523068368,18.06179973983887,20.0,16.989700043360187,15.314789170422552,14.14973347970818,13.010299956639813,6.989700043360188,19.49390006644913,19.54242509439325,0.0,21.958996524092335,12.041199826559248
-inf,19.138138523837167,14.62397997898956,16.989700043360187,49.40765435631217,52.62242198438838,54.700354303124136,56.82921777576985,57.624001960322545,58.780723324652165,59.44648462030841,59.594811910016894,59.712614648151444,59.01064171562821,59.025000317099526,58.10563826853177,56.37914809788975,54.783298055427494,52.08253193072685,49.514638053158755,44.67474911384599,44.53715751700767,48.85643871835764,52.47128392535877,54.58139068178272,56.212853611869264,57.27659167425109,57.650431079181175,57.850178853251386,58.330425115124775,19.084850188786497,57.003999508495056,54.05397591264997,52.00221026191876,50.524053421921835,43.987903927521394,45.113217559177045,50.22642784659061,52.63043983313166,54.87009624153643,56.04334073102911,56.928689417656045,57.18871055735282,57.13279644864102,56.96427163354539,56.18775845563984,54.93883075108752,52.40449398993299,50.181052239269796,44.76454825454303,37.190825739014855,44.80868923687168,50.917407989625474,53.13413715156025,54.71423739985866,55.54804015342861,56.47011117490286,20.863598306747484,18.692317197309762,10.0,11.139433523068368,3.0102999566398125,9.542425094393248,20.170333392987803,9.542425094393248,6.989700043360188,14.14973347970818,6.989700043360188,45.649499787197534,47.7423220878466,48.32560003169433,50.03916990710833,50.34468022755043,51.1989563919422,51.04268543375269,50.92748708041151,50.474812542785415,52.035142625124266,50.29975962495406,50.24001023576426,52.081859721085834,51.98756028856081,51.54594370593057,50.539883550351334,51.13692725494897,51.22209322834945,51.80039810927176,52.01541865025642,52.78172629383128,53.451952704311196,53.920159663369816,54.414908985372826,54.66768299338177,54.09114459096941,19.86771734266245,52.950522383955374,52.50107588316892,51.27791348178668,46.81684353523791,45.17591730711907,37.09693869727792,38.721562727482926,44.92997719864907,50.06812483865134,51.93594829380682,53.65055346945646,54.80170850999423,55.65405037515126,56.16867095080421,55.19734826960749,54.94836124034309,54.79640082446602,52.910334527391385,51.28722284338427,49.13628443215937,48.01575198462586,46.15202801215409,45.60635818678364,47.52893154884593,49.77101433000889,50.32235865062192,49.03578293663054,52.94624924079968,55.15484392993717,57.43261973733878,58.65911970114365,59.83601482473819,60.25772685707587,60.52877391631074,60.41724201654211,60.141949058546416,59.23240909112114,58.15062797550056,56.82254313429436,54.41041238536919,50.95573806894607,46.17262517091375,47.78570865601455,51.836712025713624,54.82920724859038,56.89962029741503,58.3844922990928,59.36835825289216,59.59736661155019,60.02895754549215,59.837115141270175,58.88186235824317,16.127838567197355,55.758249586341016,53.51914137723173,50.329167827997914,48.7299490420282,52.32091022689656,55.74922104783855,58.33058458323037,60.23670498367367,61.72948653083531,62.356731034751796,63.09280036065654,63.51507196210318,63.56801346224725,63.37658891026142,62.38188919851958,61.5784857460238,60.27013868306965,58.18237773847622,55.01390679152364,50.16067631549727,43.77196935008914,48.609844742048416,53.31589240955137,56.62430098955487,58.770561664352876,60.220326654135235,14.62397997898956,20.969100130080562,13.979400086720377,15.563025007672874,20.0,20.043213737826427,17.16003343634799,18.573324964312683,17.16003343634799,22.380461031287954,3.0102999566398125,55.17887050760039,58.04020786240325,59.96621107579201,61.5717500489623,62.42492977412789,63.20540297101128,63.528855059055516,63.51733128682846,63.38017993470888,62.55641498612889,61.82024411089833,60.54103014474413,58.3759159443394,55.44971676971527,51.363304779932754,48.41234295506041,50.80110365485724,54.97620649781288,57.697331835427036,59.807530758424654,60.989467610777254,61.624030842534616,62.39045586711534,62.128045036714205,61.98570494295818,61.94479097385817,25.4282542695918,60.41874090308255,56.994457304378756,55.289423974157295,53.53387219249733,50.981381966924076,52.18020558461946,55.15555950945086,57.20794975977584,59.04023259504427,60.1408770871841,60.99655784115961,61.19442305481178,61.27763518683448,61.267303010290675,60.52723560644896,59.81476108620312,57.72329042716399,56.377718292179125,53.29837037145791,48.94515437848598,43.555664483189325,48.04773026242165,52.00653544101301,54.9349290469144,56.78935174515616,58.012012665183065,17.16003343634799,22.380461031287954,24.14973347970818,9.542425094393248
16.989700043360187,3.0102999566398125,10.0,17.853298350107668,49.537017175214835,52.885264414844364,54.79598341422792,56.71603219874832,57.859061385829236,58.826116157982604,59.26231800643953,59.510483787003295,59.34231732746666,59.47114501089288,58.453145128754116,57.611494686706365,57.054505941370515,55.25160171441026,52.74273337758417,46.79545994115586,42.063130519359575,45.700055767617876,49.53856298224986,52.67352451201724,55.17955578489081,56.69310370749929,57.32376065983644,58.1541103756204,58.08955996209992,57.434423419401654,9.542425094393248,55.43064285446895,54.76161852632889,52.38171603630146,47.26604970113563,46.0826923186562,47.37033531333878,50.64940686295642,53.624560845277365,55.60303649476819,56.72913933955649,57.372340021145014,57.8418349469934,57.79541659921846,57.38435680527232,55.45412274761877,53.722213675498686,52.87196878466229,47.52977535298367,43.62218500326052,44.59588479232008,48.05507654575986,50.17304688562155,52.57354532711048,54.47220068979909,56.39908625465721,56.7161432073896,12.30448921378274,9.542425094393248,3.0102999566398125,13.010299956639813,10.0,16.532125137753436,22.04119982655925,6.989700043360188,15.68201724066995,9.030899869919436,18.573324964312683,46.203026587858716,47.84260582566084,50.16832849421293,50.62724845493073,50.96472023386425,51.12672017117133,51.41553239182309,51.37319290446399,51.34448058507344,50.407051663421356,50.96805769822716,50.53097659628283,50.6431195187621,51.124072452947274,51.21448219772678,49.947217776187514,50.50650380863914,50.7270564921469,53.03563215917248,53.39214850360052,53.95970802725863,54.41929104713674,54.485579234862314,54.69304971495248,54.76636021575915,54.60070543294161,11.139433523068368,52.897850987675625,50.71885687752241,48.56523473070584,44.84826369084443,38.97462138013063,39.55639653023252,44.51602243332979,49.152151020418415,51.3021150543264,53.032587123035796,54.25796608979647,54.92651452633637,55.44748732551598,55.39858629660975,55.01400261830048,54.325492163618925,53.15256425053211,51.537813385642124,49.17489754932501,46.77898817302649,45.845573605256746,48.03463944124321,49.407256131080345,50.823328941539046,51.46329625607937,52.07973485448865,44.21110129793434,49.76927431308305,53.651958610659435,56.10537734400176,57.931985870873184,59.14356381476011,60.0388643158345,60.62040941322884,60.82578582563413,60.747411271596654,60.29799608306487,59.500029538550805,58.368366098919104,56.628569528053546,53.93347029066479,49.67702385381606,43.98165783106361,46.33114816128496,51.938200260161125,55.084920111467575,57.232495590216,58.648728424136735,59.43820856087519,60.02369981034393,60.06829157415958,59.81040800196177,14.14973347970818,57.78794253800179,55.824326972004606,53.39540874896825,49.78568514240586,50.552942169041295,53.58186207892527,56.586542491690956,59.01347690267677,60.591319382297335,61.76478187788251,62.684920872733585,63.29321591428902,63.47221672169117,63.37489011939578,62.97015993577781,62.25326859956287,61.05649477287073,59.54625002648051,57.22694785298568,53.69916844005586,47.56803404891328,44.10017608203052,50.94128589254172,55.163237938504956,57.734302359551975,59.62888568281046,19.138138523837167,18.06179973983887,6.989700043360188,21.64352855784437,17.24275869600789,12.041199826559248,13.979400086720377,14.62397997898956,23.59835482339888,10.0,3.0102999566398125,54.46164222025476,57.22371456989877,59.15761157186131,60.857374895233434,61.99246283089683,62.9659016928084,63.43449756273385,63.600040469129475,63.38233511818259,63.063242166381066,62.20894599574156,60.975245390126275,59.54667427542275,57.06097894583033,53.417905198926796,48.42340842572451,49.1178062734744,53.26192438127772,56.66615311514142,58.94894551893724,60.786257177840774,61.67318811937779,61.98076723804861,62.18131218424144,62.49373507897804,61.766757155122306,35.62173863364648,60.32704563807057,59.196689586421094,56.609839919852035,53.27246514206599,50.85054988986404,52.50627340622291,54.338817922871456,56.953012667184936,58.54947594654461,59.97498220486812,60.819824399708324,61.29037961406023,61.44108531333151,61.37031119302282,60.42527079801989,59.500784761700636,58.44065674779516,55.878601930369946,52.70003000105059,47.84189205380961,44.30413711892598,47.20299909331794,51.59254292271558,54.65312942258146,56.87339863728081,58.00769987519952,18.573324964312683,20.5307844348342,9.030899869919436,22.576785748691847
14.14973347970818,9.542425094393248,6.989700043360188,16.127838567197355,49.860054467068764,53.00301942491899,54.99007622667678,56.574172956125096,57.98557424383737,58.833672642510145,59.31509230348326,59.34446938843174,59.45225272685282,59.520136948349446,58.27850478668451,57.41391931283119,56.691401509258206,54.7915045253866,51.96811542662677,46.799726942774186,43.75279436336474,46.93023067923694,49.99830592115373,53.21923460136361,55.279725618928914,56.6848376171989,57.593731797955535,58.100206973661976,58.06180652568485,57.215674411258554,21.958996524092335,55.05813128016199,53.77315359497891,50.566952727366505,46.51714028350917,44.3092925238497,47.94355577097677,52.094962483262385,54.30526538680641,56.41097161796935,57.23818390393224,57.59913246137698,58.05776028031883,57.9094982256541,57.026097321145095,55.316526001007205,53.03068559232365,52.46451800526092,46.23176901951712,41.79695383324506,46.32831697087637,49.03659624756379,51.52447352686544,53.49724222634397,55.036517955311766,56.48540522852754,56.79679496462062,13.010299956639813,3.0102999566398125,13.010299956639813,20.681858617461618,6.989700043360188,10.0,12.552725051033061,16.989700043360187,9.542425094393248,13.979400086720377,14.14973347970818,47.70690041127089,49.17489754932501,50.99269627575791,50.95897796776811,51.39583161826357,51.01451488210036,50.8611057380132,50.6169368680342,50.14054072790933,50.1263478787029,49.06878916280821,48.80012838366771,51.06343910647023,51.19800066362132,51.519854560138626,50.29225454579767,51.226646903912105,51.87565839997265,53.48205528735611,53.84711742938283,54.60971471219409,54.85522684192404,55.00775576658111,55.109536444968086,54.68093179017466,53.92436650232662,13.979400086720377,51.41703690876124,50.07167193147054,46.763826348967406,38.98341165727509,38.84568814918333,43.11499565460373,47.311050512159206,50.40669575402845,52.56833157745879,53.86329495217409,54.5716858407862,55.26433622787751,55.28600501047557,55.03782514432111,53.751238392011764,52.31617388517823,52.00962612546434,48.40965047132446,46.167694952723195,45.36987475130602,47.77666017239896,49.951831176517125,51.54588286119912,52.38266959761971,52.49115160620549,52.794935566020996,39.65765964182686,45.4117970897645,50.834775360912644,54.071477674968456,56.62970206395096,58.1896778433952,59.40885378917908,60.232808627989755,60.72804454809818,61.173276508251064,60.7645183227427,60.324229216014444,59.659895856456224,58.31343056833304,56.38065738193954,53.2962158001926,48.323875487626,41.650958747542184,47.13927138132432,52.34010817587179,55.5159880373175,57.535968458004774,59.051355747398226,59.804233654009295,60.194606802985284,60.204151517137674,16.989700043360187,58.95703696607079,57.848604009616544,55.902710165768674,52.94944348171001,50.747469772186065,51.66444915720618,54.4495772876919,57.39572344450092,59.31239142752621,60.92166372731181,62.049281037990454,62.91920249643305,63.287360679285484,63.36464937345711,63.211145760923735,62.47129621743679,61.89427705651255,60.354137270329346,58.600653637820415,55.740636938384746,51.168533762827636,42.730475943379965,47.03067723380233,53.32054495108195,56.39665748155175,58.68734931469912,12.041199826559248,18.692317197309762,23.010299956639813,9.542425094393248,22.944662261615928,19.49390006644913,19.86771734266245,22.380461031287954,14.62397997898956,19.49390006644913,21.64352855784437,53.30415802757916,55.728681185409314,58.096115575487474,59.95637387998485,61.569202932824105,62.51662793278327,63.18314651923335,63.479894468479266,63.52304489476437,63.34868746378152,62.47128392535877,61.423919692498465,60.161588594246844,58.01822022922579,54.613304189854475,50.00112901888685,48.043984318614164,52.44249899211979,55.60571316481986,58.58614786189928,60.380261273651115,61.476392298898375,62.20050003809648,62.640119788410416,62.910198981152654,61.8460768622617,37.488080049586024,60.62753787971594,59.131735907408,56.734863025047275,55.629919320855535,51.37281300799095,51.432022250495976,53.747116951402646,56.23953929968235,58.497878242376856,59.954057036569424,60.652995548551246,61.23649140697354,61.4874359257292,61.18001688251545,60.62238925333837,59.55728628822534,58.760849908451824,56.124723240893665,53.39779274472026,48.84211760377254,44.333056987081235,45.52485701092947,51.076033707891135,54.194137808424394,56.89876889263492,57.79778972024803,19.294189257142925,12.30448921378274,17.24275869600789,13.979400086720377
15.68201724066995,3.0102999566398125,20.0,0.0,48.88651174765289,52.57652180479839,54.568410675468826,56.313189421475315,57.79311437063947,58.6917654908993,59.1315290430495,59.44608993989891,59.499308299664186,59.511042779299984,58.566038390599516,57.91297571494794,57.39772437699762,55.99177589239622,53.840037586692695,48.913367103673224,44.26787690457996,42.90479813330673,47.65757937220531,51.363717234923236,53.98165783106361,55.88574206654923,56.83796944996416,57.88115318900708,58.27379613275535,57.59386784115415,21.13943352306837,56.124331017654214,55.757984308818756,53.91957848245589,49.33740299496935,47.65355571196678,45.405421894382926,47.619052965994435,51.452616852745685,54.402792132355884,55.820463091286385,56.81773826197443,57.478156149651696,57.70263475261756,57.54948898204176,56.17684811835144,54.93303266794467,54.330910685618186,50.58919260718884,46.54840475788552,43.318927241022166,44.16973172603036,46.87680536530386,50.566952727366505,53.063134906956684,55.59266077001573,56.27079988565809,19.084850188786497,21.367205671564065,14.62397997898956,13.979400086720377,10.0,15.314789170422552,19.54242509439325,10.0,10.0,14.62397997898956,0.0,45.3356871319458,46.11723308007342,49.10432291134274,49.90662900503155,50.44179005073122,50.65000518319213,51.18929055432854,51.48232359644905,51.652354204738806,50.88437331391388,51.78933803314271,51.4861499254226,50.61964885447941,50.78663403180664,51.14173801302714,50.20912089376603,50.1392370896052,50.360297306565435,51.99626295501452,52.19652624955322,52.86191410859032,53.5982789634382,53.46331454821539,54.160410669644335,54.44714467591021,54.766765991455884,18.692317197309762,54.264868621127974,53.025581918465356,51.867812269699236,50.69172111409646,46.86859614333764,42.921895926234995,37.518946880437475,42.10612766352898,45.605760947510035,49.072500828813276,51.84217138078186,53.63359978392974,54.585608021271064,55.284564641198315,55.487578285737044,55.546708351714564,55.01817587605676,54.38189390572501,52.931967618169324,51.558095550281294,48.74255624162068,47.6985714835456,46.79654978699333,47.39113284431217,47.29788235181539,48.501865831924746,51.96286748808876,54.67474911384599,56.98852728993021,58.41830430772379,59.47203278810971,59.99939194516051,60.35398515892132,60.35865415147083,59.98060895513592,59.23385996241456,58.145778536605064,56.3862900740397,54.0460282944938,50.50279195585868,45.64961804462294,45.12284063281854,50.963955036918264,54.27182516205807,56.688190631369444,58.21584922383147,59.13437123941086,59.691781968939566,59.81935429805582,59.61170412456879,59.050642470216,58.09323987000021,16.532125137753436,53.97582002500141,50.7640011368353,49.478501703603044,51.591007680319684,55.50224682945373,58.145039669419354,59.962629323209356,61.54230673624003,62.37338857646279,63.0134127322783,63.38269188626322,63.49333875221649,63.29682569297099,62.76715642887676,61.904017400189886,60.71524119006114,58.72986176799835,56.06660771660947,52.1224355284981,45.47393146068433,45.541377057011715,52.357102065575845,55.79528659517515,58.30109204740217,59.77616161258909,60.80402789304701,20.863598306747484,21.613680022349747,23.891660843645326,20.969100130080562,18.06179973983887,14.14973347970818,22.671717284030137,19.294189257142925,12.30448921378274,24.955443375464483,22.30448921378274,57.18053877334398,59.39790726601291,60.785568610179055,62.01509097769514,62.813045460831034,63.37140661836511,63.53801826647013,63.49726940242104,63.12159154632699,62.450230703796734,61.12472280164973,59.610697192655564,57.787075147479676,54.52205181969009,50.014611118110956,47.592522337743645,52.23511516097878,55.88538365829479,58.34599344460605,60.22834430171041,61.32599049644158,62.140924515428964,62.44781895738896,62.85661932121861,62.407621002476084,61.4033108384085,39.806849743633144,59.26681928075623,58.327879211353206,56.465448734992336,52.77700876288793,52.27385306272158,52.67746494644808,55.31522344319118,57.939725825760526,59.403381485232515,60.22600734976357,61.12908164606174,61.53442888059725,61.713452185549656,61.375278577121136,60.32588544506314,59.24676690440339,58.01861775968032,55.378505645477205,52.0845210616894,46.704035809712686,43.747116951402646,48.224623057586705,52.38091287487305,55.15557275981146,57.26727209026572,58.137637407229576,21.072099696478684,20.681858617461618,22.380461031287954,22.85557309007774
17.853298350107668,20.0,18.633228601204557,16.020599913279625,48.11038508604216,51.74458140360031,54.90263362358961,56.63853513995104,57.81669225054163,58.57967188105811,59.18756176583657,59.546597142333944,59.773943309933784,59.08795883890261,59.12520697401892,58.39610012621015,56.303515870928834,54.83029273128344,52.226462501953684,50.508358546031545,46.30478726202636,43.69085920821508,48.19714987557009,51.79037341663989,54.19364176855218,55.80194838726251,56.881857026621375,57.36493709611259,57.62723566005276,58.01455849668788,20.644579892269185,56.74259322499672,54.21057424951889,52.16917676331268,50.374264979406234,45.3682348331209,45.776411346955264,49.51619184484154,52.67922291531118,54.1917066715174,55.77842081335196,56.98738029139791,57.48520600229209,57.54193093566929,57.19235963802997,57.218246244860076,56.32992490902535,53.593648998321115,52.90751162594048,49.61221700013602,45.63006187061794,44.793881359958604,48.656072985678236,52.14104388631157,53.839302055347204,54.362660381808475,55.537774729799196,0.0,13.010299956639813,12.041199826559248,6.989700043360188,13.010299956639813,9.030899869919436,22.30448921378274,13.979400086720377,19.49390006644913,12.30448921378274,18.129133566428553,48.209760595015105,48.89469783969507,48.105013477665295,49.188111547111966,50.0108438129222,50.861355059272256,50.91603655001259,50.77400612423545,50.77676707864971,51.00801179244967,50.3181227133037,50.23992804606471,49.977794308656044,49.692294798626435,49.01403826825252,50.83860800866573,50.747469772186065,51.615955728122024,50.16050890409212,51.50550753490522,52.25898281791601,52.929866665841004,54.186492505196014,54.436603220338554,54.8192538728322,55.154883687447935,18.129133566428553,54.62986143370984,53.79205772700067,52.83131549278885,51.328869775769384,48.471591423054655,44.588190819460294,35.29558673021163,34.881274962474585,45.2172633728741,48.96129218798853,51.15533962605917,52.77226316387722,53.861242584003115,54.615720534874406,55.09263023539895,55.04183956680404,54.36698423526565,53.81818771625734,52.81208414034418,50.94348824158173,49.10693758420882,44.74755154291798,43.829890619644594,46.42197332123195,48.900911203753296,50.10070873751096,52.37644257639192,54.94895880756067,56.93819248670681,58.40696258471483,59.38769822783118,60.043781293527665,60.314476499858245,60.23595231726251,59.93704219923592,59.15051943706644,57.958869660001966,56.16287471462272,53.306166672944386,49.08511826352619,41.39249217571607,45.057602759200854,51.043675956010155,54.649676936258345,56.62865447849115,58.201916039771,59.2287071739559,59.88732372511433,60.118460717929096,59.90030120674372,59.35839661047016,58.25389762746984,25.31478917042255,54.79468774763546,52.08441356438567,50.43931793125701,52.646502096461,55.03906388742725,57.67254591895984,59.70463106521676,61.077067490185506,62.21126438711834,62.87109217143363,63.16210295045696,63.24358398734975,63.02278316545014,62.54273686474559,61.59303950261251,60.233421908343665,58.51473607557391,55.50449725643002,51.32061072897837,42.65808017686357,45.82631439489636,52.24338790859655,55.87621179101308,58.313481798843114,60.039720777900804,60.982826441638295,16.020599913279625,16.989700043360187,14.14973347970818,14.62397997898956,14.14973347970818,17.853298350107668,17.853298350107668,21.13943352306837,13.010299956639813,16.020599913279625,3.0102999566398125,56.59370375743794,58.895538003131975,60.74683353595938,61.81988138233358,62.81943067959933,63.2166904676414,63.4332921209315,63.37004761506744,63.048352844819675,62.21660659381217,61.40563661852316,59.80285230444463,56.95440521635754,53.61153432317127,48.64653449354013,46.86797089290757,52.50744382070266,55.938230635227725,58.44060077668197,60.29669830757268,61.37261988120996,62.17490524383479,62.56423547708428,62.34292738757659,62.13409634759043,62.421429766609066,29.29418925714293,59.70239451783247,56.88072603632739,54.92997719864907,53.7816706388264,52.67514333740617,53.072328142128825,55.7218478121679,57.916127637046806,59.19754123489777,60.41885921420104,60.958727223191644,61.19566318660799,61.31136631568177,61.05894918434386,60.680262199065744,59.738858210773564,57.65755702883179,56.19465870629522,53.090251401382346,48.34706747845493,42.095418220166,49.05212833217106,53.12999874101928,55.45847482970083,57.01719918374938,58.22576673322235,12.041199826559248,12.30448921378274,20.170333392987803,19.138138523837167
20.0,21.613680022349747,16.901960800285135,17.24275869600789,47.86893325261316,51.95492829511201,55.01872289121855,56.78957004300876,57.93707288247503,58.64007672305385,59.30979578356865,59.545054192803626,59.67816051587869,59.10009875781612,58.98947207231929,58.13261320938974,56.51560988727813,54.823089195769626,52.52146424648416,49.18868743380985,43.81115080709851,42.36587640756995,49.64886334868464,52.685966910691526,54.71862081466705,56.430270568095466,56.96098531771909,57.73833966188117,57.788744720027395,57.728642358152136,23.180633349627616,56.11038941087122,54.19111108353792,51.82383263394194,48.20733325096435,46.15339717908828,47.75107788084082,50.41850427117596,53.76111392085819,55.176312941525836,56.465536936810395,57.37641817635563,57.74056880895087,57.815270408450274,57.40950563049738,56.88360191412633,55.727008700120365,53.10055737750892,51.794857228259744,48.70474135904505,45.24954049453683,46.17524534886292,49.46201638201133,52.37405485835902,54.114345021650045,54.912187734262254,55.85272306357985,17.24275869600789,9.542425094393248,6.989700043360188,11.139433523068368,10.0,12.041199826559248,14.14973347970818,6.020599913279624,10.0,16.989700043360187,20.0,49.00940346685067,49.75215756463829,49.59356260962807,50.273210616593964,50.70647299144681,50.96284178244864,50.93425187522967,50.751745493515,50.66717173286226,49.499751778296535,50.50959459771651,50.21788625343413,47.67341422368662,47.634579438737596,47.96914143200113,50.3953308766939,50.50959459771651,51.39554818042289,51.2462484543828,52.54427221540668,53.197824900778954,53.791168896274485,54.62435435464766,54.70141362614466,54.98929154993959,55.49994627509079,19.030899869919434,54.64502960577342,52.56181159536885,51.0509442561588,50.21354713081423,44.66645228363979,36.72928690442723,37.49504423876142,43.754990080193835,47.71161060438499,50.438807636172456,52.48485774837037,53.485093033545546,54.077256326368605,54.476618308244724,55.01591870994493,54.719734288837934,52.921895926234995,52.75209968930278,51.16491518140315,49.0493723306878,46.284400205135086,45.66802688102689,47.23168236542887,49.5106539227103,50.63145637106638,51.393374542205336,49.62544533651326,53.150399173463036,55.54222565542425,57.436053930563695,58.69565528654935,59.68910961272546,60.3374573784066,60.537267108143425,60.491202954170255,59.79512409625782,59.17489754932501,57.92708888794073,55.741065389146016,52.85971154173379,47.687934428682304,38.28015064223977,45.5942779975949,51.59148938341893,55.179674379599454,57.34863809329962,58.74166274259728,59.59391073325868,60.259952724159795,60.376750504321166,60.12900045285544,59.727788918076186,18.692317197309762,57.252842278901575,54.72605809283387,52.341552205639104,51.778019011599085,53.231282931251215,55.780911261107,58.3013232358067,59.952577647260455,61.442889427988575,62.24552226042352,62.81596902160267,63.0612917762366,63.12055855511414,62.83865670770237,62.12946290575986,61.16547310429161,59.63895443513096,57.52332759972173,54.275331713438604,48.599604555787266,40.603956173199094,48.97038470937706,53.97540273842458,57.12602566334966,59.26149441149445,60.67616079820062,17.24275869600789,19.49390006644913,20.253058652647702,11.139433523068368,18.129133566428553,15.314789170422552,13.979400086720377,21.64352855784437,0.0,15.68201724066995,11.139433523068368,55.131496529781444,57.76481802612304,59.891493564037276,61.347038722578155,62.2882571785538,62.95393787384536,63.35051901396469,63.3839313777017,63.177393724600755,62.39222375625615,61.78431291844578,60.3639971262885,58.22481913765803,55.32989929410996,50.88833944150202,45.4906459872272,50.32538179260007,54.62577668789709,57.95256966064877,59.76226139268033,61.1406794354268,62.06826415527765,62.258954420414284,62.46164853385224,62.18673333768473,62.046044935040136,41.012313867907,59.670370990444084,58.50653585662164,56.28388930050312,53.84598901259822,52.085192859560856,51.96330966436313,55.237425659454054,57.290513397500305,59.0410125769793,60.07234256187408,61.00040217847337,61.29118941743176,61.41924259122716,61.19615122648141,60.620917633200015,59.66603951617149,58.01832304231458,56.24394523321402,53.253514378055456,48.45903838898782,41.832128832942516,48.655540330498454,52.819237807320135,55.21987527782068,56.70651190971641,58.085107555150245,15.314789170422552,15.051499783199061,25.4282542695918,19.54242509439325
6.020599913279624,17.16003343634799,10.0,16.901960800285135,48.19181872593092,52.3361789984849,55.18842826286565,56.947744969109706,57.90100708085595,58.63376399975425,59.32480360220837,59.53516631377524,59.634804080145585,58.97343882945815,58.879951746161666,58.029057034018415,56.028117554900305,54.492438322604,51.8304195729064,48.126727576808605,42.11547681181248,44.15273909352888,50.505344195401236,53.108652971262956,55.1936852704,56.739788016917686,57.2161278899508,57.88610927898387,57.89986615962302,57.79644102328703,20.863598306747484,55.76472655476121,53.62365591585295,51.184433024854464,46.99612284998696,46.30682071392775,49.19538305250981,51.65760541696012,54.54933233753067,55.67567425898288,56.81856052500322,57.63662299609897,57.90416066140778,57.55765887422548,57.093759769611985,56.486497692658865,55.23501944806106,51.959245475577056,50.52255194504678,46.86466450156474,43.766681858105294,47.91416936213097,51.25318578123526,53.515837442417336,55.02855740063157,55.61946480621457,56.27458031959776,9.030899869919436,16.989700043360187,18.129133566428553,3.0102999566398125,12.30448921378274,16.989700043360187,13.010299956639813,19.294189257142925,9.542425094393248,3.0102999566398125,12.041199826559248,49.286672015200885,49.884608505355736,50.04914361225022,50.652995548551246,50.84089881797294,51.147777319715615,50.9309934708384,50.615203322990965,50.508937989061664,49.49136187397697,50.562338435056866,50.26635391386061,47.64325605625984,48.0033896758527,48.588979572320035,50.92215193917472,51.371641451293556,52.20448065070318,52.0707666936135,53.19108142251936,53.744275459772275,54.26883586500227,54.85085130753018,54.60957948559966,54.60434749228853,54.905118872813915,16.020599913279625,53.635743770104455,50.8666230753694,48.630907777806904,46.71913012441587,37.712934426290595,34.608978427565475,43.58867197666904,47.929656994706974,50.615203322990965,52.42851882584178,53.77670439334323,54.259155279394164,54.67640657953413,54.52572977510488,54.807253789884875,54.311352973478904,51.7143975392893,51.7818529253739,49.64580163616759,48.0418033726751,45.94845394957041,47.206884066245614,49.42275992089877,50.9158255208585,51.954596026481724,52.21904335752603,46.11723308007342,50.495009973998506,53.63433337199978,56.27129183565523,57.813646928681166,59.11418639844171,60.07803234462482,60.612643194555204,60.76219778875928,60.43769655564568,60.21656431338636,59.368524003121635,57.880021191230796,55.91666633959956,52.94893696576117,48.46862649168869,41.111616595775885,46.48652695131223,52.2969719718407,55.50179415708499,57.36887097370243,58.89674755301344,59.76031134782738,60.202058536635604,60.28727781948588,60.17182393650088,13.010299956639813,58.433935058508496,56.31808909894799,54.3240803142708,51.88120985843922,50.98885894252321,53.76083990362361,56.603132506661424,58.70016262049894,60.63394163429727,61.685366684350655,62.60682072803486,63.06249129477483,63.27507693086447,63.22227566930982,62.71635558089889,62.15754117401903,60.87057700630829,59.31069171052489,56.9380606419347,53.17530579996265,46.8304703823885,42.28528677357182,50.57239966873492,55.21101454913965,58.019830688049446,59.813374014279965,27.87460474518415,6.020599913279624,13.979400086720377,12.30448921378274,16.989700043360187,17.853298350107668,17.634279935629372,25.670263661590603,20.644579892269185,18.129133566428553,19.084850188786497,53.65487984890899,56.7381408375378,58.914984307409895,60.836663452175024,61.882648697706585,62.739880254027575,63.288745800873734,63.4192433820526,63.40858182761341,62.713592021659814,62.29647291883238,61.124659112006434,59.05796419863784,56.72033170961604,53.02439164069858,47.76643080505562,48.08359539712097,53.19432958951293,57.13969095303522,59.215168854883096,60.67630575066084,61.863193928308064,62.25651670645903,62.55987296076587,62.53902076269148,62.27414891986005,34.33449793761596,61.227926969944676,59.16109008103141,56.32960134667853,53.367098314551555,51.5420479235874,51.87873089603788,54.35699470856332,56.86540642460266,58.64533032547095,59.87782418697856,60.799207263072105,61.221535976174565,61.34389101224572,61.19864333169033,60.6038050064604,59.91862426778104,58.06790271584067,56.65847301645634,53.51651389099593,49.16696033140703,42.773341122159835,47.97461440848181,52.32208078396316,54.847125788943174,56.58470265464324,57.89798509807258,6.989700043360188,23.979400086720375,22.50420002308894,18.129133566428553
15.314789170422552,13.010299956639813,15.314789170422552,15.314789170422552,48.73122885967887,52.33427650667445,55.19256868861753,56.781777294677255,58.020741874647335,58.68546284978592,59.28776717154712,59.578418480676575,59.6324367436651,59.04886957711657,58.68781933418772,57.82034525502777,56.17463760839395,54.358077487036915,51.689598169485706,48.09108352564942,43.745467279389594,44.08324780170415,50.240667697371194,53.00860587779354,54.988906042766914,56.547539332529304,57.12168007375911,57.61922578766927,57.686092459708206,57.507096818741694,14.14973347970818,55.5568439786003,53.4695704511562,50.85404757331424,46.67060509647175,46.646607757761196,49.19752556189443,51.8205496933414,54.57544317241121,55.94898380045155,56.936865066638205,57.72746989641141,58.01306274417645,57.95031446040102,57.34199560686231,56.74907046819129,55.46416798544677,52.50588319795821,51.05258050483448,47.20936202033576,44.39664210326249,47.527627165349415,50.52817019465032,53.17059958740005,54.668201862845535,55.31133899119607,56.02574325606109,21.072099696478684,6.989700043360188,13.979400086720377,13.979400086720377,3.0102999566398125,17.16003343634799,6.989700043360188,13.979400086720377,12.041199826559248,11.139433523068368,15.314789170422552,49.82497369197713,50.51434239919408,50.615165629543185,51.25474759367484,51.259234678346516,51.53491689990516,51.12688769397097,50.64626432864408,50.61742665755283,49.01245753890482,49.810435222292675,49.40436790560034,46.48018296651682,47.197454925295766,47.6789761601809,50.60916820614972,51.11789935017133,52.02218502060509,52.265535092533796,53.46861310011736,53.822944699216805,54.35347381296935,55.13820663987991,54.93998665446341,55.084192796667296,55.407160375569276,20.170333392987803,54.045959864753044,51.50624443388296,49.40601144182706,47.996437603637396,40.520395070014715,34.95544337546448,43.34795422556774,47.232421666982056,49.8344585734134,51.83605757994117,53.28389798025231,53.766389946942006,54.044796394163,53.996218106717365,54.37422340436995,53.59880995533849,51.243020286898016,50.8436533474289,48.8753853512693,46.697444547326086,45.471468007418224,47.747577681660246,49.63523393694683,51.31750151634242,52.46451800526092,52.471726418251016,46.63682083571736,50.44045606580916,53.59943568388552,56.016363476482354,57.73196749605047,58.98616045905966,59.852234265151154,60.44326872569812,60.57587756507643,60.29325732581257,59.925999048975704,59.124096609905656,57.49539215524503,55.456497151205596,52.23220688093149,46.71672595620886,36.74034000431255,47.25462411388858,52.72087714411346,55.83703079081613,57.75400712859537,59.27661848255548,60.197848799584634,60.5980643364373,60.77627314204921,60.64423918237174,18.573324964312683,59.033602511959195,57.272459339871,55.29878021830439,53.31164007951355,52.14525955281105,53.65656428528389,56.50359013608604,58.452301695193526,60.42374658943038,61.518222982890336,62.32609136579136,62.873654254547304,63.0896203242612,63.03804507541864,62.550207826418784,61.81781868027667,60.64768249173524,58.95531382290059,56.35440516277426,52.35187442396655,45.07343047599939,43.06425027550687,51.37733794753713,55.65699094557012,58.417879214631576,60.0478294255001,19.49390006644913,14.62397997898956,18.633228601204557,18.692317197309762,16.989700043360187,17.16003343634799,16.989700043360187,6.989700043360188,13.979400086720377,13.010299956639813,23.443922736851107,53.753215295094705,56.323651593407945,58.812613704057256,60.62826323631087,61.81049990155586,62.63969649010665,63.178432088088144,63.353987202729996,63.32440277888701,62.715070477305055,62.10648062542845,60.99137951918305,58.81299044952725,56.41553426453896,52.53943462669259,46.790006605798524,48.519001407587446,53.564561120950785,57.341795374269594,59.31612948170354,60.9908126033936,62.055010124564305,62.291456171035115,62.49259032043525,62.40582193510907,62.231056014582826,37.73859552376687,59.8570393867699,58.76477646530936,56.428600525844914,53.25780346339744,51.50873054522732,52.13751442825988,54.95691390012074,56.6442571451084,58.784143575197504,60.06219943641226,60.92937387028205,61.244275970510415,61.5165417866328,61.266793703897534,60.754746946177185,59.84243241372229,58.18777980972232,56.721422091500166,53.542352499936456,49.06685138141586,41.931802735653456,47.92202520063025,52.29820016575281,54.98147835218617,56.79306131718387,57.862323714640496,19.030899869919434,23.521825181113627,17.634279935629372,17.16003343634799
19.54242509439325,20.644579892269185,16.532125137753436,10.0,49.01403826825252,52.50151535116612,54.97671740244485,56.71959231191367,57.85034984262375,58.79845637731951,59.252233666997924,59.516371466155825,59.40329179954284,59.39735846650972,58.53418324041204,57.64660239107778,56.900976878887974,55.35154819591039,52.73644709132011,47.50940160456192,42.401497133124685,43.86695111775619,49.43103573894752,52.29179951255504,54.64347938983224,56.45604988312806,57.064822267638455,57.892174731948586,58.08762440054964,57.331852235029814,9.542425094393248,55.59782181241335,55.12860425868389,53.03407751385986,47.887338588277075,47.34783833180738,47.092105807178434,49.84999604844209,52.86191410859032,55.00605550621999,56.22641887599915,57.1319895550917,57.72387726203612,57.76324826074691,57.496969027156446,56.10732539472333,54.761662051605235,53.53069502665453,50.083659302057754,46.01712416694041,43.98721036025533,46.444779794712126,48.55379819886337,51.59245262936096,53.9747071716853,55.722394412709534,56.31804854460028,22.85557309007774,17.634279935629372,17.16003343634799,13.979400086720377,15.68201724066995,15.314789170422552,11.139433523068368,13.979400086720377,16.127838567197355,13.010299956639813,11.139433523068368,46.70876421250182,47.72453735649847,49.403969378890345,50.16753463268573,50.752037696830044,50.95605171319712,51.44736064993332,51.44091389903521,51.489109931093566,50.01127700277035,51.497024197552975,51.06656570334018,49.39004783284851,49.73811098668249,50.03413136276344,50.225108504340305,50.328966526225905,50.7863441470431,52.1177442850884,52.96614738982315,53.50015298234692,53.9450246229258,54.45985405630619,54.64789008993458,54.7427746905265,55.08574156133154,17.16003343634799,54.10017608203053,52.029267494548044,50.29890834931255,48.92500867700967,42.48659743048336,36.762362167633114,38.7046243158892,45.694324359249386,48.386476320849575,51.101619384607005,53.13365172592994,54.307521043598584,54.82371855209291,55.15094592724907,55.33039569684828,55.10933556715591,53.622581067199505,53.22384708745404,51.513974333541256,49.33335410077652,45.99642943423929,46.70709595223797,47.949130707727335,49.65168763033954,50.02330241568373,50.85750679436948,49.292656182530656,52.91637426040345,55.64109526865949,57.58797629167974,58.82894356093019,59.776893175289,60.38781055532715,60.59909352587663,60.56330364708984,60.070475645629884,59.39643033863867,58.206847619309784,56.21721405071852,53.51844602085498,49.4215692846749,43.535892815794845,46.03144372620182,51.297221086958785,54.99810756473821,57.03930739129746,58.44333629814655,59.426280309747156,59.87782418697856,59.969041984936176,59.794400151841664,59.330294682887526,24.377505628203878,56.62077533859563,54.186492505196014,51.50375689855322,50.2669665597816,53.07175012040345,56.05741276769539,58.46531325773748,60.219434890036,61.487167654941274,62.410680948512024,63.04343368354381,63.349273965232626,63.37699803790525,63.108478894192075,62.45257197923582,61.54233109428381,60.04744282429086,58.05781461730589,54.95273686379673,49.97495599658018,41.44262773761991,48.33281014676562,53.77664978765854,56.95451029628921,58.944689251630365,60.35823826668833,18.633228601204557,23.384564936046047,3.0102999566398125,19.138138523837167,15.314789170422552,19.294189257142925,3.0102999566398125,25.477747053878225,15.68201724066995,24.16640507338281,26.19093330626743,55.318479105518385,58.0320848601583,59.7594438700584,61.248070168336426,62.33273614619528,63.09039849739725,63.404205155490146,63.529250091635035,63.2222777373389,62.66198758697935,61.640091512350146,60.384615936655514,58.568013674194994,55.70749530853525,51.749577200843845,46.407993394327114,50.39747148865822,55.07106674803381,57.94260034494108,59.727492980446996,61.237017345214454,61.8187844439252,62.31735081359943,62.859877897002086,62.72128564108361,61.626563931358035,22.576785748691847,60.03041977364568,58.73950946706274,55.241207869206534,52.82223203445517,51.457711471831104,52.064264651979755,54.815486808715555,57.42017747140138,59.2144507590337,60.282006430392414,61.10655017892127,61.49906663067721,61.56405271239513,61.40819667914152,60.6217758252453,59.51458948821007,58.33876700179225,56.013221500248,52.588407357829624,47.84545974054523,42.628543454161935,47.94383468784466,52.08253193072685,55.084435248468054,56.81682545805063,58.10808282252856,12.30448921378274,19.54242509439325,17.853298350107668,17.634279935629372
23.05351369446624,16.127838567197355,23.838153659804313,20.374264979406238,49.053640687668924,52.630202831040464,55.4652415621667,57.17297615134968,58.091676627085334,58.9626434936921,59.48121871378837,59.680914401211226,59.71740054382175,58.94338220000935,58.775383500948294,57.88630005668385,55.87891602929099,53.84469903430081,51.17976865135478,47.84795537856762,43.40880173413645,45.67285217961632,51.32157189062808,53.64657914310357,55.560623660519965,56.87821364995385,57.471203676684155,57.83649928666747,57.76911018079858,57.7032464946772,14.62397997898956,55.795320901578634,52.91752795947377,50.602028403032485,46.832091926242356,46.89246685729236,50.23371822754936,52.361945273905334,55.02543189475716,56.01244924810521,56.96727608616273,57.627115658538024,57.63603173587214,57.320824038617204,56.586599676207435,56.028117554900305,54.47297603567068,50.39988831892063,49.27190653204442,45.22313795156667,44.500334475925285,49.27950061984073,52.580838871558186,54.30926032156652,55.61002343670174,55.81665266717616,56.463645105038765,9.542425094393248,16.901960800285135,3.0102999566398125,9.030899869919436,17.16003343634799,18.129133566428553,3.0102999566398125,15.051499783199061,16.532125137753436,18.692317197309762,6.989700043360188,49.209993828886326,50.227293447174326,50.191536921890034,50.75784116304216,50.967223572553124,51.31034508028235,50.710568003875636,50.60414512422347,50.47703108134304,49.4647682848594,50.456554193635924,50.465458875923005,48.27330495029611,48.52193215818459,49.24346493102718,51.762446826693775,52.44140995786811,53.04946986374814,52.85937431555815,53.77430109347511,54.27102930024379,54.69817599401652,54.87390108427384,54.62939779141828,54.471363160752375,54.151420219138544,19.54242509439325,52.077205176993246,48.70807576367386,45.18842826286565,41.81414796254284,33.35457900689384,43.641568561225306,47.932454292680745,50.80756323004991,52.87425476926228,53.992582611669214,54.767403562389546,54.77145864043046,54.82869297786798,54.493148329897295,54.48274902278126,53.530329021914646,50.81566920289869,50.17242084547646,48.47109740837239,47.34551819027732,47.756250091866235,49.54666945464483,51.14066941610965,52.344995671759676,52.82454434233462,52.740931622895665,41.927903971206526,46.455892735741465,50.7023741141393,54.19420394279352,56.43351000194893,58.24636009215275,59.460221791926344,60.324978828571105,60.91077534915244,60.891421312241654,60.913239581186716,60.40982280425921,59.49025339004006,58.096741647656394,56.26061014904388,53.558344958849354,49.301795519224356,43.868555291847244,47.555166054850126,52.5793044060911,55.53446086208255,57.56088140931159,58.83296247210818,59.80840230155947,60.20951405996036,60.26975913012156,16.127838567197355,59.14612325688216,57.78010081735877,55.848613280862274,53.34907914305646,50.47788705635068,51.121288933070225,54.304781879320444,57.0746457009089,59.43443564931543,60.89707338845581,62.02948523376755,62.77395108213401,63.225271210834,63.45163885244452,63.17059958740005,62.76379303364585,61.7837513331735,60.57153547042862,58.650002766762356,55.84436392327699,51.734485147443145,43.599302961121026,45.82245228275298,52.60941490980248,56.46972935646927,58.828937873838385,19.294189257142925,25.105450102066122,19.49390006644913,16.020599913279625,9.542425094393248,13.979400086720377,20.0,13.979400086720377,18.633228601204557,15.314789170422552,13.979400086720377,52.07421610608742,55.24418193310385,58.09222921689422,60.175016236722165,61.51335828669681,62.53145292869644,63.120793539867854,63.4711955109184,63.51453836572059,63.10638305304546,62.70418414256689,61.73293808562263,59.929333041699934,57.68362788196668,54.41313291300795,50.31917199699475,47.2129112907525,51.29667339229647,56.29876265828471,58.35074514399931,60.08736825288339,61.53963565696185,62.15623818048306,62.39704298160898,62.305919595320276,62.617680222777324,29.079485216122723,60.699066344069344,58.44716313579336,57.06275583730667,54.960338569335775,51.5410734317158,51.453735695834226,53.71180579402257,56.71618020963949,58.36411472282701,59.68317137828826,60.810800228302774,61.236899749645595,61.42428575892549,61.26068061263214,60.800720831037616,60.170575588926155,58.17875280437338,56.937709036306224,54.02890438656193,49.680905053111566,42.64298247190216,47.44652789820986,52.07787810740421,54.839009596528896,56.51728554626494,57.82398802163684,12.041199826559248,26.989700043360187,13.979400086720377,10.0
16.532125137753436,12.30448921378274,20.253058652647702,-inf,50.13494493492967,53.0330407743893,55.03383426177845,56.65510635241375,57.84545974054523,58.786745759424484,59.2518931632432,59.55133828055814,59.55530933520841,59.441370731580975,58.731170694330494,57.97088106206799,56.83754667782183,55.29348210526774,52.87042170073065,49.44650435338738,45.656235326393634,46.08237120972169,48.18173088643144,52.10128491146471,54.3314233316364,55.907460075723534,57.18871055735282,57.668647541142725,57.89942238707483,57.6162793645581,20.969100130080562,56.056282220076184,54.39752572002582,52.03783273940963,49.23601464800325,43.732798932774955,45.021265607034486,50.22646906957838,52.68437552261454,55.4867926056609,56.81224046212101,57.45427707692816,57.755849647660796,57.95034927177212,57.53464320185033,56.65320148411645,55.27629900871339,54.22650564615082,50.14692710367917,45.59487681797765,40.616409340616855,43.2701135975241,48.84364819698533,51.765108742734924,53.754166816469166,55.45075678547068,56.2283547952152,9.542425094393248,17.853298350107668,9.542425094393248,6.989700043360188,19.54242509439325,13.979400086720377,10.0,13.979400086720377,3.0102999566398125,0.0,14.14973347970818,46.3164666295842,48.18232493783892,50.252730870858116,50.517427616710116,51.32621450886326,51.13903261735068,50.91631790626808,50.95800276863868,50.39588595148643,50.615203322990965,49.010985307996926,48.268584181908274,50.60516531772394,50.27463773476573,50.40902840687113,48.18944722385484,49.31427357124214,50.15849946370661,52.172627925433716,52.40611642432826,53.65746238428721,54.530384051632986,54.590545717333654,55.27801265177321,55.43353973839921,54.76454825454303,18.692317197309762,53.480418697347204,53.71662530796799,52.17062605852551,48.17234730425498,47.19571574314456,42.44920043912454,36.45422269349092,43.064035803800415,48.18232493783892,50.71753172038369,52.456236948237205,53.869570962381516,54.57448899693261,55.0158502926553,54.28254694609174,53.62212841974913,54.0622158097981,51.143473922428704,49.10944405749979,47.06768973168231,46.287566473061226,46.91205305892652,47.92538764335695,49.32661444864035,50.65064080813718,51.63009225948146,49.79789582420322,53.05894972181876,55.7422810328016,57.37718091471659,58.84764220464025,59.67507259202543,60.17304688562155,60.44863400821252,60.26453588895279,60.10717509816266,58.94188636172189,57.718078789991054,56.304858448923866,53.41167336459214,48.91765973585179,38.06179973983887,45.380204603171286,51.858536699341414,54.92997719864907,57.18997149553321,58.6861740433805,59.71333843594558,60.132797265808655,60.514087770854346,60.33761810603196,59.49236268468518,13.979400086720377,57.04816896267146,55.60521141482988,53.22022783730312,51.21851901736897,53.42505583673731,55.92250059229404,58.089296992182156,59.99979153364546,61.33906625626028,62.2408662607461,62.80925348643337,63.21339060377991,63.234195961908284,62.845942685051874,62.26670262946222,61.12650908324282,59.89363039095828,57.438937182327344,54.37466752177761,48.76246715594605,39.02274920474502,48.89038244021797,54.318347985631775,57.396395797388635,59.27840337667706,60.547064905840465,12.30448921378274,19.86771734266245,18.692317197309762,15.68201724066995,21.13943352306837,20.644579892269185,12.30448921378274,21.335389083702175,13.010299956639813,6.989700043360188,19.294189257142925,55.50169627577419,57.752608331360506,59.84702345998607,61.26822739478126,62.366606803169724,62.955354337926636,63.23625371074523,63.34174184646574,63.10961875996468,62.61927960174954,61.551082008863105,60.122541198608985,58.29768058814074,55.32744190146132,50.839324016386264,46.99178415672612,50.856651161116375,55.344893603164344,57.95602675209796,59.6617224965745,61.059830527606714,61.92838593666999,62.42739399589294,62.76186204002038,62.42289176050363,61.77593344058707,33.29804522164069,60.25968273490895,57.41795862821628,54.10495483058091,53.50094824961108,49.10736432013104,51.50784061952457,54.793449304961406,57.170352365215365,59.09651221292894,60.214770789014466,60.90712924207431,61.33347585061248,61.414704685288946,61.08849724751315,60.72715200179272,59.47385191914154,58.14815404130005,55.7452434624356,52.776298399374554,47.99264713637549,44.26982710997247,47.308872040354935,52.16548546433404,54.97572315432373,57.17332586976397,58.18368434973327,19.084850188786497,17.853298350107668,11.139433523068368,22.04119982655925
15.68201724066995,10.0,17.634279935629372,12.30448921378274,0.0,10.0,11.139433523068368,11.139433523068368,9.030899869919436,20.043213737826427,12.30448921378274,12.30448921378274,9.542425094393248,16.020599913279625,10.0,11.139433523068368,14.62397997898956,16.989700043360187,20.043213737826427,16.989700043360187,13.010299956639813,20.969100130080562,12.552725051033061,14.62397997898956,15.314789170422552,12.041199826559248,16.127838567197355,18.692317197309762,6.020599913279624,16.989700043360187,19.49390006644913,13.979400086720377,12.552725051033061,13.979400086720377,13.979400086720377,16.127838567197355,14.14973347970818,19.294189257142925,18.06179973983887,13.010299956639813,6.989700043360188,15.051499783199061,15.051499783199061,0.0,17.16003343634799,12.30448921378274,19.49390006644913,20.681858617461618,0.0,6.020599913279624,20.0,14.14973347970818,15.314789170422552,6.989700043360188,15.314789170422552,6.020599913279624,12.30448921378274,22.30448921378274,12.552725051033061,15.68201724066995,6.020599913279624,0.0,10.0,16.989700043360187,6.989700043360188,6.989700043360188,15.314789170422552,15.051499783199061,37.21068301797159,33.91816923613249,33.44392273685111,28.29946695941636,27.067177823367587,10.0,25.68201724066995,26.11723308007342,33.86320573894046,34.84299839346786,37.417029839577395,35.88159616383092,40.0039068924991,39.2033207153959,38.17565369559781,37.569402360467244,35.97804842404293,37.30620797887283,34.24391554410278,34.16973172603036,32.83527364861693,30.253058652647702,28.432327780980096,28.965262174895553,30.170333392987803,34.43575879750257,19.084850188786497,36.23766000133931,36.69595781024314,36.57533887557986,35.14813294999285,35.4020429984206,35.34660575828445,33.31629717629932,28.998205024270966,28.633228601204557,24.712917110589387,19.030899869919434,27.16837723299524,31.185953652237618,32.727695865517596,34.23245873936808,36.3164666295842,35.158738437116796,37.39730528564718,35.68201724066995,35.80810972660946,35.92953571547866,34.930395883176516,34.605971888976015,29.4546858513182,30.11993114659257,20.0,54.426694375056215,57.55299224650472,59.91644215142257,61.76744236352636,63.099995863525734,64.00166564948891,64.74250219330801,65.08845528104722,65.08132275548006,64.73321249631195,64.07513271584969,62.887429492054025,61.14416809195603,58.36853682620222,53.94215206154661,45.16006230386048,50.301826314232,56.56797495165782,60.06279876147116,62.21192208361441,63.764265702430535,64.71426233479397,65.14931409158966,65.2526630554884,64.98111008234814,64.45146474157683,21.5836249209525,62.01704026546189,59.9432815289714,57.59831712731384,56.17059082295466,57.62668062524923,60.26061126389926,62.42784843246944,64.39174265895066,65.7606870741684,66.67895894097964,67.28698239789586,67.57778828808217,67.59430995212054,67.34682402241704,66.70765211019904,65.79847250379778,64.32551301704441,62.30706356145012,59.18410440325877,53.87916356076386,44.3412160591869,53.31680308168973,58.80409396091025,62.052382072742404,64.11357366743994,65.37433345838353,65.75201820668826,65.86983726811906,16.989700043360187,20.374264979406238,13.979400086720377,18.573324964312683,19.54242509439325,20.043213737826427,12.552725051033061,24.082399653118497,15.051499783199061,20.043213737826427,15.051499783199061,19.49390006644913,18.129133566428553,14.14973347970818,21.13943352306837,19.54242509439325,22.671717284030137,18.06179973983887,17.634279935629372,15.314789170422552,18.325089127062363,12.30448921378274,18.129133566428553,18.129133566428553,13.010299956639813,16.020599913279625,24.668676203541096,16.989700043360187,21.367205671564065,28.305886686851444,19.294189257142925,26.848453616444125,27.109631189952758,26.483600109809316,33.71621927176022,25.31478917042255,35.16006230386048,35.98243191653623,35.789828427027906,34.25697213362591,18.06179973983887,28.14913181275074,27.363965022766426,22.30448921378274,15.314789170422552,18.129133566428553,6.020599913279624,23.26335860928751,27.81755374652469,16.127838567197355,13.979400086720377,10.0,18.129133566428553,13.010299956639813,22.14843848047698,16.127838567197355,13.010299956639813,15.051499783199061,10.0,10.0,16.127838567197355,19.030899869919434,6.989700043360188,19.294189257142925,13.979400086720377,22.671717284030137
18.129133566428553,15.051499783199061,6.989700043360188,13.010299956639813,49.68781715085214,52.64137525187525,54.89972534035017,56.55186473579409,57.72615049849171,58.61231434083429,59.22025456931057,59.51664816553538,59.54011789540117,59.16751272668465,58.96140251442019,58.158200621892924,56.48911068826674,54.80795721819101,52.506005141807165,50.608564232944886,47.1535141284152,46.23166559760084,48.241648991294056,51.57471879022413,53.82308876890786,55.360354594472795,56.76880087635208,57.05812414630624,57.248212630855626,57.763706167595636,19.294189257142925,56.45501849960218,53.90581878550435,51.70886297979714,50.51958596563204,43.433101031623416,45.503873613585824,50.09705788390519,52.47356965350349,54.5419827063557,56.14742233798398,57.16635116432441,57.43999441724611,57.5743398993827,57.318078715005136,57.02878387059499,56.08307761804056,54.09774247265422,52.206022745780594,48.90828851665897,42.734642726213465,40.75181854618692,47.607993116307185,50.92485542851228,52.93638735631343,54.01491870890187,55.274649149560545,13.979400086720377,11.139433523068368,3.0102999566398125,12.30448921378274,10.0,0.0,19.084850188786497,9.030899869919436,19.49390006644913,10.0,16.020599913279625,46.94306793158542,48.43307542591678,49.32904801066704,50.12723365596663,50.560239407672924,51.182548030252725,51.03571123051988,50.88040356100968,50.24337867492143,51.165081237373464,49.08511826352619,48.55167701365153,50.62657180225564,49.793662423961614,49.71062360951898,48.33325639758229,49.05736531725311,49.83373664433905,50.64566549277953,51.353648493453335,52.50627340622291,53.59231981798163,54.35361725362689,54.99435503783359,55.41763904634509,54.93834322971856,11.139433523068368,54.31294593233297,54.52491782788313,53.61993995841929,50.86377629264202,50.32924834609421,46.55772119088149,40.17784353096679,37.00790221374347,44.89466281303129,48.13527615767104,50.61365762330599,52.14191917254419,53.46057475444006,54.198318825911464,53.91534937088024,53.7216422584311,54.151820932196834,52.19353958902634,50.69557104582695,48.832979517558,47.995955364223605,45.99118565055363,45.76755863237645,46.99777041760007,49.36674562507357,50.47882065489659,52.3781759910742,54.88308120669045,56.63994751954894,58.06853964340835,59.151042244099855,59.77163690354721,59.88202992766047,59.76666297985018,59.37009078364294,58.75737656725121,57.2220105745823,55.22607226370647,53.02886971782894,48.23637222034628,38.312937443770096,45.38435481499883,51.666224989098865,54.761067168401915,57.02486543035106,58.507105476573656,59.61083969720243,60.16984060783058,60.197745059970806,60.42270651221615,59.872952583319965,58.824021441520486,23.891660843645326,55.753541386324784,54.10773860203086,52.619120403197364,53.182303391878165,55.43602479379584,57.59036715206555,59.410789104632016,60.908482357839084,61.832006358348835,62.53210267127095,62.90642198425409,63.048223691154625,62.779574269722865,62.25609048246355,61.254350686245786,59.890883485108105,58.26635134693919,54.94293768665333,50.17388146545963,40.101727032867785,46.6442571451084,52.873918670511515,56.48540522852754,58.747003595258995,60.07444348473833,61.10612602738344,6.020599913279624,14.14973347970818,23.820170425748685,14.14973347970818,22.04119982655925,15.314789170422552,18.633228601204557,22.671717284030137,16.989700043360187,26.074550232146688,24.74216264076255,56.45422269349092,58.62387227470585,60.46046200405753,61.572575574811275,62.490515288050844,62.96279857189465,63.221535251611236,63.15396151838172,62.7620298866307,61.994617100070755,61.065811447941044,59.31069171052489,56.68081058008008,52.99160683636836,46.89220037263836,47.928467597260635,52.90259495398459,56.344379702740646,58.82147568437212,60.471673515861546,61.5541985124903,62.10503115951532,62.41303616188699,62.309029049475356,62.502579656035486,61.626638587268104,41.14277296561586,60.358698136955525,58.16594559271202,55.108880209713305,53.19151881729748,50.354497512940156,53.116860634547265,55.66569469377228,57.7032464946772,59.248502146732605,60.38353861380002,61.049911056692565,61.183391418449204,61.278360010841496,60.925048470511115,60.514631731459886,59.63343864833685,57.64973723996392,55.8833446486505,52.89020073483047,48.359821166220584,43.9747071716853,48.41190475748978,52.397523109831646,55.27130884424245,56.96633305160241,58.18347320686752,20.863598306747484,18.325089127062363,10.0,21.73186268412274
9.542425094393248,10.0,10.0,17.634279935629372,49.29592608772758,52.315333026704934,55.093060414945,56.696933538858936,57.8704794686259,58.6433602273189,59.31480754455756,59.607964951419305,59.67939039523756,59.0315295512674,58.936974173683076,58.224623057586705,55.987905067631154,54.24340881040344,51.74850300857145,49.80426091306664,45.470358997400105,44.971647120327354,49.60032932664821,52.56895659650269,54.616020608102104,56.06691925097487,57.16277196871056,57.432533455510956,57.62602049151422,58.04938425994972,22.380461031287954,56.62616190820862,53.78370643116906,51.3134273235669,50.287867199035105,45.18527100117336,47.25462411388858,50.55993401006763,53.23313990462066,54.593985195851474,55.990311070714995,56.88869902242896,57.16274692898174,57.04765474810394,56.59753665597269,56.56275526687746,55.4041081916469,52.209705875202886,51.25708925972653,47.27061153281322,41.15943176939055,44.55773409227347,50.02377755722005,52.77196495795956,54.24087425464372,54.62764746959748,55.804881818525025,17.853298350107668,-inf,14.14973347970818,16.901960800285135,19.084850188786497,15.563025007672874,6.989700043360188,16.020599913279625,9.030899869919436,18.129133566428553,20.969100130080562,47.5226362009077,48.7046243158892,48.38956077647993,49.639058261187046,50.36936145797451,51.09511052229932,51.015546223638594,50.70647299144681,50.7468847308281,51.35631882523456,50.143567023961815,50.277001641460956,49.98346537396365,49.49492468536064,49.102080509581654,50.770952499553914,51.32032233899814,52.13371639473603,51.123804239552165,52.39812319547599,52.99725153975637,53.77497487986816,54.692695955323806,54.75906427967832,54.965048276066,54.83661455868672,15.314789170422552,53.65759334154275,52.67305517444509,51.03848174021506,48.17538927690498,44.97620649781288,37.58306181725307,38.33338388939397,43.816925520581634,49.20290330515779,51.36314613296712,53.01398989173564,53.90152318911695,54.71860616178808,55.10857214672109,54.930856389541574,54.48509992976607,53.9485251771167,52.73901354985355,51.372338090663476,49.535132478679344,48.241323450293876,45.64961804462294,46.10873000380052,48.24886972459039,50.21701877566515,50.86676536553361,49.72133382748365,52.92477593667784,55.36110029350254,57.292231238396255,58.72735334473512,59.69894677040206,60.275652741990555,60.47017720097153,60.442527490038806,60.01875570704057,59.07829329268715,57.99722285037245,56.2283547952152,53.535892815794845,49.6138312130417,45.047698042978396,46.7137651517521,51.62400096238821,54.53509448733027,56.768197652757806,58.34315137581478,59.167907251727456,59.771984773420996,59.973973071593996,59.744011477303076,59.05005338785876,19.54242509439325,56.34603207375447,54.3461041549335,51.650216300353605,50.9822826550294,52.95358148561121,55.88478997955231,58.36134782824227,60.05294220974125,61.58580187952399,62.41968616793684,63.03068559232365,63.30811761856854,63.298764582961475,63.031485200994844,62.415913022553,61.36051809624149,60.12820780233849,57.83334623842967,54.79052460280299,49.87603707717863,43.40563083333371,48.31876170322974,53.5242372582759,56.65184974077053,58.97163413159614,60.275958420577076,15.563025007672874,16.532125137753436,19.912260756924947,13.979400086720377,15.314789170422552,20.681858617461618,20.969100130080562,21.958996524092335,17.16003343634799,18.325089127062363,15.314789170422552,55.268107995585055,57.63371831162458,59.95158086054317,61.365572797788055,62.44973660255945,62.98420312287293,63.40061013203787,63.425778146852956,63.29410084186697,62.5549876183599,61.80287629771601,60.568610387183256,58.03529492030867,54.931191272594184,50.9199387409048,47.73735262480932,50.889861189479134,54.40797347010943,57.63093158254803,59.850139904280326,60.94502572799651,61.682714383646484,62.56914889195957,62.7780557643399,62.674376230160235,62.170720904622485,28.85926339801431,60.430780267283986,57.46532228943985,55.65754576969035,53.16022793314225,50.60433406702741,52.20068842789619,55.34066739896163,57.18152784542,59.03126900454105,60.26660715131981,60.885542281503135,61.16204473098077,61.15610511674299,60.80348290657972,60.7336380670969,59.75862213078902,57.7659731854094,56.244141177945906,53.54586668339377,49.20050241743213,43.6408174141107,48.541420115135324,52.770496568674105,55.17044066350447,56.80746040409525,57.91048204041145,10.0,10.0,15.051499783199061,12.30448921378274
0.0,16.989700043360187,-inf,11.139433523068368,49.940530635876755,52.85039447366519,54.61474515366973,56.35533004275163,57.74786947269548,58.60679317734779,59.15761157186131,59.35234108466713,59.26663931933032,59.20731017605362,58.420729043183556,57.64932685277398,56.70591851624526,55.090411445568165,52.46503504741605,48.9558275236417,45.457646786429336,46.600302230386674,48.3618481525502,52.24590032504396,54.292175588573535,56.0098160325824,57.26851042704503,57.684760429204815,57.94176330270152,57.87959661598359,13.979400086720377,56.39435685795901,55.028339097749694,52.763331052593074,50.46120409068738,45.16416372803973,44.965145186977445,49.3442774638666,51.96590654117307,54.78914080616204,56.093724034689515,56.814673735337315,57.15302060292775,57.323366543868524,57.0233573960619,55.80793869627336,54.28382660057832,53.21658486112403,48.7520600409689,42.73811199399403,35.12817758564873,43.358188269151654,49.305466259913274,51.87436109773708,53.77306251068199,55.59812098870853,56.347150090171205,14.62397997898956,6.020599913279624,14.62397997898956,9.542425094393248,18.325089127062363,15.563025007672874,10.0,17.24275869600789,3.0102999566398125,20.170333392987803,16.127838567197355,44.33753837516757,46.658154279909354,49.20175522010023,49.94321552794073,50.78358927631075,51.00801179244967,50.90346243505668,51.07515225651465,50.677773586333174,51.7794607296186,50.1546454355833,50.06726968416176,52.06753037930277,51.70555058521209,51.69747887671143,49.72781203735423,50.143567023961815,50.45987605660968,52.10652875437407,52.173049253543375,53.035610570687055,53.77206045731548,53.79794843276982,54.446005870182304,54.503430412929205,53.90795616151111,9.542425094393248,52.581893502157804,52.52377230111445,50.77676707864971,46.27242925663411,44.77844476338759,39.02274920474502,39.44186461283687,45.95430080573792,49.9747812706186,52.050879227616164,53.52462306633079,54.88533795606585,55.61113314652254,55.98603402594449,55.1549897056973,54.63840751112891,55.059337151284275,52.37847738388483,51.05894918434386,48.96774157509428,47.66806805489493,47.28102061816011,47.57669275006877,48.54384997256603,49.81641955139982,50.087449124671075,48.91230722978062,52.64331329632117,55.33498791290211,57.18710896996016,58.737819762269396,59.5723747657814,60.071347257894836,60.30415927539985,60.28977705208778,60.13755860477876,59.06525744652064,57.9278447827842,56.73497355340787,54.43383477680128,51.13786309757823,46.310376965367404,48.21343183440085,51.920012192860234,54.78537637858898,56.856208356818875,58.281389463167116,59.24198623882094,59.69876523416958,59.89681142453048,59.642902796487796,58.720606591434134,21.613680022349747,55.68981579759027,53.582585424005956,50.58369076516905,48.920500573822814,52.547534544217946,55.92052338086948,58.304763919362934,60.22993040440554,61.55613532817921,62.41054134021682,62.99170933459716,63.47141812799773,63.44711490518228,63.1549781946503,62.53514643884654,61.44486094486457,60.35458556770023,58.05553187830473,55.26495646950914,50.90769309154486,44.75874489319437,48.62399747637491,53.486416514649164,56.65285420133516,58.57229339241415,60.015831543643934,16.989700043360187,17.634279935629372,19.49390006644913,3.0102999566398125,10.0,14.62397997898956,21.64352855784437,20.969100130080562,18.633228601204557,13.979400086720377,21.13943352306837,55.564243274081605,57.91067877662192,60.04433157974695,61.43888758109274,62.44456493155904,63.1001022164441,63.47680042448803,63.4296915309925,63.30460853189677,62.744176552029735,61.780985546415266,60.49398682614573,58.561558961856406,55.94436751126765,51.906817945067864,48.65962235166129,51.348716781277574,54.910982353497594,57.56059201217031,59.391646836861476,61.03576939518089,61.56871875130406,62.321666035701384,62.83223636872983,62.19400082158668,61.78725213640337,33.73279893277496,59.48023491182145,57.732692243204184,55.54135280890617,52.935857225163474,52.24939456981016,53.28202179314792,55.39066057185777,57.74114600807236,59.42635465338733,60.179152303481864,60.89922765327813,61.375215293748944,61.38268900844287,61.13684703048228,60.512934040264,59.309617594242,58.17558098206214,55.8397821667218,52.73429564696245,48.352909635809,44.6521921653919,46.89246685729236,51.944061016552055,54.89682917203454,56.92688324386456,58.00751435663987,13.979400086720377,15.314789170422552,16.127838567197355,15.68201724066995
18.633228601204557,3.0102999566398125,12.041199826559248,17.634279935629372,48.80613542175367,52.531925698784434,55.2135779159275,56.82546680742328,57.99430156530388,58.74418031449348,59.22929844809061,59.48261327496291,59.57608244709496,59.10607865103812,58.750294139618674,57.84977985186666,56.40244846024033,54.570245678815574,52.2803572685363,48.34198094562075,43.49044286602036,44.139197420336544,50.163814085055016,53.002584379984214,54.94694342638429,56.6607316257814,57.22753172637296,57.89273918600977,58.01738392568879,57.759226782953206,22.04119982655925,55.84874883021615,54.36258085890037,51.8646189589451,47.48001860904084,46.85177236787433,48.69894393310969,51.11292765317009,54.3404008414095,55.552504762245164,56.81372410688691,57.66942749670193,57.992474763778446,57.78056419068967,57.350916605882986,56.60615070143091,55.334898913311285,52.7219679310154,50.753753994377334,46.966708543600994,44.47297603567067,47.96130098949061,50.636222919890706,53.30505087354763,54.91151500485698,55.67567425898288,56.22629461641877,0.0,15.68201724066995,6.989700043360188,14.62397997898956,18.129133566428553,3.0102999566398125,16.989700043360187,12.30448921378274,10.0,23.117538610557542,16.127838567197355,48.94188636172189,49.72781203735423,50.22036380699923,50.95497128762696,50.94656267030399,51.20369896482746,51.14080300510432,50.603993964061644,50.50522821704601,48.88095211261547,50.366967485740645,50.02964774402061,46.878855248487056,47.62896031550491,48.68297569539269,50.98332167847684,51.39504424524908,52.204768201485685,52.36952715781035,53.472304577556386,53.77746880084664,54.3143614054144,54.979022629859486,54.71316652931197,54.66768299338177,54.99055797548098,14.14973347970818,53.69165743617149,50.43224696892953,48.52998153939215,46.74034000431255,37.77644277696485,37.049222912234015,44.12040330191658,48.094923769373416,50.59112608213705,52.45228803101548,53.97164535388298,54.17006425118799,54.567212196940844,54.49578668752865,54.987914581447164,54.38360365798236,51.81386195083218,51.81002757552462,49.590461647617055,47.87842881998611,46.038477712994236,47.6331566149819,49.51725975424593,50.92415338526592,51.925507279381634,52.394746634651845,45.62637783341772,50.211562087059534,53.63687175889545,56.06683331269234,57.73699431141391,59.07721920761468,60.04744282429086,60.55693997649361,60.81998621005731,60.57910943503003,60.31202377980065,59.45485326319786,57.86695357637937,56.08459707680561,53.08675373896438,48.984893263613586,41.798389280231866,45.845573605256746,51.906341979828845,55.25412829070017,57.313252078740085,58.784557271619946,59.79778207707917,60.16022010424996,60.31707721320536,60.138757588703164,22.30448921378274,58.48958460827495,56.607478801716624,54.309936519375476,52.202676488658916,51.08026895908694,53.45514877835252,56.560646459552046,58.627287197964,60.47870007637115,61.70254966171512,62.59447178197536,63.08592156302953,63.27410637898592,63.24315386332127,62.90604610564485,62.16584418528073,61.02456346035744,59.34230216832571,56.93742773130645,52.96096726105061,46.69818772505095,41.96590654117307,50.87362533275025,55.44872604691807,58.103945078582015,59.85057144320673,13.010299956639813,22.85557309007774,20.681858617461618,20.374264979406238,13.979400086720377,19.294189257142925,13.010299956639813,19.54242509439325,20.5307844348342,18.129133566428553,19.030899869919434,53.662080917584376,56.57183061463125,59.0125447665561,60.84213320629293,62.01280477371388,62.85505550622712,63.37047134995633,63.538072110533136,63.49911503650998,62.960754216724865,62.31637260975888,61.10787959190709,59.07639735316012,56.6423945566258,52.648768264036775,47.66747362969336,47.43086238752207,53.541949051043304,56.87711736647124,59.379234119117925,60.95166909608526,61.71913584017542,62.41807875084884,62.82127274551199,62.14320525799976,61.64461415835472,38.790958795000726,59.59167844281129,59.03792974786133,55.58359314959324,53.48764232114238,51.63030112304436,52.24504574854236,54.62441425175819,57.00638827663826,58.863203580807316,59.90104325740888,60.8445902046836,61.26217478042615,61.31519220697911,61.145476033006084,60.5903186766878,59.674042795975346,58.12092767536319,56.324987962009,53.20862592653373,48.65441562164601,41.85768733433613,48.030540454150255,52.5520735604472,55.22151997175732,56.613431288181445,57.895842372676675,21.13943352306837,18.129133566428553,19.49390006644913,0.0
18.129133566428553,17.853298350107668,10.0,17.634279935629372,49.59098658147417,52.93406755462784,54.8035912511471,56.72127425915161,57.7868655021091,58.721562727482926,59.385607510583824,59.52017090047426,59.62449840816365,59.257585353764306,58.97764504511617,58.125504020896855,56.4617328314699,54.82920724859038,52.31795698560818,50.01188339597614,45.74170219730793,45.24642736529577,48.43014641446969,52.383096123066395,54.393990173774654,55.91527607584108,57.32201501753137,57.4992251225063,57.66206061818896,58.038918752979846,16.020599913279625,56.765408939806946,53.84147241123452,51.3134273235669,49.70407319863821,42.10425541631086,45.65103688261515,50.98037713285091,53.33108574137177,55.38353766263111,56.73154586552707,57.675128059343514,57.88434948950453,57.805909106888365,57.476424898325575,56.91293722693361,55.739015390686795,53.59283255002161,51.29680226784287,46.768947099757874,39.86278955905991,42.634230108673854,49.773257007476246,52.31176393681099,54.022854614811955,55.1129499469627,55.98921759818636,10.0,18.573324964312683,3.0102999566398125,0.0,14.62397997898956,6.020599913279624,18.129133566428553,19.138138523837167,15.68201724066995,6.020599913279624,16.989700043360187,47.577603188872786,49.19104253906271,49.86865746606719,50.53788875183741,50.81959066300478,51.09929350220636,50.87113851388648,50.47278762384488,49.68389541847068,50.688127233733155,48.22233480238844,47.84089257609628,50.198014777812645,49.931760167767635,49.680390876639954,49.024652395293096,50.148941904385225,51.0331101318382,51.78320695813806,52.26406556024716,53.241857059406136,54.22435527930134,54.592869172423875,55.262668889436554,55.44509559376558,54.81422561627006,14.62397997898956,53.59791861052827,53.563509780305694,52.37387886930175,48.34782994481185,47.385030920054085,41.614877910874526,32.55272505103306,42.18141468157678,48.32508912706237,50.54007530962348,52.51455705428966,53.75563028854772,54.526939754360654,55.15615573565928,54.24244421837034,53.80533224065316,53.87404065268647,51.47778317373355,49.62563469740971,47.21480854770049,46.91346764134821,45.75337973983036,47.134989432928165,48.83513806711683,50.988547658743926,51.88267403502704,49.93674255633969,53.23458366849468,55.43105326022693,57.38483266186232,58.67788523166099,59.71955062436436,60.13902258258808,60.361340447360035,60.25480367418375,59.99809737346362,58.9463944732836,57.68508607439089,56.25831852834967,53.39540874896825,49.005855866499616,39.77266212427293,45.69327082887747,51.5601883092165,54.83885281897806,57.184352525076676,58.6849984539283,59.71233623610832,60.10355936304883,60.50879506696372,60.41354781440346,59.655991126796415,17.16003343634799,57.1827991786227,55.65405037515126,53.37109688297215,51.650958747542184,53.14636041812741,55.786667105948844,58.04232826286315,60.03198928781038,61.347713845018035,62.243032944983995,62.85918320910127,63.29509540729114,63.27214418015471,62.9812201741403,62.23340158878378,61.23281786381892,59.9317248738355,57.52694412595418,54.205382700108515,48.13187209879112,39.18135226166359,48.90096713962289,54.201687152309496,57.332052926568124,59.38001565049813,60.76032807389835,11.139433523068368,14.14973347970818,11.139433523068368,15.314789170422552,19.294189257142925,19.49390006644913,18.129133566428553,24.082399653118497,16.532125137753436,0.0,21.13943352306837,55.11725650042342,57.8535617666407,59.87106951837497,61.328869775769384,62.34495264527978,63.08633126957115,63.418942969149924,63.48348874518877,63.2703876691311,62.56679749560044,61.72179229100246,60.386837319694905,58.069027439653915,55.25802540467696,50.55653501248483,47.334380270910614,50.83090346109901,55.04232920847695,58.09528067217635,59.96891951083305,61.12852237727588,62.08195383669938,62.51426009064504,62.32303226526951,62.57016070652334,62.42822088600764,36.30732892817197,59.46835787916598,57.99597603272537,56.171597629709716,53.069073090904254,50.57856208741888,52.19450916891037,54.856305841485806,57.181901805584715,59.07145220124734,60.17662610186321,60.99709984339686,61.26697861822011,61.27169613599896,61.07122083981938,60.580359713493415,59.649329481699844,57.79574126680427,56.145692631521555,53.01659266551521,48.78044728783066,44.19625360887743,47.74086107125815,52.053911462157565,54.942561959057976,56.94754324967783,58.134915854179745,19.294189257142925,13.979400086720377,22.14843848047698,18.325089127062363
13.979400086720377,18.129133566428553,9.030899869919436,15.68201724066995,49.19104253906271,52.55448599937483,54.972407349055004,56.639382622827384,57.83905007870655,58.695866397483684,59.20654385820011,59.40130329105695,59.43622114444742,59.495524707054685,58.670034819213214,57.86556229623493,57.2381100774591,55.62934907501182,53.53354495551795,48.57844902792016,42.99376533060346,41.29689892199301,48.045823640228036,51.40640008284996,54.25462484254102,56.19635859719037,56.926363279001954,58.02376865596947,58.31478157084925,57.8169291789733,6.989700043360188,56.41022725350727,55.804619374259595,53.948017771627114,49.50072629750157,48.10131663913607,46.295115342004536,48.32847275090089,51.78078668762629,54.29703842972572,55.851097680390694,56.7533098960697,57.44784904832488,57.83784989260539,57.5791808308123,56.304858448923866,55.3356871319458,54.253140830523556,50.95897796776811,47.09439574132411,43.38556091009445,43.580110323320945,46.54686610467077,50.49547496153299,53.179401281877425,55.24786746495157,56.190014509217974,17.16003343634799,6.989700043360188,19.294189257142925,18.129133566428553,14.14973347970818,19.138138523837167,19.084850188786497,15.563025007672874,21.13943352306837,12.552725051033061,10.0,46.11085733414873,46.07079544728571,48.335359534032456,49.39649022384211,50.163814085055016,50.26537350058942,50.94799433170447,51.192459888349546,51.44440318423328,50.58824451086377,51.58293120075227,51.64985988061432,50.03089844934311,50.027706281011945,50.141171380181184,50.39493435125934,50.20601569978437,50.28672901489234,51.46109422658732,52.18609019220919,52.65923393475489,53.46871079866793,53.63871351076873,54.30437891529148,54.59972667328094,54.87903022182303,9.542425094393248,54.4542515610034,52.88886111222446,51.32445409991523,50.640422153767304,46.26802137202601,41.25318578123527,36.2283547952152,42.59546099087022,46.125295611243544,49.35557645093014,52.095418220166,53.620675857273994,54.661629880184876,55.24227305193655,55.62649672211917,55.64609259079105,54.80433837254196,54.5213158546847,53.348416280512,51.540281496031966,48.99525037937568,47.29885314961069,46.63550167952778,47.03978825008386,47.033687702391155,48.65962235166129,51.952934301906794,54.843980784619646,56.95532457956561,58.438703551279986,59.40601144182706,60.05888881604855,60.34022106517972,60.33105558452246,59.99897928802917,59.2660273946965,58.18091228247869,56.509211255030166,53.927672786556414,50.3422726077055,46.136410067167695,45.861370252307935,50.74121305906297,54.18659188115723,56.649896479532956,58.07622960416576,59.088649943181785,59.676237839406525,59.85486202308707,59.613285296409586,59.10804167730052,58.22110518453645,3.0102999566398125,54.34099228915204,51.127691713471236,49.7202223062971,51.63128563028056,55.364940511162985,57.956033705243,59.914817024016656,61.31301006448894,62.401497133124685,63.01869976941177,63.40178499242384,63.51810602832394,63.315378301397274,62.84171207664465,61.97800021999453,60.697879367744335,58.886898972186984,56.40989969272187,52.44920043912454,45.72453363407562,44.99865711329092,52.0919587852865,55.76821458202822,58.216870805067074,59.79339371415526,60.93472466628599,23.010299956639813,20.969100130080562,23.180633349627616,9.542425094393248,17.24275869600789,14.62397997898956,13.010299956639813,19.54242509439325,11.139433523068368,17.16003343634799,21.367205671564065,56.91530590993342,59.090422738793265,60.65936563373682,61.91979447774565,62.842098078963616,63.35140438789465,63.58542814490651,63.54554994739662,63.16310095166724,62.47341730904808,61.3049137270644,59.73176362508134,57.739735753455044,54.565360732001984,49.981982887238544,46.94298013413429,52.17644471896351,56.01091521335179,58.61640731293214,60.23147475293495,61.5021837952782,62.33581885732184,62.67003142476382,62.68316286792636,62.35049701711258,62.03190684659421,40.52501563413781,59.25947594355026,58.2834598279661,55.26387098851599,52.56931714350016,52.154286923751805,52.25249820672878,55.74013895600998,57.68189517942378,59.39089737703338,60.40672739160005,60.99287250421884,61.49665498063024,61.576637415770435,61.24410639289002,60.18024403483925,59.20121760322221,57.92473637337907,55.46683292897144,51.867360262171964,46.691401509258206,43.45432547499147,48.76038772710234,52.6036241093219,55.26651960230727,56.94763972535768,58.08891936650224,19.138138523837167,23.443922736851107,17.634279935629372,16.127838567197355
9.542425094393248,22.09515014542631,11.139433523068368,10.0,49.43820856087519,52.43544017118005,55.24063620001997,56.88096650773646,57.93283178990869,58.788307470001016,59.3973135616629,59.66231868833908,59.795215149904664,58.99521206522269,59.12529196627293,58.219620022271805,56.098077693287024,54.34473093213079,51.802692776688744,50.27504539669417,46.13894652541167,44.636093364034664,49.32478838181186,52.70879054464907,54.60352001968359,56.172226765426856,57.22180473279006,57.48989181336283,57.69561935848059,58.11390659679362,12.552725051033061,56.751658662969334,53.8738982633873,51.449631861236654,50.366967485740645,44.890580369990616,47.52025387323212,51.150177362966076,53.681455069437646,55.13911117895424,56.52743222271837,57.49542307980586,57.680435915047035,57.640722181815356,57.3264863196645,57.22447168659805,56.236234496582505,53.25031019240407,52.06507456541725,48.57139433755538,43.36099340085085,44.338018249736,49.988954886920276,52.549345890774404,54.18463706973774,54.840178123595386,55.856197536940265,15.563025007672874,18.129133566428553,21.13943352306837,20.644579892269185,13.979400086720377,18.633228601204557,6.020599913279624,18.325089127062363,15.051499783199061,11.139433523068368,9.542425094393248,48.18291890799996,49.140521193491935,48.97165064137771,49.78933371794756,50.376057568272124,50.98093155281372,50.44704353461037,50.21706008805968,49.61060218702649,50.51260600069331,48.441042306975135,48.45476331830981,49.521189340813706,49.133104146557535,48.49916694094291,49.862924027351326,50.766732056394126,51.583202669679764,51.24585728912949,52.23324577596174,53.05534078686048,53.94544483843751,54.54462207570296,55.076454171742306,55.17782920628774,54.947124153902394,16.532125137753436,53.87576675157337,53.19135219590961,51.989208819505286,48.829853399712995,46.19635859719037,39.66047821076454,34.96376054012401,42.49638545540417,48.11266600927372,50.718415203401705,52.58764152876477,53.66544355918661,54.49300942456012,54.93704754982544,54.58456540444431,54.22794956977056,53.45479595316608,52.050879227616164,50.41885921420104,48.438305339740864,47.38431714820286,44.88903085267769,46.54099498329434,48.50554343695915,51.1149102957168,51.969633383937214,50.19718482323192,53.24769990985093,55.37224523054515,57.441810694054034,58.62232782394077,59.75505333625941,60.28064280005378,60.49445192323297,60.41560843007298,59.9318263431173,59.038200734446,57.83560579795722,56.20802087090344,53.24208351339125,48.49271962070074,40.27023254588704,45.93607237519869,51.586820634832726,55.079421825187715,57.23174808621894,58.6917654908993,59.67299402541602,60.11462596621676,60.482852273176555,60.34788831251184,59.69425231878062,20.644579892269185,57.184103362524,55.4063600102436,52.95542910735426,51.76531121304757,52.9971208574045,55.70800871553597,58.12834508333539,59.84790510540176,61.34399618515593,62.272720901466485,62.877269532059856,63.17897310870505,63.20275931713586,62.97920853211711,62.17208540529409,61.17007323534281,59.78597257894465,57.329186171660744,54.018311749089484,48.05290116441658,39.940970895882096,48.998205024270966,54.19930978136115,57.21530334801461,59.36196953909298,60.64856159515298,19.86771734266245,22.55272505103306,21.64352855784437,19.49390006644913,17.24275869600789,20.170333392987803,18.633228601204557,24.62397997898956,9.542425094393248,24.62397997898956,23.384564936046047,54.90791132580165,57.688156299932,59.928723840776144,61.32862031376388,62.319550966990164,62.971310391999324,63.270027690922845,63.42077081830135,63.16477984376477,62.43165340355151,61.70779332323578,60.39971007410564,57.86945817664911,54.79431337197737,50.612299969846354,47.2146436017342,50.73296678485579,54.65061473636173,57.91202758489219,59.75381252769972,61.26970275883579,62.13678429510747,62.59250942323298,62.372030553501965,62.34719704621875,62.292929273247275,35.5108386518578,58.92811709791553,57.61953384403413,55.21329026645436,53.588272808072894,51.89102728787671,51.8633749104998,54.91822361956973,56.97599817539057,58.9336944417294,60.099910906013456,60.85078196631538,61.13152216197334,61.224586875246345,60.924908077181115,60.65152678886837,59.86159709138799,57.59190992006789,56.19844344424641,53.22519061254412,48.81190579083962,42.52027329652786,48.47140617413406,52.3402348643629,55.12749748884587,56.811552747523784,58.07968429752286,22.04119982655925,15.051499783199061,16.127838567197355,15.314789170422552
17.634279935629372,16.020599913279625,17.853298350107668,19.030899869919434,48.89290494762161,52.59546099087022,55.21317258617841,56.969091724116524,58.25538409595244,58.7013282562055,59.46939835586643,59.66333718884789,59.62929720610079,58.870414222505985,58.75300349064186,58.087199405696836,56.11895292790277,54.383144623939465,51.01049030827831,49.46697837245742,45.65906822067659,44.52292561617729,47.97959643737197,52.43633244506138,54.522235791455856,56.596281587764224,57.63147108903861,58.0528127665127,57.78493484320718,58.37457751484769,23.443922736851107,56.86029083787572,54.278397625115716,51.82311916227766,50.28587518098877,45.398285583778986,47.466030656007504,50.57856208741888,53.428685907027344,54.874494848194566,56.573283971166795,57.25186114024875,57.5928852111747,57.44981048843577,57.015645314081446,57.180031682670176,56.06368465082923,53.03742362946664,51.66062865797312,48.12057287410332,41.60288413131288,44.8370138233946,50.58585438973963,53.37469244957095,54.749908905024185,55.12461589753993,55.93548558576822,19.030899869919434,13.010299956639813,20.043213737826427,13.010299956639813,0.0,21.958996524092335,9.542425094393248,12.30448921378274,13.979400086720377,6.020599913279624,21.367205671564065,47.221401254574154,48.49695750922213,48.2588029893618,49.57856204830935,50.35417729876177,51.17536432710338,50.600175425316,50.776040681856216,50.673870650745805,51.29615785186403,50.39818479157829,50.03257986466232,49.90662900503155,49.399782639006354,49.853096884076,51.23492301422652,51.286738473085904,51.763604381975476,50.77400612423545,52.288621285305624,52.49389160370364,53.253617037224565,54.06121011772829,54.476618308244724,54.73810927779347,54.404682698221485,10.0,53.467987777343964,52.72087714411346,51.00460152194369,48.176512945182424,44.99494631035897,37.265642161622445,37.74808830310705,44.768026552655165,49.19203653350852,51.61179267766518,53.14077991779213,54.152488705143085,54.94502447046173,55.04590463909714,55.195563107549376,54.61740067796623,54.09880734455875,53.00617219806582,51.148777498928354,49.501798016119466,47.948643186358375,45.14401635137584,45.72371992403903,48.18470033122659,50.722131226033824,51.37638905022756,49.62979854960071,53.11145422774845,55.560623660519965,57.26476174573558,58.79224370350378,59.70808823947114,60.37616510007866,60.51902721033354,60.36156423036661,60.20333516750327,59.23174567420336,58.04851309696862,56.4641549024835,53.90546539888802,49.698071602781695,44.26722664145779,45.776411346955264,51.34973540005915,54.51806384989288,56.782360413955296,58.33807935448209,59.31887375842625,59.96977675703286,60.09707911867049,59.89523232147214,59.02847257131208,22.30448921378274,56.27285955446911,54.486723168707734,51.5074723210584,50.45905559734645,52.37352686979094,55.71289471190606,58.255728053285836,60.154016737029494,61.552449171761864,62.62986389557696,63.13607620220108,63.321299002472,63.323709875318215,63.01960559654198,62.48894122379766,61.32513914384445,60.198014777812645,57.79206749951978,54.823089195769626,49.4411237698898,41.86871614364535,47.40993931584886,53.5003275656851,57.077830133881086,59.11958848553105,60.44922930663702,22.380461031287954,0.0,21.613680022349747,21.13943352306837,19.294189257142925,15.314789170422552,18.692317197309762,18.633228601204557,0.0,20.374264979406238,18.129133566428553,55.06932351878008,57.77955049730667,59.95926819724785,61.3675670402587,62.483740063782975,62.93898406395247,63.42392081723955,63.44279853505378,63.21136345577094,62.606599114506814,61.82965018636173,60.55146594862288,58.07798095657607,55.405196716420086,50.847513901948346,47.32144371029723,50.324092176074785,54.608632781524584,57.81181439729255,59.70385933078184,61.31408201854737,62.03636832827948,62.502135413698,62.31862164001249,62.443169602346416,61.72940487301701,28.773713458697742,59.88669968691359,58.2894331971888,54.714222732182776,52.47270957440517,50.32014034159506,52.809992590118966,55.10437763760357,57.361071418698955,58.845535186001584,60.20994857066343,60.95987635030341,61.14541598311617,61.292386101319266,60.94369443613501,60.8449977817726,59.77616161258909,57.724214656185175,56.20712648407653,53.22686427002617,48.48460081482247,42.3666319870341,47.978558985883396,52.75126999458112,55.19514296275601,56.71093199324435,57.9975740990031,6.020599913279624,19.54242509439325,20.253058652647702,21.613680022349747
15.563025007672874,3.0102999566398125,17.16003343634799,12.30448921378274,48.799555851227495,52.423674769114385,55.192305921766604,56.8019949175602,58.036755736419046,58.70525631146058,59.20292939447304,59.504257097649855,59.55807489426639,59.444293691019084,58.906227484001334,57.937596618079965,56.913830053943826,55.25673107030016,52.86766248786745,49.03100844218276,44.320869857780835,43.2292186958309,49.408749287455805,52.28905714761025,54.62303640917189,56.357862401461425,57.05029373720653,57.83761410278515,58.037752086074626,57.48585689656758,12.041199826559248,55.813544981638984,55.04216600071971,52.69797710658441,48.27944074183014,47.40054625989829,47.8313144915058,50.11185455112202,53.5398928006785,55.21666241247679,56.73534196096203,57.504312486602025,57.950954944965744,58.0329661554909,57.67930964996492,56.9469029476737,55.52407804666992,53.98039016527445,51.62041385148267,48.427652081817854,45.50888468081352,45.92187864529585,48.266772113767885,51.435050574893936,53.81486915926939,55.028093493890424,55.80187987881147,15.051499783199061,17.634279935629372,12.552725051033061,6.020599913279624,11.139433523068368,17.16003343634799,19.084850188786497,20.5307844348342,19.294189257142925,18.633228601204557,23.384564936046047,48.4728879442951,49.120838257658946,49.703561757982335,50.55901768837651,50.790400773998584,50.99214335574169,51.015546223638594,50.99300726233463,50.87582675520367,49.06383533518843,50.48088164099313,50.12706495041576,47.05324784486743,47.62648559617997,47.924617313469504,50.08723630094409,50.28001579346858,51.21533582200318,51.86419489155475,53.13972618860607,53.67886814976096,54.16820178229034,54.80998073363057,54.917327869789986,54.94110048710244,55.37069447824146,16.532125137753436,54.593985195851474,52.344995671759676,50.60879073273992,50.044589502411945,44.18118915654199,38.1110560701793,37.887338588277075,44.05687786672778,47.000543856282384,50.249533701252886,52.588527006423035,53.41980264808785,54.08348525362884,54.21399892146727,55.05719616084342,54.5816326471043,53.160416729924236,52.861532110737684,51.17022582573523,49.28257552514296,46.020599913279625,46.05660526371362,47.79206749951978,49.558656639862875,50.42126417483153,51.17420455165602,49.62563469740971,52.839612164895115,55.715469600023226,57.433984331015104,58.78193652848175,59.56162665466101,60.29059762456508,60.43535961079595,60.35173488897678,59.83079805731529,59.23519640774235,57.94831581987073,55.83544484420663,52.78369423328418,48.124320253532524,39.06981153228854,45.1988047332166,51.399860733119745,54.90936998415372,57.27301271498056,58.67223460133165,59.58954047395251,60.32187475255525,60.38772714367545,60.12590914115927,59.75581143367564,18.129133566428553,57.2969922631617,55.09366528284845,52.73845876839655,51.88177306170009,53.17750028842234,55.965289225345636,58.33440368917419,60.084945657548715,61.388967224321256,62.37739980830008,62.89171624283483,63.1524171435515,63.18324250850395,62.77275630565618,62.37837441036018,61.23263475902825,59.84815697122164,57.51897763772813,54.425753973923875,48.85706030553216,39.94844849553398,48.416910096892785,54.32374332783222,57.30913028669376,59.31706476336978,60.6429060384205,13.979400086720377,18.129133566428553,20.969100130080562,14.62397997898956,14.14973347970818,15.314789170422552,20.374264979406238,22.50420002308894,10.0,19.86771734266245,21.13943352306837,55.12753749748845,57.73286792127139,59.835834418379655,61.13376729642255,62.349144458737904,62.94529051022007,63.37664678919548,63.44192963430505,63.16103340888863,62.6121360629577,61.77052013085561,60.372041141137565,58.28642498633414,55.33946097071572,51.094739256873474,45.5755532051209,50.28774526500088,54.901383440951875,57.83449046613049,59.985701227451855,61.023650913385275,62.04730280256104,62.55727069962053,62.97227434919559,62.42823826639268,61.140158400282786,39.52937667750981,59.37203340904378,58.44677190943389,55.58738562210392,52.259963708534116,51.75563995146142,52.473864498559344,55.03333003277785,57.18711726986282,59.01546043290983,60.23431080531406,60.844064588285114,61.27760606191333,61.361892618161605,61.07745043558664,60.46112988773021,59.27312863982296,57.9786004887016,55.65906822067659,52.4509050612621,47.56613290072936,42.02079441007388,48.33338388939397,52.745388448061135,55.29949810916008,56.89973557898167,57.92947510796067,16.989700043360187,13.010299956639813,14.14973347970818,21.64352855784437
21.335389083702175,9.542425094393248,21.613680022349747,20.374264979406238,49.799351524331115,52.943714205721705,54.69486228091296,56.67011896755923,57.77772525275235,58.82128768340526,59.449231588868265,59.58049496360264,59.74613000947879,59.30696934838778,59.03529487695167,58.271960377320596,56.91694025489647,55.36685934736161,53.17783458932554,50.29099566823543,45.86418504585972,44.90155202589509,47.35511073919522,51.8802804133508,54.16923289055086,55.85759556645252,57.136081310952534,57.692569182287855,58.03922571850371,58.37705202303766,21.64352855784437,57.19571574314456,55.19382974824179,53.217827128158675,51.43795203845767,46.308345178280504,44.72829556712706,48.89436172880561,51.690216204224754,54.55042914079076,55.93056672372013,56.880325221054235,57.326285370717194,57.563081719921584,57.40578993234042,56.71330234366344,55.77525117448008,54.048781696854874,51.45687313442514,47.160033436347994,39.53566414257007,40.54766217838991,48.74626751617682,51.52740753614402,53.69914991035561,55.092831887366664,56.15844882874703,14.62397997898956,16.532125137753436,12.30448921378274,13.979400086720377,0.0,16.532125137753436,6.989700043360188,6.020599913279624,12.30448921378274,6.020599913279624,9.030899869919436,43.64982261632261,45.77123987423199,48.26398782187618,49.022259678053935,49.87295258331997,50.62393937253195,50.734837313138286,50.889330407719065,50.46120409068738,51.47744322323963,49.89009069978073,49.89489863467243,51.964967424547275,51.98098742245831,51.53537436820673,49.43623103434281,49.959903811625914,50.17955235904225,51.77816320494013,51.4585806878751,52.56207643476859,53.238458831907735,53.43215531128127,54.185995591278086,54.69671827174012,54.210327173554525,16.532125137753436,53.29572782429504,53.64785432326954,52.57738556152603,49.03984796905022,48.304924332490884,44.166405073382805,33.44195715871435,39.26856708949692,46.74273113931345,49.95459686621064,52.05274755104436,53.560143778921116,54.78723736555345,55.61637954564607,55.042642006202485,55.141969879801856,55.46592012319944,53.8327665040765,52.52049206692366,50.915262726310914,49.634336385409,47.940207370609905,46.37289547678175,46.07090277191581,48.01431152719453,49.48143893743131,52.23288219096948,54.97791848198304,56.83814034617064,58.53931719131435,59.32133197068832,60.1082427114259,60.26232872377447,60.18471643392513,59.771060110514966,59.203033750166824,57.944043863740866,56.25626223408224,54.49561701684442,51.07769441858545,46.47695862406182,46.27365856592733,51.422204714129585,54.345257917803885,56.704481055383276,58.16407029618638,59.21724962151477,59.77266212427293,59.746572007620344,59.85506409247187,59.269718202775586,57.89858402629812,12.552725051033061,53.84018109048047,51.42905431758443,49.799351524331115,51.872611946564085,55.49241200024689,58.119461422175824,59.904036832763495,61.42631264525248,62.42289176050363,62.97164122869723,63.42770963750368,63.61214876888261,63.45747082893571,63.02351062508229,61.869204722166806,60.786181078360066,59.08103637424843,56.333977507226784,52.26182163079137,45.3011001161644,45.15728171743949,51.97649896020499,55.80482476677294,58.26650023832359,59.683601145731075,60.877689990806246,19.54242509439325,6.989700043360188,21.613680022349747,6.989700043360188,13.979400086720377,17.853298350107668,17.634279935629372,20.969100130080562,22.92256071356476,16.989700043360187,19.294189257142925,56.75411693714864,59.093602316869614,60.71022136864855,62.037099237116145,62.742063581721155,63.36516168450736,63.5732965140783,63.46476007125038,63.21805483857539,62.36388104594114,61.41555747137687,59.829244452258735,57.525370424150886,54.40940551539664,48.65991800126275,47.99464615868339,52.29571783218722,56.189116406075485,58.55524001325363,60.34847353239691,61.2597708674426,62.02173516592194,62.62785344087267,62.37240027959732,62.196455536598236,62.12503219116834,26.665179805548807,59.87066238274723,57.53327155723626,55.793548049263215,51.75239206586693,49.308115422201595,53.15953560804772,55.619071825335816,57.6453254112701,59.34678696544125,60.32183845802664,61.07283929128884,61.313241166777445,61.3268128853889,61.06695636972879,60.313034128818344,59.36833816152539,57.70546425834549,55.659823347167745,52.2533513181854,47.85272874622214,44.16074390922394,47.73918029433617,52.349144458737904,55.10160140597809,57.138406935821195,58.03515154271645,20.253058652647702,23.54108439147401,15.68201724066995,13.979400086720377
0.0,14.62397997898956,19.86771734266245,12.552725051033061,16.989700043360187,13.010299956639813,12.552725051033061,0.0,13.010299956639813,17.634279935629372,3.0102999566398125,14.62397997898956,0.0,14.14973347970818,10.0,18.573324964312683,9.030899869919436,6.020599913279624,15.314789170422552,6.989700043360188,20.170333392987803,15.051499783199061,18.573324964312683,11.139433523068368,18.692317197309762,11.139433523068368,15.68201724066995,17.24275869600789,20.5307844348342,12.041199826559248,20.5307844348342,16.989700043360187,0.0,17.634279935629372,16.989700043360187,15.68201724066995,-inf,6.989700043360188,13.979400086720377,14.62397997898956,16.532125137753436,17.853298350107668,14.62397997898956,10.0,13.979400086720377,16.901960800285135,15.68201724066995,17.24275869600789,13.010299956639813,3.0102999566398125,6.020599913279624,10.0,13.979400086720377,16.989700043360187,10.0,10.0,15.563025007672874,-inf,15.314789170422552,6.020599913279624,12.552725051033061,0.0,12.30448921378274,18.06179973983887,13.979400086720377,-inf,18.325089127062363,22.30448921378274,35.622928644564745,31.96728722623287,26.665179805548807,14.14973347970818,22.55272505103306,26.283889300503116,31.476763242410986,33.27358934386331,36.906390117159674,35.93839661081272,38.09222921689422,35.826314394896364,39.8878184345364,39.33740299496935,37.005306569785915,35.72057989926304,34.44825199509748,34.68051791454238,29.845273133437928,29.041743682841634,24.593924877592308,28.382192219076256,27.671558660821805,32.78296208091274,31.598678470925666,35.87598729721245,17.24275869600789,35.659658174466664,35.03109436671369,34.149733479708175,32.29681842317676,34.87703863163726,29.268567089496923,27.958800173440753,13.979400086720377,15.051499783199061,19.294189257142925,25.575072019056577,34.671639659690904,36.40382044709568,35.31478917042255,35.9955559098598,35.05828033854836,33.820170425748685,37.2956972630197,34.831592097169796,34.933186082321015,32.397998184470985,29.73589623427257,31.051694279993317,26.848453616444125,23.117538610557542,17.634279935629372,44.76556304595992,50.27023254588704,55.01345500823648,58.30201672718822,60.76115915765855,62.5731106867169,64.05371293394053,65.00879067981282,65.60263007024965,65.84014435797937,65.81202675757223,65.44192110765033,64.67844350783943,63.4545077913326,61.631357222101755,58.73830177257828,54.222778761641806,47.527627165349415,52.31849177300994,57.397344824294755,60.658932793746175,62.71990680978864,63.99421896105805,64.78942192554183,65.1233532649695,65.19859482264263,28.94869656745253,63.978665198283686,62.56164305279615,60.72230039494805,58.01883707125239,55.184533976394896,55.45382585587347,58.586346322152856,61.60545958892669,63.841199831046325,65.4383023404445,66.59516883764218,67.38043296695517,67.86133319238304,68.04933458113456,67.87753754499118,67.45657183488902,66.6079435408823,65.41330701486498,63.61527258950461,61.03842703120513,56.83822129465817,48.612296406922525,50.04239667135181,57.41808455036767,61.255053382856,63.511753320753606,64.51198282014084,65.12182586992662,15.314789170422552,19.54242509439325,12.552725051033061,6.989700043360188,20.170333392987803,17.853298350107668,15.563025007672874,17.24275869600789,10.0,3.0102999566398125,12.30448921378274,14.14973347970818,18.129133566428553,13.979400086720377,18.325089127062363,17.634279935629372,24.857214264815802,24.14973347970818,0.0,17.853298350107668,18.129133566428553,20.170333392987803,20.253058652647702,22.944662261615928,18.129133566428553,20.681858617461618,22.576785748691847,23.521825181113627,20.969100130080562,23.54108439147401,38.404197777364864,33.38456493604605,35.42202782434028,23.54108439147401,38.367037990897316,26.020599913279625,23.010299956639813,34.39963935920905,28.280150642239768,32.04119982655924,35.26468512469477,37.28597243383432,32.003031829815846,30.530784434834196,25.76341350205793,32.61262868792493,6.989700043360188,23.59835482339888,25.899496013257078,11.139433523068368,19.912260756924947,21.13943352306837,16.989700043360187,17.634279935629372,3.0102999566398125,11.139433523068368,9.030899869919436,20.0,6.989700043360188,22.09515014542631,3.0102999566398125,17.16003343634799,17.634279935629372,6.989700043360188,6.989700043360188,20.253058652647702
12.041199826559248,16.127838567197355,15.68201724066995,14.62397997898956,48.77440458855396,52.40282099986837,55.27223768118586,56.80054355014471,58.1798822066788,58.76867064254962,59.396709795856786,59.67941377360107,59.64346857570237,59.34920420815838,58.968843076544374,58.22942447266246,56.68255422349812,55.18157145463164,52.58105461228946,49.72781203735423,44.39664210326249,42.73533680151297,49.31117014126053,52.126908811316554,54.702958009194056,56.15340770946885,57.017414955017,57.68886621177007,57.85134002368906,57.70236939191718,21.73186268412274,56.180072815778715,54.67320947195482,52.4198951382204,49.11104317804036,47.55951041004132,48.53046890151799,50.89145314564689,53.98925606519256,55.309178038998674,56.645714674819544,57.58930807250959,58.00356849324234,57.980329420339814,57.4600487232336,57.2146436017342,55.92480990165734,53.66213698295158,52.27686214736187,49.094757950169914,45.73730052453567,46.06564074350029,48.730007223740444,52.26767404898358,54.07615217849216,54.994258776547305,55.81209852354842,6.989700043360188,10.0,13.979400086720377,13.010299956639813,16.127838567197355,13.010299956639813,6.020599913279624,12.041199826559248,9.030899869919436,12.30448921378274,9.542425094393248,48.540873209807486,48.90113494290917,49.16480268630046,49.88492068594184,50.50217300517707,50.825304615696666,50.99973984235501,50.615165629543185,50.506928922592344,49.23824072403459,49.76959489490355,49.62108775554161,46.87921165116413,46.724765454206704,47.44707516891029,50.38465171032073,50.713111607383645,51.62421011909598,51.527315878351125,53.00617219806582,53.40731566264532,53.971227665975775,54.912047590896016,54.79583947036046,54.79779669830383,55.23985652983907,13.010299956639813,54.38043691899813,52.16284690000789,50.39493435125934,49.4571471405986,43.363996889860836,36.05951157564873,38.93040111957118,44.28976638512883,47.54539444397008,50.552139106180356,52.40609146838919,53.33076303179395,54.00290984328534,54.31826764716596,54.97506019576643,54.583295793855406,53.012384070005744,52.87429958046388,51.422298617331144,49.481389999809046,46.65806052941406,46.16790486329716,47.58503130371339,49.208430737624134,50.366368786432325,51.1948353719651,49.51847296899779,52.77531286403307,55.54338917796539,57.31528330395459,58.75897199067136,59.570788214355765,60.235475149684646,60.470446108051334,60.38596718156445,59.86722033806534,59.189734304929544,58.008407521378025,55.80653599340081,52.94069227470891,48.44060699573017,40.24690862355431,45.42302465565677,51.43102275224489,54.94182432516059,57.17191849812291,58.74052529609521,59.612311970446626,60.382898454095546,60.38318077217998,60.26195257636645,59.80254780317448,18.129133566428553,57.3656381287245,55.287136394161195,52.65237752629457,51.88560090814065,52.89664746813231,55.92062337384293,58.303127366927086,60.05826324079031,61.46755447994658,62.413464698285125,63.01247522713438,63.20155636848516,63.17744387260721,62.89704199183873,62.39698296184879,61.1702225086098,59.89742511809659,57.603561278084044,54.49368847508988,48.852537640936255,39.913146981766104,48.28563232703952,54.17654340805952,57.27262210457574,59.344221905172645,60.66612874965158,18.633228601204557,3.0102999566398125,19.294189257142925,15.68201724066995,15.563025007672874,14.62397997898956,17.24275869600789,10.0,14.62397997898956,12.552725051033061,15.314789170422552,55.07126940370548,57.68106560702491,59.912406996482176,61.199747180494654,62.33692961927836,63.020281593194554,63.36694429604571,63.40465729872318,63.1727525281394,62.58961326482706,61.70029540551364,60.296540114669206,57.952249549218095,54.8898056804406,50.3612165625228,45.07653513464988,50.19340652597946,54.96544975005001,57.80641291626942,59.76005433544101,61.19670515123585,62.01095471716971,61.906078776651924,62.44971930799792,62.28490955607445,61.84298401026362,34.51172157512539,60.19522550134429,57.93098593590191,56.31462033350313,53.84075505821838,51.86419489155475,52.88305130120162,54.568592693909224,57.1495476093051,59.136750678276144,60.07222723790381,60.81888937740662,61.18001688251545,61.14419145150076,60.8856485356834,60.44364517790636,59.41829335096693,57.79403107808563,55.78079652531392,52.82307095510622,47.54539444397008,41.927903971206526,48.43762082833734,52.814083811499245,55.30062598365941,56.68711049834913,57.915531123516885,17.16003343634799,14.14973347970818,16.989700043360187,23.443922736851107
6.989700043360188,18.129133566428553,18.692317197309762,6.020599913279624,50.12077599531015,53.44490519241893,55.22572025091143,56.898955151693606,58.154675005644094,58.974296898281,59.43812947710015,59.584955564932535,59.54540140424506,59.58694772943695,58.453386965512884,57.57374769102235,57.0442508266649,55.25355831983467,52.73901354985355,47.60821910929019,43.94329080403031,45.675086476987985,49.43266921586124,52.878957422707,55.00309217176848,56.63318276259859,57.42402235472188,58.27472664193917,58.37919713895677,57.57092220118933,15.563025007672874,55.6936103276835,54.94284027891651,52.543474384381675,48.50094594386701,47.057696619572184,47.64997599284881,50.80543515764974,53.36623814128014,55.722231602720825,56.70153973369179,57.32626929439974,57.88736684416967,57.8206035044592,57.41328906134392,55.58527376754577,53.80350555510823,53.33110590992422,47.95101063481204,43.63987829748491,44.38542348786111,47.77977497838056,50.08451123572122,52.592401838347484,54.49769888048692,56.33550256835836,56.67185756255844,17.853298350107668,12.30448921378274,6.020599913279624,10.0,15.314789170422552,12.30448921378274,20.681858617461618,15.563025007672874,13.010299956639813,12.552725051033061,6.989700043360188,45.36217438060636,47.10565819800644,49.87420452611655,50.346805848749774,50.8947059966538,50.72900300467126,50.983529453340054,50.92896010921856,51.05823445037387,50.00781027353496,50.421224759982756,50.00850384080102,50.50878347847937,51.27428777851599,51.50833163556632,49.93850486480993,50.44966789537294,51.279983954013986,53.28045088280069,53.50265467315489,54.11501858139224,54.37690328021848,54.426490638757116,54.47475880603701,54.29558499461421,54.025089887098794,20.644579892269185,52.18834734459748,50.27374074380318,47.629784908677436,43.84335489934284,38.725641430906514,41.089031276673126,45.43074235033532,49.394243963390366,51.58883935494841,53.133377330919025,54.507308770781016,55.146699223018615,55.55487434249845,55.637301992926105,54.92454459783359,54.24608892439331,53.50684032686936,51.650216300353605,49.233269309027506,47.000543856282384,45.80080643863007,47.79769597411145,49.460983968718956,50.65867157632795,51.019188336804234,51.562128517883735,44.63833288046655,49.664421136661694,53.59880995533849,56.01960092108274,57.83941435529914,58.997526728032895,59.95690026297882,60.471615075735926,60.76655004850605,60.70109195928535,60.19867862729856,59.54625484772403,58.29721781101162,56.63951443863471,54.08328172420255,49.96861768490674,45.2022143588196,46.86135559106637,51.72748838982743,55.1057851929053,57.10963963925352,58.66339923939855,59.530271987861035,60.01711651473198,60.16532777102941,59.75650968512018,6.989700043360188,57.89978867879478,56.239952223302616,53.57204695027421,50.56638097379653,50.637535616692574,53.800392994467,56.71411685291763,59.102080509581654,60.69120629726095,61.88383094851062,62.768120856712144,63.41950425008398,63.597871193445684,63.46729981828378,63.17752745133121,62.340640242701504,61.373012457782814,59.667722929009656,57.401360075888086,53.93347029066479,48.105550937577995,42.91413254570215,50.874868208393266,55.212034845748626,57.7476871055959,59.53107035221487,20.5307844348342,12.041199826559248,11.139433523068368,12.30448921378274,18.129133566428553,20.969100130080562,19.86771734266245,23.979400086720375,19.294189257142925,16.020599913279625,16.989700043360187,54.04452259107326,56.67644373856798,58.86346876556124,60.636429227094766,61.9296087188397,62.803518317295726,63.33656813851496,63.53455546081149,63.43067326856675,63.18971271714652,62.15324748204074,60.972670300046985,59.423146807400286,57.168252194396246,53.630268864448205,48.02096107898403,48.75524263949309,53.338279969286134,56.49009502886665,58.94168133633013,60.457562745344234,61.817001327874415,62.21342501598177,62.25807916999145,62.31299305458376,61.46066609686286,39.52162574214463,60.33524274983268,58.42691597995806,56.976276993213055,53.907320357906585,50.19053947051712,51.186812901822236,54.10778919954447,56.57293023837252,58.72972212590254,59.90041230024249,60.74628132437222,61.33039502020161,61.44877018527537,61.24338561412367,60.48013513258995,59.30886402711466,58.32029007715911,55.63661410688059,52.5267102588598,47.473884998648124,43.093959258697566,46.832812418105654,51.80521551128432,54.691811430162,56.90196080028514,58.01710969274755,3.0102999566398125,16.127838567197355,6.989700043360188,22.85557309007774
16.989700043360187,6.989700043360188,12.041199826559248,17.16003343634799,50.019758812442646,52.95527516889429,55.37825389150591,56.88865457090692,58.191654080122206,59.02070914607491,59.559593999804434,59.81001328799018,59.93718320050437,59.46790627396926,59.16786517076375,58.350389581785215,56.578137715724935,54.72810549973741,51.97875753945462,49.8027614107784,45.841615449428666,45.47590121770153,49.04564083683677,52.761974704899245,54.71563060322314,56.20231859974878,57.65201231993808,57.74181809265532,57.99937122095667,58.29881161356574,18.325089127062363,56.90473408141994,54.38626193542855,52.02815140967581,50.69123963257296,44.51863159220612,46.614340503939204,50.75181854618692,53.182407748198834,55.03721244846214,56.53583917976265,57.29687087330086,57.50378781421454,57.47272718152154,57.111067334998744,56.74902456429349,55.286043585227,53.2479671762173,50.79043697682047,46.01907961652551,39.28651846653695,44.0784960347914,50.06145016376364,52.922316970025925,54.47513077017809,55.26000498996993,56.162622528786734,12.552725051033061,17.16003343634799,0.0,10.0,10.0,0.0,12.30448921378274,14.62397997898956,13.010299956639813,6.989700043360188,18.06179973983887,46.038477712994236,47.496203851999326,48.3110156450136,49.19966701483388,50.273659189982816,50.57609056229484,50.20365426659253,50.34066678597561,49.689776689827205,51.39381565823187,49.017851453035995,49.120838257658946,51.247943096807596,51.13706095910036,50.8334851111529,50.27761278728498,50.77400612423545,51.3786028215286,51.476392298898375,52.06839363228693,52.90252817352407,53.60688062030678,54.24693837139834,54.73143778355042,54.92577416156439,54.228720559623305,18.325089127062363,52.896090170192274,53.173047454386655,51.430304220767944,47.27622577969137,45.60635818678364,38.603380065709935,36.98970004336019,44.243588625903286,49.435390312822,51.88849769537386,53.29448730538655,54.480706412720224,55.31981896330714,55.59203767721673,54.93381363016099,54.42398233205034,54.53006269943971,52.331433899774396,50.676547327343926,48.74887510846112,47.84132095185349,45.60719418380896,46.32710303832954,48.626679502285874,50.864523753754945,51.29335352916489,49.988040449818776,53.12923819593323,55.59481693965478,57.398696829417815,58.858681664234965,59.73793108019893,60.25944954886599,60.45930175140075,60.41160867971612,60.22883873352199,59.175627465285814,58.04061020444866,56.6831601388406,53.9292546917228,49.996263460513255,43.93347029066479,46.49802009508604,51.55761012877924,54.66329235938097,56.975797764023596,58.38427179627136,59.4647682848594,59.91015524785571,60.25389848058008,59.982261982229275,59.07146833589698,18.692317197309762,56.35131745247176,54.6743050423905,51.931273822845256,50.37753092058381,52.879472165965716,56.02033932877287,58.29486459783813,60.286436290749904,61.64265095635657,62.61770874583689,63.1195464934967,63.48121368952305,63.54712380151148,63.13216134132145,62.5226500109159,61.399760050791386,60.23996503162199,57.73337295613328,54.86628806246296,49.488284767533905,41.7900570756482,48.46714326659982,53.99915889916302,57.15577191957452,59.12184844884729,60.41310951142325,19.54242509439325,6.989700043360188,19.138138523837167,23.54108439147401,13.010299956639813,24.74216264076255,19.138138523837167,17.634279935629372,14.14973347970818,13.979400086720377,21.73186268412274,55.47567966463156,57.73716981554625,59.972788897645835,61.35256399717838,62.43209251047197,63.02231328300232,63.3743150549202,63.463658857162855,63.25079713446637,62.61584960134746,61.787378757317065,60.38071881794849,58.126727576808605,55.31366496862524,51.027971808281464,47.62303363287768,50.59203565493851,54.7846981463298,57.8976257014866,59.78855865207678,60.882672435543284,61.841745115712634,62.52912469453088,62.560294476691745,62.39425869214162,62.503226411164434,30.178677189635053,59.38087216758274,57.40903246980737,55.921012213522104,53.344879303901564,50.94977452041181,52.110270483733586,54.594000275285374,56.8999483984501,58.859540117801785,60.074302600974114,60.799207263072105,61.13911614242716,61.17328645262434,60.77500172330208,60.65402301127844,59.57381701800002,57.88163419872922,56.129194201784514,53.15235409617727,48.68597421562269,43.0999192878118,47.42827213849982,52.11827763620743,55.09907845878111,56.83540519956068,57.98524274294698,18.129133566428553,22.50420002308894,17.634279935629372,6.020599913279624
22.30448921378274,6.020599913279624,15.68201724066995,15.314789170422552,48.699354106468604,52.27357005007625,55.37166533921709,56.89153408945635,58.06631676693293,58.92861179331681,59.50039498550646,59.88474229978329,60.04411663249112,59.43829258580828,59.53411730320764,58.68776645953463,56.74563551674237,55.131922876887174,52.61757563662283,51.116724124740635,46.32507906307723,42.31902649456643,48.356969115115774,51.943061636495585,54.4564467327513,55.98921759818636,57.11467250029703,57.76690290177487,57.84968722130232,58.395314667094894,16.020599913279625,57.11730482847195,54.71247692495605,52.617195302100946,51.29490096561188,46.44399195891513,46.71654096505517,50.18421695302263,53.045702272845716,54.55846391208415,55.99403774328054,56.96531993449183,57.51614705476971,57.5268289963758,57.27659167425109,57.35908543439413,56.36308324101438,53.76732034537861,52.836629900588306,49.56710959567658,44.831592097169796,44.23393345135083,49.07674652601508,52.2284647997415,54.08601161650004,54.32046838379681,55.50008091556634,16.532125137753436,16.532125137753436,0.0,13.010299956639813,11.139433523068368,14.14973347970818,15.563025007672874,15.314789170422552,15.314789170422552,0.0,16.127838567197355,47.4020473550745,47.98933638657148,47.44144280277382,48.76246715594605,49.436577166493734,50.32425339908433,50.29424364058016,50.39493435125934,50.1734224663959,50.82656139509687,49.96288338342915,49.977401422221355,50.13385017749685,49.86973164367881,49.36674562507357,50.770952499553914,50.79112477310321,51.45165317350656,50.301502192707574,51.35021279538261,51.97875753945462,52.75062456686037,54.13158888971004,54.38645175014173,54.67804862254034,54.84826369084443,6.020599913279624,54.288375229619675,53.645059689699906,52.64761172208503,50.87799158234859,48.30010935936117,44.13115275507509,33.94801777162711,36.54850090561394,45.203525040833185,49.35083849086052,51.614428741396345,52.94873874778618,54.17612836731732,54.568410675468826,55.29765186429064,55.20516283729225,54.642047929965514,53.8812430172647,52.753689494602575,50.928889976317706,49.459065978370404,45.3504081325116,44.042177445149235,46.18089954403986,49.436972712318116,50.36389328665692,52.52333507967756,55.088285723234264,56.87742934522578,58.32780261969611,59.43815913368454,60.06144159990049,60.317476874233584,60.27097113465969,59.874991276907814,59.229796300721695,57.98482833124741,56.19564952113895,53.680450262086765,49.44349402261,42.57678574869185,44.51018452155458,50.54034375838076,54.44310290512257,56.642027588950306,58.21598675838024,59.33281733897195,59.907937819189925,60.175550144148445,60.100021253145776,59.55406786827774,58.52336628398668,17.853298350107668,55.102044112556115,52.83601963961396,50.96788393525601,52.611795714521286,55.10354629544746,57.808449150057186,59.676158294307655,61.22158514836038,62.315924192686644,62.98152839781598,63.33384594528843,63.36235924470209,63.177897267880184,62.64547957337243,61.80517252240054,60.49142402315566,58.73390943685201,55.80588580670816,51.48346567656525,42.69256027417774,45.42202782434028,52.1721012078098,56.081932322444636,58.502619994767066,60.11117306219107,61.15747933317942,13.979400086720377,6.020599913279624,21.73186268412274,18.129133566428553,15.314789170422552,15.314789170422552,22.944662261615928,12.041199826559248,20.863598306747484,17.24275869600789,6.989700043360188,56.37474719075166,58.67690176094709,60.73591158570536,61.828709639889084,62.72951701758004,63.122641220105535,63.46432978992382,63.37255144843677,63.00806276393143,61.999004661272146,61.1979314475412,59.625932924079976,56.69804838891433,52.980251641088536,47.502923509728674,47.34935775274194,52.88624765902153,56.13418945034574,58.87932218397219,60.534261241927936,61.116421872505725,61.89261174853794,62.682821016046255,62.56131798793352,62.073965576988925,61.76086626556501,19.294189257142925,59.82033210640516,57.053615897204395,55.13037716945221,51.2304107274726,49.570179323215264,52.966673836624665,55.63814391202986,57.951184660979195,59.34361576415534,60.35831824762415,60.82392173816242,61.043675956010155,61.09361176550511,60.7709779552999,60.4655447094212,59.544518854106705,57.4088116438424,56.09813101988521,52.965884142489735,48.9558275236417,43.17080886073193,48.45160077651946,52.84322428729911,55.486804883005256,56.69767680402675,57.87626225769806,20.253058652647702,14.62397997898956,12.30448921378274,13.979400086720377
14.62397997898956,13.010299956639813,12.30448921378274,10.0,48.592584174673064,52.34347683208098,55.253778544718415,57.041891381495205,57.985636397437396,58.91404751793878,59.418616090521866,59.789420334363555,59.95651425502157,59.478501703603044,59.296927003947566,58.43933190459684,57.06309746387422,55.51728052599361,53.342224679778674,50.245185053599066,45.5057076016562,41.213956807072236,48.45693235834101,51.7507672117621,54.22794956977056,56.104323116159414,56.766881237651845,57.583743663644256,57.95057901982347,57.84436120532941,18.129133566428553,56.723906769658505,55.0335072009897,53.02079718657047,50.342754238464266,47.91950165906162,47.58639427132536,49.75597222520748,53.04753265379709,54.42921677892315,55.81995143761074,57.09902281064386,57.644757744143,57.76481802612304,57.55528043568069,57.14091587049336,56.41633719097436,53.74574226824472,52.875442109909415,49.81229487420001,46.075086365079784,44.81628919507578,47.86864948347202,51.0824696585243,53.52632021472142,54.5558937937229,55.65924521522851,15.051499783199061,13.979400086720377,10.0,20.170333392987803,11.139433523068368,12.552725051033061,11.139433523068368,3.0102999566398125,12.552725051033061,10.0,17.24275869600789,47.80929070636497,48.49542252005016,47.856785544719116,49.21171257974408,49.850895069263814,50.53128403691646,50.67089462951047,50.57837202002923,50.61622092243773,50.06568720431262,50.59203565493851,50.553553926803865,48.125657820089344,48.40839758432541,48.33178997268102,50.88224711184667,51.21264305229581,51.63840919578611,50.79199341274056,52.137673713727395,52.41546480596548,53.24276280450735,54.03924851431897,54.21340638300443,54.64468681720835,55.23239060190306,17.16003343634799,54.80336134178087,52.98147593575641,51.893358829068454,51.29383716228617,47.24275869600789,42.38798562713917,36.014080605346834,38.737273806466796,44.565178578052624,48.54214921512205,51.30693922688532,53.00032144355157,54.10395898814018,54.704751745717324,55.35053482100271,55.371854442723276,54.208201739808985,54.44485115951397,53.229838069483975,51.91992845756932,49.21842481405858,46.0147329767001,44.662297917058346,46.49656078856174,48.462938042529764,49.36875503834174,52.3361789984849,54.95990890072125,56.91189388956691,58.531492183996285,59.30746347063102,60.043785592909,60.38416675333622,60.27168919999545,60.09867567561833,58.987262782913454,58.03114188107445,56.41617859998648,53.53127286608135,49.55711796961274,43.48265911123662,45.070593848021154,50.88833944150202,54.16848452988365,56.59939007058655,58.21912921825043,59.15226716155799,59.929818575440734,60.044589502411945,59.86379348846821,59.46142646161121,58.702739486740604,24.653828514484182,55.464686296997485,52.3781759910742,50.822538420152995,52.456236948237205,55.28876866708516,57.674356546038965,59.78788833652385,61.09384809033745,62.342843825410235,62.85103650706557,63.316145393189665,63.3797272302104,63.22053817695567,62.831774823869736,61.84638347136853,60.616409340616855,58.86067504919496,56.090402503286015,51.58546425107994,43.30920830595236,44.60672371877432,52.12917032528878,55.84296162720651,58.28547119973437,60.131204778402505,61.17610973351813,22.671717284030137,22.04119982655925,16.901960800285135,11.139433523068368,23.654879848908998,6.020599913279624,22.92256071356476,16.127838567197355,6.989700043360188,21.335389083702175,16.989700043360187,56.38395399270111,58.945652673415445,60.63141881841965,61.93905903601558,62.64720804003987,63.26157599726778,63.50248987740407,63.425561071740105,63.054898056210135,62.0613152909051,61.17014289683923,59.62306815497675,56.849072711142995,53.38336946561072,48.18390867778106,46.48984165557997,52.552725051033065,55.99745560092703,58.706122230121345,60.55562561607333,61.68825584827934,62.262247292720694,62.50107588316892,62.71600006587407,62.28255056220941,61.08837218056169,36.681062379327315,59.116667402827645,57.44390003844649,55.14973869321298,51.97914303318419,51.61134318896658,53.415710239415574,55.70379464958702,57.70145524760024,59.218242836022775,60.13427969215471,60.82659729773623,61.23219331395325,61.294336859937424,61.04778250491701,60.37162653639407,59.43740282751438,57.53825797658785,55.87981332962534,52.63969649010665,47.747796526774586,43.13234291694724,49.346044869504325,53.071043544914964,55.350332117643,56.76687209448501,58.068126328712324,10.0,20.043213737826427,19.86771734266245,20.0
17.24275869600789,17.16003343634799,9.542425094393248,22.30448921378274,49.52351630801023,52.72985058100417,55.331515576667634,56.804660541388486,58.1593088401694,58.922337773373705,59.5198265166146,59.66892295867137,59.764609460974384,59.17054176008064,59.060919628587456,58.01882336460359,56.02564565436265,54.19559253195721,51.37012112286038,49.408998096948864,45.38799869965,46.48057363328742,49.74023239842971,53.093852755238075,54.861824421836104,56.235221897414284,57.50928600899223,57.46177093122223,57.481895780551525,57.812935567142134,16.901960800285135,56.006091986871695,52.954021466851,49.82727906838392,48.92634351310466,43.78125245619373,48.492289458844894,52.469833215829304,54.61109678703704,56.11273915271888,57.32346306537173,57.95774384080551,58.01066709488217,57.84344792558912,57.24226701404586,56.98014374442381,55.45045966352491,52.948474443079064,50.38242523191958,46.00112161995479,39.00148560719344,44.59648766510523,50.60565643654253,53.12509511229406,54.42147257581133,55.20479602456203,55.979692752258075,21.702617153949575,18.633228601204557,17.634279935629372,15.314789170422552,18.129133566428553,16.532125137753436,6.020599913279624,9.030899869919436,15.563025007672874,13.010299956639813,19.030899869919434,48.99711094571145,50.00299559856244,50.44402551835166,50.809618174529845,51.36013073898152,51.138932385138425,50.501824806649694,49.6955102588328,48.876173003357366,50.09029995684904,46.9284691927723,46.41959693496038,48.8879706745668,48.86998045671099,48.506523605909535,49.99530708496493,50.89827425803875,52.02488317060094,52.179390568502825,53.1761419263232,53.93275041559737,54.71780017730049,54.90010479210768,55.359747829604586,55.392392423736396,54.43725988016304,13.010299956639813,52.831496515763796,52.46537970799175,50.45170362020933,45.937289987079104,43.227360044699495,35.72057989926304,42.027334580454436,46.26750853683393,50.25441049108969,51.97671936111441,53.265324780672046,54.22583274503567,54.65585078500358,54.68561470466572,53.748656080127475,52.82671950803963,52.59541320818005,49.75215756463829,47.89651208793409,46.137678481464164,47.00919945420287,47.096514974674626,49.27267680810882,51.07352449150477,52.39091668943559,52.63882138515575,47.096514974674626,50.64015982056994,53.479190849983944,55.77304484313779,57.655329562413236,58.9496812254736,59.83271220151377,60.21209979267171,60.414467711938656,60.543391405453235,59.793685195214934,58.85517266573012,57.853220034003165,55.81418263691435,52.855798107295946,46.78454641420398,37.965743332104296,47.33879077703767,52.285979536691826,55.615640663811064,57.74887600130329,59.2157931895564,60.08669993889144,60.68135747953168,60.81123260662842,60.332986767512566,14.62397997898956,58.701158409168116,57.6105235662376,55.42871467200157,52.83142863303242,52.1177442850884,53.553059007419975,56.094503318767785,58.41320670079195,60.2250590212082,61.47018356776261,62.354233955377595,62.85964859483539,63.08957981280024,62.97485845131451,62.607678480255245,61.70897725629081,60.807797614947944,58.75678102352194,56.31950826259217,52.18540756629541,44.771791567905304,42.712373544708356,51.32659850327717,55.74555578841665,58.27915029457726,59.89543252124616,0.0,12.30448921378274,17.853298350107668,20.253058652647702,6.989700043360188,18.633228601204557,18.325089127062363,19.294189257142925,10.0,6.020599913279624,13.979400086720377,53.72331943048181,56.364738542724375,58.96086188812335,60.513609337839746,61.914985215587784,62.61379934046377,63.15278280027404,63.25059989869058,63.248018571709856,62.769808090253235,62.048871915258474,60.81923463985295,58.63571467160896,55.95056193148355,51.678989588009195,47.42732984660128,48.855704000615965,53.90435204305839,57.025201435223316,59.462134356476206,60.8651678908399,61.82799126721132,62.80543998742364,62.93007459485868,62.3459952846737,61.69341680529671,39.696488404807255,60.2024191814383,59.00420114813663,55.62865992803668,54.33182379423717,51.609394866845435,51.499730829633805,54.51302764308192,56.63597285273721,58.75311923722264,59.762298091012234,60.68833109000831,60.978886778399115,61.08167414973468,60.80413616036121,60.77313024438668,59.656649209277845,57.94036089542352,56.39925542185245,53.683612758721495,49.50934127461131,43.918169236132485,47.1281800020785,52.08970464769922,55.026592279545696,56.73865622338098,57.98339139778713,16.901960800285135,17.24275869600789,16.989700043360187,17.634279935629372
0.0,10.0,15.68201724066995,19.86771734266245,48.51802405105485,52.253196219475726,55.1316031204818,56.91315824081242,57.99219205790797,58.86067504919496,59.50158856463737,59.6308199761339,59.859762921262664,59.12704987049929,59.16140617102596,58.297442778275396,56.239642534268135,54.33382555352886,51.734543406423484,48.96818220919975,43.46079008652942,44.21817731364133,50.13195475262515,53.028502127023096,55.18894110116328,56.59058167854032,57.419784142159706,57.74845299595852,57.81756810334333,57.94188189349445,14.62397997898956,56.13999238301831,53.31407049219781,50.399254526339405,47.758288144646116,46.43294722499394,50.024684501283325,52.43856232806506,54.94891711949256,56.00189588879892,57.173392479602484,58.0251443907423,58.09336786927978,57.87699164607821,57.30467338365017,57.053179366572564,55.824292893967396,52.15097994830667,51.190743452862016,47.15878048308093,43.44490519241893,46.93463127219531,51.19338384193543,53.43497216287973,54.90065283056722,55.18567894325508,55.94812275994005,17.853298350107668,16.127838567197355,13.979400086720377,12.30448921378274,11.139433523068368,11.139433523068368,17.24275869600789,11.139433523068368,12.041199826559248,12.30448921378274,17.16003343634799,49.91589313007415,50.30052968297048,49.99060909335658,50.66743243953238,50.97760397088158,51.247943096807596,50.5032174332882,50.0059023922363,49.43202579829663,49.38839824311604,48.95560658453326,48.7360538699798,47.11317845065442,46.95455407884371,47.71418433211914,50.772843091798066,51.34065490394307,52.30755374041986,51.92336028131174,53.31374651574694,53.59607844797206,54.485579234862314,55.00451921483333,54.99026893261117,55.202083268859916,55.08137667044552,13.979400086720377,53.73867870327068,51.47295956858302,49.714103849485845,47.42332282357148,40.77912702949456,31.702617153949575,42.84611182369772,47.23824952641037,50.0881300905209,51.805731344701236,53.25706497548769,53.9299927169901,54.23999090057728,54.278527351421076,54.35442999454338,53.595053689627996,51.57641085059261,50.85233477420476,48.716896656855155,46.77762030201842,45.93119851103941,47.002882568309026,49.519443296839405,51.077524987401624,52.21448145397105,52.59101495011392,46.71404281293384,50.544598372394034,53.39320238717384,55.882403244298075,57.584516293497536,58.944988267470315,59.788576890509916,60.34534208908095,60.468668674344315,60.20853728673612,59.89166722047145,59.03390631834395,57.55035933767772,55.56063573091105,52.4863279478842,46.87439774545894,38.50094594386701,47.02783687936272,52.53434935241006,55.785807653534334,57.83807138047273,59.11767856453119,60.036005350433996,60.67132255808997,60.72301745087498,60.609247471397616,17.634279935629372,58.966849154079306,57.398965598994224,55.42202782434028,53.25616220858657,51.88787912637469,53.679017079022756,56.257341909969014,58.43686774116073,60.32613926376889,61.47940838743444,62.40141968691563,62.84820859582417,63.09488998778132,63.019759438361675,62.61224791990689,61.937302393801474,60.74272500916051,58.993963933685535,56.37462710351741,52.24504574854236,45.33238074060297,42.065560440990296,51.247552084166344,55.73896905185506,58.41437686480623,60.07171464987095,20.043213737826427,17.24275869600789,18.129133566428553,16.020599913279625,16.020599913279625,21.958996524092335,9.542425094393248,19.86771734266245,12.041199826559248,19.294189257142925,18.129133566428553,53.591712057167,56.32288198248273,58.922159654714136,60.74755752159268,61.8707491724783,62.80971970494392,63.25438690365238,63.39971885195348,63.31989793936623,62.6655271126321,62.19654982028236,60.957079610579456,58.65217717644776,55.985475839874866,51.92269087007983,46.345981705879694,48.40269238037621,53.52632021472142,57.744008950551844,59.524795608719785,61.118768812292856,62.12356493463568,62.584610392838044,62.38478926673872,62.71152226828529,61.85687745166885,37.42253669906594,60.22705851550274,58.6517565990098,56.80960664911411,53.20156675806917,51.32419798097615,52.281179241368456,54.45180598547125,56.73619838774741,58.293758275673504,59.7909335635108,60.63733311221299,60.93640528443209,61.109888084593855,60.89556476701267,60.530403930079906,59.68393745580581,57.72246872510405,56.385860888364135,53.51989455435632,49.36176832545681,42.93716034826109,48.18648102403464,52.58828770593979,54.87134131536432,56.44974971233583,57.68322068496425,13.010299956639813,22.30448921378274,22.04119982655925,14.14973347970818
10.0,13.979400086720377,16.532125137753436,3.0102999566398125,48.65962235166129,52.495334300361606,55.11660143074968,56.78420947756399,58.15915622809561,58.699383403083345,59.2769724422859,59.770707588169145,59.4611019712319,59.52880067761433,59.07951205747871,58.21123601953475,56.53170047349832,55.46953321712941,53.02861024519578,49.795529270332956,44.51018452155458,37.97475287537334,48.116085149545114,51.42342529740898,54.02716937651486,56.35267551082091,57.16727676975196,57.95709045386509,57.911851982534905,57.52019237650745,23.673559210260187,56.473017768451975,55.31430375534555,53.67886814976096,49.67622848123522,47.610930108207526,46.9890919885207,49.18544052873053,52.82381904493609,53.94329080403031,55.72724102826303,56.92545539450208,57.690699613756784,57.65295929698056,57.47793881068668,56.739723613818065,55.960216867234465,53.950116995780945,52.05466919011157,49.21842481405858,46.09146011529596,45.09068045017162,47.37709352440768,50.949111398137845,53.4028742327044,54.86027879145291,55.74952153127006,9.542425094393248,13.010299956639813,10.0,6.020599913279624,16.989700043360187,18.06179973983887,16.532125137753436,13.979400086720377,12.041199826559248,6.020599913279624,18.692317197309762,47.887338588277075,48.02978855335262,48.636796678758984,49.535132478679344,50.329610659055255,50.424416204305274,51.202645507216985,51.514464656630075,51.02930835735232,50.04858534620329,51.677661691407685,50.96635452125113,47.618451793558194,48.33332014395596,49.49316804776846,50.59521766040851,50.920781997051265,50.72106457460838,51.32368569778079,52.27886704613674,52.71493102185657,53.73136453124819,54.45350401526618,54.49783763591925,54.57980244974851,55.15202021598449,23.654879848908998,55.05520327845013,52.99953784459852,51.87354303407502,51.21264305229581,47.00885356129951,42.105057906809726,37.95254182580883,39.52162574214463,44.0024433123815,48.30627156889406,51.297221086958785,52.93552586033037,53.81472481664426,54.48353795580939,55.13835297515074,55.38095948219385,53.994746963406456,54.1709619419598,53.31704589534592,51.31775803048883,48.78429871597402,45.93839661081272,45.48168221764868,47.026459068848034,48.02807920361629,48.636142750621765,52.056725214108894,54.88997471540152,56.88875236365484,58.34357112718405,59.20375895297293,59.98804915965174,60.27137506101974,60.1013070149638,59.925605866573235,58.812031396766514,57.91405001217477,56.162864207171914,53.44244863665512,49.062595994867515,42.56621546069706,44.8725153193481,50.58463985602251,54.38311296463076,56.704954078897735,58.204957076304986,59.31076296950677,59.70485419178493,60.00316485332415,59.89567274879366,59.37580574341466,58.71505801505925,19.294189257142925,55.4109101230982,52.59445744395804,51.335197478968844,52.54407881528334,55.392693544882334,57.88850399125966,59.80595972334093,61.15504004949409,62.29299843272265,62.88675260246468,63.234173275876586,63.352076830244286,63.16515912900046,62.64856766149076,61.82807394313366,60.63626043102041,58.60831922772036,56.04288707967561,52.066585999835986,42.41372130158435,44.66941725717638,52.380988177567005,56.034312804172075,58.502619994767066,60.02498245585546,61.09031538178074,15.051499783199061,20.681858617461618,20.374264979406238,13.010299956639813,11.139433523068368,21.367205671564065,14.14973347970818,17.853298350107668,12.041199826559248,6.020599913279624,18.129133566428553,56.542458693878785,58.9470199224739,60.61550485879633,61.93372298272992,62.86018361439264,63.28580188926874,63.609266738897674,63.50838567346713,63.09695732427698,62.25284981235724,61.377515052074685,59.56593389106953,56.91460781302296,53.50187910920656,49.48510768837657,45.76168519607808,52.706741788062544,56.15983700288482,58.84446995964826,60.51245933969365,61.68351908602358,62.46857882207203,62.620032745636834,62.7592492345757,62.56708607902218,61.69447824849744,28.169038393756605,59.072893326827185,56.90186330451118,54.97430043131611,52.42044239369551,51.42780405457417,53.643858757853806,55.52713224692546,57.67341422368662,59.010101729835654,60.12888240769151,60.90645957573315,61.2253992130924,61.203027415127664,60.988485399310605,60.23526122995754,59.21072828748148,57.446058754142385,55.392392423736396,52.38853691809097,46.71033920344041,43.17938039636056,49.304650807842485,52.60495929961442,55.035523683588224,56.74358611033835,57.83143613690872,18.633228601204557,20.253058652647702,6.989700043360188,20.681858617461618
20.969100130080562,18.129133566428553,11.139433523068368,12.041199826559248,49.291173695805554,52.861532110737684,55.317981338753725,57.050302302741834,58.175627254452976,58.96900827766853,59.50776070884701,59.68613684202172,59.62400592381413,59.38440163946154,58.71808698114372,57.87842881998611,56.642479237070695,54.85126347771194,52.35793487648109,47.26123829629424,41.5454569242091,43.67169488534681,49.90702834607929,52.93877214600751,55.16910674802367,56.65337042245589,57.17139373990492,58.13512269872735,58.22380596198514,57.52965262802489,6.020599913279624,55.61370944351533,54.5419827063557,52.52467089585995,47.601585089980894,47.67638147621918,48.32617472757271,50.70643608188768,53.718986947787414,55.22920001296488,56.469651030589986,57.08142896702241,57.51266783397747,57.32487042692761,56.86283149774842,55.54616340600595,54.091212312452015,51.81514885522454,48.83712525616814,45.13004397077942,44.99494631035897,48.70497543589416,50.96562438374136,53.22072437010309,54.987101965211664,56.100487401679054,56.55578271464301,17.16003343634799,14.62397997898956,9.542425094393248,16.127838567197355,6.020599913279624,15.68201724066995,9.542425094393248,16.989700043360187,6.989700043360188,14.14973347970818,13.979400086720377,46.98943945885343,48.36476028894998,49.51725975424593,50.43759053664146,50.67714192039755,51.13087283074313,51.64144582470178,51.48000764736434,51.82220574747943,49.92871501114901,51.63501280189018,51.26316519529326,49.075457132835936,49.72619339059624,50.18442507704656,50.89438789045926,51.2038964596844,51.71065003715682,52.77125376889807,53.43408593803857,53.68950374098592,54.14185893345503,54.57482222488993,54.4107269843696,54.294373427010356,54.66657092145439,15.314789170422552,52.922316970025925,49.79097457744342,47.05213493876644,45.330217507521624,36.45422269349092,39.98782269831736,45.78065883836092,49.37768567049936,51.34103762374289,53.15789876441706,54.44720706759532,54.880329206911256,55.11201317433035,55.147203736481345,55.23586502561027,54.83230586902103,52.962811743995466,52.44665461277482,50.18588166601496,47.91950165906162,45.311850301844956,47.84374761667443,49.09839404843442,50.589495954304695,51.084094074901955,51.52710200264459,44.741288134302096,49.709462909496835,53.47915186501691,56.099719852088285,57.81715173633241,59.08280155145148,60.08065916539358,60.59884760204799,60.846924317059134,60.6147999861213,60.362523169809094,59.55060143112117,58.081218084504,56.28087373916573,53.735372311927854,49.988040449818776,44.86246236573056,46.90098574403984,52.31482333626407,55.16416372803973,57.30467338365017,58.65045314262598,59.55842106632409,60.02689923993301,60.09189475543152,59.944693710673,17.634279935629372,58.05339072023129,55.912527605383396,53.34715053464358,50.42023927248867,49.9915229898292,53.409396020380775,56.62634134551844,58.887690149758456,60.679222355248555,61.819661445537065,62.78589223673961,63.30167332646067,63.46086838646036,63.45061867720779,63.010239154986735,62.3464886796511,61.169081267088984,59.64254443152517,57.314727229588975,53.517132266078555,47.97634492739563,43.28705711568874,50.86338471404504,55.208619835012065,57.78745103797598,59.66525151104826,15.68201724066995,17.853298350107668,17.16003343634799,19.030899869919434,19.030899869919434,19.030899869919434,10.0,20.253058652647702,6.020599913279624,19.294189257142925,16.532125137753436,53.63209459998599,56.881037755967334,59.152019038080525,60.86431020656369,61.97397732891518,62.90852096837809,63.485229292871104,63.594939812662325,63.53662578099669,62.987452532401164,62.29067202070865,61.188151009729935,59.39801202894412,57.00393890670807,53.63931473001837,48.03955312448294,48.54384997256603,53.33023857758089,56.61748340847625,59.1860167696984,60.55942242096161,61.603562663431916,62.09727552357309,62.36012213719994,62.357124780719005,61.65864896934377,32.11921084308509,60.034713031684454,59.31779658246218,56.19215458776311,53.09351192661523,51.4888016912823,51.076033707891135,54.54042579439265,57.13339311723815,58.809564288161695,59.98503451440391,60.61876387839155,61.3772430671353,61.33638848467872,61.28301670748029,60.57590419030002,59.59645166731471,58.30062321090957,56.29300502045206,53.227566600777585,48.35062451008234,42.68297087223766,47.9607453770266,51.987367919182745,55.10944270314533,56.7355261530204,57.94184701418562,19.138138523837167,17.16003343634799,17.24275869600789,19.084850188786497
6.989700043360188,0.0,0.0,19.294189257142925,48.80041462158636,52.43439895323497,55.06767423931582,56.81074725907454,58.05041853907214,58.88556879569844,59.354447874146075,59.5738313901965,59.73242880201629,59.37286139603711,58.97440689484452,58.084763315458844,56.910929906026524,55.07847779176672,52.89029002831367,48.54925153269208,42.895220642581656,41.982720984693465,49.26959488380276,52.20696341623429,54.78498676874804,56.29576760109078,57.096031880473966,57.921457531610784,58.114275351781345,57.63560508039424,16.127838567197355,56.04253060607995,55.041132209136265,52.839612164895115,48.676442339030984,47.42143588564295,47.94655318897174,49.96730515435153,53.368858138234046,54.74095286013099,56.0819751426681,57.00885356129951,57.56608726294484,57.53494965540247,57.19454761562702,56.19261378426288,55.05478289394861,52.74864158175863,50.839789358110465,47.110391561194014,44.56259724266473,46.86939990450078,49.70500293646201,52.57913654103346,54.333729490160756,55.48610501897818,56.249191437932026,18.129133566428553,17.16003343634799,3.0102999566398125,10.0,9.542425094393248,13.979400086720377,19.294189257142925,6.989700043360188,13.010299956639813,12.30448921378274,15.314789170422552,47.42332282357148,48.2865989653532,48.76367969647017,49.915848851134506,50.33476028528587,50.93036252945163,51.146376681731915,51.17933835039642,51.37316124769379,50.18821119270242,51.57263302315105,51.24442271503,48.70550206268082,48.64914336744156,49.34629729731883,50.751745493515,51.14574291136045,51.696656187904125,51.694775170932836,52.80077322611945,53.26878390021045,53.642601176423774,54.30534596615422,54.18307921719237,54.2565158152638,54.90857058784643,21.64352855784437,53.89920569223908,51.43046043337588,49.686743695207795,48.8820758450285,41.79580513395409,35.954962218255744,41.02605194126567,46.020708485542954,48.73814497991474,51.41198844904737,53.1104357980709,54.07350107769621,54.73075107457163,54.912299845699266,55.44112712342671,55.20364298281458,53.451089557095386,53.41758887678681,51.88039308395617,49.97443179760522,46.69177363142873,45.455792385618764,47.11579480965868,48.78946690648084,50.00941397977936,50.89753258368234,49.41635640981282,53.05594248432126,55.64194829929511,57.54906137502776,58.7983933781958,59.79921507316984,60.34856571738095,60.624435895655566,60.572102738929615,59.956321238176294,59.453671394259395,58.22223670736058,56.22040892570528,53.475739324713,49.513472344474636,43.80826056836341,45.899161068864274,51.29448192268063,54.73098486003158,56.999634016932305,58.47699104325049,59.473523453199384,60.019261612430974,60.11595815464625,59.92564562820931,59.47886896648771,16.989700043360187,56.860899300234564,54.26395759459277,51.48584147544633,50.285915843552786,52.676620868565394,55.830320545338914,58.338206704791354,60.23766721957749,61.59688081103697,62.44513629339666,63.07522779360954,63.307109807026634,63.340677411776866,63.09196721163346,62.49143791896102,61.5420479235874,59.939297670373236,57.91755893532272,54.906887167131885,50.024684501283325,42.00303182981585,48.38351570159206,53.96927792440792,56.95308274322105,59.12923165600507,60.4972066021077,13.979400086720377,23.117538610557542,21.73186268412274,16.989700043360187,6.989700043360188,19.294189257142925,6.020599913279624,11.139433523068368,18.633228601204557,18.633228601204557,12.041199826559248,55.138805252998395,57.913038916259254,59.966832546228844,61.45410547225478,62.41007511571364,63.112572103687924,63.44027588365245,63.55505540164995,63.276067691670605,62.61613494376078,61.83583276928921,60.44866534174296,58.401060944567575,55.33441574084827,51.57471879022413,46.23352681537992,50.157326860641405,54.65183506182221,57.816498390392105,59.64712079235717,61.08855132940373,61.93414587958547,62.37379087209868,62.39681790323117,62.187520733064055,62.036881879309774,33.18063334962761,60.55046749442898,57.948120781296936,54.80527209357919,53.068494635758455,51.076338783998295,52.189134447431,54.83515978390542,57.37780848436633,58.94427391769601,60.08309267363798,60.87986098259205,61.2273868346398,61.418139890021166,61.13769933967482,60.48830474637633,59.533271142339295,57.941700518029535,55.98243191653623,52.970554412243835,48.07622960416576,42.73811199399403,48.34528786954192,52.51114805366797,55.29801091782279,56.69860570664059,57.892174731948586,18.692317197309762,23.443922736851107,14.14973347970818,21.13943352306837
-inf,10.0,12.30448921378274,12.30448921378274,16.127838567197355,16.532125137753436,22.55272505103306,14.62397997898956,20.0,6.020599913279624,-inf,16.989700043360187,16.989700043360187,12.552725051033061,13.010299956639813,17.24275869600789,18.573324964312683,16.127838567197355,12.30448921378274,14.62397997898956,13.010299956639813,3.0102999566398125,14.62397997898956,13.979400086720377,16.532125137753436,13.010299956639813,10.0,12.30448921378274,16.901960800285135,0.0,14.62397997898956,6.020599913279624,6.989700043360188,17.24275869600789,15.314789170422552,17.24275869600789,16.901960800285135,14.14973347970818,0.0,6.989700043360188,15.314789170422552,14.62397997898956,6.989700043360188,9.030899869919436,15.051499783199061,10.0,16.127838567197355,20.0,14.62397997898956,3.0102999566398125,15.68201724066995,17.634279935629372,9.030899869919436,13.979400086720377,17.16003343634799,10.0,15.314789170422552,14.62397997898956,6.989700043360188,16.532125137753436,-inf,9.030899869919436,12.552725051033061,12.30448921378274,11.139433523068368,13.010299956639813,9.030899869919436,6.989700043360188,35.47528576459782,34.452927694259714,30.809870469108873,26.90196080028514,25.2244423350632,12.30448921378274,22.671717284030137,27.24275869600789,33.43408593803857,33.18272080211627,37.42332282357148,36.03469159733839,39.28856533581911,37.39730528564718,37.907072873276796,37.546540692554316,35.269850685599955,36.24488362513449,33.37059726320525,32.789821168654434,25.95496221825574,28.432327780980096,27.85329835010767,28.87617300335736,28.382192219076256,34.831592097169796,20.681858617461618,37.4795530690673,36.15002614524588,35.848963441374494,34.47313108823568,36.15844882874702,33.51216345339342,30.881360887005513,31.705550585212087,25.118833609788744,18.06179973983887,6.989700043360188,25.563025007672874,28.356905714924252,33.00378064870703,32.94466226161593,34.6686762035411,33.490831687795904,35.5303301620244,35.35800290824898,34.26348573787508,34.71291711058939,31.10252917353403,33.36259552014193,31.089031276673133,27.3559889969818,20.969100130080562,54.703707939991915,57.706296548416745,59.929818575440734,61.82062965529116,63.160519515832775,64.04795585942341,64.8046027077911,65.11692229354796,65.14759137543,64.76838147226408,64.08270161300274,62.93155856502969,61.12481665836903,58.26433757516032,53.54156477915428,43.9292546917228,50.546819847184324,56.89746485550575,60.25846348350869,62.4118425149457,63.97436978169526,64.91896107485287,65.38799869965,65.4626546554269,65.24433772310284,64.68843531108482,26.483600109809316,62.16629254480118,59.96730515435153,57.48126756141332,55.847799895882616,57.33993677532843,60.087134141850534,62.48935988755424,64.4601573185569,65.89034610129048,66.7819823064728,67.4240184250863,67.75697007047658,67.76495244724502,67.49620385199933,66.86695332869795,65.95317396778185,64.4765470419999,62.481523452389204,59.139541809753844,53.75612409908826,43.33326340403454,53.63987829748491,59.03361336255318,62.27951715430394,64.27188200375011,65.57599224088875,65.92834808976926,65.97418948217033,26.665179805548807,18.692317197309762,17.634279935629372,19.86771734266245,19.294189257142925,18.692317197309762,19.54242509439325,23.180633349627616,22.278867046136735,19.030899869919434,12.552725051033061,19.294189257142925,19.49390006644913,24.14973347970818,16.532125137753436,14.62397997898956,21.958996524092335,14.62397997898956,20.170333392987803,9.030899869919436,13.979400086720377,19.138138523837167,6.989700043360188,23.979400086720375,17.853298350107668,23.820170425748685,17.16003343634799,27.39572344450092,25.58708570533166,32.98634783124435,31.15943176939055,35.26468512469477,33.287872003545345,26.702458530741243,35.88831725594207,33.13023110323238,35.428254269591804,33.23252100171687,27.458551951737288,18.692317197309762,30.253058652647702,29.845273133437928,26.364878963533656,28.457180179666587,24.955443375464483,25.95496221825574,13.979400086720377,10.0,24.232458739368077,20.170333392987803,20.170333392987803,11.139433523068368,11.139433523068368,15.68201724066995,15.563025007672874,13.010299956639813,17.16003343634799,20.043213737826427,13.979400086720377,23.443922736851107,12.552725051033061,22.671717284030137,6.989700043360188,15.051499783199061,19.912260756924947,15.563025007672874
15.563025007672874,13.010299956639813,21.072099696478684,16.989700043360187,49.91726555333173,53.01029995663981,55.07537452205705,56.77993631074864,58.08780652847017,58.95325288548577,59.34273165683158,59.55970935320062,59.633741064709234,59.63153861378846,58.579894728526554,57.69155690714399,57.22444700009176,55.55152511925512,53.11724200907608,48.0837304326392,42.96358004741391,43.750414416729264,48.19418893373478,51.93872833014511,54.52366130846261,56.180993718287134,57.0780344028168,58.00021788275923,58.12122220533353,57.342588241236925,3.0102999566398125,55.741933740763265,55.42418318454245,53.244964624003586,49.06383533518843,47.61702367541413,47.08293397717032,49.82569707906894,52.69480254155659,55.22607226370647,56.445272119519544,57.13782774500403,57.61363941589214,57.692007657333406,57.40363479119857,55.92187864529584,54.27299432712826,53.766681858105294,49.23622177298423,44.52215913750055,41.99864833732256,45.68905414982879,48.45160077651946,51.36796641278326,53.84708161113352,55.90306714703341,56.594265112804855,14.62397997898956,13.979400086720377,16.989700043360187,16.532125137753436,16.127838567197355,11.139433523068368,6.020599913279624,0.0,9.030899869919436,15.314789170422552,6.020599913279624,44.902394852462876,46.36136708051051,49.35245199380724,49.84405783895757,50.49373100151531,50.80110365485724,51.09730371580606,51.3803730264463,51.331938904475685,50.27859044175579,51.26043694957068,50.8036669825053,50.17304688562155,50.3181227133037,50.55397446028373,49.32904801066704,49.67622848123522,50.3074540676715,52.506005141807165,52.790392270610546,53.68249684638123,54.12443746544761,54.09682951744537,54.6862052500842,54.59769315966737,54.51763415772071,16.532125137753436,53.37469244957095,51.81386195083218,49.950601415529434,47.78158488564691,43.07175012040345,39.6815593714997,40.63333358951749,46.17262517091375,48.89038244021797,51.400080967575896,53.06455051810338,54.328410669343235,54.982347179735676,55.143152698517426,55.20865910326856,54.641555756646554,54.112037287600685,52.73845876839655,51.05612359686785,48.787572617331705,45.973440990172215,47.18676035972396,47.78563634290096,49.33335410077652,49.560146706996726,50.54708787938054,49.43420313471449,52.88546555108212,55.7571537700626,57.43948541033823,58.94055075223113,59.69418242253751,60.27020806013026,60.49940211974093,60.454113937077054,60.01807242502303,59.21054598665319,58.01507983061296,56.36820761294405,53.71189817214208,49.646272809377024,43.17331935445897,45.96201102454085,51.270788695620354,54.85834952683221,56.90594738870025,58.450434395615744,59.39020775974517,59.93641645087196,60.108920424925685,59.80511040126829,59.23862370113759,25.68201724066995,56.551883950196085,54.41302286693167,51.73186268412274,50.371714244544556,53.23726367155352,56.05198345308316,58.45851817051582,60.29325732581257,61.532787513343706,62.48948964064284,63.08566547681213,63.466478815424985,63.51447069482837,63.118091506385056,62.57391029538809,61.465974403712806,60.21354713081423,58.00217214637394,55.13627721392119,49.799351524331115,41.74117981254267,48.42209704640431,54.0040845880037,57.15110452338634,58.97996908708696,60.355065834966155,18.633228601204557,18.633228601204557,15.314789170422552,21.702617153949575,18.129133566428553,22.85557309007774,15.68201724066995,22.671717284030137,6.989700043360188,12.30448921378274,6.989700043360188,55.57840313931612,58.04930259584325,59.9296199545622,61.320162114067244,62.43799010063854,63.14879674192304,63.466646938170975,63.516374744467385,63.25905040236124,62.786075162946176,61.703110108896986,60.29586671630457,58.4608772333656,55.568871981740024,51.407907766253025,46.87181029584924,50.9716356695494,55.07155310575973,57.63936868156249,59.7758872448031,60.981312675485995,61.984838843683214,62.529039787406695,62.86709023647883,62.93352387902282,61.95536851189434,35.09605704611556,59.76977807389104,58.751336397741525,55.83880862801805,53.11391444727407,51.99233930536902,51.28741657637846,54.482996546610735,57.13874266324858,59.17413599544393,60.181031411146826,61.02930835735232,61.36309536471411,61.47635520280447,61.23846742881398,60.46871545823657,59.267276863365595,58.274965698913384,55.56109438091557,52.623419090887495,47.57775491011926,43.76595204340475,47.433215819500525,52.09493567371985,55.005452027986045,57.0448426317994,58.129908545892455,3.0102999566398125,21.84691430817599,16.901960800285135,18.573324964312683
17.16003343634799,18.129133566428553,12.30448921378274,20.253058652647702,48.33338388939397,52.09734786996985,55.20264692761454,56.847062574587824,58.20257303143215,58.90410398857483,59.521606347461066,59.899594585572096,59.98920305805683,59.42028402344142,59.33299457897944,58.58840255820446,56.65290113306359,54.907111660932514,52.271794368134266,50.07427698525323,44.48598119190078,42.30474467361159,48.870600108870846,52.183726799095275,54.549012384395695,56.130380035027045,57.170419020675226,57.76435296960539,57.93223057513507,58.28278271445028,14.62397997898956,56.83149743045891,54.93303266794467,52.83574838498632,50.96221545138104,47.090069296020644,48.02281017519839,49.82348132545462,52.82189188531753,54.04000234610202,55.66180492974628,56.763872096680984,57.21880657061243,57.23879907574148,56.906390117159674,56.75438286101666,55.73122352279861,52.73059174134606,51.998045260952864,48.60338006570994,43.63987829748491,44.48551739201578,49.574923537985114,52.262440761624944,54.0972522057521,54.609879983425,55.769457162368575,15.563025007672874,12.041199826559248,10.0,15.314789170422552,18.06179973983887,14.62397997898956,11.139433523068368,6.989700043360188,16.020599913279625,12.552725051033061,11.139433523068368,46.58755264064613,46.93814853889417,46.19635859719037,48.14207628143024,49.22632051286393,50.40289757121543,50.68668143285899,51.0824696585243,51.04685093536468,51.23283094243714,51.353648493453335,51.26537252055469,50.46171176112058,49.97980183998594,49.86950787858517,51.580396672144545,51.55351222321339,51.78116134152993,49.99256720750914,51.46034962602502,51.64902812078488,52.62197083718354,53.767593954048806,53.87576675157337,54.27128918952586,54.6151803508109,16.989700043360187,53.98330697921948,52.85649558659106,51.5275908459267,50.250476701108724,46.67947673318739,41.165081237373464,32.69746373130767,40.90187487575421,46.85347560655245,49.91407732325726,52.161606220778225,53.4145035279018,54.526526255064326,54.99336481983971,55.699412822991576,55.72790309529182,54.74595013522642,54.4913422138858,53.4514034486591,51.86074427125899,50.07030472074965,46.037612606082874,44.018311749089484,45.36166896094166,48.21912921825042,49.33148020981487,52.2284647997415,54.98267811594509,56.80463334940603,58.22049024503268,59.33175881234081,60.00812672733947,60.31626566705107,60.294040713457306,59.92198603298502,59.141828458933,58.094317640810644,56.39312138830473,53.694014136966246,50.172212145372185,45.56423121371285,46.772053183818144,51.311372737786066,54.401925347876876,56.63045692383906,58.23334006364938,59.18272068719802,59.69863955079405,60.00349466416564,59.77678344873966,59.2121187305771,58.21556104208141,16.127838567197355,54.22401046496141,51.03998596797865,48.91314399382143,51.83284082612722,54.85813668780779,57.80597388565443,59.819385989741285,61.22839830586605,62.48446561109603,63.093136984233816,63.451952704311196,63.51032529269587,63.29741517458709,62.8353753822077,62.064815409550064,60.6960631468211,59.04452617487766,56.23113810751454,52.46005904076029,45.694324359249386,44.93931821773546,51.67080919673256,55.61857161641889,58.12780375359453,59.76464613947031,60.79740040546258,19.030899869919434,19.86771734266245,13.979400086720377,16.989700043360187,13.979400086720377,14.14973347970818,20.253058652647702,21.958996524092335,12.30448921378274,16.989700043360187,-inf,56.44923822102775,58.9968920969211,60.91424951230121,61.9914525634499,62.96928757725786,63.32722173617884,63.563825209223495,63.52739794531178,63.13051837023697,62.210209776919044,61.29245382828352,59.790281845718155,57.0205984927033,53.736272634509696,48.9416647122255,47.13230056306944,52.19353958902634,55.88459953710368,58.6092764758091,60.222687293458996,61.32952534478009,62.002223955990694,62.44431756545653,62.27071058806966,62.02108892946892,61.16321108028841,32.58397804095509,59.93867224692535,57.72176428529068,55.27301156025223,52.39201845762534,50.974447344889214,53.261821918293464,55.527862016659874,57.74681163690435,59.02070914607491,59.97164811483999,60.821316422182036,61.122151008836425,61.081850189766314,60.75529443278607,60.4563587107822,59.530528448168766,57.54275692354617,56.06624244096107,53.10264115074859,48.75159692319408,42.668194549091254,49.014583213961124,52.66720767104082,55.1293241743908,56.72845678680098,57.84024993322423,13.979400086720377,19.138138523837167,16.532125137753436,19.54242509439325
11.139433523068368,19.138138523837167,15.314789170422552,17.853298350107668,49.141632658801356,52.48916892312752,54.838681782467646,56.613364983752696,58.01952234854282,58.84288296780771,59.42271031757259,59.61753214186783,59.70776773019491,59.50077501772212,58.785551131119895,57.94837154356877,57.16372337144382,55.5221300245377,53.14290767123195,48.135075992755134,42.27989484044257,42.52488944484988,48.941498467679224,52.11197991546975,54.69151654840336,56.34229319015857,56.95258342678934,57.98115215007427,58.11907971343061,57.380357550104854,13.010299956639813,55.47283539653223,54.84951503867628,52.77370802564447,47.73735262480932,47.23307871828162,47.6903004711708,50.312993719370255,53.616674082337326,55.398448472480304,56.65918540181035,57.394093545552266,57.99795975105434,58.01225290173022,57.69927231845436,56.345276494290324,55.16508932026517,53.843193575188586,50.61697454611219,46.92688324386456,44.44934344191361,46.19145526346042,48.22233480238844,51.56649082078704,53.83465276880248,55.52002274198294,56.23378525477534,17.634279935629372,17.634279935629372,11.139433523068368,6.020599913279624,13.979400086720377,15.314789170422552,16.901960800285135,9.542425094393248,20.5307844348342,16.020599913279625,0.0,47.61363941589214,48.48718571793002,49.92204351423268,50.79021975536215,50.748529958812476,50.973545030174606,51.364542027408675,51.07982868534863,51.04121631237788,49.515026553198744,50.96270260557289,50.421658303646225,48.6118181419547,49.29096917515803,49.59713789356144,49.745715595362626,50.02964774402061,50.67847945720296,52.2481783739504,53.118237662484276,53.6710421825076,54.26395759459277,54.66792019854295,54.919119184635576,54.918797362198084,55.31325609581028,16.127838567197355,54.52856274139083,52.60560290543757,51.20037311932915,49.87496445820455,44.82830723485827,40.222221045077056,38.82695262381597,44.64802412891318,47.4069420599023,50.560239407672924,52.34610915002839,53.541026741381394,54.186409690157944,54.659550885856596,54.73441713491701,54.523201515389076,53.41167336459214,52.88305130120162,50.9199387409048,48.79239282004893,45.27578349505393,46.55618583541222,47.81669225054163,49.08940521045363,50.37808827492338,50.95172839726837,49.311780827323346,52.76084792456494,55.55336327995267,57.331852235029814,58.600102152002094,59.50774125214602,60.10545874110679,60.368946597320495,60.25345605488707,59.775612859682695,59.147978438103976,57.91427466819212,55.9717393920894,53.01572524756275,48.45903838898782,39.476297473843545,45.188954250066956,51.436049146706154,55.10075611353949,57.34832620383607,58.78922012167608,59.763852897906645,60.37767424710296,60.550957186471344,60.371714244544556,59.99748470670208,14.62397997898956,57.538227355540855,55.499468879767335,53.11435968289161,51.471226710400266,52.99223923366583,55.68770629186864,58.06389606185979,60.00642280662677,61.27437845799803,62.237035635225354,62.862718441261805,63.21658279038233,63.187993412050005,63.01722793925162,62.25890278811725,61.400316920671905,59.78757366292871,57.72161017384906,54.53552245552552,48.983356773258144,38.421722293856156,48.80224609766428,54.411057288794915,57.457031264995244,59.35519861189685,60.683465580897945,21.64352855784437,0.0,13.979400086720377,22.14843848047698,16.127838567197355,6.989700043360188,20.170333392987803,23.010299956639813,12.041199826559248,17.16003343634799,20.170333392987803,55.320622679610366,58.1059338371916,59.804442635743335,61.40640008284996,62.402109159418515,63.15114551124854,63.389138556398485,63.450279219621,63.16149271488971,62.550340602418274,61.67211554911523,60.083659302057754,58.20524596253128,55.08913344610781,50.61199821143188,46.294197936892125,51.23685075055211,55.13433361512228,58.11248492091651,59.89710049389782,61.2142129429563,61.95656434731693,62.129505461277304,62.57975041600697,62.58772290451522,62.089884484951064,35.19171463821659,59.28578647661606,57.94982010881557,55.179674379599454,53.128477517635694,52.9503242383295,52.63494041721883,55.29616404048538,57.09653192437252,58.7790380765029,59.89515668804459,60.693339241556274,61.11816792847981,61.29672494297395,61.062929121756575,60.24493877347127,59.284173615922654,57.98010124079046,55.701563391684005,52.52741410233778,47.91339703965139,43.51351738992801,47.51356099725393,52.175102642940274,54.91081413423188,56.56245817872514,57.846008903968965,9.030899869919436,11.139433523068368,16.127838567197355,19.294189257142925
18.129133566428553,16.989700043360187,18.633228601204557,10.0,48.21958730372928,52.16814878810712,55.21870011498159,56.95569227036185,58.071079648623034,58.861437150085784,59.507269400458355,59.82306065679222,59.91816403427268,59.41900831092558,59.24408004277795,58.37768304947873,56.772418459466536,55.074308104540115,52.81910165702457,49.72003702510512,44.52399845911441,41.107580088798876,48.60104323232677,51.998045260952864,54.48149571685946,56.04836013554067,56.994257743046354,57.605800373873166,57.81615372875812,57.74208105396536,16.127838567197355,56.396149656489705,54.49603346941869,52.42034289782914,49.47713031435579,47.46696458916454,48.12913356642856,50.49996727620201,53.429159170840855,54.70116353151003,56.2237568723872,57.19246740515857,57.75737113924973,57.79649151681599,57.418415078645,57.16891069057322,56.21510705191095,53.68898372347384,52.75873154694294,49.51011918804305,45.64204307013506,44.09070437559028,47.35127626177673,51.138932385138425,53.25640843635271,54.09439403154177,55.26930859030534,12.30448921378274,17.853298350107668,18.633228601204557,13.979400086720377,13.010299956639813,6.020599913279624,11.139433523068368,15.314789170422552,14.62397997898956,16.532125137753436,17.24275869600789,48.643746009670394,48.9768206179642,48.31895357885227,49.35371212601676,49.917309817829675,50.66586796470695,51.023650913385275,50.785474376638255,51.027971808281464,50.59374059065958,50.973996210965666,50.455146520656065,48.93173429954196,48.22508056398281,47.70888814699825,50.181718686469154,49.913146981766104,50.93130890716153,50.12284518034346,51.94960894408144,52.445269847662416,53.35347557820738,54.59200933718336,54.81066937489509,55.093235163214885,55.7259514501174,13.010299956639813,55.281515141046775,53.736070537523155,52.42593600130917,51.91207808542305,48.006689733813786,44.2255701211936,39.49633923799262,39.238654751855016,44.60672371877432,48.386476320849575,50.63547262925005,52.46897239637312,53.50825401122708,54.04806358625542,54.810195945755865,54.71897246893175,53.64205673719109,53.49875606293132,52.29067202070865,50.37095670664725,48.098356900904676,43.98113691730502,44.147227211588785,46.47480773173676,48.48324620369303,50.00173683058465,52.30931486455481,54.77782326591759,56.74457876873811,58.141656582156784,59.08704791333004,59.716139656715214,60.03884709878485,60.00708190867775,59.57692030856914,58.624563819785,57.45931599330879,55.52211784665133,52.44890391479025,47.0835290350362,35.98243191653623,45.13164309131998,51.44290811955439,54.816976836841185,57.17559003133707,58.67820908045573,59.69675386356242,60.2593513615231,60.61317495069908,60.49630793971367,59.92222037483843,59.35421103732476,3.0102999566398125,56.352313403449166,53.763141111228556,52.137832993353044,52.76748941031243,55.09863544977469,57.499727176068404,59.351463794392586,60.828776032340855,61.9541834242174,62.58003094716521,62.99511221061437,63.04462306332191,62.85555508819662,62.300092951128335,61.446131211423605,60.118346612132044,58.187667747080944,55.17524464590112,50.23992804606471,40.07278247334244,46.37459708119002,53.19033150039683,56.498185452227226,58.8779334518506,60.51183790524441,61.43028859919811,15.68201724066995,6.989700043360188,9.542425094393248,18.129133566428553,18.129133566428553,21.613680022349747,6.020599913279624,23.443922736851107,-inf,20.863598306747484,18.325089127062363,56.14840290210189,58.618073272598124,60.60476104748555,61.7645157396565,62.55065924825597,63.064906493144335,63.39813037164791,63.26536573311191,62.95570618283271,61.96895726848342,61.14165787737815,59.5137297987295,56.79431530860359,53.259198042479866,48.567651304131026,47.546693502843354,52.209888644240614,56.14640991048914,58.72343940682268,60.55886494929638,61.527642782291814,62.15654744556755,62.82580878998016,62.70117966455751,62.3295674273383,61.72872822059438,32.17220655644519,59.773842659026585,56.9290417542437,55.92347775765848,52.291722647408754,51.499730829633805,54.067257803714114,55.32825694224799,57.27971272123508,59.30747875186603,60.027123672826825,60.89051219319092,61.19543563575864,61.25240466434249,60.97329859625843,60.52909689216591,59.592651633564905,57.721316613116215,56.11728617198385,53.0999192878118,47.98961237880703,41.660154563237754,48.16506437046357,52.57133565372455,55.17207778183641,56.64578988888611,57.859423987848764,21.613680022349747,9.542425094393248,6.989700043360188,15.314789170422552
0.0,13.979400086720377,19.294189257142925,11.139433523068368,48.709712779631374,52.32579394186156,55.41964696392887,56.94785021031139,58.28263438025067,58.86696543259574,59.6526239449669,59.87843610305548,59.92041605863364,59.46242436341352,59.271449436993294,58.47109740837239,56.32534223320686,54.44510085270138,51.57798145943104,49.26759045955735,42.78136006715478,42.4445030913543,49.53092520597549,52.588527006423035,55.021333939066906,56.59567293926067,57.5427033920557,57.8544159806099,57.986023110963544,58.17413306821465,18.129133566428553,56.63612361736867,54.36488643225231,51.867671022400486,50.18471643392513,46.75741690804245,48.53266135453093,51.234105918624955,54.09165247635058,55.02964875047279,56.540696402797934,57.33802126584407,57.634017853465316,57.459690168716406,56.7943970780771,56.80734264688429,55.4603033808492,52.13172309046819,51.17490045408968,47.11182745486049,41.960379407345236,46.422864130952384,51.22314197968806,53.64937279940831,55.024107312041934,55.401216646075405,56.25626223408224,17.16003343634799,15.68201724066995,15.051499783199061,6.020599913279624,10.0,9.030899869919436,9.542425094393248,14.14973347970818,16.127838567197355,14.62397997898956,18.129133566428553,47.594638672127104,48.1308036086791,47.79805652509992,48.82370828568111,49.84027474650943,50.44904132647613,50.50557614282048,50.69286904697738,50.53454925025864,51.141170353653024,50.786090482001505,50.6805221211227,50.075856338824465,49.965992227001664,49.066582176716,51.50931350113743,51.36431998330211,52.00940738827741,50.711526638092366,52.04730280256104,52.733369966662885,53.505368056802816,54.37093869808639,54.40940551539664,54.639437283324106,54.56745495347945,13.979400086720377,53.591522114468944,52.23519303456159,50.59658066366697,48.491736330988275,43.927848582254356,34.86430478854434,39.150831016512,45.16006230386048,49.357490330318676,51.60990451242708,53.48164619766874,54.16074390922394,54.8953803632945,55.17070475659317,55.510716554419844,55.10648209904376,54.13214238214231,53.11671231318559,51.5971153306165,49.696628121964174,47.79632560730201,44.632956099620024,45.54004321011903,48.07873132003333,50.36616920165392,50.77371539532397,49.834684151640644,53.11397805515696,55.68887836598995,57.452387927010605,58.933511236457285,59.83908058679156,60.4671557235113,60.65920145812888,60.66377366640256,60.22565690463757,59.43718035945538,58.17836305939381,56.321707050170716,53.533429454226244,49.47281741246235,43.979400086720375,45.95430080573792,51.53436787432771,54.626569997745904,56.91888300001213,58.44538059688433,59.43625575898277,60.0129617004385,60.215605655174286,59.97561989113164,59.31002996413693,16.127838567197355,56.605714236961155,54.51445618525642,51.514066273337235,50.73072842771833,52.64520323828514,55.689054149828785,58.30245331310451,60.069561119232716,61.64049338535555,62.63086640430582,63.130315595500335,63.39436533917345,63.40622753587587,63.032626009294376,62.55881296851524,61.41943992014543,60.15284711558945,57.786034050126204,54.723468203205535,49.38159331413048,42.01178556383325,48.20936706380719,53.82897353107809,56.99519473409527,59.18672910739123,60.459489287982876,21.958996524092335,17.24275869600789,6.989700043360188,15.051499783199061,17.16003343634799,13.979400086720377,17.16003343634799,15.314789170422552,21.13943352306837,21.73186268412274,15.563025007672874,54.97975397326584,57.66615074164339,60.087078804671464,61.30179647034929,62.53309164500551,62.91478964334985,63.3919874158436,63.43566526160977,63.25641459186801,62.579764802661025,61.75290260877186,60.50360032733826,57.98899827217858,55.019488596712804,50.56638097379653,47.2969922631617,50.47948183246032,54.778068984850194,58.02582867359562,59.75908122217432,60.931950223706366,61.926022958478484,62.41976826460455,62.742317654381246,62.50489532656946,61.435783923461706,31.702617153949575,59.60546879428199,57.854608155600545,54.91480758256708,54.14388326931075,50.935407495846704,52.27889274395905,55.151556049752784,56.98943945885343,58.790912898379666,59.94556894482204,60.900636176506936,61.07996415894512,61.189736381704556,60.86145122221863,60.72362042165312,59.744679387032534,57.80785204968299,56.43339152865025,53.91917337097202,49.52351630801023,43.00421557383072,47.55097000942886,52.330595990965875,54.855652794828586,56.501986929826835,57.627843116842925,15.314789170422552,10.0,14.14973347970818,21.13943352306837
16.901960800285135,16.532125137753436,14.14973347970818,21.13943352306837,49.900367863183995,53.034660571070866,55.038900556910875,56.766140578763775,58.09063864641157,58.8958628227591,59.310274313006815,59.52572092851034,59.49450998777856,59.497845961376996,58.47962978587346,57.627520650361824,57.12752371519024,55.37039182785165,52.95991291897412,47.43149009409141,42.28836487527934,44.327288399232216,48.80264663012131,52.08011148892835,54.436227941570046,56.361477497211595,56.83577418497454,57.75372303436741,57.89237935502265,57.15793662419284,18.573324964312683,55.21619203763056,54.61093156210612,52.41725739483137,48.1125989403922,47.12464497828986,48.12893311819576,50.97482903699441,53.678253762566506,55.81864360429038,56.90196966342879,57.55011504493219,58.097280132159064,58.003664776479525,57.603817664068934,55.832452625345745,54.481573091897445,53.435759766503324,48.81960670704853,45.030003380130296,44.973858325374465,48.0455511972865,50.12077599531015,52.652636900196285,54.693742410765374,56.45268961887865,56.891605164532805,18.573324964312683,20.170333392987803,12.552725051033061,21.13943352306837,17.853298350107668,12.30448921378274,6.989700043360188,19.138138523837167,13.010299956639813,19.294189257142925,16.989700043360187,46.48106191733716,48.47751522020542,50.54283570473548,51.079998026683946,51.32675849092962,51.012313867907,51.345914347108774,51.04002014891893,50.749480250975985,49.14750282615469,49.95604485821234,49.580475830043504,49.82244088786182,50.39211797914312,50.80258407088938,49.94901978241279,51.1041461056314,51.27836648193957,53.33842091351802,53.773007859186876,54.21794711321395,54.701663706378056,54.58905141096519,54.783529029344606,54.770401788490574,54.53309164714582,16.532125137753436,53.01003937213306,51.04708981840269,49.06189534168935,45.94315188234234,42.11440935578669,40.05952286887383,43.867129388585965,48.22096127032932,50.65243501186464,52.36355847718117,53.83824338914222,54.47567316078373,55.019488596712804,54.97931242216722,54.603038508517216,53.847206973713696,52.803894066125075,51.00673756027721,48.83394531708874,46.31159558151505,45.65906822067659,48.63447776182979,50.11337799051992,51.4826940337197,51.55578931476932,51.95977099296299,45.902844037181616,50.539231505485745,53.93078331919766,56.33650215229622,58.016622886625996,59.14475382567837,60.05392029346575,60.522505737525385,60.83210483640833,60.65329447187129,60.16475079274345,59.413250534818815,58.184007642353876,56.3211295962501,53.33108574137177,48.53923208047306,41.07515225651465,46.34164788188797,52.07238394684335,55.3439167382343,57.39113284431217,58.868385854254335,59.798469064367346,60.31643121862869,60.44528001357354,60.218348837404356,17.16003343634799,58.55244075968403,56.914395710723525,54.59181321056683,52.26037664884074,52.09678514400429,54.08607941807011,56.78350820127994,58.97465437692679,60.49485496708969,61.69361676456805,62.591505193975976,63.2440284726873,63.44159932778627,63.38609864112355,62.846889776636594,62.19061643722491,61.00147481072177,59.519511211669965,56.93814853889417,53.170453090067376,46.41721924765832,43.4183005692051,51.48556385173586,55.78874055085052,58.14623776907435,59.88087844183168,22.671717284030137,15.68201724066995,18.325089127062363,3.0102999566398125,12.30448921378274,13.979400086720377,15.68201724066995,20.969100130080562,19.030899869919434,22.944662261615928,22.50420002308894,54.08065194480062,56.83212795367447,58.69453505406969,60.63145637106638,61.78904462960243,62.796327283244544,63.30888396657382,63.43229127125528,63.34137163790264,62.85965084295462,62.07292289744921,60.93318352812004,59.302733892569265,56.78811451668597,53.23237657834767,46.353731484904316,49.37417581477138,53.627104948826826,56.79856528108071,59.27156756729063,60.84908216541612,61.8609281849435,62.22244472123133,62.489506777553416,62.668340212095444,61.500133604521366,39.220504021671736,59.81260776174102,58.798301741475356,55.13550520346337,53.406364309958235,50.81192432242405,51.865551761472936,53.75145809235383,56.53019451099613,58.46226359102629,59.653804636917265,60.491486075585044,61.18385438547128,61.432799825970356,61.120315957213734,60.19990233382924,59.25454425984114,58.38658336926626,55.777031510063786,52.5616189747518,48.17036226050029,44.56639279342896,47.2814267171869,51.951964668865315,54.71740445744339,56.77814926322963,57.79805652509992,11.139433523068368,19.138138523837167,20.969100130080562,23.820170425748685
17.24275869600789,17.16003343634799,17.634279935629372,14.14973347970818,49.51769655060065,52.754726010694185,55.13916438126855,56.80038931384786,58.05181306499021,58.90919863435214,59.41866077564689,59.68910961272546,59.47249867591536,59.67602727567457,58.6599239140495,57.86558359469831,57.25556377825106,55.546490381636524,53.40929697832057,49.160168020454236,44.940014503761205,44.388428493591505,47.99616204481499,51.27159891931277,53.96542809691433,55.760521082459704,56.65274156311767,57.62007476819103,57.72823936012997,57.02755274172201,23.820170425748685,55.441238786229654,55.417040232842886,53.57267654644208,49.42603248842157,48.287758647401695,47.30467338365017,49.02937957316532,52.437150201774834,54.56745495347945,56.187058423032845,57.06008168113841,57.62165958856728,57.93953738063196,57.753686610686444,56.605211299594146,55.55493477406603,54.963234258546606,51.536715997301215,48.40407234754438,44.23065563330095,41.927903971206526,44.80193850687337,48.81915073688455,51.90121504821717,54.6776344720425,55.495525301550714,20.043213737826427,20.0,9.542425094393248,15.68201724066995,11.139433523068368,14.62397997898956,6.989700043360188,16.532125137753436,18.129133566428553,16.127838567197355,23.654879848908998,46.57629431388952,46.615950106668066,49.46751844507101,49.97443179760522,50.81404921824103,50.85682943194615,51.07460973596379,51.38141584513705,51.28738428814624,50.109991843615546,50.97895610855275,50.19240950395851,48.66806999681489,48.71228398723132,48.984893263613586,48.428213431582336,48.39251727903101,48.95300970772332,51.59867847092567,52.363986883595274,53.53897005418162,54.16204329931908,54.1608272151237,55.0439065673362,55.182308982297315,55.38727016726659,20.969100130080562,54.84379571342061,53.84949868019611,52.584001995355756,51.38397442990546,48.61283439206325,45.46555001214298,41.59867847092567,42.34010817587179,44.105410478939135,48.38427179627136,50.79188484228672,52.60762844936168,53.7564898484774,54.13969971748061,54.69375714777386,54.60705448265752,53.93936526308616,53.066651635289475,51.927708941078585,50.02122846225162,46.887400850625866,46.30468556443432,46.68991270164384,47.766793960932965,48.42240931549416,49.52196513508728,52.1177442850884,54.70942374358487,56.93876376780497,58.21781358989047,59.30685217713563,59.767244939181204,60.077993953971244,59.982039579860135,59.43556341585173,58.76367969647017,57.56401784621488,55.55747214087209,52.56679268571428,47.6504982190295,37.75246259740236,45.39226695042995,51.33724082710483,54.897799462959284,57.1333595042849,58.7128622992143,59.70964399912329,60.26335887378471,60.548374203707084,60.432286283872386,59.863995142724704,58.97192029225934,25.158738437116792,55.7923466734815,53.99715245661451,52.61322357112825,52.77269896646581,55.645488954405764,58.022926573433466,59.64934831430551,61.19905524838614,61.98791752337219,62.760387930197304,63.127807587803005,63.17850520292094,62.886303518485136,62.350163340917575,61.54529870840118,60.20366669855005,58.181572458998325,55.390007810803176,50.62393937253195,41.35069013823448,46.428600525844914,53.01040852890314,56.8534935318284,58.97643033453499,60.37592613689274,61.23566807140512,13.979400086720377,17.853298350107668,22.55272505103306,19.294189257142925,19.030899869919434,17.634279935629372,13.010299956639813,16.901960800285135,10.0,12.30448921378274,22.30448921378274,56.85824112423417,58.89970281309223,60.433284764112365,61.690398654808746,62.58489061025331,63.17291986463846,63.33459567577242,63.25727832933825,62.75663715834848,62.33749249974717,61.01082067020883,59.386657996730754,57.1239797355149,53.74693368545393,48.61665814342345,46.94956002249818,52.33224626304768,56.46123255944534,58.88584384450144,60.49178081251743,61.854166360942784,62.51605130084228,62.842016818168545,62.64319514763586,62.76133086622017,61.84121648891499,28.998205024270966,60.58988269115033,58.108035824848656,55.96860890622566,51.894482016562264,49.260181484144596,52.787947426918,55.121839223609456,57.51593930346615,58.95900228185961,60.17877721792232,60.91074717841785,61.43420785129937,61.46660030658553,61.18521654501964,60.29799608306487,59.121933506853054,58.18196851674543,55.375596997583486,51.938200260161125,46.49539299018536,43.182512102012,47.890163267933744,52.495040909355254,55.23856976795058,57.08544116900042,58.177431493252065,18.06179973983887,22.14843848047698,16.532125137753436,22.92256071356476
19.54242509439325,16.901960800285135,19.294189257142925,15.051499783199061,48.21755827254223,52.03625691501338,55.25362309301854,57.0272169187234,58.29881161356574,58.94193069026373,59.60353269045818,59.94261267210666,59.898701145182976,59.48777170442725,59.27806491863953,58.41875436094462,56.59696621538609,54.99391496882073,52.269013581535035,49.7354346853249,43.83707676312093,40.88809166461293,49.14263802522533,52.23246662798861,54.829721458422505,56.24200593499532,57.261050625063874,57.92378380269875,58.022002148516634,58.04810467915818,19.138138523837167,56.85176340169291,55.374312039296385,53.46607216606132,51.09227459996097,48.70228279011794,48.562937739781084,50.01097377441363,52.886448749728174,53.9370152510931,55.59794148540458,56.593380231556736,57.1627886617829,57.241004775492044,56.75736192906986,56.743613687246715,55.765394446780945,52.90377457283291,51.840551350890365,48.74551392016531,44.64459738965453,44.56062224454952,48.734484876510976,51.74980942370255,53.89196218038243,54.7001188629146,55.65206525038341,16.989700043360187,11.139433523068368,6.020599913279624,15.314789170422552,12.552725051033061,0.0,15.68201724066995,17.634279935629372,16.532125137753436,15.314789170422552,16.020599913279625,46.41969597702059,46.607232185228014,46.580686624834364,48.166455692299095,49.36639388214444,50.43727639106276,51.026017650211855,51.28169781696066,51.4888016912823,51.32621450886326,51.794857228259744,51.838504133182106,49.86538854178797,49.82836352809487,49.44956189713237,51.73562105661666,51.3753450236695,51.81286076148712,50.28819233972377,51.76467484599134,51.87591217465447,52.70000667815451,53.80690510654311,53.83086144356179,54.135763500796735,54.57242847452355,16.532125137753436,53.916847652265,52.526491801481356,51.21448219772678,50.27210937634827,45.87149498254344,40.50650380863914,35.49616239519085,41.55609283678915,46.612825038576524,49.97180985323791,52.18435716302536,53.54707582658272,54.49788388674488,55.040968956388774,55.90891968500686,55.8263598110753,54.84210123351667,54.79985371503456,53.51442622481076,52.08833549313488,49.84405783895757,45.74123907335984,44.38542348786111,45.6425168933163,47.82142836505499,49.512597857579614,52.04038544805531,54.8582502032522,56.856951725738156,58.2777300505455,59.40701717841279,60.043428729773154,60.42039696551601,60.38731403378612,60.00415421071889,59.099649933722425,58.17647329125112,56.36217004703739,53.59140814486247,49.787509813329834,44.88282724898554,46.54984675035691,51.28153616066725,54.56830449452221,56.83220000764213,58.26161004840887,59.33410849342827,59.81696317264485,60.12974237756792,59.79749087086535,59.27201951441681,58.27605098130779,6.989700043360188,54.22261450813602,50.59919189150903,48.352211530504974,51.8052728291341,55.03704904830024,57.91581886380132,59.92858256458771,61.3934501652777,62.48788336713063,63.190014827727595,63.50217190087066,63.53251496056532,63.409604001355504,62.76652254538107,62.071591568010795,60.68751560748773,58.94361483966678,56.20637755342506,52.28821102199673,45.64961804462294,45.75002999433531,52.0524768293296,55.937289987079104,58.37637041148199,59.89392857278139,60.90330370523877,13.010299956639813,9.030899869919436,19.294189257142925,12.041199826559248,18.129133566428553,17.853298350107668,17.634279935629372,19.294189257142925,6.020599913279624,20.644579892269185,6.989700043360188,57.022900573776454,59.14120927698542,60.91409821353707,62.09131486535219,62.97602298450387,63.384796022374545,63.63076207692603,63.55299193409921,63.12198732006648,62.31731515378748,61.38257845074605,59.81746596172066,57.14886942383944,53.89784292211505,49.47982370466303,47.967962800566575,52.26780286814562,55.88831725594208,58.56464246508101,60.23364414964334,61.43441074414725,61.72982189505869,62.48727596260239,62.31353865098755,62.40374496958233,62.10630147410988,32.78296208091274,59.453750195528954,58.38524822378308,55.01683539765281,51.99864833732256,51.7991068258459,53.42410836265728,55.463698983593055,57.593232936430674,58.9164950122965,60.22109854278949,60.836179863731566,61.11828542626704,61.15187659147906,60.83829650845989,60.556019201758815,59.47961319069276,57.82292705855618,56.09673364680742,53.15130317183602,48.359821166220584,41.57305630327966,48.55216194733363,52.75774201666422,55.22551163727211,56.468524939941545,57.78482635375642,18.129133566428553,21.13943352306837,13.010299956639813,16.532125137753436
6.989700043360188,9.542425094393248,26.55138434811382,17.853298350107668,48.30466766864205,52.21082847781397,55.1766162368314,56.744946362426525,58.05291476393441,58.76044550246095,59.49308995849294,59.64093614042305,59.83858029399955,59.41398620675474,59.134853591830954,58.34782994481185,57.09118101006065,55.52027859381974,53.220869181476914,50.03568230679656,44.988341488373905,40.27675715904893,48.19971439325659,51.42320624361766,54.185084434734,55.81576498391477,56.586847467078314,57.64260591090319,57.74786947269548,57.51360719035859,16.901960800285135,56.27264441088084,55.2518479582806,53.15054634881232,49.69346009548041,47.92622784742922,48.24529338431916,49.9153174686426,53.22477726447527,54.53405496038607,56.05728357714749,57.10192704013191,57.788759172398755,57.88774828072764,57.602897620536105,57.241185117747726,56.190118927763486,54.35366506612661,52.70969820733082,50.1040597262518,46.84863307326608,44.52292561617729,46.65290113306359,50.663855668606594,52.88796780086574,54.26576319335172,55.3725477518074,15.314789170422552,13.979400086720377,15.563025007672874,14.14973347970818,3.0102999566398125,15.314789170422552,12.552725051033061,19.294189257142925,13.979400086720377,0.0,13.979400086720377,48.311271933988266,48.60511689629458,48.67373193882259,49.662590937671496,50.39636167342053,50.95943066436715,51.06537650239967,51.098214409162566,51.05649817800831,50.25719477138242,50.620326586560566,50.23375938139562,47.36778831828357,46.872167277113974,47.34191551493303,50.07068929227067,50.12077599531015,50.95448326538122,50.900039639728156,52.44920043912454,52.75341304852634,53.76620749250076,54.53894468369221,54.62427948209778,54.90516098342786,55.521374931001745,12.30448921378274,55.10397539514153,53.319877718696844,51.88334964238177,51.892431980657115,47.86751422145561,44.30413711892598,40.286525736331185,38.64807629026147,43.83994789441733,47.41387992479269,50.50023821554707,52.308217436266716,53.40701838731677,53.899187996666214,54.84477792425245,54.825105674644234,53.69106342002995,53.687571933417104,52.498267120826156,50.72940688853442,48.01492892459673,44.92927930139403,45.031094366713695,46.69846638391378,48.53266135453093,49.612311970446626,51.96640363836195,54.65092729140043,56.70269051946057,58.02328259572923,59.03296770502534,59.6517582138539,59.985962655612596,59.907157014817216,59.58868117212902,58.64578711818069,57.55409072776784,55.61570025571616,52.603504875938896,47.67816085510706,37.52893154884594,44.670454519877566,51.20310642636462,54.942895940747924,57.12368497512656,58.717188433187616,59.65713800600531,60.29586671630457,60.69751322546897,60.46220375429807,60.00040387508827,59.371290595479,17.634279935629372,56.19821416005518,53.590173282382835,51.70851134095514,52.500611952033125,54.793881359958604,57.43704134640778,59.518832015567334,60.88011277577743,62.050345660209175,62.753155016311226,63.097580951431695,63.148077348086986,62.97308040366743,62.44311021668989,61.56218610458228,60.214580648540974,58.28892445996055,55.31399714944556,50.77164338829825,39.99869692108268,45.946687312953244,52.894105608859896,56.72395293981325,58.904992630100985,60.47131507071094,61.36208622255316,15.68201724066995,6.989700043360188,12.552725051033061,12.30448921378274,16.901960800285135,22.671717284030137,22.944662261615928,16.020599913279625,16.989700043360187,20.863598306747484,9.542425094393248,56.70918117745722,59.14245813464604,60.71817962550293,61.900340344172015,62.76374017263217,63.236979257369576,63.44443364148307,63.303086370066495,62.97333664508045,62.08451031207876,61.08154211502797,59.41767759667347,56.668968869078796,53.075580755509016,48.43388522938088,47.13700499337772,52.824431022600365,56.37339601787825,58.853097576103664,60.498089589185724,61.541889583536744,62.167244495945596,62.73261076156074,62.67003847010567,62.82854263570457,61.96452817972055,30.253058652647702,59.06132934697478,57.03250956751204,55.66093220121586,53.924243347380425,51.67828142701529,53.05448107442473,55.468842892239394,57.73067875796022,58.98063365526844,59.99587224142601,60.80426246881658,61.103556668866034,61.11824849873359,60.91979818229391,60.27539595534988,59.24388879887723,57.62325884457418,55.668333034833296,52.61826490805912,47.79661414151369,43.141201337890365,48.96311221581429,52.785020944938836,55.194144955941546,56.677489194391875,57.797587802977716,25.010592622177516,15.314789170422552,20.374264979406238,22.278867046136735
12.041199826559248,12.30448921378274,12.041199826559248,12.041199826559248,49.12142313382838,52.64841425329148,55.58440953097052,57.10612331041406,58.50006880246489,59.09411596963402,59.64418512357967,59.90584796529464,59.87140951448784,59.46251775135586,59.11588492141626,58.21406087823291,56.58180309130765,54.70633902565044,52.12541822893318,48.93456594885724,43.6408174141107,43.30920830595236,49.852692552788476,52.53621464443451,54.70594226005072,56.30807081418582,57.14170433319562,57.75062593040446,57.83306728722455,57.6025657537275,17.853298350107668,56.050474104793715,54.68137518458829,52.691859328139515,49.38769822783118,48.42172229385616,49.42900541140294,51.09878771072631,53.82164785688527,54.77483016074943,56.34640477787364,57.20309005794408,57.62199750862454,57.520922593891015,57.14999967412042,56.72139437331811,55.418848896674355,53.0394300620477,51.60174299756278,48.49001503811217,44.29687696095396,45.41342064390057,48.98220404865221,51.986405944457566,54.018569993828706,54.681109153372375,55.57001634392705,19.54242509439325,6.989700043360188,17.634279935629372,15.051499783199061,18.692317197309762,11.139433523068368,23.26335860928751,17.853298350107668,20.5307844348342,9.030899869919436,14.62397997898956,47.73296307725738,48.37038910191374,48.62804967617347,49.555915504057246,50.41617670375892,50.74512913373735,51.097877137592896,50.840755677786746,50.93652780406903,50.27451542872491,50.65960442354263,50.29111751104562,47.69561935848059,47.31048582809215,47.279477095447966,50.47882065489659,50.54708787938054,51.593054549601845,51.528415644213695,52.954043464742966,53.638563192950684,54.183443871071255,55.0145364716397,54.95906329962835,54.98576563845656,55.322867194447355,18.325089127062363,54.24680769805743,52.26202801754309,50.21023822031586,49.456261237140865,43.33527878521092,37.197454925295766,41.06156886966839,45.72523097849637,48.48958460827495,51.18628415296599,52.878106843633134,53.66594773094043,54.19666673085815,54.39777814894073,55.154883687447935,54.51860090532986,52.925085977765065,52.772905384008276,51.22284704397089,49.35371212601676,46.7950965984254,45.81801797954046,47.174791050267416,49.40516484932567,51.209028176145274,51.49914658592959,49.703561757982335,52.84117026113108,55.50650208936497,57.253659725160226,58.65346827243361,59.49897200545684,60.10803514051141,60.37626068167156,60.28904978154041,59.72614250906161,59.10309507284359,57.86974189295668,55.72650915252359,52.772446665034195,48.14067712609202,41.25936466966094,45.07990724819692,51.50283522747662,54.881020899122824,57.15372323246878,58.62754335791944,59.53833597630993,60.232508130164405,60.336010562039604,60.1397922350441,59.7592464831935,20.681858617461618,57.386259918874565,55.22018860088043,52.64555751085918,51.78182411157907,52.69431214448118,55.61087066012547,58.18640849155568,59.918372030456055,61.38762964260753,62.3990831600735,62.95714185436444,63.18070225157095,63.24789727737132,62.886149344620506,62.417379363575876,61.33286241550657,59.88915966034085,57.53133212484457,54.38415759997952,48.83099043021236,39.014583213961124,48.49253527083681,54.23275372182819,57.3888278000834,59.360978471818015,60.70169798166435,15.68201724066995,10.0,21.73186268412274,13.010299956639813,21.702617153949575,13.979400086720377,23.443922736851107,18.129133566428553,-inf,17.16003343634799,16.989700043360187,55.22645031974555,57.8248409053589,60.00668299043844,61.39200049375403,62.41833259310306,63.01674227759315,63.42552357584894,63.441363379176956,63.176505591053626,62.50561490943741,61.6440282652108,60.253591245297386,57.889316056924976,54.83326213942035,50.49159854335353,45.89469267346118,50.880226255257696,54.985862088175175,58.31186774740069,60.0427192159554,61.22988726036909,62.04799393241727,62.718613467461296,62.68339231505532,62.13655062657161,61.6404725484101,34.379090355394986,60.121337728734055,58.707906180323164,56.00147060328155,53.79414304412172,51.93427941740599,52.51803634459697,54.600027853594106,57.63356853295634,58.733165321023904,60.26216518542618,60.72391819950937,61.21490574766639,61.27967991524088,61.05122041636383,60.6108777498727,59.60754664801088,58.06047629721087,56.2693339542336,53.32593970093847,48.60996436757196,42.21701064384597,48.5396576180009,52.32894509156013,55.04587746061479,56.62221241053659,57.675728854584854,12.041199826559248,24.14973347970818,16.020599913279625,16.901960800285135
12.30448921378274,10.0,18.129133566428553,15.314789170422552,10.0,18.129133566428553,14.14973347970818,18.573324964312683,18.633228601204557,15.314789170422552,20.827853703164504,10.0,14.14973347970818,6.020599913279624,13.010299956639813,18.325089127062363,9.030899869919436,18.573324964312683,16.989700043360187,3.0102999566398125,9.542425094393248,14.14973347970818,23.891660843645326,10.0,10.0,17.24275869600789,6.989700043360188,20.681858617461618,6.020599913279624,11.139433523068368,16.532125137753436,10.0,15.68201724066995,12.30448921378274,13.979400086720377,16.532125137753436,15.68201724066995,6.020599913279624,11.139433523068368,17.24275869600789,11.139433523068368,6.989700043360188,17.24275869600789,20.0,6.020599913279624,9.030899869919436,13.979400086720377,16.532125137753436,11.139433523068368,19.912260756924947,13.010299956639813,12.30448921378274,9.030899869919436,16.989700043360187,10.0,6.989700043360188,13.979400086720377,20.253058652647702,6.989700043360188,13.010299956639813,13.979400086720377,14.14973347970818,11.139433523068368,10.0,13.979400086720377,16.020599913279625,17.634279935629372,16.989700043360187,36.475785542124555,34.487063199050795,32.72537777375237,27.032913781186615,26.283889300503116,16.020599913279625,21.13943352306837,28.85926339801431,32.75311354541812,34.348881208673156,36.906390117159674,35.56302500767287,39.37166703715033,38.89861721258188,38.85643871835764,37.744439689249646,36.906390117159674,36.91346764134822,34.97067936398505,34.8925516836926,31.535099893008372,29.831750720378132,29.405164849325672,26.45422269349092,27.307822756663892,33.624824747511745,22.87801729930226,36.762362167633114,35.24915147539867,36.190933306267425,34.307198878632825,36.65111737075051,34.8925516836926,33.54108439147401,31.18264726089479,29.138138523837167,25.05149978319906,25.68201724066995,28.382192219076256,30.6333335895175,31.37670537236755,31.821292140529984,34.25697213362591,33.330440298234876,36.09380944250707,35.62649672211917,35.549734583332395,36.528263025610045,31.49834696715785,35.01059262217752,32.80578370368077,32.11921084308509,20.681858617461618,54.43632176430236,57.44687972300535,59.74742364802224,61.58642280616966,62.952842216768026,63.920312870838515,64.62648468647087,65.00022294526607,65.02049474723624,64.68549510944092,63.98150156349642,62.848303264871916,61.106072163906475,58.421547398266505,54.02435065513145,45.78925589458768,50.26635391386061,56.44112500016438,59.96910759464213,62.07187457704745,63.76664719468128,64.72190181434574,65.20667561240396,65.31360491784218,65.08482583679042,64.52812949382147,27.98650645445269,62.08293520657507,60.00275255454764,57.5251247216753,55.84557360525675,57.253234672307876,60.08668291043981,62.43790339293562,64.39163996886018,65.78750347632447,66.7491347328331,67.36999235197452,67.66576197377421,67.70891022784112,67.41873771293903,66.8044176203119,65.85115525643721,64.34747853967899,62.225461006771496,59.007870167515975,53.41956551227385,42.93075140122863,53.76286722187332,59.06749740462028,62.185318291896365,64.25280645012721,65.45860334763671,65.83464032132382,65.88703656999843,21.958996524092335,24.377505628203878,13.979400086720377,25.05149978319906,6.020599913279624,18.129133566428553,20.0,20.5307844348342,20.374264979406238,18.692317197309762,17.634279935629372,20.0,21.73186268412274,9.542425094393248,19.294189257142925,19.54242509439325,13.979400086720377,11.139433523068368,18.573324964312683,22.380461031287954,25.622928644564745,14.14973347970818,30.10723865391773,24.857214264815802,28.129133566428557,26.9284691927723,28.175653695597806,20.170333392987803,31.598678470925666,29.206450014067876,24.377505628203878,34.72610197596045,35.446880223026774,33.38456493604605,28.457180179666587,30.895518828864542,29.185545305502735,39.52937667750981,35.00922239190301,30.433622780211294,37.16754357432697,32.75311354541812,30.989896394011772,20.681858617461618,24.62397997898956,23.117538610557542,26.9284691927723,21.702617153949575,19.49390006644913,13.010299956639813,24.16640507338281,19.294189257142925,16.901960800285135,12.30448921378274,18.129133566428553,23.180633349627616,21.702617153949575,14.14973347970818,17.634279935629372,21.64352855784437,14.14973347970818,18.129133566428553,18.129133566428553,11.139433523068368,18.06179973983887,20.253058652647702
16.127838567197355,14.62397997898956,0.0,17.853298350107668,48.52998153939215,52.52962197435443,55.58498570779595,57.190742810118856,58.33780553867104,59.02747302055197,59.724143780862406,59.85359101564537,59.829989710087446,59.28158666810311,59.05308981914564,58.08541802244968,56.194272748814925,54.391083820341215,51.77481668593884,48.242885824595454,42.690457096576225,43.95239001081552,50.37924256713626,53.143413122759135,55.29155624998579,56.49760181068253,57.209535424185,57.722842912285174,57.68671393415624,57.57393751018789,13.979400086720377,55.86552424698735,53.775411874613795,51.71065003715682,48.72738827472669,48.60996436757196,50.43794392325779,52.48279863255517,54.66538439744396,55.67301685128842,56.776917960854696,57.55418988254277,57.787769073755925,57.45707026361522,56.82384278756988,56.27264441088084,54.91777576777386,51.6642419295109,50.16941459593836,46.30560075704273,42.849493214036734,47.839964283643,51.37053293103254,53.49599970978006,55.015111317240255,55.40291926094344,56.07276979603248,23.69215857410143,12.041199826559248,19.084850188786497,13.010299956639813,18.129133566428553,17.16003343634799,3.0102999566398125,15.68201724066995,15.68201724066995,14.14973347970818,6.989700043360188,48.220634174848975,49.10026438356236,48.559429462323166,49.65187585049533,50.146087327435566,50.448923834743596,50.589003004481214,50.457179679645165,50.432089705599026,49.78171383413782,50.57095289612668,50.3181227133037,48.055280431906084,48.272723215003694,48.58928007014538,51.253283410969345,51.47676324241098,52.35621860673466,52.17978495023874,53.25240550437406,53.5398928006785,54.24268947394387,54.61204295420259,54.540059381037906,54.39365856869944,54.72061314578335,20.5307844348342,53.15121908690162,50.240667697371194,47.66450028267501,45.87722186953562,36.483600109809316,36.89220037263836,44.890580369990616,48.36077143385893,50.72301377396709,52.55139783733704,53.921550659380955,54.202875349938054,54.532158711627766,54.550413909308865,54.80955027738318,54.12967628200711,51.76776902821038,51.684031895462404,49.800442979310915,48.03491256954348,46.345276494290324,47.2366086669145,49.233269309027506,50.75711159354416,51.850461017086076,52.1342477880644,46.15371307939895,50.29943534914655,53.4482438798976,55.83544484420663,57.56992676561407,58.9136180885568,59.7894932731635,60.42224548923707,60.614826373790635,60.326066745652355,60.11528576775322,59.260279323790414,57.856899365103644,55.991338683919444,53.30342738068733,49.29541532730184,43.274815414022214,45.920878900982565,51.64644270726158,55.0149744561414,57.11389599626845,58.56550666235427,59.520796542119044,60.0330367522351,60.199089333355495,60.02843551000269,3.0102999566398125,58.38033235975776,56.49834107672664,54.28447438314063,51.89799010639827,50.99559795149243,53.42600310415772,56.498185452227226,58.6062185252997,60.536537906462655,61.68553166287735,62.57595067128569,63.009615888959075,63.208148756224446,63.20414053110611,62.80588613041675,62.11691212653,60.830053332127065,59.23611303360091,56.806373293142435,52.88325253995978,46.29949582692885,42.488801660242856,50.98093155281372,55.38576247077835,58.15080748039829,59.85419737301456,21.613680022349747,19.084850188786497,15.68201724066995,16.020599913279625,23.117538610557542,18.633228601204557,19.49390006644913,16.901960800285135,16.901960800285135,13.010299956639813,20.969100130080562,54.16447444662551,56.89011234360268,59.251728060903275,60.83744782558297,61.93566741116592,62.74075140630788,63.13420468473987,63.29595148672084,63.21631565642417,62.53014587588794,62.00097761858999,60.83366433543246,58.68125207930077,56.13720286951488,52.608652776560376,48.44725627973226,49.36674562507357,54.06420945974621,57.37944450538754,59.22875904332916,60.748230208147476,61.73317411372794,62.144989236629804,62.516012369344665,62.60053252232444,62.328182926273605,34.23245873936808,60.07020643589732,59.0919753488772,56.732661082403766,54.16881715054508,51.615416852934395,52.56914889195957,54.31106328181145,56.535144847083686,58.18770070698151,59.32933183743111,60.258046077203716,60.72771766971065,60.89763854491689,60.74001557254931,60.40580585291881,59.690285092376854,57.95899473301055,56.59897193330885,53.70316900361719,49.94299551726073,43.191477162549816,48.10239240767848,52.064264651979755,54.86073261154466,56.285043859408674,57.53951325365968,21.335389083702175,13.010299956639813,15.314789170422552,16.901960800285135
13.010299956639813,9.542425094393248,16.532125137753436,14.14973347970818,48.65483002195347,52.48014976258212,54.80226910604921,56.50603752767499,57.943520905108755,58.724692017757135,59.1492728956971,59.40704704821524,59.47963277381814,59.44301020109662,58.65514375588505,57.84995085694882,57.069583267969925,55.698991934962194,53.40745438416857,49.00350739876231,44.360035356698965,43.2479671762173,48.4426587954094,51.37306627599863,54.131052102400695,55.85700935080215,56.43857171552014,57.50676526062599,57.686824902378476,56.908691577892554,16.532125137753436,55.1462212088272,54.721506468061634,52.814015656048774,48.01431152719453,48.428213431582336,48.948585917767325,50.959709223437144,53.82049478295849,55.50837161770688,56.720719843022536,57.49817448418274,58.08178551597234,58.16788630132522,57.83102825358715,56.54255497333483,55.26081985113034,54.05260961594783,51.32275703044142,47.471398031020364,44.308648432814586,45.83300815513483,47.74611843234153,51.22206045078898,53.529635454648584,55.37598744880215,56.084147714786866,16.020599913279625,9.030899869919436,12.30448921378274,9.542425094393248,13.010299956639813,21.73186268412274,13.979400086720377,6.989700043360188,11.139433523068368,12.30448921378274,20.170333392987803,47.91269480910269,48.34509715389966,49.87867280658585,50.62179464334618,50.76804228806567,50.829073863347105,51.123703655258325,50.88309771759016,50.912095647341296,49.08511826352619,50.490473734582864,49.926418698783976,47.966922565952366,48.39886381275089,49.23787841731059,49.540204799584274,50.02925952084535,50.888481021949104,52.71946103331162,53.24004500231222,53.96138297395892,54.48126358347398,54.73872189902286,54.94210269229327,55.07868010191838,55.2975107994238,16.532125137753436,54.32046838379681,52.39629767745483,50.7811229098334,49.68468938828554,44.839009596528896,40.38620161949702,39.22310163214396,44.94168513490308,47.32723376813052,50.04102021183244,52.3689986184717,53.23814977024257,54.039454117782185,54.312929844760276,54.60612226534828,54.31609794663338,52.83556753915509,52.52270345988322,51.00649644726378,48.8654148389881,45.87621179101308,46.95569227036185,48.38427179627136,49.81193207781536,50.038265983330476,50.797960611723596,49.427519204298136,52.69671689528441,55.3638797378533,57.23751121635539,58.4337357385676,59.341251005517385,59.97295933371397,60.18163122110459,60.143340124892966,59.67267559852051,59.10336202378744,57.898238771874844,55.90192916693718,53.222234308521465,49.00350739876231,41.465311220074454,44.51740394799625,50.827315288201845,54.55575688084891,56.7950784304909,58.40390301154021,59.36758969188943,60.00306069732834,60.26279068633948,60.126854059260864,59.71976835333548,22.671717284030137,57.50411188405601,55.2908370450271,52.95382348080914,51.717761680210984,53.05235255400873,55.78671293863387,58.1275096696489,59.963877579676165,61.33163528529289,62.223431295352974,62.8500700417446,63.2167484465982,63.20361717539654,62.98844783270067,62.29739164382505,61.33316914389039,59.76233478903403,57.653182962198805,54.51863159220612,48.535156967569286,38.859263398014306,49.05326264816519,54.400806152045675,57.40287668513553,59.32201738096506,60.63774561136502,17.16003343634799,11.139433523068368,17.24275869600789,17.853298350107668,17.24275869600789,19.294189257142925,19.294189257142925,6.989700043360188,10.0,13.979400086720377,13.010299956639813,55.761224198299445,58.25278081865094,59.971175979116595,61.33940445083865,62.29625024591166,63.07472931976377,63.36653622061025,63.3730308687562,63.08350948586725,62.41688399982937,61.4783115893978,59.95821594140721,58.08097487689176,55.156632657698445,50.9333762003014,46.75457541641209,51.37126141907791,55.53432728326672,58.096431988831725,59.90143866975145,61.198247854902654,62.24382833406036,62.48233274474952,62.8977908196189,62.98446089331583,62.03412864468138,39.52162574214463,60.10179491073639,58.295366209209675,55.93970206424138,54.539601320867064,52.10297112300132,51.810714578226175,54.15669331529051,57.238930301117264,58.52192605450959,59.74148631106413,60.409158840293244,60.93885502069102,61.11126018868394,60.89855676733738,59.94247624786161,58.905607307152295,57.84828327010683,55.337275847592984,51.906817945067864,47.263359233343,44.33161555829322,48.379480971977614,52.23885151875885,54.94378643304243,56.795914076825575,57.73793025150766,20.644579892269185,18.129133566428553,19.138138523837167,17.634279935629372
18.692317197309762,15.68201724066995,20.170333392987803,20.644579892269185,49.26836150144419,52.84638243183043,55.02346535859472,56.63817726418752,57.884865485608394,58.81960670704853,59.246121175955494,59.31344451114886,59.309617594242,59.215434208086066,58.336831123789324,57.39160795907085,56.744808518439484,55.14313941020881,53.04460367387219,48.45253117495606,44.4827335520735,44.97758718287268,49.26465925131506,52.09997296082369,54.43302111325386,55.946002548027494,56.52060589613724,57.599185301821585,57.587128582102814,56.75232840540555,17.24275869600789,55.22998159844111,54.6729429400545,52.71034974562218,48.54233147099496,48.30877247110405,48.72954174821646,50.382902430534024,53.35427809960001,55.18350719768685,56.34557874185073,57.215600201146025,57.75049471017758,57.85361871946609,57.58785520044174,56.224720353926145,54.9510010328508,53.970949185051744,50.46717522365305,46.95096244273125,43.0588853028431,44.042177445149235,46.612825038576524,50.49655973887771,53.006845942356016,55.11682871101388,55.83436833621938,10.0,18.129133566428553,15.051499783199061,9.542425094393248,14.62397997898956,9.542425094393248,13.010299956639813,12.041199826559248,19.084850188786497,17.24275869600789,19.54242509439325,47.13591334758473,47.911641250333346,49.591272882291875,50.38929977944225,50.97094114841553,51.0809123558122,51.328869775769384,51.311982794393536,51.33337681226803,49.691642095787216,50.66378112121236,50.120691517833826,48.15531261717549,48.518085142282374,48.83275223939279,49.003124969837266,49.47100275347519,50.33311146023117,52.2162285774879,53.24055986814951,53.76520385603506,54.48812948519723,54.75445994014188,55.0149744561414,55.01716371633598,55.21630963611833,18.633228601204557,54.15657657551421,52.446085923392054,50.88593186745559,49.45517822077839,45.10451171014565,41.21920785563038,40.73681699476283,45.2975107994238,47.73969190400217,50.20112569565467,52.331611617225356,53.51026723284182,53.918169236132485,54.26109312355624,54.681951529657894,54.214788847014404,53.016484247745275,52.24507164727078,50.747469772186065,48.42971000965843,45.82631439489636,47.20266829679724,48.45079426994751,49.6673290970142,50.354977789943234,51.087307275500294,49.62960937017331,52.82617581873916,55.442826568728904,57.281329256883595,58.59306456235334,59.386302860797635,59.99104430613782,60.16554098273762,60.15194138583197,59.53033005567211,58.9041710622039,57.54325397016405,55.7473714612604,53.06815181116356,48.52168800449342,42.055291510618005,45.17591730711907,50.978990773214534,54.77805453118017,56.90997455528981,58.483892775347016,59.36073695922707,59.91729211208464,60.108395206184284,59.97241304062637,59.54837567576704,20.170333392987803,57.15229275961647,55.12761751366788,52.96814316295745,51.597145396313394,53.347532306377175,56.07433576044023,58.16058924326238,60.05261613287668,61.23198729089461,62.13946792640972,62.78630152346024,63.14075673850028,63.14581952876913,62.79674471145991,62.233297714190215,61.207976010592375,59.74318220505531,57.76838422598301,54.55893518887224,49.425239365135965,40.40602340114073,48.82831793618027,54.182565334752695,57.190071027693705,59.05533606010988,60.47496826668195,17.634279935629372,17.853298350107668,13.010299956639813,20.863598306747484,6.020599913279624,10.0,13.979400086720377,11.139433523068368,16.989700043360187,16.127838567197355,6.989700043360188,55.85562241029359,58.28660540888673,59.890389124725864,61.34992636448587,62.288480261664574,63.071921394120295,63.34486120968453,63.389647986905814,63.08251224491585,62.65587776762426,61.70217696831624,60.2074443647707,58.48029538356631,55.70827706322422,51.36063874144658,46.508221533899324,50.863918676105904,54.96538053304535,58.02366597171862,59.76179346176397,60.959897240709495,62.04213617308962,62.329376925857,62.37119541001956,62.19676980758564,61.801511174386626,34.720246977002816,60.93690934308191,59.01362951409271,56.30575327039566,52.96052798295839,52.353390330140606,52.63271439538633,54.41608739356879,56.99311225716352,58.670247179210975,59.86831277778141,60.63548013279812,61.094060771691986,61.33105994862418,61.09490801781974,60.30787888963544,59.22826107177126,58.08616035426992,55.46765922279364,52.132440785403,46.702829706744126,42.95171106790104,48.00888838016442,52.485739927801404,55.25226265324221,57.2007657276814,58.178680142707734,15.563025007672874,19.030899869919434,6.020599913279624,17.853298350107668
15.314789170422552,13.979400086720377,10.0,6.989700043360188,49.52017090047426,52.90626629883605,55.15131731637213,56.863868804690476,58.154528873149474,58.99812297793893,59.57681977372664,59.74311309188653,59.86449251652762,59.29104587152953,58.87932218397219,57.985297994852615,56.08491802121206,54.222778761641806,51.35682727375602,48.45556908821468,44.01676195809461,45.547192690502136,49.49087358992723,53.16808752053022,54.927897133876655,56.28627981679231,57.62192992671651,57.89153257625456,57.999164693037095,58.18545886372327,15.68201724066995,56.65320148411645,54.0389229555942,51.79876241874662,50.88352295799545,46.01723282613001,47.311211836979304,51.17675564893891,53.263358609287515,55.398285583778986,56.5788252093272,57.40704463178546,57.509409310823834,57.31373578996763,56.95881638588823,56.427829520460335,55.15749363430729,52.921895926234995,49.875947702381715,44.77931182055328,35.535189401489696,43.02590648306555,49.87509855006475,52.60827165977908,54.316933811490706,55.4838696101433,56.253422948177025,-inf,21.73186268412274,16.989700043360187,18.633228601204557,18.573324964312683,6.989700043360188,16.127838567197355,15.314789170422552,11.139433523068368,18.573324964312683,9.542425094393248,44.972200027144865,46.84423424500241,48.29567486433636,49.01245753890482,50.00043427276863,50.578942197245304,50.52501563413781,50.412702758275636,50.24198232206868,51.542687315065606,49.64000202059077,49.55447210577695,51.47540296127373,51.003843320251335,50.66854957660432,49.3379088414342,49.751789709408776,50.5163480398712,51.09551550293332,51.60867526536872,52.42156156515358,53.39685916894769,53.96542809691433,54.573761865355635,54.768026552655165,53.98096326549993,17.24275869600789,52.66506866563376,52.72788125941824,51.20922542881114,46.38179649404609,44.9161379164116,36.75136504467994,37.72321706722919,44.51018452155458,49.717442258094906,51.85508157869591,53.157269044868876,54.45545048025255,55.13976286239967,55.44097823522332,54.75649400429315,54.12253851359978,54.49401252996221,51.94203425618177,50.246170034473224,47.85287115419746,47.25462411388858,45.94226757480914,46.72956357504637,48.40589072547749,50.34403832608689,50.93887251383776,49.6759477267189,52.97780201586442,55.47769784176009,57.378515384598046,58.863023020219664,59.715713097331005,60.219897309093085,60.417719349710396,60.33430993667997,60.07589474837865,59.0062052973354,57.91527845779153,56.43393450473154,53.87220703348384,49.89850109603181,43.66721723757252,46.81503544394468,51.58932129859686,54.61030064545281,56.994457304378756,58.47472093521424,59.44666221479143,59.893474616193096,60.157858759123556,60.053289712081735,59.08254406269616,17.16003343634799,56.26619540272516,54.37980329401657,51.42264291170022,49.44956189713237,52.5187415951116,55.6426945636825,58.26450596484443,60.12893299886894,61.53690501172659,62.47923454590158,63.056851319204014,63.44403278292739,63.42182765568821,63.14309090420787,62.415390098703334,61.35528585588037,60.150733452248815,57.729462893076764,54.587798212307575,49.18496900197138,41.925953275692116,48.84370487526471,53.94068001347887,57.034530259773575,58.95484978290193,60.32452746446555,11.139433523068368,14.62397997898956,6.989700043360188,17.853298350107668,18.325089127062363,20.969100130080562,13.979400086720377,10.0,15.68201724066995,14.62397997898956,13.010299956639813,55.77745638551657,58.15913632177757,60.11839732618975,61.52812850999151,62.48042208205503,63.06609429509801,63.41153081807895,63.41590605113966,63.208623851993686,62.5571284941305,61.720179326515,60.282152944297295,58.246789303086715,55.344373481655765,51.14644338902279,48.43120607219163,50.71797348435851,55.17424205544177,57.434674307120765,59.655074345703255,60.76850077578027,61.72135696649566,62.29612482740146,62.43589624517871,62.23402997709581,62.366231546290834,25.105450102066122,59.68320875105857,57.775080184412914,56.0327973010356,52.51555489810396,49.65634368338408,51.9989224352632,54.82376145943032,56.92710354918229,58.69115501063979,60.015143473546686,60.762186857093795,61.19030103068822,61.30998534269911,60.98440546136768,60.65453104848154,59.77524698588703,58.04219193384807,56.258637166828635,53.58104341153481,49.10629740169475,43.37059726320525,46.21612435137533,51.60339454145891,54.77497480263115,56.757352765840096,58.00926616043527,20.170333392987803,12.552725051033061,17.16003343634799,12.30448921378274
13.979400086720377,17.16003343634799,14.14973347970818,15.68201724066995,49.85107485109786,52.94300854141354,54.70723528857163,56.608360815309666,57.97461440848181,58.868075881220506,59.307341218815175,59.490409669224675,59.43900426121883,59.630039741419665,58.56791704513427,57.77502944132759,57.1739502968969,55.60940283017128,53.17449042174265,48.09916430230177,43.10055737750892,43.04598226343637,47.64153706967196,51.95888587440714,54.16881715054508,56.12361008255743,57.14917085267661,57.87162813509685,58.08705773150329,57.49879253750726,19.912260756924947,55.85235063365776,55.121839223609456,52.95991291897412,49.18853038137449,47.46322765089953,47.66182252874969,50.864523753754945,53.55530057681818,56.045942910014766,57.06551370450381,57.82948940147065,58.23386187581615,58.38880560211702,58.09512579343022,56.75636302321037,55.28736777724652,54.76686742945645,50.3847709537433,46.035340880196955,42.72491400688568,45.25731356850706,48.26877828723003,51.75305924058621,53.99922807030635,56.13233806858552,56.749428501943285,16.989700043360187,11.139433523068368,13.979400086720377,22.14843848047698,17.634279935629372,20.253058652647702,14.62397997898956,13.010299956639813,11.139433523068368,12.552725051033061,20.374264979406238,46.193542465143764,47.25012725341158,49.842662081338425,50.56188055196388,50.7291131585408,50.58141210052719,50.8856485356834,50.78721374329213,50.5459773525736,49.40740546982143,49.91589313007415,49.20384242178358,49.62013987649185,49.83342076262868,50.54183909777005,48.51564082263488,49.27067380610499,50.14188600873136,52.76500865941352,52.88343141102804,53.84654430194179,54.16921626171472,54.27408201752873,54.81690521257044,54.892833226904855,54.574352669034944,18.325089127062363,53.58492595204731,52.44326610230636,51.17022582573523,48.562333066511236,45.02604625473667,40.13047996115232,36.074550232146684,44.15857739475443,48.077108749640885,50.451742759413634,52.3818917080662,53.83896115711312,54.429451710906875,54.839707900506795,54.52738383938643,54.08362093461419,53.71224919107688,52.16031236919906,50.116888329655104,47.707121315728536,45.41941005301862,46.81141700151075,48.221942408982144,49.85956107039274,49.719110500558095,51.18866301603362,49.150197272100684,52.836629900588306,55.585033719081125,57.356835150118116,58.80230331884836,59.614248911600725,60.19535421274584,60.367374554131956,60.33984758820944,59.965615781283226,59.1067562087439,57.91450633253903,56.23083813359547,53.44284177896594,49.13946239058085,37.93231447056521,44.79445736643434,51.35097651876403,54.91290239509394,57.19240108724206,58.69441186951444,59.74598727130334,60.32308036505575,60.49525409866167,60.34285858475562,59.7892881296663,19.294189257142925,57.334027236846524,55.32021446134549,52.93075140122863,50.803414327279285,52.99376533060346,55.826916120726544,58.15379149329004,60.132220161911945,61.42403546043107,62.31480294740217,62.963810511937666,63.34516880112186,63.302806234166965,63.013905275410536,62.336346377873824,61.340214734474245,59.838052895957354,57.593905630175264,54.23876372178274,48.202343095656,36.82415861677359,49.653804636917265,54.78579480949004,57.71696959260286,59.54354928903748,60.833266447515435,12.30448921378274,14.14973347970818,15.051499783199061,11.139433523068368,21.64352855784437,21.613680022349747,11.139433523068368,23.891660843645326,20.644579892269185,6.989700043360188,20.5307844348342,55.981183071903374,58.38774184214918,59.90568375157085,61.43711923598056,62.42357037612253,63.12158096364635,63.44112741774805,63.37526746407987,63.091325727144614,62.607888127255684,61.43255314039567,59.95671164974066,58.18596008206585,55.27598970786083,51.15523976950022,47.55791036368598,51.679314123210915,55.83792546228764,57.859168036624745,59.91527761233456,61.093713049150786,62.07492720673157,62.391833179798084,62.946824377574096,62.66764239495983,62.27414634727615,13.979400086720377,59.67105969048938,58.41265592625782,56.938711037313226,53.37301488893151,51.058268487992216,52.12946290575986,54.4914657329239,56.64122768015335,58.887420828894065,59.91059859775979,60.73670337078565,61.142589362991615,61.32580487739563,61.09644006717943,60.18317618326985,59.23166273996259,58.258186879127756,55.60897312753909,52.49328014696991,47.78295991088834,44.45059047392219,47.211590970821675,51.65333372596983,54.50535463445368,56.68730605958722,57.73091310242316,6.020599913279624,16.020599913279625,20.043213737826427,15.68201724066995
0.0,6.020599913279624,17.24275869600789,13.979400086720377,49.18868743380985,52.54589160342086,55.64695647337275,56.926363279001954,58.16822401525266,58.77814054442794,59.44309413318243,59.62096928197361,59.7507687479169,59.19865387358893,59.03420467892953,58.16581971476627,56.36773654347116,54.57259517076744,51.92344395046124,49.65789459245144,43.616711852165594,42.19584526214255,48.92016645402481,52.280537088387284,54.47401478216736,56.191236049080004,56.973906470959115,57.46025137138879,57.51994638090036,57.45063855971813,23.26335860928751,55.881797948009286,54.18057553895256,51.799422508362184,48.82479000104162,47.940207370609905,49.98891134666212,52.10417515910474,54.747071182609915,55.69181887938577,57.10138529044566,57.89362099863874,57.997381260134574,57.81701533156203,57.17704612915124,56.93794637322778,55.573543899850826,52.49455188029537,51.27415823311429,47.68408685826983,44.998244958395794,48.29663927024551,51.5454569242091,53.93262749817182,55.4153181839654,55.93535271677563,56.66160289131331,6.020599913279624,17.634279935629372,16.532125137753436,14.62397997898956,17.24275869600789,13.979400086720377,12.30448921378274,11.139433523068368,11.139433523068368,18.633228601204557,16.020599913279625,48.391636829146506,49.40038099187221,49.55326890731545,50.29846237642197,50.74889548040669,51.17437025282619,50.98878977027817,50.702928242594396,50.5563821860638,49.409197134280625,50.047726335209234,49.86256543598831,47.27256513762296,47.78361108671562,48.38427179627136,51.53198796113323,51.802692776688744,52.86135233541542,52.57352131496427,53.65714432879682,54.022149405616574,54.39933972668144,55.170612325838874,54.813064422152834,54.57004856686698,54.81431161829954,6.989700043360188,53.09510932966564,50.78010693991513,48.39232862622437,46.49772827300677,36.90993032099869,35.89949601325708,44.52399845911441,48.40011945275069,50.603956173199094,52.6248905917283,53.81634839464347,54.26556802967279,54.44127585175973,54.39681568503029,54.84222941057154,54.22276233657077,52.2049511784349,51.8439896418127,50.04136436761356,48.42334598806851,46.7655644233987,47.47893227146498,49.415760254081114,51.08788201860235,51.87264016427019,52.30295613917047,46.37029173272112,50.18708818404214,53.36259552014194,55.80194838726251,57.6302645999418,58.98979542238096,59.92970381781891,60.405916606102615,60.72618211391454,60.49878655745835,60.198077018012796,59.386222826155084,57.941428440628556,56.12465963953142,53.24004500231222,49.66423345943693,43.227360044699495,45.44886228470487,51.325286382168926,54.83883856619279,57.001817311233076,58.46426807567384,59.53844706580562,60.07451179037288,60.18494534347526,60.01294871041175,24.16640507338281,58.336888448364135,56.691020050939855,54.32855494017653,52.00678168235225,50.59767832750917,53.210285241144376,56.32588876637148,58.5264160406614,60.40722960718071,61.7848801898371,62.703641206159844,63.165808656608576,63.35418581718589,63.23103733866123,63.070827267014764,62.29692078955593,61.25196522434334,59.46304854993475,57.05359022014651,53.182407748198834,46.71033920344041,39.68015713993642,50.66348291883862,55.253156704530625,58.17552809872606,59.9192039155885,16.127838567197355,16.127838567197355,18.129133566428553,18.129133566428553,22.278867046136735,20.253058652647702,22.30448921378274,12.041199826559248,16.127838567197355,16.532125137753436,6.989700043360188,53.79495876529263,56.81990653171396,59.39511764718173,60.917161865685614,62.24953686834514,63.04943758399551,63.487019732510326,63.70826068514238,63.4872298661519,63.08899342038647,62.330209990703366,61.09907770504635,58.80038599864343,55.952426256396926,51.80125875164053,47.28329428376807,48.312937443770096,53.8007007306384,57.78221455650112,60.00872055785865,61.00470490282848,62.17978495023874,62.68451596266842,63.02038341690502,62.60253896487296,62.90415954887939,34.189638307036226,60.88734824911627,59.56382162215447,57.2531447519503,53.854811501692446,51.66006566471288,51.81386195083218,53.984261463054835,56.473878607907075,58.22758945634053,59.74706920176576,60.71075974764796,60.88641348905058,61.00081263818123,60.813184979277146,60.54252908079614,59.53195080209938,57.75994699572145,56.231634570545694,53.16475679221309,48.87802904683524,43.41177235247365,48.96311221581429,52.823274992385265,55.35821790019571,56.577411909945965,57.73877827302815,12.552725051033061,17.634279935629372,20.681858617461618,18.129133566428553
12.30448921378274,14.62397997898956,16.989700043360187,16.127838567197355,49.68973004441078,52.82923318606949,54.700957560408156,56.503551277478685,57.78223626766096,58.760849908451824,59.22842188132897,59.37159175142639,59.46287653898207,59.46572612757585,58.596887754397514,57.854579685768144,57.47363636596234,55.88344550130027,53.9379273470366,49.75422616994392,45.33238074060297,44.11030146797094,47.02886995046852,50.72459455729878,53.55001091640665,55.396405656694284,56.467770785575524,57.54080642190165,57.770445620682196,57.21357130022457,14.62397997898956,55.77273448787888,55.29231385495946,53.40882154498818,49.31910236989751,47.70211138680181,46.05660526371362,49.27642353589185,52.27989484044257,55.26938603663319,56.54662564085595,57.41029411710873,58.017281090365074,58.2972692331279,58.16151779689669,56.80651825699304,55.88312052326564,55.28495050124167,51.7876118452551,48.2656715605504,43.702909819487274,41.40413757591074,44.991507552345176,48.85191540606848,52.04624556764227,54.793881359958604,55.67659104007604,15.051499783199061,19.49390006644913,6.020599913279624,12.552725051033061,3.0102999566398125,9.542425094393248,17.853298350107668,12.30448921378274,14.14973347970818,9.030899869919436,6.989700043360188,46.57017587340369,47.28329428376807,49.82402406352672,50.37808827492338,50.93116871606861,50.7850394261056,50.88224711184667,51.00625532086342,51.10273132297135,49.81637424655769,50.63412177936587,49.79994276316112,48.97583109875456,49.22891464773208,49.15595039159146,47.4365084832032,47.8619045111294,48.551313277852174,51.73527157774448,52.15534462428711,53.34168148852709,54.02173654709294,54.12274021161334,55.08718208999562,55.21693677427879,55.302470964891526,11.139433523068368,54.700839858249644,54.05110619294486,53.10457518821522,51.34362010059577,48.95776026154071,45.892121262776385,41.459418695761215,40.18409207382068,43.720646707181324,47.60490336635115,50.675357896963504,52.4644441370707,53.65759334154275,54.1965841096058,54.19641886238553,54.355003602453806,53.763816631129295,52.66894630568552,51.31570549296703,49.23793017726457,46.771413877498006,46.386190267202295,47.04373614794431,48.420160476736065,48.57844902792016,49.82529018865603,51.96728722623287,54.6521921653919,56.71007056891979,58.12421991943198,59.14906158203392,59.63856742523472,59.89888340416512,59.768729269672775,59.437407771119595,58.665360270203394,57.34093026336914,55.47422698119654,52.67453341607674,48.221942408982144,40.43951418263276,44.83173486092514,51.243509557450565,54.52499443316282,56.92741195785353,58.45253117495606,59.36116462860747,59.97241304062637,60.1438821418928,60.16933105929431,59.724662057988354,58.851044127453356,21.73186268412274,55.68870257503585,53.782452350534804,52.30155034520514,52.31482333626407,55.259888568750796,57.72293095164262,59.39214140950835,60.93920137188264,61.878505465638646,62.51566440358567,62.910205647460025,63.071921394120295,62.926930264732384,62.344972893088126,61.50544305029535,60.264143586005915,58.357171989509204,55.62028637861657,50.99973984235501,41.45755623637207,44.76961984208253,52.73732586948849,56.204379773384616,58.529293047191295,60.0190843360527,61.12252664591226,18.573324964312683,12.30448921378274,16.532125137753436,11.139433523068368,18.129133566428553,18.129133566428553,21.613680022349747,18.129133566428553,15.314789170422552,13.010299956639813,20.0,56.774837634962864,59.02451104409717,60.5467432635184,61.79008295895851,62.63334205959146,63.22906383861468,63.43549002834458,63.32710869001823,62.928087802301825,62.206730880552634,60.998090462484306,59.28503388283109,57.14668343887277,53.733626256664294,47.7027010902593,46.81214093122201,53.36579798674038,56.54055192099442,58.79392383607805,60.7197180128841,61.86961135833026,62.54694992181502,62.91455212290355,62.992099678042884,62.83493904133194,61.644721216580876,36.483600109809316,59.54111718853092,57.63030207359058,55.621464885005814,53.39540874896825,51.19018216331861,52.77237785300893,55.2210109663791,57.20758629679432,59.12660382320173,60.2854685344076,60.92479224926716,61.3528820593416,61.3682991951682,61.06889898844465,60.119297402181246,58.97764504511617,57.837071022988134,54.85962634197807,51.28092181186872,45.623523527768064,44.404682698221485,48.86005397920503,52.675377899726655,55.417015280488414,57.28558298735913,58.3180644837709,11.139433523068368,17.24275869600789,10.0,18.692317197309762
13.979400086720377,13.010299956639813,12.30448921378274,19.294189257142925,50.216192445236835,53.048350692290065,55.03443380926119,56.6741279046796,57.970361325283655,58.79433086936271,59.37899863016875,59.60007219354268,59.579337231525926,59.254405040167796,58.77804847936747,57.846180057595184,56.707540884304414,54.9852695774947,52.55754786643045,49.545222979610415,45.893015839188024,45.55348418430587,48.17234730425498,52.12932991708014,54.110958801680454,55.89842410025818,57.05782488201153,57.504474504971206,57.702310420670685,57.87687835106507,20.043213737826427,56.53108270590004,54.27786246314235,52.08755676171837,50.330576679204896,44.969296480732154,45.9470186120636,50.75141674128388,53.03269513956104,55.563049135077065,56.81799128256516,57.655024034785455,57.81951301349289,57.97141459379881,57.68142115745665,56.9284691927723,55.6851735317148,54.04842265639769,50.66046246604769,46.3164666295842,39.33132823726734,43.05458854778667,49.1037357275441,52.04038544805531,53.96417311708544,55.48464353572609,56.338611629827994,9.542425094393248,11.139433523068368,13.979400086720377,15.68201724066995,6.989700043360188,6.989700043360188,18.129133566428553,3.0102999566398125,13.979400086720377,12.30448921378274,18.692317197309762,46.48106191733716,48.10481191304886,49.71966643900576,50.414597982104624,51.13943352306837,51.287900871057836,50.99006927850132,50.74436083679121,50.10880606818978,50.783190400212945,48.59282437515536,48.28563232703952,50.365091285327296,50.53051539452106,50.07320952922744,48.45693235834101,49.665406309053566,50.348890353267315,51.97217132712961,52.22175216330642,53.714853234945,54.199441891672066,54.304781879320444,55.13591784681516,55.27433973117991,54.511429576804176,21.13943352306837,53.34286837403884,53.53225501669502,51.91967724200926,47.88033959542923,47.02439153314047,42.154789363625355,36.27468272459709,43.176664423565015,48.28840278142525,50.45518562884493,52.23612740865596,53.65203353875515,54.33254453387662,54.82102884626671,53.92070555036004,53.518349434774414,53.881314092195765,51.2038964596844,49.21790485658187,46.91982756655776,46.55186473579409,46.52710372191876,47.258218252789476,49.45768843709651,50.7505399469838,51.56991095110956,49.769961245152636,53.22326821007687,55.46099506434891,57.44949796767004,58.717322643718255,59.63680656680595,60.146150316286835,60.32343109915456,60.284093787049706,59.987583159054985,58.939314531823506,57.60936395970159,56.296562409425846,53.51009304862241,48.945874119478134,39.835811867057906,46.078623183483565,51.57713581756067,54.931581936854634,57.19497845099837,58.731868627101456,59.78064506913931,60.09238796121936,60.48153473060225,60.324229216014444,59.52038915779625,11.139433523068368,56.91323780305549,55.324103732534375,53.1089077056197,50.83047303684814,53.05458854778667,55.808349157765136,58.039846404714375,59.97708708748089,61.32250721705791,62.15927701032946,62.78473047548965,63.22519061254412,63.26359623561619,62.9962691477548,62.17220655644518,61.167116567643454,59.854430910306945,57.53792878901751,54.302637680909385,48.788089323592054,38.89189612047073,48.44607630887449,53.9331893780059,57.216169112938566,59.05594061884376,60.48633270443479,22.50420002308894,18.129133566428553,20.969100130080562,19.030899869919434,9.030899869919436,19.54242509439325,22.09515014542631,13.010299956639813,15.314789170422552,17.16003343634799,12.552725051033061,55.65003192025522,57.99776004266022,59.92578699996717,61.42920119986039,62.29468097392386,62.973511844181644,63.354113594798335,63.419525988379306,63.24536165581591,62.61268817991223,61.634443497066876,60.29627239047413,58.326276887767705,55.11535786344954,50.55653501248483,47.05607163404605,51.02605194126567,55.494214064781616,58.0413397805329,59.900621148327176,61.22969094393747,62.12147636815062,62.693354542947915,62.48768009200849,62.46715181616456,62.47302413737419,37.69081787118219,60.92036741657343,58.22233480238844,56.40605645317301,54.346918302940104,51.29834847617477,52.52270345988322,54.54921045340151,56.82044843004482,59.10336202378744,60.04762324247121,60.86845114913356,61.20600251285971,61.29083776838066,61.02067522744338,60.49544008919477,59.51827402501035,57.84848997161579,55.69075302688816,52.53381626465004,47.808211758534725,43.36259552014194,47.419705472036455,51.99941576796646,55.058280338548364,57.05305952695835,58.13902420956253,20.5307844348342,18.129133566428553,11.139433523068368,19.138138523837167
9.030899869919436,17.16003343634799,14.14973347970818,10.0,49.134959596171235,52.76978513909275,55.57961710013997,57.112503005290634,58.24181175264382,58.89861721258188,59.5030350351299,59.66893233259783,59.59842903926358,58.88788651902688,58.90624983106349,57.862927580771284,55.72435928047337,53.73656657697567,51.17075653317485,49.060547613940045,44.58335625991947,44.66867620354109,49.98477303036506,52.70581021547261,54.81757843408488,56.011306933314586,57.146013184792224,57.433215819500525,57.51870081427015,57.80531165716396,13.979400086720377,56.16182384368326,53.630927723513544,51.33443097549098,49.61221700013602,46.86466450156474,48.997603315171645,51.85930098584522,54.14025217724791,55.37385843382098,56.52846587194308,57.41020739058855,57.489667319562194,57.27203612308805,56.775385185766055,56.72859515075792,55.446743923047705,51.89818647566669,50.74348261667719,46.35131745247176,42.407488780180856,46.826954958987116,51.41299233701602,53.89068578740003,55.20158509092311,55.59236121732809,56.393290787999646,10.0,9.030899869919436,15.051499783199061,17.853298350107668,12.30448921378274,14.62397997898956,15.68201724066995,9.542425094393248,13.010299956639813,15.051499783199061,16.989700043360187,48.53460927290698,49.659444947871364,49.652299316023004,50.60535421614983,51.259137182307256,51.62695810006326,51.29177328553545,50.94485104104049,50.465458875923005,50.57278031827711,49.90680649447501,49.520413407932736,48.57000616926359,48.39434050046172,48.432327780980096,51.21264305229581,51.716679588747866,52.82089396079587,52.31923018070007,53.43566132386124,53.83077156157465,54.344810782555406,54.960782053644465,55.01007198559891,54.863412019713074,54.508785329890244,11.139433523068368,52.54328094872524,51.04248046990445,48.80384800590303,45.77916694984103,38.81042108193406,34.94293768665332,44.33945755538029,47.891857194296904,50.7262115076389,52.2730039694511,53.71573936183995,54.09677879208391,54.4986238329755,54.497868469857735,54.34418791030461,53.719171396825224,52.125205246823555,51.4126159062209,49.64919294286642,48.04636847484357,46.863591617610176,46.599732152963156,48.54214921512205,50.62303645775491,51.96764613246166,51.84489848693846,46.40541061410289,50.53481804080292,53.48012638422195,55.97033369862863,57.821987746566485,59.21229055218824,60.13858512367949,60.61163230122861,60.77807428678551,60.659175338709915,60.367665863969115,59.43900426121883,58.25313147560521,56.259757355256674,53.35195037888554,49.09523937330235,42.34567897635686,46.46991537477122,51.794857228259744,55.22918698534851,57.41990214467265,58.84415827487301,59.78404228285004,60.379879286709894,60.4242901670401,60.12741500712488,19.294189257142925,58.29739135821393,56.80525872193244,54.534177270589,51.34868494559066,50.51773601795076,53.249077183560765,56.3188696963403,58.66826474862992,60.56258261963532,61.77899366539112,62.65790355421699,63.10231164092261,63.31126121768342,63.208812631079844,62.783778880441844,62.05698214868291,60.94641947820325,59.13964769972536,56.65986955668083,52.73441134312813,46.235180561820584,41.86221536270829,50.61245084119136,55.18120264382532,58.16205494085225,59.76441689378845,20.253058652647702,11.139433523068368,15.68201724066995,12.552725051033061,13.010299956639813,19.294189257142925,6.989700043360188,16.989700043360187,10.0,-inf,15.563025007672874,53.97540273842458,56.62111574071705,59.304090095713,60.837480057076235,62.05640875800685,62.82147233135355,63.307791170015626,63.41524144214656,63.349780060353666,62.802370374063685,62.348737344681965,61.147777319715615,58.91587630003322,56.10793198619149,52.67387648191381,48.55622114260253,48.218867433424236,53.338279969286134,57.31705581941917,59.24878612335357,60.731499139906575,61.82444612584167,62.416266583000805,62.465283698151296,62.368125129154365,62.3365517892167,42.13145724742836,60.69594105177555,58.66153189323414,55.952007128818195,54.376316703210634,50.10897548450238,52.00943473102828,54.373509549088624,56.51763415705635,58.62754335791944,59.86508391394092,60.79691965473627,61.15933200687829,61.28616684664205,60.98854419990993,60.88357611011859,59.96834208639239,58.00854491503561,56.57064462133746,53.64746055758879,49.185545305502735,42.01970342349048,47.71175771563677,52.5772176222827,55.36600102543984,56.65720730689134,57.937470927294825,19.030899869919434,19.86771734266245,21.73186268412274,20.170333392987803
18.129133566428553,14.14973347970818,15.68201724066995,14.14973347970818,50.433622780211294,53.740312600552194,55.35795232036182,57.18020626155251,58.24436305324734,59.103281940227205,59.56953677857666,59.67264281795583,59.49728039187471,59.360711800893114,58.507962828111204,57.491563540113795,56.24332640233054,54.380832887672355,51.45075147349328,47.295697263019704,43.87247411357325,46.9284691927723,50.12706495041576,53.34391417377155,55.14857093884473,56.51458286340702,57.664128471123995,57.76555910703262,57.68935420885258,57.46949298337683,15.563025007672874,55.479026373254534,53.50443794480233,50.7970570175171,48.6885595117463,45.212034845748626,48.51417357022564,52.23090791256672,54.18645937937029,56.117870140165856,57.12714504302145,57.48071682544576,57.680939675933146,57.481112431586624,56.828280337359736,55.13756802826241,53.062984739312036,51.660184195675,44.86416309145892,38.35373452470009,44.37703009726349,48.45693235834101,51.70431878540508,53.678961231148065,55.25445210446061,56.472704693612606,56.85853655748072,19.138138523837167,19.030899869919434,12.30448921378274,12.552725051033061,10.0,21.5836249209525,3.0102999566398125,14.62397997898956,12.30448921378274,14.14973347970818,18.129133566428553,46.812864740280844,48.809564288161695,50.56588539314188,50.995321684934716,51.37509188852082,51.13742862429349,51.0331101318382,50.814697284619385,49.9618320032566,51.24921364481579,48.84778376870408,48.68808957236165,51.43005426890744,51.38002536456432,51.5601883092165,50.35593818464033,51.46748013630639,52.22323608079314,53.46262976179471,53.829890619644594,54.43032867804179,54.90725196366525,54.71963174394177,55.00748157605823,54.753689652907276,53.32781719862915,17.853298350107668,50.3389398651317,49.749765948508404,46.63889298622661,36.326597132939135,38.934843462184865,43.73004004767274,47.98981936147421,51.14277296561586,52.745019144143946,53.71955871430771,54.5020290432103,55.51821916814034,55.53713157596179,55.12268042286128,53.49957098719464,52.18338531376019,52.22334019631703,47.84189205380961,45.969048408813606,44.872232455843324,47.991543833514655,49.33740299496935,51.01375840928293,52.124033658482475,52.449002758484575,52.900257026663894,40.73681699476283,45.98243191653623,50.60403175459535,53.9079385015567,56.40307485583476,58.17510500885358,59.437101256954705,60.273630645783875,60.69105443315719,61.13393789257337,60.83511577957389,60.29528653639527,59.827437235625425,58.57286651816337,56.7571694971846,53.421264699557256,49.09839404843442,42.41172786770047,46.84863307326608,52.10297112300132,55.37224523054515,57.63734886376667,58.972233946710375,59.95184435064242,60.40295694337482,60.212968253437054,16.127838567197355,59.020431624054346,58.1340016167366,56.23945671024684,52.93751367019014,50.93428689855454,51.19638533425346,54.17052974363939,57.34430162082498,59.49504176927416,61.03109663340859,62.19664672082483,63.08535815341742,63.41884019154406,63.5526853000118,63.24060311410101,62.69436819266395,61.97290760479326,60.47089814620003,58.58557648628807,55.55434250844119,51.17536432710338,43.63160530286105,47.33076834043662,53.27861403331204,56.41713005905657,58.767372971406644,18.129133566428553,18.325089127062363,20.5307844348342,21.84691430817599,6.989700043360188,18.325089127062363,16.532125137753436,19.294189257142925,11.139433523068368,9.542425094393248,20.043213737826427,53.45061867720779,55.94812275994005,58.07602669916495,60.1327593562272,61.59168204969959,62.54333414438964,63.21077254436767,63.378073560393304,63.501122800983644,63.25065948127544,62.495334300361606,61.50196867828069,60.10218518789418,57.99724351284303,54.88677602194578,50.588509998698676,48.34528786954192,52.20076692123425,55.525867022155865,58.50626633297237,60.1959811072929,61.618762785024884,62.35009508581022,63.16024891096777,63.054579950015594,62.51114318175248,29.60946195733832,61.11204693517014,58.81006696100208,57.71976775175389,55.266351689393105,51.6170931339876,50.61165870815172,53.21708181057965,55.584421535434096,57.99023329721684,59.65232754559012,60.567806405922475,61.134891100665946,61.32643850973081,61.21449861516063,60.78809403213077,59.86270439365519,58.62387227470585,56.37234481493627,53.62009092219672,48.81960670704853,44.01676195809461,45.820178846686275,51.330404611239004,54.69930943983225,56.903041970324495,58.08978246267095,13.010299956639813,19.49390006644913,11.139433523068368,0.0
0.0,6.989700043360188,13.010299956639813,6.020599913279624,49.97443179760522,53.149305714700034,54.857923838352065,56.571572401737626,57.96203706653397,58.91123593650085,59.42308232871007,59.64729507945641,59.617608025355906,59.571521647021164,58.85963611850645,57.99936433685092,57.31312307997999,55.70992178892468,53.35371635019661,49.84729786881461,45.45665787120142,43.76595204340475,46.7655644233987,51.27577727296238,53.77970664915871,55.76841019695603,56.98574616428692,57.66747362969336,57.96359213984196,57.864823884923226,21.13943352306837,56.560186220025244,55.27842485597466,53.302067238280756,50.68055925157527,46.605714236961155,45.1205704403734,49.09149356376578,51.615416852934395,54.71083317094124,56.31220476138546,57.15954065119077,57.533815669229185,57.787718478712414,57.6408642374914,56.648750407812535,55.314814717081646,54.59069662878436,50.578942197245304,46.62086989741682,40.923696996291206,41.63697945892569,47.60430023192519,51.00108510681575,53.363996889860836,55.369874751306014,56.28496213082012,10.0,6.989700043360188,0.0,15.314789170422552,13.979400086720377,10.0,11.139433523068368,9.542425094393248,10.0,6.989700043360188,13.979400086720377,44.010039798994825,46.033717491008616,49.14374894898725,49.85848437394633,50.44731779575534,50.520009801013,50.57730748889896,50.495009973998506,50.60641189552578,51.08416174573393,50.01184008498352,49.879699861140594,51.37116640582768,51.586036998114764,51.36431998330211,48.988622478623384,49.16696033140703,49.675479762188615,52.1529115278355,51.89170159711285,53.214347884608834,53.47878149037521,53.73458207913722,54.63649656222944,54.80886145863145,54.59259766389629,20.374264979406238,53.7710946234572,53.98554534676609,53.001344262777636,50.21966197697557,48.967521241275435,45.752109450836144,38.721562727482926,39.12593997752106,45.22509437992878,49.04228516340078,51.32915759874048,53.1895189386076,54.25340179245783,54.906845073252335,54.58893063647974,54.51198282014084,55.075428510916275,53.15796173135021,51.74954817211339,50.13650238333045,48.35062451008234,47.758288144646116,46.658154279909354,46.95140060619693,48.13087039701321,49.01273011949822,52.07820107696882,54.68738610007201,56.79649530119643,58.226191450333744,59.35954429390116,59.86657996901627,60.177409965208504,60.12709447436024,59.6823304059199,59.26959488380276,57.8314647588613,56.06299658463143,53.903733388690256,49.95011819985268,43.59152211446896,44.601458174917504,51.01338012345634,54.51462512153812,56.79319763813971,58.373674473265645,59.45384377017952,60.02689923993301,60.09488714317275,60.183230309445044,59.629018131343315,58.50512067081937,9.542425094393248,54.64680273199682,52.61740924436793,50.81437326351849,51.64902812078488,55.23855676841058,57.97475979860203,59.75627082225934,61.35219819689142,62.298038985102686,62.959179121562386,63.34157887810619,63.55233072735771,63.34755440792354,62.722559626307174,61.72600888153056,60.349683805511845,58.66435033179107,55.59200172682758,51.018329623045815,42.01533673443382,45.892009427767455,52.920455204495525,56.463586278405685,58.59586176483019,60.0129443803942,61.02109750770875,20.253058652647702,19.138138523837167,14.62397997898956,20.043213737826427,19.86771734266245,16.989700043360187,11.139433523068368,21.64352855784437,9.542425094393248,22.944662261615928,17.853298350107668,57.212531739882444,59.12802676643227,60.765239366492466,61.7701936730444,62.72745947681563,63.195243219173506,63.329239922342815,63.23676902621819,62.85054992203868,62.28581020480028,60.98748912697326,59.39200653164473,57.35835940624191,54.2008288073597,49.155317393839454,48.501865831924746,52.747718954513836,56.19095418575964,58.25507256391488,60.23400629628406,61.20283317305951,62.178301889044825,62.78528852558579,62.624864488799275,62.42892349471444,61.46692561651097,32.87801729930226,60.05633881775914,59.427519204298136,55.88735453776464,52.53602088515014,50.050474572527854,52.06753037930277,54.93909538262835,57.23089363836433,59.09695066792133,60.163989733136575,60.91930267690648,61.16203808421819,61.45494745066455,61.1093767977064,60.37834702226887,59.233606094924994,57.98656169028355,55.44477329086429,52.186326460798384,46.98839696444287,44.11282913017384,47.7027010902593,52.01989436592776,54.96398211328898,57.33762844194159,58.171877592515116,18.129133566428553,19.294189257142925,22.380461031287954,14.14973347970818
15.314789170422552,18.129133566428553,17.16003343634799,6.989700043360188,48.86857182745566,52.794935566020996,55.344233926262135,56.910974130137774,57.97273082032775,58.863739575832085,59.24382677201973,59.55342293532296,59.693879525817536,59.00773918447007,59.020137757878146,58.10942539857414,56.59856326025134,54.96001978701398,52.75969784728014,49.40142791106066,44.7017519665518,41.5742654478045,48.90225346582284,51.931802735653456,54.48175878636437,55.88953713868634,56.72291861068456,57.65765384928689,57.761779725822294,57.69174164648591,13.979400086720377,56.315705888365,54.81872410310664,53.125919816427455,49.701096699357876,48.227236730918605,48.799555851227495,50.48752457699489,53.748014842779774,54.762184320899536,56.32837765859756,57.27668924092761,57.850506576967966,57.90909760865348,57.59753184611209,56.93935254814206,56.10489818125192,53.34389406461295,52.23540069062274,48.99437454286178,45.65871420993129,46.90284702512629,49.56288517433657,52.515043836011145,54.55039867777354,55.34112448422293,56.3504118442533,18.633228601204557,10.0,9.030899869919436,6.020599913279624,9.542425094393248,17.16003343634799,16.020599913279625,0.0,17.24275869600789,9.542425094393248,6.989700043360188,48.05290116441658,48.92634351310466,49.15278447981383,50.33974316954806,50.60096965543303,51.240932113008235,51.26975138867829,50.95019328231704,50.678368011534744,49.58353612776128,50.374264979406234,49.90454296054058,47.31048582809215,47.91887054448624,48.304924332490884,50.79720160522447,51.4923451289587,52.08720762988909,52.05594079347658,53.18340944131272,53.35148869980841,54.04862782600782,54.64078009760074,54.60165386646226,54.68146385803906,55.12217305233624,13.979400086720377,54.11567520157668,51.76163635438134,50.47516291370079,49.49633923799262,43.75882991545229,37.890163267933744,40.357498373196606,44.83573034190131,47.74808830310705,50.3832602950881,52.27063592342826,53.25616220858657,53.873791468349175,54.1390299750444,54.7828505085033,54.762227840505844,52.591971472152224,52.948562546435355,51.3640344813399,49.73589623427257,46.692889806668404,45.643819640575465,47.43674357797056,49.481243183633495,50.17917730803405,51.01643985490313,49.45429191555494,52.868784330586145,55.19990659730692,57.3018854947998,58.41812302311127,59.60174328666223,60.17609232670339,60.451014712472706,60.290756034069524,59.691217786332246,59.17174542452816,57.924841423529955,55.92071225455327,52.896090170192274,48.29258732549291,40.01474096691733,44.91431735682969,51.30976691605617,55.0317079262493,57.31021959442148,58.791475098568114,59.64480729294215,60.1891551271854,60.45624923654059,60.25726026237042,59.9291079121829,13.979400086720377,57.39422016155787,54.95773218404282,52.60264629893412,51.05687272684375,52.48659743048336,55.553218190285705,58.138664216899386,59.987073549763906,61.34154786435077,62.27794182324864,62.961670013592936,63.15329550842513,63.16679952287228,62.93428412188845,62.13863195799242,61.33443097549098,59.59035665323132,57.50762880096574,54.080719830096285,47.93860201342669,39.43296614566655,49.20957705955449,54.37436616134682,57.42475320510902,59.46712567164916,60.74708584768439,18.129133566428553,19.138138523837167,18.129133566428553,13.979400086720377,18.325089127062363,18.573324964312683,18.692317197309762,18.06179973983887,15.314789170422552,6.989700043360188,20.863598306747484,55.24105196689102,57.9495763936636,59.844251408625254,61.37936156913308,62.17869111014562,62.993891754581185,63.22519061254412,63.32508143439405,63.076819104003754,62.17679990497102,61.56114033240449,60.17989404398699,58.14461359876645,55.20799149461547,50.78895241360162,46.84504252714032,50.63352126674226,54.491419413696306,57.85536253816335,59.79750907182578,61.21163776152352,61.865351084510955,62.734848646791775,62.65716872690332,62.59597701042787,62.2142467121808,30.663259253620375,60.04179022263857,58.92689401349251,57.00108966841381,53.85141347604658,51.477906785497716,52.22997241471426,55.00364108997949,56.98902249111797,58.695749114898206,60.00420627591793,60.98660682003662,61.38121046125775,61.53756649744064,61.261866244411635,60.49864330089039,59.907174761930186,57.921429496650106,56.30404481483779,52.75725867573664,48.359821166220584,42.281179241368456,48.88482776122159,52.61826490805912,55.13213603474563,56.54027257587738,57.9196068359082,20.043213737826427,16.127838567197355,22.55272505103306,17.634279935629372
13.979400086720377,12.30448921378274,15.051499783199061,18.129133566428553,50.776040681856216,53.727960529491405,55.28213293427635,56.98839696444287,58.14977023856841,59.120178848248386,59.438900482484726,59.57768621191609,59.5106539227103,59.3415593055926,58.57728006809622,57.77639204979769,56.74567226856767,55.07329544048116,52.56467581880589,48.47399894023287,44.76498319418576,45.680256230379264,47.85308475740523,51.83158764004507,53.991699246250676,55.80480194586225,56.75383265569636,57.377967348374355,57.695560295506,57.76644533187378,12.552725051033061,56.51659792628722,55.09940061876808,53.2341712135042,51.19638533425346,47.83338915240944,46.90196080028514,49.66620366591048,51.77724028481918,54.548707645208125,55.698442380861124,56.488135873762786,56.89685262138782,56.93278356623039,56.82925382705263,55.43239613524716,54.14364909689909,53.22934257762832,48.67850346749662,42.878017299302265,37.50816842649755,43.607637659541545,49.426280309747156,52.08876507828987,54.071324606158186,55.923100242557794,56.768197652757806,3.0102999566398125,10.0,17.853298350107668,20.5307844348342,13.979400086720377,3.0102999566398125,13.010299956639813,17.16003343634799,12.30448921378274,13.979400086720377,9.542425094393248,39.70625776688295,44.41302286693167,48.61970278681109,49.941411111261225,50.87128065618832,51.40272291029186,51.7344560176599,51.83466299696115,51.540768858157804,52.24846304606369,50.83391523699884,50.39132430507244,51.958830548507336,51.91017621683544,51.50833163556632,49.001485607193445,49.95077711699173,50.610187220507335,52.601978399451106,52.49526095446815,53.487136474677534,54.13155534244688,53.96443460112428,54.546451910385144,54.35941466431446,53.75586805618727,9.030899869919436,52.115743634828505,51.575323173180124,49.86816504585536,45.110272917463504,43.74106508804012,39.48119424380536,41.42264291170022,47.18377112354902,50.35609822977708,52.14446445718394,53.47544669645012,54.82098591192305,55.556940624863785,55.8539981120498,54.86216467024132,54.36938275283285,54.80688049594046,52.48071400919201,50.79922532785248,48.600323953630365,47.61333846515703,47.042964015481346,47.35598899698179,47.9276278264298,49.949063724444784,50.10507723629342,48.9108006481101,52.69814044053778,55.193882284447156,57.27379383040989,58.72851752641868,59.72218117127257,60.196122249875714,60.47787538509874,60.44618537715499,60.24911133492871,59.37092918077407,58.30098929304967,57.078298235973136,54.79180710385797,51.59903911572836,46.23083813359547,47.039444784955045,51.440415200791506,54.68974683726189,56.817421965505055,58.332038662202415,59.39124714104811,59.76134383358434,60.06183552012837,59.883167724198216,58.985919117003235,20.5307844348342,56.09645625210409,53.71821217627293,50.405746519694205,47.35167584450715,51.96134716368754,55.69675820758728,58.32092301177893,60.365690160760074,61.69726440500497,62.50112471514251,63.18330719572881,63.64970454389224,63.62202090904642,63.37392564511069,62.5398823298855,61.629217907250336,60.26102433413739,58.137764104668655,55.146699223018615,49.940178395735515,42.57630583877158,48.410715141163074,53.6532322125096,56.94138191033089,58.86039840171485,60.21788625343413,20.374264979406238,21.367205671564065,21.73186268412274,17.16003343634799,18.692317197309762,19.030899869919434,17.24275869600789,16.127838567197355,12.041199826559248,15.68201724066995,19.294189257142925,55.8405970545784,58.41440814828671,59.983508968854444,61.42682234587721,62.34256527324321,63.098434302861534,63.40297540509347,63.39520803627164,63.1810530081534,62.580431332044995,61.58982427024341,60.34835729636708,58.50551280311465,55.735213963525496,51.952186318361704,48.80064359833884,50.99504540080182,55.43074235033532,57.24604334201529,59.5248343695258,61.01560465899383,61.8059032755593,62.19634029820454,62.596122727071524,62.52962197435443,62.17037576026836,35.24915147539867,59.872393563743735,58.22576673322235,55.12377507312931,55.22701082502724,51.076745518807726,50.51943183341951,54.71224214104082,56.71913012441587,59.22856193641497,60.037026010418266,60.91262365424989,61.406930972749656,61.65845925119676,61.452865509453936,60.588301402480376,59.7073031820122,58.318704138889885,56.1015851882286,52.864138016988484,47.62168211738913,43.990677089490724,47.17287622663004,52.063562604805,54.87823934498031,57.3844599119582,58.46181802432532,15.314789170422552,18.129133566428553,18.129133566428553,19.084850188786497
6.020599913279624,16.989700043360187,13.979400086720377,22.278867046136735,49.51939478559591,53.28561031306866,55.90900880556008,57.6172416817127,58.647868772581944,59.27626962444954,59.8202732630544,60.01529494487527,59.89571723391833,59.42222417499187,59.1290459018754,58.19547225639117,56.59768876080902,54.85136296120582,52.39021541866636,49.18475941808875,43.429159170840855,43.16808752053022,49.40242474237714,52.40891058243001,54.62589644206618,56.28977128306118,56.90254572897053,57.56912873264288,57.69052222158073,57.5757593521745,25.390760987927766,56.086650711281514,54.77193631102115,52.99587917889758,49.913146981766104,49.53107035221487,49.61942883141387,51.1541744899857,53.71751107340287,54.693683462231384,55.968663846481576,56.97447307372525,57.17724578450362,57.145049513290715,56.744753379619596,56.22977254147324,55.10642849484944,52.376693838784256,51.01643985490313,47.35598899698179,43.59152211446896,45.921434342902145,49.34887122330797,52.19346096495328,54.196286660082094,55.05796866517824,55.88855230587299,13.979400086720377,6.989700043360188,11.139433523068368,17.853298350107668,6.020599913279624,18.692317197309762,20.043213737826427,9.542425094393248,13.979400086720377,14.14973347970818,16.989700043360187,45.946245541488935,46.67191363468173,46.99612284998696,48.6137308858948,49.642832068903154,50.5655422657117,51.200241350229305,51.423300125166875,51.59269340746835,50.65721593445246,51.74179055074652,51.465900033019324,49.017034623814624,48.44607630887449,48.243211248507706,50.76429251675249,50.85483238054158,51.38264794448402,51.55032228790971,52.87129620719111,53.571569922708484,53.96582891683383,54.75451806948324,54.87213344926397,54.84517643920799,55.31540224876896,21.73186268412274,53.97289817662883,51.56409815550318,49.508757748081464,48.2675488069819,40.78166708168154,33.78942698613437,42.09515014542631,47.08760723690317,49.98163399327606,51.9759203545952,53.685397622278245,54.250203927744494,54.831592097169796,54.86613226657888,55.47777165972818,55.1216389140557,53.387054443032554,53.23963306569016,51.64653188507846,50.08093199074759,47.20861878255128,46.24539913879395,47.21991876784905,49.00503677779401,49.697606016227034,50.856936390931615,49.22060795592691,52.7932466544261,55.51693915127225,57.45213025197653,58.72786562312378,59.79299289575273,60.432498578413984,60.641621189487005,60.57404383555719,60.11105453146003,59.57232204981704,58.38568282090871,56.417605710435346,53.75409362991828,49.79484637084379,45.26468512469478,45.4906459872272,50.746482469172875,54.46613270668528,56.922765885020176,58.406135207889506,59.29247728856887,59.98375309215624,60.11000454659941,59.92520381180271,59.410590140248615,21.367205671564065,56.774764622972896,54.07542158789568,51.10310190583664,49.92752284666042,52.31413515926957,55.72784502327493,58.43465128904593,60.19684864649565,61.65573410285467,62.5251735420958,63.20904081462547,63.411425885017,63.36565392647448,63.14008237767516,62.54008801587944,61.632210267155784,60.10052626770232,58.097280132159064,54.94895880756067,49.508757748081464,41.23263475902825,47.948016292743525,53.591066218096884,56.75741690804246,58.952705716370886,60.32783503666418,21.84691430817599,19.294189257142925,13.979400086720377,15.563025007672874,13.979400086720377,9.030899869919436,10.0,16.127838567197355,17.853298350107668,16.020599913279625,15.051499783199061,55.377750339777705,57.92750884576285,59.98346537396365,61.38121046125775,62.280472867866635,62.961975236306415,63.387402860159085,63.42315475817193,63.08956915182665,62.45850595081223,61.6828322980799,60.376192978260555,58.154535515642266,55.30001081569875,50.86477287887422,46.316568051679205,50.08723630094409,54.437103541591256,57.723107025003515,59.71934678309394,61.04161951609483,62.08456674723778,62.56937002120957,62.5885605074385,62.36273430600059,62.2831949847979,33.29804522164069,60.758989986530395,58.98247304509478,56.327507720214804,54.210590720750076,51.23511909429784,51.305685457437576,54.07888655455497,57.088566756953355,58.58374757900891,59.975750910959924,60.88928086477814,61.302954845533215,61.217337897528154,61.24609199250928,60.652946971568326,59.78100592092018,57.97772884621907,56.33816761443601,53.23973605350882,48.037847614443415,41.670217957902565,48.82074642305906,53.099812930413606,55.694043442805,57.046351798643784,58.35373452470009,19.030899869919434,16.020599913279625,18.692317197309762,19.030899869919434
9.542425094393248,13.979400086720377,19.912260756924947,15.314789170422552,48.24834971263772,52.45495394394658,55.67883516156095,57.238044452873844,58.57139433755538,59.19538305250981,59.75645915753367,59.97019657099457,60.100305596296536,59.646824017147694,59.29627337050886,58.51249173386619,56.89630242434958,55.30728472395745,53.02694492681632,49.93876914941211,44.968881529875674,42.653132025542966,49.07690767324928,52.112300359026506,54.515423640468256,56.19962094050053,57.085679064557304,57.7358241025809,58.06114824925301,57.82223872767428,22.576785748691847,56.588810233605415,55.206276186192966,52.86665258159257,50.2854685344076,48.82820417654229,48.714444961439305,50.632770509176275,53.46904295730114,54.80527209357919,56.128569391538285,57.12381130345697,57.70805635348519,57.71982648643111,57.47271940989394,57.198779549140426,56.09001785323524,53.80516949787189,52.57594587152616,49.512403503243405,45.64808044686603,44.2561572457693,47.70829928310433,51.161060899443704,53.431977965787894,54.31120813006062,55.443359834178395,15.68201724066995,11.139433523068368,10.0,13.010299956639813,6.989700043360188,15.314789170422552,14.62397997898956,19.86771734266245,13.010299956639813,19.294189257142925,3.0102999566398125,47.74808830310705,47.753701180195485,47.21686984387049,48.125657820089344,49.17111472493697,49.71966643900576,50.272558063490386,50.37143516700806,50.5985486912611,50.21458064854096,50.93981703914113,50.85575969718504,48.98999270889789,48.5396576180009,48.58837851428586,50.95549410775645,50.57609056229484,51.213267135367545,50.23190707213023,51.79566152517743,52.27683643752138,53.19339286755365,54.234031747680476,54.45573069936769,54.927394418424846,55.41106004567873,16.989700043360187,54.97974017547351,53.5042247660771,52.02414747773865,51.418885497058604,47.09626072126764,43.148779915358126,34.61948495203762,38.77371345869774,44.69601132113826,48.8027610611817,51.65259168471885,53.06433606122393,54.20619068217512,54.79316124441549,55.528202533907994,55.454172227603145,54.38645175014173,54.234244715429405,53.16808752053022,51.47741231732972,49.166065828154764,45.865535499028816,44.961682741749776,46.81910259129991,48.53046890151799,49.51167459700895,52.15357283023977,54.87381625422935,56.887845473702214,58.313385741140976,59.38061673279578,59.98866315885511,60.35215540165656,60.32733563790093,60.027123672826825,59.151601947527666,58.13573650196975,56.39299184290303,53.440797050208026,49.18308238281699,42.488801660242856,44.66867620354109,50.863598306747484,54.51863159220612,56.748032921656545,58.37748113099303,59.3554001301387,59.98920305805683,60.28197387107562,59.98179972140307,59.47713031435579,58.62673312591335,18.06179973983887,54.94155985985706,51.7004157794905,49.86561251922079,52.29820016575281,55.25610965275335,57.96990390545687,59.96242343592219,61.32052421399507,62.51040502341575,63.12241056757707,63.43483431755931,63.46485198946204,63.25593853959908,62.742504734747165,61.85574166248918,60.523868652778646,58.61030528223763,55.85961289630487,51.538910496761694,43.42146223633466,45.227049927347494,52.23498536857099,56.09151352321217,58.37528466106845,60.12601882970049,60.98103549867772,6.989700043360188,17.634279935629372,14.14973347970818,20.969100130080562,23.117538610557542,14.14973347970818,18.573324964312683,15.051499783199061,12.552725051033061,16.127838567197355,10.0,56.85638749349614,59.0523984342813,60.792290158133454,61.85889338311459,62.60721150283322,63.070893650486155,63.29321591428902,63.20456207734483,62.86234774778309,62.03818586300151,61.07873119344161,59.52913467005278,56.97886391744351,53.751146846922246,48.88482776122159,47.358702489615546,51.844216870925386,55.57940077553337,58.49216040197935,59.980438819013884,61.20706831301486,62.05226294724233,62.4968009581631,62.563003245504675,62.14085289132447,61.91084755967901,28.943160626844385,59.868406786390665,58.41150408101584,55.26242325836388,53.229838069483975,52.07688213335581,52.73836629792989,54.67971961442328,57.0559433198159,58.77109192507498,59.90063892216852,60.8603505634438,61.048918544571535,61.19278659440313,60.889861189479134,60.44214309581098,59.348946903924954,57.79590719864235,55.76023288734053,52.629254693318316,47.12464497828986,41.44262773761991,48.98796461450078,53.138081860390926,55.82267956091819,57.23036774073138,58.26813770674227,11.139433523068368,10.0,18.129133566428553,21.64352855784437
3.0102999566398125,18.129133566428553,13.979400086720377,17.24275869600789,48.94758994371892,52.655842425751366,55.57846324437079,57.11254522370365,58.16231354202741,59.000791423863674,59.50393092336951,59.8369212532629,59.80912845392368,59.35429166407565,59.07644032979573,58.266098867272866,56.522772918456695,54.84632908017972,52.48279863255517,49.07411360774586,44.688935478586146,43.274815414022214,49.77211292898241,52.40621624665053,54.83724195817706,56.35963015757618,57.126707425168206,57.77644277696485,57.84504603912129,57.84928817474503,19.138138523837167,56.39665748155175,54.527016323984164,52.726421068166005,49.75597222520748,48.07386178909412,49.48476540272302,51.35049920738958,54.12403421768289,55.29282741028727,56.71061708373563,57.655828793011764,57.951379562007936,57.95325155850577,57.660155537102625,57.091859779465295,56.01140485778493,53.33344482664397,52.125498094531544,48.8307630479262,44.3092925238497,45.87632403356187,49.92151288919687,52.698233771467486,54.59516123449138,55.06620017278144,56.14700052187673,-inf,12.041199826559248,6.989700043360188,0.0,12.552725051033061,3.0102999566398125,6.989700043360188,16.901960800285135,6.020599913279624,0.0,6.020599913279624,48.212514315459416,48.803561994192364,49.18664530902084,49.88848687126435,50.48197006911957,51.14947748734959,50.96106694310193,50.875329757340936,50.419332426447184,49.9321130913145,50.15883443501011,49.98368334404169,47.91192222432986,47.53253574809567,47.69406868913598,50.54766217838991,51.15610511674299,51.772160715348186,51.38700487604906,52.74674998490957,53.12737852482435,53.90626047834165,54.56308325832626,54.55120587554202,54.61674069926766,55.01185285232126,12.041199826559248,54.2412340881286,52.13020756711867,50.63577276106099,49.98477303036506,44.429185453698416,38.09694358716924,39.09823369650912,43.48772013844623,47.59577199860574,50.3200596544578,52.25477279831442,53.128075994812335,54.032852815009846,54.181985071811496,54.91307053349415,54.602752586000776,53.03355917506064,52.859644098593456,51.344130037903575,49.55716606131057,47.08395402645627,45.390007810803176,47.10844812556962,48.754895560242076,50.75262204448641,51.784013415337554,49.537403678558576,52.83620046662051,55.313575530986185,57.22351703948543,58.497878242376856,59.55415449376656,60.21215769545933,60.44393141660031,60.4031785922652,59.84259453330033,59.25648771291733,57.96636767226257,55.94305240673342,52.96939279561827,48.335423249543695,41.07820267248048,45.80080643863007,51.71369512891203,55.140653781523,57.26024273021793,58.77528561963749,59.81032180312166,60.37993897438422,60.522355559685444,60.32609494728601,59.872751344561806,12.041199826559248,57.29898257292221,54.995798701150875,52.34253994943299,51.10471862475243,52.48593594334202,55.68663942945111,58.16549506533065,60.044181117784916,61.55227298381405,62.44014732636288,63.03862975760218,63.23907276917246,63.26113125471724,63.02232627582717,62.373275424100534,61.37585124970806,59.83175072037813,57.65031917712734,54.44945257151041,48.67502842822796,40.55110637854146,48.859263398014306,54.214196416324214,57.32626929439974,59.41126160851377,60.670537369880364,15.314789170422552,19.86771734266245,17.634279935629372,13.010299956639813,11.139433523068368,18.573324964312683,16.989700043360187,16.989700043360187,12.552725051033061,14.62397997898956,9.542425094393248,55.386064051951855,58.034024839756704,60.01332540541374,61.346137334223016,62.32888666362216,63.00418513048976,63.29520115545293,63.409071153977266,63.16063698246384,62.37437413458596,61.70543328599618,60.41547819021314,57.96788652516018,55.250357321319626,51.24155214442987,46.85652184115525,49.84729786881461,54.44847030640556,57.77405070868889,59.5269269394953,60.914925014571885,61.81793584056774,62.53441961818829,62.16180950527085,62.17784161637873,62.13763389290821,28.65103974641128,60.28197387107562,58.44796410839144,56.87239929920179,53.866434090964226,50.21292690210029,52.5385390818252,54.512167218925924,56.94908660343727,58.71537910385015,59.90992025405484,60.70255144293752,61.10027119873507,61.084977096363986,60.91204284311959,60.53312438257286,59.50686074520155,57.672330671279624,56.10511114900085,52.872842979684805,47.72270351298581,40.0,48.39936611231559,52.68542871233667,55.389668838477625,56.70839354337524,57.959536674428534,22.14843848047698,13.010299956639813,-inf,17.24275869600789
11.139433523068368,16.020599913279625,21.367205671564065,17.853298350107668,48.70550206268082,52.63834828202347,55.22982529259821,56.84603022328371,58.111814157517266,59.000447024025874,59.415919236944646,59.75465355887798,59.58331624077624,59.4508680941386,58.93917592015306,58.03569089097476,57.03781295454297,55.385900698082494,53.04966353722567,48.79239282004893,42.948408364388904,39.77586438003851,47.93077613011506,51.520466626127345,54.28717783203831,56.0371799879957,56.746820606416584,57.8809551106945,58.11403398842023,57.59611193888597,23.979400086720375,56.16930051060348,55.75448805213169,54.104330345918825,50.25764500198142,49.2787315532222,48.47535643830479,49.04742586434438,52.56837965904041,54.03335040558744,55.63853517099048,56.61272083090233,57.286467305010625,57.44850556515858,57.13094709566026,56.239818027432364,55.143697484166346,53.60360490516766,50.84207954453043,47.38820182085683,43.51989455435632,45.118833609788744,47.77289044357314,51.53473389909109,53.77621291746241,55.491663985178654,56.35388231738724,10.0,13.979400086720377,9.030899869919436,12.30448921378274,0.0,19.912260756924947,11.139433523068368,0.0,15.68201724066995,16.020599913279625,19.084850188786497,45.78513143142161,46.22172560893429,47.76882707285475,49.21087933094241,50.17371456232196,50.75371748446944,51.56975967484768,51.76345970443694,51.97963861770562,50.896543487471426,52.17220655644518,51.77666336013047,49.547247909790634,49.578418480676575,49.661276472841784,50.894140458420374,50.75506814668906,50.92204657435211,51.519976980237416,52.46784077410944,52.929866665841004,53.34101749583195,53.76595204340475,54.25902497313247,54.30921201769405,54.86838368198371,17.634279935629372,54.420562430882256,52.51677147060549,51.21142747520233,50.645366043880024,46.05531294496408,41.26910294600161,39.11902996044033,42.07849711130527,45.44526913157487,48.978908862865474,51.493176647592584,53.08660438579432,54.065010070081314,54.66981737356821,55.48867063588218,55.51103400061891,54.661154769216154,54.63237321519317,53.74179909654637,51.74980942370255,49.62056644766601,47.83081356276696,46.41573253178176,46.870739175962434,47.78621481409864,47.86481678420501,51.87591217465447,54.684920711173476,56.857175607106846,58.359352290917414,59.40606123624698,60.004236646995786,60.44857134047345,60.399072293852505,60.04390597385844,59.15302728141974,58.338817934299,56.60930901720441,53.89180265177317,50.04600780332984,44.661258704181996,45.32015067377535,50.98093155281372,54.37401719156305,56.96840222025158,58.398480770291656,59.38347574354289,59.87963735171814,60.22264190864746,59.906855302800324,59.28581207275083,58.44089928095044,22.380461031287954,54.360035356698965,50.689276116820714,48.62041886339838,51.437297038681216,55.245583841949895,58.053934606421336,60.02302594577628,61.547148256113005,62.509569267005816,63.19091895038142,63.60678598112311,63.58200866121433,63.25078891648788,62.76852263844275,62.01795727470006,60.7595150617839,58.84439629072011,56.2189984914508,52.03796855957368,44.529052580575204,45.82245228275298,52.40454392003018,56.28783192612319,58.62372918266425,59.92599463139363,61.040857497931746,9.542425094393248,18.06179973983887,20.374264979406238,16.020599913279625,18.129133566428553,13.979400086720377,0.0,18.325089127062363,16.989700043360187,21.335389083702175,13.010299956639813,56.97774049317896,59.18345453092398,60.73334829131618,61.89191791581109,62.67127122895361,63.24847082581957,63.373931636295296,63.29414355794646,62.85343484483011,62.16900281538152,61.15858704100769,59.59873390325974,57.35587722858134,54.29199777360047,50.65960442354263,48.40407234754438,52.75380467527434,56.03868315056406,58.45556908821468,59.97443179760522,61.12933279124475,61.830544941502346,62.413038653499896,62.49598702424809,61.88879289043086,61.67771186377059,22.576785748691847,59.01735048266434,58.30283849952764,55.37825389150591,53.007215370660646,50.6496686382023,51.52563514256539,55.25175723847906,57.52276680689373,58.847919665864204,60.0691123325744,60.76276619745073,61.20214831815343,61.31296512650472,61.15040729748199,60.46183671704902,59.464522650130725,58.19661047655913,55.850646077082615,52.67289089431131,47.30475416534002,42.037398086338584,47.48071682544576,52.23075201025121,54.947457784947545,56.741747254701174,57.8915749191144,3.0102999566398125,19.294189257142925,17.16003343634799,24.232458739368077
10.0,6.989700043360188,10.0,12.041199826559248,49.90680649447501,52.91564194622893,55.17487529739623,56.639994590959205,57.969085974164,58.7236258648246,59.35879934095094,59.57097517954292,59.747497295562546,59.20095137993711,58.98872663130513,58.316016954053616,56.51775035443528,54.879708001647586,52.4863279478842,50.63952265968281,46.5915528094063,43.683612758721495,46.99360693585929,51.39328001151306,53.655628567955596,55.44148691551335,56.83440608169452,57.07106681409436,57.29210971538496,57.87977352738092,18.06179973983887,56.707281346138615,54.03321314491545,51.4345199902163,50.88100634642659,44.971647120327354,46.81901225161549,50.986575676516715,53.43055894107004,55.07882845670679,56.50402727146255,57.37923805127832,57.55329740806012,57.58381941774675,57.23818390393224,56.932097075177396,55.69613817379219,53.451874243470854,51.340272150413284,47.37296033844829,41.68850903709554,44.90829006303808,50.64925727001699,52.95127085252191,54.61722069372201,55.42014568150033,56.336956432587556,14.62397997898956,12.552725051033061,14.14973347970818,21.84691430817599,6.989700043360188,9.030899869919436,6.989700043360188,13.979400086720377,12.30448921378274,12.30448921378274,19.54242509439325,46.972380634448896,48.660331876895036,49.38444667801203,50.31832451831845,51.062929121756575,51.49003451928547,51.33494199284073,51.21917505628577,50.52743946382382,51.55754944727637,48.97544622483299,48.80384800590303,50.23914716633211,49.785639515808896,49.33917319988705,49.9202302776385,50.84304535482359,51.84538123356372,51.95526053832314,52.86389097228518,53.631247704712365,54.491218691334566,54.950237047385585,55.3003696742653,55.454023785958775,54.68731230635349,22.09515014542631,53.469199258456214,53.156030329994124,51.67966813395621,48.36893516376434,46.85024785105714,42.155053782318184,39.017851453035995,43.637059728547236,48.58837851428586,50.86932579162186,52.228620784183065,53.54517559325221,54.26358336760916,54.61764064535612,54.07154570381912,53.54081535116087,53.549090317433425,51.486334984893496,49.84185143553284,48.111995273844954,47.84909576419616,46.37029173272112,47.64743857205855,49.07674652601508,50.95549410775645,50.98037713285091,50.072910594517346,53.07378355977725,55.321592044234265,57.16432415001173,58.61788222722918,59.62138629459964,60.059702785922724,60.373185085481786,60.29780144146196,60.04006503666662,59.068197154665455,57.83062748880425,56.399822581424964,53.69334622566254,49.447638854655544,40.38739348104749,45.156884345438996,51.26975138867829,54.56822864939948,57.04600885222668,58.63171723142493,59.64415212726103,60.190838729983795,60.57022552047849,60.402608615118794,59.699049172108765,15.68201724066995,57.2433896063128,55.629408479114204,53.29245290093711,51.520466626127345,52.97760511099134,55.5580035918382,58.0840342472047,60.04535458286925,61.48008177686621,62.39796318074474,62.99292822382762,63.323206794423456,63.33866654824669,63.025112338745835,62.337644617081324,61.28393129094679,59.97327396734522,57.437605483253535,54.07202187593876,48.01431152719453,36.29919035503542,48.65483002195347,54.28167202855482,57.52742763685794,59.513928950985516,60.74433888345261,20.043213737826427,22.30448921378274,17.853298350107668,6.020599913279624,20.253058652647702,21.84691430817599,17.24275869600789,20.5307844348342,19.54242509439325,6.989700043360188,16.989700043360187,55.31156908843766,57.800031813227655,59.94636046200156,61.31769069699195,62.39151268057003,62.86925541812706,63.22715761021121,63.27088463546524,63.130030427507684,62.46006397032028,61.58965862733176,60.23868268179345,57.76623468825453,54.58198044863771,49.7221209829062,47.64639332067447,51.656893760176175,55.52261711199402,58.230096900163424,60.168503959810174,61.61806567904425,61.84883556526416,62.86569856553828,62.69256027417774,62.233827448644085,62.61573308113786,27.85329835010767,59.9230692055029,59.00630356969253,55.75563070303393,53.422647268354126,51.814462553670786,51.802090543841004,54.3419352419327,57.13781095571243,58.71456757908662,60.11020778928824,60.91805136203564,61.28260944580015,61.29536831195571,60.974159318638996,60.67850174599343,59.70776773019491,57.893550460217,56.181788886064425,53.07739858969554,48.870994386944815,44.37147838560457,48.49622078212741,52.686247683358715,55.15070716032646,57.051527000385256,58.09566447830854,15.563025007672874,19.030899869919434,19.138138523837167,16.127838567197355
17.16003343634799,16.127838567197355,12.552725051033061,18.633228601204557,50.123351769290124,53.28748495087829,55.29042601728405,57.14015243510435,58.221942408982144,59.00802297607679,59.5658762973605,59.8162700436272,59.80807549337983,59.486129495055884,59.00730254578385,58.267801202371636,56.86409232977265,55.15684460623913,52.76783384700269,50.62724845493073,46.64735968518705,45.07586039763011,46.54840475788552,51.14427487742054,53.293673657962515,54.985820752843765,56.56125044992292,56.9184150545092,57.2434305713456,57.75889937402576,13.979400086720377,56.812484755566345,54.60410678924603,52.7214341759105,51.89108348431208,47.08454894458389,46.08622295084,49.56922026642047,51.71673808707182,53.99737736268233,55.56943817756283,56.40736770779735,56.69552098449507,56.92406234833631,56.70402653327581,56.198287115429075,55.15318704338529,53.36341637726751,50.7160588491774,46.683299953453854,40.04922949296525,41.43795203845767,48.85587356189656,51.48429889687268,53.563624484381066,54.913869102011404,55.928116293000166,6.989700043360188,6.989700043360188,16.020599913279625,6.020599913279624,0.0,6.020599913279624,0.0,13.010299956639813,16.989700043360187,9.030899869919436,13.979400086720377,42.361592305796634,44.51602243332979,47.147487607250596,48.31952915486159,49.7222598778777,50.71885687752241,50.87444211966968,51.26082680390728,51.29689892199301,52.39301982257903,50.90526096765652,50.71837839519735,52.42630861888769,52.081859721085834,51.45457463903382,49.33977996122309,49.852018583645716,50.18005237667574,51.62259636356234,51.6701292651354,53.11673350226167,53.6595572266568,54.43771323019792,54.94272895311344,55.12867092255921,54.874918915584914,11.139433523068368,53.54023878007538,53.70202107073627,52.55393125707304,48.8807273312369,48.06105323204325,43.50867996286564,35.118833609788744,41.91590726379211,47.895031526532094,50.786960129038775,52.50795577786812,53.74405539576627,54.94762459085936,55.479026373254534,55.07343047599939,54.9505704393888,55.32378507082629,53.541718491990046,52.25249820672878,50.12077599531015,49.68912360840227,48.40739501442233,46.453141735605755,46.43472416695818,48.59216379185923,49.55023536792821,52.27735060541527,54.96209838095885,56.90926675256138,58.38850349560016,59.43024352892965,60.02047208696244,60.19535421274584,60.185111815570124,59.849829709188846,59.319315729747174,57.91450633253903,56.24282095835668,54.41641729057299,51.02605194126567,46.43709229251458,46.78700434998304,51.2112960410808,54.48922640496831,56.556684885479704,58.04576234205629,59.1547265126857,59.660562739577244,59.729545632541516,59.78494593251105,59.12413380372957,57.77154850050664,12.30448921378274,53.36493755585909,51.233615587462964,49.7077445039659,52.24483855315482,55.5155855802391,58.14708955000749,60.03123478448914,61.52470893199037,62.48104025747811,63.057865208370444,63.481344225798885,63.63811220827727,63.48597864275351,62.952206256871534,61.932428996473625,60.63549513985536,59.05640477647229,56.07649071958178,52.163242786866675,45.254724089362256,45.558438366988554,51.61134318896658,55.704974066219286,58.071018705893316,59.64396357205943,60.676944970465044,14.14973347970818,22.576785748691847,15.314789170422552,13.979400086720377,14.62397997898956,19.294189257142925,6.020599913279624,19.54242509439325,13.010299956639813,6.020599913279624,26.522463410033232,57.11790362908569,59.0703118675252,60.74708584768439,61.841543335657015,62.69599327539378,63.09918111377593,63.38189061191632,63.312349090388736,62.99837524568566,62.2583657758362,61.25237211475625,59.75603194626026,57.52033074291343,53.9874011022954,48.731170694330494,46.887845473702214,51.43367716364853,55.48444699626209,58.1326399137173,60.168503959810174,61.219726052401526,62.33443888517088,62.707396098331756,62.61344722613512,62.596237385911344,62.079802113034205,31.832698436828046,60.4031785922652,58.12881952675699,55.95516062237025,53.100663716677616,50.62314933236848,52.24939456981016,54.80607636921847,57.178385308099834,59.22631013321237,60.0444218544221,61.09317959540897,61.409631537719996,61.53895620371099,61.213408362776704,60.673063606525446,59.74777346271609,57.80508129314746,55.72993512683365,52.49056423891135,47.704469720349366,43.117538610557546,48.50682986334541,52.85107029566812,55.65145062306299,57.64299451523148,58.6239974763749,6.989700043360188,24.14973347970818,23.521825181113627,20.043213737826427
12.30448921378274,16.020599913279625,19.54242509439325,13.010299956639813,47.67816085510706,51.94039549815222,55.21749850865554,56.99013431612882,58.13635688882862,59.01291001331842,59.61558717504052,59.89459162017106,60.026748172800744,59.44565575001693,59.3245854380943,58.71678577670878,56.66130312074661,54.98371212909391,52.74492681325758,50.608035687480104,46.17262517091375,43.46216013155005,48.82894356093019,51.90905708142735,54.344299714466416,55.85562241029359,56.76364335329397,57.33284757399282,57.55634022143552,57.932293496859614,19.138138523837167,56.67359546183087,54.435320883977816,52.28780071992797,50.71885687752241,46.54686610467077,47.65817515309919,50.128034917848936,52.94688827695882,54.18052578237504,55.79621277296232,56.86454828527019,57.41281631269889,57.32826230408125,57.1390364034594,56.93918558869207,56.194272748814925,53.32858411470549,52.62261192708644,49.62449840816365,45.41828766781313,44.07373906311004,48.19787335441155,51.50891464502115,53.469648592945305,53.85695625410561,55.16006230386048,12.30448921378274,18.129133566428553,16.020599913279625,9.030899869919436,18.692317197309762,14.14973347970818,12.30448921378274,15.68201724066995,18.129133566428553,16.127838567197355,19.86771734266245,47.15309589010182,47.484438751637484,46.96924008405421,48.48065895403992,49.43420313471449,50.53097659628283,50.83420196389811,50.88167994878192,51.11883930159326,51.15504004949409,50.60561866014357,50.45201672396787,49.786825651569444,49.38264477157608,48.595285664435764,50.38655921230788,50.43916092377097,51.012829830700184,49.898145430342026,51.797384517160495,52.421462094924166,53.48299020482198,54.58796431966526,54.72094999379663,55.21772056964914,55.35511845780491,14.62397997898956,54.81982652417373,53.87918133811564,52.58972331109386,50.92952113165716,48.16506437046357,43.609907985789214,36.363875858131564,38.75871190727366,46.355842663112306,49.19940591856307,51.636919876340826,53.04443131940325,54.14199280297666,54.58417246939828,55.18232215129601,55.114555372950676,54.283842796320016,53.83958910679112,52.75062456686037,51.16929693163621,49.48437418608308,45.325505566342315,44.56016634817745,47.64937908602465,49.00356202871695,49.93898937429586,52.22825681177077,54.986854018120766,56.81968975344763,58.38323213214699,59.26458723182818,60.082338474520796,60.28919605802686,60.31159936311158,59.94592074804476,59.124611981663534,58.08481056565952,56.237711641279844,53.69007940203879,49.40142791106066,42.686247683358715,44.403579968152876,50.73384713381745,54.40688731872159,56.771706143493105,58.379733252424344,59.37850756958386,59.9618320032566,60.092553767826246,59.9528410768926,59.43420313471449,58.4664014640526,18.06179973983887,54.586454019074836,51.4805018201448,49.609699529878455,52.301039034556254,55.22313795156667,57.94575175655731,59.98468586552008,61.35997832665399,62.53951207054609,63.05604347536747,63.41779844278029,63.47728992541104,63.30385360631257,62.75657730383071,61.76654029449877,60.454207818457135,58.530907480674976,55.52709575521958,50.93004702438131,42.249213455840305,45.83289478747963,52.42665636645263,56.11325996406292,58.414552049394544,60.01891570058693,60.98846118706771,20.827853703164504,23.873898263387293,22.30448921378274,0.0,15.68201724066995,20.969100130080562,18.129133566428553,16.989700043360187,20.5307844348342,19.030899869919434,21.958996524092335,57.06246543359373,59.123389866722945,60.80159477562344,62.04964406827347,62.703979093016365,63.110841076822474,63.27625764678579,63.177299695527864,62.81771268015122,61.896129768460746,61.06483275920988,59.425239365135965,56.6651798055488,53.34962140989607,48.780274755907286,47.338069364288415,52.68814242422131,56.058790561135524,58.302806401963856,60.21451451077272,61.35828237866093,62.06346538932779,62.46527138904389,62.5977754326582,62.21221175166608,62.23819010624104,39.97298992409514,60.35231558625365,58.09330723851235,55.94783570849614,54.01403987549469,52.230284269722524,52.93515028295265,54.842044264722425,57.30573150471781,59.11871077099282,59.9516818669707,60.911546452050786,61.26796145168467,61.32915759874048,61.01921924733351,60.666277762589395,59.85392789130215,57.639106906316606,56.33527030884946,53.13329289819691,48.267031026939975,41.80985580786731,49.00066569375486,53.141454170322206,55.690671027398665,57.081326913555415,58.40134335231721,12.041199826559248,19.294189257142925,19.86771734266245,14.62397997898956
15.68201724066995,16.020599913279625,9.542425094393248,9.030899869919436,49.53875616944853,53.14947395704567,55.71573748711834,57.26096086639117,58.42627334836993,59.13551607651222,59.64488270135397,59.86305849147941,59.827455311514825,59.60438430190824,59.059857415411585,58.20973436071061,56.94009060775147,55.255229158993004,52.885376158348706,48.74110566316574,43.609907985789214,43.352572564345316,49.75473167919027,52.40102244110203,54.85383510455715,56.49389385537853,57.03109022155793,57.959911825029096,58.16861467115331,57.74946668120742,14.14973347970818,56.31159558151505,55.42682297744851,53.426950165008634,49.82673673696298,48.92166979072933,48.21467672871282,49.85102990633706,52.89965564187141,54.62003959027619,55.89544145030851,56.787268267780576,57.38689410479602,57.473069119368375,57.09355623899341,56.228613542560694,55.07653513464988,52.972131959896416,50.83434532024928,47.209609738000964,44.51755742250175,46.290934481667314,49.06038585850116,51.660776801964886,53.81548256191099,55.08401768417083,55.906746805752014,9.030899869919436,9.542425094393248,18.06179973983887,20.374264979406238,13.979400086720377,15.563025007672874,16.127838567197355,10.0,14.14973347970818,6.020599913279624,19.49390006644913,46.02895204570548,46.99013431612882,48.21762373995988,49.651169982845936,50.24337867492143,50.75415558310823,51.23031258219663,51.35974969813322,51.68579973961728,50.19440331916381,51.650958747542184,51.25692668481798,48.53308753633807,48.40363331464272,48.83468372477887,50.18409207382068,50.21788625343413,50.88702960351475,51.41393327128253,52.58936445429234,53.263358609287515,53.78799301502831,54.4650299377424,54.52099383077264,54.48062902223959,55.09605704611556,20.863598306747484,54.1424111186373,51.56600633679069,49.814788279263894,49.017034623814624,42.30474467361159,36.82415861677359,41.925953275692116,46.413650274154456,49.08511826352619,51.629286548775475,53.219545011996715,54.18296318453696,54.78696331677028,54.93625323233193,55.63727827453131,55.172658546482666,53.5617314796287,53.450402840195565,51.6540459663102,49.93109835880613,46.62455608647872,46.96199070491402,48.00634609475243,49.759737638547605,50.627323632053944,51.34132464146106,48.86998045671099,52.78355696411606,55.65560947973165,57.506163765015486,58.87248668691191,59.741467873795074,60.42536136722143,60.71511226579061,60.707986013351636,60.071231907491565,59.51272418323417,58.253254848170755,56.28443085750181,53.59807034171364,49.245532187891044,43.591712057167,46.69958084060207,51.62579340739485,55.25355831983467,57.26670168482115,58.65822069868706,59.7054956168204,60.184083748412874,60.245714508585934,59.91857116640374,59.43296614566655,16.989700043360187,56.585808556885915,53.749718493614004,50.26194031014158,49.84671304221452,52.77237785300893,56.059619179489594,58.601127140415414,60.376814217028205,61.77904556389699,62.58741175370901,63.19052732588756,63.44135158140999,63.50779897127995,63.21130125835665,62.643419627389875,61.524161671857186,60.10098454941318,57.94974351409867,54.9931584960033,50.23766721957749,42.635413891715785,48.275889498126745,53.61586195156881,56.835297197898996,58.86820550899884,60.14090651738123,12.30448921378274,21.13943352306837,16.020599913279625,19.294189257142925,15.314789170422552,20.827853703164504,20.170333392987803,24.345689040341988,18.06179973983887,18.633228601204557,17.634279935629372,55.71668078403695,58.127883954850944,60.108712886400745,61.38367442699111,62.312444839631866,62.89772842223516,63.29342953400727,63.29234505090387,63.10534006424143,62.364737752886384,61.53537436820673,60.23190707213023,58.21766301993678,55.268559871258745,51.430429191303794,45.64808044686603,49.736680754928244,54.23442491075262,57.24528997695914,59.42677095425572,60.6587312845516,62.0263895896625,61.84011071191759,62.44355558932153,62.61972627697617,61.93669907901263,39.75753389036287,59.74096081822062,58.579021341957045,56.63273014659776,53.97832290282893,51.63048014096093,50.89551882886454,54.24522297086633,57.3018854947998,58.73225244232213,59.84952398800048,60.89863445417285,61.40025400109974,61.50298578045131,61.32486705989265,60.66105926521299,59.59825754386067,58.10160577811694,55.95722128463562,52.83649429444897,47.34199560686231,41.86193249920351,48.85321634094973,52.92043303581222,55.82794907820127,57.153388661150274,58.42209704640431,12.30448921378274,18.633228601204557,19.138138523837167,6.989700043360188
15.68201724066995,6.989700043360188,10.0,15.051499783199061,15.563025007672874,6.989700043360188,13.010299956639813,17.24275869600789,3.0102999566398125,19.138138523837167,16.989700043360187,12.30448921378274,-inf,15.563025007672874,11.139433523068368,21.613680022349747,9.030899869919436,6.989700043360188,16.020599913279625,3.0102999566398125,9.542425094393248,12.30448921378274,12.552725051033061,18.129133566428553,20.644579892269185,14.14973347970818,15.68201724066995,17.634279935629372,19.294189257142925,12.552725051033061,23.838153659804313,17.24275869600789,9.030899869919436,20.043213737826427,18.692317197309762,16.989700043360187,18.325089127062363,21.84691430817599,0.0,6.020599913279624,11.139433523068368,14.14973347970818,14.62397997898956,6.989700043360188,12.30448921378274,-inf,12.041199826559248,12.041199826559248,17.853298350107668,15.68201724066995,10.0,13.010299956639813,12.041199826559248,18.692317197309762,16.989700043360187,3.0102999566398125,3.0102999566398125,6.989700043360188,15.68201724066995,-inf,10.0,14.14973347970818,14.62397997898956,10.0,15.563025007672874,16.901960800285135,13.979400086720377,0.0,35.10545010206612,32.67171728403014,29.694159123539812,26.9284691927723,28.23474229170301,6.020599913279624,25.118833609788744,30.511525224473814,34.166405073382805,35.05828033854836,37.31508183596026,35.76341350205793,39.65483924245139,39.08699432352224,38.87223331362523,37.81898919351149,35.42202782434028,37.02775077901044,34.8572142648158,34.52706226511029,29.268567089496923,28.58537197569639,25.158738437116792,25.390760987927766,29.86771734266245,35.118833609788744,16.989700043360187,36.45520514905874,36.658623002031554,36.25826713285711,35.00922239190301,35.55336327995266,34.13969971748061,33.73279893277496,30.277572046905536,25.514499979728754,21.613680022349747,14.14973347970818,26.127838567197355,31.072099696478684,32.22456336679247,34.649364291217324,33.91816923613249,34.16973172603036,36.54850090561394,34.95544337546448,36.16265405281708,34.37750562820388,30.852905782300653,33.117538610557546,28.432327780980096,25.575072019056577,14.62397997898956,54.03244097279249,57.2835134671824,59.815223345081606,61.80070796017267,63.31761847713062,64.13486520852207,65.05146992535079,65.39875293267065,65.43763435076602,65.13444013621447,64.4283834510057,63.28209318466432,61.48851809133262,58.81615724415937,54.61127702524749,48.235589930939824,51.467046439705875,57.01542082028082,60.41899329623915,62.39803068767846,64.03605184200397,64.90308303951332,65.3472270402555,65.39415619473817,65.01846170007374,64.24909391406553,32.265999052073575,61.25512820033461,58.65024573849054,55.11319079869765,53.36443722696916,56.71070970654973,60.37649962645095,62.868948095382734,64.90006263243846,66.2301305268252,67.22034132812885,67.78940153172908,68.01752926212706,68.01438836365304,67.69271250728994,67.15252367484321,66.16399466310591,64.8324785841809,62.7573990803114,59.7102057932463,54.54242525591326,46.780173312839835,53.20364417544825,58.67991624758494,61.89508560983331,63.83637484171332,65.03319510752243,65.31910569999569,65.2948784581205,20.253058652647702,19.49390006644913,16.020599913279625,21.13943352306837,17.634279935629372,18.633228601204557,15.68201724066995,11.139433523068368,20.253058652647702,24.955443375464483,22.278867046136735,19.084850188786497,19.294189257142925,18.692317197309762,13.979400086720377,3.0102999566398125,20.253058652647702,19.54242509439325,17.853298350107668,17.16003343634799,11.139433523068368,12.30448921378274,12.30448921378274,24.60897842756548,16.532125137753436,6.020599913279624,12.30448921378274,11.139433523068368,18.06179973983887,20.170333392987803,31.13943352306837,24.668676203541096,31.550322287909704,36.72651922840002,40.4233920456355,31.338581252033343,27.85329835010767,33.36259552014193,16.989700043360187,38.02363174309547,29.253120914996494,38.636796678758984,22.380461031287954,26.522463410033232,22.278867046136735,24.16640507338281,25.68201724066995,21.13943352306837,12.30448921378274,20.170333392987803,13.010299956639813,15.051499783199061,14.62397997898956,15.68201724066995,17.24275869600789,20.253058652647702,20.043213737826427,6.020599913279624,0.0,18.692317197309762,22.14843848047698,15.563025007672874,20.253058652647702,18.129133566428553,12.30448921378274,10.0
12.041199826559248,20.681858617461618,14.14973347970818,10.0,50.39909606374096,53.481061716975525,55.73049231794045,57.25965507591961,58.510380872206156,59.19641263406139,59.617864122339775,59.79750907182578,59.809346275959186,59.66705245556867,58.80755301478092,57.83195845785382,57.111067334998744,55.33803822471907,52.85019170655501,47.163539783636736,42.15928229339917,45.173146856647705,49.96861768490674,53.20250171886434,55.389354951621364,56.903609033877615,57.560066478583195,58.409669261878236,58.67140317928914,57.80461332861718,-inf,55.87671685963975,55.44783420312428,53.179505707955165,48.4067056133341,47.84024993322423,48.662223377669555,50.96677168757921,54.042947888227616,55.816914385297764,56.79108872849205,57.45102910458342,58.02886558805601,58.00277751442944,57.60858067360409,55.951455583528826,54.53454418053145,53.12283165791478,49.20191179502627,44.644448339639276,44.733117571189815,48.224623057586705,50.19751682409738,52.75725867573664,54.70829293472811,56.216933868429244,56.662342861316034,13.010299956639813,0.0,9.030899869919436,13.010299956639813,21.702617153949575,16.020599913279625,17.634279935629372,14.14973347970818,14.62397997898956,17.16003343634799,21.73186268412274,46.979003236632046,48.46714326659982,50.3081823084552,50.81620906352818,50.86377629264202,50.90600132347003,51.10067569844297,50.969725469111175,50.978436105420776,49.18308238281699,50.70647299144681,50.315942621411196,49.04309725767541,49.476787399369364,50.222221045077056,49.746958719096824,50.078544187580356,50.740297579218314,52.544634817426214,53.01659266551521,53.611269612072846,53.979834359489004,54.28719401528741,54.210327173554525,54.184951886946706,54.336434462393186,16.127838567197355,52.94906910605192,50.7779290608659,48.21912921825042,46.00243016285841,38.988348380682744,40.37784941753637,44.21817731364133,48.46114339884909,50.43802244971211,52.477990228913434,53.882380076603226,54.460678258117326,54.758832000928514,54.84735339317616,54.678758502951084,54.09556120563377,52.30410599586237,51.21024442488678,49.066582176716,46.419101690776266,45.105718176805816,48.148466686044635,50.37808827492338,51.37699004259602,51.43795203845767,52.19820207147237,44.636093364034664,49.61221700013602,53.468241825579796,55.99105447480511,57.74460029274501,59.043487008995,59.97722242883873,60.62401836864433,60.82409776521459,60.7790834727882,60.44083668563644,59.55690155038199,58.22746535251419,56.40364151686651,53.55422783325649,48.76679610419201,39.16190659980538,45.78925589458768,52.25477279831442,55.52643885207573,57.715823369229184,59.17879776249866,59.99784971007391,60.51787093660725,60.628515015714974,60.428955046006145,24.16640507338281,58.49523828488597,56.64914499123155,54.02723810296759,51.02382245940545,50.45186017491025,53.533102183883976,56.601613124545494,59.03439453408508,60.672196889741414,61.80809479757662,62.731608314947636,63.29652685621142,63.51078780847853,63.33024059483382,62.97565527091451,62.16470461630621,60.889330407719065,59.16184865837216,56.7534749848551,52.804258397582124,45.52643885207573,44.75089803389007,51.949719830374164,55.834764975470925,58.21838308989204,59.94794306372151,11.139433523068368,16.127838567197355,23.979400086720375,16.989700043360187,10.0,20.0,24.16640507338281,21.84691430817599,13.010299956639813,17.24275869600789,15.314789170422552,54.50630873211563,57.30738682582643,59.167907251727456,60.76550881676166,61.91683470266669,62.71230377423009,63.109066907005584,63.29471103170677,63.15473665056389,62.681942848496206,61.88674297926002,60.74379367327847,59.14475382567837,56.889979031063135,53.253617037224565,47.87580898378722,48.97764504511617,53.338279969286134,56.689540419979856,58.74245761763726,60.498074099731404,61.20127892367957,62.001722724825115,62.472023846468474,62.88549907288278,61.670956993864365,32.90924559382754,59.230143726558744,59.63463401515974,56.13745653570297,53.67961274500403,51.23001813306024,51.23658941271644,53.66273496850445,56.049363320670665,58.20123266299588,59.525042702931366,60.37382667845481,61.09165990596151,61.370225662479136,61.12972120052754,60.36017339196803,59.37177243497135,58.362816971188025,55.981741809947245,52.71493102185657,47.90847903965432,42.149762347220666,47.15083670694927,51.81986424480151,54.71656893042751,56.78140369274087,57.996850909091,17.853298350107668,10.0,16.020599913279625,18.692317197309762
11.139433523068368,15.051499783199061,18.129133566428553,20.827853703164504,50.46514673981031,53.46544647729588,55.38827500755289,57.04117042259647,58.0521939308004,58.8765161499482,59.34500976204146,59.63043696933553,59.72833912350388,59.16960067211499,59.08215243594816,58.19426133638827,56.44511458165332,54.90263362358961,52.55552293625023,50.66974087282987,45.98582608265647,43.53377594888645,47.76969811525757,51.56282556870387,54.040139392369355,55.65924521522851,57.12337334953277,57.44903695848695,57.79516406320379,58.39996251760263,23.654879848908998,57.340954296554614,54.61085645778675,52.64633680881063,51.690863574870235,45.69607967546824,46.45392791347661,50.55320982366588,52.884191530889794,54.90993087617128,56.339781998310194,57.27544510158559,57.63969774805809,57.67103896111721,57.40138377698103,57.00530656978592,55.999550847858785,53.56142546199911,51.52548231614438,47.741518589547105,42.14048679411942,44.96071276220637,50.74190869470247,53.23524351501383,54.99605988419715,55.69464036853127,56.793570226921474,12.30448921378274,16.532125137753436,3.0102999566398125,12.041199826559248,6.989700043360188,6.989700043360188,17.16003343634799,16.020599913279625,17.24275869600789,16.127838567197355,19.49390006644913,47.13927138132432,49.020137757878146,49.66971967019827,50.989896394011765,51.46230393028758,51.85386313481911,51.558095550281294,51.27033490431892,50.45056842982055,51.25240466434249,48.44259663390165,48.279182567453496,50.181177205910004,49.72480549876476,49.9989575681466,50.0549367523217,51.000429773619665,51.858140349677406,52.06968819011724,52.52041914468286,53.27358934386331,54.08872285400405,54.31191620752156,54.92599768121081,54.96061575233571,54.1806916354166,18.129133566428553,52.972613874070746,53.023157735776365,51.7655715181518,48.323875487626,47.37653736305509,42.55079442427576,36.85652184115524,42.07715133805567,47.67905027123489,50.26876315607315,51.8366835736002,53.24825498314198,54.2707206615203,54.59128513334108,54.05860105105653,53.59556609902519,53.72683754375156,51.6613397030511,50.02925952084535,47.91339703965139,47.51356099725393,45.359773113166675,46.047011403280024,48.40589072547749,50.5032174332882,51.23328866926347,49.73958686106704,53.036668280290925,55.181242160766985,57.20021134422719,58.45308931835884,59.57527315884488,60.124263480509434,60.374699252174864,60.31830433823895,60.042925631930856,59.09291200028819,57.95899473301055,56.49670674128202,53.87370247047795,49.445320209919814,41.35069013823448,44.87703863163726,51.07820267248048,54.72522422916882,56.963432810561955,58.650974572125506,59.75630757124689,60.16073909311048,60.609745676974676,60.542686228269424,59.81062575983213,16.989700043360187,57.47803971941593,55.80885078024474,53.45234498725186,50.78837293416897,52.33716796495883,55.21589149369393,57.785824354491886,59.774734710784536,61.32971719991811,62.25270503701648,62.94935539622323,63.316297176299315,63.439439919892784,63.182539233592706,62.35357978121349,61.422721156614045,60.01770479211801,57.544171445262585,54.249681603706826,47.94027715528888,36.6838591669,49.08747660798832,54.292563523245974,57.53676494920065,59.671181490015954,60.92047282214172,13.979400086720377,22.92256071356476,15.314789170422552,12.552725051033061,9.030899869919436,14.14973347970818,10.0,19.138138523837167,14.62397997898956,21.64352855784437,18.06179973983887,55.31597693112789,58.07714255937459,60.150011887196584,61.51182238648161,62.48769968520569,63.05791890352717,63.40036599109553,63.49775077902957,63.15693525648372,62.437685377348444,61.6514991692719,60.272292935782076,57.691483009206806,54.68669238960993,49.555915504057246,47.9070728732768,50.69438681490964,55.21067439699631,57.975839687146696,60.01599597193084,61.23570074642575,62.091451706326836,62.417954312951984,62.60238630741662,62.35835879160342,62.760509833449674,28.40106094456758,60.64015232510289,57.565790605655025,56.020567341071335,54.882079398382835,50.29501467718357,51.4789264483285,54.54594878269909,57.17876785482165,58.97217892125214,59.998766428495955,60.9103140303693,61.01563559504007,61.191822905880045,60.914633013461994,60.4868607404526,59.619144380783204,57.482578187255356,55.87261849692534,52.86719122749727,48.55549440140592,43.82179196960254,48.242885824595454,52.36559932882643,55.12237333725602,56.81563219729297,58.07509321404144,19.138138523837167,20.253058652647702,20.863598306747484,10.0
16.127838567197355,16.020599913279625,18.129133566428553,16.989700043360187,50.79358546764635,53.88003456543537,55.69590417576851,57.298586201849126,58.209006295538124,59.01463225572108,59.497509553910604,59.56970941184886,59.515939391517705,59.03285918173253,58.61052058297577,57.7798473891551,56.18722560525462,54.307198878632825,51.86450587835641,49.27765463110657,45.28723923260994,45.396405656694284,48.574531170352664,51.99979943244039,53.96582891683383,55.744352631621474,57.00097704613054,57.06615382568476,57.30812142475499,57.81005300122359,6.989700043360188,56.50995824807949,54.1445522637772,52.14867680627524,51.20915967891796,46.42048823220024,47.5285479473071,51.17301131656349,52.99448459034834,55.02167558310291,56.129045949860156,56.83048840286904,56.91585370487775,56.873371872293575,56.45422269349092,55.530050590387276,54.1219165524157,51.900514177592065,48.56178878857711,42.10853365314893,40.32296344739473,46.77825869543697,51.908021624354305,53.86921461380521,55.34813978316053,56.37822827689278,56.94998956180499,0.0,3.0102999566398125,6.989700043360188,13.979400086720377,17.24275869600789,14.62397997898956,12.552725051033061,6.989700043360188,14.14973347970818,16.532125137753436,13.010299956639813,45.955072443882806,48.062885340349226,49.53377885864353,50.99279994042449,51.611163380460326,51.91911893317751,51.8254303852615,51.71416341511943,51.14534258767868,52.31176393681099,50.061578619684504,49.78148548764298,51.607505658605774,51.299636562735664,51.30417402341854,50.81613708598819,51.51369850247461,52.37704558171338,52.94563215113503,53.43552350041343,53.995352788652966,54.71529334235784,54.5814360513074,55.10129282621902,54.874918915584914,53.63931473001837,16.020599913279625,51.622686032380585,51.34610547962194,49.11418639844171,43.421264699557256,41.660154563237754,39.894498176666914,44.823160718126935,48.73553093513618,51.58087955355035,52.96720021961863,54.00019635065158,55.12312098602334,55.57181057854007,55.64041983389269,54.41016068975956,53.61425612983891,53.72729781892638,50.89781514122957,49.29071351080371,47.25846319943335,47.5581389778315,46.813317059691656,48.3340850274661,50.338176588284355,51.81389055285087,51.7539583139403,45.792461104541886,50.36389328665692,53.52516314003466,56.09474881766208,57.81407800018548,59.120652144176475,59.98291168077726,60.460895554278586,60.70408060335549,60.7018568637838,60.126115859562304,59.310885125041246,58.42989081125789,56.79611388147693,54.47513077017809,50.003516361369236,46.12540159747515,48.08514805214365,51.9433947887343,54.89881170937614,57.003315524955255,58.55494926568967,59.28252429455735,59.952283465286136,60.068424102946054,59.64793093253569,22.671717284030137,57.66220197761803,56.311646349768054,53.931345437662436,50.48321365305163,50.612752568158726,53.154182098532615,56.228406545917586,58.7130258482302,60.580021527780936,61.68226922780385,62.59227273296682,63.2514319263091,63.557696052597265,63.512031905633805,62.936086956606985,62.2028726295386,61.346538682178945,59.51790522668454,57.27362297341409,53.74653047314257,48.111592782858835,41.714631650838434,49.993480692067216,54.895253745391884,57.541165991983064,59.54572930067535,16.532125137753436,13.010299956639813,14.14973347970818,23.69215857410143,15.563025007672874,18.633228601204557,22.04119982655925,16.532125137753436,10.0,16.989700043360187,16.127838567197355,53.859939272954485,56.70431409360606,59.13628443215937,60.83878344147534,62.06599228475917,62.76369190766645,63.37820523872236,63.56497203038594,63.498532902237315,63.10244982550634,62.38658703888984,61.19894650617404,59.43407945166325,56.9520490070088,53.50529055507727,48.89693791444185,49.23295840655504,53.27704188961838,56.36178865644822,59.1400500580726,60.58129813590524,61.83186109330657,62.94550872267951,62.503150757991605,62.50923540680931,62.614886432268165,26.9284691927723,60.67706016867963,58.81773122328225,56.17936107552475,54.3646956726308,49.34725638922736,48.31588255115634,53.87790118275218,56.610901530486586,58.76477646530936,60.09166088828402,60.984059234253095,61.346911329215885,61.652422481563114,61.39622525124595,60.862466145703316,59.81512364634784,58.24028155508092,56.353892372699846,53.094278753406,48.45377139623072,42.865687340572634,47.58321334792488,52.532240850253615,55.21458453907474,57.29693561498222,58.30113700166691,18.573324964312683,20.969100130080562,21.73186268412274,13.010299956639813
13.010299956639813,9.030899869919436,15.051499783199061,0.0,50.40420357126199,53.601710300741516,55.42049474972801,57.25513891172053,58.356607721625835,59.26462838596692,59.667319719626626,59.76654841173974,59.65911143327871,59.59175955037065,58.56599005435822,57.52463327501825,56.86640737289535,55.20732378332008,52.54731713185465,47.82329268996837,44.24522297086633,46.34920407280106,49.25569909543376,52.444379408303064,54.57473134707358,56.01617871726114,56.59746060155677,57.384800939711724,57.48526799642619,56.75383265569636,23.59835482339888,54.89972534035017,53.75087220007504,51.562249752150194,48.78044728783066,47.28597243383432,48.656072985678236,51.747486636149624,53.8945846995804,56.023660610607955,56.835243196060965,57.30938044819145,57.778797314739535,57.78745103797598,57.36355063028025,55.36680886253231,53.95689755113025,53.20599046181782,47.85073454409891,43.54262144504483,43.8385125660331,46.72928690442723,49.906274004382,52.11867760656665,54.03163433530174,55.86481530959669,56.42152784784244,14.62397997898956,20.253058652647702,16.127838567197355,6.989700043360188,18.06179973983887,6.020599913279624,14.14973347970818,15.68201724066995,13.979400086720377,12.041199826559248,17.24275869600789,45.449605324682565,46.96688317998114,49.464522650130725,50.13195475262515,50.51218144211127,50.58475373298818,50.991452106714085,51.04814757108323,50.66583070843649,50.39053048593112,49.90272240095869,49.4571471405986,50.65923130870104,50.7160588491774,51.118167928479814,49.1409446423893,50.346124159050134,50.93652780406903,53.263071801574576,53.690172243450036,54.41445324846921,55.13116341698024,54.98147835218617,55.296215353240406,55.308704787613465,54.73412513199757,9.030899869919436,53.01865208906567,51.79488595571469,49.675479762188615,44.84427972912833,41.550930075304024,40.15862508097314,44.17122788878019,48.74302032441753,51.3414203098187,52.87129620719111,54.033899404897674,54.96866020653998,55.397884600945645,55.39423646314671,54.4129442608842,53.51009304862241,53.14410802256995,50.54896364171921,47.859061385829236,45.83289478747963,46.80634611188175,48.952954438151,50.6822297934645,51.80934046413014,52.12541822893318,52.52872440355414,45.28415301936139,50.24571861263604,53.86593483427072,56.28627981679231,58.10262769653028,59.19871132606315,59.98633298523713,60.545598176670964,60.72935181567384,60.668568193121146,60.024917684861265,59.21271226732448,58.04824082269596,56.04447465213762,53.13348286951338,47.670816213633216,41.04248046990445,46.88419822002711,52.389914839383216,55.339410166383686,57.437605483253535,58.813549799181864,59.59402517876831,60.142600519709255,60.161789437222446,59.78662950531969,16.020599913279625,57.84209905972379,56.24208847596712,54.16848452988365,51.12581543637377,52.04488976165508,54.31508504864177,56.91677243158824,59.12452166319802,60.65349623348177,61.720155945813644,62.52866617633838,63.10668889228563,63.360899257958664,63.27057173736712,62.67814009065691,61.92482983486986,60.88579020388005,59.158244235342366,56.70602978369712,52.95182111477403,46.14433158550452,43.49199794429999,51.10404506501023,55.378719624879025,57.814142657220884,59.54482270308672,20.043213737826427,18.129133566428553,16.901960800285135,13.979400086720377,20.969100130080562,18.06179973983887,18.06179973983887,23.521825181113627,19.138138523837167,3.0102999566398125,3.0102999566398125,54.90504868754995,57.05145849495103,58.90663529978673,60.56037301237244,61.721590703199205,62.54978291593961,63.06188621234264,63.18293783958639,63.19155214080796,62.729683802494556,61.892828021908116,60.747243078012445,59.29215526086666,56.8456621082525,53.40955448297922,47.87162813509685,49.308930224060255,53.97606342365668,56.70554760414934,58.997575962777134,60.613819759098135,61.889400085747695,62.45228803101548,62.327420627207374,62.94408463358876,62.183929050824716,39.414120403735495,60.72717404218194,59.492348040337546,57.90491352167806,54.98135421977476,52.55564349423898,51.98395881990749,53.507382616368915,55.857516657416106,58.28588367369935,59.453907793778754,60.632252410775855,61.354564220755066,61.615416852934395,61.39652753715616,60.654486224059994,59.75782778807229,58.76557866290233,56.210120915836875,53.09225488984801,48.12625959066683,43.31629717629933,46.68618844816744,51.8343213981603,54.97405175226178,57.43172546066673,58.5489482523046,15.68201724066995,22.30448921378274,19.49390006644913,18.06179973983887
14.62397997898956,11.139433523068368,14.62397997898956,6.020599913279624,50.19606413289714,53.45981121826305,55.50895797059539,57.08697027024642,58.39610012621015,59.29354543172033,59.86377556319226,60.03313157193488,59.993902570070915,59.89180079761898,59.13254735705986,58.30163146786997,57.07410905586527,55.208567476784424,52.68372007564126,49.561155816924526,46.038477712994236,46.483600109809316,48.94515437848598,52.68963891903467,54.52897604684444,56.11566126551472,57.338911000846124,57.726502377131716,57.71978977735094,57.55112266395071,15.563025007672874,55.77165381874216,53.78430608087526,50.94754044138029,49.19104253906271,44.370049654773034,47.57190981251573,52.20738142660021,54.227637854167966,56.31867709443782,57.53429841575422,57.92111409087169,58.254066422422746,58.14978353810835,57.70172066416043,56.64969922644047,55.01740993906107,53.9537532490219,49.442160914633774,45.08098577178078,42.16878141702857,45.29648473525813,50.18409207382068,52.50754134100624,54.050678989190516,55.54843961431618,56.19119429270535,10.0,15.563025007672874,19.49390006644913,3.0102999566398125,10.0,19.49390006644913,16.020599913279625,11.139433523068368,18.129133566428553,14.14973347970818,0.0,47.57889265054904,48.76292911606499,50.49838000622583,50.76749640624001,51.096224128184595,50.69420174965575,50.424534360919495,49.90454296054058,49.078465121650055,49.754134252849845,47.11604792206309,46.68730605958722,49.90467614225798,49.97351429712446,49.98420642759893,49.1182319428313,49.934406395562654,51.03180899806526,52.677746269290324,52.95127085252191,53.98989731665103,54.69558414937687,54.77574132418975,55.39226695042995,55.45200695093318,54.21037658987193,12.30448921378274,52.66123462477229,52.66271689464861,50.815381249787265,45.677789615721835,43.99760225710366,39.48119424380536,41.22576275057186,46.58907694893854,50.34066678597561,51.93116246457195,53.1893939156067,54.381593046339205,54.80035703228801,54.91689392456364,53.54417715774715,52.46599510528107,52.93340452648696,49.09582770688917,46.33892443159807,45.056925074122,46.9278525036811,48.36830286488879,50.07547222459802,51.52682700411586,52.539773433356565,52.89716011908372,45.71708831808688,50.23190707213023,53.367898322809864,55.779935910232865,57.8915749191144,59.10031780987505,59.94039414621233,60.42528261150111,60.627180794407195,60.68483455637584,59.97680329352043,58.99895977780817,58.036277953448156,55.99565419012411,52.72679195690088,46.21394413208806,34.70851324526117,47.387884834938475,52.35957479466621,55.79820167243913,57.7358241025809,59.207951276899195,59.97464148478784,60.651201576431575,60.65188561571124,60.152767452492874,13.979400086720377,58.30466766864205,57.18710896996016,54.908121739455055,52.13233446771105,52.370634365033794,54.13906346461931,56.648750407812535,58.954385693315686,60.5157618714696,61.69586567220766,62.452088021559995,63.05247513349096,63.288957604055696,63.02698818991789,62.655182657993784,61.68988953967785,60.81752244413332,58.76644994707989,56.24663612196977,51.99546753633805,43.616711852165594,44.08951895850261,51.86419489155475,55.83938598544445,58.2275176071891,59.8225856593245,17.853298350107668,13.979400086720377,23.010299956639813,12.30448921378274,15.563025007672874,21.335389083702175,15.314789170422552,22.944662261615928,18.129133566428553,10.0,17.853298350107668,54.75743806748126,56.98731076659836,58.932245243374474,60.45747284520429,61.76878644570262,62.42761004544082,62.93315918041757,63.012447012037114,62.877401632043764,62.611852837799816,61.59472444144061,60.299617757267576,58.51694259408418,55.88876495913499,51.61882860040937,48.01822022922579,49.62312499521634,54.13542833884183,56.868730113862085,59.195346463902794,60.733887478868176,61.298267958078476,62.45959563713561,62.50578076247896,63.12394237873242,62.48126591864512,25.71708831808688,60.92297369707164,58.8655614642646,56.2693339542336,54.0385116886345,51.113700655372526,51.44543074272788,53.2962158001926,55.555309431017264,58.14077708070917,59.458077144778244,60.3832602950881,60.82534412001385,61.07820267248048,60.839728508564875,60.42631026137666,59.26639250296215,58.199865586766194,55.73345119763548,53.09027271995408,48.466957827841235,45.068431363393515,47.4345488650729,52.05737428267601,55.2290436789891,57.2705708233667,58.35901010671855,14.14973347970818,19.294189257142925,16.020599913279625,23.820170425748685
10.0,14.14973347970818,20.0,19.86771734266245,50.0207962639312,53.16986705131481,55.17360872114125,56.83951626530332,58.07335423215064,58.89364460529031,59.411937945661315,59.692229532756606,59.68604347246624,59.5881225347552,58.96090602340504,58.18859052975628,57.64942385688236,56.08227487241144,53.7520622109933,48.88746571686464,44.027942486409025,42.956330637347605,48.29130020285437,51.97826185437516,54.65271288880206,56.536369498005016,57.26917833055438,58.38799364319427,58.554349537358505,57.97959643737195,0.0,56.444031354099465,55.81920090316448,54.064669402871736,49.49633923799262,48.527543908053886,47.160033436347994,49.400829702427515,52.816786448714375,55.130497114716725,56.44808714528083,57.35254680744717,57.97384583697963,58.048887446223915,57.90911166601595,56.30697318444562,55.32175783493595,54.05165295243778,50.55722266483576,47.03884365561041,44.51617595666328,46.453141735605755,48.78136734234723,51.710269250519936,54.20656988723068,56.01626566375613,56.70349774361759,15.051499783199061,6.989700043360188,19.030899869919434,3.0102999566398125,17.853298350107668,14.62397997898956,10.0,19.030899869919434,10.0,20.043213737826427,22.30448921378274,45.85528406492027,47.25846319943335,49.44842789817221,50.60565643654253,51.04668029657817,51.32771829309619,51.4272100535326,51.43270927213397,51.40234558828793,49.88759559942929,50.929801615701436,50.52559285915503,48.86456882725468,49.49633923799262,50.320745447346084,50.02878497871973,50.29099566823543,50.676101329125046,52.50868704057308,52.94424337871739,53.63194405289585,53.94178409630388,54.01416051021788,54.312994194693516,54.17441798099151,54.59834097475684,20.827853703164504,53.5368739222871,51.446987186431244,50.07278247334244,48.658380403505845,44.005897908132226,38.859263398014306,39.361617409111574,44.90309708301158,47.31564592279403,50.227417090318134,52.27045569314284,53.48143189721446,54.293985653981565,54.7883478072901,54.881274962474585,54.58071008203082,53.602335611578326,53.05886382963887,51.16066198531999,49.15969374163233,46.50433809651895,47.16837723299524,47.67497228404619,49.09695066792133,49.130186837479606,49.37563024202633,48.6320385902863,52.51555489810396,55.34879886708954,57.400190661350365,58.77271112500424,59.70702442924904,60.354273365494365,60.65658127117224,60.65615935543633,60.143915753122634,59.52072379772119,58.36610807356588,56.53019451099613,53.903733388690256,49.98930319327186,43.48382756417916,45.684012189485,51.07779607412304,54.80726814670352,57.011645859877106,58.6010911800045,59.54351069490359,60.06743645250393,60.21447730783546,59.97299866416447,59.520563755756754,22.09515014542631,56.888405633975204,54.17041337520394,51.411643308957025,49.52351630801023,52.8925440805418,55.89654761566133,58.47427664481504,60.332890228755446,61.65859264763387,62.51766908260358,63.16596997582536,63.551627246189035,63.596795634968295,63.376397305528094,62.64065890193068,61.70440384947884,60.22232420168611,58.324437636476496,55.11686881806112,50.0225680037738,41.832698436828046,48.45253117495606,53.728089378136445,57.08395402645627,59.05392689569054,60.420625610235575,24.424797690644485,11.139433523068368,19.084850188786497,20.644579892269185,22.30448921378274,12.30448921378274,20.644579892269185,21.958996524092335,23.521825181113627,0.0,13.010299956639813,55.71705338809531,58.34706747845493,59.92663513388723,61.43623323331774,62.363954124596994,63.15373462425211,63.467387773671106,63.50844956693923,63.24838037876519,62.58919219249455,61.704037182101146,60.16442464067119,58.43310034519817,55.64339332994399,51.150277335990566,45.38095948219385,50.349691819441496,55.30631216025174,57.664128471123995,59.48184509841454,60.9428835807697,61.71305115291876,62.431869241314715,62.384448182739014,61.963212942149966,61.34120983665,23.979400086720375,59.21772285675705,57.59994764239998,56.43784192982174,53.525780284897166,51.854968249499,52.53466432805908,54.53724918447377,56.673296517934624,58.819093737247854,59.66803234338218,60.48420826387247,61.04334808400081,61.01838115065968,60.92940192045276,59.74854203550967,58.62675100030871,57.52608441807695,54.564024758921846,51.22743266691025,45.87598729721245,44.04012226182245,48.827123311336315,52.38610570005447,54.95562374961855,56.888912383401696,57.79077480703097,17.24275869600789,18.129133566428553,12.30448921378274,13.010299956639813
14.62397997898956,23.443922736851107,23.117538610557542,20.0,50.258381642297,53.023677317420805,54.83885281897806,56.34965702645759,57.66892239860874,58.45356678411686,59.01482841722314,59.173889118283526,59.183344462269794,58.80770732157865,58.39312720036044,57.53724736802356,56.044085912537405,54.198318825911464,51.86065938539308,49.37563024202633,45.76226137449605,46.3164666295842,48.57989472852655,52.22456336679247,54.20351882127959,55.706923488390444,57.07808546854955,57.328864848706274,57.39892607509968,57.689235911564715,10.0,56.21368450925314,53.65055346945646,51.14597641646821,49.81877475216869,43.951865574465046,47.069992572693344,51.302211590311735,53.36779832983642,55.54843961431618,56.76438443815251,57.48541522894806,57.65748999802148,57.56341661754902,57.11614916289452,56.50436723522749,55.079920731394914,53.009083761815255,49.488284767533905,44.37401719156305,38.91258616904139,45.381336872506694,50.98498359911923,53.290010356977135,54.91935703806716,56.01278644550759,56.69690566394046,15.68201724066995,6.989700043360188,3.0102999566398125,12.30448921378274,10.0,12.041199826559248,16.020599913279625,20.170333392987803,18.129133566428553,18.633228601204557,11.139433523068368,47.653182962198805,49.43578596675224,50.742494406724944,51.77285373385124,52.114622867982554,52.21792287663603,51.90499779633488,51.394036199444606,50.7458972947905,51.42020096199679,48.39704248967155,47.722410026150264,50.22993040440554,49.72151905336013,50.20382002310025,50.135828960669755,51.40715398997684,52.37930610628143,53.29806554421747,53.82962090781572,54.67667289895786,55.335852385453904,55.106910908781465,55.73024855562737,55.45921622701488,54.34227081979475,17.24275869600789,52.36144102496784,52.2895442360729,50.36217557872632,45.66614238239117,44.5131044583783,40.78493068166573,42.67007369664355,46.826954958987116,50.24177693818938,51.62483752878801,52.804349475670975,54.05114036742988,54.44672350858941,54.70645657886728,53.365397807535395,52.4944785211867,52.85118292244473,49.697606016227034,48.043984318614164,46.60182207110876,47.85023585045686,47.91248411779453,49.07948521612273,50.49996727620201,51.7507672117621,51.76163635438134,46.36738571385955,50.34760769966442,53.43938090460561,55.912438557010134,57.67895392661809,59.05598379839033,59.84841331964597,60.36463209156221,60.6107305970826,60.6818771770152,60.004692187678614,59.182484782520845,58.21565928800819,56.282989962347074,53.51680376527895,48.26573630669576,42.02951245040243,46.52449415658162,51.77735566056072,55.24982575309298,57.385585994846615,58.87561603560143,59.71788255098852,60.38785821840885,60.466297630581366,60.05635167864966,19.912260756924947,58.22234134197818,57.05676446538625,54.96520056367022,51.810227962538875,51.64352855784437,53.39511065746308,56.31258037971607,58.57266140816462,60.42547949812416,61.61741933491071,62.61186711850206,63.16101453226035,63.439644500013046,63.36704030822301,62.922217252817056,62.1455775503084,61.32779826703609,59.436972712318116,57.066196497075694,53.3778062012004,47.086248261747265,42.972789102331134,50.742494406724944,55.21247951542065,57.98981936147421,59.803279479196206,9.030899869919436,19.294189257142925,16.901960800285135,21.335389083702175,12.041199826559248,13.979400086720377,17.24275869600789,17.634279935629372,20.374264979406238,20.969100130080562,18.573324964312683,53.78648592757476,56.52339186913831,59.02519057504867,60.71791458509145,62.05780694116835,62.88917149490616,63.450807035289436,63.620607933372646,63.58880502471521,63.20120102975038,62.407211848744296,61.209373362431386,59.316759802348535,56.82413154659892,52.90090286573402,48.655540330498454,47.77376067146905,53.25419188373093,56.711376532504325,59.12350146539822,60.6265266883286,61.89261736616431,62.20505834706806,62.72619388317338,62.49246555287186,61.933330653431184,41.76149161126549,60.46707382195983,59.25494126921389,56.40541061410289,54.02612116332969,50.314125041815025,51.2735428396802,54.59128513334108,57.01740632437213,58.824021441520486,60.0685010532888,60.90405144833853,61.15691040042874,61.310553842894215,60.971118261854954,60.4968347643599,59.34232238050189,57.95969646475732,55.63086956423654,52.45798813071527,47.367549460896555,42.697463731307664,47.71741771307084,52.28341319388281,55.15611598979184,57.11331352712209,58.07432868909841,17.853298350107668,16.020599913279625,0.0,16.532125137753436
16.989700043360187,14.62397997898956,19.030899869919434,0.0,51.033144366937066,54.29954042831544,55.676779073817755,57.50743606131095,58.55374972619788,59.205120337631804,59.599153056314194,59.70756798056594,59.429644324122826,59.42842089728826,58.28508446981011,57.35232309051888,56.55331518411821,54.75300645368475,52.110270483733586,47.85187420029362,44.9931584960033,47.069992572693344,49.44309907031343,52.61010547754731,54.68376873249617,56.171314488900165,56.929684694839835,57.5313091224259,57.514715677497996,56.87397850483704,13.010299956639813,55.096768945931764,53.87967907442332,51.736581978532584,48.96845758281481,46.1322851603651,47.23168236542887,50.558559455019925,52.829323741907984,55.2172633728741,56.11452453165123,56.73136150457661,57.02521866554167,56.873371872293575,56.58114469708367,54.75649400429315,53.16992984496383,52.30839610628184,46.7618129723426,40.194071080188834,41.580306125903405,45.58960436273091,49.19810020170196,51.93806128370328,53.78561412018576,55.5071375749026,55.98801446032947,13.010299956639813,11.139433523068368,16.127838567197355,17.24275869600789,19.030899869919434,3.0102999566398125,3.0102999566398125,14.62397997898956,12.30448921378274,13.979400086720377,12.041199826559248,44.85863329597335,47.092784432070964,49.64712079235717,50.4659270380326,51.39768925279731,51.278981192293394,51.75819015868577,51.81903585011649,51.528415644213695,51.79255841596604,50.57776374847783,49.93718320050437,51.123703655258325,50.770661566145506,50.60807344286089,48.203985227039816,49.35879934095094,50.48535023129749,53.02921565722674,53.51125414481439,54.82583480883322,55.222002819155534,55.34311732164361,55.87526883905863,55.66812108449681,54.917327869789986,11.139433523068368,52.84498410828046,52.226748601020496,50.120691517833826,44.76150245679268,43.25700342915986,41.902476330381965,44.968328200386914,49.21998431308271,51.57716602189155,52.89490846199555,54.05354899110283,54.950584330166876,55.16894823578187,55.21045197542014,54.05452231099864,53.03217663573669,52.81714970027296,50.013399008667236,47.40054625989829,45.78524605274993,47.335583580496426,49.291173695805554,50.61964885447941,51.9459481072089,52.345198143589364,52.32208078396316,46.30468556443432,50.83860800866573,53.99206300671308,56.39974298454951,58.09092175665388,59.21955290771699,60.066974616790965,60.47673923311631,60.69304306192846,60.632646621703245,59.96520865790859,59.052182353937006,57.894093576513654,55.979692752258075,52.956330637347605,47.10971568222072,41.07277822859771,47.040990164169585,52.2914407968993,55.31495522102057,57.45540080934119,58.80264663012131,59.618357303614815,60.14876984333056,60.25640061455973,59.640129412399496,16.020599913279625,57.78471062868838,56.52165084545957,54.4629012678685,51.67116390139925,52.4219594232903,54.38145052672369,56.80505933757221,59.10073985464151,60.56453941572113,61.660770876302244,62.54318180961199,63.1847592746642,63.329409407289404,63.23392372170633,62.69104141474987,62.04151739278827,60.900283206062284,59.18526240241626,56.739723613818065,53.0853240050311,46.55570592549196,44.26592582305156,51.061364795103884,55.31621955196009,57.70670895165155,59.464522650130725,-inf,21.367205671564065,22.14843848047698,22.671717284030137,6.989700043360188,16.127838567197355,21.367205671564065,18.06179973983887,16.989700043360187,6.020599913279624,17.634279935629372,54.435008061566336,56.772646741146474,58.56656401248951,60.42865994898547,61.562352798615876,62.38252155840756,63.01933473502423,63.228791276502115,63.1012655473021,62.84810716241154,62.01836386266815,60.93249334124933,59.39089737703338,57.07251576643791,53.6123283596723,48.78044728783066,48.95952658380971,53.49396043570056,56.571715855240534,59.10938541188776,60.507639929289084,61.791451678697065,62.71423367743581,62.76888076682364,62.90262834382978,63.25175031446045,35.150786750759224,61.04357691394994,59.54532424854585,57.30525497828202,54.13507639094894,49.90383258906234,49.007220671142704,53.49815447311215,56.43058671681362,58.909795969896884,59.990330534286585,61.09283180230547,61.64912021632267,61.9141887436612,61.75823651223152,61.09076810725778,60.150481757125426,58.8576196579342,56.37266520850386,53.21426501149486,47.91950165906162,42.67453341607674,46.5399354112884,52.27310689868947,55.38799869965,57.68669174017154,58.633145311053184,20.681858617461618,13.979400086720377,22.85557309007774,6.989700043360188
6.020599913279624,17.16003343634799,19.138138523837167,13.010299956639813,50.31311494658656,53.55116139076884,55.795755425901405,57.57317818374155,58.71960942047914,59.595894028637986,60.172946725262555,60.45142963590233,60.422383407224416,59.92210983780388,59.61167088054373,58.71711257322694,57.12456077597646,55.36079697375239,52.76797161403037,50.18504938928234,45.42227705362038,43.719171396825224,48.35468612492718,52.43665461002714,54.52182184402308,56.22956560006514,57.41060947167444,57.86424868912994,57.963550493349516,58.46475668321369,3.0102999566398125,57.28439009023711,54.90267575830813,52.651882314917444,51.63545984760645,46.31950826259217,45.27836045164709,49.50072629750157,51.7732290727048,54.20948701011763,55.61997681885798,56.59962763065124,56.895548008654835,56.84926111375293,56.56146134740865,56.04632069020026,54.85694459647124,52.97760511099134,50.12639006266948,45.72034721449677,38.35690571492425,42.04798038190855,49.16306526616384,51.63125580000675,53.57267654644208,54.71533733439081,55.67115805134833,15.68201724066995,11.139433523068368,9.542425094393248,16.901960800285135,-inf,19.54242509439325,0.0,16.127838567197355,3.0102999566398125,16.989700043360187,3.0102999566398125,42.63778049022622,45.26507275495423,46.64764162441131,47.860838557246666,49.07948521612273,50.04080510061908,50.40800061256529,50.56176607364723,50.53205254329665,52.138098446415015,50.584905564297685,50.64532861131578,52.475927853658874,52.36952715781035,51.81895014509537,49.76629635125762,50.00043427276863,49.51245209264287,50.36533084541041,50.21693614969712,51.33417544426581,52.17336522280365,53.32092906868587,53.910216043005434,54.502506483679845,54.16846789818184,11.139433523068368,53.62356164152661,53.885718467770545,52.70084622351567,49.426280309747156,48.62804967617347,44.75060713702007,35.22183317618686,40.32296344739473,47.65676004000134,50.85119253273609,52.65596023087592,54.15275578557467,55.10780859206555,55.81995143761074,55.610691683031106,55.345743423779226,55.749313506493365,54.02612116332969,52.48747925664057,50.49721822152435,49.74419573852286,47.42332282357148,45.49603988444122,45.91120282237383,48.76869947528259,49.827414640657885,52.480346030587384,55.22774067696044,57.05415508035437,58.60400899838281,59.661797611854155,60.26072578235692,60.50630283119317,60.4083801341728,60.00173683058465,59.53362413234362,57.96203706653397,56.2522290708675,54.04341008847801,50.14528938956798,44.84840590762116,47.21530334801461,51.87751907003503,54.79409737133976,56.95037523437143,58.39380618726301,59.29358120230343,59.88569658048176,59.80016104638439,59.72617951387319,59.05949609588019,57.6737629809883,18.633228601204557,53.015183023350914,50.4917148862561,49.226268614358055,52.459171628799766,55.77356205262197,58.42100392773883,60.20190929554281,61.65656457946967,62.56987232734136,63.094700450434935,63.42210416881657,63.59146323054571,63.357548846321805,62.79347948937857,61.7894387062605,60.43413368484326,58.91403636446597,55.88801503019411,51.714631650838434,44.89677291663699,46.20802087090344,51.91255342246265,55.669722230927086,58.05752254800673,59.41186335482004,60.51751628430988,6.020599913279624,20.253058652647702,24.377505628203878,20.374264979406238,15.051499783199061,18.06179973983887,0.0,21.958996524092335,12.552725051033061,16.532125137753436,15.68201724066995,56.895583513508456,58.91031508266026,60.56859514721629,61.727678033932136,62.5019474513363,62.95650872235644,63.136217535477535,63.07430995839745,62.67762202061523,61.98811536385506,60.918670034673625,59.35661407969852,56.74263000257608,53.37581046344107,48.68932305480736,48.6328716321657,52.29049262001443,56.09241067801521,58.536866547664424,60.047017523208126,61.15922559100589,61.705486071035395,62.75551129483078,62.43583675998191,62.46478884454298,62.408032612151274,32.75311354541812,59.93752246604708,57.824869570809895,55.257766568659946,53.8775455170624,50.432089705599026,51.8407787599659,55.138406186754025,57.06254230705462,58.94416315527157,60.118245182239995,60.97376715580633,61.2112960410808,61.33646191401918,61.16222751296541,60.78338259054243,59.774684394792324,57.93382431124062,56.276136615056515,53.55995245049464,48.81892273384903,44.21488757760626,47.92405698771716,52.35621860673466,55.25731356850706,57.40445592345768,58.42012923466398,21.335389083702175,20.827853703164504,18.325089127062363,22.85557309007774
0.0,14.14973347970818,3.0102999566398125,10.0,48.16506437046357,52.24825601365005,55.29556107019598,57.06541127635865,58.23774740426009,59.12308162691167,59.82250422597056,60.23887588051181,60.38995487630909,59.8105531750885,59.785516321602685,58.955446396650906,57.00665649824906,55.199749205265924,52.63834828202347,49.78582201932075,44.08036342045526,43.628027995674124,50.277001641460956,53.290661836364855,55.511632201544785,56.87765217347294,57.84930955316871,58.09513926136654,58.27227070034176,58.38855384814572,0.0,56.50039285329626,53.69887195536442,50.637873103176716,47.87127364082111,45.015111317240255,49.74649834438722,52.61224791990689,55.477500987710904,56.49105966110145,57.72028899425793,58.48072057313766,58.672423270700236,58.427146804985604,57.903196528252174,57.532459094140364,56.34019558760447,52.981454076377865,52.05575142933645,48.23637222034628,44.335458305766196,47.9641473882494,51.69233451301097,53.791767516560625,55.096016746409695,55.369887363661576,56.22806497988538,21.367205671564065,13.010299956639813,12.30448921378274,12.30448921378274,14.14973347970818,6.989700043360188,10.0,6.989700043360188,16.020599913279625,16.127838567197355,21.335389083702175,50.09591105236772,50.75784116304216,50.09425398309608,50.74889548040669,50.91125070274114,50.77807428678551,49.848422314052755,49.25404923628093,48.45110448250766,48.56517429913826,47.94027715528888,48.486385793266244,47.22271859585036,47.806700781105825,47.783972808879945,50.88819785643924,51.64305259260536,52.19364441890961,51.540281496031966,52.818239272686284,53.204807095271136,54.04842265639769,54.415946001466786,54.655092543905326,54.747202195235964,54.72430240407073,20.827853703164504,53.44237000392211,51.52682700411586,49.58587771150353,47.697686056711824,41.670217957902565,33.53723937588949,42.00303182981585,46.3034650075424,49.57942335445405,51.54350925152728,53.014206849138915,53.7052419199989,54.16923289055086,54.27735967514917,54.01843226521209,53.64596017070233,51.698653876162346,50.78166708168154,49.127320662580864,47.38820182085683,46.71320977612709,47.389469533217,49.17452991929664,50.936772832974135,52.35957479466621,52.67514333740617,45.740081047376655,49.79097457744342,52.9279860044877,55.66221764567118,57.43661819567835,59.01914173015716,59.97968403225756,60.57934127676101,60.76142157212374,60.6546057548227,60.23719846461523,59.45280448591275,58.03288418207356,56.09399092854272,53.088332301264636,47.70498543514734,35.446880223026774,46.59164800662727,52.44984283906936,55.84459005766385,57.942997883496645,59.41153513989803,60.152205576524054,60.77464202588578,60.887018981592036,60.651313721402104,20.170333392987803,58.90623307077766,57.11984283898866,54.86193784093306,52.00426389032535,51.19262489447873,53.76140618685329,56.597279966980864,58.88431682290336,60.82211075997388,61.87221970146227,62.788715301782496,63.23920049018057,63.43566132386124,63.38560074430589,62.88342470349593,62.16118642138808,60.90347301683828,59.09823904166869,56.302091470886396,51.88120985843922,43.86409778881913,42.46916917014926,51.493176647592584,55.6499018493065,58.4574589617555,60.148316576702015,22.87801729930226,19.86771734266245,13.979400086720377,6.020599913279624,16.532125137753436,19.084850188786497,17.853298350107668,17.24275869600789,23.010299956639813,3.0102999566398125,12.30448921378274,54.23236040742879,57.03361031647654,59.35371212601676,60.926466188798784,61.93025757273671,62.6797782855422,63.113910206715424,63.17385055625178,63.053404044475215,62.39031560713794,61.714295111518005,60.44362949304916,58.08092758494105,55.3202272187471,50.81437326351849,46.72042412547821,48.797895080199595,53.67745306699818,57.45051357794347,59.16467108789374,60.57655455578331,61.744773208861744,62.201638102029236,62.07262648289276,62.02452623888786,62.11278898993322,29.585638832219672,60.0829563309539,58.542574466928386,57.22328657598082,54.182780841243314,51.85989533792878,51.51369850247461,54.1344729853399,56.380257622661375,57.8832678192784,59.1178062734744,60.066354482340884,60.37039046045184,60.56667829504684,60.28500084376311,59.996393859044595,59.34975408179029,57.144479589523414,56.05258704555294,53.18741390497692,49.25477112678382,43.76905290923814,48.660863944759434,52.372269495732795,54.97882942424432,56.470796405854756,57.70572943001785,3.0102999566398125,17.853298350107668,22.278867046136735,24.099331233312945
13.979400086720377,15.051499783199061,15.68201724066995,16.127838567197355,15.051499783199061,21.84691430817599,11.139433523068368,0.0,3.0102999566398125,0.0,16.127838567197355,15.051499783199061,16.532125137753436,0.0,12.041199826559248,10.0,18.633228601204557,16.020599913279625,12.30448921378274,16.901960800285135,13.010299956639813,19.030899869919434,6.020599913279624,16.127838567197355,11.139433523068368,9.542425094393248,14.62397997898956,17.853298350107668,6.989700043360188,13.979400086720377,11.139433523068368,12.041199826559248,20.863598306747484,15.563025007672874,14.14973347970818,16.532125137753436,20.863598306747484,10.0,6.020599913279624,10.0,6.989700043360188,16.989700043360187,16.989700043360187,15.68201724066995,10.0,-inf,10.0,16.989700043360187,14.62397997898956,9.030899869919436,9.542425094393248,6.020599913279624,10.0,21.335389083702175,16.127838567197355,6.989700043360188,0.0,13.010299956639813,10.0,16.989700043360187,13.010299956639813,10.0,12.30448921378274,18.692317197309762,11.139433523068368,13.979400086720377,14.14973347970818,19.54242509439325,36.23766000133931,33.31629717629932,30.141003215196207,23.673559210260187,12.041199826559248,20.043213737826427,30.366288953621613,31.82414652434554,35.996647787884164,37.032913781186615,38.68996902487135,37.27378569451489,40.4241798814325,39.68342830958945,38.98780013289826,37.31830420288163,36.161603128475825,36.95831772826692,33.69215857410143,33.81115080709851,32.397998184470985,27.16837723299524,25.2244423350632,26.60865478003869,29.532763366673045,35.01059262217752,15.314789170422552,36.12041744645269,36.78700434998304,34.930395883176516,33.91816923613249,36.60865478003869,32.00029266553771,32.47727832909723,28.129133566428557,24.099331233312945,23.873898263387293,21.613680022349747,32.14048679411941,32.789821168654434,35.269850685599955,36.23766000133931,35.93286067020457,35.622928644564745,37.92461731346951,35.76341350205793,36.29511534200453,34.81299273332856,32.87129620719111,34.63743721247059,24.84299839346786,26.24282095835668,25.58708570533166,48.95312024475787,53.792565548611336,57.36808289096959,60.026022977410165,62.03377791001471,63.367206324271294,64.57814704515518,65.2527757834417,65.63804668463847,65.65949889484102,65.41113875296175,64.72350625796106,63.579815121020744,61.782152577508214,59.07929732198572,54.67414220481253,46.76922125537481,50.73941853697419,57.049359992566366,60.338779186416645,62.73985252217271,64.17058460196323,65.06945462314118,65.51768282604071,65.5586315864184,65.20950982831792,30.588054866759066,63.33909134273375,61.384795384556966,58.78304019203986,55.36079697375239,54.02730682833274,57.48786320669951,60.743167877911205,63.42937606618748,65.2664485630205,66.57660096502678,67.45266666733275,67.96890365153334,68.20240879283429,68.15812761555159,67.78567177647706,67.12865112125472,66.03363630561796,64.47104982133501,62.06100727507703,58.32450789996685,51.691452009911984,44.35031691929144,55.47918626168225,60.30188708432492,63.007867226313074,64.63857318661564,65.38252418011726,65.61267075948335,18.325089127062363,20.969100130080562,13.979400086720377,21.335389083702175,17.24275869600789,21.73186268412274,6.020599913279624,25.276299008713387,16.901960800285135,14.62397997898956,14.62397997898956,24.14973347970818,23.117538610557542,18.129133566428553,20.0,22.30448921378274,15.314789170422552,19.138138523837167,15.68201724066995,19.294189257142925,19.54242509439325,14.62397997898956,-inf,16.127838567197355,23.673559210260187,12.30448921378274,19.49390006644913,16.127838567197355,15.68201724066995,30.38620161949703,20.5307844348342,23.69215857410143,25.105450102066122,40.27757204690553,36.614340503939204,32.81714970027296,37.49504423876142,40.096633166793794,37.180031682670176,30.0,29.67547976218862,26.5991620006985,28.169038393756605,25.010592622177516,17.853298350107668,13.979400086720377,26.03144372620182,11.139433523068368,14.62397997898956,17.16003343634799,23.26335860928751,17.634279935629372,15.68201724066995,13.979400086720377,19.294189257142925,16.989700043360187,16.127838567197355,17.634279935629372,12.30448921378274,20.043213737826427,19.294189257142925,13.010299956639813,10.0,11.139433523068368,13.979400086720377,6.989700043360188
16.020599913279625,13.979400086720377,19.912260756924947,16.901960800285135,48.953451838982154,51.87977335945071,54.83126372272143,56.33235085854152,57.3973211011494,58.097280132159064,58.88628725385226,59.13103571135053,59.39928394863652,59.048934451815576,59.0403138496988,58.37655344731338,56.86036242610743,55.60023856758235,53.50529055507727,51.42680358495144,47.199938263676046,42.485862438551045,47.05812414630624,50.812788812268046,53.74106508804012,55.40235596961801,56.67947673318739,57.45012298671394,57.755849647660796,57.98016347276562,15.563025007672874,56.889925704901486,55.23836177064122,53.53777788304622,50.90346243505668,46.5116166953652,45.901839900984385,48.43288852674867,52.40112238057654,53.92179711853758,55.84974272956143,57.1900046731735,57.72890611842789,57.870380186889506,57.78667030594224,57.59898148513546,56.72933301742109,54.41817631815987,53.748161419663816,50.83767702211542,47.27622577969137,45.028093493890424,47.45270023988988,51.18413544851511,53.53810480124571,54.39359540295716,55.75319499361207,18.633228601204557,0.0,19.49390006644913,13.010299956639813,16.127838567197355,13.979400086720377,17.24275869600789,13.010299956639813,20.170333392987803,6.989700043360188,18.692317197309762,48.22096127032932,49.320067485682,49.13527759366859,50.68471585472224,51.406117333933175,52.1917833122201,52.14213133658234,52.07068581514097,51.66894652179345,51.19800066362132,50.20129154869622,49.414120403735495,47.440190173249796,46.308345178280504,46.210307999287096,49.67926882571861,50.372391929623404,51.522791690506004,50.86591155461106,52.63228800569519,52.866921912895805,53.81746650650453,54.56294657191876,54.697660693567364,54.93431560315188,55.36954681720458,21.335389083702175,55.00206276308606,53.2341712135042,52.16105176015767,51.828025478128694,48.203656850432424,45.07869358892673,41.709947020363,38.721562727482926,43.950116995780945,47.31467887193129,50.15099771643009,51.64352855784437,52.825088235903706,53.35357590149176,54.19924372469865,54.070184924297,52.98846529207363,53.03602073356045,52.11547681181248,50.56599976292781,48.497878242376856,44.78653057295336,44.71247692495605,47.008161692836126,48.964600762377735,50.06093630208201,51.83796373420462,54.45196179568459,56.44808714528083,57.958869660001966,58.93136771584565,59.66872141435833,60.028400993047946,60.01119470002405,59.61637949837825,58.73607130005688,57.70281165074383,55.86111119963684,52.86737076128718,48.14207628143024,38.89693791444185,45.248503032721985,51.460690917129774,54.92655643000225,57.24666558850699,58.74097218560703,59.79375350825853,60.35739037819933,60.6742276362898,60.53743979587309,60.15400416213004,59.359287601570884,18.633228601204557,56.295176495455486,53.61586195156881,51.662642983414685,52.43305987753858,54.812204078149556,57.38537190297417,59.57894487212898,60.95969529590798,62.2049511784349,62.8686990807138,63.23984315824958,63.350344327040986,63.23251481224241,62.678456528378426,61.828282051419336,60.51424980879784,58.717369324669775,55.81995143761074,51.27784876362171,41.57305630327966,45.334288581265234,52.4445030913543,56.321777960271206,58.64431571785361,60.39180052691993,61.42128122448581,10.0,22.380461031287954,20.0,22.50420002308894,12.041199826559248,15.051499783199061,16.127838567197355,14.62397997898956,18.692317197309762,14.14973347970818,18.129133566428553,56.31950826259217,58.9048864497985,60.66703392444257,61.871598809459314,62.7817537595871,63.27670492762822,63.517910906953205,63.47221672169117,63.112794796021035,62.137673713727395,61.27936938558702,59.66990711049519,56.71469987368415,52.91626331164747,47.08497383621435,45.88114772097658,52.344995671759676,56.078676749496154,58.88195786678651,60.549120556537446,61.76856390599206,62.35816450230872,62.66630988717676,62.48401215823015,62.090066998726876,61.52779858766068,30.9968064110925,60.08188248271239,57.694851477150905,55.097507586528906,52.723290432740185,51.05428427525398,53.41024768887311,55.60639401852839,57.854921311439924,59.36292517657562,60.311065751850094,60.983044629862235,61.09863596179495,61.00150584758252,60.66986370666798,59.99374165236808,58.944988267470315,56.739723613818065,54.73815303931871,51.18201876186626,46.19270770483865,43.99500661314611,50.307170829940674,53.66030513983194,55.80387759818944,56.88152755591566,57.93935590722411,19.294189257142925,19.084850188786497,15.314789170422552,16.989700043360187
17.24275869600789,13.979400086720377,10.0,15.314789170422552,50.24887758056816,53.306754888128054,55.950241937276914,57.166326145223394,58.25320290225454,58.8654148389881,59.35552607429162,59.46201146633908,59.46640876857188,58.900279078354984,58.72930899174456,57.6813026438803,56.23549056918393,54.5755643225521,52.26078954988749,49.27806491863953,45.15728171743949,43.825213241896805,49.411982699551146,51.90499779633488,54.19745981491741,55.94336187892344,56.69455423514512,57.37109912066921,57.65760916319121,57.42773034563963,21.13943352306837,56.144510972561434,54.80113346450172,52.76999169517084,49.53861127985518,47.503309381199934,47.2146436017342,49.5258904683569,52.6818936658626,54.05539299130531,55.57059443333156,56.52313076007672,57.1242913176024,57.15750209824194,56.67602361847101,56.173411390295975,54.96425906384923,52.754726010694185,51.09190309201101,47.67259787369816,43.934874581471746,45.41828766781313,48.61032322437349,51.745830891775995,53.77779636287982,54.65159697646179,55.55395567912495,6.989700043360188,19.138138523837167,9.030899869919436,12.30448921378274,12.041199826559248,6.989700043360188,14.14973347970818,15.314789170422552,15.563025007672874,16.989700043360187,10.0,47.645123748551576,48.68808957236165,49.13882698490752,50.45362102653348,50.99577060916708,51.78919421035466,52.03125396035934,51.913951171121056,52.04293665714389,50.940831300525915,51.67039533800316,50.968022946189116,48.019316776709154,47.44332106989367,47.07067466152118,49.95336788822523,49.96730515435153,51.16375261179705,51.542687315065606,52.938153992930594,53.83761524484166,54.320645036922166,55.222511708305895,55.19654766266997,55.324141970368146,55.773734442096384,16.020599913279625,54.74790086250064,52.653132025542966,50.981381966924076,50.04360071566798,44.23442491075262,39.365640051352656,41.0064620014548,45.195129832576264,48.20306570996265,50.87756579996581,52.690457096576225,53.52259719157145,53.997723349276185,54.23245873936808,54.822903232127985,54.487063199050795,52.47649264902109,52.308166386340844,50.71970329405587,48.488108524881525,46.12232694614741,45.63255573435253,48.063495871404676,49.85345625806566,50.69123963257296,51.10192266875969,49.4483785871521,52.98846529207363,55.421840892993714,57.255931417665025,58.60803799599714,59.55723338879289,60.12012125188393,60.4083801341728,60.360828900040524,59.72229228606522,59.1090655127899,57.74254119794893,55.66914541531205,52.75230708821863,47.5940341103876,39.649663748310985,46.156239455010265,51.822005912381215,55.26268181700292,57.30259677852096,58.75214687005396,59.695524233897956,60.30189113563422,60.435893880496025,60.16252996543181,59.8285803875453,13.979400086720377,57.38406333438287,54.952584138511,52.73380968940671,51.748444936554556,53.00003849357216,55.857854828906554,58.357083233128186,59.98925530280491,61.45093493797667,62.365758021542476,62.98560538405577,63.12979594201883,63.206092174769935,62.8411928381271,62.2698634552522,61.22245048771556,59.66777918780798,57.35887003211108,54.23183593281438,48.70830966087843,41.47676324241098,49.42290872747812,54.14326435766646,57.249775484358345,59.31239142752621,60.630874268549384,22.30448921378274,23.54108439147401,12.30448921378274,21.5836249209525,17.853298350107668,20.969100130080562,19.294189257142925,20.827853703164504,21.13943352306837,19.294189257142925,0.0,55.06158540990025,57.72019356016811,59.694923265484576,61.080712574401076,62.19148965635084,62.8660397906474,63.28719158271851,63.42395240440338,63.20419660119168,62.612842855265356,61.87841247218989,60.46604797170871,58.52289643109883,55.40205551770154,51.99933354974079,46.239518652470714,49.13861516235591,54.372002135832346,57.75470635829974,59.74992696401769,61.23270342422944,62.253715778351705,62.740758337853386,63.10635968944024,62.53512463599654,62.56579451908412,30.969100130080562,60.06210953051954,57.817912652753485,55.984074586221965,53.04524994221814,50.043084737549606,50.800850850458694,54.67900989110743,56.950059686637324,58.99049684483927,60.41554528396205,61.20743009928036,61.66011307748593,61.77205386515632,61.441421888991876,60.90718210607208,59.954724133343205,58.05884689091122,56.10546252295621,52.72400951902757,47.52770390463606,38.9768206179642,49.1860167696984,53.34889837239592,55.93591738192222,57.13725687267481,58.30902248213479,15.314789170422552,20.043213737826427,21.84691430817599,15.563025007672874
11.139433523068368,12.552725051033061,22.380461031287954,10.0,50.03805073565025,53.34715053464358,55.66529409114894,57.40403748122519,58.361575831277804,59.16180125116999,59.64173328582248,59.813519088296275,59.728787558720384,59.60946195733832,58.752430499634556,57.91338299615312,57.003168324538294,55.253778544718415,52.81910165702457,47.824511239072706,42.06421065237989,44.02862957968563,49.54960913566566,52.655842425751366,55.073984077731204,56.677377193304785,57.29948405182771,58.29615709406076,58.359345954417996,57.76129252781749,23.26335860928751,56.2111082097497,55.52300674262944,53.602240873299266,49.83414274420969,48.660331876895036,47.94418330874141,49.22875904332916,52.60915294158573,54.53478876993972,55.801731440126716,56.68797648841445,57.17974070227033,57.250004546512734,56.884135923240684,55.53679175812117,54.121933363348624,52.53747386911667,49.413623357117615,45.15131731637213,43.67616792134676,46.76446677310898,48.98999270889789,51.888300887521524,53.80480782541143,55.52074152549941,55.98568379993303,16.532125137753436,11.139433523068368,19.084850188786497,19.294189257142925,17.634279935629372,12.041199826559248,19.030899869919434,17.24275869600789,12.041199826559248,9.542425094393248,19.49390006644913,45.762607044858434,47.10667292450161,49.071801771903054,50.012879429612866,50.77847363302604,50.97288552776913,51.39693370071856,51.60099208812091,51.82451745648498,50.49101678208557,51.881885693588295,51.42846048753316,49.590461647617055,49.45059702895159,49.779247056397686,50.253918962159474,50.324978828571105,50.58744794996822,51.650691481175805,52.53148929745352,53.35361603015662,53.801424729743026,54.05038846663224,54.453924525576205,54.634300919028014,54.816332175876056,20.644579892269185,53.95584970334956,51.72678809369417,50.24309122720943,49.00263322601716,44.11030146797094,39.52937667750981,41.76901186391347,46.16254897182604,48.8455748436401,51.010662374919605,52.9672879439152,53.91108084273736,54.463025598447175,54.836985305704154,55.21960110159918,54.91249603375036,53.51537353106083,53.17248268445319,51.519946375536236,49.49062942731387,46.45667841581761,46.98848384853564,47.99409479615127,49.4266272358471,49.767716864682264,50.680262199065744,48.89772166771449,52.61833620575751,55.33558543435376,57.33695494686157,58.697490435668136,59.659914643297995,60.2645154573824,60.51194598718855,60.5746259954075,60.018310288555966,59.453173928242116,58.3111501986111,56.28580999013714,53.71365298317344,49.832924330659296,43.67914738793752,45.68201724066995,50.74084689028244,54.59277867146732,56.848830467205794,58.26285416856923,59.27093578964582,59.833574193757585,59.94551617188059,59.80422002441646,59.271618927287264,16.020599913279625,56.44251438147626,53.80003092399271,51.12873001840459,50.22362376506652,53.131266020263865,56.33090556012844,58.66118315419193,60.33896798329565,61.736317018265,62.51352246193562,63.13763061533075,63.42988671336543,63.395915457575065,63.162325214273935,62.43252661208909,61.47189518047103,59.943175926840865,57.96389059468463,54.88049861110849,49.674590490637655,42.199510857553165,49.08511826352619,54.13542833884183,57.1452506450003,59.05282516137965,60.43008409879952,20.969100130080562,18.129133566428553,16.532125137753436,16.127838567197355,14.14973347970818,19.86771734266245,6.989700043360188,19.294189257142925,15.314789170422552,25.105450102066122,12.30448921378274,56.05745583035735,58.377405409140515,59.92564562820931,61.34669475192351,62.19980920557277,62.91020786956022,63.22715761021121,63.18770992184832,62.90757832981613,62.346784689733965,61.43711611656996,60.08764065710871,58.338875232655134,55.549323139703255,52.26220859790559,48.158963796532355,51.158932933911046,54.8146126119918,57.35653981350707,59.47979433123325,60.79561087562851,61.83514688260615,61.960924142444924,62.39293471553603,62.755089884341004,62.338093332176676,40.223871256864385,59.81956708065043,58.51664927119415,55.33970228317713,54.0040845880037,52.22469347103954,51.04193385234653,54.110217187222645,56.50588217872986,58.59287841843308,59.943083522870204,60.74618989183759,61.277088252933176,61.32275703044142,61.29139587700273,60.573686130017094,59.518584567732454,58.311271933988266,56.0919407628991,52.84985374033226,47.86872042749559,42.803962380601426,47.954698497235675,52.45228803101548,55.15555950945086,56.911681654679256,58.10547032283119,17.853298350107668,3.0102999566398125,20.253058652647702,19.294189257142925
6.020599913279624,9.030899869919436,17.16003343634799,14.14973347970818,51.08297735391379,53.78430608087526,56.061028543635516,57.5226362009077,58.47842158870793,59.19869565728192,59.73492230854481,59.90607430376364,59.89688702914614,59.152151020418415,59.11755085183246,58.19885972227815,55.959864552977066,53.948612654830434,51.2462484543828,49.17537017078181,44.47313108823568,45.292506445324044,50.11253170127497,53.32341490322637,55.13037716945221,56.45351518783964,57.534122181178454,57.67619608231853,57.73614594144405,58.026348656465714,18.06179973983887,56.493981481391984,53.42890282601041,50.99445823865409,49.716097929928544,47.37709352440768,49.74608396541864,52.53619042499671,54.404682698221485,55.70734360848742,56.777310191352505,57.44895100220962,57.2433896063128,56.939115288056,56.28001468771555,56.07897670695777,54.52491782788313,50.706325351328175,49.07996833515086,43.979400086720375,42.92256071356476,48.61731501177587,52.70678836144707,54.60370057260826,55.574302010443226,55.84557360525675,56.51430184286065,6.989700043360188,17.16003343634799,11.139433523068368,20.5307844348342,13.979400086720377,13.010299956639813,12.041199826559248,3.0102999566398125,6.020599913279624,12.552725051033061,6.020599913279624,48.702692648271544,49.7102057932463,49.73958686106704,50.682341140079636,51.10919514182052,50.99214335574169,50.36133645113013,49.86018902007074,49.39084740844601,50.420594073748546,48.945874119478134,49.309490311675226,48.97187076580153,49.36035956891423,49.53687222759247,51.85445823151282,52.40798771117332,53.389701712421214,53.098451325623124,53.996356541609245,54.438901095470754,54.870039638789414,54.89992209725182,55.0325803949754,54.604919108553105,53.741505508030436,10.0,51.25552828932264,49.53856298224986,46.552249007683116,43.06317781104432,38.52723910791206,43.10055737750892,47.92111409087169,50.23178355675144,52.25329961923095,53.29196450203092,54.154141001776324,54.36817571751242,54.56379699523584,54.10380705989616,53.27518316758359,52.259937898461224,50.7811229098334,49.20175522010023,47.87524232486332,47.64400322956388,48.64570406853431,49.49199656117939,50.59714845546422,52.57882477442558,52.94300854141354,52.779688765946766,44.684950245070695,47.464551517643216,50.63051745747089,53.76111392085819,56.093724034689515,57.96186347469943,59.220924940043666,60.02270193520451,60.55578993288119,60.71729609455525,60.52822018752895,60.06178842285128,59.29339723616594,57.94418330874141,56.01381962936436,52.88591248715112,48.09754934937483,41.41449773400467,46.72245677706343,52.3055365036004,55.41280876014899,57.5487559156674,58.90489203830019,59.8643222508271,60.2735980236125,60.27242754110284,11.139433523068368,59.32752212393082,58.38550016944382,56.654543424126544,54.344619139069785,52.18220304175546,52.16474682789724,54.381371347138554,56.985572284786194,59.29958648165044,60.79653646190955,61.87329476358953,62.60224318617772,63.06562264367947,63.18345743330771,63.04566565735691,62.47525737077336,61.72091867626748,60.2430830141381,58.20572520865916,55.323020187316146,50.9024746885884,41.92734671903164,46.52604075494435,53.0150311884394,56.70380389284603,58.905244099410055,20.170333392987803,17.634279935629372,23.54108439147401,19.294189257142925,12.552725051033061,21.958996524092335,10.0,22.04119982655925,19.294189257142925,15.68201724066995,20.969100130080562,53.209932689831724,55.29147919800827,58.10128301707499,59.96246286190298,61.39789700657707,62.24927814026803,62.84047031603394,63.19466259752644,63.241270282782445,62.80135883928395,62.375460000874114,61.33421377490808,59.34678696544125,57.12961002740542,53.581348049987454,49.84711793055624,47.9945772421948,52.1353103797005,56.01965522004237,58.84574480084644,60.38071483951018,61.274796206872246,62.52501814077662,62.49262212335851,62.32053609104193,62.58259804444333,26.45422269349092,60.74304344001435,58.691378080683975,57.11790362908569,54.418914269353145,50.39207829888419,50.56981036668113,53.07891643288634,55.57143734246914,58.44206200820379,59.53879963538397,60.43171225036981,60.87604328648417,61.02590448781325,60.72653482547737,60.70958334000161,59.87066238274723,57.87913661262104,56.73420900801599,53.79142286647321,50.09727022688623,44.25534220498263,48.13247300897605,52.18687770419173,55.03836969030652,56.54235278401181,57.756104480063605,0.0,16.989700043360187,19.49390006644913,22.30448921378274
12.30448921378274,9.030899869919436,10.0,12.552725051033061,6.989700043360188,20.374264979406238,6.989700043360188,0.0,16.901960800285135,21.64352855784437,17.24275869600789,16.020599913279625,14.14973347970818,0.0,14.62397997898956,13.010299956639813,16.020599913279625,15.314789170422552,17.853298350107668,6.989700043360188,13.979400086720377,3.0102999566398125,11.139433523068368,14.62397997898956,6.989700043360188,15.314789170422552,19.294189257142925,6.989700043360188,0.0,16.020599913279625,9.030899869919436,18.129133566428553,16.901960800285135,16.127838567197355,13.979400086720377,16.989700043360187,17.16003343634799,6.020599913279624,13.979400086720377,16.532125137753436,16.532125137753436,0.0,13.979400086720377,15.314789170422552,6.989700043360188,6.989700043360188,6.020599913279624,12.041199826559248,6.989700043360188,15.68201724066995,15.563025007672874,14.14973347970818,14.62397997898956,11.139433523068368,6.989700043360188,9.030899869919436,3.0102999566398125,6.989700043360188,3.0102999566398125,17.24275869600789,13.010299956639813,11.139433523068368,17.16003343634799,14.14973347970818,14.14973347970818,16.532125137753436,14.14973347970818,19.912260756924947,35.289167002776544,32.474822606770545,29.24795995797912,21.84691430817599,20.863598306747484,16.989700043360187,29.0848501887865,31.613680022349747,34.59392487759231,35.03109436671369,37.77644277696485,36.617180576946595,39.53856298224986,38.30716949436898,37.74954689080138,36.88864568054792,34.158077276355435,35.87598729721245,30.83860800866573,31.41136090120739,26.60865478003869,26.9284691927723,18.692317197309762,26.989700043360187,29.561684304753634,33.306166672944386,12.30448921378274,35.37189226243645,35.39076098792777,33.77670439334323,32.47727832909723,35.87149498254344,32.046625117482186,32.727695865517596,27.032913781186615,22.30448921378274,10.0,16.532125137753436,30.87781417809542,33.81115080709851,33.376588910261425,34.0226138245468,33.979400086720375,33.69957607346053,36.37189422148762,34.158077276355435,34.81872410310663,32.746196190912386,30.043213737826427,32.21414237842338,27.98650645445269,27.363965022766426,23.59835482339888,49.33674530646929,54.1482800203687,57.583008780268834,60.11720116193253,61.95397295427384,63.31884836225065,64.40475357843405,65.03835471620489,65.37897890343854,65.3341423431418,65.03096346279342,64.33943357086125,63.2469268006888,61.51851689572429,59.000944481692116,55.21432310094689,51.06625993991236,52.7406774691341,57.17974070227033,60.168094529055026,62.27706782060671,63.6581508011031,64.44171160351144,64.84906857639048,64.82638658196139,64.52365671077283,31.287222843384267,62.51114805366796,60.52280222724416,57.84799814843319,54.603038508517216,54.22212171034224,57.653317155800856,60.84344592422353,63.285214905680206,65.05068540469512,66.28244720342182,67.17776983613761,67.66606303032681,67.930841170993,67.9088733875712,67.50152250810729,66.899057147317,65.8040134097446,64.34623985686726,62.08985227584145,58.723177186712626,53.311802149347386,48.24522833268283,55.16166364323269,59.73021577053806,62.51490510877954,64.21952538545095,64.87879297389232,65.15818361695933,9.030899869919436,22.380461031287954,15.051499783199061,20.374264979406238,14.14973347970818,17.634279935629372,20.253058652647702,15.563025007672874,11.139433523068368,17.853298350107668,10.0,14.62397997898956,13.979400086720377,19.49390006644913,18.633228601204557,14.62397997898956,17.16003343634799,12.041199826559248,22.380461031287954,17.16003343634799,14.14973347970818,9.542425094393248,16.020599913279625,6.989700043360188,20.374264979406238,17.16003343634799,16.127838567197355,26.78518379040114,20.374264979406238,30.257153839013405,21.73186268412274,28.773713458697742,36.567687792660166,32.81714970027296,25.865873046717546,25.622928644564745,27.49736315569061,37.09693869727792,32.14843848047698,30.20775488193558,30.15778756389041,28.65103974641128,25.68201724066995,23.891660843645326,24.377505628203878,13.010299956639813,18.129133566428553,14.14973347970818,16.989700043360187,23.654879848908998,16.127838567197355,17.853298350107668,12.30448921378274,18.633228601204557,12.041199826559248,18.129133566428553,20.5307844348342,12.30448921378274,15.68201724066995,16.532125137753436,20.863598306747484,20.170333392987803,18.692317197309762,13.010299956639813,12.30448921378274,18.692317197309762
19.138138523837167,13.010299956639813,6.020599913279624,17.634279935629372,50.77847363302604,53.616711852165594,55.36664478278395,57.07683418521072,58.27062185522891,59.00394441915931,59.64836891050688,59.78777888742458,59.843688682187484,59.550259451981226,58.99072697440117,58.21556104208141,56.83937239874284,55.185363120476765,52.58278015243032,49.43578596675224,45.05543379461151,44.65159697646179,47.81877390670729,51.931969747369145,54.25379320595998,55.73929341329467,57.15883896227504,57.43278445243205,57.63506608724021,57.78473232737353,20.969100130080562,56.45675697600825,54.52205181969009,52.38447577141119,50.9990152965462,46.402925722221084,46.73389578188305,50.661394928707,52.66198758697935,54.89301622020577,56.0625449819383,56.8520592759069,56.94192642625333,56.89892854374571,56.522115186688936,55.602857194522,54.05300247027655,52.539676634149615,48.4965277669385,42.43930536804275,37.307822756663896,44.13517695040015,49.73589623427257,52.32398862462542,54.00926349528823,55.43869464336801,56.18651503636122,18.692317197309762,20.253058652647702,13.010299956639813,20.253058652647702,6.989700043360188,14.62397997898956,9.542425094393248,11.139433523068368,18.573324964312683,18.129133566428553,13.010299956639813,43.80681472737826,45.77273448787888,48.2558837985897,48.996126039296286,50.046394532297505,50.48088164099313,50.78663403180664,50.83090346109901,50.635922819188764,51.884784959139346,49.97604787460454,49.65864634904571,51.91093147023806,51.52930136422725,51.41615933722295,49.429896891600194,50.10439892275444,50.68705219691942,52.159361538673735,52.48279863255517,53.40802904042276,54.25770540198907,54.470665096478726,55.0921462324715,55.09753444381994,54.381973075783634,20.253058652647702,52.90757832981613,53.03718624816738,51.18016581440179,46.52246341003323,44.902394852462876,39.04877766963405,39.48608549876437,46.07433576044023,49.98372693674455,52.103292231935825,53.5580578441483,54.661511107315384,55.24288346573595,55.55348418430587,54.85149086520665,54.20617419424769,54.287906018553144,51.78104606684809,50.27272121095869,48.08460806117993,47.837464048052134,47.31959248048951,47.8597012513201,49.42647855662629,50.412702758275636,50.99998133076532,49.373021957058405,52.61961936421574,55.209418219780616,57.18545697359311,58.547583228410424,59.463937983590114,60.020329441429894,60.21908804342886,60.233520683658675,59.95547449475137,58.86046615374758,57.68362788196668,56.453849302093495,53.76872468704996,49.93898937429586,43.19772091426363,46.638987151398695,51.70604907153802,54.54302033767259,56.858751405401364,58.23764314016778,59.28871369634277,59.66941506246052,60.005425290922936,59.70625776688294,58.80317870896697,22.671717284030137,55.81122130249868,54.1904657710416,51.50919078008005,50.005078275226225,53.064357507388436,56.01253626929611,58.278872737941256,60.20375372125632,61.455320230294745,62.32288726687607,62.89284081412946,63.258892503902395,63.24606100181555,62.93707422168354,62.21435625992854,61.1422455044693,59.882699255841594,57.50986395607523,54.49090986958516,49.51580344903392,43.50887356343713,48.96493148122794,53.913762391696494,56.96614965998937,58.84922745863796,60.1051111491895,0.0,15.314789170422552,18.06179973983887,15.314789170422552,19.912260756924947,19.86771734266245,9.030899869919436,18.129133566428553,18.129133566428553,12.30448921378274,17.634279935629372,55.83289478747963,58.03820923852037,59.85146135684141,61.28501690680247,62.201679956166195,62.76748941031243,63.18891462742536,63.15810025538971,62.96854878490147,62.438720853928075,61.5784585703948,60.2988232125703,58.301554411905016,55.38353766263111,51.6479584811653,48.887690149758456,50.7023741141393,54.94850021680094,57.55425089974061,59.35367180744849,61.002747140167834,61.78046964753848,62.07517229398704,62.41970607030182,62.57928282380432,62.039337389679645,33.15760490665735,59.5412764748836,57.70352654060125,56.18513536477387,53.03014523283948,49.43870280184476,50.79007493502037,54.47878672168753,56.88223989360849,59.04200901675126,60.16984060783058,60.86793196906564,61.2245704959045,61.374265932493124,61.10509577258305,60.58375151319644,59.617935257710855,58.07212908368928,55.878007323780366,53.056307759969656,48.78940951591717,44.82830723485827,47.471087059907404,52.16105176015767,55.02248175648621,57.236936888413624,58.19031033699456,3.0102999566398125,18.573324964312683,17.634279935629372,3.0102999566398125
11.139433523068368,9.542425094393248,16.127838567197355,15.563025007672874,51.320162114067244,53.705519467614636,55.380103942720496,57.231090833559776,58.37234798784421,59.40509014206352,59.94708149652749,60.07075765697604,60.04160095889385,60.05508684212067,59.248749981905775,58.515420766372344,57.620608113544264,56.06493149302658,53.5037208474892,49.477179300000756,44.328410669343235,45.015111317240255,48.23063215636842,52.357556345867174,54.59490494551672,56.410743359763984,57.38092909779644,57.97453824980963,58.14537916454687,57.75442230980979,14.62397997898956,55.89567611498852,54.407217915292236,51.94494916135733,49.205511461198455,45.88977212260553,48.18859052975628,51.69098126825702,53.994141053637705,56.09436455238426,57.24120151212689,57.691719478179806,58.03927346674634,57.88232025276355,57.42980292691594,55.69650084581453,53.88516816503308,53.101769489708204,47.4907122781966,43.01572524756275,43.94399142025591,47.4126193189077,50.77894554033601,52.63138771218142,54.42733686540105,56.07748742851673,56.46648744272955,14.14973347970818,0.0,16.901960800285135,22.87801729930226,10.0,12.30448921378274,19.030899869919434,12.041199826559248,16.989700043360187,16.989700043360187,13.010299956639813,45.753033334223986,47.28207639665542,49.499751778296535,49.941675219071875,50.23375938139562,50.017510150333365,49.99321971608474,49.85740741050074,49.77942982873191,50.438572095139634,48.929234251285834,48.98094118959344,51.33337681226803,51.61852943153348,51.47676324241098,49.44092619042506,50.21639904258428,50.9314140475115,52.961494336117916,53.18157282741304,54.12353010531839,54.680650950297014,54.68146385803906,55.193882284447156,55.21536875904269,54.30347614016503,13.979400086720377,52.75138523943827,52.036909049630495,50.0842982679723,45.030958008377794,42.323352770856545,39.03089986991944,43.29316505090259,48.302806401963856,51.1965172203987,52.745388448061135,53.891394940924606,55.010099389080196,55.47780856824171,55.39829811389598,54.31881391942893,53.44132798577991,53.375171633615246,50.20149885609169,48.07602669916495,46.18393302080016,46.906390117159674,48.335423249543695,49.84077033902831,51.559460507439425,51.776922985724596,52.51183006789789,45.43385044809844,49.879967748475174,53.39081586958749,55.938009324580165,57.90204210191411,59.099970527093774,59.93086890815655,60.44526041487223,60.71537747727146,60.85918548474997,60.180898108794395,59.345514723331604,58.37170354870952,56.49733914639594,53.76595204340475,48.544578664773006,39.93436230497612,46.008640363098394,51.60243371959807,55.151224472068776,57.32108157524746,58.880895918361524,59.660670746221534,60.219286244882,60.39655987551438,59.85802220984708,15.051499783199061,58.007404415975934,56.619498592960895,54.25111784367782,51.19338384193543,51.739841704856275,54.190333387394844,56.67592091626559,59.05326264816519,60.5459773525736,61.69957896453468,62.483740063782975,63.18023244390992,63.29951023572897,63.227923919595256,62.608557500500474,61.72530834676796,60.81339025160406,58.833235191277524,56.45343656898537,52.38046103128795,45.35610545908793,44.601458174917504,51.76453020410962,55.595164222436054,57.917551920305065,59.58279515977501,10.0,6.020599913279624,10.0,19.49390006644913,17.16003343634799,19.294189257142925,16.127838567197355,23.010299956639813,20.043213737826427,13.010299956639813,12.30448921378274,54.43109587904651,56.75273203589594,58.63016366162021,60.322648963584015,61.56653321056537,62.3127814263148,62.83817777063777,62.98834089250977,62.93665018901277,62.55450288172512,61.52034421983025,60.48157360188698,58.85922951274699,56.36296283082103,53.1761419263232,48.12813123273506,50.163814085055016,54.032235037037246,56.744808518439484,59.03563652448584,60.62281446245642,61.748633667770385,62.12029044654799,62.35775318590389,62.60656336933029,61.84323686044782,38.43668722979144,60.51765506474493,58.8526733894244,55.55042426903639,53.28351057323378,51.43564350459822,50.226798839394995,53.60421100406485,56.29949582692884,58.350338784806766,59.73460839020494,60.517408340905405,61.15978424524801,61.21584791604456,61.07313441552666,60.33584575515413,59.411400863007614,58.23696536254693,55.60930734437161,52.969568153887664,48.95698726959306,46.38858499846704,48.08359539712097,52.06288745240364,54.99424502476081,57.15820400317036,58.16575346175039,16.532125137753436,19.294189257142925,21.613680022349747,20.043213737826427
9.030899869919436,12.30448921378274,19.030899869919434,23.838153659804313,49.81569461720615,53.100663716677616,55.423585272741065,57.026321263752244,58.14418748630917,58.94414654066425,59.36315148097259,59.64182761287455,59.626117530327946,59.55956996746124,58.82809610212607,57.99556264399997,57.17379211718087,55.62346404311444,53.28389798025231,48.54342484564222,43.28624207490207,43.682124811873855,49.29893835214881,52.518936126825075,55.06375130517445,56.669155897698445,57.23256129870097,58.13165842179805,58.22704075997153,57.48152351351345,13.979400086720377,55.27971274199719,54.25933444412038,51.74051081023513,46.239518652470714,47.44895100220962,49.934406395562654,52.596822576586575,55.1821509511982,56.79483315593611,57.79868381247462,58.36316518652283,58.69715629692842,58.52302457783682,57.99484601031614,56.72619621794227,55.18116312652409,53.118237662484276,50.30874863354115,47.440190173249796,47.62325884457418,50.109991843615546,51.9143983556988,53.98363673371616,55.56565410608325,56.533591840307594,56.87459397184536,3.0102999566398125,17.634279935629372,3.0102999566398125,13.979400086720377,10.0,14.14973347970818,21.13943352306837,16.989700043360187,17.24275869600789,6.020599913279624,13.979400086720377,49.33335410077652,50.230589393615446,51.32839002842442,51.538910496761694,51.44739177044223,51.21930625217794,50.9822826550294,50.278916277678185,49.91159596959518,46.828487672897154,49.07948521612273,48.60367956881816,47.77579052536169,49.29771327632285,50.31529645803423,50.993283676153624,51.74980942370255,52.494625238164915,53.6123283596723,54.18939003708833,54.41275560056529,54.591345488274,55.00930461791196,54.476990113164234,54.32970893434113,54.444819946856114,22.380461031287954,52.6778400395216,49.39888495510685,46.71913012441587,44.70248739825372,39.13813852383717,42.12773373519913,46.05865064892988,49.13946239058085,51.299636562735664,52.85982394464029,53.724480170290974,53.68169693278739,53.89609016051986,53.66984841499969,53.76083990362361,52.67795724946364,50.501244413725665,49.71275848738105,47.336866743342625,46.55772119088149,47.61514385682483,50.55901768837651,51.60579566652974,52.525714975128196,52.88716366350862,52.79726244918392,43.82305275193315,46.345276494290324,50.79427276551975,54.03732907913748,56.3852619537413,58.03840709555347,59.27780849347374,60.23960338154435,60.79297404286062,60.95409978085557,60.86247326713539,60.4537070943105,59.545497846941515,58.2691664718492,56.24079859400604,53.48960678130545,48.224623057586705,38.35690571492425,46.366182654274574,52.31902649456643,55.686909100746135,57.80026244523377,59.305889215367465,60.103818032580314,60.610557025844315,60.75617756571138,21.64352855784437,59.83518489343078,58.44155218751703,56.68693355440256,54.54687876089932,51.78703629679069,51.61179267766518,54.592869172423875,57.177911236062606,59.41613286100328,60.89976428742239,62.0640081479003,62.89652486872125,63.360755035102144,63.466942114689324,63.26591855325732,62.730774695839614,61.84180479534106,60.50273006475991,58.537286234901956,55.68187638612141,50.80110365485724,38.603380065709935,47.047851870884394,53.43890875343595,56.87479018936611,59.13730163188839,19.030899869919434,21.367205671564065,22.04119982655925,10.0,3.0102999566398125,22.671717284030137,12.30448921378274,18.129133566428553,19.294189257142925,18.633228601204557,23.673559210260187,52.786850227256835,55.46118031801071,57.87643222321869,59.905364182742105,61.16839106856052,62.34677709998387,62.92132412773168,63.13404218124965,63.24280808680422,62.81303409894739,62.23903047189034,61.20264550721697,59.64936714682952,57.41463611272423,54.10630476079238,48.096741647656394,45.66189926827274,51.99766144147375,55.987347122004735,58.4736101239828,60.48115766108421,61.477653377594464,62.12669057943649,62.64224984242417,62.470207004288326,61.77858422209838,37.460890430562,60.751467882154344,59.19171220243176,57.335583580496426,54.24568047726243,52.025128373862955,49.15721611037851,52.59194756166864,55.43766415175163,57.744439689249646,59.139409443658664,60.142453424117264,60.702170915989484,61.001836893630134,60.86937911778351,60.19187766527564,59.03654745320271,57.91231555738831,55.49890573064428,52.50705371758883,47.34519807346076,44.16973172603036,48.5396576180009,52.57630583877158,55.02167558310291,56.793161286303196,57.84295553104862,12.30448921378274,18.129133566428553,12.552725051033061,16.989700043360187
15.051499783199061,12.30448921378274,10.0,15.051499783199061,50.426581898294465,53.2512552621693,55.069337034876575,56.84512334708094,57.717586664522784,58.740049337217506,59.139774764283274,59.38927810227882,59.35177137035243,58.82142441218826,58.6698932401123,57.75109974821743,56.12420380250949,54.336434462393186,51.644777718469605,49.79516507063514,46.39815074060728,46.36257147463504,49.0526145038752,52.30533217419822,54.12871966219988,55.73657034220929,56.69392201342624,56.97544920048628,56.94250599722504,57.33875070169526,6.989700043360188,55.62028637861657,52.335164439900865,49.42707324297204,48.663168819216544,43.698093586735425,48.21657614283278,52.14933875376801,54.2780408577942,55.83262269303246,56.81389595980419,57.52298191407359,57.52586178740409,57.19611333190141,56.82776646314434,55.86988785181625,54.608452433538666,51.794857228259744,48.202343095656,42.33630580164463,40.05695181118511,46.85741738602264,51.84492688528423,53.544849206898455,55.020076457529726,55.89016373421907,56.562074809141585,10.0,13.010299956639813,14.62397997898956,11.139433523068368,16.901960800285135,13.010299956639813,9.542425094393248,14.14973347970818,-inf,6.989700043360188,14.14973347970818,49.190571620171745,50.76265325036421,51.27639234988208,52.07688213335581,52.33364215748924,52.13894778719614,51.45662470707546,50.83090346109901,49.69117581940806,50.817936166710126,46.66564777007909,46.602012013806814,48.97165064137771,48.81087796950683,49.133104146557535,50.47294342036406,52.01476328040931,52.88928537075941,53.74106508804012,54.447893316980085,55.05417258596556,55.630026233615986,55.143046390910044,55.8338583182332,55.48110446381643,53.979903839102306,0.0,51.212347402694355,50.708244281492625,48.0204815551264,41.77767292804646,40.605845313608654,43.02698818991789,47.15878048308093,49.57382180873746,51.90715388912711,52.80122896302308,53.49631037224925,54.41985615252953,54.47599856263528,54.18437194280757,52.19230764831914,50.91149716189777,50.55351569446822,47.69081787118218,46.91982756655776,47.51356099725393,49.714660429161185,50.78543813242427,51.47011236491697,52.80760426326267,53.64395259261393,53.2391386901618,43.78924549697582,47.4592536276065,50.45142963590233,53.88250442440903,56.116309176918236,58.096741647656394,59.141743789689095,60.00177590128392,60.52657396564729,60.67853146420278,60.39818479157829,59.98052170667516,59.31407522157379,58.04027605859375,56.16287471462272,52.444379408303064,47.6178505378931,40.45518562884492,47.56369821602081,52.42089009688843,55.54399505585441,57.68775692352107,58.86197336314973,59.96428482784417,60.44803471093359,60.36683977014688,17.634279935629372,59.32110347655563,58.43358001349847,56.981249141691556,54.06042585722518,52.741024038757836,52.29886529245892,54.156743345662605,56.87290791963774,59.13837684963543,60.629525744309085,61.80917439589824,62.661359343158445,63.16296677997458,63.39639230579375,63.04687165225747,62.58627706113928,61.82102087646491,60.44768606204976,58.476374283470854,55.566811369619344,51.48189137969447,43.051148080353954,45.034638181532145,52.455250055503164,56.391127954420845,58.8011873697464,13.979400086720377,12.30448921378274,6.989700043360188,12.30448921378274,21.13943352306837,20.0,20.253058652647702,14.62397997898956,12.30448921378274,20.0,24.84299839346786,52.98634783124435,55.559030074345294,58.1257380609842,60.11022472574965,61.530370096149234,62.51939081071911,63.183282155627026,63.50191595162742,63.565812840144595,63.22126014806912,62.62039145279934,61.66259855984095,59.966254844226725,57.66329549772034,53.84039633727167,49.69103592673178,46.662370958958036,51.866427848045085,56.617180576946595,58.82613323032438,60.59921080772138,62.069796052520005,62.62910297207185,62.62687395541552,62.93163816757881,62.437871186776476,26.19093330626743,61.03601915222394,59.60054359260724,56.840586123336934,55.02865290469194,52.19584526214255,51.49650113098115,53.24498519649171,56.424664988001744,58.1300755492164,59.88951160780394,60.85156736383435,61.13261643358609,61.231212164217574,61.146329986018635,60.603419507459144,59.79282891392544,57.70944013439311,56.1865986387361,52.89769499469651,48.359821166220584,43.909527609917944,48.4723940770799,52.41112965906733,55.44694217614864,57.22628987341204,58.40773967393233,21.13943352306837,13.979400086720377,6.989700043360188,11.139433523068368
20.827853703164504,11.139433523068368,15.68201724066995,18.06179973983887,51.20764715657414,53.869357156744464,55.44421540238881,57.15690037514271,58.21939098729766,59.06747048890529,59.56853920750647,59.690546266875856,59.57249457241162,59.49655869625101,58.62659012810205,57.694851477150905,56.956287513276386,55.191832901366936,52.66537430234307,48.816413910114974,45.55336327995267,46.99013431612882,49.17410973258329,52.674580336143286,54.769938429836685,56.33753178608275,57.47002181508102,58.08757718095308,58.211439260964355,57.893077823235934,18.325089127062363,56.39248358900801,55.35549810022918,53.3786840353569,50.56874373461313,47.016111533360586,45.102366052633904,48.5302861471299,51.138932385138425,54.22006778409157,55.580037700476126,56.260959437915254,56.648167861997074,56.69177363142873,56.401404266770314,54.92448870030101,53.537335542779125,52.53737701864096,47.096514974674626,39.97298992409514,37.92741785834749,43.93347029066479,48.135075992755134,51.205212862598,53.30432037686332,55.25704174573303,55.8275858684145,13.010299956639813,11.139433523068368,15.563025007672874,15.314789170422552,18.692317197309762,6.020599913279624,14.62397997898956,13.010299956639813,0.0,11.139433523068368,13.979400086720377,42.87286539262812,45.83697415983732,49.185545305502735,50.248672522524146,50.94436188017956,51.336474684212526,51.72001273627119,51.98901652313615,52.07518575991891,52.45680431002719,51.70886297979714,51.181489428970764,52.112113436491796,51.80160296083869,51.05339839805286,47.83796421033452,48.2865989653532,48.478501734642485,51.2484969711265,51.5454569242091,52.86766248786745,53.83285634478604,54.21225399340183,54.97067936398505,55.13053709573542,54.76259048693333,16.532125137753436,53.32981493370737,52.853704997065314,51.1688987733376,46.98943945885343,44.414908985372826,40.06936451364293,40.9191304667608,47.18609626280288,50.16803603579608,52.369904646531474,53.72744509668038,55.06620017278144,55.661875683833244,55.92995701723643,55.13676963166378,54.58837201079153,54.720246977002816,52.50009912837565,50.795430074029056,48.28402078491593,47.07399831133249,47.580333360678644,48.12117534962887,49.464522650130725,50.48138701654721,50.328966526225905,49.36614261975212,52.83583880507802,55.59825261974956,57.47785342454598,58.974181398890835,59.781120108276575,60.28904978154041,60.46854001604195,60.41361888639437,60.169619253925674,59.147978438103976,57.875964802030175,56.514960758921575,54.041560992263655,50.46245363425119,45.98188422187391,48.59504560004816,52.627476376981846,55.569257484788004,57.35459168519013,58.79095879500073,59.552050931011294,59.95386829980739,60.21522130603606,59.77698461196244,58.925264552378366,3.0102999566398125,55.799504250817044,53.601710300741516,50.615203322990965,48.66435033179107,52.698607075130546,55.98082149721332,58.33231921790053,60.268620272209844,61.47941456579371,62.418899951557385,63.02989664489818,63.4504518950039,63.43163704799855,63.09416586796088,62.470797131098905,61.426725413555026,60.23877722692095,58.028592079183525,55.26976034108305,50.840755677786746,45.55964584741422,48.87403475810974,53.60034567359254,56.588829285243854,58.54020467641952,59.795793296016996,6.989700043360188,16.989700043360187,16.127838567197355,17.24275869600789,20.969100130080562,20.0,17.24275869600789,15.563025007672874,16.532125137753436,21.335389083702175,15.314789170422552,55.40504659129165,57.74070032942306,59.70004978898237,61.13562676736609,62.19565666213252,62.87166613768997,63.316760587904106,63.351741625729396,63.14636041812741,62.75939877729282,61.808919554710606,60.54712616834395,58.90115172288121,56.37438691908683,52.22596828644161,47.48327599231048,49.308319136998186,53.47246076137299,56.964656039940365,58.99936444669958,60.35434541414929,61.696961776225116,62.3642161896646,62.245861484305365,62.551745365210714,62.05988850752451,38.360708089151416,59.477365440412775,58.74312473621285,55.37135014840767,53.50100643418144,51.42467682144604,51.04391501374647,55.19276575332284,57.12151155248823,59.41569566563034,60.44036581085426,61.2921442106818,61.7181564302432,61.82786582487524,61.51875262393539,60.676458131364214,59.61789257662802,58.40231594958109,55.71708831808688,51.98112503204577,46.17293967574671,42.04119982655925,48.221288341175814,52.79678348690777,55.798247383557815,57.80335317342447,58.7655267265372,19.294189257142925,25.95496221825574,16.127838567197355,11.139433523068368
6.020599913279624,6.020599913279624,18.129133566428553,16.532125137753436,50.724263743279685,53.65107810868834,55.47375906443196,57.214519888148146,58.437938206130184,59.30325399045542,59.66528903834409,59.8981143082083,59.82141377673444,59.88653474755034,58.73346763345595,57.87779170797312,57.10496466518311,55.2975107994238,52.611486283704565,46.144437108200066,39.53179601065634,45.8370874210565,49.87777951819497,53.50403095815512,55.840744170813544,57.32860777322445,58.2463340780055,58.89898097494158,58.960988775849295,58.16829685206873,0.0,56.28433889975258,55.56597961762282,53.209808253123356,48.95466746790746,47.060688423272055,47.63165840200662,50.93789278909418,53.63040064425785,55.722499073050784,56.8327854018178,57.375393035693804,57.72164686754547,57.59101003867063,57.14718606155847,55.191570089992595,53.12452407152441,52.25908607999338,46.39187559935755,42.21414237842339,45.381336872506694,49.18915855704219,51.22952734013195,53.442134097180414,55.10562435252916,56.69135499174489,56.923083422026934,15.68201724066995,10.0,13.010299956639813,12.30448921378274,0.0,20.969100130080562,6.020599913279624,6.989700043360188,17.16003343634799,10.0,11.139433523068368,45.28415301936139,47.199938263676046,49.80793931604647,50.403530832406446,50.74121305906297,50.68486423128232,50.97396150641502,51.210112954956195,51.345404619279186,50.74863961852098,51.33366433670601,51.11548139767291,51.48926404279561,51.41249042203825,51.445025975979924,49.91093108048887,49.62222493738536,50.10812833684308,52.2198770161943,52.083795403247926,52.879472165965716,53.33457350817952,53.65203353875515,53.99564701613989,53.95488895407095,53.79087862643168,20.863598306747484,52.16545908662437,50.90515519223662,48.68820706197518,44.75089803389007,41.499884564914765,41.69821328862136,44.88621213129428,49.18748321997262,51.22284704397089,53.07275625677615,54.438854212210956,55.192305921766604,55.60653734255116,55.65655411926621,55.11963531021603,54.22873696217576,53.73289086543484,51.678901074199615,49.308319136998186,46.656372674340616,45.031503416035285,47.347438395825385,49.00503677779401,50.747469772186065,50.803414327279285,51.3772430671353,44.61093156210612,49.97665920641193,53.767958738797155,56.21098351132382,58.09288279943803,59.28889786097673,60.17147326640096,60.73935626473354,60.9915316059513,60.952286486380004,60.39465676191213,59.59828136307159,58.43818711366098,56.56122169038135,53.886872102012404,49.11439941580851,43.82251246146584,47.05359022014651,52.54318422766606,55.50625764708823,57.69750157006445,58.98023272960916,59.909091023391085,60.385792338257616,60.38171729072068,60.04366950811892,20.969100130080562,58.08790096216285,56.287995273789384,53.53389144096357,50.32078578473196,50.61199821143188,53.99012259874168,56.92848681117396,59.356332030394285,60.870417069980114,62.120815489992445,62.94561892682544,63.551006094523444,63.75204024451506,63.534901865650355,63.19501847161519,62.280562776329646,61.28545301533471,59.47944183457891,57.06824423094054,53.33054115504841,47.000543856282384,44.950584330166876,51.712846231439585,55.637669611482075,57.98010124079046,59.62606546269353,15.051499783199061,11.139433523068368,14.62397997898956,22.87801729930226,17.634279935629372,21.702617153949575,16.989700043360187,23.117538610557542,13.979400086720377,23.443922736851107,19.294189257142925,54.18541578650475,56.884064725819115,59.007908370160244,60.440832761890874,61.74290129245726,62.54287228757417,63.08532400503108,63.22809947009395,63.01589223898445,62.70705382020223,61.749620743575704,60.55745949765925,59.14320410284138,56.800108045321956,53.62529596161941,49.16480268630046,49.41958416530814,53.68699593987911,56.08987894345516,58.57419949708665,60.17200760953933,61.51250303203928,62.24167500617934,62.04994476441016,61.910565048879256,61.655867583021504,32.474822606770545,60.60215694766907,58.67922757470381,57.21480854770049,53.93878664679746,51.148777498928354,50.3981055414835,52.84640498174706,55.94436751126765,58.414558305856296,59.584081017093105,60.571425053850746,61.20411369365441,61.5041040106182,61.38558461770826,60.57553522623145,59.551145652251904,58.73962557383579,56.14417329665366,53.216502030686,48.29155765790115,43.12283165791478,45.9470186120636,50.863918676105904,54.446021472278254,56.72039640092605,57.8564654088938,17.24275869600789,18.573324964312683,20.0,14.62397997898956
3.0102999566398125,6.989700043360188,19.49390006644913,15.051499783199061,16.989700043360187,17.853298350107668,13.979400086720377,21.13943352306837,18.06179973983887,6.989700043360188,3.0102999566398125,9.542425094393248,13.010299956639813,19.030899869919434,6.020599913279624,14.62397997898956,12.552725051033061,12.30448921378274,13.979400086720377,10.0,13.010299956639813,3.0102999566398125,6.989700043360188,10.0,20.5307844348342,21.84691430817599,15.314789170422552,18.129133566428553,13.979400086720377,20.043213737826427,18.06179973983887,16.901960800285135,17.853298350107668,9.030899869919436,3.0102999566398125,13.979400086720377,14.62397997898956,9.542425094393248,19.86771734266245,12.30448921378274,20.0,10.0,13.979400086720377,14.14973347970818,11.139433523068368,12.552725051033061,6.020599913279624,12.552725051033061,13.010299956639813,10.0,10.0,11.139433523068368,9.542425094393248,3.0102999566398125,20.374264979406238,12.041199826559248,9.542425094393248,18.06179973983887,12.041199826559248,12.30448921378274,15.68201724066995,9.030899869919436,6.020599913279624,18.129133566428553,13.010299956639813,15.314789170422552,19.084850188786497,17.634279935629372,36.17524534886292,32.52610340567373,27.363965022766426,24.424797690644485,18.325089127062363,26.127838567197355,32.21414237842338,33.6285930295868,36.591552809406295,36.12041744645269,37.8710609303657,36.483600109809316,39.61942883141387,38.58837851428585,37.641013764762285,35.98243191653623,33.979400086720375,35.01333178645566,30.895518828864542,29.283958522567136,21.73186268412274,28.773713458697742,30.530784434834196,33.51989455435632,33.376588910261425,35.83538819254352,15.314789170422552,37.00444101027752,35.73799582215741,35.07586039763011,32.75311354541812,34.66719371681599,29.074113607745858,28.23474229170301,16.989700043360187,18.633228601204557,23.891660843645326,23.891660843645326,34.04149249209695,35.477747053878225,36.67359546183087,37.147487607250596,35.28016341189201,33.51216345339342,36.73665876245702,35.85235063365775,33.19730494330224,32.87129620719111,29.49390006644913,30.969100130080562,34.42479769064449,22.85557309007774,17.16003343634799,47.940207370609905,50.90645957573315,55.0532366137837,58.30145166849163,60.64742807967473,62.42044239369551,63.94135125918594,64.88788949093393,65.51902721308959,65.72435928047338,65.78447230007056,65.37015978160196,64.64004309316763,63.318678464645956,61.34465584804835,58.20131151965039,52.748618518466174,39.54290761701127,52.394746634651845,57.936129999194314,61.274653723399624,63.3199626448756,64.54591371405112,65.3686663177801,65.76761042147747,65.83544484420662,30.253058652647702,64.69918874928564,63.40967530682548,61.75159712392019,59.257312257788755,56.68129551376219,56.26227415588691,58.58596142127823,61.61195747853249,63.85564271895214,65.432877231094,66.6700628722599,67.40503930675105,67.88062260178738,68.06242738572612,67.79839397370664,67.42084604936875,66.46162101095943,65.2210109663791,63.25015608544145,60.225426007689464,55.19654766266997,42.90479813330673,52.436778513266106,58.840983483140135,62.16256975773305,64.2916825382546,65.1000918397569,65.64965352122265,19.294189257142925,25.575072019056577,20.253058652647702,19.54242509439325,6.989700043360188,15.68201724066995,16.020599913279625,18.573324964312683,20.863598306747484,21.613680022349747,15.68201724066995,20.863598306747484,18.325089127062363,6.989700043360188,18.325089127062363,20.681858617461618,23.873898263387293,21.13943352306837,3.0102999566398125,18.06179973983887,14.14973347970818,14.62397997898956,23.521825181113627,20.170333392987803,23.117538610557542,26.884198220027105,23.891660843645326,36.82145076373832,28.169038393756605,30.253058652647702,26.55138434811382,32.08978517276253,28.85926339801431,28.129133566428557,32.55272505103306,27.16003343634799,30.11993114659257,32.38046103128796,34.9982449583958,33.88811413473523,27.752462597402364,35.138831856110926,32.474822606770545,33.97592434038116,25.622928644564745,21.335389083702175,26.074550232146688,27.17670503002262,23.010299956639813,11.139433523068368,22.55272505103306,22.30448921378274,18.633228601204557,22.04119982655925,20.969100130080562,22.04119982655925,10.0,24.232458739368077,6.020599913279624,11.139433523068368,13.979400086720377,13.010299956639813,6.020599913279624,9.542425094393248,9.030899869919436,16.020599913279625
9.030899869919436,19.294189257142925,0.0,19.49390006644913,49.608749161732206,52.92400073711097,54.988341488373905,56.810692951106816,57.8778625028125,58.89217637374215,59.36322691315113,59.60999885277659,59.71035435474852,59.782923870158264,58.8880940997423,58.29407347755671,57.83932864590853,56.51533862155692,54.248767385453796,49.24320645471646,43.21411997974005,39.36614261975211,45.68107812404416,50.8312979791912,53.77970664915871,55.99666962264486,56.83058751417541,57.82120602675255,58.18208072654083,57.540852326122916,15.051499783199061,56.039158863418535,55.43235883876959,53.50838954582554,48.759521004478366,47.32554579851432,46.50317238783482,49.81999714129878,53.14636041812741,55.58708570533166,56.681192936152684,57.51648559115707,58.12783048751123,58.257226870052996,58.05540275899954,56.29654203154188,55.18126850519499,54.21184235156963,50.26917136978155,46.84863307326608,45.47540886219619,47.10658837301529,49.518521490539136,51.94439409213896,54.306957239224076,56.34616302749515,56.93449931926451,13.979400086720377,16.901960800285135,0.0,0.0,6.989700043360188,17.24275869600789,20.681858617461618,17.853298350107668,17.16003343634799,15.314789170422552,16.020599913279625,45.28016341189201,47.22280091641407,50.01188339597614,50.884763004738545,51.425646504571276,51.16375261179705,51.4861499254226,51.16268941860501,51.13572373231751,49.512597857579614,50.07312412140989,49.35129234915682,49.215043977177324,49.37407549148699,50.578334005553096,49.14924648205148,50.15162685214723,50.19569050517801,53.07891643288634,53.37301488893151,54.23712694379625,54.59593001068203,54.5428525023551,55.02017214827148,55.034638181532145,54.95495771550323,16.532125137753436,53.782743184093306,52.546471535851424,51.18787020645009,48.83462692864442,46.19615005742807,42.5589936673046,41.55609283678915,45.147734739975085,47.730034245477746,50.20236943910808,52.03495235193291,53.427167170702745,54.11121159584842,54.608497521237275,54.42244527847953,54.459931817876466,53.45036359594995,52.42591115900052,50.78674273360466,48.98796461450078,46.857148741951974,47.85820808516618,48.726107324630675,49.218788747256056,50.0062927088754,50.234664667363774,48.942329626780804,52.66647911717794,55.2553198062993,57.30598993786559,58.52998153939215,59.42783630449362,60.012021988250055,60.33391986487912,60.2854685344076,59.865370623094336,59.00694774452398,57.8412424194611,56.114790150313915,53.33181175025893,48.663168819216544,37.3471984165568,44.906887167131885,51.2680976684759,55.0363953861676,57.2882840532942,58.81047248418558,59.8311412206975,60.25918771101842,60.52004447662277,60.43008409879952,59.806963253514596,20.043213737826427,57.37033531333878,55.24458437917258,53.10757018352604,51.0064620014548,53.400354081430194,56.09591208025595,58.36487420242271,60.29984474334155,61.60731669257398,62.292662870902305,63.01740137668279,63.425493973600936,63.467792345511086,63.258039342795755,62.31869548422321,61.44393603180642,59.74796216683793,57.79132370671098,54.24772232888711,48.23767572296553,37.52586178740409,49.87496445820455,54.769417092251835,57.707143405556316,59.52734823789055,60.99687890797643,23.117538610557542,19.294189257142925,18.325089127062363,10.0,9.030899869919436,9.030899869919436,14.14973347970818,9.542425094393248,15.563025007672874,6.020599913279624,6.020599913279624,55.93839661081272,58.33138183593776,59.833939699021066,61.41549163723931,62.22436820311355,62.990716962848325,63.318646102443864,63.284974382546146,62.9877668624019,62.42736419511182,61.30604555135327,59.92401952214324,58.22723019869617,55.18527100117336,51.10404506501023,47.15802853757312,51.642338546926105,55.53923057530476,58.16380517127938,59.935953691627816,61.42143150058469,62.34300588390464,62.52154930184243,62.284398848890234,62.443822790978956,61.51281879082609,35.37693194367391,60.47309531658932,58.73156038729019,56.26414283549487,53.83114905342069,51.63167340519589,52.470939733048034,54.326374336443266,56.69006160537444,58.453808597397554,59.65645649544781,60.459489287982876,61.0279752358564,61.268003614481366,61.121356026819115,59.97059885463094,58.951378959585135,57.897759597808516,55.33121018353637,52.27333848055693,47.9788356638467,46.21934077126528,48.29239428141389,52.06439964804201,54.80755527311021,56.70996866872022,57.834461864111795,10.0,22.671717284030137,9.030899869919436,19.54242509439325
15.68201724066995,16.127838567197355,20.043213737826427,10.0,49.12338986672293,52.23488153185183,55.41504359131859,56.78861490888353,58.102143659887915,58.81271074768207,59.4571471405986,59.78602732660473,59.91809322478845,59.537451989058084,59.46066927967517,58.714912057760806,57.129130600795435,55.64166397436618,53.67484512798783,51.658376246901284,46.887400850625866,41.29722108695877,46.96618459232225,50.88451502371409,53.63987829748491,55.52411456374089,56.62792762659001,57.50097819550084,57.82131361122347,57.98308737016045,22.09515014542631,56.92664530156846,55.216244304018254,53.18491154791883,51.05169427999331,47.65966424785714,47.163122509756086,49.21816484310169,52.57152784387351,53.882380076603226,55.60629846655209,56.74122303824272,57.269756554290424,57.31667720642261,57.08472740413185,57.000197273290844,56.156765598332456,53.57267654644208,52.81726321015441,49.94704193066389,46.74245530630025,45.520473518436184,48.53077347507599,52.02755241660225,53.84039633727167,54.37593617846108,55.63813205514745,12.30448921378274,19.294189257142925,11.139433523068368,19.49390006644913,16.989700043360187,13.010299956639813,10.0,19.49390006644913,18.129133566428553,14.14973347970818,16.127838567197355,46.71450554212495,47.48993825890726,47.26670168482115,48.91520732274182,49.93775597108715,50.790400773998584,51.31952115522506,51.03601915222394,51.14574291136045,50.92222218096967,50.77676707864971,50.404757513259135,48.567651304131026,48.12712866765369,47.917327433756974,50.48616573851099,50.5718286318585,51.36063874144658,50.55653501248483,52.21448145397105,52.67333678307484,53.47650006593219,54.59906400306178,54.71977823590939,55.138831856110926,55.43349002278439,19.294189257142925,54.79611295962961,53.43388897462354,52.18338531376019,51.1965172203987,47.57304908504149,43.4183005692051,37.73054693364263,39.49390006644913,45.477747053878225,48.716896656855155,51.23538052062262,52.7795284703881,53.6713592218528,54.22794956977056,54.99485006217749,54.96825902924358,53.91993072259713,53.933663407578216,53.02003893983571,51.52548231614438,49.61867025499326,46.4613895137352,45.76341350205793,47.000803775376305,48.99957223499185,50.10723865391773,52.210280266279995,54.87767434475913,56.758754515231395,58.21216036348679,59.248631229316764,59.99238448753844,60.266909383152196,60.19102991273667,59.90992025405484,58.970467281408794,57.91950165906162,56.25460620956368,53.511350888819756,49.245790525823736,41.709947020363,43.96286546068402,50.18055233674717,54.083078185237525,56.4900463043826,58.08250145465379,59.15245720399622,59.67267091559785,60.04221603590972,59.86722481583814,59.33043655785684,58.46497932158269,14.14973347970818,54.96101763626484,52.284516907144,50.50031562368402,52.33706654286382,54.867222720418376,57.64225464245555,59.6332732554756,61.13218478138414,62.21917362724204,62.959108811109886,63.25771936416605,63.240281848178384,63.099812930413606,62.524219193093,61.770450796735794,60.43804208110383,58.6689787639094,55.88159616383092,51.294320741555744,42.2419626966024,45.16112110677156,52.15827839474379,56.27898155557663,58.58859490476127,60.14938671356913,61.15449410127766,13.010299956639813,10.0,20.969100130080562,9.030899869919436,17.16003343634799,16.901960800285135,13.979400086720377,19.54242509439325,14.14973347970818,11.139433523068368,18.573324964312683,56.72516242300524,59.036726363179895,60.849067878555736,61.99626295501452,62.75483655781102,63.26022728272881,63.42061869156055,63.34686116949832,63.01512879720618,62.0581314067537,61.277085016432906,59.473209671486835,56.65978521464453,53.10875911239407,48.20102894334427,46.86511145833225,52.19191440217979,56.163536632777635,58.975748628642634,60.4712877964992,61.4717806813264,62.460061505540985,62.764824843704766,62.61741637559532,61.856342166594004,61.34931843187803,38.90141460064577,59.29955076049573,57.57901399193798,55.93827489600394,54.128434313739376,51.13976758289846,52.84369815540999,55.52896860011232,57.577489394459455,59.27634145046807,60.330073570523254,60.95731303134112,61.09991723058283,61.161193862676114,60.7087755276634,60.49623046011063,59.452755224560896,57.34934975718103,55.59236121732809,52.54132192731389,47.44707516891029,43.97592434038117,49.73723444890207,53.76671834562116,55.84698635853652,57.066196497075694,58.15567787327423,17.16003343634799,11.139433523068368,11.139433523068368,16.532125137753436
21.613680022349747,15.68201724066995,15.563025007672874,18.325089127062363,50.54949942504456,53.34101749583195,55.822781832212215,57.08346953291847,58.23918729602533,58.8363021024486,59.39992226204892,59.772808564621904,59.84603814441742,59.299213946591664,59.37544470427532,58.63551845462549,56.71796519371959,55.107500453047,52.902327825981075,51.1115829737148,46.98839696444287,42.74988681770685,48.13587659707153,51.80246336449852,54.234244715429405,56.00373831161271,57.18023951387731,57.76169974184003,58.061182183466975,58.44246609183925,17.634279935629372,57.341434932336966,55.08967159698212,52.809719704943916,51.37031119302282,46.905238929275896,47.09693869727792,49.90467614225798,52.750370979724224,54.41313291300795,55.82177037688409,56.91860047290939,57.327699853664214,57.22713700366461,56.789260784479005,56.8713015468422,55.7826548720647,52.59546099087022,51.56552179874094,48.02096107898403,44.21027775667483,46.493543333643686,50.733076838235675,53.45673613707217,54.92448870030101,55.33601763267417,56.26268492364574,13.979400086720377,21.335389083702175,19.49390006644913,9.542425094393248,17.16003343634799,12.041199826559248,19.030899869919434,18.129133566428553,12.041199826559248,13.979400086720377,17.853298350107668,46.755767236029406,48.25536462585478,48.032180513264635,49.88830863152949,50.64764882040648,51.4714433554889,51.40561462373471,51.23475960740422,51.08632665580476,51.15763569345165,50.27663491268163,50.03805073565025,49.506179567644196,49.036216721415684,48.48065895403992,50.93775281037264,51.16375261179705,51.833410336644256,51.000429773619665,52.40042275595441,52.78172629383128,53.59277558278417,54.39441648595605,54.43719734540967,54.73241652143207,54.48551739201578,13.010299956639813,53.30829603970468,52.274984928910754,50.548925368952276,48.47109740837239,44.41302286693167,37.996850909091,39.75017997632883,44.50141291342469,48.69161287887931,51.25240466434249,52.81783071506447,53.831580432499344,54.47897253532901,54.852244001257986,55.12940415765884,54.802139744151425,53.74634718244313,53.08848159502481,51.866653906216634,50.06059369384634,48.42971000965843,46.04355673882896,46.70477786047275,48.95610368172214,50.12014237418042,50.819267006800075,49.67814648482728,53.085772181237836,55.44158616325752,57.348318206375815,58.746377646180605,59.739702142633675,60.385104817909614,60.669941871847044,60.566933670126836,60.18667218120466,59.44476749912309,58.23448144634307,56.49656078856174,53.89819692949374,50.07320952922744,45.05149978319906,45.85235063365776,50.955807769626055,54.33187184726789,56.65285420133516,58.22379942460045,59.18253196448142,59.759485182452934,59.963264445894005,59.740273893977886,59.113078539676344,15.051499783199061,56.51636546674227,54.386151206347876,51.40734244631136,50.61953588884936,52.32337820679482,55.621500592328815,58.293565283637406,60.118515656688075,61.53003423731232,62.55139783733704,63.164888813080076,63.34511854257208,63.38278954392457,63.07712489391211,62.63516058928067,61.52685756036786,60.26170724528654,57.965743332104296,54.82766425369471,49.43004545384352,40.096633166793794,47.24275869600789,53.63410766579126,56.8304703823885,59.08210415075296,60.39725747493483,12.30448921378274,17.16003343634799,15.68201724066995,12.552725051033061,22.30448921378274,20.170333392987803,22.380461031287954,22.92256071356476,14.14973347970818,13.010299956639813,21.13943352306837,54.93421800183643,57.57792179736864,59.95054431102364,61.27623697025218,62.367009727476386,62.93525412229979,63.32141422131393,63.37338041271114,63.23795195923375,62.34991053885251,61.72407337909088,60.27023662683308,57.584947997377824,54.818237230700326,49.92473985619664,46.61254082993908,50.96221545138104,55.04265560559255,58.48943087299399,59.98196980422076,61.14277296561586,62.05746893040438,62.6104816716998,62.876947101667604,62.47924190766308,62.25253698815804,37.147487607250596,59.991953760045426,57.499503190111334,54.863412019713074,52.08253193072685,50.83964618135202,52.3624746722859,55.068106897808164,57.20498334349347,59.06960169713027,60.307947666425854,60.93805375904654,61.363304779932754,61.15421777205842,60.995401113370036,60.662412949300574,59.63864294206897,57.347438395825385,55.818381990358795,52.78966124664778,47.99430156530388,43.26438276795728,49.959903811625914,53.4419768188999,55.83538819254352,56.994986531331755,58.031469897022625,20.170333392987803,18.325089127062363,21.613680022349747,19.86771734266245
12.041199826559248,16.989700043360187,15.051499783199061,18.06179973983887,50.96562438374136,53.8945846995804,56.37798829154627,57.640482919646885,58.742567844295024,59.21087933094241,59.66971967019827,59.857927976178956,59.785867644000405,59.4411237698898,59.02408152569642,58.19507084749712,56.68290846119334,55.357206080571515,52.93709409719919,49.67702385381606,45.97969275225808,44.358602855783616,49.29362719262021,52.12932991708014,54.421864820841776,56.00253919030564,56.86587117928565,57.52175258665684,57.64639332067447,57.338911000846124,24.377505628203878,55.742269456847744,54.488577556321516,52.57613785776997,48.98549673613008,48.84347815770889,49.903965792565586,51.40184244128251,54.151420219138544,55.21139391817975,56.41238059866511,57.08308699983753,57.31353425017011,57.11730482847195,56.52449415658162,56.01278644550759,54.57180709578495,51.72290523781332,50.06418973301598,46.30478726202636,44.73121863290729,48.035731851396974,50.342152191669626,53.24589028950554,54.744639453212855,55.44639695834267,56.03830470539763,10.0,6.989700043360188,6.989700043360188,15.314789170422552,12.30448921378274,10.0,12.30448921378274,10.0,12.30448921378274,15.68201724066995,14.62397997898956,47.79055089381888,48.731868627101456,49.27257411252672,50.28977705208778,50.89315058927046,51.43979174744682,51.69912378694506,51.496931896264975,51.687125150642494,50.05785185452375,51.20764715657414,50.54540283070957,47.598868249509906,47.58139463082176,48.30466766864205,50.81998621005731,51.226745132061986,52.434969174935055,52.758409399046684,53.89084535703938,54.176858812498395,54.65585078500358,55.41745192599485,54.95469404877877,54.91316861122154,55.03333003277785,16.989700043360187,53.429159170840855,50.64252024908201,48.138877549487056,46.817205063182925,38.30781075606361,39.737280586880274,45.28518200081304,48.391636829146506,50.74384856330725,52.59108669657492,53.73136453124819,54.02948829344405,54.25796608979647,54.07278704319773,54.7427746905265,54.14747790349609,51.89582945823007,51.77022545320155,50.15967175025231,48.69231719730976,46.67947673318739,48.406078790092906,49.93898937429586,50.93792778306961,51.50624443388296,51.84978027360988,46.27007210742902,50.57106713254143,53.800610222263316,56.2317069666629,57.98183648715619,59.16484479694844,60.05345272828947,60.56359736469993,60.76227066582603,60.57764208394356,60.25561859661751,59.420700906600025,57.9641473882494,56.03503789360936,53.14535014216552,49.464227870116424,44.093581899301654,46.96618459232225,51.766757155122306,55.19809624436344,57.056798676415916,58.52099209116015,59.48339599027535,59.86026974987099,60.0014112277541,59.85161415195051,16.532125137753436,58.08241365720265,56.25502799002538,54.22105378991983,52.54666482945379,51.84362036914578,54.230442489474854,56.857175607106846,58.89819744891846,60.59028455765912,61.819821400675494,62.57134286100864,63.023086288438776,63.1902190009088,63.11287962819202,62.838582159648944,62.12307485106375,61.02057565944768,59.43443564931543,57.23488509695925,53.42021760460824,47.797840198098804,41.397531856953535,49.95389463566194,54.69129537394409,57.514738767971764,59.3848219811033,12.552725051033061,13.010299956639813,24.424797690644485,21.13943352306837,20.969100130080562,16.127838567197355,16.989700043360187,22.55272505103306,20.863598306747484,22.30448921378274,20.681858617461618,53.84708161113352,56.35810350148775,58.63642216832804,60.33910053790224,61.63697945892569,62.439119619966206,62.9183442382777,63.13396409299398,63.044939745414126,62.63511560879894,61.958780754594905,60.79859662929867,58.79413022391955,56.3659720845791,52.45690297407716,46.52246341003323,47.80007505766174,53.287872003545345,57.199847233009734,59.26112889120012,60.924883507881745,61.78206902274185,62.3546481305435,62.66030736069987,62.72788125941824,61.97864739210387,38.730879855902856,60.985610116610175,58.50633984108103,56.90586769278424,54.353920057235584,51.12098699837254,50.80413616036121,53.569355828947025,56.45950568777892,58.25507256391488,59.76885752133516,60.67178392949251,61.20325456855965,61.29680226784287,61.06488713659245,60.510185460639875,59.5343348607864,57.92246666968542,55.919823365584605,52.53485814787397,47.56331767321058,42.909245593827535,49.469334560223615,53.44622133453312,55.838242516803724,57.19235963802997,58.206959188143266,18.692317197309762,22.30448921378274,18.573324964312683,16.532125137753436
19.294189257142925,21.5836249209525,3.0102999566398125,21.335389083702175,50.89611952012707,53.564886029302585,55.414906288484254,57.015265394697614,58.25084520235073,59.1465250157669,59.7436152892056,59.88851360659366,59.84979374310721,59.572480195790504,59.101813479851984,58.24540396986475,57.09042575441708,55.41269636396553,53.045874576883875,50.49721822152435,47.618451793558194,47.4510603466555,48.98911581132665,52.504200023088934,54.36704778923811,55.91431931588087,57.13593014421384,57.6054310402721,57.75493940985265,57.80163157057735,15.051499783199061,56.151606643165564,54.186757502706214,51.900766504047276,50.02636832365111,44.77931182055328,46.12497763702878,50.837641210954544,52.9504123041682,55.39663129091582,56.704954078897735,57.39086358954169,57.6808878208928,57.72915521064707,57.37957154919215,56.32219326761093,54.98002991990703,53.616711852165594,50.089789497591596,45.43881878248159,39.17190308511564,42.70259475526625,48.65015092187244,51.40011242872938,53.045702272845716,54.85813668780779,55.62571199653806,18.325089127062363,13.979400086720377,6.989700043360188,0.0,14.14973347970818,6.989700043360188,16.532125137753436,3.0102999566398125,12.30448921378274,15.314789170422552,13.010299956639813,46.599162000698506,48.166455692299095,49.57707828719117,50.527477926406405,50.73248985464715,50.74176225435349,50.611394631694935,50.45518562884493,50.01984527619967,50.9203252536298,49.066474490163486,48.77567137437124,50.802367456159594,50.78793827384761,50.37478291441666,48.24704941028245,49.11541110564066,49.79957893340665,51.67465028843088,52.21325544027138,53.538470151290134,54.37943891778785,54.63451007573579,55.37164012479412,55.47769784176009,54.85292597405169,9.030899869919436,53.62092112918465,53.8136962365548,52.52755971088574,48.608887619219416,47.462059197957,43.15130317183602,37.25993258924723,43.37738717233867,48.37367447326565,50.83280399142918,52.650679423575184,53.88431594577801,54.60897842756548,54.96824519488272,54.11439554225447,53.64656038766022,53.873791468349175,51.12688769397097,49.13882698490752,46.65918540181033,46.95490432339068,46.925649327520055,48.21801652374265,49.64919294286642,51.35631882523456,51.69536307625839,49.72943008105568,53.084897127545155,55.49230164546964,57.384420255830236,58.86324307743521,59.73989119777872,60.18647248568772,60.41928116427748,60.26061126389926,60.01891570058693,58.96686017274078,57.56083571630817,56.127594931751815,53.197845697783244,48.6026611739679,39.74695871909683,46.466879343360944,52.003825864409805,55.064617360928054,57.23818390393224,58.67955720953756,59.616550279681405,59.92408581554479,60.26034540583738,59.95338983731068,59.09215734267747,17.16003343634799,56.27271612659448,54.7843084756365,52.87427717492087,51.62400096238821,53.93347029066479,56.552402706918926,58.572100322499836,60.359937544740106,61.49384174789033,62.35621860673466,62.89811839117621,63.271761856987006,63.24577510632445,62.860871399846545,62.11770961499844,61.0719096884864,59.77967199022735,57.289329960896765,54.20711390622243,48.59600577798882,41.55487862141282,48.7046243158892,53.85463272450526,56.88762316785401,58.75258677740676,60.07988322460974,13.010299956639813,20.5307844348342,23.010299956639813,20.969100130080562,17.853298350107668,24.16640507338281,12.552725051033061,13.010299956639813,9.030899869919436,12.552725051033061,16.989700043360187,55.90873029775878,57.91642937150969,59.6170198936398,60.933463775740016,62.02337895433509,62.57665377875028,62.891885839691774,63.01612644990027,62.750239569656394,62.319141069192064,61.27330961517255,59.97310354362447,58.0752014544843,55.13591784681516,50.37031867749236,46.30651575683241,50.307170829940674,54.68866991009452,57.601637900593076,59.66146427789134,60.98793540221607,61.83095521342392,62.913519756960255,62.77004907011577,62.418899951557385,62.61415380510716,34.671639659690904,60.483660479060745,58.18522802003136,56.19927710291468,54.829721458422505,50.89159462462494,49.526665423382084,53.809525284492295,56.369420131219094,58.478051665227184,59.58224532762944,60.45251372982784,60.926034605745826,61.12873001840459,60.76964314570808,60.19010301349422,59.193134894330655,57.70655430502771,55.4603033808492,51.94494916135733,47.68386477901879,44.309936519375476,48.42465699037412,52.676620868565394,55.21834750411309,57.439892620637,58.44538059688433,0.0,21.73186268412274,22.671717284030137,15.051499783199061
20.681858617461618,14.62397997898956,18.633228601204557,22.04119982655925,49.78787465553729,52.96307517762237,55.03072618938064,56.690015073507055,58.10106110494342,58.85064803392826,59.30327438518183,59.591835885513404,59.60063881852926,59.68042359877462,58.7156884942266,57.97750744884027,57.27300457762212,55.64932239502148,53.352291588401144,48.57989472852655,44.24522297086633,44.51617595666328,49.60194796326708,52.58170177018777,55.08033868977176,56.76499733872188,57.44707516891029,58.366032153155665,58.54903317294796,57.77598621112858,16.532125137753436,56.12226330968208,55.49243652314991,53.070893650486155,48.35690571492425,46.902758410779704,47.24488867483494,50.34042586149618,53.46462512396823,55.649748124071756,56.83941735755495,57.65306367551588,58.18445625346821,58.181651673437294,57.70251681653022,56.53694795315082,55.069661408573644,53.87877244061288,50.41724201654211,46.3034650075424,43.35498018419024,46.005046066455044,48.45451535902862,51.290353801110975,53.69840865750981,55.491013965831826,56.09588006802373,13.979400086720377,11.139433523068368,19.294189257142925,14.14973347970818,16.901960800285135,13.979400086720377,19.138138523837167,6.989700043360188,14.14973347970818,10.0,18.129133566428553,47.91339703965139,48.70321955192567,50.50959459771651,50.93288574520754,51.20379771337856,50.99214335574169,51.18598670344228,50.9333762003014,50.88819785643924,49.44186461283688,50.8839481567673,50.34937125072034,48.8962100168769,49.504914240084574,49.9687926590136,49.71836913857543,49.82822798543925,50.235034957240714,51.712582746757754,52.46665963642276,53.041198405982925,53.747135277572184,53.97336789199932,54.402823648531935,54.762459937707874,55.05979773277801,15.051499783199061,54.523998459114424,53.06455051810338,51.452119496614316,50.34901058262286,46.51868950246535,41.9989224352632,38.227563329513906,43.263358609287515,46.606378404611874,49.747511104337306,52.05466919011157,53.2634610360235,54.067530177241274,54.42733686540105,54.79246982114037,54.26982710997247,53.25312425108012,52.46037945052198,50.52755485054968,48.11963552379572,44.66645228363979,45.91443057786914,48.02725847670746,49.73741899787402,49.74442605405437,51.142238827335326,48.651039746411286,52.396622825867624,55.371488835182035,57.28474718223985,58.80036882478713,59.639360286510296,60.24139079019959,60.47948183246032,60.495916653582206,60.10098454941318,59.23816308942388,57.978489813638355,55.938927690062826,53.21142565229448,48.09909702458489,39.003124969837266,45.80799570713377,51.70968335972316,55.33803822471907,57.48615906432416,58.96703095841893,59.892397392056544,60.500814873020694,60.50575009525577,60.26997951974283,59.74804961230934,19.294189257142925,57.07560808861032,54.84299839346786,52.25621964566747,50.98747528824818,53.25031019240407,56.181276228776895,58.55090100711522,60.45011818593811,61.678369953454705,62.53507860739819,63.14144574281161,63.41986785816678,63.34500395090376,62.990531549579146,62.3786381181652,61.2605376652936,59.808143580445304,57.59971367091072,54.45822074161696,48.95068777986527,41.410419409390485,49.47065935430149,54.51396469688685,57.3585828124471,59.09308860334682,60.38719486016895,18.129133566428553,20.681858617461618,18.129133566428553,21.702617153949575,11.139433523068368,3.0102999566398125,18.06179973983887,18.633228601204557,6.989700043360188,18.325089127062363,23.05351369446624,56.047108525997245,58.39227202878433,59.94423623168337,61.2883399182257,62.258724651980295,62.81546486484689,63.122878208109164,63.08067518471769,62.88851050942256,62.29067202070865,61.23402746935913,59.804442635743335,58.136036700225745,55.45120243027864,51.325702463491425,46.63559591825922,50.68371418032643,54.59006276544891,57.141352059040514,59.12543538692998,60.63638046445827,61.80426965753027,61.95185661063411,62.14449891434518,62.57991585965139,61.52567487655398,38.89861721258188,59.598352819920564,58.72377735605684,55.83888787769965,54.0891802084678,52.52391803181244,51.94203425618177,54.21960757141764,56.55109608999769,58.55216800866202,59.62810983170541,60.363306146649414,60.980571187888906,60.97961122386194,60.855920174197806,60.040912657557605,58.86664972023871,57.766953739899236,55.13916438126855,51.95669996526704,46.534537214915716,42.70166229260694,47.61694849829092,52.19199305425633,54.88444950096081,56.87616346384032,57.97507133247083,12.041199826559248,24.653828514484182,6.989700043360188,11.139433523068368
0.0,25.105450102066122,16.127838567197355,16.989700043360187,49.90196731091036,52.83864089458585,55.44469890987478,56.89161404883558,57.971546234404194,58.64115170572548,59.171903085115645,59.46099380238416,59.48579217876342,58.86907898662259,58.804299866018326,57.786034050126204,56.09743772302985,54.17924850176103,51.45482318367685,48.39886381275089,43.27501972540084,43.69382861635198,50.51171823995435,53.37708784125388,55.48577346507027,56.87622587509082,57.566094869275574,58.03624382408167,58.152655284665414,58.02883823794388,18.633228601204557,56.19453353465438,53.73489451393859,51.00911352967194,47.556081017156714,46.49772827300677,49.453159151152335,52.05431740428824,54.80692356995624,55.95903870442599,57.06828688179734,57.779811183918746,57.76309561440109,57.56211493871738,56.728816523920344,56.4291638663088,54.91715989613625,50.763964712971045,49.64589587489903,45.41404492622214,44.84826369084443,49.5258904683569,52.54702723177206,54.49905541006345,55.730225339455394,56.02567818850585,56.74840022310861,16.127838567197355,9.542425094393248,12.552725051033061,13.979400086720377,11.139433523068368,-inf,6.989700043360188,11.139433523068368,16.127838567197355,16.020599913279625,13.979400086720377,50.19706031636376,50.986748693245715,51.27159891931277,51.549866391537634,51.70616635412348,51.89304990157561,51.13120754968672,50.433622780211294,49.988040449818776,48.69384282884012,49.64335071111079,49.509195400329034,47.179117107184894,47.933153335742276,49.5621646924339,52.04176980066301,52.57472175966978,53.260776657748536,53.13709074655722,53.862099342561976,54.05525642554484,54.36011492623056,54.818580911005895,54.37512745264804,54.02481483874017,54.35310722087462,21.84691430817599,52.50795577786812,49.648156991197524,47.33758835587203,45.846138761717825,40.17909395896689,42.57414558762187,46.53482657416997,49.13628443215937,51.24145425061654,52.667254670319195,53.785759433571116,53.93224116361297,54.18148764186181,53.95137604339469,54.10920569064706,53.177145065514665,50.9903458793704,50.57856208741888,48.70497543589416,47.50176568956371,47.23036774073138,48.974346397079344,50.79951435411978,51.93427941740599,53.03152841889143,52.96476516327136,44.55910240382743,46.741075878388784,50.42291927554751,53.76200892335804,55.93251720945687,57.818996369554505,59.26334213476869,59.991131343460715,60.592547205936775,60.58475373298818,60.66245769198379,60.17461159127902,59.15439938318868,57.736650595275606,55.732859582946986,52.83493451943532,47.62123151874593,41.222158782728265,47.59365621655928,52.72985058100417,55.78341174838012,57.777261576403916,59.13934590649997,60.046695297687876,60.420637436359186,60.66079071573742,21.13943352306837,59.66712278981014,58.39625091810576,56.81697911174411,54.690454808257805,52.06394064430874,51.91911893317751,54.429185453698416,56.811769932319656,59.23352837742055,60.633727702322496,61.845906514515164,62.559612804806655,63.061763898203964,63.196015180067484,63.06523242060533,62.59590534471121,61.6901691189588,60.36425272095837,58.49803167892651,55.52528294791949,51.22310921004192,42.065560440990296,46.658623002031554,53.14206512127193,56.83746571675896,59.109795914542424,18.325089127062363,21.13943352306837,17.853298350107668,22.85557309007774,20.253058652647702,22.04119982655925,20.170333392987803,20.969100130080562,16.532125137753436,20.0,20.969100130080562,51.97018523689631,55.053263746251055,58.04228054819467,59.97266215879751,61.32890175704151,62.308485438533026,63.03488513518967,63.32762544844742,63.41233851979738,62.87114598399267,62.6157687509218,61.44432844322168,59.57452119970016,57.40383219293597,54.10034503205366,49.80430634444868,47.085228751240834,51.56624858554479,56.42986546891366,58.51740698148083,60.132809902262274,60.87811576101413,61.5895712857981,62.10103326185789,62.17380754115139,62.205319722887715,32.506639194632434,59.88099449687348,58.63913218167259,55.80337540093091,52.66781862199055,50.97233007963362,52.23924053789702,54.348833343477516,56.20331807883126,58.57132192235373,59.41496525245307,60.43413368484326,60.899153507820856,61.06180694454097,60.82963358684155,60.33297067786873,59.67062868011875,57.721456056938514,56.21962079832279,53.25977215078921,49.084957420668054,42.376693838784256,48.51368437591135,52.40102244110203,55.018941677992935,56.308802413257695,57.589368598299316,20.969100130080562,23.010299956639813,18.129133566428553,16.901960800285135
23.117538610557542,16.020599913279625,13.979400086720377,16.532125137753436,50.273332959385925,53.312126270871815,55.5221300245377,57.05388977637617,58.06333307151515,58.824482593554166,59.26647991869676,59.43186740396726,59.59911495316267,59.180135521327344,58.54627240170913,57.703939206945606,56.69927439352075,55.04765729202261,52.89671433907964,47.48993825890726,40.3422726077055,41.28915978453837,49.105176855172665,52.35614287332814,54.86828458762355,56.61291977065603,57.279005805518764,58.35490813498126,58.57430201698266,58.11363839168046,22.380461031287954,56.656372674340616,55.671534581412104,53.868555291847244,49.64773312155367,48.20936706380719,46.96574791796473,48.57917193837984,52.283721235103556,54.18176952582846,55.48364846321437,56.51589082319986,57.15697559508956,57.16704330230242,56.744946362426525,55.422538728972256,54.26917713880815,52.273544320739404,48.969889244215295,44.555909005998025,43.51989455435632,47.40054625989829,49.87782418697856,52.61885901978388,54.638765720457194,56.05160616518538,56.700713578470996,18.633228601204557,13.979400086720377,0.0,12.552725051033061,16.989700043360187,0.0,11.139433523068368,18.692317197309762,20.863598306747484,18.129133566428553,15.563025007672874,45.100085129402345,47.48931894413701,49.286672015200885,50.72812167311912,51.39249217571607,51.990197637789315,52.47781840171082,52.43692719248691,52.73429564696245,51.02522888123654,52.23488153185183,51.826799418702585,49.309490311675226,49.57827490829763,49.9337008924583,51.019428746233324,51.16544653816021,51.44739177044223,52.124033658482475,52.96880090917909,53.26001817397675,53.64292029872777,53.79026173859147,53.986429964662264,53.89925877852508,54.39687880395304,15.563025007672874,53.344557617688785,50.70082217822054,49.09823369650912,48.312360993431575,43.267453795653225,41.38397442990546,43.34554270647249,46.76117215671485,49.075457132835936,51.18740766734789,53.007867226313074,54.091212312452015,54.62125355110004,55.133081796543514,55.59308010907013,55.53984916189367,54.0622158097981,54.209190443035894,52.725470521183134,50.89763854491689,48.162214081859254,47.01438454464351,46.54840475788552,48.60320035393026,48.281570095031576,49.64589587489903,48.72470949349374,52.59424236801784,55.41415728751044,57.47176339362771,58.695514540225076,59.7057837624466,60.49514560050553,60.69022834758975,60.72658626018704,60.04772203972734,59.633996212144524,58.39091346890239,56.61363019539423,54.16848452988365,50.704996364353136,46.586313746095136,48.175984196326176,51.94952577750388,55.268676060261484,57.30211182498386,58.649570124912685,59.5485828829655,59.94497521225448,60.07420013718405,59.7194579704275,59.3075195015632,21.613680022349747,56.412013513926226,53.2169989896192,49.84671304221452,49.19564439073863,52.48292122630316,55.87479728629418,58.585642649417665,60.38846587685255,61.793590158488776,62.52826826946888,63.23958157086497,63.51542765660595,63.56013803919097,63.349844322180935,62.61938414687794,61.819241535266805,60.295529977962865,58.527543908053886,55.66614238239117,51.14217205543093,45.12217305233624,48.10608833098573,53.38450517033914,56.701140599668285,58.82002843683273,60.22630417527953,20.644579892269185,16.989700043360187,12.041199826559248,18.573324964312683,17.24275869600789,22.04119982655925,10.0,16.989700043360187,17.24275869600789,6.989700043360188,21.64352855784437,54.71862081466705,57.69354428994766,59.563917656668494,61.271388275693525,62.24840870101043,63.02448038174936,63.46038486182963,63.50001719045391,63.3688701345846,62.69698297034474,62.02491858970534,60.676751727888245,58.77362705973185,56.15407107197515,52.011840219225796,46.483307317143,50.22947729131266,54.424327310137606,57.931041882399974,59.70051511363944,61.09053161476167,62.00810293907266,62.52090770031724,62.78519933386861,62.38354518400186,61.53076698674573,28.29946695941636,59.83139857544079,57.613819976323406,55.334085118187836,52.23672426465495,51.117227831724406,51.23489033335392,54.89466281303129,57.31351006476588,59.09164345819459,60.335982424721394,61.12009784651065,61.50230978742873,61.64595814245011,61.37446848030908,60.51933549800877,59.65483924245139,58.15379149329004,55.81995143761074,52.47914374981704,47.20597512871536,40.850764114720945,47.900105637080415,52.02621799867195,54.86596230105825,56.4900463043826,57.8328383908017,17.24275869600789,13.979400086720377,21.84691430817599,18.129133566428553
12.041199826559248,6.989700043360188,17.853298350107668,23.59835482339888,49.223984465892954,52.39902316850227,55.127084044622556,56.85177236787433,58.04851309696862,58.6977424882327,59.34799827819374,59.572556870553214,59.592594393086344,59.4213211943707,59.02279815437946,58.19112717158478,56.993216404729424,55.350661505798286,53.06845178416402,48.7073739964689,41.16873286327248,37.36316807904109,48.16903839375661,51.93486359709743,54.558022993947176,56.502939208546145,57.376457905618885,58.30922119858525,58.552489246961336,58.159633952357936,16.532125137753436,56.61272083090233,55.626698825442624,53.58819677179949,49.51735682389913,47.09829433186508,46.4950036542682,48.6026611739679,52.52041914468286,54.27390346018256,55.702030765733085,56.705223030077505,57.281954589157856,57.12744798339783,56.81372410688691,55.654428391298254,54.48931908971919,52.24232552221392,49.89307402685287,46.513749439130436,44.80596148181724,48.30287059685419,50.6902394618913,53.21544580410052,54.98812115455506,55.92631917104661,56.573283971166795,12.30448921378274,19.912260756924947,13.010299956639813,17.24275869600789,9.542425094393248,19.912260756924947,15.314789170422552,6.989700043360188,19.138138523837167,16.532125137753436,16.989700043360187,45.95198506835143,47.42976368267033,49.282729213273925,50.3747430754549,51.407907766253025,51.82671386675479,52.353390330140606,52.35116681996541,52.59316682851949,51.130236793669646,52.34226137777435,51.969633383937214,49.462409617765374,49.24878612335357,49.573965528403434,51.15667082749768,51.22183100093868,51.733552897454935,51.87436109773708,52.898853665918836,53.06126816879092,53.56937492078649,54.13676883149488,54.12166438061267,53.98918673503893,54.39024630325849,14.62397997898956,53.33362624167495,50.846263172139885,48.83803338269372,48.303191557073326,41.246672176986095,39.98695158311656,43.75864714311806,47.709403337416056,49.519443296839405,51.85272939167179,53.529635454648584,54.26943713894707,54.82079985819567,55.14422891650966,55.66613060170296,55.40435845137867,53.948175248640524,54.01671028886888,52.693728266229265,50.988547658743926,48.241323450293876,46.68199484198662,47.511327744555985,48.399114969795164,48.99130772336199,49.94550297854502,49.130186837479606,52.83493451943532,55.58758955367914,57.44731750961762,58.77048673098648,59.72108376001857,60.44840683335585,60.62433433872562,60.56188055196388,60.00708624454426,59.51963248551161,58.2596653968767,56.244904246855796,53.769636354108826,50.35689836700361,47.04193429194155,48.30870836339318,52.15756495728617,55.424830829448254,57.35344954796673,58.67988681935354,59.533271142339295,60.118380421569654,60.14676755868781,59.77616161258909,59.16172223801639,18.06179973983887,56.20914379352878,53.259198042479866,50.25408281131747,49.814788279263894,53.09206310648898,56.45069384574435,58.86829004676982,60.613412522826664,61.99450186686253,62.839189801940464,63.488910569360954,63.67625919785866,63.59397173787605,63.32068647204658,62.88170723439809,61.879629683415416,60.43592137789331,58.61215293296232,55.83518424043727,51.50218994132156,45.56302500767287,48.78619443334763,53.6567701160433,56.90777999124181,58.893717443550074,60.188107222617376,13.010299956639813,19.084850188786497,14.14973347970818,16.989700043360187,0.0,6.989700043360188,14.62397997898956,15.314789170422552,14.62397997898956,11.139433523068368,9.030899869919436,55.057602759200854,57.757196449600194,59.799351524331115,61.29515881808967,62.32894509156013,63.084331450239034,63.46821642142494,63.479502717122465,63.278181240132156,62.743816380597465,62.074350793177686,60.64716991102553,58.60996436757196,55.992825013197454,52.301039034556254,47.67993950525149,50.332990789914206,54.790121040993824,57.94560539205896,59.72113933181073,61.06865790642826,62.1815986450858,62.59634487582449,63.05365559034521,62.35403443007264,61.77077434649185,36.53019451099613,59.57922239829837,58.26129896267296,56.57415384008349,53.22558325677309,48.80659276038634,50.493575948950294,54.19945840517836,56.73575638210842,58.630145801264966,59.909091023391085,60.785949147908305,61.09492826869261,61.330126462554595,61.037524233026616,60.58634010813972,59.49043408733929,58.167323386414836,56.02955884741172,52.87344808855843,47.97108201028428,42.72537777375238,48.19885972227815,52.348461699213644,54.79847288821923,56.35496815665184,57.41505353507386,23.979400086720375,20.253058652647702,15.314789170422552,10.0
15.563025007672874,0.0,16.127838567197355,18.129133566428553,50.006943158663546,52.794707373101744,55.04260120777677,56.686411993461036,57.807175716374815,58.60642804266647,59.26912726755163,59.61284851369011,59.68952013383682,59.124526976100924,59.14309829954789,58.41659743213005,56.45796466008319,54.76243092623594,52.47727832909723,50.57837202002923,45.72034721449677,42.02188512266052,47.645123748551576,51.841944044618174,54.3412160591869,55.997357361420434,57.38720323685829,57.68952425555877,57.97802633117497,58.59047584547894,20.681858617461618,57.4285469351295,54.86246236573056,52.54734128932139,51.4207959224067,44.25534220498263,43.913762391696494,48.816413910114974,52.084628556332405,53.925562682950726,55.66961629094513,56.71226547453985,56.85064248321382,56.94620113841481,56.51142275762345,56.51185910536426,55.28125770126134,52.19660481815286,50.86733447957576,46.98152762261559,42.01779353725061,46.189367058194065,51.26436637906256,53.41800404487081,54.933883352101596,55.359532913383596,56.18131808061986,14.14973347970818,18.129133566428553,6.989700043360188,16.020599913279625,18.129133566428553,16.127838567197355,6.989700043360188,6.989700043360188,18.129133566428553,6.020599913279624,16.901960800285135,46.94587651327275,48.67261193187285,48.704565793128374,50.13026923576743,51.28657700431415,51.696568033430836,51.530980682044444,51.27315412520904,51.025743312033775,51.86351629758954,50.050474572527854,50.19053947051712,50.76756919444791,50.07320952922744,49.96060507127386,50.410846216538104,51.05060329340992,51.55351222321339,50.912095647341296,52.04730280256104,52.82671950803963,53.55606666002125,54.25755875822058,54.51433331837844,54.6862052500842,54.35113027801108,10.0,53.247782147407804,52.592879972995725,51.000429773619665,48.52998153939215,45.254724089362256,40.222221045077056,40.20775488193558,44.54600977097761,49.44492542367142,51.46351329712529,53.011277009309794,54.01159199023789,54.645208441241174,55.09409535988774,54.8582502032522,54.396294918912,53.842781275122285,52.1342477880644,50.94946042248236,48.8491425489842,47.851019486186026,45.28723923260994,46.36257147463504,48.29869595403178,50.396718430676955,51.14080300510432,50.008373805375335,53.31880588847257,55.52485701092947,57.4357952845494,58.76654225834091,59.71882787122897,60.25040700812675,60.47836166069136,60.32419294115712,59.96571646182298,59.08822136433419,57.79478883972149,56.12910948701885,53.412069302581614,49.39119717648487,43.14077991779213,46.446551902884934,51.64117797224704,54.432520321443995,56.80227606391432,58.289188495580795,59.25742046768229,59.72029178470625,59.89062517769405,59.72473609252905,58.83391691428558,14.14973347970818,55.98243191653623,53.91711200121372,51.343173856329535,50.86815245037521,53.30973530578636,56.277037373378604,58.67053030972287,60.42308475093257,61.87749088401127,62.70983317686084,63.27046947819913,63.51098712017675,63.521678483611055,63.177427156669395,62.474945425871496,61.40470959871173,60.0048830667111,57.66559322430767,54.424954472826016,48.80613542175367,41.798389280231866,48.67219922491255,54.0017520633539,57.18220095053365,59.28203757385066,60.527900992334324,6.020599913279624,16.901960800285135,20.253058652647702,17.16003343634799,9.542425094393248,19.030899869919434,0.0,24.14973347970818,13.979400086720377,19.294189257142925,6.989700043360188,55.49818332377044,57.99362608295617,60.062991384105366,61.42855425557114,62.38213010838163,62.982997078247664,63.33130557354002,63.368368258948735,63.19561777259331,62.50887471147831,61.77767292804646,60.33926120472871,57.932936644426796,55.07479409942873,51.05894918434386,48.11789419344167,51.127993182412574,55.22793615218866,58.07903548450528,60.054833830604444,61.47096362683417,62.00761059224995,62.614962542289014,62.396680349590916,62.83330633063646,62.14903427045225,38.94869656745252,61.051557921657405,57.79135259424617,55.97832252198357,54.166421712986256,49.97718313662095,51.83921508203647,55.10803633294132,57.292563383945144,59.126651616174925,60.445656291488596,61.21231455149622,61.447422890728134,61.43207534240639,61.225860998721224,60.95104115152349,59.93695407111838,57.947061847604225,56.56275526687746,53.77701381258837,49.5621646924339,44.63011566814714,48.14474009285428,52.272103234542044,55.080783569009604,56.808402346854876,58.019933463020415,10.0,20.969100130080562,22.278867046136735,16.127838567197355
18.633228601204557,0.0,9.542425094393248,12.552725051033061,0.0,16.127838567197355,13.010299956639813,16.127838567197355,9.030899869919436,16.532125137753436,16.989700043360187,17.24275869600789,18.129133566428553,12.552725051033061,16.127838567197355,6.989700043360188,14.62397997898956,13.979400086720377,20.170333392987803,14.14973347970818,16.020599913279625,19.294189257142925,18.633228601204557,12.552725051033061,14.62397997898956,20.374264979406238,12.552725051033061,6.989700043360188,14.62397997898956,20.0,12.30448921378274,13.979400086720377,14.62397997898956,13.010299956639813,0.0,13.979400086720377,17.634279935629372,10.0,19.030899869919434,13.010299956639813,6.020599913279624,18.06179973983887,14.62397997898956,6.989700043360188,10.0,15.68201724066995,13.979400086720377,10.0,15.051499783199061,10.0,11.139433523068368,16.127838567197355,14.14973347970818,15.051499783199061,3.0102999566398125,17.16003343634799,13.979400086720377,3.0102999566398125,12.30448921378274,9.030899869919436,13.010299956639813,13.010299956639813,3.0102999566398125,13.010299956639813,10.0,20.374264979406238,3.0102999566398125,16.989700043360187,34.97067936398505,31.1293997608408,27.3559889969818,18.325089127062363,19.030899869919434,24.232458739368077,28.992731873176037,33.06425027550687,36.363875858131564,35.79440597139797,37.899330809317505,36.326597132939135,39.77952121201462,37.788744720027395,37.082508885913775,36.11723308007342,32.98634783124435,35.62649672211917,30.969100130080562,30.511525224473814,26.82145076373832,24.14973347970818,27.16003343634799,31.126050015345747,31.209028176145274,35.3567380342575,20.043213737826427,36.23352681537992,36.193020758756084,34.76686742945645,33.19938439980309,33.45569756056392,31.13943352306837,26.82145076373832,23.117538610557542,13.979400086720377,19.084850188786497,24.857214264815802,31.702617153949575,33.13234291694724,34.583356259919476,35.16403148447403,35.37189226243645,33.6285930295868,36.762362167633114,35.4082981411108,34.166405073382805,34.11282913017384,32.065560440990296,31.476763242410986,32.10853365314893,24.712917110589387,22.944662261615928,46.346183173874024,50.419332426447184,54.99583994162351,58.39204563164812,60.799369843390494,62.50744382070266,64.00255562995717,64.89601902399707,65.49897429183274,65.69324273123546,65.66673255396847,65.25122843392029,64.46550369673734,63.18072104282034,61.23872538845368,58.18598646037632,52.85658557576071,42.803962380601426,51.927708941078585,57.38111165968064,60.772116038330715,62.782376270133426,64.0323534512897,64.82047782329192,65.19979248864581,65.23028116891668,28.457180179666587,64.06420945974621,62.698072774359524,60.93155773520678,58.43763949826132,56.151891071717095,56.26547711453669,58.830166112777164,61.739672957657696,63.9557326779871,65.44771403794644,66.62743669674087,67.41034930581077,67.81910974946042,67.98024437300016,67.73400599659684,67.28267807557431,66.41148763578022,65.1727839286558,63.25065948127544,60.28761926290221,55.40235596961801,43.12029180025536,51.217075382824135,58.27178581087628,61.78468438879673,63.90464719851755,64.68356932054766,65.10747097773434,15.68201724066995,22.30448921378274,10.0,12.552725051033061,6.989700043360188,15.68201724066995,15.314789170422552,13.979400086720377,11.139433523068368,6.989700043360188,10.0,21.072099696478684,21.613680022349747,17.853298350107668,22.09515014542631,6.020599913279624,21.072099696478684,18.692317197309762,21.613680022349747,20.644579892269185,19.030899869919434,13.010299956639813,25.563025007672874,11.139433523068368,10.0,26.127838567197355,26.11723308007342,28.773713458697742,32.73464272621346,28.432327780980096,29.253120914996494,20.863598306747484,38.64036182725775,31.892094895823064,26.020599913279625,39.20123326290724,31.821292140529984,36.422666189026735,31.501421618485587,33.15760490665735,25.68201724066995,35.238764756381315,15.563025007672874,34.08239965311849,25.31478917042255,26.82145076373832,25.118833609788744,24.099331233312945,23.05351369446624,11.139433523068368,13.979400086720377,19.084850188786497,19.084850188786497,20.969100130080562,17.16003343634799,11.139433523068368,19.86771734266245,17.853298350107668,10.0,9.542425094393248,10.0,19.86771734266245,15.314789170422552,9.542425094393248,23.654879848908998,10.0
19.49390006644913,20.170333392987803,12.30448921378274,11.139433523068368,49.67421600602861,52.750532355069524,55.375596997583486,57.069677070376244,57.91508192984188,58.683887229371834,59.30420224393047,59.58037059396145,59.63558345946538,59.040319266621715,59.04869116669725,58.1818959088623,56.132793052675744,54.61452003458681,51.72407337909087,49.36714758211203,43.32620219565641,42.50151535116612,49.56600588213177,52.66071688751793,54.91290239509394,56.4918779689474,57.4263873502086,57.81755374652469,58.013165679432504,58.15897043224545,14.14973347970818,56.72394370582157,54.159077455568166,51.25887718216834,48.736228167602675,44.77931182055328,48.262109035237515,51.04872751964776,54.06615111056611,55.21850422358911,56.53081240494073,57.414053229490094,57.39422016155787,57.05749139178977,56.38170657500492,55.99250811800363,54.45495226828908,50.22189092746149,49.26573940032607,45.76341350205793,45.94812275994005,50.142264293892296,53.37413333468757,55.04445035137554,56.1336394078908,56.39534298873453,57.002856589537636,16.989700043360187,12.041199826559248,-inf,19.294189257142925,6.020599913279624,14.14973347970818,15.314789170422552,0.0,3.0102999566398125,6.989700043360188,18.692317197309762,48.55331344786106,50.137638547339336,50.50476427265063,51.292386101319266,51.573267927874525,51.90009360091898,51.32829407259561,51.138097026729454,50.690017170456,50.18471643392513,50.44704353461037,50.21891873919109,48.372474337246175,49.24981860911053,49.47144422680432,52.23882558291062,52.7565450741333,53.10672074930124,52.73380968940671,53.61833564411992,53.89415953376256,54.09354805716232,54.3316956502225,54.17082896244223,53.758628865461574,53.37630948386679,22.85557309007774,51.17314391443144,48.160091722136976,45.21164245234233,43.52664799651101,39.128063926612924,44.30075055551939,48.38275947525585,50.578334005553096,52.393495390061375,53.590629272494674,54.413698820215295,54.52248107502136,54.60977481155122,54.256548411022614,54.24522297086633,53.31407049219781,50.72323438293041,50.085703662158984,48.71070638121196,46.92705948901278,47.27232098507561,48.75038100401647,50.423785981398765,51.73585402690868,52.46744709723841,52.505688080677686,39.90871404801486,45.57711669173163,50.28249886029437,53.74991995651062,56.26227415588691,58.080333013625676,59.39166182473891,60.252681701455856,60.73651643454824,60.793769963544825,60.75436366448109,60.26303186850771,59.27489957226022,58.06302102133456,56.030848019599944,53.4136526936691,49.066582176716,44.08782494404144,47.23291446477583,52.4302812184183,55.181676823395314,57.33489372378009,58.67341365043689,59.533290485000336,59.89736731008355,59.98449845517911,16.020599913279625,58.75258677740676,57.300454491693884,55.33590323142213,52.52107540077456,49.4984358304026,50.860250813588635,54.47308457304743,57.321145957018864,59.63058828469953,61.238052702085795,62.28463239580868,62.98147593575641,63.36493755585909,63.52344045616377,63.363676616646465,62.833740574004665,62.0275251876813,60.60868503430561,58.65635112408569,55.759495020677356,51.67465028843088,42.80578370368076,45.30058753821461,52.47452782675624,56.473409080266215,58.82848857005024,12.041199826559248,13.979400086720377,15.563025007672874,22.14843848047698,15.563025007672874,21.335389083702175,13.010299956639813,16.127838567197355,0.0,15.314789170422552,18.633228601204557,52.841441177337316,55.72724102826303,58.475541518806516,60.37611730849335,61.64457847169285,62.588146512469685,63.13279260063999,63.38352091006855,63.39360200067177,62.9295149334571,62.460061505540985,61.38466909394181,59.27979795575949,57.04963414025137,53.5208213623097,49.234771690630964,47.7868655021091,52.5935731747472,56.66088153337614,58.96304053217824,60.4992782400048,61.60151773836255,62.11395293826676,62.429002934482625,62.674988519334434,62.8887137285076,31.03119253545714,60.52572753395402,58.86197336314973,56.548433602427544,54.6017742876456,51.43570591354249,52.561137385829326,54.353983802673596,56.81820814562519,58.464144368841986,59.87688604602826,60.88901544654178,61.232520314613666,61.277282438535764,61.1805596318921,60.89085180856657,60.01072684425467,58.17785435655007,56.896728389439474,54.23758530381663,50.21656431338636,45.317981338753725,48.91849546934873,52.45354713827355,54.9220145139254,56.48138415473919,57.78953230415923,16.532125137753436,16.532125137753436,24.082399653118497,18.129133566428553
9.542425094393248,3.0102999566398125,0.0,15.051499783199061,51.469338345627634,54.0024433123815,56.20740729977736,57.63000227534633,58.39286940901242,59.08753019184534,59.611024946123024,59.74250484857056,59.733578763458475,59.11358456792415,59.06617833837531,58.26127303785577,56.53769982967368,54.928176395096315,52.73170324475291,49.58358392780661,44.77193631102115,43.227360044699495,49.33649232283099,52.186011433156324,54.665250893204764,56.36460814790741,56.979099015981696,57.92532462149828,58.05911850108472,58.34390181181269,16.989700043360187,57.142308165275956,55.37579852517648,53.606331684331664,51.1724808846035,48.86231198992427,48.14686996621819,49.70463106521676,52.51611456378157,53.82654500849064,55.26969580813458,56.34569963498535,56.71355226615677,56.65919477452299,56.245254801137364,55.879858189775874,54.785506240769166,51.261476483375795,50.28652573633118,46.69595781024313,44.48551739201578,48.34198094562075,51.497116496879315,53.666862559840865,55.34647895512471,55.96157080916172,56.7588919172929,6.989700043360188,15.051499783199061,20.374264979406238,12.041199826559248,15.68201724066995,13.979400086720377,14.14973347970818,16.901960800285135,12.30448921378274,18.573324964312683,17.24275869600789,44.680222264940916,47.4395637229764,48.56759090618068,50.342152191669626,50.79329604652457,51.736581978532584,51.837053436536344,51.727109076772564,51.898270631206614,50.56313961432552,51.38321648784754,51.032185682142256,48.54433578095548,48.809564288161695,48.951848898969786,51.386342146622674,51.86673867499745,52.31696363425806,52.15862185987261,53.075580755509016,53.28367369619052,53.747061972430046,54.10520797445955,54.0009742766629,53.80871229497568,53.78485114513309,20.681858617461618,51.89102728787671,48.64730546032031,45.580482290829885,44.16973172603036,36.24282095835668,43.04016336520767,47.35287437215853,49.97604787460454,52.31176393681099,53.45814663569736,54.698764833958045,54.81168778992668,55.128724252922716,55.08380215140497,55.28974516700273,54.73780293476931,52.49609213540323,52.26581862925329,50.45295589982737,48.28666340025827,46.290526377283896,46.627011808805406,48.48958460827495,50.0108438129222,51.198429119567365,51.26020951837852,43.580300765769564,49.35915169948879,52.92402288759038,55.84123075055196,57.44906821489327,58.95776026154071,59.929818575440734,60.48362551172679,60.74686644701569,60.44922930663702,60.21030442323838,59.3724148044807,57.87070638978679,56.099208076988106,53.22620314907819,49.41680347291402,45.058280338548364,47.848311781244696,52.50041659778003,55.451648029362126,57.393792817743616,58.69455265157807,59.477365440412775,59.999322447757784,60.00535589000178,59.80178418370437,19.084850188786497,57.65830174601051,55.39941314954773,52.59316682851949,49.12593997752106,49.10176007193577,52.74180949419634,56.49739751761029,58.83084263308056,60.73886904520572,61.737688231366505,62.69089884836631,63.190496077731126,63.466801370772366,63.453707895029765,62.98441720448706,62.39861820371944,61.17200344044194,59.75388147080974,57.31443707556579,53.809778183528074,48.677090227674825,42.506639194632434,49.65794158105112,54.485022617538206,57.5547313802182,59.38740818844057,16.532125137753436,24.232458739368077,18.325089127062363,20.253058652647702,13.979400086720377,22.87801729930226,23.180633349627616,12.041199826559248,20.681858617461618,18.129133566428553,27.16003343634799,53.11028725712042,56.56643364251231,59.11320105718794,60.88459650475546,61.93345586876018,62.865911834373264,63.35736441848371,63.536956632900015,63.416143386848276,62.76173327657985,62.2655866460415,60.95195164151916,58.90019516098616,56.32710303832954,52.33881574212346,45.731734132550315,47.88818618509576,53.07213547676818,57.45730424798123,59.35282503103902,61.05000313394804,62.04367731265606,62.300238712546076,62.57355973433449,62.351490310385806,62.07280972336977,30.937717814987295,60.023259218420826,57.79382898598442,54.79699088773651,52.29287548178277,50.70647299144681,52.92577241855888,55.2047043165384,57.56917433847751,59.24908040680464,60.30334531150967,61.3141461990178,61.42962931772681,61.559797130921496,61.3536325937046,60.758752952598336,59.88972989000099,57.77517441999844,56.276361822152374,53.0674446499578,48.96845758281481,44.39979705223639,50.274393119239605,53.34715053464358,55.734251489251314,57.04479975007942,58.18487843336634,22.944662261615928,9.542425094393248,23.673559210260187,11.139433523068368
0.0,11.139433523068368,15.68201724066995,19.49390006644913,51.978454627517706,54.49169732165201,56.657554241765624,57.976780909405086,58.8946754331117,59.437407771119595,59.93732860326795,60.28373172496956,60.13195475262515,59.466610102619384,59.40011174328431,58.5571838874062,56.452463542863725,54.7922537287902,52.33082452758312,50.494196125998805,47.18551509468278,45.76755863237645,49.475366463052936,52.51905770472128,54.51580749154503,56.00106708877671,57.18006493633168,57.33628134732109,57.456555453631346,57.954107258405685,18.633228601204557,56.69251778012837,53.879199115394655,52.03536006999292,51.191535738152396,47.730253976388035,49.659914643297995,51.94128439280632,54.06173856124117,55.15091939823924,56.32348958138859,57.21345580580738,57.17559003133707,57.08395402645627,56.46821154104323,56.41484025790042,55.10047431282842,51.906817945067864,50.26304413164996,46.234250406935104,41.76814480674777,46.76812452905259,51.27033490431892,53.63884503459174,54.99225055465733,55.46073569594591,56.23766000133931,16.020599913279625,14.14973347970818,6.989700043360188,0.0,13.979400086720377,22.944662261615928,16.020599913279625,12.30448921378274,6.020599913279624,20.043213737826427,6.989700043360188,46.40451621680509,47.7340608801514,47.85329835010767,49.15188705173156,50.14793462087175,50.66240176355773,50.31529645803423,50.320382394012746,50.10681493131443,50.975522936707335,49.22855156211905,49.155159129984554,49.28196071822618,48.84347815770889,49.21982838837776,51.057723854083875,51.62313434870306,52.682619638646045,52.27886704613674,53.35299399418015,54.040430601329064,54.72793004553285,54.85347999810387,55.1244557530595,54.96061575233571,54.32546008123034,20.644579892269185,52.27686214736187,51.05118291415654,48.89861721258188,44.26917713880815,36.5991620006985,35.56302500767287,45.23147924422204,48.47628176194892,51.363717234923236,52.99003634828229,54.06751315439627,54.77591485745883,55.13976286239967,55.13916438126855,54.70423722495212,53.79196703832135,52.68645825094747,50.812752795293335,49.20175522010023,47.263359233343,47.14698501946455,46.94087246265424,48.94681513929412,50.78406062810886,52.07324623571196,52.46995617611003,46.09178055294184,50.23964036986665,53.22519061254412,55.77175729870518,57.64628131453243,59.00612340200575,59.835090162925624,60.51774758257126,60.69823438532212,60.648909446514566,60.12361770483382,59.36674562507357,58.22657692683095,56.36496923165644,53.537431707539355,48.49523828488597,41.848049570192394,46.70115916485489,51.85128343977995,55.202083268859916,57.38101641095939,58.87428239830051,59.7002359248281,60.3034587086602,60.46378478354992,60.013117577729,9.030899869919436,58.13503595866486,56.72033170961604,54.40324909452539,51.20853500528125,50.48367990523573,53.094811192361036,56.20231859974878,58.48142912993068,60.48547839257269,61.67944688062208,62.50352901067781,63.044364530207694,63.297008644104196,63.23949917787465,62.83489608312399,61.99933354974079,61.06941845772453,59.23555375947615,56.893559273450016,53.17388401560684,47.04253499367706,42.09997296082369,50.43035943300904,54.88309531501641,57.836356340825986,59.5761207528598,13.979400086720377,14.14973347970818,21.613680022349747,18.692317197309762,12.30448921378274,21.335389083702175,11.139433523068368,22.278867046136735,19.294189257142925,16.020599913279625,13.979400086720377,53.10383142957453,56.09663762756901,58.88611887588604,60.483411816346134,61.73863414514719,62.53648589291066,63.08408380981586,63.32201250159067,63.314617147661565,62.7655301941331,62.13760469074208,61.06335411317664,58.9910283161027,56.1420727850772,51.927374583338626,46.23011397323999,46.549558390162986,53.485852138208514,57.035260916989415,59.37016107464814,60.836663452175024,62.0655226526174,62.952397714804256,62.36205872184819,62.592079067699295,62.57680974279584,33.76211850282673,59.46490092183641,57.94184701418562,55.418549583640555,53.43158383876158,48.03982594394555,49.502187666418635,54.33105487342725,57.027724948571894,58.598974984906,60.39776474959602,61.093895353760786,61.17591097098342,61.22412495411281,61.011316165990294,60.76084205235667,59.65109468352483,57.45102910458342,55.80500732974156,52.93956678498734,48.246789303086715,44.042177445149235,50.04600780332984,53.59381986342604,55.87598729721245,57.22095656168993,58.425125109590624,20.0,17.16003343634799,21.13943352306837,21.13943352306837
14.62397997898956,3.0102999566398125,13.010299956639813,21.072099696478684,51.75966743456114,54.506339505970054,56.07734811736385,57.58470564258792,58.66827065006375,59.552306108482256,60.046948783769885,60.11692637802766,60.08961933117199,59.926582130369454,58.993618991973655,58.057868953613095,57.425059654156136,55.728541836232914,53.29897996175966,48.78291949249796,45.28916700277655,46.48652695131223,49.291173695805554,52.89921011795891,54.887142511611124,56.537854044667284,57.45138837484393,58.08341309251097,58.16159737797118,57.61898533824958,21.958996524092335,55.7026382768121,54.62710876708638,52.634774688949165,49.73243342094436,48.01163512375762,48.95560658453326,52.10588699124028,54.163492160541054,56.47168704448952,57.35098054688542,57.92168180478135,58.28315030345805,58.32529988250588,57.90696739244228,56.33171417795374,54.85347999810387,54.2561572457693,49.481389999809046,44.20961881120924,40.86680093734625,43.805910832268324,47.77056898299486,50.79673167757437,53.19439203046049,55.21101454913965,55.94427911336376,14.62397997898956,14.14973347970818,10.0,17.634279935629372,12.041199826559248,9.030899869919436,13.010299956639813,15.68201724066995,16.989700043360187,14.62397997898956,18.129133566428553,46.916118742144164,47.07612751901304,48.80339037812436,48.941498467679224,49.49945937988855,49.43296614566655,49.6695790846664,50.066243276455715,50.088768399047,49.85336641735613,49.94479927590432,49.63731176544522,50.31497334028998,50.348249073818536,50.028094643052555,47.60452641715082,48.005521250050066,48.8350812769239,51.86193249920351,52.31800792057899,53.526474468057046,54.31204493647577,54.47297603567068,55.14187683544988,55.345971705459164,55.03759369160009,6.020599913279624,53.88364115358014,53.262805463166075,51.642130261486685,48.76032995097511,44.92494983343012,38.45841907421757,31.513698502474604,44.24391554410278,48.58982091384046,50.80951004379483,52.83649429444897,53.99299825087829,54.871864705742006,55.185626307720256,54.692931798277996,54.182167448518754,53.87982127432,51.754248297903224,49.76281183510049,46.78936993706298,44.74463945321284,46.61291977065603,47.94271891287978,50.04858534620329,50.53159145578767,51.62313434870306,49.79703127133337,53.041198405982925,55.74023160821725,57.56315022380999,58.920155316255496,59.74419573852286,60.214283020651855,60.45080332114358,60.36389328665692,60.02047208696244,59.07006977702777,57.79902986328036,56.22509325714433,53.22519061254412,48.68785458359882,39.3379088414342,46.3753976055708,51.92216084633509,55.16822164730479,57.37956360906324,58.92495861267417,59.84606964198106,60.34262982230168,60.60879073273992,60.38232978590428,59.763408069004655,18.129133566428553,57.2438074315182,55.633576617756944,53.314536166008644,51.37866605555892,53.42913945254493,56.021576965949606,58.17757024981028,60.01069218626669,61.27043214930385,62.16656153829689,62.79397707517673,63.1885144854754,63.244935822356496,62.94579965557115,62.28558698449157,61.21326385095456,59.891493564037276,57.651803509814165,54.60804662318573,49.39364476433419,40.62957834084511,48.86907898662259,54.02579461901788,57.043718990936455,59.00394441915931,60.363354079421484,19.49390006644913,15.563025007672874,6.989700043360188,19.084850188786497,17.634279935629372,17.634279935629372,10.0,20.5307844348342,18.633228601204557,19.084850188786497,18.129133566428553,54.85063810070663,57.35484722722218,59.19659552910965,60.77651285359198,61.80878496962254,62.64532605605021,63.08592796499149,63.11350733476136,62.96787345820971,62.54586985444818,61.48528621027711,60.235754874968165,58.54957905172413,55.808349157765136,51.58874898455997,44.89297399166685,48.70316101023196,54.29703842972572,57.24361900551966,59.36740883423849,60.9393972754777,62.232999060893704,62.29693102606113,62.429549043556904,62.34760683411973,62.01432631222797,31.94514341882467,59.503030165667106,58.8778041141103,55.314699755932295,51.726758912237905,48.95135131450826,50.609432418016794,53.63987829748491,56.678506405345786,58.59470948761033,59.671607761460656,60.545598176670964,61.216008753634874,61.30227272865927,60.98444700676664,60.037727844125655,58.77351185843687,57.711183953572714,54.55642619165029,50.75346190651981,45.202083268859916,43.557387836020354,47.99740192185148,52.44108814547987,55.31785369705966,57.52318932876432,58.40931849146813,22.576785748691847,12.30448921378274,21.73186268412274,6.020599913279624
18.633228601204557,20.969100130080562,19.294189257142925,17.853298350107668,48.730879855902856,52.363986883595274,54.83641491256718,56.4980687301929,57.76030342048519,58.5612988801088,59.215324946966,59.503960134005226,59.618129688447084,59.02937957316532,58.85489001430366,58.04908481738501,55.92062337384293,54.21190821688478,51.30375587431644,48.89290494762161,42.86231854028553,44.03635189790548,49.45911516819273,52.88349848577936,54.98459429234778,56.30924944091645,57.52700552714806,57.529798363527355,57.51833937930865,57.87585856292549,12.552725051033061,55.97697379326448,52.16854419198218,48.3618481525502,47.00919945420287,44.917537827721475,49.5204619077995,53.33352545648219,55.437328878872584,56.90240393531119,57.79734981699933,58.49636199783559,58.36980126379976,58.05835794978846,57.45859093670432,56.9459291568361,55.29811349909419,52.279201105966834,49.66047821076454,44.14973347970818,41.77767292804646,47.79978675330057,52.59175627306078,54.62135844536681,55.657652004521516,56.23088985471493,56.8456621082525,16.532125137753436,15.68201724066995,6.020599913279624,15.051499783199061,16.127838567197355,17.634279935629372,6.989700043360188,13.979400086720377,6.020599913279624,19.294189257142925,15.051499783199061,50.536660727951585,51.021385870637886,51.208140428263974,51.422204714129585,51.578434414137384,51.24533568064719,50.48053173115609,49.81877475216869,49.07610187727711,50.642070742549485,48.825074618204106,49.33294900366836,50.63333358951749,50.84111351940677,50.641958358646434,51.293192306155355,51.74365131857384,52.39211860451129,52.20170873065136,53.00136602227188,53.74486224261148,54.427258518008685,54.91543779150173,55.40442101405838,55.54873010824936,54.89571799298845,13.010299956639813,53.530309757652816,53.46026152506796,51.4983777244485,47.74144553687519,45.319512746539814,36.78700434998304,38.0413943233535,44.31524584187451,49.279705681273526,51.55776182882707,52.8203268560538,54.15962745596812,54.75887555414041,55.00512282269217,54.28355126372842,53.60792151523631,53.10196084492383,50.6038050064604,48.80012838366771,46.41315435134449,46.19260334851798,45.94005601788341,47.89651208793409,49.82402406352672,51.663620187090075,52.06936458683464,46.87511125346055,50.672196889741414,53.64785432326954,56.03711509156554,57.79137425977147,59.13502319753348,60.017203031110014,60.45405917200145,60.59917675847983,60.563223538839424,59.98375309215624,59.13182607596789,58.04544221532423,56.11698884892544,53.11425367855133,48.32080793961798,41.86193249920351,46.97612887347364,52.2142467121808,55.39362187033803,57.46322765089953,59.01611414546791,59.79680372881229,60.35383704532566,60.54564413914966,60.04625703260993,19.294189257142925,58.33453752011948,57.15107941629693,54.855652794828586,52.17581320543819,51.85768733433613,53.797423125113035,56.48196021657494,58.764788008771504,60.65986185409472,61.741543357534056,62.606827876670074,63.194610566707475,63.43087431996766,63.353296997027016,62.89239235929534,62.06159086549842,61.138611626513025,59.09053518782228,56.67602361847101,52.81169773409736,46.49042634086176,43.92943042340061,51.34448058507344,55.54883903846501,58.36066374730642,60.01384926023839,6.989700043360188,17.24275869600789,17.853298350107668,23.69215857410143,9.542425094393248,24.712917110589387,6.989700043360188,25.31478917042255,16.127838567197355,22.671717284030137,21.13943352306837,54.107586805953,56.52845621280872,59.055022951972866,60.62895465519881,61.97799195759946,62.679715019100335,63.246233764068535,63.474166703790544,63.47958847665954,62.938301916139196,62.30882488433032,61.26948229671994,59.20665855383018,56.752218317851856,52.94944348171001,49.63981328511628,48.73308973962765,53.18182332050292,56.89188056946794,59.15016558245241,60.70254036009976,61.86133842586859,62.35630696070646,62.50970329125189,62.59848456576299,62.01524389463367,25.71708831808688,60.194606802985284,58.519844200969295,56.5506636669463,53.96312702346493,49.89921234004151,49.82316469692065,53.65996859484211,56.27007210742902,58.071052563070964,59.638241743844304,60.62953325813894,60.92466939810386,61.04111721420828,60.941978179734804,60.604700592626635,59.64663557791688,57.75424750150452,56.28783192612319,53.27567345722923,48.86231198992427,41.44044637110949,47.16779368873068,51.686683391910165,54.642047929965514,56.333522915210985,57.67224160015337,10.0,9.542425094393248,21.367205671564065,12.041199826559248
20.170333392987803,10.0,16.989700043360187,6.989700043360188,49.36614261975212,52.16791152850112,54.6271536615146,56.20231859974878,57.486600656307644,58.45669071893226,59.152795036687664,59.446568485274824,59.636712130634486,59.304706875074025,59.15425691586678,58.52873242425105,56.77533955916908,55.187573397771736,52.99823153207261,51.4741659722258,47.30499650139442,43.947667802263204,46.28388930050312,50.97926808054849,53.31340226428476,55.114622252822855,56.72858592663126,56.94521841488344,57.175148945379405,57.69179337209346,6.989700043360188,56.24497642210929,53.33991061569507,50.24198232206868,49.023619338198614,37.6715586608218,44.96722132986729,50.27842751462677,53.20131740119262,55.20721903497811,56.58526517459542,57.5007002223236,57.77215061273533,57.74021806821832,57.30863799134541,57.158112093503576,55.87177588838869,53.79894453142011,51.58151325392703,47.788744720027395,43.13044233082023,46.03891020183559,51.00305051328969,53.33755504097474,54.757873719746414,55.47928465163514,56.36481878374277,12.041199826559248,6.020599913279624,13.979400086720377,19.084850188786497,12.552725051033061,13.010299956639813,0.0,-inf,16.532125137753436,17.16003343634799,16.989700043360187,49.25296617548857,50.73131564940993,50.95050732724972,51.85862162670644,52.3055365036004,52.46744709723841,51.976250995811384,51.35940038131768,50.44575035587365,51.01802044452345,48.42415760758782,47.80180448202641,49.94550297854502,49.55423149275055,49.900367863183995,50.41885921420104,51.15610511674299,52.144862023193014,52.25105011884425,53.02127373105344,53.816276248508416,54.430266043404536,55.0145364716397,55.43631048402233,55.74026635228538,55.169846395331106,21.702617153949575,54.284458189754105,54.32406426789045,53.06598710609152,50.29858400993401,49.09823369650912,45.926873917661624,39.608036249117696,40.2530586526477,46.839920864455536,49.677444874453215,51.42320624361766,52.95646255287015,53.92218438324201,54.46737492782337,54.12213508946829,53.57496521795561,53.87763443621556,51.72748838982743,50.40922603173949,48.25984045117664,47.57889265054904,46.210204065031924,46.50472659655893,48.71462012844714,51.018329623045815,51.41085879763794,50.29002080267403,53.351870090397576,55.7172280352438,57.54522630206847,58.99884493247011,59.89422228411411,60.41315689766186,60.574302582902675,60.41526900893086,60.21007684646414,59.19183252162497,57.855326957024786,56.15137487279439,53.50623985592765,49.008803307388796,37.685641095135736,45.03845136631562,51.31034508028235,54.72178467845791,57.14432033274869,58.64445813322292,59.70600682980227,60.160990194489166,60.50130632599985,60.36712712495142,59.53793023400997,9.542425094393248,57.19679246183583,55.62275016371296,53.587588433682726,52.146584388799184,53.62580481543614,56.073059434748686,58.21107866479871,60.02945363677098,61.45457463903382,62.2611766089695,62.8606129311605,63.215986375680515,63.215503799676036,62.910563390946585,62.19036466577025,61.15187659147906,59.885415669156785,57.38687032449518,54.003531806542426,47.856500980706436,37.69451179402038,49.24703033403553,54.37401719156305,57.66023741324055,59.5692346538371,60.82929273817429,16.020599913279625,9.542425094393248,9.030899869919436,21.73186268412274,10.0,12.552725051033061,18.325089127062363,14.62397997898956,13.010299956639813,11.139433523068368,18.129133566428553,55.14010861390957,57.52473310462139,59.874092760181554,61.27401896749753,62.262332420100385,62.91095220914159,63.25681878494295,63.25228227870849,62.94017370293476,62.345428443820694,61.576700851902224,60.21719228508139,57.565790605655025,54.514824765035485,49.749397890640324,47.67155866082181,51.26150896479817,55.79286158951089,58.424457244150254,60.27011011572256,61.38055632786957,62.28679531600478,63.1549781946503,62.84919801084713,63.020539397533895,62.04695584101155,35.27629900871339,60.589514912795934,57.73357056248471,55.57474718832144,54.05452231099864,49.5933241526821,52.00105980569724,54.93513815566644,57.50771360370409,59.21597527026407,60.234039217208554,61.041240232286924,61.23263475902825,61.21397651036887,60.867960418895855,60.671173718149106,59.49508079654389,57.6466173242929,55.89308292499116,53.12435485983882,48.74186002442825,45.31785369705966,48.89962447987167,52.88182130613657,55.470358997400105,57.100784207806264,58.23477489627145,16.020599913279625,6.989700043360188,12.30448921378274,15.68201724066995
9.030899869919436,18.129133566428553,16.532125137753436,17.634279935629372,49.96178819022532,52.65320275312761,54.783601206174595,56.36660376303928,57.901901297218856,58.80921581034167,59.46857384766075,59.66907762587084,59.782722981857546,59.41279316241892,58.99288521530486,58.189018897929614,56.71913012441587,54.83508845888519,52.21763619554885,50.04854239968865,46.44684718395879,47.19099159205641,49.537258743835565,53.077740685170866,55.1140738074652,56.40735777553832,57.713353552450066,57.99192312548847,58.01861775968032,58.24539746491061,21.13943352306837,56.5328682002956,54.42355891239622,51.690186775993354,49.24925077232033,40.152339762467086,41.68850903709554,48.80018563276071,51.94747383094124,54.110335179812296,55.74471129976794,56.49946918760227,56.731435249895945,56.74637049416297,56.41883423543278,55.67367547554526,54.27619168484274,52.47334850657456,49.059954481207846,43.73206340142947,32.304489213782745,41.583926503871204,48.82695262381597,51.527346431163686,53.255669711169915,54.48138738949031,55.255798910633054,12.552725051033061,13.979400086720377,16.127838567197355,3.0102999566398125,12.041199826559248,21.13943352306837,12.30448921378274,13.979400086720377,3.0102999566398125,14.62397997898956,20.681858617461618,46.407993394327114,48.54828096089286,50.00455769968617,50.99680641109251,51.65401629196132,51.98068466601687,51.93171922738708,51.798389280231866,51.38596339868221,52.50151535116612,50.491249495944444,50.026022977410165,51.77628831798057,51.23253666400039,50.97784669325942,48.95035597452322,49.578657757427926,50.39239573080475,51.21247880500199,51.56361340450087,52.718648302193955,53.550375266263295,54.254315035760776,54.875639735130505,55.11402029689271,54.471781945465224,16.989700043360187,53.491181597632945,53.69616559713122,52.25735611624981,48.49622078212741,47.834747875822465,42.46400090154285,38.48065895403992,44.68362102082093,49.3379088414342,51.712846231439585,53.180048683086994,54.46780962129214,55.349457851011366,55.77806491848978,55.24693340067312,54.75597105020901,54.955249117997134,52.53379203183339,51.14013501903521,49.15953563718112,48.10192179172952,46.618221471876126,46.91656043498146,48.14387453334589,50.65333183583967,51.54341793293526,48.86265059029757,52.63733093573503,55.263560801251046,57.247418714996044,58.75034625846584,59.761596181661574,60.229580275712316,60.51210038530003,60.44419411222379,60.31969250905438,59.27198356579897,58.15950125644506,56.85738156777333,54.49688167522854,51.302211590311735,47.53935253721502,48.46646328577117,52.15312315556088,54.77728841782553,56.8080672560157,58.26363156272285,59.23352837742055,59.5076050527984,59.76489829574459,59.390567573731616,58.230096900163424,17.634279935629372,54.79052460280299,52.64463634204881,49.263475922643885,48.557976931920585,52.955978843030294,56.37014146907931,58.707976353547274,60.65379885832363,61.937394134791965,62.81501061945263,63.3769022456199,63.70631870565967,63.71121267968888,63.43019228431199,62.75905597174469,61.78554815048723,60.70921818317045,58.48960305614297,55.68645182215192,51.549228056205834,45.450595846940026,47.22806618952898,52.96921743026802,56.30407532886707,58.31181009161049,59.796344056552726,16.127838567197355,14.14973347970818,16.532125137753436,19.49390006644913,10.0,9.030899869919436,6.989700043360188,10.0,23.891660843645326,19.030899869919434,0.0,55.7949320798031,58.143355114824836,60.10361449063426,61.51715431964713,62.48993273045795,63.181311881746645,63.56617013500493,63.580272199934655,63.43309512151077,62.89193046934286,61.94856647451718,60.72325276650486,58.764793780491075,55.63629384689655,51.217600396365114,47.18875204140633,49.17705018620627,54.007175412411115,57.26800535862888,59.42815833568284,61.04605228810301,61.89725223964571,62.524085616069975,62.407952787869505,62.608771868696,62.34360595411182,41.8802804133508,60.10327099196735,58.25076074307239,55.21164245234233,53.44873464694399,51.10542575007003,52.28318214862793,54.818580911005895,57.29832732774254,58.9446283384722,60.31877652752588,61.01700687169293,61.32645450935068,61.3532128192832,61.06108247614743,60.4370682571022,59.3312319852366,57.74243894794352,55.43855808624453,52.13669136026377,46.74723393372307,42.83866348473468,48.62953850547925,53.19730494330224,55.93548558576822,57.66999194859122,58.60290680869657,21.613680022349747,20.374264979406238,11.139433523068368,18.633228601204557
12.30448921378274,16.020599913279625,17.24275869600789,11.139433523068368,51.172580345530925,53.485852138208514,54.988561811014975,56.622760641615706,57.88232025276355,58.921463808689154,59.34361576415534,59.54613913640246,59.531375143528614,59.6616145160838,58.71351061805659,57.83761410278515,57.27362297341409,55.36185850020888,52.522630574764705,47.184352525076676,42.09327315878065,46.867881564068796,50.42547949812416,53.895576591318424,56.16081476829716,57.61889516628492,58.694781412698546,59.24309272026605,59.31991003406356,58.68509251279585,16.989700043360187,56.77673551599447,55.94207963625902,53.48324337700387,48.730879855902856,44.42071936603031,43.98721036025533,49.39004783284851,52.69347133492807,55.19824057554118,56.718288816924904,57.28069571159562,57.75421108222194,57.78745103797598,57.23334972298548,55.39883687473078,53.52516314003466,53.007106718539006,46.87368412021492,41.54271775993095,44.1904657710416,47.76773802412107,50.243214421415644,52.70988437110256,54.55199769738094,56.078805305230816,56.41312459417499,18.129133566428553,18.325089127062363,13.979400086720377,12.30448921378274,3.0102999566398125,11.139433523068368,6.989700043360188,15.314789170422552,6.989700043360188,14.14973347970818,14.62397997898956,45.937289987079104,47.96990390545687,50.60051582743743,51.07820267248048,51.488246804485286,51.3616863089015,51.43280294848276,51.283281730282546,50.8790203841354,50.65658127117224,50.22560330465442,49.65765964182686,50.74011446008945,50.9083978004538,50.936807835974925,49.119668268966436,49.464178738168734,50.051676379706024,52.10610092282219,52.312299487317695,52.91797160829137,53.59095223652577,53.46925786993914,54.04520706643397,53.948052767012456,53.50867996286564,18.06179973983887,52.14263518463682,51.295932283679335,49.75201962257852,45.788797814285694,44.86982737191759,43.24200116785378,44.74696928116828,48.71129074655939,50.86253023817161,52.67275007782189,53.83474257050051,54.77458425849427,55.243558717216914,55.1232411318569,54.751159824414685,53.69368019415434,53.192580878395674,50.49996727620201,48.11688926208738,44.65382851448418,44.42197464310213,47.380905284810964,49.29955076049573,50.79079898844214,51.65333372596983,52.58486426579624,44.68184808873887,49.461819750781316,53.27434546137171,55.82973063623914,57.91084740056638,59.050318214584564,59.98346537396365,60.58415774378869,60.771312502666476,60.93060440115074,60.32485390212983,59.38107750622416,58.29155765790115,56.39674709157543,53.51026723284182,48.888868232206526,41.2856080655932,46.35131745247176,52.02951245040243,55.37287545939624,57.50015194529385,59.01253931487922,59.83096512708584,60.41068027417243,60.372702832095875,59.98672506454071,18.06179973983887,57.93122370354145,56.484702785013894,53.855079653675176,50.749078229667965,51.29805860404151,54.061193070092756,56.86694350031307,59.20015261215059,60.744657196001235,62.06731453924313,62.852372082964635,63.47162315994951,63.68125040531283,63.44200434301016,63.17501102704335,62.295520720167126,61.29773972234677,59.435311177710346,57.20163439524184,53.49724222634397,47.15510306677597,43.30778914230818,50.91877899629413,55.42154178610251,57.83950720523019,59.5821783867889,12.30448921378274,6.020599913279624,-inf,24.232458739368077,15.051499783199061,20.0,17.634279935629372,18.692317197309762,6.020599913279624,15.563025007672874,20.043213737826427,54.42194326559684,56.85631583971191,58.99573748699674,60.5833490416813,61.977702763868514,62.82682370738301,63.42718295251207,63.516359283466784,63.37330051943029,63.07929046768997,62.20448065070318,60.91119788824501,59.37082878246259,56.866648638423605,53.26733099623138,47.17878448652346,48.04391618062917,53.51960488630465,56.45525426600355,58.851717403549614,60.43254182232613,61.45940007512039,61.49116225038454,62.26276576998308,62.15268401652855,61.49147648393051,27.520484478194387,59.72466668518412,58.121329302188784,56.25740359762757,52.33934796730685,50.78862646593479,50.5985486912611,54.55978639797301,56.965188910710765,58.70533237880048,60.00909761976153,60.738810428646715,61.31652341714385,61.35174010786539,61.149270835838834,60.34869397149504,59.225562733098734,58.23755842374961,55.281515141046775,52.221595931966725,47.10565819800644,43.08628432599052,46.38139683961196,51.545487349665216,54.48474428212161,56.72120034109024,57.72680291756154,20.0,13.010299956639813,20.969100130080562,11.139433523068368
15.314789170422552,9.542425094393248,11.139433523068368,19.138138523837167,51.66755638665237,53.94754530632287,55.50798067179596,56.905017512002786,57.92080567196056,58.6858860533947,59.07261374283533,59.3054764520953,59.407281021227135,58.87759604096719,58.374179694493115,57.60423237406033,55.935441296555695,53.76799521558685,50.84132821022696,47.824511239072706,43.23478988130159,46.30478726202636,50.620100687618034,54.078937489326655,55.79326203755255,57.464232269060005,58.355897527507864,58.672423270700236,58.7998822039681,58.89217637374215,17.24275869600789,57.29380262970028,54.660070727748675,52.0792505622095,50.19672828059694,43.32458659189203,46.61481397843616,51.45286550945394,53.596552791258034,55.75448805213169,57.039856939850154,57.52712065204685,57.57597185063227,57.32961188795957,56.74615920089386,55.63828619209395,53.82962090781572,51.0509442561588,45.78925589458768,37.57775491011926,43.77488383376133,49.022749204745026,53.03014523283948,54.84954347420982,56.136145767554126,56.93573951856081,57.40827530546193,20.170333392987803,10.0,14.62397997898956,16.127838567197355,-inf,12.552725051033061,6.989700043360188,15.314789170422552,3.0102999566398125,20.644579892269185,15.314789170422552,47.96088428680669,49.781120108276575,50.554738962300235,51.25887718216834,51.69912378694506,51.414027353497794,50.78909727137935,50.21408459072693,49.6764624294686,51.0809123558122,48.37903944592942,48.61038303095765,51.08987612539072,51.25552828932264,51.151776655262495,51.189521729792034,51.73378597871348,52.125205246823555,52.50402922976583,52.85039447366519,53.55116139076884,53.73913772526798,53.506530416750444,54.15749373209087,53.8327665040765,52.00918864007299,9.542425094393248,49.24289626283592,49.376833537720486,46.422864130952384,40.2209829746114,40.09833178608563,43.599492563828655,47.48164760607172,50.32626818187515,52.35376922402237,53.436783437723875,54.20236380469888,55.25412829070017,55.36266710815397,55.274365516886974,53.69278955443238,52.583211430363036,52.28528677357182,48.83661435153617,46.69326180134252,45.44526913157487,47.24742690043606,47.80187652643173,49.99452443919984,51.34766608037086,52.087771598125265,52.02777024182425,41.831274287014,45.955072443882806,50.16402318910859,53.48158775313901,55.93839661081272,57.816728149619706,59.05212833217106,59.9153174686426,60.41288836880649,60.77287217140522,60.36824044526916,59.98864574163431,59.30943430616405,58.1211418809589,56.12429921421739,52.91320000676738,48.5079934446789,44.093581899301654,48.13634354810813,52.724264650060846,55.831398057016024,57.667131798358085,59.01528064470449,59.91855346580035,60.37217667641137,60.23004161584818,16.989700043360187,59.02408152569642,58.042485035940146,56.16557428701168,52.831496515763796,50.617313634105024,50.853655116511135,53.91473228121559,57.076425524803895,59.28437333592878,60.95897796776811,62.02262119883208,62.837545131293965,63.34861514989867,63.50814751678947,63.18673632562941,62.68377626068667,62.05622482420619,60.50546790223309,58.61229042893548,55.92374421914975,52.048061684326676,46.36166821035606,46.98178868226516,52.88618062671679,56.28492126594907,58.540933980467315,15.314789170422552,16.532125137753436,19.49390006644913,22.14843848047698,18.325089127062363,20.253058652647702,18.06179973983887,26.03144372620182,16.532125137753436,20.969100130080562,15.68201724066995,52.9319897280523,55.415517876804195,58.18944722385484,60.09472142562814,61.617012328137726,62.58627945531756,63.25548501023888,63.69333509293717,63.75631612135821,63.5208097784309,62.93787800332589,62.052482243929276,60.510235660973976,58.52840942383004,55.56462918819925,51.489109931093566,47.48327599231048,50.681858617461614,55.132842045434785,58.001284579296495,60.16696630583819,61.17332954464543,62.046335035949625,62.62464854036871,62.018666732321336,62.823796377440495,23.117538610557542,60.64791070163835,59.07790128241934,56.6983734996128,53.14591845131168,48.56759090618068,49.72360230030325,53.76928994317021,56.019991858440136,58.683887229371834,60.003980655547295,60.94239769402926,61.359924346005315,61.56177388822623,61.30280363075201,60.80676262008257,59.947468343757336,58.19903066992998,56.449208710075766,53.292208708349555,48.53564374929077,41.62265614298022,45.920101162931374,51.30983116032684,54.409484185519894,56.616357146962734,57.67054890157107,11.139433523068368,16.989700043360187,3.0102999566398125,14.62397997898956
19.294189257142925,17.16003343634799,17.853298350107668,16.127838567197355,50.945584679042625,53.722213675498686,56.10831505294405,57.53714782567023,58.45187991697977,58.990239304441744,59.662675425373585,59.81870230349469,59.85561187773345,59.15599258816137,59.2268238961887,58.43345542942267,56.482672865307094,54.748060957919755,52.425265209092885,50.39513261850213,44.66630398181393,36.928469192772305,47.44676245124033,51.342663806730414,54.10954288234885,55.89621244379093,57.01438454464351,57.65138585944494,57.94469224500081,58.420160476736065,17.24275869600789,57.46617075878517,55.36043043412108,53.637116117856365,52.22104907801443,48.78274705876173,48.19971439325659,50.50105093217994,52.748618518466174,54.26987585388859,55.50639209204304,56.6516995210911,57.02403823066555,57.00068248173497,56.62321429776439,56.5215541014542,55.410322876487484,52.13860276253659,51.05367099490007,47.41718727536139,44.329372384383674,48.07589142389763,51.84492688528423,54.20681717703851,55.76075162478624,56.25563487052034,57.05341047649044,13.979400086720377,13.979400086720377,20.863598306747484,0.0,14.14973347970818,18.129133566428553,3.0102999566398125,14.62397997898956,6.989700043360188,17.16003343634799,3.0102999566398125,45.81483158275855,47.243741892967684,47.12464497828986,48.89604202318903,50.21371251017942,50.979822642101865,51.08301119816296,51.164118024351694,51.16375261179705,51.304785092001964,50.83108279194735,50.730067708393705,49.73686532742985,49.7483395504854,49.822757569168594,51.925507279381634,52.33364215748924,53.000234383982885,52.04545925172405,53.17438587500128,53.630268864448205,53.930572506014435,54.60347488027955,54.5200736308598,54.586741016605714,54.42305702823246,9.542425094393248,53.02532224931979,51.67465028843088,49.89276243181834,47.215880543806826,42.50346800440827,33.07282047033346,39.696488404807255,45.21164245234233,49.26882406087767,51.39438274158168,53.08873751524561,53.90024960343911,54.695525225836406,55.14639383113227,55.30800121050569,54.99604613811262,53.91049844552651,53.326908833356164,52.0292947125475,50.307170829940674,48.2534821042491,45.238764756381315,44.945163553737245,47.27036727040992,49.928538414836325,49.99830592115373,49.601567161862235,53.109650595496014,55.45071964633911,57.35477535754542,58.58732045006221,59.61296246124338,60.178685525413655,60.41469272158924,60.441087797979904,59.83606894518444,59.13861516235591,57.941428440628556,56.12920479101404,53.48119810283984,49.32377356837614,42.90413062122933,45.436956323092446,51.018329623045815,54.31584072507783,56.73419979580511,58.266895099449265,59.20558446702976,59.771403448928936,59.94058787220138,59.8202913687857,59.21701558503091,13.010299956639813,56.60794354088231,54.5173272087096,51.82671386675479,50.74161580906651,52.537740196788796,55.54661147747491,58.16986585776198,59.89229499734478,61.569780853841564,62.29151766703413,62.96907713288921,63.15503490305375,63.18919387131881,62.94841056702811,62.25658644822139,61.261145158990544,59.8886294577855,57.54275692354617,54.25340179245783,48.42540595690268,40.70555015835032,49.03719257879484,54.45256940211031,57.45806850906982,59.61033616020782,60.866747579518034,23.117538610557542,20.374264979406238,18.573324964312683,20.0,9.542425094393248,16.989700043360187,12.552725051033061,13.979400086720377,14.14973347970818,20.5307844348342,19.138138523837167,54.5034766042324,57.65562016630884,59.88703400424385,61.48346567656525,62.366601766379326,63.00576790131564,63.42034010800055,63.45143287483008,63.315902529179844,62.53282987975663,61.7351550785373,60.459145464729296,58.036755736419046,55.248684606430984,51.138130444151045,49.02242285974863,51.96598939465591,55.68245151343858,58.61640731293214,60.19580259686886,61.45990280440206,62.276617897731995,62.75417323289745,62.81060651907814,62.304489213782745,62.17350213567764,37.04579449696299,59.80531479876143,57.97495364452466,54.623410866174034,51.740743518378814,49.16990562797966,51.51262565953748,55.026305625080774,57.2007657276814,59.205120337631804,60.375029907823006,61.277887594636425,61.51267164395664,61.583395703927096,61.301600159494186,61.03565990811323,60.02667911179007,58.076845024684275,56.805938372555744,53.95230260915482,49.99013030891847,44.477780092946205,48.43388522938088,52.19778317661242,55.03541470846252,56.25872967039545,57.48120551014759,13.979400086720377,18.692317197309762,14.62397997898956,24.099331233312945
6.989700043360188,9.542425094393248,22.55272505103306,13.979400086720377,49.14559985732612,52.7571205684479,55.71909050128888,57.33943193222812,58.52134006176592,59.127586128623655,59.708380857719206,59.96796146921347,60.07589474837865,59.593629375226776,59.52959931246034,58.856828633439804,56.98302415171983,55.423585272741065,53.310059581593876,51.126083525593145,46.78044676072082,42.606675369900124,47.42332282357148,50.99711710350324,53.46323629237485,55.332851419174965,56.31258037971607,57.0743816457616,57.22332773107504,57.385308466318406,15.314789170422552,55.892725122065684,53.7398537027216,51.6642419295109,49.28011577509416,47.275493898078736,48.676442339030984,51.13786309757823,53.78267047752956,55.0716071421451,56.11665964608005,57.123171202055715,57.52905429418271,57.46806170405155,56.978602681918304,56.7901430226711,55.76899698887969,52.7468422770439,52.02597285692431,49.03968544078663,46.23549056918393,48.115750058705935,50.685272240686004,53.2049524383563,54.919846695294126,55.34565464432969,56.264491840370745,16.020599913279625,18.633228601204557,9.542425094393248,14.14973347970818,13.979400086720377,0.0,12.041199826559248,15.051499783199061,19.030899869919434,16.020599913279625,14.14973347970818,48.135009269066316,48.8307630479262,48.44284527459442,49.74566954690861,50.3727108036615,50.87000120795991,50.90628333058494,50.81437326351849,50.698530211136244,50.48325250931222,50.75784116304216,50.616409340616855,49.400829702427515,49.35371212601676,49.45197682103334,51.771467586240156,52.28297676474863,52.801069460546714,52.16980924251948,53.31817884627525,53.83441927569702,54.651879701374256,55.21651869223433,55.29585615122288,55.37598744880215,55.57829494812146,16.989700043360187,54.547061683991856,52.97808641825449,51.50848506669523,49.63457260116708,45.55263778314127,38.21382499747299,36.12783856719736,43.405432575141944,48.25977561707346,50.80110365485724,52.82694602516138,53.80502483250201,54.48274902278126,55.08116100656764,55.407648025871865,55.02908946793882,53.76702847712955,53.69074781590502,52.19112780306168,50.19220176222453,48.32560003169433,45.70075705321604,45.94370448312677,48.60822947489367,50.10274508951967,50.832875693272825,49.883538001522936,53.19072730876485,55.60912830283851,57.53200680826245,58.73999128988328,59.784384596510534,60.335942228236306,60.550742952996885,60.5176396449156,59.93179546141293,59.36674562507357,58.17234730425498,56.32141326741974,53.75882991545229,49.99104430613782,45.381336872506694,46.11532133890776,50.812788812268046,54.11055430040277,56.44542965167139,57.94329078335946,58.87261618310575,59.503945528711924,59.670422529602234,59.45305571011599,58.871951770412984,16.020599913279625,56.24013802612379,53.898834070066655,51.41136090120739,50.84207954453043,52.710605680353375,55.78663273111764,58.26969046605299,60.03896331254545,61.499432567668194,62.307709462783166,62.95991291897412,63.15216494856274,63.180102976866685,62.953588085659106,62.343198320512705,61.41425000662126,60.07992159856629,57.99887553744874,54.93375785180259,49.5878360261743,40.147304950017535,46.82983961845778,53.20432950516961,56.58016169097724,58.79239282004893,60.26502621780814,6.989700043360188,9.030899869919436,13.010299956639813,12.30448921378274,19.49390006644913,18.129133566428553,18.633228601204557,13.979400086720377,22.30448921378274,16.020599913279625,16.127838567197355,54.70441363893866,57.507991128361624,59.75537037491405,61.24118013619943,62.18413654605726,62.94874535519778,63.30383331080274,63.28112419967183,63.151523887043446,62.371587846838466,61.83479393604451,60.24159208439312,57.94115634618139,54.82072829694734,49.98420642759893,44.637437212470594,50.995321684934716,55.08584928093752,58.420928960949226,60.280101299697144,61.52855614978762,62.353930875351665,62.926221867782644,63.11554039631627,62.585781437820394,61.83588683873672,36.76144680356206,60.34927507548965,59.1003338376407,55.60744495153928,53.08777773664721,50.95573806894607,52.48916892312752,55.04566002663273,56.67083879292725,59.095752832495236,60.41118598350437,61.14195837843786,61.199407818045096,61.270402976037005,61.07957466096438,60.59658066366697,59.651137039553596,57.653182962198805,56.020437049795206,53.03925750213196,48.30511682042363,44.20368379857524,50.28579385471854,53.75270285106808,55.99124030594617,57.232421666982056,58.273072265529834,19.54242509439325,6.020599913279624,6.020599913279624,0.0
16.127838567197355,6.989700043360188,13.979400086720377,11.139433523068368,20.5307844348342,19.138138523837167,19.294189257142925,10.0,0.0,15.68201724066995,-inf,22.278867046136735,0.0,15.68201724066995,13.010299956639813,6.989700043360188,9.030899869919436,11.139433523068368,13.010299956639813,10.0,6.989700043360188,14.14973347970818,22.30448921378274,0.0,6.020599913279624,15.563025007672874,17.24275869600789,15.68201724066995,12.30448921378274,16.127838567197355,15.563025007672874,17.16003343634799,11.139433523068368,14.14973347970818,6.020599913279624,0.0,11.139433523068368,13.010299956639813,14.14973347970818,12.041199826559248,6.989700043360188,9.542425094393248,10.0,3.0102999566398125,3.0102999566398125,12.30448921378274,12.552725051033061,19.49390006644913,20.644579892269185,17.634279935629372,12.041199826559248,12.552725051033061,12.30448921378274,3.0102999566398125,16.127838567197355,16.127838567197355,19.294189257142925,21.335389083702175,12.041199826559248,11.139433523068368,14.14973347970818,9.030899869919436,19.294189257142925,10.0,0.0,9.030899869919436,9.542425094393248,15.68201724066995,37.741518589547105,35.09068045017162,32.34010817587179,27.85329835010767,25.31478917042255,-inf,26.55138434811382,30.289777052087782,34.61798557525109,34.0226138245468,36.80244837042608,35.42202782434028,39.838066419784155,39.73958686106704,37.96088428680668,37.56864224060549,36.25826713285711,38.07873132003332,34.61798557525109,34.608978427565475,30.681858617461618,31.089031276673133,29.647309210536292,30.178677189635053,32.04119982655924,34.85863329597335,11.139433523068368,36.93111115462141,35.87598729721245,36.21280167550415,35.09471352102548,35.98243191653623,34.44825199509748,32.58397804095509,30.141003215196207,25.477747053878225,24.668676203541096,16.127838567197355,28.721562727482926,31.613680022349747,32.83527364861693,34.13969971748061,35.158738437116796,34.97758718287268,37.26727209026572,36.10873000380052,35.622928644564745,35.428254269591804,32.21414237842338,34.321672694425885,27.85329835010767,31.4674801363064,31.335389083702175,54.78052540984136,57.699360836924534,60.03462686342665,61.92461793752499,63.26485175200155,64.15230507781826,64.89607669578055,65.17676787654166,65.15115019519699,64.79015563347548,64.11924783240562,62.93004583931111,61.176480732579236,58.459985769688416,54.117678121574365,46.16380977594348,49.96730515435153,56.223228420780735,59.85270603110456,62.001215956916205,63.54497208464004,64.42471302591301,64.87989860816626,65.02374946884638,64.7892027981533,64.15148700721586,29.0848501887865,61.68210117697968,59.78662950531969,57.56876386872396,56.058844372322135,57.53903108648202,60.24337867492143,62.39632268973548,64.32817020730364,65.60519349411523,66.57585292751284,67.21753914243077,67.46851447493094,67.51376732265088,67.23926982837503,66.69647079204496,65.79964819603248,64.37999655943408,62.362998965170945,59.287746703867576,53.84045014730262,39.91447598003803,52.40621624665053,58.45341796925165,61.772368632511025,63.89104392440308,65.25686311007468,65.54426767333058,65.64790299670486,20.374264979406238,23.979400086720375,0.0,6.989700043360188,16.989700043360187,21.13943352306837,13.010299956639813,16.901960800285135,15.68201724066995,17.16003343634799,17.24275869600789,6.989700043360188,21.64352855784437,20.969100130080562,20.644579892269185,20.170333392987803,20.0,10.0,19.294189257142925,19.54242509439325,18.633228601204557,18.06179973983887,14.62397997898956,15.68201724066995,14.14973347970818,20.644579892269185,6.989700043360188,25.158738437116792,22.380461031287954,24.62397997898956,31.3640344813399,34.985862088175175,23.979400086720375,34.684950245070695,36.89220037263836,34.321672694425885,29.566485792052035,30.433622780211294,28.87617300335736,35.55336327995266,31.18264726089479,22.14843848047698,30.043213737826427,27.634279935629372,24.14973347970818,22.87801729930226,27.671558660821805,18.325089127062363,3.0102999566398125,9.542425094393248,12.041199826559248,20.253058652647702,15.314789170422552,20.5307844348342,3.0102999566398125,17.634279935629372,10.0,21.13943352306837,18.129133566428553,17.24275869600789,17.634279935629372,25.010592622177516,12.30448921378274,23.54108439147401,16.989700043360187,9.030899869919436
15.68201724066995,14.14973347970818,11.139433523068368,12.30448921378274,49.26064491559185,52.872842979684805,55.299741652313,56.86165081253129,58.08997124209526,58.886562257158836,59.46003983317241,59.69362321209161,59.61480419861487,59.55085187763423,58.803659240287374,57.90555370203171,56.923109882396204,55.25673107030016,52.85611311181624,48.116956264745916,45.08718208999562,46.30315981471349,50.86918358532287,53.48620244946037,55.395089223378534,56.827027098830534,57.399337106022145,58.15775592787601,58.04088295751673,57.33104134678364,17.853298350107668,55.28197849420774,54.14881468265874,51.491236189734984,45.325505566342315,46.8503375433325,48.71882201849058,51.6458184112653,54.46888064451491,56.072576692823056,57.201799836031896,57.84258441421208,58.20498990525302,58.06373327697141,57.55992175526862,56.26572339815604,54.86793066073557,53.13624706722302,50.26851820942929,46.46099711737442,43.891660843645326,47.016111533360586,49.12817009680566,52.112113436491796,53.965497807383784,55.109857830142786,55.51382896731762,12.30448921378274,12.041199826559248,16.127838567197355,11.139433523068368,16.127838567197355,15.314789170422552,10.0,15.563025007672874,14.14973347970818,19.86771734266245,16.127838567197355,48.17433144111384,49.11950870062994,50.13814341372849,50.73351702386901,50.921027915921854,51.33443097549098,51.49422351871229,51.2508420089583,51.104617597450456,49.13946239058085,50.7156168903932,49.95547449475137,47.480949539304646,47.84203481756495,48.52461694326535,49.642832068903154,50.16218272781338,51.41167468646232,52.84024450322646,53.82357496883379,54.27007082408241,54.75788824073598,55.21317258617841,55.165102541582165,54.950959364381575,55.30359806769653,15.051499783199061,53.91254531480867,51.41700556997391,49.394194033293175,47.6850490704858,41.75192788386603,40.40602340114073,44.2769703799481,47.848311781244696,50.10558590193091,52.24908408409455,53.57105467407888,53.9557973043234,54.473766745882656,54.230114555468646,54.69970681183274,53.95941135477766,52.01424437579912,51.48584147544633,49.548838264283205,47.834747875822465,45.602534435423436,48.80230331884836,50.36664818971381,51.69418718601164,52.369451656128604,52.30410599586237,45.74494268285328,50.3847709537433,54.183576464890876,56.48921790450527,58.17859426826278,59.35501723748399,60.2800687260943,60.82349062137018,60.98285414868704,60.729542731938,60.40872009411836,59.598767246461,57.985297994852615,56.078333915598435,53.05351369446623,48.72797039989599,42.7916484306227,46.96574791796473,52.49191017140656,55.58382127160408,57.543613337668454,58.83308178885203,59.77031840689362,60.152645858633356,60.26422531870891,59.97085682126621,23.010299956639813,58.18047651099519,56.2402618902552,54.02579461901788,52.007192053560914,52.01476328040931,54.49603346941869,57.146985019464545,59.22968740033524,60.799019384901605,62.012181799846395,62.784602388300556,63.251300456005396,63.44261965793378,63.32068445035098,62.91672927737663,62.24688417457288,61.11586768876839,59.522173606173745,57.23962736944919,53.581728818005494,47.793367025865486,42.323352770856545,50.69686592875564,55.105932624684144,57.66275993044068,59.468215530422256,14.62397997898956,12.552725051033061,19.49390006644913,20.863598306747484,11.139433523068368,15.314789170422552,19.294189257142925,22.380461031287954,13.010299956639813,6.989700043360188,19.49390006644913,54.054778411562204,56.605211299594146,58.72715540280947,60.40382368448114,61.588863453401075,62.5015080270639,63.040305697942344,63.18321329460271,63.120495043538654,62.72086089628036,61.951690361951314,60.79801120744075,59.272312227800306,56.84719721101585,53.09206310648898,47.12893713296539,46.90196080028514,52.027334580454436,56.306068447687224,58.61062224905871,60.23794269231087,61.28965679348098,62.05469624937927,62.746392334362746,62.64669098893031,61.972653920217624,29.375178920173468,60.697960728502565,59.36855413884736,56.76593024518753,52.63626601575238,50.808608849622765,50.918954735082984,53.109077520223806,56.426870515081774,58.31119504888391,59.60754664801088,60.54405432088313,61.08118661701825,61.22664035528978,61.0176390940297,60.222839947980844,59.062472041381405,57.80130734305371,55.29771598316999,51.84489848693846,45.58708570533166,41.54880244718762,48.21971817642043,52.864968882418815,55.451511878937225,57.14333113357628,58.3930831882867,16.532125137753436,0.0,13.979400086720377,9.030899869919436
10.0,13.979400086720377,22.380461031287954,18.633228601204557,50.88125452787085,53.59640100704321,55.10873287796513,56.81944586496344,57.99980489762178,58.794772256710374,59.21526251080606,59.23088515442399,59.24346493102718,59.25675570717215,58.25463767974266,57.345774266742744,56.84853437293167,55.07415959525366,52.69916697046739,47.186843364699335,44.945163553737245,47.49342025987517,50.10376290757853,53.41381100103167,55.33184639499431,56.99742361319838,57.61173555119626,58.33769728114661,58.36234208709598,57.720758793049896,6.989700043360188,55.66755583302415,54.78520322297476,52.5793044060911,47.496203851999326,45.07586039763011,46.00689804531001,50.38063526997859,53.422982968647446,55.61898846118378,56.80482368970803,57.40363479119857,58.009437867877324,57.93645828549107,57.54256573662172,55.520059293168174,54.13080046050851,53.52390929447956,48.266254241112264,43.1194448508462,42.423674769114385,46.549558390162986,48.96686017274078,51.82771186796507,53.9379273470366,55.61431751290182,56.098077693287024,12.552725051033061,6.989700043360188,15.051499783199061,18.129133566428553,17.634279935629372,18.325089127062363,12.552725051033061,11.139433523068368,15.563025007672874,11.139433523068368,3.0102999566398125,46.399842480415884,48.40062160711902,50.75181854618692,51.27043214930385,51.50833163556632,51.46276911123415,51.650097497023914,51.37509188852082,51.205212862598,49.85911247931273,49.845498150656134,49.08747660798832,49.39823651243017,49.31808622678894,49.86780688699332,47.991543833514655,49.24305136154559,50.03257986466232,52.914865114416926,53.34377340770597,53.92911410126062,54.66768299338177,54.6501681901396,55.08236050101304,55.04685577884161,54.59128513334108,16.127838567197355,53.13753361260644,51.952269434006496,50.21685352215705,46.29817196018516,44.32536383264256,42.29067202070864,44.14254497113937,47.911851982534905,50.60822446110187,52.24432052143506,53.64515349851626,54.34097630513692,54.592869172423875,54.60263219194101,53.918979608642374,53.28601791186755,51.924141130694714,49.6830545863081,46.56567714785965,44.052609615947816,44.933743907101054,48.388553848145726,50.285915843552786,51.78012375922649,52.28926224414781,52.4626462904134,45.32512329290388,50.02878497871973,53.75586805618727,56.17461665030912,57.90307687636235,59.088414230049494,59.88309188036886,60.40439350219208,60.606434557265075,60.34446359641305,59.79491011267307,58.816413910114974,57.57050429800954,55.516183154598025,52.13751442825988,44.92620722043192,35.89949601325708,47.986506454452694,53.105361308874905,56.32024807115586,58.10110145344712,59.55817105593916,60.14212979627671,60.66949519473063,60.68779733694348,60.38017771687859,9.030899869919436,58.56759090618068,56.98177127877673,55.136357069239935,52.6947558394589,53.066651635289475,54.763460714829236,57.11950564728687,59.206710687206154,60.73976284971658,61.65129132271876,62.546940257973624,63.09904708024735,63.224062079400774,63.18087763340327,62.52607670218581,61.767821061024165,60.580568691499195,58.783988428878764,56.28377689341782,52.24740190060544,44.988341488373905,45.94016662248082,52.42911464419822,56.26391699386438,58.41315037478468,60.06990302079966,19.294189257142925,18.573324964312683,0.0,12.552725051033061,15.314789170422552,6.989700043360188,22.278867046136735,13.010299956639813,17.24275869600789,16.127838567197355,25.289167002776548,54.49535478547526,57.02607148087041,58.798851532797045,60.50265656793453,61.58324188045566,62.60779283441916,63.14255803284012,63.2592800625993,63.23975459105682,62.83115030274,62.063130519359575,61.083163494020425,59.682293025590276,57.65684198017791,54.303411649045934,48.99957223499185,48.16486557381032,52.724264650060846,55.87716576022483,58.524220431754955,60.28431345045363,61.33960225055556,61.820289806836485,62.69393613588548,62.69036827333039,62.22041099469492,37.147487607250596,60.62835342762603,59.05301960539178,56.17606252094295,54.03197760361017,50.7332969366293,51.16371939094927,53.5110413004164,56.05133665376123,58.58070772367987,59.71890200529151,60.78003073258926,61.50884407435591,61.74176728610278,61.49246524704363,60.54058534807567,59.78721791749451,58.623061357458624,56.01244924810521,52.49181229947058,46.17796865805413,38.92984550710717,46.15960567133985,51.87546100941189,54.99308971921289,57.17641382664182,58.30858655613536,9.030899869919436,3.0102999566398125,20.043213737826427,22.85557309007774
16.989700043360187,18.325089127062363,17.634279935629372,23.979400086720375,50.89286772806859,53.35854903045835,55.56462918819925,57.070632034107774,58.31645213489687,59.003124969837266,59.48774727133882,59.76823454920834,59.773856384287654,59.863995142724704,59.067594299813074,58.37291653120773,57.645123748551576,56.05160616518538,53.71468706602177,49.58358392780661,43.51796306897023,40.40800061256529,47.908830510120985,51.79347808690586,54.69777848191772,56.439429550003204,57.42596316009204,58.40914935989713,58.72478522087312,58.21891979165188,19.138138523837167,56.83220901430403,56.41974549720371,54.44452341541785,50.69594105177555,49.14332577344244,47.76134343165844,48.706847596638326,52.106341583256096,54.17956370981198,55.76999780391995,56.85445242624578,57.556081017156714,57.69561935848059,57.428711804761676,56.457935208369314,55.04629870797907,54.150167752476804,51.02605194126567,47.48327599231048,44.502645085598516,44.81112840841518,47.424187396205284,51.096763955541384,53.32367755058698,55.099145577415825,55.988659821168355,6.020599913279624,19.084850188786497,19.294189257142925,11.139433523068368,12.552725051033061,12.041199826559248,10.0,0.0,13.979400086720377,3.0102999566398125,10.0,46.30244761469706,46.279083856850264,48.244772943943566,49.020954003719524,49.999522249793166,49.8789854141196,50.31917199699475,50.73270998279008,50.82559191162552,49.80807549337983,50.97857477901065,51.01860442992212,49.31991511323712,49.66090083837676,49.940970895882096,51.00935449743713,50.50553748577752,51.01393034649395,51.29960436522729,52.12475262515751,52.332043186474735,53.12790692146442,53.442664869330194,53.95286194939092,54.17227489610613,54.68868466432564,23.117538610557542,54.40854004997335,52.90384133413073,51.57940055964767,51.318046590794665,47.134989432928165,43.80301710305184,39.75201962257852,41.51859955512512,44.121580320091056,48.500393917493014,51.44468345157147,53.01951892269426,54.06308494921977,54.533917357290264,55.288395997391966,55.248606790056684,54.558190244027315,54.26161407701926,53.03638768856199,51.287739445498545,48.45377139623072,46.41632727920729,45.87082073437497,46.88277407021306,47.000803775376305,49.57209680167021,51.49840848152134,54.37969240013974,56.78942451232622,58.123102709855345,59.32879964703151,59.84276114989389,60.29807718115819,60.1937928104891,59.92173841275883,59.08178760117761,57.99390869549662,56.2181271119951,53.34329074655402,48.87802904683524,40.839324016386264,43.981484200086314,50.68111617027304,54.64361356500804,56.870882007211705,58.4608772333656,59.36515753096841,59.96200286985541,60.283605606370315,59.927801047647115,59.2979174796269,58.36521592491461,22.278867046136735,54.50841623717426,51.698683247075905,50.17655104369537,52.528942748660654,55.773493094916155,58.342680697242784,60.16607187621433,61.491482645145325,62.508979511182254,63.11002835931977,63.40342767636707,63.373817802374376,63.14206512127193,62.38354518400186,61.654378305165984,60.0592529793244,58.20554139447863,55.07758751512122,50.42536136722143,42.069607291557105,47.37041488287037,53.58680887591746,56.90807207381624,59.018597356179555,60.365542445825994,61.212951820392824,20.374264979406238,3.0102999566398125,17.853298350107668,15.314789170422552,16.989700043360187,20.863598306747484,19.294189257142925,19.294189257142925,21.13943352306837,15.051499783199061,13.010299956639813,57.28115057398025,59.17329025154353,60.7216052892785,61.63944546076546,62.56060275957991,62.971496627678036,63.17634884274873,63.028004748757816,62.734573312582256,61.95932845623413,60.80635504570749,59.16403936002746,57.047551897883935,54.22401046496141,50.79069038812408,50.16306122708865,53.17129015112898,56.31737934318308,58.198156136105865,60.06019109462989,61.456950765057705,62.11849095831636,61.9856279633498,62.112084062219154,62.106280082413754,61.295858165861425,35.15476441382376,58.956843698796206,57.55351863678029,55.50156168536969,50.98785583712113,50.86975238258234,53.21923460136361,55.3682348331209,57.392914256713404,58.81348701862616,59.88285095588943,60.89010532730693,61.164118024351694,61.373645571036405,61.060783129979406,60.283638153456224,59.22852562627081,58.268855926929675,55.59107889831506,52.67521370743254,47.715066402054774,43.7520622109933,47.64034085149737,51.75981223848551,54.6472794155655,56.35870619300181,57.536389697508895,11.139433523068368,16.127838567197355,22.50420002308894,11.139433523068368
16.532125137753436,20.170333392987803,15.68201724066995,14.62397997898956,50.94799433170447,53.56966128830739,54.881133818002965,56.64961468665818,57.618872623001224,58.71490038096502,59.20449446664915,59.428336681144025,59.52572092851034,59.25573002430751,58.77804847936747,57.97509210060086,56.986119981641224,55.42277546927697,53.1679618790363,49.9153174686426,45.76675294460542,45.44886228470487,48.4360647192451,52.23153146586924,54.506801087620964,56.16681321750417,57.39326253640243,57.90991988784002,58.130322702350895,58.12523653106672,21.958996524092335,56.52429112465212,54.705986346907416,52.25293770931672,49.857497167655666,45.26765607288962,46.10873000380052,50.76002913646383,53.30999878172427,55.59717552127065,56.803427667065094,57.53641267303408,57.79513520100994,57.61821130128091,57.37806266398987,55.91120282237383,54.243588625903286,52.82977649277956,47.607993116307185,41.15610511674299,42.17431299267857,46.776252000044565,51.209324051784535,53.23905628876878,54.89453617420657,56.46123255944534,56.86926595463667,13.979400086720377,19.294189257142925,17.24275869600789,9.542425094393248,3.0102999566398125,3.0102999566398125,12.30448921378274,10.0,6.020599913279624,18.692317197309762,6.989700043360188,46.8019949175602,48.85299011939668,50.48197006911957,51.00305051328969,51.318527482035265,51.21572974585589,50.88338121582002,50.493575948950294,49.86758302270432,50.889330407719065,48.807793045208435,48.75275462504668,51.33417544426581,51.40272291029186,51.7206556808975,49.925932784772726,50.97895610855275,51.51911996707007,53.11499565460373,53.15285844954545,53.91515543786227,54.41478326962431,54.270980569271956,54.875244005877335,54.80847395006748,53.8180795424293,17.16003343634799,51.89380813892449,51.615476731257274,49.75123786813664,44.20434364509439,42.069607291557105,36.6247450375031,42.73649334723605,47.5350645699097,50.8412208661435,52.334961499739535,53.67961274500403,54.878309964839964,55.45535957813933,55.560623660519965,54.34557727194153,53.79939722801916,54.07594830510745,51.11789935017133,49.26861848498948,47.31596822523534,46.976912979384096,47.5386636850794,48.52998153939215,49.79548374704095,50.97500252231686,51.33248217004145,44.10574796542328,49.37542966032648,52.772148471716704,55.55387105561892,57.42042918342249,58.905244099410055,59.7571205630564,60.24282429444031,60.53456461016648,60.5886692836098,59.98670763954549,59.229049500371715,58.474424746665015,56.76028401302135,54.09095835144698,49.94844849553398,45.556505699740086,47.629784908677436,52.05802325425202,54.986647384731036,57.1721517036464,58.69161287887931,59.36674562507357,60.030057497504075,60.09187774733634,59.66845423654917,22.92256071356476,57.49785769776067,56.093435770904286,53.469726733328436,49.53479411322143,50.52717021620743,53.48283439922021,56.66312952658635,59.122140828763186,60.764511038861755,61.93799179380658,62.85733691254744,63.477284075128175,63.75078430941556,63.691898732022885,63.10001500724324,62.41465042746154,61.44545876364499,59.74622670041616,57.39872845023132,53.85767093626776,48.662223377669555,45.047833876736135,50.54536452654951,55.031980591554856,57.5403167466822,59.431233768874435,12.041199826559248,10.0,22.85557309007774,19.49390006644913,18.633228601204557,20.863598306747484,12.30448921378274,14.14973347970818,22.278867046136735,19.294189257142925,16.901960800285135,54.42989021660999,57.239036918815565,59.09199140746047,60.88961349939719,61.94362242806645,62.851664932048834,63.427094179088584,63.48116303259809,63.43846606509078,62.92226157185922,62.192755905487964,61.03875527492745,59.40980911693057,57.03595707597012,53.371996053735806,48.01575198462586,48.53759033074769,53.26428036295795,56.638902402835704,58.901084602604065,60.4080875891964,61.357256230899296,61.744959193753,62.78541887941603,62.36875697906295,62.04754945368042,39.302356527662845,60.12098718181213,58.097603190815406,56.25601541333057,54.05687786672778,50.956748619335585,51.571181463718304,53.93541862211404,56.93463127219531,58.53816197329969,59.71432648991562,60.56072418226829,61.01115788876061,61.105375244936866,60.88414656861524,60.09953740260628,59.0018408549506,57.452762699770716,55.07074247928821,51.96654171081736,46.85069629391148,44.94836124034309,48.52827534112783,52.55651141297953,55.20009021414581,57.1980344979416,58.146557206501896,15.051499783199061,15.68201724066995,15.314789170422552,9.030899869919436
15.314789170422552,9.030899869919436,18.325089127062363,18.633228601204557,50.96064922841193,53.59000227374686,55.575865947475464,56.98731076659836,57.84107107113015,58.554131433793955,58.90556260630012,59.033776118209964,59.0556113606835,58.75871190727366,58.23667857863096,57.45245039138324,56.577182682918156,54.959617810731785,52.81237960427838,48.61426869337884,44.925508717041744,44.13702012781114,49.66803234338218,52.15658709334467,54.563979207140235,56.12700167524858,56.71617095910658,57.625112643758996,57.8053044584734,57.191397905242106,3.0102999566398125,55.27529370039166,54.53234225576167,52.15671924998772,47.19173785237292,47.42017747140138,48.71316018745736,51.32112337499659,54.108143365635115,55.61637954564607,56.666985870369714,57.3837619112041,57.795806197408986,57.718078789991054,57.17287622663004,55.480821705205955,54.05750921163428,51.79074724447047,48.6118181419547,45.700055767617876,46.29817196018516,49.763408069004655,51.509773674219986,53.542352499936456,55.235604865437494,56.20177711918963,56.52611807040664,13.010299956639813,16.532125137753436,14.14973347970818,6.989700043360188,15.314789170422552,13.010299956639813,12.30448921378274,13.979400086720377,18.129133566428553,19.86771734266245,16.127838567197355,49.34023497660008,50.44966789537294,51.33618734577942,52.04187835867828,51.95492829511201,52.1916522183034,51.96993691174244,51.59819756459746,51.167737269759,48.72738827472669,50.23174238417787,49.660572131565985,47.97073554203791,49.02851059315761,50.01595270193259,50.85451134018093,51.83964159549159,52.64690348313841,53.84878265181695,54.484976229540855,54.74176913464669,55.011702191876836,55.402656400750175,54.70917410981235,54.436274853189566,54.8383967066475,13.010299956639813,52.82542813479793,49.521189340813706,46.701716083552654,44.61633566267848,38.56910060300786,42.97760511099134,46.00428325732131,49.408002773438696,51.227923696599696,52.70259475526625,53.690023696239365,53.65864085745134,53.79104190560546,53.536239113983385,53.50608488220645,52.60226465466424,50.099095948071025,49.44665234862178,46.98570269506439,46.20177711918963,47.10971568222072,50.505344195401236,51.38473223970844,52.469734845098095,52.361365382577276,52.754495695162674,44.46164222025476,46.66789329818256,50.60641189552578,53.72228740125709,55.88977212260553,57.55827614054255,58.81238535756242,59.70817184669673,60.21639904258428,60.313377593947166,60.27630483030095,59.82946126772689,58.82142441218826,57.40457434318508,55.457646786429336,52.54741376091537,47.38161961758311,39.040118835973885,47.49527618618067,52.48593594334202,55.62216707514186,57.59365621655928,58.968705404140394,59.784129004862564,60.23375938139562,60.44319029404732,11.139433523068368,59.561530569472666,58.234024929261395,56.66084405696256,54.563979207140235,52.249213455840305,52.06615421510249,54.26576319335172,56.8307947395983,58.79637692356156,60.274808957436534,61.539276138887686,62.371142579278015,62.79953565919108,62.99069951252513,62.784984351432136,62.393935869272205,61.362273471049214,60.231293577809296,58.346609934378776,55.507870711917406,50.91519237186418,42.01533673443382,47.33397909361422,53.340776018770896,56.595378094473865,59.04521881402054,15.314789170422552,20.0,17.16003343634799,6.989700043360188,20.170333392987803,21.5836249209525,22.55272505103306,19.030899869919434,9.030899869919436,16.901960800285135,17.634279935629372,51.850602825213926,55.0923479069132,57.514861915091814,59.73676842784458,61.048754809437014,62.3600540384301,63.04946986374814,63.3506957016363,63.48784853394928,63.07288040213035,62.56841331583082,61.571257077749635,60.17027075390888,58.105692009784335,55.11725650042342,49.83175072037813,45.90908678454397,50.91631790626808,55.92047893880895,58.534603187022725,60.08738527864806,61.492391328615305,61.88367333366383,62.654397875118846,62.40186935531053,62.40586436275323,22.14843848047698,60.352599899363454,58.55894533949915,56.65342673377538,52.423674769114385,50.652995548551246,49.852692552788476,53.96973062100696,56.90063112384906,59.18089077959447,60.21091675243488,61.217915374027626,61.659873044999436,61.76728046749726,61.62965958157338,60.67987228681022,59.81176880955411,58.23663295217094,55.917778230258264,52.469833215829304,47.187507347396654,42.983289880734944,48.98044692737439,52.86530567447735,55.413607938019744,56.93566036748421,58.12662729830916,22.30448921378274,18.129133566428553,19.49390006644913,13.979400086720377
14.14973347970818,6.020599913279624,14.62397997898956,18.129133566428553,51.25318578123526,54.198318825911464,55.80337540093091,57.5001828359806,58.28053781174085,59.17886072509567,59.42542278777079,59.56680250355116,59.33175881234081,59.35557645093014,58.32044991783974,57.257303663234225,56.71121909672033,54.97406556813837,52.70166229260694,47.53682621170414,44.361308294297004,46.15844882874703,50.189084443163274,52.80179856690861,54.755912940312356,56.26391699386438,56.762362167633114,57.60218860156887,57.724214656185175,56.8575696102866,18.129133566428553,54.616560687669356,54.215924113331724,52.05780694116835,47.61100538958142,47.89756932285287,48.95560658453326,51.43764014612251,53.761716697923696,55.62837473178064,56.555465950643494,57.137735403097054,57.642067785960414,57.51040330397018,57.134787825425484,55.22607226370647,53.57038666819455,52.53221660864482,47.87460474518415,43.28481538536472,43.739596698754674,47.27061153281322,49.64561315256975,52.043913319192995,54.08663874063811,55.69239269163173,56.25749612747253,13.010299956639813,15.314789170422552,3.0102999566398125,11.139433523068368,13.979400086720377,14.62397997898956,13.979400086720377,15.563025007672874,12.552725051033061,11.139433523068368,12.041199826559248,47.202006628157214,48.680857845717334,50.529592844038696,51.18201876186626,51.287933155449686,51.61038412422962,51.75966743456114,51.79589129694075,51.57967224935142,50.14692710367917,51.03930229267298,50.388465876852536,49.79074671736063,50.264719768761026,50.5996080291494,49.84040991371427,50.65658127117224,51.27163132511663,53.363576526423095,53.909103904539286,54.461953130146355,54.852244001257986,55.031094366713695,55.26923114259639,55.18684991893028,55.270547565852446,13.979400086720377,53.8043737786975,51.88391256823679,50.19220176222453,47.518946880437475,43.46900388113341,40.357498373196606,42.720505749886115,47.30208757588545,49.87782418697856,51.762302110587555,53.40422300414176,54.201604626512605,54.59454310003787,54.666437453685084,54.43594646121109,53.93408472376638,52.379707854163364,51.19968128694801,49.03768042526874,46.51636546674227,45.24902179460859,48.27969890086004,49.79389013112218,51.26030699034783,51.31159750545375,52.050581304659225,45.80080643863007,50.1646922544315,53.80480782541143,56.29667448607853,57.84374761667443,59.14390233993991,59.91835875440155,60.44709055203674,60.669014965586065,60.54618033212887,60.14055334185228,59.309475037516535,58.004428089457214,56.07457167873481,53.27254691200991,48.64843201178726,42.393995931157875,45.923100242557794,51.97429433570797,55.0703100832946,57.17408349639986,58.62921100682098,59.32466154309972,59.89200560793263,59.983918739439034,59.82714349187772,16.127838567197355,58.02284441029725,56.35493799811566,54.590817354169374,52.49638545540417,52.843901225916305,54.78012091775799,57.043710412407115,59.06616218406058,60.4838003455812,61.483536660820555,62.39090416773622,62.96853124527676,63.10153772599067,63.1044901936741,62.53775956543696,61.91885650323033,60.7158305094213,59.16696033140703,56.74457876873811,53.198656703279816,47.18277425409748,43.89254706848648,50.558559455019925,55.27498432793106,57.613458847953666,59.56154017808717,24.377505628203878,24.62397997898956,19.030899869919434,14.62397997898956,9.030899869919436,16.901960800285135,16.532125137753436,23.59835482339888,14.14973347970818,21.072099696478684,15.314789170422552,53.61433171123516,56.09743772302985,57.872393743994934,59.94247624786161,61.080729505385555,62.23972287323872,62.78816911901846,63.020190599773784,62.93713605632241,62.5757418768424,61.87250189575845,60.80295229113624,59.33126744675927,57.05755980212815,53.72562218285499,47.917327433756974,48.46862649168869,52.824702984995255,56.50223959555219,58.74832474711589,60.57380409999379,61.532540339257366,62.147953844350816,62.667933753121964,62.71809091293953,62.198359146628746,26.19093330626743,60.3777777577585,58.64433352003017,56.17009782202668,52.771643790224154,49.49390006644913,48.267031026939975,52.74531920596871,55.829322190687485,58.49717236441859,59.79248270973338,60.64485318967999,61.43617395204039,61.5258949351395,61.44453397790856,60.407051663421356,59.531510599468945,58.36275998783863,55.74305655142989,52.342793180890546,46.52990484294446,41.6010822041095,47.887338588277075,51.98043694050163,55.11535786344954,57.09576064614016,58.19544593563313,19.49390006644913,15.68201724066995,26.522463410033232,18.325089127062363
13.979400086720377,9.542425094393248,17.853298350107668,20.827853703164504,49.255183581774304,52.807718022900644,54.80868923687168,56.806482016484026,58.022762245606586,58.993372588261686,59.492269936316184,59.762380661125206,59.79144848812461,59.7603893664353,59.005855866499616,58.21972471995146,57.54449251576198,55.78998872258658,53.30951235212255,48.21185882608845,42.52270345988322,43.34554270647249,49.102614519790386,52.56777860100623,55.2553198062993,56.75038311433789,57.47947547421976,58.57267950649535,58.58982091384046,57.904273246943454,18.129133566428553,56.00258280051817,55.374992358689006,52.9709488528822,47.180031682670176,45.25951341248012,44.65739659203861,49.17074677453965,52.66852345861318,55.014604909629796,56.27854163263844,57.16341460568215,57.63275963887526,57.67115033057513,57.39926596883854,55.69590417576851,54.33753837516757,53.29702897153215,49.24305136154559,45.640028744693495,44.486599514709305,46.889979031063135,48.67549978297747,51.650899356437705,53.73016883463728,55.534570150785086,55.99871068793991,10.0,12.552725051033061,18.325089127062363,14.62397997898956,9.542425094393248,0.0,6.989700043360188,15.563025007672874,16.127838567197355,6.989700043360188,13.979400086720377,46.2131132843788,47.92055331292281,50.052234248581364,50.79651477073845,51.0407720615511,51.12068504268197,51.25936466966094,51.45662470707546,51.4983777244485,50.05785185452375,51.588718860679265,50.9623198461653,50.38111266530205,50.14692710367917,50.763527602770566,49.85359101564537,50.09930819142923,50.27634965777544,52.54821086864233,52.67127122895361,53.62906383503136,54.07990513650552,54.19197135107055,54.5645257969888,54.71071573613031,54.94694342638429,10.0,54.09774247265422,52.46311429475588,51.0948742661551,49.389048156294315,45.27127013839176,41.82671386675479,41.53052275067108,46.21685084798319,48.61283439206325,51.24764984062712,53.242515801849216,54.291836117307064,55.067282105322725,55.283226727561214,55.50778518564257,55.19151752580921,54.08392620133361,53.408405498123315,51.9489435668632,49.515754897115585,46.5579130721557,47.07178282743617,48.005521250050066,49.674590490637655,49.651169982845936,50.84089881797294,48.81829566377358,52.72537777375238,55.470124836854964,57.452692432341614,58.78912255172237,59.74844079417761,60.34768386780152,60.666393244099616,60.56156382124615,60.126120078202774,59.50182724110459,58.207897565479755,56.48349275479029,53.88474207630949,50.05952286887383,44.333056987081235,46.17430226689926,51.225860998721224,55.03785237324206,57.02547711211424,58.582874966999924,59.38944305602888,59.90879388082557,60.070894383158375,59.72751147713963,59.147645515208595,16.901960800285135,56.10994270979842,53.49875606293132,50.58201986134182,49.42984736972307,53.409396020380775,56.71939819915557,58.977908828754984,60.74950948743768,61.89782178281524,62.743061308922364,63.386739848128386,63.670465857601215,63.62293183652709,63.32278650546458,62.595938788859485,61.74283151600045,60.12454202076626,58.13639691074421,55.10358652534485,50.09705788390519,42.57678574869185,48.52723910791206,53.758921298735,56.87462072930203,58.717369324669775,60.209265748610285,20.863598306747484,16.532125137753436,17.634279935629372,13.010299956639813,18.129133566428553,19.030899869919434,12.041199826559248,15.051499783199061,10.0,19.030899869919434,22.14843848047698,56.10057267659389,58.406135207889506,59.89703378729001,61.334833406684936,62.21694026364055,63.00387851065744,63.37545712230728,63.44483642776295,63.12909240958024,62.56213421576416,61.73256799103977,60.314670395569834,58.62079475634768,55.80638771377608,51.995824121346494,46.44684718395879,50.03464840565138,54.17639399796158,57.09734543208734,59.481257865474404,60.536534068235156,61.91251148305183,62.49055689631745,62.332522939596025,62.47313717787611,62.12296297640842,32.21674997070769,59.85847091355143,58.56717413742849,57.53865603055299,53.75943300958664,50.15602825212145,50.93004702438131,54.23183593281438,56.49188770977882,58.66145505483358,59.697387173302594,60.657309259465706,61.20632491210437,61.38277429388599,61.20973824381801,60.10863240961033,59.25698245862556,58.104610339076984,55.67422817239163,52.205813680229795,46.650178254124725,42.71027994262323,48.22298871262366,52.134274356024115,55.092899102608584,57.10125830808679,58.194820770741174,3.0102999566398125,13.979400086720377,24.60897842756548,21.613680022349747
12.041199826559248,18.325089127062363,19.138138523837167,16.989700043360187,49.36035956891423,52.39261930430363,55.178251029308726,56.525673487700644,57.859061385829236,58.56014344499673,59.247298912503716,59.49804096826696,59.64318098047913,59.55676688408416,59.1144526685177,58.40247907359828,57.1174819471113,55.7419916246983,52.989687273791844,49.196741839602815,43.47778717065364,42.37065952555404,49.32377356837614,52.791785444282795,55.25673107030016,57.04461106548124,57.96366154977521,58.73070534349692,58.910047161240215,58.50453240598161,16.020599913279625,57.103822632024574,56.114853896375706,53.58424105000456,49.89992346758986,47.077830133881086,46.45422269349091,48.96222987333409,52.86353160944686,54.74386742203989,56.36468839133501,57.330149997905764,57.917643114650794,57.93019561462035,57.51771641015894,56.93828917032921,55.4891124073465,53.71573936183995,51.7813054305796,48.209957347247595,45.602056229700594,46.890601121239534,48.83468372477887,52.345906720667145,54.19235179966997,55.230242095678676,55.84007644941937,14.62397997898956,0.0,0.0,6.020599913279624,13.979400086720377,15.051499783199061,14.62397997898956,14.62397997898956,6.020599913279624,6.989700043360188,16.127838567197355,47.24316838845846,48.58085826163788,49.585113251540236,50.329892437129324,50.939886995807385,51.134419539653216,51.29448192268063,50.90173373128259,50.86338471404504,49.26779608411234,50.586878888437,50.019499410842684,47.08454894458389,47.37868216450551,47.94348603896083,50.22560330465442,50.44131927930992,51.32471020375096,51.50415622861661,52.649735746199156,53.029561569070786,53.48515143092284,54.37047832337679,54.338034244641804,54.41977767006644,54.80916283027842,16.901960800285135,54.0643968498626,51.924141130694714,50.089789497591596,49.78792025865823,43.83114905342069,38.94869656745252,40.67331280208168,45.24954049453683,47.651393317839464,50.6850126027733,52.600188876767405,53.560143778921116,54.412173846317984,54.48867025492065,55.212636446788146,54.82029890469332,53.230643123198284,53.05132016847225,51.44029051728238,49.15304839396136,45.976074408030996,45.811073182759266,47.90285164033242,49.26064491559185,50.27907918647246,50.67323841684554,49.545222979610415,52.650679423575184,55.58133529622883,57.20513212571632,58.73523457743887,59.46661501308931,60.12115612362,60.33147005657689,60.26675826986509,59.68686505566997,58.9377562819935,57.63290944544259,55.44917190014527,52.45339902695324,47.41828916607694,42.52488944484988,47.57099817926543,52.33062138451723,55.51003274532478,57.6341900806691,58.92001609172898,59.913146981766104,60.53362755636154,60.56035774347195,60.3196602310511,59.78271841610635,9.542425094393248,57.26502262830962,55.14521189494316,52.36741261440451,51.28722284338427,53.051148080353954,55.93828596112751,58.362658682260246,60.16950648439096,61.51583726684735,62.51066083506484,63.077633783229494,63.327908024707725,63.31923060756183,62.91180526537593,62.51774934781051,61.416858274644156,60.04510530179327,57.96088428680669,54.994190017179356,50.199051998046144,43.47642204732427,48.57917193837984,53.9889267371051,57.120061999556654,59.083911796866026,60.380384616424855,19.294189257142925,6.989700043360188,20.043213737826427,20.644579892269185,11.139433523068368,19.084850188786497,19.138138523837167,22.14843848047698,22.14843848047698,18.692317197309762,26.283889300503116,55.4153181839654,57.827033266140866,59.9424894503952,61.27169613599896,62.46405015216877,63.0878331962957,63.4391349989433,63.576059539538356,63.35059731961519,62.79047221889172,61.97084185055654,60.62672217862791,58.437782631678836,55.887444101947146,51.77767292804646,45.406297475490234,49.08828029643368,53.95118371251915,57.10199475409127,59.55339886880687,60.55611472688576,61.625166135789954,62.11682143294897,62.50074625298492,62.47461134979172,61.52089196118667,31.18264726089479,59.79266037059511,58.693074212249776,56.942541120252784,53.54834218705054,52.295820224511104,52.73380968940671,55.49655440636751,57.70702559184312,59.02656018629099,60.31688342492149,61.00947153409913,61.324012285299986,61.36476088834668,60.98631267788696,60.5297273948571,59.31427357124214,57.82036677640026,55.45219258838286,52.04906428902569,46.170527889782065,40.20775488193558,48.353861416778194,52.98787599944235,55.34660575828444,56.75856214504181,57.9070728732768,17.853298350107668,18.633228601204557,24.62397997898956,18.325089127062363
14.14973347970818,12.041199826559248,15.051499783199061,18.325089127062363,50.690017170456,53.391333059698795,55.07990724819691,56.58782896122436,57.93244031067176,58.748880901367514,59.341736189197604,59.450552671219285,59.48000483642355,59.59488342397301,58.789455428428774,58.02490486626961,57.550405141037714,56.12048110997071,53.80587467255059,48.91660090916463,42.24507164727078,42.24507164727078,46.87511125346055,51.68526946192689,54.29521348314709,56.27178372993271,57.564854861445056,58.313225640249236,58.591070606068094,58.12978829952264,14.14973347970818,56.71672595620886,56.030371395479534,54.08872285400405,50.06936451364293,47.56864224060549,46.838751919602416,49.68618352604672,52.90179352067709,55.36928192927509,56.887845473702214,57.66872182865975,58.253254848170755,58.406135207889506,58.22298871262366,56.55661770900308,55.27127013839176,54.818394754216435,50.1546454355833,45.91954555046735,43.39511065746308,45.93828596112751,49.20566790076282,51.983766290933815,54.31275287752734,56.303403970692344,57.035458603106555,13.979400086720377,9.542425094393248,13.010299956639813,13.979400086720377,13.010299956639813,11.139433523068368,18.129133566428553,15.051499783199061,16.127838567197355,13.979400086720377,15.68201724066995,45.147734739975085,47.29035130195791,49.9915229898292,50.56100280774327,50.98498359911923,50.74501938535186,50.79069038812408,50.640422153767304,50.379759908900226,49.007930200091806,49.17705018620627,48.6914367814229,49.28201195546029,49.96971115743537,49.94022242731556,48.82848857005024,49.531215493603455,49.78404228285004,52.387409202673695,52.69012984405598,53.30505087354763,54.00406731464801,53.792148413786265,54.587194131990714,54.68886171118963,54.339057796102125,12.552725051033061,53.43120938495406,52.64895705796902,51.33299341673748,48.58789760795765,46.25250698540985,42.05204363948145,36.88152755591566,42.549345890774404,47.27191403365907,49.86740392296436,52.09927666277578,53.40563083333371,54.198962972673435,54.515853551394464,54.4738132537651,54.12428625192355,53.7378156105519,52.032940382444096,50.11337799051992,47.74786947269548,45.25731356850706,46.60837029835345,47.99705754706884,49.05039928076212,49.68375529108147,50.713001046899116,49.44058040473109,52.99169406905682,55.52505173016546,57.411649979303704,58.73553093513618,59.53411730320764,60.04022855002123,60.19373881579534,59.974859898171225,59.55177647812878,58.57045888159247,57.150702792537196,55.199985291188476,51.75917506510093,45.83901240999187,34.62397997898956,47.79957051246906,52.730475943379965,55.83019576355761,57.74254119794893,59.05770523303836,59.94108095391024,60.27013868306965,60.46412823972746,60.243608619393534,59.50474387937133,19.86771734266245,56.913936120202166,54.991507552345176,52.70317744277722,51.39249217571607,53.85042934063506,56.428304001510625,58.55174975715585,60.25575371972842,61.38245841348851,62.21192208361441,62.76156541850548,63.1194448508462,63.0678539603279,62.756653272885394,61.884784959139346,60.822603104580715,59.26861848498948,56.99842060121885,53.57038666819455,47.818702142067586,43.405432575141944,50.94460646749701,55.37572295342499,58.08964761520082,59.60515013383023,60.90820754031728,15.563025007672874,0.0,12.30448921378274,13.979400086720377,16.989700043360187,10.0,21.13943352306837,18.129133566428553,14.62397997898956,13.979400086720377,17.634279935629372,55.43125223087722,57.9359833100617,59.464699508535766,61.17171164316873,62.1254901080378,62.92699003043929,63.34119255830576,63.347291191292065,63.128646568771856,62.64866206384312,61.55035875755212,60.10403852559073,58.62646500115467,55.89962998378152,52.3092127899,48.59282437515536,51.45662470707546,55.459463331329744,57.738595523766875,59.69610183058414,61.01676976458673,61.64805951395121,62.055037181707874,62.68173908824515,62.61186711850206,61.74872367515409,33.679147387937526,59.431718904036686,58.21522043899365,55.507870711917406,52.691882694830234,50.15967175025231,51.78600011730388,55.0953181587508,57.41215437812982,59.34629729731883,60.172341540618255,60.980938482615386,61.52314034282715,61.69017206180287,61.4083599692293,60.48156194053809,59.49433433921776,58.460301517335516,55.7731023139001,52.679621289344176,48.246789303086715,44.03274985811686,46.63182477305838,51.23489033335392,54.19031683915526,56.46200746611828,57.42996774887515,22.50420002308894,20.0,11.139433523068368,19.86771734266245
9.542425094393248,3.0102999566398125,16.020599913279625,21.5836249209525,51.392303073856674,53.58045311371591,55.28974516700273,56.752034832394216,57.94610719266126,58.78674001680523,59.2453771777549,59.38251961141863,59.415238550677756,59.614286882205,58.54330337316284,57.941491229233996,57.41614809370252,55.953914935246225,53.84708161113352,49.42271031757259,45.11736344119204,43.27501972540084,46.70996866872022,51.323781755482926,53.90286712449381,55.83793678606179,57.094684017823916,57.8051316863202,58.08948579270967,57.60727739426808,18.573324964312683,56.050312357788926,55.26724284526807,53.219814016600175,50.10469569796392,47.707121315728536,47.5373622217501,50.84737097962795,53.188977146274866,55.71388523416352,56.75360338290525,57.392019683155475,57.8994716973751,57.885960890534164,57.513907433563354,55.850646077082615,54.229327412809376,53.404917061482486,48.04657277020394,42.92699003043929,44.64265934034075,47.724390677510364,50.79427276551975,53.35919030990713,55.19335689379261,56.868229936150115,57.28246615769126,17.634279935629372,19.54242509439325,16.901960800285135,10.0,13.979400086720377,6.989700043360188,18.129133566428553,18.129133566428553,3.0102999566398125,9.542425094393248,16.127838567197355,45.3356871319458,47.71477239864823,50.564360174790686,51.13281384161362,51.850375929986726,51.79876241874662,51.75911713561202,51.76901186391347,51.20590381442852,50.63051745747089,50.202286533958286,49.53943225697774,50.812788812268046,50.916986054331225,51.50120646373129,49.73723444890207,50.485699753140246,51.464412351639474,53.45922379138341,53.71040140462611,54.504831330603764,54.82990713034496,54.70053087490548,54.987019317754225,54.68093179017466,54.25618984421945,12.041199826559248,52.60226465466424,51.19681394958262,49.128647830556325,44.7111561002987,39.812294874200006,37.005306569785915,42.92610452838321,48.02157753186962,50.707100405962834,52.43692719248691,53.922501210498474,54.6877993217257,55.29840840675337,55.287650562055084,54.30676391801643,53.75147640021399,53.39023893102403,51.031774752438125,49.019212493762616,46.61291977065603,46.26596966780973,47.75107788084082,49.455916670320065,50.12406933582598,50.76833339698628,51.29187005167139,43.276653870500425,49.15827059432076,53.23920049018057,55.78034902675558,57.852529367211346,59.07293633815154,60.05988697898939,60.549809383786595,60.83299041376044,60.96193009283311,60.39907625550961,59.57274375961628,58.63221116208333,56.904273467267814,54.39067298308611,49.6864169386446,42.208400158341774,44.733555669828604,50.980515744477124,54.752075966998596,56.95740774925455,58.456566796071314,59.418616090521866,59.98008543807749,60.02487882180105,59.654510076515606,18.129133566428553,57.51299124189493,55.84557360525675,53.18549556020933,49.27914173903338,50.41980558713719,53.79185820940637,56.78454641420398,59.235517507741875,60.83283625740531,62.01686830467166,62.862931856488274,63.45884192129928,63.616343582327566,63.533554580486935,63.07994869071403,62.23230298915326,61.17799090164539,59.38350077035251,56.98849253684932,52.98138849758211,45.296869537729165,41.902196077110546,51.6145185790085,55.75421100057143,58.14435394146382,59.87827084954738,21.702617153949575,20.0,18.325089127062363,10.0,9.030899869919436,15.68201724066995,6.020599913279624,19.030899869919434,14.14973347970818,13.979400086720377,15.68201724066995,54.00201129463278,56.80049818709659,58.93910384033603,60.67671828118474,61.91663638148305,62.74126662103991,63.23985963566756,63.35129799195316,63.247804762462934,62.83493451943532,61.94853874584648,60.631876938527114,59.02962394246782,56.5011413645341,52.656030912416824,47.528778112296294,50.18142712840333,54.79483172968039,57.48927249196881,59.61421568704967,61.22387595496653,61.82586110689356,63.08530693073724,63.00118976723341,62.58217868780403,61.88485249177202,18.129133566428553,59.84117578175557,58.54779559364148,55.33742833372503,52.59146932435031,49.79789582420322,49.49633923799262,54.27247473706596,57.18522448145589,59.070263450505294,60.128852895899186,60.847524620932774,61.345417363204085,61.49206792069784,61.130477829206185,60.34998832444316,59.19233468748495,58.08802237389345,55.23258586795564,52.17062605852551,47.43149009409141,46.25281575848903,48.44427468239401,52.56491642383412,55.05914748588261,57.18043902247964,57.9399840521015,14.62397997898956,23.873898263387293,16.020599913279625,11.139433523068368
20.969100130080562,18.129133566428553,15.68201724066995,13.010299956639813,25.158738437116792,22.55272505103306,27.16837723299524,25.865873046717546,25.158738437116792,9.030899869919436,30.507663112330423,23.673559210260187,22.85557309007774,24.62397997898956,34.77844476338758,25.31478917042255,23.873898263387293,30.6333335895175,31.40193678578631,28.356905714924252,28.94869656745253,29.73589623427257,34.583356259919476,28.88179493918325,20.863598306747484,25.118833609788744,35.76341350205793,28.356905714924252,27.331972651065698,28.524799936368566,6.989700043360188,23.443922736851107,21.958996524092335,15.051499783199061,27.671558660821805,20.5307844348342,24.14973347970818,14.14973347970818,24.232458739368077,16.127838567197355,16.020599913279625,19.912260756924947,20.253058652647702,22.09515014542631,19.084850188786497,15.68201724066995,26.884198220027105,27.032913781186615,12.30448921378274,20.043213737826427,25.477747053878225,14.62397997898956,21.613680022349747,19.294189257142925,29.24795995797912,15.68201724066995,20.253058652647702,16.989700043360187,0.0,17.853298350107668,17.24275869600789,11.139433523068368,12.30448921378274,14.14973347970818,9.030899869919436,19.294189257142925,13.010299956639813,21.702617153949575,37.97198269838959,34.84157424365381,35.640739789771466,30.68927611682072,31.007150865730818,22.944662261615928,29.661417327390325,20.644579892269185,34.063698354692676,34.26348573787508,39.42999593366041,36.617180576946595,39.12593997752106,35.88943642740015,38.432327780980096,38.50155922422092,35.01059262217752,38.80012838366772,33.18063334962761,37.685641095135736,30.629578340845104,32.14048679411941,33.473300153169504,24.29752280002408,26.78518379040114,30.15778756389041,13.979400086720377,32.41795431295199,33.44392273685111,34.51018452155458,32.265999052073575,37.44840396785379,33.820170425748685,34.80868923687168,32.043913319192995,30.11993114659257,27.730546933642625,26.283889300503116,23.673559210260187,28.573324964312686,29.79548374704095,31.296898921993012,36.17105230502378,32.265999052073575,36.363875858131564,35.30583859645118,37.773543130842086,36.53019451099613,31.670217957902565,36.14053105987219,28.603380065709935,30.141003215196207,26.19093330626743,56.989508949584064,59.31330207998829,61.22969421595072,62.737404488342754,63.87908178400839,64.55633036483988,65.06813528951466,65.17013429540098,64.95634517132993,64.34139826341324,63.313965202502196,61.71897505668372,59.316053227035475,55.3625786739925,47.89672355550849,46.3202176705472,54.76276454646299,58.981462849806434,61.55722782115528,63.0830076908847,64.28000595748205,64.88191005583697,65.05467440101975,64.86310446795025,64.24751655374406,63.23602076808503,28.325089127062363,59.5868330972675,56.83812235741294,54.80847395006748,56.517992422323296,59.67901632430515,62.37761082317256,64.21854725305249,65.79969274953703,66.81263042030317,67.53074552510797,67.9209101162718,67.98493815419893,67.80113369124861,67.30894951586899,66.4949394104871,65.25346763575422,63.462848905197305,60.75361525509444,56.33650215229622,46.57457437356336,47.71175771563677,56.89246685729236,61.037722591137545,63.51166819403125,65.14431128270222,66.10849380586616,66.38318700485706,66.20144907408945,22.576785748691847,14.14973347970818,9.542425094393248,15.051499783199061,12.552725051033061,24.62397997898956,20.0,18.633228601204557,16.989700043360187,24.84299839346786,13.979400086720377,21.73186268412274,19.294189257142925,20.374264979406238,16.901960800285135,24.74216264076255,10.0,23.443922736851107,23.69215857410143,32.27886704613673,26.283889300503116,20.827853703164504,23.979400086720375,16.989700043360187,21.64352855784437,22.30448921378274,20.374264979406238,16.989700043360187,16.127838567197355,34.545399849648184,30.366288953621613,30.374264979406238,34.82015576450712,21.702617153949575,24.16640507338281,35.224442335063195,40.3734680356809,35.79440597139797,28.94869656745253,31.658376246901284,33.44392273685111,19.86771734266245,28.65103974641128,29.24795995797912,26.127838567197355,18.129133566428553,15.563025007672874,26.55138434811382,16.989700043360187,22.87801729930226,20.969100130080562,23.010299956639813,17.853298350107668,18.129133566428553,16.020599913279625,16.989700043360187,11.139433523068368,19.030899869919434,13.010299956639813,23.654879848908998,9.542425094393248,16.989700043360187,10.0,14.14973347970818,21.613680022349747,13.010299956639813
19.294189257142925,12.30448921378274,18.129133566428553,21.613680022349747,49.14427786043936,52.42606021072093,55.00834521759268,56.57477506836975,57.72914055855907,58.6542380094089,59.187200443099464,59.50645205148814,59.42826237142525,58.840314213024314,58.58645456937789,57.67379266116762,55.80464219612966,53.8319937972461,51.18595365223762,49.33132823726734,46.280413554163914,47.11174300366761,49.70909141996384,52.74988681770685,54.463258708689025,55.73434426714539,56.74975896844148,56.76833475638667,56.67267053749776,57.09142707622797,21.335389083702175,55.16775920951949,51.8413472305636,48.63447776182979,47.77716738609626,43.69549801664892,48.38194008143393,51.90659396792383,53.97331570391128,55.423298744161784,56.64578988888611,57.1835219276371,57.20923815620435,56.891818382783335,56.344611475605184,55.800954908933534,54.22826126300131,51.19018216331861,48.10071140220798,41.47676324241098,36.652056284346,45.40892316015469,51.25351120514752,53.325596414674045,54.71621708148321,55.37069447824146,56.17797912902429,18.129133566428553,9.030899869919436,16.127838567197355,19.138138523837167,16.020599913279625,15.314789170422552,12.30448921378274,12.30448921378274,11.139433523068368,17.16003343634799,13.979400086720377,48.569583595175516,49.75643159678416,50.384810700823266,51.18595365223762,52.04903719464446,51.981207595705364,51.629286548775475,51.457711471831104,51.05554463518662,52.201917993899485,49.70309675966085,49.54174947264946,51.4694621979845,51.11242344716351,50.60474971226361,50.69438681490964,51.44543074272788,52.19112780306168,52.47150517744046,53.291211446092845,54.3404008414095,54.91693592115802,55.19717766083154,55.81249720182227,55.778593010073706,54.936601635083676,17.634279935629372,53.0425349686627,53.056307759969656,51.25562586641175,46.4017324689147,43.7101241688384,37.38225448142505,42.17904874202665,46.7655644233987,50.50959459771651,52.423625058478834,53.71677294808662,54.79236897938166,55.43541608672453,55.56573850030662,54.53321398448112,53.80473548730487,53.700317127095815,51.06928265476111,48.96619900356518,47.2424309142183,47.34839818031571,46.7886422013453,48.626679502285874,50.4659270380326,51.85054610251843,52.12722815527839,44.137187650610784,49.35114106832803,52.678965124404236,55.39389782072505,57.42980292691594,58.970247085835325,59.88587938602875,60.472768148887006,60.68267887401675,60.831527500499746,60.31605972823219,59.5680211475213,58.726666331135135,57.0746457009089,54.79627128765085,50.637535616692574,46.602012013806814,46.74989665539449,51.212708749474096,54.64037729691097,56.92149550477312,58.4319040583768,59.29781027408947,60.09047009660279,60.12456734172197,59.68261074813715,0.0,57.560675787010204,56.1512589829703,53.56226695860006,49.261417191460154,49.356332030394285,53.042362532073774,56.418269553389884,59.009507122358286,60.93332365419055,62.03773766276741,62.95286642101438,63.536354540576916,63.84018109048047,63.79321837487112,63.219944374375785,62.57880318975512,61.65428335380224,59.90158527416802,57.78490591295196,54.44895367096669,48.827123311336315,40.90963076595732,49.22439985497939,54.33483409062606,57.464450295023504,59.36039479339768,12.041199826559248,20.0,19.084850188786497,22.278867046136735,13.979400086720377,13.010299956639813,16.532125137753436,16.127838567197355,18.573324964312683,6.989700043360188,21.13943352306837,53.702539529610334,56.739281966833595,59.1837899610463,60.94128589254172,62.07270732523273,62.91702658176291,63.39873604829539,63.67480040680556,63.571516492358136,63.06492150349891,62.397523109831646,61.19361809892772,59.30770796393918,56.546327447233644,52.57738556152603,47.64063993693171,47.6696280340645,53.040271193465315,56.8263687783336,59.19497010605262,60.80291980237025,61.56854927501848,62.361365382577276,62.738699182395834,62.83129739007635,62.43893386394486,32.67875419318897,60.440648341849965,58.36954840572956,56.9744556408962,54.65883785863415,49.691595470402,51.27509734974008,54.51657509193359,56.77220842972264,58.72951265433966,59.91015524785571,60.96381937429903,61.075660807988015,61.2109904413723,61.05475099171096,60.60435296085569,59.65822350197337,57.644824971755,55.90223042598267,52.628543454161935,47.31830420288162,41.854004831904525,48.30774663415485,52.85937431555815,55.50870145094763,57.4238101493126,58.60281694394403,13.979400086720377,13.979400086720377,18.692317197309762,3.0102999566398125
13.979400086720377,22.30448921378274,17.24275869600789,20.043213737826427,48.25257300857636,52.1375409762435,55.267436550611265,56.89970010805632,58.194820770741174,58.93767308567632,59.60948571517716,59.91159596959518,60.00462277504127,59.438964726755394,59.45606926757045,58.50845266729558,56.37353615904797,54.43339666921836,51.34524531706259,48.78107984624826,42.02188512266052,43.212669395747895,50.85836225908164,53.73105184238476,55.959644342051575,57.169244068287455,58.226550793912295,58.669261977122744,58.6146331694769,58.76657687455794,9.030899869919436,57.116933699326815,54.69676245233201,52.172627925433716,49.68991662307059,43.76211850282672,45.25226265324221,49.30235652766285,52.922316970025925,54.326358298536675,55.78549820902421,56.77652569492963,57.0292056456739,56.776252000044565,56.1775602705249,56.27178372993271,54.92830205678689,51.324774227350204,50.537313158876074,46.69251778012837,42.79849382396823,46.6247450375031,50.57913223968353,53.14322358533013,54.47585910768435,54.725121813819854,55.507528596711886,12.041199826559248,16.127838567197355,19.294189257142925,3.0102999566398125,15.563025007672874,15.314789170422552,14.14973347970818,15.563025007672874,6.020599913279624,11.139433523068368,14.62397997898956,48.063495871404676,48.9436591505696,49.34240828120124,50.19602262029342,50.65333183583967,51.1724808846035,51.27603626333557,51.1193763253673,51.12098699837254,51.05339839805286,51.331363608030536,51.199977800035015,49.906274004382,49.81274832706589,49.27580785739272,51.52141515797028,51.44792078497715,51.97095771325084,50.60879073273992,51.86617351853637,52.32195356478134,52.79130587755999,54.04335873532369,54.2631114702281,54.45605759881854,54.760965594832776,6.989700043360188,54.061482870796354,52.64895705796902,51.12229523048477,49.79156695771502,45.51693915127225,40.79651477073845,41.31811071270342,44.78653057295336,49.173269237175774,51.623552735520796,53.248666102808606,54.24568047726243,55.04776596038832,55.310149961199926,55.87483097033254,55.519791243999165,54.327015804146356,53.73419609923037,52.22479755163099,50.052234248581364,47.83424734296715,44.37258929583457,45.69654763999851,47.747796526774586,50.59839733618135,51.02999360761117,49.54613913640245,52.79769575049396,55.33534389302793,57.22328657598082,58.598927013858884,59.58991755829594,60.1534005241339,60.388223617991265,60.33251612080119,59.85054896827946,59.18954588675042,57.88553689559563,56.00373831161271,53.52201819659416,49.62511393507597,45.522544052358136,47.31467887193129,51.613590167389475,54.77656554546929,56.97062744050405,58.32163894783588,59.215912843452834,59.893430108091046,60.072137539365265,59.70875705221289,59.16931672843866,16.901960800285135,56.43620439674756,54.363360120618644,51.34973540005915,50.27757204690553,52.35035798848025,55.76675294460542,58.27793020395496,60.08644450510606,61.517999473358664,62.56412237664895,63.16853351848031,63.3505672022244,63.38945695746822,63.079326800782866,62.63851150842732,61.550629231175115,60.26082393863153,58.186217263758884,55.24631057952712,50.73516732274978,44.26982710997247,47.75508506072277,53.40144566505568,56.62528350282557,58.92266616050222,60.196122249875714,10.0,20.5307844348342,13.010299956639813,21.367205671564065,19.54242509439325,15.68201724066995,15.314789170422552,15.68201724066995,19.54242509439325,18.129133566428553,18.325089127062363,55.180201428014904,57.94522900355421,60.11515043202018,61.45830131597571,62.430968605852414,63.09747879338947,63.456015038607816,63.543374402756086,63.29991856350997,62.70678137547122,62.023139103585265,60.79225035200217,58.44716313579336,55.727624342528664,51.821434904285326,47.756104480063605,48.676442339030984,53.79735066389781,57.41798223889777,59.33265022033947,60.85343746608734,61.518048462733475,62.40180940221453,62.30161169843788,62.47022421745564,61.91425302576161,34.307198878632825,59.74344482506644,57.910025296989986,54.76131383717993,53.40499637525927,51.795747691013275,52.92577241855888,55.19083413352437,57.45730424798123,58.904908803762126,60.30870413924329,61.095056522028024,61.37702483434431,61.39118720525345,61.11659315135487,61.007150865730814,59.967116992464646,58.20213285800675,56.56146134740865,53.75279436336474,49.05283056271976,40.36708721569886,47.0233573960619,52.56837965904041,55.369887363661576,56.73478933791077,58.04936384406706,23.384564936046047,-inf,12.041199826559248,15.68201724066995
9.542425094393248,11.139433523068368,3.0102999566398125,13.979400086720377,50.50719942798893,53.13227957747487,55.199486872521305,56.954720448525464,57.98258982449422,58.98354886428305,59.52222693437919,59.851340015719295,59.93184398970691,60.07127890247014,59.310152140290356,58.677090227674825,58.09889518518071,56.71746584203527,54.46967210064926,50.04600780332984,44.09611930846435,37.986506454452694,46.32922719766198,51.362797089241774,54.451759241317184,56.60019772179417,57.61507616817998,58.69978767618635,58.98941178405181,58.611686609854544,20.0,57.43309033531788,56.98971741510472,55.18926981181258,51.40759370870369,49.75165175566438,47.21357130022457,47.983605586290324,51.89709230522571,54.26324165393753,56.02829096878526,56.93228191036674,57.794442450807615,58.004813133383365,57.855440815642055,56.80517715670965,55.668333034833296,54.78693446852396,51.627913512099354,48.30004512364255,44.847552537095595,44.70145775899696,47.096514974674626,50.49082284434383,53.21061702800287,55.65286886257673,56.42509035618219,19.294189257142925,16.020599913279625,17.853298350107668,17.16003343634799,9.030899869919436,19.49390006644913,13.979400086720377,13.010299956639813,20.969100130080562,15.68201724066995,15.68201724066995,43.719171396825224,44.8404345874591,48.213824997473,49.511042779299984,50.50031562368402,50.554738962300235,50.91684540012314,51.199483600309215,51.10202375877088,49.445320209919814,50.48802918016606,50.01184008498352,48.13247300897605,48.2463340780055,48.87932218397219,49.27914173903338,49.6115521498054,50.119635410709094,51.87410723240113,52.5310771003719,52.8602960050819,53.52632021472142,53.487272669906474,54.05669015189301,54.06397095153988,54.38556587716028,20.0,53.9467052410719,52.388737370178696,51.340016962651625,50.333674544048876,47.11579480965868,44.018311749089484,40.54536452654951,41.82671386675479,44.16906659932426,48.319465205738545,50.90106323239195,52.8681785715099,53.87482371039476,54.48961257838149,55.09970933299889,54.98200242769982,54.442150434743425,54.2178977829634,52.82624378362409,51.36879039875517,48.80659276038634,47.338069364288415,47.11849391507308,47.89982389752443,47.48505876267682,48.66417312539503,52.29635774460915,54.92146916465793,57.06384894774264,58.45292188286963,59.511606559518064,60.02395032307298,60.30344655910713,60.29890834931255,59.871986552227426,58.98852928726453,57.82329268996837,56.01091521335179,53.13044233082023,48.560337047186415,41.73186268412274,45.78513143142161,51.59163990468105,54.91454146689014,57.21264725887614,58.72168514433639,59.6695697121358,60.206052975276585,60.399769489856816,60.20159836012668,59.66232338243768,58.73056572852305,21.613680022349747,55.19250299839527,52.68975581097807,51.27043214930385,52.361592305796634,55.609784752377436,58.10276214157967,59.957672175981536,61.33805151448076,62.31764117545499,62.99249652758984,63.330192180505136,63.42609781953695,63.1697728591389,62.59318834192,61.75556168278426,60.367985085187414,58.43901462864138,55.61374521465963,51.29206357747529,43.487136474677534,46.96749435201623,53.16532256767408,56.76631432490461,58.89419366360572,60.318711957662174,61.25527132583283,6.020599913279624,20.644579892269185,22.85557309007774,10.0,18.129133566428553,25.899496013257078,17.634279935629372,17.634279935629372,14.14973347970818,19.138138523837167,13.010299956639813,56.75155773392139,58.89290494762161,60.58884752408397,61.76902342350633,62.68765361341853,63.21570677809157,63.46762231266239,63.339906590161554,62.921426081816946,62.24166463860114,61.19739416140434,59.53048973814936,57.27317545894764,54.317560604576585,49.958676334708855,48.07873132003333,52.62944433742302,55.97525163647024,58.52583675166834,60.04889454857245,61.23408630644135,61.86351629758954,61.928266146780935,62.60248171895567,62.5208202018557,61.05102949266354,28.14913181275074,58.76643263850002,56.549250784851125,55.27529370039166,50.11595815464625,51.49160586760595,52.81989580691781,55.3078988625212,57.50320905791555,59.04402285995385,60.17784353096678,60.69192109842328,61.139664027099286,61.165682306897594,60.833395496239476,59.9535873740881,58.69217634276122,57.55035933767772,54.902394852462876,51.75850882932166,46.72181012747471,44.90351836684478,48.61683729919097,52.27138251208445,54.91353288053276,56.44375558030432,57.59482002423931,23.891660843645326,16.989700043360187,21.367205671564065,16.020599913279625
21.367205671564065,9.542425094393248,18.573324964312683,6.989700043360188,51.47531019931553,53.68125040531283,55.52596436022548,56.82551191041809,57.946365039863615,58.60996436757196,59.138080264430535,59.42707324297204,59.488519290482444,59.0392574205928,58.885529501590256,58.241323450293876,56.50589188820173,55.00808477235977,52.63655001994769,51.24921364481579,47.309840384955244,45.269850685599955,47.65676004000134,51.91688497983763,53.82343091527094,55.491259267581114,57.15937359268417,57.26731283064517,57.56168095906071,58.125076029260185,20.253058652647702,56.7670275257035,53.895647432060436,51.39768925279731,50.59794323929047,45.578078557646045,47.68408685826983,51.30076332517164,53.54937802557592,55.2553198062993,56.60236338589955,57.3018854947998,57.33667429308308,57.27640466532756,56.74368722481297,56.384143721399155,54.99865711329092,52.2346998116192,49.94550297854502,45.068972085505706,38.859263398014306,45.0275476578036,51.05118291415654,53.40096937139528,54.782605059962705,55.64861275385064,56.3672954959499,10.0,6.020599913279624,12.552725051033061,20.969100130080562,10.0,6.989700043360188,6.989700043360188,9.030899869919436,6.020599913279624,11.139433523068368,19.54242509439325,47.31653219695896,48.960464650403246,49.7494438995797,50.73270998279008,51.549957574640715,51.828282051419336,51.48429889687268,50.86317111083727,50.12406933582598,51.31378035763099,48.310823418356776,47.62896031550491,49.53957711918464,49.086994323522234,49.14855967087234,50.40950269144804,51.518293401318715,52.60691365937476,52.786187201442914,53.60320710679213,54.350412616459245,54.942895940747924,54.96544975005001,55.37140058047441,55.230281168916676,53.98691556062367,11.139433523068368,52.188504776576785,51.96192771399825,49.931363094492994,45.350661505798286,42.727695865517596,37.907072873276796,43.00617219806582,46.73665876245701,50.26851820942929,51.76901186391347,52.99298054772852,54.06610002561182,54.49595635158442,54.66299553476664,53.74991995651062,52.866226106199946,52.81208414034418,50.424219269471,48.795431388061424,47.56430701516937,47.77027871315205,47.718813201900986,49.22964072790509,50.685272240686004,52.05431740428824,52.19125891280883,46.24952104663122,50.3727108036615,53.192580878395674,55.64392621169502,57.4886143662033,58.926032088043684,59.73766812654709,60.263444708590114,60.51558446280525,60.52657396564729,59.905222144603194,59.13288674201031,58.123049183619464,56.2237568723872,53.51270507865995,48.290463368531825,40.433622780211294,46.282356225890844,51.42264291170022,55.00798881491561,57.18328933188464,58.71624884332458,59.60056739928349,60.23526534389781,60.341955504963906,59.85194668743023,17.853298350107668,58.05379184288947,56.91903308506012,54.77844476338758,51.79488595571469,51.292386101319266,53.639915866049236,56.296562409425846,58.66206972397607,60.50879506696372,61.76851766254331,62.50783145096213,63.06396288100742,63.262073972893695,63.158102354204814,62.731240152903965,61.821200769263605,60.902340619967354,58.858788980211045,56.43502025328,52.12254208879497,45.33441574084827,44.03395087002509,51.63343287171122,55.903792174903764,58.40137472982251,60.118722727302476,10.0,15.563025007672874,23.654879848908998,12.552725051033061,6.020599913279624,24.84299839346786,19.294189257142925,17.853298350107668,6.989700043360188,26.24282095835668,16.020599913279625,54.01946512338699,56.57232787028585,59.151390747161,60.75103316555861,62.09774977245171,62.81002669956027,63.330264801795764,63.50020341825439,63.53660269736515,63.00444606648785,62.239237944551476,61.045014509877944,59.036325160842374,56.413918048927094,52.67070772547031,49.094757950169914,49.335379019717045,53.861920865133115,57.194746468032434,59.5813415392119,60.91299674042531,61.73969041456851,62.50453671025406,62.413656529366534,62.16556987192837,62.301161754602205,36.859207921945355,61.15780868123598,58.417504097934355,55.88312052326564,53.68794350161409,51.02889715529244,50.317517241989336,54.7172139127997,56.585150769660046,58.84542187646748,59.986799119990394,60.75014167777817,61.01439798127292,61.01308778911153,60.74128628911447,60.40599571379042,59.284798350499514,57.2178836426112,55.45616332913136,52.195216563588744,47.99905454079733,45.12377507312931,49.666156766618144,53.145118587487175,55.5614443707026,57.0951163966982,58.07124215838816,13.979400086720377,16.989700043360187,16.020599913279625,18.325089127062363
13.979400086720377,9.030899869919436,6.020599913279624,19.294189257142925,50.96064922841193,53.92728601097104,55.58090280738749,57.428672550655044,58.37831398424548,59.256193930983876,59.76959489490355,59.85985262974913,59.758222681802934,59.31509230348326,58.84401659258011,57.83699241370702,56.315218944042215,54.486893187207095,51.6249570251201,48.557008308354376,45.41042283896527,46.86752423033876,49.76977807389104,53.04162960017891,54.78977510102193,56.07937304754407,57.27606314999153,57.41984707723227,57.353409607663494,57.57604015149991,13.979400086720377,55.70349098553879,52.97692681475327,50.45749238887127,49.33816174257383,45.73335840066068,48.83871435299249,52.40561727829788,54.07492879460102,56.031118805457574,56.984667999143504,57.45025579167344,57.51544681623028,57.25458325430397,56.73914394293989,55.471652814891456,53.7520622109933,51.68264658139758,47.21983639263554,40.20527012274563,39.64589587489903,46.22441993637986,51.037524233026616,53.21411997974006,54.670454519877566,55.63606846460168,56.33650215229622,11.139433523068368,19.54242509439325,16.532125137753436,14.14973347970818,22.671717284030137,17.24275869600789,18.633228601204557,9.542425094393248,10.0,15.68201724066995,13.979400086720377,47.21686984387049,48.43513078608807,49.558656639862875,50.38719486016895,50.59820813491362,50.56394064582122,50.26717075588475,50.10681493131443,49.64787441603161,51.28221507666712,48.84784039303759,49.17930668402731,51.50142161848558,51.4837125733224,51.32829407259561,49.72670217315838,50.61037590063418,51.19931885456943,52.38046103128795,52.678871378462226,53.650403560891505,54.25150946306864,54.26589329759879,55.11686881806112,55.17578542097385,54.078597912897834,0.0,52.43239018482781,52.42591115900052,50.73175601357833,45.34241929794221,44.29687696095396,39.26856708949692,42.07795885204709,47.28597243383432,50.396599514847715,52.159784155718754,53.53723937588949,54.81112840841518,55.24231201708297,55.48101840879687,54.067462085460924,53.50947367036865,53.42395043021237,50.43916092377097,48.16082140028396,45.38623996463229,46.36969064695711,47.05153556348856,48.58133994804124,50.19901051399265,51.79747064881858,52.130659620657184,46.294197936892125,50.876714109948644,53.78588657879494,56.2423360894704,57.926164837761924,59.21207707582944,60.00998163655474,60.39896928949914,60.54968693359366,60.529569777765545,59.87169133319502,59.043936262257766,58.10004554415251,56.197713861616734,53.533641204247935,48.4023786903128,43.23726367155352,47.2366086669145,51.91003634067977,54.896280650822604,56.98831876727319,58.34203184044968,59.10531560518686,59.86424159632324,59.850139904280326,59.3783923126258,15.68201724066995,57.646908511724945,56.479557826578954,54.81560144441512,52.42665636645263,53.09555649725097,54.74095286013099,56.86597842330373,58.996038481248895,60.46748721401383,61.49419273198683,62.348476872813706,62.95099349392031,63.15329550842513,63.067217476771106,62.48650433838505,61.802755862916584,60.830150190662806,59.01367856662324,56.601404167928976,52.87129620719111,46.78062904974345,43.248994970523135,50.29971909180223,54.89196038353058,57.64720714522181,59.496227066155654,16.020599913279625,16.989700043360187,25.158738437116792,21.072099696478684,10.0,16.989700043360187,16.532125137753436,19.084850188786497,6.020599913279624,20.969100130080562,19.294189257142925,53.811403611497056,56.338571266668154,58.28166040814657,60.23177532226796,61.44923059658947,62.258551672217294,62.90770284097629,63.11079015382126,63.08169207219742,62.64563072358783,61.94512399346894,60.851920746384344,59.03594561100246,56.587142891563325,52.83864089458585,48.2629513504488,48.65234302677487,53.503740230054575,56.531092359194595,59.078239594742,60.615101549931154,61.80705217206953,62.440664802098674,62.36508290762909,62.54815048681495,62.53043690498926,35.55336327995266,61.12432388796222,58.77846851034569,56.50623170604235,54.2780408577942,50.1646922544315,49.48774727133882,53.32060560348863,56.24282095835668,58.42662275209692,59.724273355942444,60.74576927738328,61.14227888998519,61.41966855990111,61.25481591014691,60.65773852869836,59.773806058118346,58.09307818130723,56.33889416144366,53.13700638599877,48.42671633760788,43.083082429982255,47.503309381199934,52.23158342460344,55.00612407798631,57.29764770978604,58.40981958338168,17.24275869600789,20.5307844348342,24.593924877592308,18.129133566428553
9.542425094393248,10.0,15.314789170422552,21.64352855784437,49.00197748096617,52.159546438691294,54.75880296521126,56.49731968915014,57.66755536798313,58.39263046678159,59.084104854055525,59.416753801508676,59.55406786827774,59.25296617548857,58.86067504919496,58.12087412231341,56.87390714070041,55.50772409441504,53.16760587506319,49.993480692067216,44.955582125478685,42.35932253986295,49.3420040277999,52.06925671371523,54.47060304089063,56.27976921323036,56.88221318305349,57.738595523766875,57.81054914014106,57.56332528439357,24.099331233312945,55.75992161512974,54.36761973314232,51.715802019320634,47.34839818031571,45.93119851103941,47.843890319446686,50.90049852144588,54.055751455996074,55.41783863249933,56.82262437401948,57.70181650504317,58.13344096719956,57.985463746352075,57.59482002423931,56.7618129723426,55.57647933822584,53.17948482294049,51.4404463711095,48.16228038889111,46.24952104663122,47.92426711834622,50.36700739609348,52.93709409719919,54.746736354608664,55.55609489712616,56.260373849465175,13.010299956639813,6.989700043360188,19.030899869919434,13.979400086720377,15.051499783199061,13.979400086720377,12.30448921378274,18.633228601204557,6.989700043360188,0.0,15.314789170422552,49.29240061747223,50.644767084132276,51.19335084697766,51.95492829511201,52.110270483733586,52.268472666200694,52.06418365232817,51.408755608212815,50.8117802240517,48.49769411136137,49.01049445343407,48.64469548179421,44.661258704181996,46.034691597338394,48.09189228025423,50.768770023783354,51.75215998106806,52.75663715834848,53.204807095271136,54.20434364509439,54.29682851915175,54.7666065840965,55.25414124371416,54.77749080052575,54.73551197104043,55.10180264183525,21.613680022349747,53.88562971398075,51.019188336804234,49.1860167696984,48.52778773276623,42.216749970707696,41.784013415337554,44.656950742625696,47.10963118995275,49.610269650956916,51.41277275635072,52.68297087223766,52.96880090917909,53.35148869980841,53.36447725540158,53.91883868515447,53.293775372227266,51.16022978699958,51.31429381050047,49.80648649207456,48.20661134643595,47.02990277589261,48.694018828765266,50.37924256713626,51.26537252055469,52.08358037005204,52.07715133805567,45.71114618015548,49.61288174870197,53.34504013807304,55.738424533542876,57.6235816276407,58.91347865430109,59.90041230024249,60.48861134175054,60.74000092235187,60.475166806552195,60.222831696522256,59.33249322425073,57.86660579812562,55.795755425901405,52.618074775140826,48.18522802003136,39.65765964182686,46.47422093981311,52.3567234623641,55.51368255083099,57.57092220118933,58.96509131964471,59.8789854141196,60.33342116536542,60.4242468408854,60.320725278512654,20.969100130080562,58.55331344786106,56.76734751363838,54.78927055582925,52.90056882303365,52.0767744468033,54.29455114474465,56.94138191033089,58.97156809184224,60.64971725186788,61.76139028821402,62.57156387857961,63.05458854778667,63.25761269938365,63.112553015242305,62.70440549201058,61.914493376489865,60.68860164810459,58.968402509488634,56.56275526687746,52.51455705428966,45.73730052453567,41.922607186420436,50.724888593051396,55.22242037361839,58.02212541654175,59.72995234931556,6.020599913279624,21.367205671564065,0.0,20.374264979406238,19.49390006644913,16.532125137753436,19.084850188786497,22.30448921378274,0.0,24.14973347970818,12.30448921378274,53.890827627368985,56.37378639988956,58.70746757198165,60.341959519067345,61.51770858756375,62.37644257639192,62.91652958390018,63.09170935052012,62.98467277790074,62.41911144780525,61.738299460746134,60.48687626995185,58.41707892650551,55.65585746749899,51.49422351871229,45.945803725082335,48.18812916292755,53.423792492023985,57.14394312235382,59.30910844159109,60.84666344486962,61.734359887988916,62.340374217434785,62.555342092991935,62.510102902633804,62.26202801754309,34.37750562820388,60.456878675747944,58.2721737267796,56.40843032828772,53.52676367829511,51.569184776991236,52.49181229947058,53.81001300516119,56.77363278014015,58.26385827647448,59.602281137108506,60.53227922670523,60.96382981003558,61.05258050483448,60.72259090879503,60.123723230298495,59.12043943328697,57.55228266299551,55.45372688744796,52.3000418056118,47.834747875822465,44.37433443797971,49.7235097327669,52.95646255287015,55.24496082721989,56.64624114593276,57.74219061647883,16.020599913279625,21.13943352306837,14.14973347970818,18.692317197309762
14.62397997898956,15.68201724066995,10.0,15.314789170422552,50.56599976292781,53.40563083333371,54.89397329030364,56.64630695033472,57.91607149808957,58.67293617411611,59.15961996027137,59.42792053034136,59.35523891629329,59.490482923156634,58.58852878659324,57.89858402629812,57.44312545496585,56.124278011796775,53.9637547098737,49.26764186660883,44.47669577022793,41.51369850247461,45.866885532400524,50.53205254329665,53.498697848203605,55.52902939322999,56.51031714709372,57.64639332067447,57.8387572067398,57.318996699595644,20.374264979406238,56.07045199064519,55.716121818003174,53.96603802558588,50.27859044175579,48.843194744119444,46.73002465358074,47.965743332104296,51.14917750612687,53.904723193382445,55.41269636396553,56.2423360894704,56.85405814015266,57.00309905202743,56.89640004503957,55.34066739896163,54.09677879208391,53.49044286602036,48.90979596989689,44.11030146797094,39.91447598003803,43.17750028842234,46.53337958506749,50.187420957623814,52.764112484339535,55.220501901337016,55.96821331586482,15.314789170422552,3.0102999566398125,20.969100130080562,9.542425094393248,18.692317197309762,17.24275869600789,6.989700043360188,0.0,22.04119982655925,22.04119982655925,6.989700043360188,44.345689040341995,45.12897756320646,48.221288341175814,49.1860167696984,50.20265959466978,50.43460523577912,50.986160408242576,51.64902812078488,51.875714795627914,51.397437416709124,51.969053862850025,51.46565212150938,50.93425187522967,50.986575676516715,50.82013003641762,49.44413574349667,49.05930733491729,49.132892044689726,51.62421011909598,51.86984572160061,52.67922291531118,53.664827269770555,53.66297787661804,54.68319262855012,54.921231426877874,55.129844039304515,19.294189257142925,54.646206803950136,53.7602918172818,52.515822573295935,50.854368647958154,47.890163267933744,43.54953146212556,37.5350645699097,41.796092337262,45.675556708947845,49.391646836861476,52.00940738827741,53.794360584748674,54.87715165410462,55.41675327211056,55.58354512237984,55.50086419555116,55.19435508169903,54.07469087437516,53.00617219806582,51.18595365223762,48.71462012844714,48.08973526653267,47.42520894201264,48.116286191639034,47.92405698771716,49.16190659980537,52.08253193072685,54.7721968364737,56.8867338306502,58.36853682620222,59.318858517233615,59.810594004156066,60.14154552391205,60.07673540575699,59.673251559503875,59.00730254578385,57.742986687735616,56.03314374838027,53.74488057829779,50.371754111300135,47.20870137080886,47.744439689249646,51.97514876051622,54.76948950399225,56.97734853261521,58.423321012754776,59.3162311525116,59.8603370235582,59.9699341920242,59.791006476901025,59.18640961743491,58.18295850312248,12.30448921378274,54.22826126300131,51.47972965046259,50.22354126466628,51.986405944457566,55.723661796059226,58.23407058312907,60.138850128087604,61.55817139249011,62.48437492431043,63.00927924466898,63.48752753807404,63.589494908503056,63.386128513117505,62.89983383863997,62.06184751238352,60.806676058812684,59.1605842891832,56.669529930776356,53.0701869356292,47.94606537815884,47.01749263004912,52.31841537884141,55.81418263691435,58.17613621821583,59.484740952715455,60.66228990454483,6.020599913279624,13.979400086720377,20.043213737826427,13.010299956639813,13.979400086720377,18.129133566428553,6.989700043360188,16.989700043360187,20.644579892269185,3.0102999566398125,15.563025007672874,57.291971985194635,59.326005845004815,60.666277762589395,61.89196286379896,62.8012768126237,63.31564953139352,63.58248835048133,63.506559471763566,63.15594633653461,62.624000630642634,61.45929455664763,59.96415346163988,58.11907971343061,54.988341488373905,50.468072135537405,46.5748610775906,51.53744762033778,55.59649322070798,58.1658925919164,60.11707856818454,61.35358171411746,62.203199511320825,62.562562734155534,62.851507271243314,62.82437436162441,61.81101510773806,39.15188705173156,59.90090107787935,57.18192673511748,56.06832624848885,51.83013463081929,51.25240466434249,52.547534544217946,55.07386256144481,57.282644786476524,58.9236400440941,60.134140736178466,60.92178666352632,61.33960225055556,61.311915371296486,61.01977903329307,60.03047583749115,58.79362570299043,57.58057595957653,54.67793029785662,51.174303973116785,45.56929362394441,45.85201203328446,49.24801159791966,53.0836162432773,55.44211958102744,57.16399039440101,58.01346074697897,22.30448921378274,17.634279935629372,0.0,19.294189257142925
11.139433523068368,11.139433523068368,6.020599913279624,0.0,49.94985460500242,52.93075140122863,54.877222291653084,56.74723393372307,57.91410617726861,58.900430125532786,59.268202164009125,59.42363284671969,59.490487806708174,59.65448656370836,58.70465942916716,57.934781669698665,57.31667720642261,55.72927336953224,53.49180358996378,48.266254241112264,43.317308928154574,43.751513015702784,48.42790157955983,52.109843020645805,54.547915223232636,56.380257622661375,57.13666913158925,58.170289458315864,58.349875234929705,57.56235855741367,3.0102999566398125,55.733880357853664,55.13816672940482,53.08679641035532,48.099971553621934,46.22804427805032,45.78065883836092,49.20983754507378,52.712373544708356,55.093060414945,56.2779379449156,57.081360931644205,57.71477239864823,57.671053810543285,57.32761949765799,55.621464885005814,54.10959345884617,53.29837037145791,48.0544648298844,43.60404054729939,42.71493102185656,46.419101690776266,49.075080987704354,51.71214357009491,53.8203326073817,55.78085389358936,56.355370250456915,16.020599913279625,9.542425094393248,14.62397997898956,6.020599913279624,16.989700043360187,16.901960800285135,13.979400086720377,15.314789170422552,13.010299956639813,10.0,16.127838567197355,46.098610929805474,47.7545752613052,50.22642784659061,50.75711159354416,51.10219223689404,51.12688769397097,51.316988442592404,51.46726329341988,51.325574442714846,50.36329416337374,51.11027151026175,50.8947059966538,50.36999962776125,50.615165629543185,50.44966789537294,49.36604211072471,49.38219417812743,49.12593997752106,51.48312617060424,51.85726258953287,52.57145577356433,53.20281332773899,53.35618349377605,54.18970450995875,54.45618212547059,54.56780389223262,20.170333392987803,54.09880734455875,52.972613874070746,51.738736000497866,49.88438550548308,46.93278356623039,42.117877629008916,37.42332282357148,43.77488383376133,47.24816352686888,50.212968253437054,52.52173155771534,53.98996663546206,54.73749657013478,55.154565617170505,55.04685577884161,54.78393320414342,54.129390996395415,53.05405115437893,51.03875527492745,48.83667112168564,45.27745869076188,46.71959231191367,46.69846638391378,48.68203455637116,49.605896808839546,51.174469670493735,48.69384282884012,52.54589160342086,55.27136045150676,57.18096268895892,58.50234409672375,59.398406114480025,59.8972072223392,60.135062815425826,60.032200525252826,59.563960871507,58.74433109044885,57.45203654817351,55.566714942768705,52.66995627373945,48.30107278114625,40.423785981398765,46.545615547417434,51.56064312339865,55.05350793082951,57.08040832442091,58.43788219996971,59.371069734511025,59.846825514984765,59.92912556982169,59.75500279172621,59.0416678701756,22.04119982655925,56.07283416186099,53.63965287927406,50.77999807189738,49.262601081133404,52.756176717746584,55.95589904692537,58.35488910599274,60.27971040033732,61.48732183558021,62.275743628587186,62.93537784253587,63.28826716910089,63.27751359248646,62.94287401114204,62.22900032292316,61.238522940410036,59.74679298982331,57.53357044409327,54.42874687682626,49.27744947280389,43.0588853028431,49.88848687126435,54.49487655809467,57.32863990849189,59.070467874250966,60.35231558625365,20.170333392987803,16.989700043360187,17.16003343634799,17.24275869600789,20.863598306747484,20.681858617461618,16.532125137753436,23.820170425748685,17.853298350107668,16.127838567197355,13.010299956639813,55.973989750590306,58.33983009397969,60.00979098148558,61.45813368420942,62.45868840604072,63.149675839257625,63.59224005422347,63.550453885117555,63.37448278992486,62.78172629383128,61.77535634225713,60.48002236756141,58.98732310102031,56.21272896354953,52.37995892771852,47.021978163460545,49.44092619042506,54.70705898916791,57.45662565858631,59.485308157446596,60.71188422820506,61.833282203289144,62.36594945265787,62.86641690299994,62.418544116981735,61.69307567705458,32.50420002308894,59.84230181299428,59.299525245205345,56.36994110946916,52.19353958902634,51.644866930481484,52.369451656128604,54.605971888976015,57.330270461147855,59.131120589612664,60.349731888867936,61.10568163371846,61.675102132015965,61.81346150279051,61.57348558812866,60.41644108353144,59.4269691787397,58.278840462762545,55.576563522352004,52.08924831080264,46.268841782393565,43.51216345339342,48.5396576180009,52.563737331808404,55.568149071280345,57.39694151319896,58.412618370904966,18.06179973983887,21.13943352306837,17.634279935629372,16.532125137753436
17.634279935629372,20.5307844348342,9.542425094393248,21.613680022349747,50.56283442060299,53.28438728709528,54.86613226657888,56.814809379595424,57.97176793587845,59.023619338198614,59.644255829132575,60.0264114900004,60.119297402181246,59.7059464168581,59.24430745699561,58.45869777679332,56.95261846841193,55.04032949070059,52.30985071713554,48.266060022944465,41.246672176986095,43.26602091963649,49.28395852256714,53.29432458809619,55.43385044809844,57.02783687936272,58.16782670202363,58.46428663139471,58.540933980467315,58.741999276795866,20.170333392987803,56.990438281230986,54.46241945325413,51.815063073461175,49.325650786827254,41.92483819902663,46.235077221115084,51.3583204971268,53.654149723539234,55.8172329773771,56.94936715429555,57.59783389414764,57.63769304726723,57.40225272774723,56.82664835128328,55.763793637089464,54.08850262912029,51.68606485418417,46.83308257174126,40.10850957373923,43.96007447705162,48.88095211261547,52.93709409719919,54.648247518018096,56.08769854633535,56.99298206919387,57.515600724490845,13.979400086720377,17.853298350107668,13.010299956639813,11.139433523068368,13.979400086720377,14.62397997898956,6.020599913279624,11.139433523068368,12.041199826559248,12.30448921378274,15.051499783199061,47.66479770899863,49.72003702510512,50.610790968061195,51.446520311886985,51.64715607852906,51.60567564179986,51.33107593122753,50.63802308875193,50.05952286887383,51.361654568145426,49.086994323522234,49.08490380505824,51.8537781143487,51.86088574401526,51.97018523689631,51.01375840928293,51.682174884282105,51.8802804133508,52.66506866563376,52.488801660242856,53.17666442356501,53.635311296711244,53.43890875343595,54.11006547775393,54.109408008809716,53.15760490665735,20.681858617461618,51.497116496879315,51.68606485418417,50.25277184493476,44.79791180189491,43.90246045109222,39.85740741050074,43.09225488984801,47.22444700009176,50.59820813491362,52.280537088387284,53.50344948249062,54.801291609602636,55.48426273243635,55.734065927516916,54.484496857886185,53.96603802558588,54.07588034518571,51.39416221796662,49.40859999491757,47.02240922070292,46.8304703823885,45.95463152458813,47.433372669630344,49.25569909543376,50.74553152075787,51.304945885234694,45.0238614687417,50.03723269715728,53.32975440978036,55.86722297518069,57.90308391480005,59.25750291150581,60.09427523157541,60.64296221847517,60.939215365289634,60.931329935435144,60.426105538269255,59.52734823789055,58.74554290704541,57.114604983718785,54.551373388355614,50.20907950578024,44.84157424365381,45.889324523231856,50.883062279010176,54.55493531295183,56.81929229852063,58.39204563164812,59.26709177957737,59.95701869036057,60.0920308177951,59.65819061214209,19.294189257142925,57.73833966188117,56.26843159658239,53.89033116720925,49.930392318069096,50.12318291287357,53.08368029646368,56.18696438020482,58.68035764712853,60.53798083963226,61.76953201513435,62.65913505323066,63.318927241022166,63.622894120754445,63.50261202073683,62.95257596115463,62.21561586045799,61.26930073127976,59.362467502756715,56.95849270237379,53.03498445792314,46.17430226689926,41.45134226361495,50.612299969846354,55.3682348331209,58.070483727452526,59.83348394080882,15.68201724066995,19.294189257142925,16.532125137753436,19.54242509439325,15.314789170422552,22.671717284030137,16.532125137753436,24.14973347970818,17.634279935629372,25.105450102066122,18.692317197309762,53.44574992648825,56.63920372354649,58.90678053999642,60.63710434579433,61.8343213981603,62.63486939159194,63.15855567449783,63.29597385232991,63.191518817297485,62.6698036192176,61.88119577742186,60.55207408983212,58.66325744381025,55.959369062691735,52.09367543850172,48.816413910114974,50.10507723629342,54.54271517772536,57.243815623767475,59.24561485770147,60.73263660798215,61.68097182469712,62.2410321695238,62.35389551463753,62.05393311336244,62.54050177819324,39.52162574214463,60.22430433357617,57.17681318630545,55.546114963078054,53.48398333415528,49.51929776148323,50.13789098787023,54.11545633921234,56.81318136881481,58.53615481138358,59.89211691383475,60.74720651332784,61.06172191929895,61.33437348227616,61.08145747528411,60.60226658567612,59.652661581535575,58.04014648491619,56.453760862586584,53.72884398630008,50.084170482309915,46.28562613108777,47.38780558484369,51.08619138053744,54.24857145650193,56.360714560874186,57.51613166612507,18.633228601204557,9.030899869919436,11.139433523068368,17.24275869600789
13.979400086720377,17.853298350107668,6.989700043360188,14.62397997898956,50.143062787709226,52.73019801566339,55.17578542097385,56.65708540427464,57.799786753300566,58.53311797629544,59.07562907404617,59.438752222848315,59.608036249117696,59.03838499566579,59.17996766831868,58.40999495189322,56.384852634237994,54.539005770408444,52.08011148892835,50.232853906681456,44.07645797062556,39.659069154951915,48.31952915486159,52.20497731736976,54.45892080884404,56.129977735039375,57.43852204936442,57.76499240947898,57.828236444760904,58.13023586636585,16.532125137753436,56.526813847635744,53.6014828926583,50.837641210954544,48.531260748344465,45.012510218558575,48.08791445252275,51.74980942370255,54.22740815466974,55.54987978942489,56.704954078897735,57.360138358459196,57.22971027912445,56.938157328492274,56.178774848896246,56.14501743719964,54.43751001017241,50.38369764505628,48.905998419984186,45.11642762016879,44.52292561617729,49.979496405944346,53.38761189701877,55.19493287511623,56.37987781726083,56.51902832045743,57.055387247672805,14.62397997898956,19.294189257142925,9.542425094393248,6.989700043360188,3.0102999566398125,14.62397997898956,20.253058652647702,9.030899869919436,9.542425094393248,17.634279935629372,17.16003343634799,49.55884893531976,50.875294255317144,51.2853173418175,52.06167191352169,52.65445208390084,52.4330102742124,51.80424099207927,51.209324051784535,50.47492933623129,50.607771390623846,49.40924689218831,49.310610270256745,48.1198364016079,48.148466686044635,49.278321328665825,52.045133837971704,52.895109152091216,53.77014680408101,53.319877718696844,54.23240957367674,54.7063978026566,54.82251697450371,55.122159699679834,54.69294653803739,54.3646956726308,53.64408395787213,6.020599913279624,51.18201876186626,48.94670444166284,45.77077988960845,42.121343134680174,37.2956972630197,43.682124811873855,47.83045572114693,50.222221045077056,52.29950474131957,53.5857629078874,54.24924084393163,54.429451710906875,54.55253057311247,54.17845208476652,53.92389145686074,53.05660855214274,51.03478733439318,50.21172754203104,48.83871435299249,48.15591029298012,48.47973456264566,49.46555422264336,50.6324701698071,51.58329315555151,52.41675952769425,52.61200992294175,42.511026254141385,46.8131361375804,50.64626432864408,53.99350042852245,56.37914809788975,58.15102686519804,59.504257097649855,60.35447750024568,60.82788600593972,61.022703857398135,60.888760629773266,60.44185673922263,59.592861508865234,58.340752927076174,56.56508335089191,54.063698354692676,50.349731888867936,46.75897435644324,48.14493981286041,52.438215532564755,55.39339607970621,57.37666449192932,58.76659418256299,59.66236562909677,60.07444348473833,60.10364841495441,12.30448921378274,58.882345497547384,57.893529298467065,56.041623086692,53.32230352706241,51.10158568506041,51.56624858554479,54.68421183738056,57.33197265106569,59.779247056397686,61.30090817342081,62.36539276771637,63.0718464627003,63.59893131580066,63.6567701160433,63.627133208274046,63.14302561518346,62.47490612413709,61.04876504306377,59.36658985671947,56.75736192906986,53.19233100503199,46.53482657416997,42.87196878466229,51.3657472116507,56.01253626929611,58.47010921039175,17.16003343634799,20.969100130080562,16.532125137753436,15.314789170422552,20.969100130080562,19.912260756924947,10.0,23.59835482339888,16.532125137753436,24.62397997898956,19.294189257142925,52.72055217590147,55.23960960509889,58.302151559875924,60.15274229542194,61.70531891621025,62.574448087478096,63.26422915955277,63.67350888399859,63.73112357887873,63.31214450198898,62.84737677189729,61.72339297500302,59.74398383744582,57.3657894731859,53.5395467937171,48.92790030352131,45.186455243303115,52.08228994724201,56.83410900232272,59.04856681570696,60.67743918639999,62.214499711134046,62.464013214251686,62.51963636885399,62.89923462296187,63.07629728689058,27.752462597402364,60.654516107059095,59.70753081683061,55.95877439971888,53.80473548730487,51.35183554706386,50.83262473164077,53.3909352266184,56.24608983117447,58.24149924546471,59.65647999759224,60.699580230065095,60.91825173725554,61.10011950163102,60.68426698476469,60.61085133820059,59.74958192347341,57.59849077610011,56.03345769241618,53.198656703279816,49.00940346685067,45.437328878872584,49.63485604311853,53.21708181057965,55.390773539773264,56.78607595995555,57.7446221927615,9.030899869919436,13.010299956639813,19.138138523837167,24.60897842756548
16.532125137753436,9.030899869919436,14.14973347970818,14.14973347970818,9.030899869919436,18.325089127062363,14.14973347970818,3.0102999566398125,16.127838567197355,17.16003343634799,19.294189257142925,21.072099696478684,11.139433523068368,10.0,12.552725051033061,15.314789170422552,9.030899869919436,0.0,9.030899869919436,15.314789170422552,6.989700043360188,6.020599913279624,16.989700043360187,19.294189257142925,14.62397997898956,14.14973347970818,0.0,13.010299956639813,17.24275869600789,10.0,14.14973347970818,13.010299956639813,14.62397997898956,0.0,15.051499783199061,20.170333392987803,13.010299956639813,0.0,11.139433523068368,11.139433523068368,12.552725051033061,0.0,19.294189257142925,15.563025007672874,16.020599913279625,10.0,10.0,0.0,13.010299956639813,6.989700043360188,16.989700043360187,6.020599913279624,16.127838567197355,16.127838567197355,9.030899869919436,15.68201724066995,15.051499783199061,15.563025007672874,10.0,12.30448921378274,9.030899869919436,10.0,9.030899869919436,20.827853703164504,12.30448921378274,10.0,10.0,20.681858617461618,37.40836207057312,34.32006687269598,31.245042248342823,27.267272090265724,25.68201724066995,17.24275869600789,25.622928644564745,29.827233876685455,34.9220145139254,35.954962218255744,37.8710609303657,36.652056284346,40.10469569796392,40.263289387223494,39.441370731580975,37.95880017344076,35.97804842404293,37.94069583981633,34.35366506612661,35.689054149828785,32.263420871636306,31.809855807867304,31.338581252033343,28.129133566428557,30.10723865391773,35.66790912381592,13.979400086720377,36.878855248487056,36.460114095912395,36.47089428716555,35.7564961475522,35.446880223026774,34.87703863163726,33.4183005692051,32.68577971882843,29.547247909790627,24.232458739368077,16.532125137753436,28.692317197309762,30.15778756389041,32.47727832909723,34.37750562820388,34.149733479708175,34.149733479708175,37.2468538823736,36.40779477344857,36.762362167633114,35.7564961475522,34.21932813278509,31.316186643491257,27.307822756663892,27.634279935629372,27.24275869600789,54.23240957367674,57.303663485725195,59.71396469342103,61.49553175284545,62.91115882407526,63.75489495547128,64.54144090325818,64.79407289058972,64.77369744825334,64.43780389452628,63.647439930783364,62.40700226726978,60.47645904036613,57.52900059352474,52.74324142968497,46.30682071392775,52.06202310414562,57.32587540603137,60.45587778551195,62.39650027278593,63.85858019930347,64.72321791169699,65.17338703231432,65.20524536588707,64.87672497888329,64.13906346461931,32.69045709657623,61.4398010999082,59.391981553802886,56.783954481107926,55.705079147210334,57.67126169717719,60.64034345547192,62.827446586097516,64.7453793090166,66.03625512230337,67.02838185499549,67.57366416796111,67.87154093218854,67.87837360731062,67.58926419078456,67.06423232521394,66.08674160494775,64.81694818727463,62.75534780162666,59.94131426770629,55.02772506205677,46.5988768964946,52.33668618891134,58.281195920689285,61.697287909270386,63.84622367578948,65.16709056954264,65.53854032273472,65.66225419861954,18.129133566428553,23.979400086720375,18.325089127062363,19.294189257142925,6.020599913279624,21.335389083702175,13.979400086720377,14.62397997898956,11.139433523068368,18.633228601204557,13.979400086720377,13.010299956639813,16.127838567197355,16.989700043360187,10.0,14.14973347970818,16.989700043360187,14.14973347970818,12.30448921378274,25.118833609788744,11.139433523068368,17.16003343634799,24.712917110589387,25.158738437116792,21.613680022349747,20.0,24.74216264076255,27.17670503002262,19.030899869919434,22.671717284030137,33.820170425748685,22.50420002308894,32.61262868792493,34.61798557525109,36.53694795315082,32.94906910605192,25.31478917042255,41.77709606083182,22.85557309007774,33.106933123433606,35.87261849692534,33.54108439147401,26.19093330626743,18.129133566428553,26.60865478003869,12.30448921378274,13.010299956639813,20.863598306747484,16.020599913279625,15.051499783199061,12.30448921378274,3.0102999566398125,16.989700043360187,13.979400086720377,14.62397997898956,12.30448921378274,6.989700043360188,12.041199826559248,12.552725051033061,12.552725051033061,12.30448921378274,16.989700043360187,16.020599913279625,22.30448921378274,18.129133566428553,16.020599913279625
-inf,17.16003343634799,12.552725051033061,21.335389083702175,50.03723269715728,53.38450517033914,55.99910351021086,57.38641847403714,58.49338935934676,59.110872633233704,59.65461823378937,59.88268587028885,59.93744756554462,59.30170881145451,59.259043292626444,58.346527317116205,56.08237120972169,54.329372384383674,51.74713811084145,50.342754238464266,46.11723308007342,45.24902179460859,49.566485792052035,52.56799499148165,54.456742451222944,55.95568965570064,57.16365661313918,57.23307871828162,57.104761659013555,57.6696280340645,13.979400086720377,56.05176786401217,53.03716466740586,50.32924834609421,49.0831341185008,46.33114816128496,49.39004783284851,52.353718706748,54.47903447144285,55.584421535434096,56.90284702512629,57.52965262802489,57.49441018593615,57.26369359427455,56.59202877464531,56.570252407134454,55.142421781158475,51.6701292651354,50.28672901489234,46.23549056918393,40.77476919504342,46.24993302232997,51.00553186132588,53.313645268149486,54.67217286711228,54.95762123932571,55.73903855991726,10.0,15.314789170422552,16.532125137753436,9.542425094393248,9.030899869919436,-inf,0.0,12.30448921378274,9.030899869919436,15.314789170422552,6.020599913279624,48.4599671955825,49.427519204298136,49.043151391894824,50.03469148978028,50.80716654986472,51.0169896904536,50.60516531772394,50.37621687370261,50.15347179132089,50.93130890716153,49.51541501848838,49.226268614358055,48.722320490668565,48.28324703223657,47.754283920481704,50.04097719044214,50.839789358110465,51.914985215587784,51.48000764736434,52.97760511099134,53.736511464278706,54.73749657013478,55.43235883876959,55.68588895162371,55.581755730204144,55.322675945781896,19.86771734266245,53.77912455568641,52.627476376981846,50.49373100151531,47.38939031203479,42.518328186286396,33.263358609287515,42.78136006715478,47.2775265980976,50.554738962300235,52.456138269054975,53.535623453667434,54.280002715475604,54.56403994274289,54.55441794971513,54.08256929608717,53.12230264337987,51.86020663275152,49.585113251540236,47.47605992768668,45.82574665258312,45.7282515110873,46.85168270522698,49.30979578356865,51.44925859300052,52.70988437110256,52.785020944938836,46.162864207171914,49.99587224142601,52.910712256882306,55.316526001007205,57.34362115377894,58.582874966999924,59.50836868683271,59.987931575432796,60.14494077069421,59.96770770589436,59.39344501294252,58.40231594958109,57.045494381818386,54.799494166994464,51.29654451292561,45.429871684207995,39.13813852383717,48.527543908053886,52.84908758617678,55.89392141010609,57.88466050819453,59.125265406372236,59.93880879071534,60.48159692449082,60.4659270380326,60.07116782261033,19.294189257142925,58.19173311088938,56.72039640092605,54.52292561617729,52.221595931966725,51.22785822918204,53.71976158110907,56.51979298391603,58.628585713522824,60.53301682641443,61.69951729810667,62.479538821642066,62.954494396974866,63.10551001839939,63.02767601533557,62.68625002305467,61.764423166015696,60.8177239139635,58.851717403549614,56.315705888365,52.312783976114346,45.78065883836092,43.78125245619373,51.265502328286146,55.47534731383315,58.1518976470727,59.73036364913406,16.532125137753436,22.278867046136735,21.702617153949575,23.54108439147401,22.576785748691847,15.051499783199061,23.979400086720375,15.314789170422552,11.139433523068368,19.912260756924947,0.0,54.288876744018246,56.90247483271954,59.29658487996436,60.72468277011487,61.96287025183029,62.666232321222324,63.25112378651742,63.40739889609098,63.361041473029985,62.73612791207192,62.12337849631616,60.92314224357673,58.80018563276071,56.18141224579195,52.10682286411963,46.87930074726357,47.932034812828604,53.23264478935371,57.06760441781998,59.328637442704604,60.95714928973231,61.744017563327425,62.42916180965986,62.43351868144983,62.56518107397012,63.14191765822191,15.051499783199061,60.87071916698886,58.660331876895036,56.660853426096274,55.202083268859916,50.677996505318234,52.14213133658234,54.15754375324313,56.51077300307919,58.453145128754116,60.06617056337576,61.009602336047884,61.18924762038756,61.309911464328756,61.19638533425348,60.97684797712833,59.995898323794925,57.87580898378722,56.45682571500935,53.6727576486236,49.033776118209964,42.157168552495236,49.03491523705591,53.26536573311191,55.833178201069074,57.42461961798764,58.54953053194457,23.443922736851107,0.0,16.127838567197355,17.634279935629372
15.563025007672874,18.692317197309762,19.030899869919434,18.573324964312683,50.31650793551264,52.814015656048774,54.44988906247759,56.308680488637265,57.62339396598648,58.6697516563958,59.29288617822561,59.44050630421462,59.51469633038034,59.52963319069144,58.668801746271825,57.927928762979455,57.178717959334065,55.52239792939909,53.117114887954244,49.57856204830935,44.66719371681599,44.60897842756548,47.168794002327076,51.880871901421344,54.14527131791091,56.03080469229588,57.27545323437252,57.847484882244736,58.1375240432299,57.939474563771995,16.989700043360187,56.32356046239073,54.85728522738668,52.53667478809224,49.82569707906894,44.867562546172685,45.09954826744245,50.25870899789058,52.77015234310656,55.49739956007904,56.674305371124106,57.423770850876686,57.675424758739126,57.7523532937244,57.38223861096002,56.31111833092567,54.74836657824188,53.736511464278706,49.13946239058085,43.198344796011405,38.77371345869774,44.806392293901816,49.85413000415407,52.377447538751845,54.09961850031755,56.04240097206307,56.61522112522281,9.030899869919436,17.24275869600789,9.542425094393248,22.278867046136735,10.0,17.634279935629372,9.030899869919436,-inf,6.989700043360188,15.68201724066995,15.68201724066995,45.85235063365776,47.56552435749973,50.215903192438375,50.75181854618692,50.935792634395646,50.94408233494869,50.71650076299033,50.413334591451914,50.00039084744584,50.285915843552786,48.875779195169756,48.803561994192364,51.07460973596379,51.514066273337235,51.549957574640715,49.938152460320914,50.30344655910713,50.549575960124066,52.62413116968151,52.674369191851795,53.39779274472026,53.89732956015456,54.20953643599573,54.83622951866653,54.93721475605046,54.3591599956206,16.532125137753436,53.40523430789915,53.497766306418946,52.24740190060544,48.47109740837239,47.35167584450715,43.53723937588949,36.70245853074124,43.68788776841114,48.044733765901,50.91716186568562,52.81074293595073,54.22663693177381,55.17022937747012,55.579448848599384,55.00856452778041,54.503353426332104,54.85813668780779,52.81726321015441,50.85911065250072,48.870994386944815,47.63225774921991,47.81647684984131,47.86694647914236,48.83229764737698,49.223984465892954,50.72371233057724,49.11333422447613,52.63919983055772,55.324345899795816,57.2235828839548,58.71228398723132,59.52780822969391,60.12098718181213,60.34909474119139,60.31241178162367,60.256404708523974,59.1409446423893,57.99136452032268,56.65806990455466,54.17282322779448,50.327677973888655,43.465485585484736,45.87722186953562,50.951867926269905,54.36412334348753,56.85915421660728,58.41199866069133,59.45733414156193,59.92724021153628,60.254312189753996,60.09561792460512,59.25585373759988,25.71708831808688,56.68025097392365,55.00808477235977,52.039923899107634,49.83360126927649,52.49115160620549,55.51471956127517,57.99120589094271,60.001081258648824,61.3658264883637,62.26252588521251,62.89210898336102,63.42948450979886,63.435127725914946,63.062304629399584,62.45750724247843,61.404483312984496,60.205543515855304,57.84720683772967,54.9404879145022,49.6591631062303,41.41167468646232,48.297667733886335,54.19684849208075,57.17167695062861,59.05731135991984,60.37404583445983,23.521825181113627,17.24275869600789,10.0,20.043213737826427,16.127838567197355,22.09515014542631,21.13943352306837,15.68201724066995,11.139433523068368,19.49390006644913,24.487063199050798,55.34051502651675,58.004070518098764,59.93429616825701,61.26022901294739,62.4641043272122,63.028106391555944,63.41820963722826,63.43914483543713,63.183693212362556,62.70144080330125,61.59353301667605,60.07455021182021,58.23521829410244,55.17508635753103,50.83359264660818,47.15485222041701,50.495358719316634,54.76954743251529,57.32639790327319,59.44718015722322,60.64856533563838,61.83514688260615,61.915362440787234,62.29692334868449,61.90550471439052,61.20771621798355,34.79431337197737,59.46287653898207,57.34783833180738,55.11682871101388,52.63427746619133,51.91308461994729,52.01923967118919,55.373782828302055,57.0951163966982,58.99602206391848,60.215849471940324,60.85825533520743,61.083420692676036,61.1141375088078,60.80872421291368,60.00760651710173,58.90099510728752,57.66320624109344,55.17227577850921,51.93806128370328,47.442773325890826,45.463698983593055,48.08305521305746,51.83691118528857,54.74602293929699,56.89387007336278,57.952527908321954,21.84691430817599,13.010299956639813,12.30448921378274,12.30448921378274
18.325089127062363,14.14973347970818,19.86771734266245,23.26335860928751,50.56599976292781,53.627877307547706,56.19946465406342,57.46737701237692,58.46609234225856,58.97064893435263,59.53392874449001,59.70553744559748,59.69316180926086,59.1625649708851,58.83493929819256,57.791525915422326,56.29096508795017,54.480273008264966,52.1917833122201,48.675912176422116,44.47669577022793,44.76556304595992,50.41400581349749,52.911578688656036,55.025977996808344,56.31947785680438,57.093462950938715,57.51723181680995,57.52924607682657,57.28400861861714,20.5307844348342,55.18598158520107,53.264526130899824,51.01870747801784,47.26409316259979,48.06783495209124,49.97665920641193,52.15674568083374,54.5401051843979,55.608161350993086,56.61237977012158,57.282985784665925,57.25050353295079,57.12489757543524,56.373265882742764,55.76207700571901,54.366793567767864,50.78155825276656,49.15294283022686,45.09471352102548,44.17720739075684,48.79101616509497,51.2852850379744,53.61856217148141,55.01367406054805,55.388212211845854,55.88876495913499,13.010299956639813,10.0,19.912260756924947,16.989700043360187,12.041199826559248,15.314789170422552,20.5307844348342,19.294189257142925,21.613680022349747,13.979400086720377,15.563025007672874,49.38849823608949,50.27663491268163,50.67684463404646,51.24364002028919,51.26991348422068,51.58247871482751,51.12296596591353,50.56161343119748,50.271252663059656,47.909392803710475,49.155317393839454,48.74626751617682,45.60193667004198,46.81141700151075,48.068919045222984,51.02039025088996,51.81514885522454,52.861195025903626,53.07301310530892,54.06178969752374,54.478229233057945,54.717038018015806,55.3003696742653,54.63071380812248,54.43583699169995,54.62003959027619,3.0102999566398125,52.29968377012989,48.96966901933155,46.52642731849244,44.14973347970818,38.89973638403996,43.293775372227266,47.389469533217,49.896366664853,51.893358829068454,53.11741149811728,53.98816398669286,53.8319937972461,53.98429616760548,53.57023396670744,53.88344579942691,52.96614738982315,49.7639125106891,50.06020822727176,47.99375015901908,48.09694358716924,48.60511689629458,50.706325351328175,52.19841150375178,52.97675175336433,53.3894430279097,53.40880173413645,45.37995294766961,48.39534608818716,51.57870616428693,54.504415720858184,56.536311648252635,58.04761452708128,59.28422994813637,60.11760696482461,60.547447782310044,60.52047597216298,60.527585619825494,60.02954422123377,58.90681405627811,57.53715548285533,55.62288105038813,52.80252755088654,48.1580346966149,43.117538610557546,47.764178560571466,52.532434778252835,55.53785966752555,57.50406558984488,58.80690715276173,59.686743695207795,60.128793871712894,60.33581359698384,6.989700043360188,59.362246192621775,58.19223360568692,56.85507066645452,55.13571818557299,53.21279375050522,53.39507091038311,55.304110290471336,57.31960053102299,59.26000639717168,60.67384090062588,61.80014849107942,62.45297688197624,62.91746140824206,63.04926542126261,62.887507673823826,62.41871332866733,61.54415755832275,60.29744863132066,58.49439684494833,55.715621016498666,51.64189220875209,44.28539730637989,45.82892505401443,52.39189327077029,56.306932526164246,58.64257075046315,14.14973347970818,0.0,6.989700043360188,19.49390006644913,6.020599913279624,6.020599913279624,17.24275869600789,24.487063199050798,15.314789170422552,23.443922736851107,22.671717284030137,52.72261763131064,54.79765281452486,57.4656959477425,59.36968407763591,60.955528960194016,62.03336732414722,62.71812342927757,63.17706147943137,63.296650865798156,62.963810511937666,62.548189131281184,61.79586544822425,60.00179326592633,57.95844577468386,54.751043475018626,49.95112849859282,45.846251784185185,50.860820781904046,55.69123327852366,58.655806666254506,60.30204913374892,61.840807185263095,62.10238503798596,62.9193909800309,62.25806367724478,62.46742741245808,35.622928644564745,61.158853114916916,58.91222912357699,56.70395232106738,54.62281171947215,49.862744735370875,50.195399883616574,52.6763394728113,56.2490163231352,58.273854295420584,59.6956546656709,60.79387125207799,61.240543732451215,61.4136855116984,61.19984601894008,60.75606809617397,59.81351455480662,58.224623057586705,56.38969211524711,53.21550794218751,48.651395225299304,41.80584596602956,49.044396292739464,53.13538212577771,55.618559705980545,57.043101293508265,58.10227139701944,16.127838567197355,23.54108439147401,15.314789170422552,10.0
14.14973347970818,6.989700043360188,10.0,17.853298350107668,50.4228010749836,53.44614277007898,55.320329276610835,57.086757927265374,58.151824534698456,59.16403936002746,59.6458440438498,60.000251883494954,59.933030558337165,59.63204442556524,59.12609930973899,58.213018974864866,56.69823416943642,54.82835009688468,52.20696341623429,49.38504714739147,45.35800290824898,46.779352865877954,49.85538738393282,53.23660413191934,55.30922919822178,56.65585680997833,57.804505329641245,58.18155265516282,58.226446260665156,58.29464592859488,20.043213737826427,56.555168363414566,54.11466497555302,51.69568639026761,50.2840856511547,45.74471129976794,48.08514805214365,52.04730280256104,54.1000916045542,56.017928180573875,57.14830000117069,57.8915749191144,57.88581956348726,57.780310789525025,57.23229845879588,56.28756647306122,54.75177060761012,52.81898819518436,48.74046725512229,41.993711613914904,36.00428325732131,45.24370154542359,50.43951418263276,52.80280088833452,54.4914657329239,55.88312052326564,56.53691903222332,12.30448921378274,12.041199826559248,13.979400086720377,12.30448921378274,18.129133566428553,20.253058652647702,13.979400086720377,18.633228601204557,16.989700043360187,12.552725051033061,18.129133566428553,46.37029173272112,48.119099804200985,49.66019643617277,50.45577220942151,51.055680868408416,50.92611882044113,50.69260986284746,50.338176588284355,49.38299520082883,50.38739348104749,47.99623093615975,47.8659527514684,50.40800061256529,49.950601415529434,50.163144884419,48.740235083473465,49.93674255633969,50.73351702386901,51.84057977767603,52.2205282007005,53.33185208052762,53.89499211110193,54.034808532373404,54.637258056703075,54.61085645778675,53.57972941336858,18.692317197309762,51.740248998668015,51.86125355161516,49.800806736690255,44.45573069936769,43.2962158001926,39.28498268123691,42.870847764336766,46.94508678323792,50.338739015809,51.78568345758811,53.16400231025945,54.33216015428727,54.75177060761012,54.9460674864742,53.583080274916924,52.79434223948985,52.82014536689525,49.45650733956227,47.53245909414035,45.8628341726321,46.913379243444325,47.546540692554316,49.47982370466303,50.861034500738725,52.05079797792745,52.19212413788529,45.21164245234233,50.4363338179619,53.39429576960647,56.02846437574606,57.790370310238366,59.173085357120385,59.937910165645995,60.4027194498671,60.569696097203305,60.55453638237169,59.93683509532293,59.01546588092107,57.97750744884027,55.95169827208576,53.061504237473336,47.0205984927033,41.982170722441346,47.701005476952346,52.285671655614436,55.44715281015257,57.53222912415633,58.83186574088299,59.57724583399579,60.15071667302774,60.139867931197024,59.544012391894285,20.969100130080562,57.290618756358626,55.95958928757548,53.561501968428054,50.589154687309524,51.87625051783121,54.700839858249644,57.36316807904109,59.53443638392692,60.95713883793064,62.07068581514097,62.80198082437498,63.37285508745069,63.46102693949689,63.3634383981266,62.73163378412345,61.92911017724651,60.81403841631537,58.96192101111032,56.526610924124974,52.613913533574824,46.53723715183369,44.86203708021318,51.477906785497716,55.35452361794167,57.7324945968838,59.402399824382556,18.633228601204557,16.127838567197355,20.0,14.62397997898956,19.49390006644913,17.634279935629372,15.314789170422552,23.117538610557542,16.989700043360187,10.0,19.294189257142925,55.373782828302055,57.46653656139791,59.242637752676906,60.73287140300398,61.72236486619063,62.4852841574701,62.95354628518634,63.01674227759315,62.920949536737,62.45548693021283,61.64772074769127,60.54729846450199,58.70100026974817,56.190275550874595,52.6036241093219,48.72325294081512,49.259821003271036,53.557387836020354,56.2732590785734,58.76927032398161,60.32014034159506,61.197585350592576,62.07787810740421,62.209888644240614,62.055802828990906,62.380654325686386,39.06981153228854,61.50781299822299,58.384895475301306,57.136081310952534,54.85728522738668,52.805533317044755,51.53793530056501,53.95090394331264,55.947559679598825,57.9894398857152,59.34210004138997,60.41386762920365,60.781395004280576,60.85494652250648,60.90715038775063,60.31284016003837,59.55395717763863,57.854608155600545,56.18889707360418,53.39204906741932,48.96311221581429,44.98544871715603,47.27427382123953,51.853494700759256,54.91073002215553,56.98995192685514,58.15095373816281,9.542425094393248,6.989700043360188,25.05149978319906,20.969100130080562
19.138138523837167,19.86771734266245,6.020599913279624,16.989700043360187,51.24390093420965,53.617448298170075,55.51376796104808,56.89970010805632,57.9862578845198,58.77328144667898,59.237754190904084,59.442694206930476,59.4792068209136,58.759388091713454,58.55252561206406,57.587196707736695,55.64766638521082,53.47136735668588,50.669145265564566,48.723311212302505,44.69777848191772,46.359760701938335,50.04854239968865,53.39352049045587,55.09295287405314,56.35710887759867,57.54745747364748,57.5724491054296,57.61363941589214,57.81037657651136,17.853298350107668,56.06885241288569,52.795620072847456,50.09930819142923,49.03073700643502,45.71860168126001,49.30199953067788,52.56787477588195,54.53428428919098,55.87514534209287,57.02576999963827,57.482973623885705,57.163122509756086,57.00600754655265,56.102906427318054,55.65954019011971,53.94025933665595,50.15460352517776,46.72707290472643,38.02978855335262,40.65803712575022,47.947946632311265,52.491714425328915,54.40206719717573,55.561697793976855,56.23745343543668,56.67927148960757,16.020599913279625,19.294189257142925,10.0,11.139433523068368,14.14973347970818,0.0,16.127838567197355,14.62397997898956,18.325089127062363,13.979400086720377,3.0102999566398125,48.80041462158636,49.6987233401152,50.24272162362186,51.03067874976507,51.51093922785061,51.37936156913307,50.971392599786256,50.333674544048876,49.74774124411973,51.29747880172551,48.34528786954192,48.39729375206388,49.981982887238544,49.33735240708219,49.81732554900802,50.8530842069353,51.80082845177537,52.65030197723058,52.813061367418214,53.531176564849154,54.43951053179596,54.859782371422014,54.71727254281126,55.244493507513546,54.89643536894825,53.40745438416857,19.86771734266245,50.92706612325517,50.248508469117546,47.06828688179734,41.745830891775995,37.123129086813655,42.61429415559447,47.61363941589214,49.851434392440595,52.30392714926002,53.21376773959882,53.99760225710366,54.78754024145899,54.74580452342379,54.521239184490426,53.00336742949217,51.844472489466966,51.21851901736897,48.051609015994345,46.725134728685084,46.61973505565725,48.2282817599809,49.454784329676016,50.863918676105904,52.039163593896006,53.09461952185696,52.980251641088536,44.72522422916882,46.82262437401948,50.24424090392274,53.31575073227667,55.83752911159014,57.76260129417785,59.04731229354095,59.87882911316544,60.47366001237522,60.825028075414366,60.556019201758815,60.08167364804989,59.4148956828861,58.11165315888478,56.215636492593745,53.00606351984254,48.04343918479866,42.04906428902569,47.190742810118856,52.63043983313166,55.60002326773366,57.75399256011268,59.221158765957185,60.205439959884075,60.70388487132243,60.59298671274242,20.043213737826427,59.578605117673725,58.861685509630334,57.23649378352923,54.46358504200831,52.42156156515358,51.653155647632154,53.7735361281668,56.54147652148897,59.04642525746908,60.750890685945976,61.90747581113405,62.71579557346021,63.227302207237116,63.38318015261162,63.2051683676729,62.603645570983204,62.103211956928,60.50675501736837,58.61766729114318,55.846251784185185,51.768578356968824,44.11232371541069,45.28363843719674,52.5913736705668,56.485571066667426,58.779331460222565,19.912260756924947,20.374264979406238,20.0,15.68201724066995,20.170333392987803,21.84691430817599,23.05351369446624,19.084850188786497,22.671717284030137,23.26335860928751,21.367205671564065,52.25270503701648,54.85995257896785,57.8670103538579,59.71947186864404,61.33478230637805,62.216817747228816,62.988803553571046,63.25293944185928,63.411653566745095,62.99600771998748,62.36751333029696,61.38059109105985,59.561155816924526,57.19019543968662,53.67886814976096,49.51847296899779,45.32512329290388,51.193911727170814,55.70021941105323,58.50970150720326,59.82478378289798,60.939358795111815,62.104683429696685,61.74765798417024,62.40016286667234,61.91216476840889,30.629578340845104,60.287411961172346,57.64460087566783,56.024994920311855,52.400122882325455,50.748200963072456,51.650691481175805,54.15429117939435,56.64583689701623,58.34782994481185,59.91265958048304,60.74755386540281,61.08756084800966,61.16321108028841,60.95614231731944,60.65544611262254,59.55907967862957,57.71061747307256,56.09032771288867,53.37924256472319,48.88095211261547,43.36899809359534,47.97274467322242,52.383096123066395,55.11579917002585,56.999226693744916,57.886243530831614,20.681858617461618,6.989700043360188,3.0102999566398125,20.5307844348342
6.989700043360188,12.30448921378274,13.010299956639813,6.989700043360188,49.96813646976026,53.44645701936844,55.75756905929456,57.496064714758106,58.58893750096523,59.433856813294256,59.91809322478845,60.19718482323192,60.16515635794821,60.134292324295735,59.42506585010789,58.60803799599714,57.931090834994585,56.30293599300749,54.03027816017118,49.28242183157309,42.21414237842339,38.89021422095225,47.2879191425378,51.57354000148774,54.53050646526184,56.42140904722096,57.19390956935307,58.114851887741,58.385619838512696,57.653317155800856,9.542425094393248,55.91613253095211,55.36873948928961,53.40208064202531,48.4868165402395,47.57889265054904,47.42921422599296,49.81519615474483,53.24368893937923,55.08106665025331,56.46322349655957,57.208147999491004,57.80594509521102,57.744008950551844,57.37817386289742,55.988101972504225,54.642211975344495,53.15224901518623,49.91093108048887,46.83776256661109,46.58755264064613,48.66145505483358,50.427329796217215,52.88933002714171,54.6162006420872,56.183713426388586,56.74008241892564,20.170333392987803,16.532125137753436,12.30448921378274,12.30448921378274,18.129133566428553,12.041199826559248,16.989700043360187,6.989700043360188,6.989700043360188,18.129133566428553,13.979400086720377,46.313727337327144,47.422536699065944,49.45370094490304,50.26537350058942,50.568629437066775,50.4231162693387,50.61742665755283,50.66881020057817,50.74304344001435,49.5969949387015,50.821316422182036,50.63746061613443,49.96796146921347,50.34066678597561,50.86505757579863,50.91631790626808,51.0770505449186,51.271210030804646,52.61262868792493,53.196077596785244,53.71490862317323,54.10027745283311,54.09026411558493,54.55578730630503,54.59761782605963,54.96272176519723,19.030899869919434,54.12443746544761,52.21531598870455,50.346124159050134,49.42395023079427,44.52476461326989,38.790958795000726,39.54290761701127,45.66649578817866,48.291235836707884,51.07209969647869,52.993438354972895,54.1815871324098,54.915927890789405,55.31156908843766,55.61380483257871,55.41106004567873,54.246611680673674,53.655628567955596,52.21414237842339,49.97495599658018,47.00444101027752,46.735922139494804,47.63547782415415,48.75905868167617,49.15995723626107,50.54632202921429,49.793662423961614,53.31817884627525,55.955072443882806,57.66806805489493,58.968710911120354,59.78003292286626,60.32354800422664,60.44358635939978,60.40830502315372,59.83220214648103,59.018646352631876,57.730722698510235,55.74211896663976,52.95127085252191,48.62399747637491,43.08457694189304,47.186843364699335,51.97583769035777,55.254724089362256,57.27401349381382,58.603248277798635,59.44723934671107,59.8027614107784,59.91014194665931,59.65177703593065,59.10050479679385,19.294189257142925,56.26624670447874,54.058737511685955,51.875714795627914,51.37430074607128,54.19415434211109,56.77732843376936,58.99525037937568,60.533262665148364,61.76123685166437,62.554898392296046,63.172127050886175,63.43895400348033,63.44453581519752,63.07160881450196,62.499740115781634,61.53920910680242,60.07678234122029,57.9812834958561,55.04826851621349,50.549575960124066,44.3407365378505,49.21421136736248,54.00931525318601,57.02186608156909,58.97277315930967,60.37555571796777,18.06179973983887,25.888317255942074,3.0102999566398125,15.051499783199061,11.139433523068368,13.979400086720377,21.73186268412274,17.634279935629372,20.863598306747484,23.26335860928751,20.253058652647702,55.722254861664325,58.06449288758665,59.763962951635136,61.135696983581624,62.15980000305795,62.94053781299591,63.35933057716501,63.35283345430318,63.17638228286184,62.64922843486892,61.80498909838188,60.4725344425804,58.82607632225745,56.08894920208527,52.749932930700716,47.06290957258763,49.763178757959246,54.38668900686737,57.40073590055256,59.470811434428185,61.04140425097148,61.94528216883887,62.74364782857774,62.88675260246468,62.96223652504037,62.440578147780755,32.50420002308894,59.97222509991783,59.83104640194768,55.721696612637494,53.37301488893151,49.609176853134414,50.510482792620415,52.882782968351364,55.92062337384293,58.06725214019543,59.6672962760691,60.548159842775405,61.22944553591795,61.48339160480099,61.25234281992006,60.45906341197529,59.43648816371827,58.346317589313976,55.857155912133166,52.62282560269239,47.81130402541183,43.2006315959498,48.232133132826675,52.16503702147969,54.98023686838225,57.038225264324076,58.16479930623699,10.0,13.979400086720377,13.979400086720377,15.68201724066995
12.30448921378274,16.127838567197355,12.041199826559248,11.139433523068368,48.86907898662259,52.05326187581449,54.76498319418576,56.38283542348777,57.57339080852924,58.376572381614274,58.897285022626164,59.408415860385475,59.3894630499971,59.3442774638666,59.0386451158441,58.37831398424548,57.58737837086936,56.21064057218977,54.29945974117818,51.400835972363325,47.51787023801051,41.92344395046124,47.49504423876142,50.622359148459914,53.66090337764942,55.73091016436257,56.49888571856286,57.72430266773955,57.947946632311265,57.71926113218899,18.633228601204557,56.42838307664605,55.51108283643626,53.655497551439936,49.80807549337983,47.582531418262015,47.25462411388858,48.96619900356518,52.68437552261454,54.53692833987713,56.02629629092398,57.14578695069096,57.8353913333115,57.95271579063166,57.81970673912552,56.892031590566354,55.9402329838872,54.065538051451576,52.36300400614147,49.28605778796934,46.23600719895257,46.69735164116786,48.963608454693166,52.1076248803888,54.337330413053266,55.56134782461295,56.44837248309349,14.62397997898956,19.084850188786497,16.989700043360187,21.13943352306837,13.010299956639813,16.532125137753436,11.139433523068368,13.979400086720377,9.030899869919436,16.020599913279625,21.73186268412274,46.348499384311125,48.30004512364255,49.52404939577025,50.91181401740627,51.49283789995981,52.14539205459798,52.22802281339686,52.09584710533407,51.770745459100766,50.170709208489974,50.802367456159594,50.16251741515812,46.46011409591239,46.85992392966588,47.77528315082557,49.99530708496493,50.835921927875624,51.78337978300238,52.347702951609165,53.43152471662257,53.7580439398349,54.257852040806156,54.55380920816709,54.737569516055665,54.53293872063037,54.855283638058495,15.314789170422552,53.79626360056423,51.718375720313674,49.853051960236286,49.16269663312515,43.38814937417618,39.172954009456895,41.27428777851599,45.33238074060297,47.87616310807244,50.33785516842231,52.32398862462542,53.28954204579589,53.929237118163925,54.27137040173719,54.952473062202436,54.741069480169706,52.931812845836674,53.17881644943567,51.72325571318879,49.871029253914685,47.52586178740409,46.88250699012365,47.92741785834749,49.489213013396984,50.360617069837545,50.86815245037521,48.41534654793146,52.30216383853246,55.11201317433035,57.2413244679981,58.58215267272115,59.63596129000686,60.37017111990507,60.63474847586597,60.56415804316451,60.012879429612866,59.56675931697944,58.36487420242271,56.29205657102304,53.60688062030678,49.20968125563705,42.84836637642396,44.874918915584914,50.894140458420374,54.818008095386105,57.01593023181029,58.37351657957822,59.32240319398065,59.953894635661925,59.95636071959253,59.67435644154115,59.17772725866587,16.532125137753436,56.15071109829817,53.15124010828784,49.24305136154559,48.31088749485442,52.28215513208874,55.982300476116365,58.55840063680713,60.357198380461966,61.69951729810667,62.54766740197109,63.246630679878386,63.47920254540581,63.41846266061587,63.17248268445319,62.497287290307064,61.564304158296025,60.01077883071805,57.896667165162114,54.712990470524176,49.23637711023761,40.29099566823543,48.27227070034176,53.710013269567796,57.046180328820384,58.90623307077766,60.31614048971722,19.294189257142925,13.010299956639813,21.73186268412274,17.634279935629372,10.0,18.692317197309762,19.294189257142925,22.944662261615928,17.853298350107668,16.989700043360187,18.633228601204557,55.84991212153491,58.52104703574096,60.21727077515913,61.65522090756255,62.5518805074294,63.27294551844071,63.553457593214105,63.58926115850316,63.20941832834735,62.413634107989125,61.60716071441696,60.1113042888699,57.79513520100994,54.4790189874972,49.493997659618174,43.77178712990244,50.3953308766939,55.26263010650656,58.20025997984345,59.96214306306962,61.100156583634664,61.75058437762718,62.27944521036292,62.29569479358165,62.185977303789855,61.5820352328775,31.316186643491257,59.6210214107417,58.78671130359508,55.17356913468067,53.2169989896192,52.47447869480854,53.75563028854772,55.63629384689655,57.95986319622378,59.11708253980293,60.163751351875646,60.83511577957389,61.02970238946221,61.11390564591807,60.74796699538241,59.8610949017654,58.88058683696707,57.104634775338624,54.783529029344606,51.24275932006338,46.88313015145123,46.24746058172765,50.9083978004538,53.92855169389535,56.12574073603596,57.36678502896616,58.27995704454503,6.989700043360188,11.139433523068368,20.0,18.692317197309762
16.127838567197355,18.129133566428553,19.294189257142925,18.692317197309762,51.994973754909715,54.383366232638444,55.94016662248081,57.350189210714106,58.37155190207362,59.095752832495236,59.46249809090331,59.45329214315035,59.36172305110389,59.25584342829345,58.25514395864731,57.407368111857195,56.72586395354878,54.93022841420913,52.61619676547936,48.21343183440085,45.926873917661624,47.7340608801514,49.50544961596719,52.66146993948575,54.57289823845581,56.00406528724327,56.98856204273301,57.731462297713676,57.77289044357314,57.06386602541032,10.0,55.38293412832853,54.418898569569436,52.25063629074781,48.93900403553743,46.23166559760084,46.235077221115084,49.834864605786706,52.4223572449825,55.01772453667431,56.12024767250864,56.83812235741294,57.36496099681483,57.44427554435022,57.23036774073138,55.51597584219639,54.2180951006037,53.567236112894676,48.754374889351524,43.78125245619373,36.813317059691656,41.092747382302946,46.08921638952615,49.445320209919814,52.16920311845206,54.47599856263528,55.31306442342638,21.072099696478684,15.68201724066995,12.30448921378274,6.020599913279624,15.314789170422552,16.127838567197355,15.051499783199061,10.0,9.030899869919436,15.563025007672874,17.853298350107668,45.67755462695901,47.358702489615546,50.1378489154674,50.74348261667719,51.53708182422587,51.5742654478045,51.63629420984208,51.93594829380682,51.70660613561281,51.096460310909734,50.93036252945163,50.18966651260388,49.979540040694026,50.11625414103257,49.47889344957578,47.11950564728687,48.09108352564942,49.12593997752106,52.12254208879497,52.77895593794787,54.11542266710039,54.80328949260783,54.82255989371403,55.614746687097494,55.70402822286908,55.290194797082385,13.979400086720377,54.19038303173528,53.84405390143854,52.525545025839506,49.63485604311853,48.22704075997153,45.065726742525136,41.87097500583477,45.01018159848659,48.2665779187587,50.563635508386724,52.445863372491544,53.629835845489175,54.40786329321845,54.738926086897024,54.295665753771445,53.767958738797155,53.19074813978499,51.158167941542025,49.05326264816519,45.78925589458768,43.34554270647249,45.98801446032945,47.97302172183703,50.015606526425735,50.42941535732346,51.483836016437635,49.29786642970103,52.541225162615305,55.13676963166378,57.11328820060441,58.38760964075601,59.259821003271036,59.83303716108985,60.03519554233611,59.999244261850365,59.584439459636876,58.59746364232475,57.33370627188329,55.5396308472759,52.42089009688843,47.501225267834,37.00790221374347,47.53889331459834,52.64357321211541,56.019557481426226,58.05357428943538,59.52707706200115,60.4544581588828,60.910630972206114,61.2597708674426,61.15842738883721,60.60459857314392,15.314789170422552,58.412918804635005,56.81201425223328,54.831492159748635,52.40541760382154,53.38362851213206,55.42299973766217,57.751974353007455,59.61844265622726,61.02196597138325,61.87568659789182,62.578882333022335,63.06606213867384,63.13517113831566,62.85213562811552,62.143038220997695,61.19945065166121,59.74622670041616,57.58385729430249,54.53160803267916,48.91453824238682,41.07820267248048,49.55716606131057,54.52889951176493,57.450818214718105,59.28437333592878,60.724546774608605,18.573324964312683,21.73186268412274,16.989700043360187,14.14973347970818,9.542425094393248,17.853298350107668,14.62397997898956,12.30448921378274,22.671717284030137,18.129133566428553,17.853298350107668,54.56069822262562,57.16515008486575,58.95160011386524,60.75658257900925,61.797737646103485,62.61976191397813,63.052793393887995,63.12604245135856,63.08723376794077,62.569862714372164,61.6706347896475,60.34741125988251,58.78269532730579,56.21845908668935,51.79876241874662,43.92345155361205,47.82185866492016,53.96138297395892,56.879211651164134,59.10698025968798,60.739619999870804,61.94983625793452,62.2588175934851,62.27747399665241,62.120815489992445,61.88796348188084,22.671717284030137,59.68610883136585,58.620985673640746,56.00539473458259,50.587979006798385,46.96408815486136,50.35069344421104,54.45904525342658,57.23214239007543,59.155159129984554,60.3478642606925,61.159484975126745,61.59019468516636,61.76399209401363,61.46197827397573,60.40824572406315,59.30662291989009,58.10780754316872,55.08288601779825,51.00108510681575,43.41632335778054,40.94156561782523,48.270136781624764,53.05802629184904,55.73262755518557,57.72633377217431,58.834172532827154,22.55272505103306,16.532125137753436,23.69215857410143,15.563025007672874
19.294189257142925,21.64352855784437,15.314789170422552,9.542425094393248,49.287490849733956,52.78673591968267,54.85711491526855,56.82892935473349,58.23422710703199,59.261906228490275,59.844971592085976,60.01824541797535,60.13084238489849,60.31858281505467,59.36956858627097,58.62038306237301,58.06410631664376,56.413918048927094,53.90246045109222,48.7520600409689,40.836817472743014,41.48756851321792,47.57767905015857,52.32510750119737,54.81564443202237,56.65356750887982,57.85876986029115,58.55236196670381,58.7368091091634,58.21958730372928,10.0,56.46952374802322,55.60284524090906,53.26114560196204,49.160326101885694,45.835728091437744,46.04334073102911,50.0208394856988,53.023677317420805,55.54043128056073,56.833757882317755,57.48027463475658,57.94003290400646,57.978503648175504,57.574112136493014,55.978026495460334,54.439963646963605,53.556985781522506,48.413219217583254,44.294615767572274,43.96495752197566,47.273785694514885,50.20945198345383,52.500611952033125,54.33689845991698,56.27713972045861,56.712071034016844,20.043213737826427,15.314789170422552,13.979400086720377,16.532125137753436,18.129133566428553,19.294189257142925,14.14973347970818,10.0,12.041199826559248,18.692317197309762,6.989700043360188,43.76503960252927,46.36768642669032,49.42900541140294,50.092851353551666,50.55076208141534,50.399412983156154,50.64255770585972,50.48255304342598,50.225108504340305,50.253918962159474,49.74147709243938,49.729892268553485,51.093659031500366,51.19786882251815,51.44362456893639,49.08747660798832,49.55956996746124,49.981241454062335,52.47229176023425,52.444874119375115,53.364137001965474,53.859939272954485,53.69447790383294,54.41929104713674,54.433506200257476,54.082213038198965,6.989700043360188,53.12272586016282,52.47482260677054,51.01200426080504,47.78563634290096,45.73811169427276,41.499884564914765,39.6189547366785,45.01059262217751,49.155317393839454,51.27985457841426,53.00421557383072,54.31675700734037,55.195129832576264,55.3721695969368,54.92504764325413,54.58861358747461,54.58335625991947,52.694989344925354,51.00542850012465,48.83553557767556,47.09583693250872,47.632632299229975,47.78708237644988,48.80264663012131,49.5722885029611,50.36389328665692,49.7354346853249,53.064271722095,55.8017200215562,57.54052333514843,58.99475774307042,59.71728930380116,60.285196059895114,60.436361312573865,60.389768283023805,60.119018525340174,59.03100844218276,57.745125862663144,56.2325032443115,53.39129327803066,48.96129218798853,39.445320209919814,45.32907183010459,51.28425118810484,54.807253789884875,57.08988256804073,58.46815067882649,59.478105024800456,59.89690481827621,60.11562408863601,59.856042873303785,59.013193467247184,13.010299956639813,56.125475786298324,54.21659855133561,51.78562588061362,51.107243543809055,54.359971700024026,57.012198919618214,59.09704156158756,60.867003691114974,62.0125998579624,62.79410716848404,63.312349090388736,63.710028056300835,63.620649442549706,63.24652991194271,62.494735272645954,61.40490758905169,60.02339312853729,57.51342241499194,54.29301606990477,48.76292911606499,42.71493102185656,50.38318077217998,55.0290758260016,57.93528472240282,59.55033170333894,60.828772443890955,16.989700043360187,22.14843848047698,22.87801729930226,14.62397997898956,13.979400086720377,21.367205671564065,16.989700043360187,18.692317197309762,18.692317197309762,9.542425094393248,3.0102999566398125,56.49296880628335,58.555585250706415,60.045801533798524,61.42521173794496,62.35080791958506,62.962622940066204,63.32597806654106,63.22576923375526,63.06410014642446,62.48084402084481,61.36609284751995,60.075173445599155,58.279182567453496,55.7882480541374,52.15471003487809,49.022749204745026,51.93861716285275,55.29585615122288,57.58925511175161,59.72538384093053,60.75991976396841,61.75015773470992,62.17090268718551,62.59049116503788,61.91486784995398,62.03836784625644,36.62190990859007,60.137306144926264,59.1571844719042,56.34458124506344,54.65616296345254,51.52263876399056,51.624030842534616,53.779270086368946,56.06099627323726,58.06953550248902,59.44453060153255,60.220244091077326,60.95647683924379,61.23638033112455,61.02689198751779,60.300651258597725,59.40937128446343,58.46347629105302,56.14367728755884,53.378285041827226,49.642784916540144,45.76398945124239,45.992825013197454,50.78086893963467,53.80301710305184,56.43478338583745,57.61157748538153,14.62397997898956,22.278867046136735,12.041199826559248,15.314789170422552
13.979400086720377,0.0,12.041199826559248,17.634279935629372,51.13916625670199,52.90579920909319,54.95990890072125,56.49136167361534,57.34935775274194,58.24918170187753,58.9151348440151,59.339415914594184,59.49682690795204,59.07020965318344,59.18292512755356,58.663895487502906,56.79835651205828,55.44616150221941,53.388428039850524,51.979225634531765,47.993129743253526,44.51248989796137,46.79300678760339,51.25497531106933,53.725898431107595,55.55221452069243,56.87800867488968,57.341186610491064,57.66725069926551,58.20755636081615,14.14973347970818,56.760760153875154,53.800845540115304,51.32368569778079,49.7077445039659,42.431869241314715,45.61065588672712,50.52131957619743,53.4966598409663,55.051676211748656,56.459741210715734,57.43494869896917,57.571112143887376,57.43299621980146,56.946060762952726,56.74392621330411,55.489603211830094,52.35957479466621,50.81851171517454,46.28603469618311,42.594266265870516,47.5332255728171,52.13873546757259,54.17506568224085,55.497007625185276,55.975778228225515,56.69313160683099,3.0102999566398125,0.0,3.0102999566398125,14.14973347970818,6.989700043360188,3.0102999566398125,13.979400086720377,17.24275869600789,9.030899869919436,13.979400086720377,19.86771734266245,48.84143716693356,50.17304688562155,50.372391929623404,51.43530023937294,51.64129701982198,51.997990431675476,51.620264324211774,50.88224711184667,50.41365047357256,51.07379582804448,48.64469548179421,48.55252561206406,49.205511461198455,48.92906753022043,48.958919491554774,50.89438789045926,51.3791402814413,52.62113965384224,52.2580533487163,53.182407748198834,53.81486915926939,54.470106564262004,54.78927055582925,55.1149833863365,54.981119737761254,54.205382700108515,13.979400086720377,52.73170324475291,51.8343213981603,49.80239781708913,45.86339708754249,41.832698436828046,35.80012112529425,42.83527364861694,46.84854334578203,50.34038570611685,52.09367543850172,53.27992031718778,54.296392518615534,54.72071566750971,54.66608151957938,54.096626612444574,53.36831826815946,52.48395087718435,50.8489071481379,49.07072607996621,47.54302457110144,47.1627886617829,47.3143564737856,49.18323963238652,50.699824212198585,52.16696236043849,52.48740577796592,45.070593848021154,49.55476082381318,52.8139929373276,55.52972237463008,57.32256211457391,58.80264663012131,59.79512409625782,60.32087049202282,60.61404598497197,60.607843129932355,60.15023004741421,59.30069369174157,58.31038126475441,56.52560582982065,53.75811705984667,49.205511461198455,42.32208078396316,45.25718413121268,50.63678555281978,54.57836497725442,56.8250067301186,58.44325550061855,59.410789104632016,60.03929471989446,60.22339688519465,59.829158626478886,18.325089127062363,58.02325521043493,56.47246008818986,54.01071248331359,50.45056842982055,49.57712615836635,52.49687427805301,56.00127430361087,58.48613963295563,60.57144028389047,61.722741672958406,62.60376003138565,63.13042120852374,63.42160840776571,63.392218107572745,62.91604140563197,62.13669136026377,61.188980099347546,59.30036206856134,56.86737235460001,52.88716366350862,46.37939801558909,39.31508721866618,50.182218454762726,54.99348860943676,57.99401208573372,59.764490253723224,11.139433523068368,10.0,23.117538610557542,12.552725051033061,12.30448921378274,15.68201724066995,13.010299956639813,24.668676203541096,13.979400086720377,22.380461031287954,21.84691430817599,53.342626999871506,56.5215831248821,59.42783630449362,61.050074748241556,62.31222043401674,62.9850397288095,63.52079240255478,63.698918282431684,63.58936378200359,62.91483625798732,62.270532935609594,61.0006056885555,58.611907820648135,55.78293011507789,50.704368645775794,44.453083464235846,48.35081498315656,53.81115080709851,57.565790605655025,59.70657838760971,60.88484802354457,61.623570665483726,62.31628853508451,62.57824914649756,62.39215365537579,61.787102488745646,35.622928644564745,59.86625750969636,57.83195845785382,55.12829759167681,53.64678544763483,49.77874439281332,52.784426262247024,56.05789719802564,57.83306728722455,59.41623221745036,60.50575009525577,61.17174811890007,61.198841056580164,61.190515644087846,60.775684703070226,60.47655243995811,59.22947477742455,56.95230308362955,55.370492713658386,52.1913637977568,48.261785024343425,46.47167725824425,51.2326674568785,54.17997842239545,56.31538126488296,57.696173034806996,58.44880217736895,20.681858617461618,17.24275869600789,21.13943352306837,18.692317197309762
15.68201724066995,13.979400086720377,11.139433523068368,6.989700043360188,19.030899869919434,0.0,9.542425094393248,16.901960800285135,17.24275869600789,0.0,16.989700043360187,-inf,16.989700043360187,0.0,11.139433523068368,16.989700043360187,18.06179973983887,16.532125137753436,12.041199826559248,14.62397997898956,14.62397997898956,14.62397997898956,13.010299956639813,16.020599913279625,13.979400086720377,19.49390006644913,10.0,12.30448921378274,3.0102999566398125,16.532125137753436,13.979400086720377,11.139433523068368,16.020599913279625,11.139433523068368,10.0,13.010299956639813,15.314789170422552,12.30448921378274,12.552725051033061,16.020599913279625,13.010299956639813,13.010299956639813,13.979400086720377,10.0,12.552725051033061,15.051499783199061,14.62397997898956,6.989700043360188,12.30448921378274,6.020599913279624,12.041199826559248,3.0102999566398125,6.989700043360188,12.041199826559248,11.139433523068368,9.542425094393248,15.68201724066995,12.30448921378274,13.979400086720377,10.0,15.68201724066995,12.30448921378274,16.127838567197355,13.979400086720377,9.030899869919436,17.853298350107668,14.14973347970818,12.041199826559248,35.98243191653623,34.13969971748061,30.79543007402906,23.010299956639813,25.58708570533166,15.051499783199061,30.141003215196207,31.389339402569234,36.056282220076184,35.6062387454993,38.47140617413406,36.53694795315082,40.19863713967843,39.185545305502735,38.30781075606361,37.52048447819438,35.417040232842886,37.623033632877686,34.149733479708175,33.51216345339342,25.622928644564745,27.752462597402364,27.363965022766426,27.671558660821805,29.894498176666918,34.608978427565475,9.030899869919436,36.27365856592733,35.780658838360914,34.83444648098535,35.16006230386048,37.27947709544797,33.11329952303793,31.64352855784437,29.041743682841634,25.118833609788744,25.563025007672874,26.074550232146688,32.47727832909723,33.106933123433606,34.75089803389007,34.74216264076255,35.182506513085,35.14813294999285,36.54850090561394,35.987905067631154,36.5991620006985,35.33772058384718,31.245042248342823,33.62670929725667,30.895518828864542,26.283889300503116,25.58708570533166,49.97548013229129,54.72610197596045,57.97700234382403,60.51612823599182,62.23488153185183,63.637617950454654,64.741033036744,65.26538412620393,65.60116782280315,65.45895675235163,65.26421216892082,64.58634525716029,63.46983417405966,61.76654029449877,59.19269035317473,55.270276570152845,50.6164847055997,52.64463634204881,57.33040698211633,60.37149895774036,62.49840149430782,63.94079569246179,64.72713310180751,65.19392431295388,65.25779115874472,64.98536190424292,31.958996524092342,63.18397279217511,61.30296771463318,59.063420464983096,56.055086749640864,54.94428725473018,57.54235924528945,60.4755521815687,63.027042268188794,64.86063334245172,66.04292596593419,67.0269973281062,67.59081415742119,67.84356209606015,67.91238298233586,67.45527284337601,66.96401126625089,65.89075332281324,64.5426236255598,62.33919590962412,59.092874538110074,53.98134529030622,48.27039549428924,54.720085852958306,59.57500974848276,62.378015239689084,64.28357879819895,64.86559968571432,65.29791218106062,20.170333392987803,22.671717284030137,16.989700043360187,22.09515014542631,17.16003343634799,22.04119982655925,15.051499783199061,23.010299956639813,17.853298350107668,13.010299956639813,19.138138523837167,16.989700043360187,13.979400086720377,14.14973347970818,13.010299956639813,15.051499783199061,14.14973347970818,20.0,11.139433523068368,19.912260756924947,13.979400086720377,11.139433523068368,16.020599913279625,20.253058652647702,17.853298350107668,23.979400086720375,0.0,6.020599913279624,0.0,26.9284691927723,31.338581252033343,33.14077991779213,31.958996524092342,29.91226075692495,37.57547853469244,32.40798771117331,33.36259552014193,37.522789854601186,24.712917110589387,28.169038393756605,32.42044239369551,28.692317197309762,32.04119982655924,22.671717284030137,25.865873046717546,24.232458739368077,20.5307844348342,22.55272505103306,16.127838567197355,6.020599913279624,13.010299956639813,13.979400086720377,19.294189257142925,15.68201724066995,18.129133566428553,13.979400086720377,12.30448921378274,15.314789170422552,10.0,19.54242509439325,16.127838567197355,22.671717284030137,21.367205671564065,19.294189257142925,22.278867046136735,9.030899869919436
6.020599913279624,3.0102999566398125,6.020599913279624,14.14973347970818,52.447841202973024,54.845389914321245,56.21961042727226,57.64576604906958,58.460728668793,59.33658339863846,59.62314394179755,59.68015713993641,59.58279515977501,59.56931138592082,58.49227716788007,57.71070576060842,57.20080709674346,55.61374521465963,53.32684826891548,49.134959596171235,46.89566339836786,46.79618653543475,49.190571620171745,52.21615036310574,54.45836076409053,56.02790077780619,56.92720929176541,57.85984343084963,58.063407688888724,57.42857833935151,6.989700043360188,55.91430818952526,55.68071416175263,53.80160571066205,49.81370042400207,48.05534839182783,46.431465884438936,48.72191248076707,51.72407337909087,54.44450780793918,55.77575663425206,56.65918540181035,57.35232309051888,57.407683678953,57.154693343562116,55.65461738703381,54.38189390572501,53.72751873368449,49.21998431308271,45.34660575828444,42.23158342460344,43.9420644536023,47.39422016155787,50.35741837716019,52.995421628891506,55.097413584702295,55.75421100057143,9.030899869919436,6.020599913279624,10.0,17.24275869600789,13.010299956639813,18.573324964312683,10.0,9.030899869919436,17.24275869600789,15.68201724066995,16.020599913279625,44.842001537636314,46.904176023398215,50.085703662158984,50.8611057380132,51.32455014062346,51.43367716364853,51.78116134152993,51.76166530242563,51.61730262363385,50.61490176624815,50.59495258231457,49.72781203735423,49.454784329676016,49.55090967093244,49.674590490637655,48.186217263758884,48.84574480084643,49.63457260116708,52.2416257599624,52.88036722634327,53.937243293038016,54.4398386543978,54.33969739328581,54.990736897141446,54.95544337546448,54.87110081755433,21.84691430817599,53.90979240478947,53.03325678218915,51.77735566056072,49.64037946693537,47.5624803616373,44.31813910252937,41.57305630327966,44.98324340697171,47.08803182944582,50.07320952922744,51.95526053832314,53.17499221107131,53.96542809691433,54.3747944041242,54.26537285722319,53.86700459977348,53.39509078396857,52.009872191631665,50.2282824937759,47.99409479615127,45.577717882892365,47.047851870884394,48.35468612492718,49.62889987391791,50.047726335209234,51.01802044452345,49.78440741646193,52.948011871133154,55.7840309127229,57.443501027845805,58.852871348363976,59.63140151446781,60.1163894423765,60.35759836617005,60.24571861263604,59.93561430350744,58.90663529978673,57.6259604743806,55.80060085598399,52.72788125941824,47.88140077419414,39.206450014067876,46.85069629391148,51.936726883379684,55.33376718804544,57.50392670425053,58.91747585289786,59.97659371069136,60.36757009302799,60.64173732848619,60.47259676549187,59.90041230024249,17.853298350107668,57.645825793125965,56.15403948558189,54.06610002561182,52.21221175166608,53.80350555510823,56.09100078010215,58.09000495184327,60.02555239895442,61.086073011221984,62.073790467425326,62.665426023350534,63.10151433630458,63.10820715018279,62.77426061551739,62.21107906575463,61.169595526406994,59.74868929141607,57.593905630175264,54.571625212017274,49.58224532762944,42.44920043912454,49.40561306591319,54.29766810057992,57.309840384955244,59.051290908858604,60.44041290062996,21.13943352306837,9.030899869919436,21.13943352306837,23.117538610557542,22.671717284030137,12.552725051033061,19.912260756924947,20.253058652647702,20.253058652647702,21.958996524092335,18.692317197309762,54.45573069936769,56.90515922035801,58.90255541762561,60.407051663421356,61.66664516307251,62.539001399667185,62.96931169002394,63.165984640911574,62.97738850531922,62.64344089329121,61.64367728628462,60.40109227006556,58.857286315176324,56.17781159047215,52.009735489926584,45.820747317283974,48.165859466090666,53.62014753226038,56.76490586651628,59.18437166124032,60.65281618468283,61.57737140577086,62.14422324940025,62.66327908373824,62.817733109500395,62.0211134718503,38.02157753186962,59.605777920138095,57.878605778959454,55.45451857171014,50.50217300517707,47.662492122031715,50.296637464830184,53.977679939960495,57.13525822837415,58.92811709791553,60.4796957212993,61.31121860466183,61.73368400720208,61.82329326017467,61.625635104537004,60.638679214746965,59.49600759113824,58.234024929261395,55.14924774383595,51.32118745149423,43.88811413473523,40.94156561782523,48.85202854631204,53.15760490665735,55.89889309474962,58.010337503901496,58.811254865573346,23.180633349627616,17.16003343634799,17.853298350107668,19.084850188786497
10.0,20.374264979406238,21.13943352306837,18.633228601204557,48.469923898235024,52.3567234623641,55.49695863083646,57.02827596460941,58.48943087299399,59.15362367121928,59.8202913687857,60.116960198523415,60.10429716658531,59.70430565175468,59.35380284142681,58.39093234070023,56.562065224468384,54.68319262855012,51.931802735653456,48.279182567453496,40.154016737029494,42.92699003043929,50.53362755636154,53.50838954582554,55.678682457079475,57.08755628300842,57.98206457555581,58.36706961723729,58.3183011671455,58.18517525403604,20.374264979406238,56.45740504336342,54.25002438594207,51.87760362700874,48.98884174452111,47.358941834059166,49.27313890817926,51.78568345758811,54.39018308786682,55.53724079747824,56.62238255862255,57.42976368267033,57.44430683504337,57.18006493633168,56.55265245657627,56.11428014813272,54.47934413876343,51.02492019350667,49.16937982863775,44.96209838095885,43.702909819487274,48.83008082962908,52.21343805999294,54.438854212210956,55.747070829026,56.09962389885065,56.59616747266708,6.989700043360188,9.542425094393248,9.542425094393248,13.979400086720377,13.979400086720377,17.853298350107668,14.62397997898956,10.0,12.041199826559248,6.989700043360188,22.04119982655925,47.64056516750408,48.91258616904139,49.376833537720486,50.28066722704973,50.78862646593479,51.5957020080272,51.7092438897495,51.66693511858705,51.63045030515394,50.7086869911476,51.62089230415646,51.02231262182288,48.81840968324927,48.62041886339838,49.19104253906271,51.53442888059725,51.4744443254818,52.34643807761769,51.711352940167785,52.85557309007774,53.14882198164818,53.61489852978373,54.39757305156498,54.19631971103524,54.12057146690156,54.12986086859373,20.043213737826427,52.72472848627142,50.22642784659061,47.42332282357148,46.15960567133985,37.641013764762285,39.143431571194405,45.377813286936764,48.118430061764776,51.02395969134299,52.904642389665135,53.8065435785981,54.28539730637989,54.56707564042457,54.49759095653012,55.045048435188015,54.394748033167836,52.67324291556049,52.24846304606369,50.43460523577912,48.43855422623161,46.69595781024313,46.3138288234131,48.436687229791445,49.90027898770295,50.50217300517707,51.070063463815444,44.55788614818158,49.8525128379102,53.5581535511577,55.97170645135526,57.854608155600545,59.181582984310516,60.116655804579615,60.622035507836074,60.85003927801325,60.64231048515662,60.34254553835999,59.47873675542706,58.03730853397769,56.15437639526676,53.40880173413645,49.75505333625941,44.32648660013107,47.3188678713581,51.79071848962589,55.09911873008641,57.12077840885853,58.460115786205606,59.36876508307252,59.82154048199014,59.71166797437559,59.4090777129762,21.13943352306837,57.197165109965944,55.09133944103958,52.13520413223545,50.06213521810737,50.784024372094414,54.4774858035477,57.51342241499194,59.52688335456999,61.27967668067142,62.3762541200574,63.12492592285657,63.483360220725615,63.62896214537678,63.47779886985619,63.207536656680006,62.30827359049211,61.20771621798355,59.45059702895159,57.11331352712209,53.50529055507727,48.00854491503561,44.85068074290869,51.422298617331144,55.51353612940797,58.06951518111674,59.75437782889614,18.129133566428553,18.692317197309762,9.542425094393248,15.314789170422552,3.0102999566398125,18.129133566428553,16.901960800285135,14.62397997898956,18.692317197309762,17.634279935629372,17.24275869600789,54.662297917058346,57.09633699885267,59.41090847888691,60.88490470182396,62.03540083969378,62.7592492345757,63.2785119633353,63.38017395213774,63.310880296535245,62.75000209927349,62.13401132606241,60.97500252231686,58.89996577857105,56.544316510554495,53.03671144664021,49.13225567692707,48.20181748244902,53.12448176922109,56.55455392526794,58.970825075405955,60.20215802784836,61.51448304266906,62.21377197334024,62.36779028695849,62.663326125550725,61.835559565997606,33.56599435724971,60.376726611815045,58.0162937473444,56.45517567862521,55.30282962024132,51.56334070828272,51.68214540151125,53.7362175180824,56.253988896019045,57.7358241025809,59.17554345242994,60.388974179390196,60.64594620737221,60.92731870244529,60.70744729037136,60.525092601906266,59.663224555377425,58.062356143999935,56.58817195541638,53.85323800981454,49.47889344957578,42.85872227069257,47.45855195173729,51.90995241282388,54.83508845888519,56.4511166722858,57.52436449160342,15.68201724066995,16.127838567197355,18.06179973983887,6.020599913279624
12.30448921378274,15.051499783199061,13.010299956639813,21.613680022349747,50.111685247085475,52.69237336629572,54.303137551105294,56.03465913064724,57.603877987983424,58.556463362645765,59.17799490936301,59.36789110457169,59.50325902451625,59.84268009397114,58.9949000659653,58.37972694559178,58.05672774837424,56.6407100135882,54.5983861675526,50.91107465192291,46.786458262237616,41.8366835736002,44.57412544636192,49.757166490255294,53.13044233082023,55.31300053075186,56.80669039528113,57.68588528179443,57.97113051363314,57.56600359242761,17.634279935629372,56.10124415804237,55.79103049953016,53.7074248156581,49.691595470402,46.97447307372525,44.10017608203052,47.50970984437319,51.35081742080124,54.57048826585631,56.27007210742902,57.25493463416953,57.690758742872,57.95269491522085,57.80390048573957,56.820312961801,55.5819599263073,55.17582498723796,51.45895315578768,48.58837851428586,44.81800809538611,43.91993072259713,47.34719841655679,50.365091285327296,52.8225268088262,55.25355831983467,56.051638505432386,10.0,19.49390006644913,13.010299956639813,10.0,14.62397997898956,15.051499783199061,12.041199826559248,13.010299956639813,13.010299956639813,17.16003343634799,18.129133566428553,44.72493160747825,46.344067293655385,50.005728906913845,50.57730748889896,51.4685022498215,51.35974969813322,51.426678510041775,51.54442233185506,51.06792439151665,50.494971222789964,50.3867578622587,49.48979917173584,49.598852984945914,49.79953345254416,50.23865390678089,48.516557603728046,48.909461025504086,49.82569707906894,52.54318422766606,52.75967484262766,53.87469914247595,54.31675700734037,54.43951053179596,55.150521443644145,55.167376009477394,55.16141223232361,14.14973347970818,54.552606692879834,54.307198878632825,53.1805080705663,51.446987186431244,49.801306853344045,47.549901277506876,43.6657236618312,43.16892503761295,44.352868122401276,47.91079821925889,50.795430074029056,52.3666319870341,53.474510153486406,54.162626232637436,54.52315553340427,54.28473346911393,54.274893549318016,52.99587917889758,51.78945308794396,49.95534286177595,47.582531418262015,47.88634951620105,47.232421666982056,47.9762757198769,47.42890021953482,49.44250657451528,51.430429191303794,54.12011740649718,56.54739507820202,57.955324427101544,59.16037352519311,59.638114296651665,59.91063849703127,59.95165551769435,59.48109636249457,58.94515991541042,57.600611750861,55.75049218183311,53.023417534368804,48.31856981912957,38.36134149465374,44.27761918589799,51.179669354917664,54.85485764894402,57.134653415224065,58.71395445622754,59.73120923313309,60.34858174935234,60.65962307844329,60.51696111821761,59.99181452586099,58.98047438786233,22.30448921378274,55.36539504899256,53.359891600897775,51.00870041096604,51.41844692018645,54.80113346450172,57.539972410732204,59.39784740034612,61.0620790141298,61.92014337490342,62.75426076073686,63.076331506327136,63.192612111555306,62.960517000436774,62.390683779917744,61.63931742991736,60.17575868391074,58.28964569003163,55.330828411920535,50.86253023817161,40.137638547339336,46.064351111018745,53.07791172280395,56.89281326289873,59.02890165567817,60.26485869500849,61.23001813306024,21.13943352306837,12.041199826559248,20.0,18.129133566428553,22.09515014542631,15.563025007672874,13.979400086720377,15.314789170422552,15.68201724066995,16.989700043360187,26.19093330626743,57.1175072491844,59.28355903521321,60.767081490158574,61.84237597315505,62.87216829594641,63.26634438153637,63.51105097538806,63.319738193512045,62.870856733647656,62.19899262543302,60.84814270428722,59.09571539481419,57.02141772507515,53.16745927670932,47.243741892967684,47.71675653550709,53.35203066588924,56.73111260487846,58.870419855543034,60.44816397812611,61.56938146113795,62.40071011542046,62.678990904183536,62.64216948199228,62.164543680851494,61.619573441377256,35.00922239190301,59.3712504397748,57.324725690779495,55.29948529072107,52.95929776786988,51.317277054035145,53.387054443032554,55.8027932359801,58.46991154381009,59.49355359298607,60.5406505366433,61.046646168016295,61.31871341237382,61.33120059351512,60.929352832535116,60.18081479274633,58.73634436213184,57.5615667466798,54.606092190490386,51.5170379450221,46.838751919602416,46.71672595620886,49.540204799584274,53.128646568771856,55.41525577807019,57.20021961912736,58.02212541654175,24.593924877592308,18.129133566428553,19.294189257142925,18.325089127062363
13.010299956639813,16.532125137753436,10.0,18.129133566428553,51.22006055165492,53.59085724959798,55.34394211412905,56.95209281438322,58.23757145715228,59.064050836537874,59.673705718772105,59.95804492574952,59.924549841023385,59.89427123407178,59.14448940698554,58.36782858031188,57.627520650361824,56.056928283323714,53.83501196445383,50.15728497610436,45.81938286281986,45.41029788550852,47.98194707696717,52.14446445718394,54.40206719717573,56.27906339678832,57.383301803909255,57.99843488238604,58.26502404600207,58.00926616043527,18.573324964312683,56.37819827944968,55.37088362402535,52.93691742275966,50.5355859221326,46.803899101516116,46.13059175689517,50.35881809510414,52.72391674039022,55.406597634094645,56.715514120901545,57.33897511884983,57.787769073755925,57.9196068359082,57.70586937520651,56.39571148518725,55.06349416162233,54.248767385453796,49.76221551932937,45.074510609019704,38.127128667653686,41.96590654117307,48.28176362083548,51.03701119589515,53.19016483344926,55.35800290824898,56.16254897182604,14.14973347970818,17.16003343634799,17.634279935629372,14.62397997898956,12.552725051033061,0.0,15.314789170422552,9.030899869919436,14.14973347970818,15.68201724066995,19.294189257142925,42.04608289327035,45.01059262217751,48.58013563184616,49.52162574214463,50.71163723611753,50.8735898167906,51.1254132715126,50.97385739109914,50.54620714004017,50.684122297783915,49.571761304048465,48.87403475810974,49.88995707002408,49.52913467005278,49.61563462362069,47.14572829548164,48.591262834497485,49.532037869861654,51.96609986350764,52.347702951609165,53.50050214200543,53.93178454209466,54.04719143514996,54.49092531119419,54.65295091299638,53.766389946942006,15.563025007672874,52.16727877284265,52.107411023865055,50.28579385471854,46.103194063192376,44.32985316205376,39.40516484932567,38.44725627973226,45.14653989080068,48.95952658380971,51.2326674568785,52.74400339641551,53.94509466166804,54.748293813449244,55.19654766266997,54.42730552661371,53.75943300958664,54.21985411998638,51.80036941825528,49.92540263474787,48.16387145402351,47.4149826548613,48.16460049744987,48.43438349493166,49.342206159204196,50.45518562884493,50.85939572083597,49.797304306622856,53.13709074655722,55.669569205679174,57.46501088296097,58.9072329879764,59.66499350211089,60.20974166622658,60.44743924872908,60.35619025306012,60.18218097413556,59.09002111134864,57.959446355555066,56.61177337370289,54.04554926366447,50.013399008667236,43.19251841140254,45.28415301936139,50.930187251686746,54.45059047392219,56.73021829196881,58.322872382223906,59.295481729554176,59.8235989244595,60.12162912572261,59.93314522808829,59.11418639844171,20.969100130080562,56.576380293028244,55.13433361512228,52.81453815383721,51.132613087609975,53.45256072776664,56.06493149302658,58.28104108049666,60.180227369247746,61.44262773761991,62.31473668293995,62.95966686898821,63.391289299843805,63.42210416881657,63.14862216314136,62.519850309178146,61.435309601511705,60.27369588939149,58.02941255413151,55.180201428014904,50.225108504340305,42.08575708947575,47.932454292680745,53.65461776674494,57.06555638218465,59.007346211628004,60.361600194417164,18.129133566428553,0.0,11.139433523068368,16.989700043360187,24.487063199050798,20.374264979406238,20.043213737826427,21.072099696478684,21.13943352306837,19.294189257142925,18.325089127062363,54.93421800183643,57.51295274221523,59.545222979610415,61.029856566208885,62.261563633558474,62.90075811705175,63.36152416833162,63.43050177619304,63.24295010549097,62.78034820543542,61.69602143575367,60.304041847240626,58.52068072540463,55.58098690581311,50.75816942933529,45.85201203328446,50.41317664177534,55.12369498612321,57.872684356476476,59.838255748937684,61.20687425159942,61.88659109549042,62.654652414833095,62.843968913975054,62.15707605283758,61.548528819363256,27.664128471123995,59.1285629039525,57.90721351040442,55.180201428014904,51.96695590184761,50.20129154869622,51.202579657631006,54.56926002959779,57.12036543439374,59.066582176716,60.0648529625758,60.85947054817349,61.163011726533,61.295780824181065,61.049157313911195,60.21344790017216,58.96006737634552,57.67290216754173,54.89159430022444,51.58691104535583,46.39735439967236,45.34356146013838,48.813618286025786,52.823274992385265,55.43955113103283,57.480918511510595,58.375404611951254,14.62397997898956,20.170333392987803,16.020599913279625,10.0
13.979400086720377,13.979400086720377,6.020599913279624,6.989700043360188,48.592584174673064,51.927903971206526,54.64110827795029,56.50949260515753,57.48499676555589,58.30517456513985,59.035159295084235,59.303728143073556,59.52293468308801,58.97569914582376,59.10410939914688,58.489191035088474,56.71121909672033,55.2448440020075,52.939919911202004,50.989896394011765,46.6698571832966,41.575474255778076,47.90179569070148,51.32659850327717,54.13702012781114,55.749949106465884,56.90940832233585,57.619052965994435,57.85870586426097,58.20219855836542,13.010299956639813,56.983807013807954,54.81995536032021,52.81764912156146,50.611885046620706,46.098077693287024,46.53839375402497,49.31076296950677,52.73441134312813,53.98148420008631,55.74346161804142,56.70640065461623,57.275493898078736,57.24447914464339,56.95551718338894,56.78905156769132,55.79994978006177,52.58936445429234,51.769358638315985,47.85820808516618,42.281179241368456,43.23313990462066,49.69793193205612,52.54270059005661,54.419966025595215,54.98278842241121,56.10959169814856,3.0102999566398125,19.54242509439325,9.030899869919436,18.633228601204557,22.278867046136735,18.692317197309762,18.633228601204557,14.14973347970818,15.314789170422552,19.54242509439325,20.681858617461618,47.42732984660128,48.33867150173209,47.84930955316871,49.48667207934095,50.60040236302814,51.74016172463816,52.043913319192995,52.319408398230905,52.33191625879435,52.57450570410951,52.264890622047,52.011484946878674,51.29383716228617,50.489775430859574,50.01599597193084,51.326854480692184,51.08392489320873,51.161060899443704,49.83324024847812,51.34055921872304,51.70379076423074,52.898229804442316,54.10017608203053,54.35452560112313,54.76983706354086,55.18979569710737,15.314789170422552,54.54431702828615,53.58924215388512,52.506005141807165,50.95130978336526,48.5033985458348,44.46925311242748,33.72359582524324,33.77306251068199,44.647875196459374,48.54548935812951,50.98037713285091,52.49865801395558,53.703076439632156,54.358077487036915,54.95982573414369,55.18862551553151,54.04183498212663,53.96635166983693,52.80935583136947,51.31570549296703,49.316815713472224,45.45962394159521,43.71621927176022,44.77584255277271,47.65355571196678,48.88993384102904,52.284516907144,55.10786217922839,56.808972847448594,58.40659279182717,59.29474614024386,60.05776185858315,60.27735204225225,60.18834427077935,59.83431870902809,58.955358014600364,57.97559050592983,56.255686297173,53.7504327289896,50.02779258668893,46.08793373986931,47.3917663191073,51.397531856953535,54.32046838379681,56.673044268015246,57.93382431124062,58.85960223614711,59.323565502329984,59.37823696145116,59.32133197068832,58.58900962303822,57.521691111150645,15.314789170422552,53.090528534652684,49.786825651569444,49.0073844188815,52.58642070949961,55.65039846288033,58.292278450847554,60.13775635474646,61.47981922918522,62.54328094872524,63.1122921314101,63.537123972810996,63.54192215311778,63.33875312111036,62.84802601397567,62.006371272363346,60.74632521130511,58.977776938938305,56.45628559354666,52.64331329632117,46.268841782393565,45.30455843584676,51.169595526406994,55.17591730711908,57.68076929276127,59.51182524766001,60.650345441056864,14.62397997898956,20.681858617461618,22.87801729930226,16.020599913279625,16.020599913279625,18.573324964312683,6.989700043360188,24.74216264076255,10.0,12.041199826559248,17.853298350107668,56.778477551579684,59.05007500697232,60.910071025962665,62.158291605443345,62.82287597719393,63.34491750255661,63.59372683770257,63.553605137331886,63.26796542253948,62.34936696457691,61.68768464720429,60.107785195020654,57.5600969460349,53.84965977031358,49.09347389418558,44.48551739201578,50.95573806894607,55.37205614405451,58.675028428227954,60.11980018032858,61.29085389969419,62.285299603522795,62.97363447934731,62.779152897623675,61.825986607146774,61.801975823353395,39.34346926738256,59.97690371504187,57.48017377794305,55.07415959525366,51.98054704247514,50.92415338526592,53.888912396812486,55.40291926094344,57.97074940129847,59.2919047783666,60.376623076102945,60.976688438695284,61.15586882749358,61.06836587366794,60.75784116304216,60.201001301716836,59.207336238909036,56.77720985669002,55.26159576726029,51.171419826288684,45.987905067631154,43.322970386888855,50.726542173330344,53.91741157723854,55.97301290890538,57.15188277117357,58.32554894393568,22.671717284030137,18.692317197309762,0.0,22.671717284030137
12.041199826559248,10.0,6.989700043360188,21.84691430817599,50.37298979924027,53.50753754378949,55.510399085015464,57.232495590216,58.19096908655693,59.044542409871816,59.38896317317533,59.549951166015674,59.46629091016426,59.26118552311881,58.456021493470956,57.57821004205886,56.98518972537782,55.27127013839176,53.07692816441323,48.09694358716924,43.805910832268324,43.313260505750925,49.11732734557229,51.7900283162336,54.3422388611155,55.93686939611458,56.425120031477306,57.523880639532756,57.60663691139439,56.8854973493547,18.325089127062363,55.013619298505965,54.484110229296334,52.60357641636152,47.580788222496125,47.5332255728171,47.78447916930081,50.10681493131443,53.04906096915257,54.69151654840336,55.75430335305532,56.42975677733812,56.98817974660607,56.942260128077024,56.71500523428092,54.86392219580309,53.51564415204105,51.8537781143487,48.38351570159206,45.481805134080275,46.099037471885424,48.64469548179421,50.357498373196606,52.574217613308306,54.45619769105104,55.87487588197728,56.351468368816995,10.0,16.532125137753436,16.127838567197355,3.0102999566398125,6.020599913279624,9.030899869919436,16.127838567197355,0.0,15.314789170422552,16.127838567197355,13.979400086720377,46.38139683961196,48.32061614590727,50.09705788390519,51.27985457841426,51.499884564914765,51.908917169221695,52.0738928400275,52.20455907553205,52.17433931666727,50.268803979170684,51.663264865739166,51.02605194126567,49.47654244351499,49.88166398464038,50.378804768273085,50.138479958718314,51.057485555269935,51.70173673806271,53.46497715155829,54.132746111628066,54.62927813375927,55.02539093433495,55.38353766263111,55.25371377385301,55.12077079921326,55.41115999119057,15.051499783199061,53.85951070168439,51.25497531106933,49.21499194374012,46.898414091375045,42.865687340572634,42.91213400273597,45.841615449428666,49.12370871247302,50.8541902760865,52.64612428687347,54.069521389654014,54.56936618718531,54.87953856660782,54.9678024720648,54.98565540758379,54.346599047402236,52.81780801629183,52.1761552866633,50.059908396280846,47.58866493389423,46.54407590552626,49.08967300418388,49.80185236947335,51.399860733119745,51.684031895462404,52.0828007854531,44.43951053179596,49.7846356093812,53.41855754058585,56.03656343275219,57.717939237687126,59.066043717249805,59.92572073252867,60.4915054667874,60.74876389617675,60.46245363425119,60.170020188558254,59.27564366171762,57.82106257664545,55.78987422636267,53.0190638566123,48.1125989403922,41.84379080658596,47.36316807904109,52.939919911202004,55.85777592458069,57.84364058651799,59.215434208086066,59.9318263431173,60.420637436359186,60.47926404390982,60.36530289741495,14.14973347970818,58.5721787581877,56.463488232246426,54.32006687269598,51.346009914416825,50.90786927949267,53.56324212568111,56.55541795408254,58.84609602466426,60.49742349275931,61.62842098926707,62.57970725575884,63.187259634666276,63.426129390871004,63.4183005692051,62.8804209241003,62.31704514856689,61.05819360487971,59.66836048605387,57.35197151206045,53.800447302434726,47.782091524545116,43.46450777509695,50.63577276106099,55.12733745058976,57.80187652643173,59.56231840526967,21.335389083702175,25.865873046717546,10.0,-inf,3.0102999566398125,6.989700043360188,20.374264979406238,10.0,21.367205671564065,11.139433523068368,23.384564936046047,53.92239560398111,57.11582012156296,58.91979889255511,60.84089881797294,61.7925670387855,62.92344693840592,63.3529779404595,63.571518400596254,63.418715669262994,62.9350862106275,62.336011612644825,61.152286305925834,59.53647601273992,57.27523364377952,53.607637659541545,47.67155866082181,46.422369259221426,52.966673836624665,56.57533887557986,58.922337773373705,60.62651916929519,61.68052354080827,62.052230457902475,62.51578850646047,62.349827110941604,61.941803756408255,38.373990243420224,59.73722522124761,58.764147300214525,56.87437990625689,52.280562776329646,52.27310689868947,52.44971930799792,54.68881745015028,57.24683750931796,59.06206782065198,60.109598032685255,61.0108688458908,61.5641133031002,61.9136856334901,61.63381449240137,60.591580892350045,59.85060290790952,58.37170354870952,56.140161386871135,52.43464688491275,46.278265379179295,42.105057906809726,48.373485000151874,52.72899345665486,55.67659104007604,57.491834361190584,58.575881723512,22.278867046136735,12.552725051033061,12.041199826559248,9.542425094393248
13.979400086720377,18.129133566428553,9.030899869919436,0.0,48.822398480188234,52.95859463132725,55.734251489251314,57.43127825326692,58.70100026974817,59.501008867172956,60.076338567474785,60.3687670780225,60.395588598813276,60.174361276254245,59.61828143321771,58.804162597030974,57.60665198266481,55.93955826233376,53.48890667959523,49.29786642970103,43.50344948249062,43.41632335778054,50.143062787709226,53.13365172592994,55.400615563777755,56.9559111191522,57.597418572682614,58.38391896846875,58.42540595690268,57.89835151103099,22.30448921378274,56.13634663672734,54.99890438745438,52.50312635346117,48.64303376933002,48.202343095656,49.23000372247522,51.36431998330211,54.17803722639881,55.51676845384846,56.73821446783154,57.49601833468709,57.9196068359082,57.858449870709634,57.36697614956348,56.61647073279469,55.422339358705685,53.05705970134437,51.01159141699892,47.93769437506466,44.649810920100606,45.71999816397063,48.7073739964689,51.42320624361766,53.583936614422655,54.79811322583896,55.62598547761002,14.14973347970818,20.0,21.73186268412274,3.0102999566398125,17.853298350107668,0.0,6.989700043360188,16.127838567197355,12.552725051033061,3.0102999566398125,12.30448921378274,46.24539913879395,46.77762030201842,47.700858001025914,48.93056778945034,49.24113809023528,50.13115421368239,50.52740100090059,50.63017939887928,51.00677200390068,49.502187666418635,50.716537587111745,50.259363635062364,47.531615811324514,47.856500980706436,47.75399256011268,49.72628590095014,49.86435809679247,50.698493234011444,51.37699004259602,52.56681673509182,53.21235849327542,53.60767550803948,54.31262416955576,54.27619168484274,54.423292293655834,54.76611383344493,0.0,53.83091537186119,51.35069013823448,49.600186476802435,48.651335980838525,40.54536452654951,32.595938788859485,40.61037590063418,45.91910100931143,48.73535660952812,51.01090325676502,53.032651933273335,53.77306251068199,54.414406100542635,54.49697419675048,55.135651629785734,54.69562834150758,53.27475411873429,53.19401737130818,51.690186775993354,49.893474616193096,47.171127171763516,47.036008638863116,47.96255085770202,49.33917319988705,50.13494493492967,50.706325351328175,49.35371212601676,52.808900946524666,55.50210002196331,57.46374167061929,58.7311241614909,59.58224532762944,60.322902971507375,60.48138701654722,60.42358901798373,59.810503272373545,59.20703911308493,58.01118889611851,55.9120934773169,53.151177043823914,48.51802405105485,42.49467414272289,45.73080570652593,51.38899245775274,54.799062670050716,56.97432489244783,58.35452753936842,59.277418698222576,59.91846496170127,59.95754499521137,59.705518855079625,59.28488027623757,20.644579892269185,56.6441724993231,54.10520797445955,51.60579566652974,51.35641416386668,53.58091012549192,56.29949582692884,58.74394834126341,60.40846315010363,61.68575555228266,62.51484669598784,63.088639414276756,63.370069602328634,63.3526709016313,63.03032031667526,62.3875771255241,61.43579640491875,59.9421241654928,57.77136712504173,54.80328949260783,49.5839663092307,43.51680376527895,49.40142791106066,54.26514514494578,57.33088878652878,59.27580785739272,60.57022171190843,15.314789170422552,6.020599913279624,19.030899869919434,12.552725051033061,14.62397997898956,23.654879848908998,15.68201724066995,13.979400086720377,0.0,10.0,15.314789170422552,55.10857214672109,57.64637091967715,59.59644213563113,61.13485096980714,62.11511924326789,62.836747422484144,63.22211229190075,63.27653133094465,63.090475241166416,62.44281080163687,61.55972434967672,60.27157089058107,57.986299313829946,55.4026188479952,51.721415401850905,46.788551225805755,50.22646906957838,54.21921306459253,57.571727501173996,59.43016429997926,60.865509493839056,61.77820934579816,62.217711776945094,62.54031788869821,62.179390568502825,61.52298437024869,36.35986111800833,59.78896899829762,57.65632796622928,57.1150775777258,53.94066248609144,51.5381791201441,51.905389892831934,54.41302286693167,56.87495072438027,58.610113894842854,59.76640176014804,60.68507936829053,61.131451878226784,61.18941935360486,61.09959694882197,60.489903461614574,59.364544250614486,57.97806092112647,56.0116550991782,52.74905670008061,47.74385562646842,42.23288219096948,48.8778041141103,52.612366913498725,55.42567760400785,57.00167872199975,58.19860986360546,0.0,23.180633349627616,25.2244423350632,6.989700043360188
14.14973347970818,20.827853703164504,12.552725051033061,16.532125137753436,49.57856204830935,52.35957479466621,54.101966617953245,55.96986137136656,57.23588649228881,58.259607043875334,58.72613644132904,59.04252880762833,59.02499488103565,59.16960067211499,58.20602060800836,57.307540213888394,56.80054355014471,55.02964875047279,52.334048151641575,46.6468897458024,42.87913647076034,46.975257478615475,50.91754862561454,53.962708515453635,55.99168845422192,57.439399264805175,58.152223314514856,58.79418181934746,58.887482549733996,57.95041193153694,14.62397997898956,55.585417790256066,54.665740388685855,52.04488976165508,45.053263746251055,43.396501576136835,47.12548691164632,51.45895315578768,54.292288739765915,56.35533004275163,57.33685872475208,57.82180846546602,58.23487270850815,58.062213657041504,57.386616659850446,55.36702341900391,53.61276312767363,52.27290103777322,45.74598375421016,39.696488404807255,44.60897842756548,48.840983483140135,51.0539095031064,53.31275418749689,54.98361563161586,56.330986428686394,56.645611253351056,14.14973347970818,15.051499783199061,12.30448921378274,12.30448921378274,14.62397997898956,3.0102999566398125,3.0102999566398125,12.041199826559248,9.542425094393248,15.051499783199061,11.139433523068368,48.766161461742115,50.39747148865822,52.0779588520471,52.59194756166864,52.57015830344261,52.78252730703507,52.935768863680075,52.66720767104082,52.28656958108935,50.75565208676494,51.26098923288605,49.804442635743335,49.50773638795716,49.959903811625914,49.999001007803116,48.90096713962289,50.150955770808274,51.39075843372679,53.70574149293699,54.11501858139224,54.98379483951146,55.15961223444518,55.35538421098647,55.238764756381315,55.01653441705442,54.770199075162516,12.041199826559248,52.27686214736187,50.30599721965952,47.76555910703262,43.306166672944386,41.147777319715615,43.50887356343713,46.803899101516116,50.01474096691733,51.613500310570075,52.785432600644235,53.904723193382445,54.291270272889236,54.08384140717498,53.936260873187635,52.93240979444369,51.8413472305636,50.611394631694935,48.12813123273506,45.6850679679803,45.25420600820462,47.934061923539744,50.50209563013909,51.693363873360255,52.26870449530785,52.60076160425687,52.48292122630316,38.46213363879387,44.06403909807828,50.251132580265235,53.85695625410561,56.240850196640736,57.917053825086796,59.23966895323331,60.13852202500837,60.65683141424457,60.929622809216326,60.79569404183677,60.33605477745703,59.55682459872311,58.26345666117044,56.409671378169406,53.617353888994266,49.20191179502627,42.66161112219401,47.130703258556395,51.80965540368041,55.17930540764802,57.15341375489324,58.48347405421216,59.488358057315764,59.897491818693965,59.87518347276819,11.139433523068368,58.58244160484817,57.179142052707576,55.198607942350755,51.70158998472771,49.29418925714293,50.823257081904245,54.42098614276784,57.54581477024595,59.44956189713237,61.02435420901021,62.17774429533907,63.062778786669824,63.42914536804311,63.60884864790091,63.340836389294914,62.8297561200045,61.92547661545256,60.67785532462294,58.83158156844705,56.07034465487448,51.37496531541338,42.48708735600918,46.13725571785924,52.98147593575641,56.257999866490735,58.70343614933123,21.702617153949575,19.294189257142925,10.0,17.16003343634799,18.129133566428553,10.0,15.563025007672874,9.030899869919436,19.030899869919434,13.979400086720377,14.14973347970818,53.632207506878935,56.58950556426768,58.462938042529764,60.47860672295542,61.81962716866949,62.83408205782143,63.426644365852354,63.62924272771882,63.54498744411329,63.26591855325732,62.49646611493149,61.428379220262585,60.01368907993262,57.77743546083595,54.464874595673635,48.64914336744156,46.6086547800387,52.227398756087695,55.88114772097658,58.35945367365071,60.05530982310159,61.01193201597194,61.7789994319224,62.129505461277304,62.31460669971189,61.72172217456698,33.875677794171885,60.16696630583819,58.44523150124278,56.79436982175699,53.706185509532645,51.466395813588115,52.50617585744354,54.055853869044945,56.300992328703245,58.52751342900231,59.53772251792461,60.45547110795516,60.88378516882508,61.13798006372889,60.85588094703116,59.996524253660795,59.14461632996726,58.01939215417801,55.35113020741277,52.07068581514097,47.22345942475581,43.87140569465301,47.386616659850446,51.71144079504563,54.64459738965453,56.55335360000505,57.577762496042446,11.139433523068368,20.170333392987803,15.314789170422552,6.020599913279624
12.30448921378274,20.253058652647702,22.671717284030137,10.0,51.596423762134506,53.91550803690841,55.80646755728003,57.124746018911026,58.17222822721242,58.83593872979239,59.35318291502243,59.464522650130725,59.371265498207386,58.91993255487069,58.431361882404964,57.41373024698839,55.76508354430848,53.79939722801916,50.734580621657976,47.7601070267848,42.697463731307664,45.139629873719954,49.151675865229585,52.97937693354251,54.57495853804896,56.23549056918393,57.380357550104854,57.656760040001345,57.768362445463595,58.07000286780912,21.13943352306837,56.64801751490762,54.35470087438645,51.960766535760435,51.24598768146196,45.916099165733,46.689540419979856,50.570610168852106,52.35278403116481,54.52100916578609,55.57113632227143,56.351146407607146,56.444188931263355,56.278265379179295,55.66466954864727,54.989745853751444,53.260776657748536,50.54620714004017,46.54619277243466,39.00694774452398,39.675479762188615,46.74576414677026,51.553724802282034,53.60610451811393,55.00118414135742,55.94884030555407,56.53506769215551,9.542425094393248,9.030899869919436,13.010299956639813,17.16003343634799,9.542425094393248,12.552725051033061,21.702617153949575,16.127838567197355,15.68201724066995,6.020599913279624,16.532125137753436,46.279083856850264,48.441353216866744,49.52927987614527,50.77912702949456,51.740248998668015,52.00842293457874,51.75259512989251,51.527346431163686,51.23263475902825,52.59655984766984,50.284411075066956,49.92473985619664,51.64189220875209,51.199187053477814,50.651837026311775,50.5684389344713,51.190776467635004,51.644510071437956,52.409184911746664,53.06287747352961,54.041560992263655,54.74020933375876,54.88681831079327,55.58604183348221,55.51880419307973,54.38143469092215,0.0,52.55139783733704,52.490711088182486,50.74176225435349,46.02678420438509,44.86246236573056,42.526831619321975,45.41504359131859,48.88482776122159,51.695127923678264,53.07020835292066,54.121882930354616,55.178251029308726,55.70782202910343,55.72278978298784,54.4337721927095,53.67693160446649,53.648885445170535,50.60641189552578,48.52882383510316,46.73002465358074,47.29035130195791,47.50176568956371,48.9614025144202,50.90628333058494,52.21701064384597,52.319408398230905,45.99850335074898,50.25576190887275,53.36763833629006,55.88878734308317,57.868039317025,59.17654624981424,60.00587203280514,60.49300220632195,60.72312407984953,60.81645737688443,60.14850124659461,59.328814853376564,58.37422389855433,56.56306191720318,53.671564352626326,48.57362654723139,42.29425847920695,47.396751706781544,52.15174739097536,55.44917190014527,57.72312903367172,59.20156732273733,60.10778095853243,60.771650660226825,60.88142470123606,60.456554193635924,20.969100130080562,58.71117972319374,57.47433560911385,55.296869537729165,51.88382813400995,50.686496038958346,52.852534215992286,55.74693206866775,58.33530218927311,60.2989529440829,61.614809041236605,62.49253405315432,63.17947438039549,63.432409493859936,63.359833498232575,62.9672879439152,62.14740293542738,61.31377714835966,59.31059500003645,56.9908464294761,53.359891600897775,46.83911162845416,42.027334580454436,50.82559191162552,55.420980905151836,58.198945196945175,59.888910161319096,17.16003343634799,13.979400086720377,13.010299956639813,22.85557309007774,10.0,18.06179973983887,17.634279935629372,24.653828514484182,20.374264979406238,13.979400086720377,20.374264979406238,53.08429942856542,56.157417927539896,58.87802904683524,60.568172216798175,62.034598965316576,62.792828889838475,63.31450174834888,63.55922149829684,63.470301022005515,63.03749268340837,62.2822501413129,61.07321921763277,59.24578019260147,56.83213696048581,52.81169773409736,47.948016292743525,48.71882201849058,53.81818771625734,57.07883436365349,59.33831853388477,60.61337858474695,61.710573882500356,61.959184622087506,62.069607291557105,61.97083357453152,61.958874809283564,30.507663112330423,59.83511722899509,57.781432882451554,54.47041686880595,51.888553924550735,48.74394834126341,51.49767025164735,55.02543189475716,57.10739999934069,59.04367645880856,60.47541594178375,61.33545614336179,61.512993521258366,61.5828316578937,61.35105288371599,60.94412776227314,59.96589155285473,58.35042132959504,56.40307485583476,53.6188641895847,49.14750282615469,43.21598430465344,46.58373952760515,51.37126141907791,54.49109516526999,56.71700342816553,57.76559543127699,20.827853703164504,17.634279935629372,18.573324964312683,21.84691430817599
14.62397997898956,24.14973347970818,6.989700043360188,10.0,49.91199485420423,53.29774037157664,56.11469452946682,57.6732583869032,58.748353715241336,59.52446128240795,60.22092518936909,60.431216790591336,60.43102016390158,59.76210542131006,59.810829897919845,58.83391691428558,56.646156538808,54.83890982965137,52.08981201411852,50.005425290922936,44.90365878570827,44.950445420386785,49.838291810697825,52.84372071926849,54.87390108427384,56.34957650481574,57.405269007221435,57.398388514420155,57.432588362326996,57.8087584589357,15.314789170422552,56.14923568054131,52.744211182324136,50.06003689781164,49.37006065857815,46.39695617444053,49.593896427357926,52.47356965350349,54.571625212017274,55.68484510278071,56.910929906026524,57.57168192214272,57.40063317955943,57.31313114251475,56.62208006852762,56.46991537477122,55.23576096341131,51.99088418471761,50.66061167352772,46.511325785504816,42.495407645016385,46.32781120688424,51.0615688696684,53.212959551309595,54.40822529250775,54.867562546172685,55.61298203300482,12.30448921378274,9.542425094393248,20.0,17.16003343634799,10.0,11.139433523068368,9.542425094393248,16.532125137753436,16.901960800285135,14.62397997898956,9.030899869919436,47.18949868661723,48.58067761546209,48.091285728420594,49.309948511458444,50.258381642297,50.32538179260007,49.96905510695666,49.55596360907238,49.21087933094241,49.84117578175557,48.05181306499021,47.987887139512495,48.28402078491593,48.02725847670746,47.458941785660535,50.35765836084906,50.836817472743014,51.771467586240156,51.50031499475198,52.73871305202821,53.42282499527121,54.03534019798195,54.59769315966737,54.62836563568406,54.64001922048753,54.14535492113071,20.253058652647702,52.37797505091308,50.830150190662806,48.900239917117986,46.21934077126528,40.844332767865446,38.70637963210805,44.818580911005895,48.13614343238298,51.05278499257996,52.417954312951984,53.5164559138175,54.1482800203687,54.47843055665164,54.47024620405049,53.82308876890786,53.16867379944639,51.86303556270325,49.93140721553858,48.270136781624764,46.910549560078906,47.29958110557302,47.78679320825542,49.72966118095299,51.28130983174694,52.77556499901391,53.09510932966564,47.353593330017105,50.82659729773623,53.265488588114565,55.7603020559133,57.493837912449195,58.79038505237237,59.73874290680265,60.18779113827327,60.369852059333226,60.20258498509112,59.69416844315389,58.80837592102171,57.59205358134972,55.49498614930939,52.31413515926957,46.05024765730023,35.80810972660946,47.39113284431217,52.60970067529068,55.74648106688214,57.81131840290551,59.27137239376388,60.150565657120666,60.696599584378944,60.92973850837084,60.67228989338878,13.979400086720377,59.108191001676545,57.78293820334582,55.93624950359882,53.68640128576486,52.749264244362955,54.16057729263038,56.40541061410289,58.49447055423145,60.49860071018863,61.566224361277435,62.42192461215837,62.9704514135119,63.21386305445639,63.11962484141623,62.5947179105583,61.902961125838935,60.74127530468547,58.87582420362716,56.25349498199844,52.03818586300151,44.74216264076255,44.20104340950183,52.04892881542919,56.15750209191384,58.78184454385714,60.375033891472526,12.30448921378274,15.68201724066995,18.129133566428553,11.139433523068368,15.563025007672874,20.5307844348342,13.010299956639813,19.084850188786497,6.989700043360188,3.0102999566398125,13.979400086720377,54.210837781721764,56.44873650756975,58.89404800183806,60.63802308875193,61.81364742968753,62.518936126825075,63.07468011108827,63.32281883682856,63.26791630897368,62.65451100572254,62.12621415711035,60.94799433170447,58.821629497291916,56.27567592780135,52.41636119288679,48.29027023001764,48.64255887753539,53.37658891026142,57.49977351654831,59.56689367379227,61.27950524504267,61.980918616029435,62.619821308331545,63.123527742856346,63.11676104790603,62.44170699429337,34.81299273332856,60.924637807243016,58.743130536794546,56.497835276712664,54.568046615700545,48.79634827399501,50.132797265808655,53.07658600492681,56.27009260989364,58.31540250685161,59.749765948508404,60.772428686238115,61.03193912898568,61.35359125408546,61.04070712877771,60.937329347271586,60.13136068258356,58.09115766775864,56.77556768736059,54.07958261140092,50.02226556276854,43.888291538988405,48.1957025562199,52.66186994523945,55.48733277598153,56.997449624489164,58.25637046666847,14.62397997898956,20.0,25.289167002776548,9.542425094393248
19.86771734266245,15.68201724066995,19.54242509439325,19.294189257142925,50.274189262442505,52.909867875010775,54.90836019593893,56.69020119798532,57.77260032885374,58.90365121448124,59.494158683552634,59.75936124409036,59.89351022234631,59.59749526012573,59.35501723748399,58.60996436757196,57.26215205770949,55.83436833621938,53.64746055758879,51.07352449150477,47.05247740178905,44.857214264815795,47.20266829679724,51.77270936411577,54.10743500456932,55.93101009286029,57.22144242753806,57.701005476952346,57.915622360305285,58.32888116110985,9.542425094393248,56.95153204661679,54.678521889039956,52.47167725460044,50.96218065256196,45.142023047108005,47.02102968689929,51.19113961357432,53.32765572535476,55.5539073230377,56.87515584381872,57.74780382142182,58.01527874416852,58.04565336539244,57.756322895936805,57.07329118350475,56.030371395479534,54.217700456357754,51.486520036479064,47.1835219276371,39.86950787858517,41.920095926536696,49.68319473630739,52.3711375477453,54.35748836164376,55.80926115554654,56.70876421250182,16.532125137753436,18.129133566428553,3.0102999566398125,12.30448921378274,9.030899869919436,14.14973347970818,9.542425094393248,6.989700043360188,13.979400086720377,15.314789170422552,16.020599913279625,44.21686171824514,46.79763935940666,48.73959654743353,50.15803883597435,50.98384109699789,51.70217696831624,51.740598077250255,51.40460902873301,50.95883866701291,51.69959364688849,49.31625656984171,48.504317914603504,50.57856208741888,50.40254132121299,49.74810944240687,48.69231719730976,50.029863408567856,51.01884487167542,52.28833923344407,52.727695865517596,53.85028617508623,54.48138738949031,54.538226850407376,55.1216389140557,55.020896595479826,54.13661804672525,6.989700043360188,52.56106514288469,52.58828770593979,50.88192809173666,46.31220476138546,45.07491558965369,39.86950787858517,36.82145076373832,43.75882991545229,48.386476320849575,50.602028403032485,52.20134249570252,53.59657176391189,54.39411649285785,54.78511664257865,53.89940033878208,53.38336946561072,53.77803292009527,51.505261874124464,49.633580408633435,47.76882707285475,47.55035933767772,46.33195673394554,46.69595781024313,48.31140007280421,49.640945574952,50.41874090308254,49.426230746613335,52.96814316295745,55.302009793058595,57.33527877359917,58.67397948032967,59.71075358860618,60.144306464581796,60.45930565849548,60.32963883768538,60.11657124691994,59.138080264430535,57.98164986046424,56.60236338589955,54.03142836129252,50.263289387223494,43.7278316770235,45.52729037410788,50.60248207300312,54.111565482964785,56.474925080608045,58.04050109842488,59.087551625203034,59.45872163401318,59.8604222353994,59.60529757664716,58.73597833883744,17.24275869600789,55.71820592950666,53.82730069438545,51.181489428970764,49.29648785482493,52.81644587278205,55.9158211122715,58.25961352758087,60.19287480938574,61.57531712976688,62.46603202634554,63.05038435705136,63.46201336168328,63.504932091605035,63.19604846909526,62.4116605733426,61.44783676932598,60.15803883597435,57.77741372566268,54.59359311219132,49.10843097652502,39.68015713993642,48.18522802003136,53.767539233693746,57.02282299540791,58.98870470463233,60.36600553529109,16.020599913279625,17.853298350107668,14.62397997898956,14.62397997898956,20.0,12.552725051033061,22.87801729930226,22.55272505103306,3.0102999566398125,22.30448921378274,10.0,56.18696438020482,58.51680204600478,60.42120505242423,61.59972425835633,62.558053951488205,63.13535047831184,63.44928424020391,63.38409077214997,63.16745927670932,62.44303845793815,61.482008699923995,60.07869346374666,57.89098208150545,54.810655029315775,49.765012907393256,46.79618653543475,50.802367456159594,55.03612299790619,57.72233665134234,59.68492288119788,61.112413362446276,62.04281998560272,62.36484105024771,62.27651505167283,62.280023297629945,62.218652524931166,34.29752280002408,60.08788325273758,58.03536319368892,55.56321802315341,54.102878494014604,51.42264291170022,51.699828557798895,54.953292183202144,56.75581306871443,58.560034539972214,59.7450800835706,60.56722333114536,60.85949549033283,60.81491328525699,60.588301402480376,60.02226556276854,59.03583173958192,57.20906474048523,55.23159642949529,52.17812830622584,47.908830510120985,45.710329957690405,49.50291816651607,52.96827472017136,55.385800169570345,57.335583580496426,58.34708654174538,23.117538610557542,16.127838567197355,0.0,12.30448921378274
10.0,6.989700043360188,10.0,14.14973347970818,19.86771734266245,16.020599913279625,15.314789170422552,20.0,3.0102999566398125,18.692317197309762,12.041199826559248,13.979400086720377,0.0,14.14973347970818,16.127838567197355,17.24275869600789,18.325089127062363,17.634279935629372,3.0102999566398125,19.294189257142925,17.16003343634799,13.010299956639813,19.030899869919434,13.979400086720377,13.979400086720377,14.62397997898956,15.314789170422552,0.0,19.54242509439325,0.0,20.5307844348342,6.989700043360188,15.68201724066995,16.532125137753436,20.0,12.552725051033061,12.30448921378274,12.30448921378274,16.127838567197355,16.532125137753436,10.0,13.010299956639813,12.041199826559248,0.0,9.542425094393248,13.979400086720377,20.863598306747484,17.16003343634799,10.0,10.0,0.0,16.532125137753436,6.020599913279624,15.314789170422552,14.14973347970818,6.989700043360188,9.030899869919436,15.051499783199061,13.010299956639813,17.24275869600789,15.314789170422552,13.979400086720377,11.139433523068368,13.010299956639813,-inf,16.532125137753436,13.010299956639813,14.14973347970818,36.93375151025185,35.861370252307935,32.746196190912386,30.433622780211294,27.902851640332415,20.681858617461618,20.374264979406238,27.267272090265724,32.65996370495079,34.412236742426124,37.10963118995276,36.60865478003869,39.97954004069403,39.365640051352656,38.93983567211847,37.92951708250132,36.79155241283354,39.22310163214396,36.25929492716295,36.161603128475825,30.398105541483503,32.265999052073575,27.867514221455608,24.16640507338281,25.865873046717546,32.67171728403014,0.0,34.77844476338758,35.98243191653623,34.97620649781288,34.30075055551939,36.64735968518705,34.959603948817055,34.44825199509748,32.043913319192995,27.98650645445269,29.253120914996494,17.16003343634799,24.84299839346786,30.11993114659257,32.995072987004875,34.379090355394986,34.295908022233014,33.979400086720375,36.28695382714023,36.834973176798115,35.118833609788744,36.10873000380052,34.402792132355884,32.90924559382754,24.14973347970818,30.530784434834196,25.010592622177516,56.94550799046074,59.30707123386355,61.14719377545106,62.67557023137652,63.72456306840746,64.3997465910906,64.9153439661878,64.91902264040833,64.69015688452826,64.04179730954543,63.09904708024735,61.55049855501103,59.311780827323346,55.86902222733238,50.842258414493635,50.29111751104562,55.509251117355404,58.99480153522716,61.38649363655078,62.91211845490793,63.97291905394632,64.52385900451888,64.59977185165945,64.3853744415771,63.72672891169532,62.621149153979104,25.276299008713387,58.42172229385616,54.52192916751652,52.117237540848635,55.31515958227213,59.38299520082883,62.22598389410726,64.18882558392804,65.74309243028333,66.85807997035585,67.50738286365997,67.933137259016,68.05721143863781,67.8332031887678,67.41619927134779,66.52659836188171,65.37676069051626,63.61434682735656,61.170713415615865,57.16341460568215,49.33467040547743,47.84909576419616,56.50448378810665,60.38941889531367,63.05089208666172,64.65713800495408,65.67252399387692,65.77815446897526,65.6546209306253,13.979400086720377,21.73186268412274,10.0,15.314789170422552,16.989700043360187,21.958996524092335,16.989700043360187,21.335389083702175,17.16003343634799,18.06179973983887,12.041199826559248,22.671717284030137,16.127838567197355,10.0,18.692317197309762,0.0,16.020599913279625,19.54242509439325,20.5307844348342,15.314789170422552,22.278867046136735,12.041199826559248,24.84299839346786,26.78518379040114,24.84299839346786,13.010299956639813,11.139433523068368,30.366288953621613,31.476763242410986,27.671558660821805,23.384564936046047,28.2865989653532,28.14913181275074,26.884198220027105,39.018940319738206,31.821292140529984,28.692317197309762,34.59392487759231,40.096633166793794,27.87460474518415,33.63423932917176,26.82145076373832,31.737688231366498,18.129133566428553,16.020599913279625,16.989700043360187,25.71708831808688,6.989700043360188,10.0,9.542425094393248,24.84299839346786,21.84691430817599,0.0,13.979400086720377,6.989700043360188,22.576785748691847,20.253058652647702,20.5307844348342,13.979400086720377,12.041199826559248,20.0,21.072099696478684,12.30448921378274,14.62397997898956,18.573324964312683,20.969100130080562
9.542425094393248,16.020599913279625,15.314789170422552,19.030899869919434,50.549843822281304,53.131962866255705,55.1636215038279,56.8114441510528,57.801912548186216,58.51212470118202,59.02008333603371,59.04025426310079,59.04569493936029,58.532904892113194,57.942997883496645,56.905876547958236,55.105718176805816,52.67514333740617,49.564421803029965,47.70299591196362,45.767098257666845,48.30113700166691,50.549996878953856,53.62529596161941,55.129537459832264,56.227288593527895,57.38118309485071,57.34974152235546,57.37548840782448,57.40837784586164,13.979400086720377,55.6813129222395,52.71753345213856,49.87818152070861,48.72721362195942,43.78942698613437,47.05906455700312,51.19968128694801,52.980535883112765,54.810023776908814,56.03400974584952,56.49269612263491,56.33310868994299,56.030490556413596,55.32031651950903,54.740428031200125,52.90793406651779,49.92235301556633,46.290118234547506,37.52048447819438,37.32554579851432,45.18316488416471,50.773279265461866,52.81714970027296,54.29945974117818,55.03704904830024,55.803238427963066,16.020599913279625,17.853298350107668,14.14973347970818,13.010299956639813,16.020599913279625,15.051499783199061,0.0,22.09515014542631,19.084850188786497,13.010299956639813,9.542425094393248,46.74245530630025,48.09815502709934,49.42275992089877,50.67509766563843,51.69603906901063,52.15460426096098,52.239525796453165,52.47091514683913,52.16118378101192,53.45132497789504,51.29615785186403,50.89664947284086,52.17644471896351,51.13843118937487,50.15196235393436,49.00694774452398,49.8402296898396,50.99103730448016,51.71799561048725,52.886605147174095,53.92881533141619,55.020117468105795,55.32959378729758,55.81264527300312,55.9066910766017,54.81999830485306,3.0102999566398125,52.58486426579624,52.44920043912454,50.0993506388562,43.76741155018397,40.829289150151304,39.024380561986646,45.40291926094344,49.16101105493798,52.1750500040561,53.62039283400967,54.62435435464766,55.511204923577154,55.96504729510019,55.86232748682205,54.7589336244102,53.828613835632815,53.754166816469166,50.94656267030399,49.01158516602071,47.00919945420287,46.974821715611895,47.096514974674626,49.01403826825252,50.40938412515957,51.696656187904125,52.00374372963205,45.298664831919154,50.06093630208201,53.30505087354763,55.85014925919867,57.86632897512007,59.164750047416284,60.04254719514789,60.557528253156754,60.787090561075985,60.84728165078917,60.188805853756165,59.38468187174308,58.502203075399464,56.66075973384957,54.09801294104881,49.72508311261605,45.643819640575465,48.27039549428924,52.27395597183837,55.36401866338781,57.44364968313861,58.83267268922489,59.75612841699537,60.309153106250506,60.427487232001205,59.924390752158764,12.30448921378274,58.02687541773139,56.74410085042345,54.19236834015743,50.50279195585868,49.98420642759893,52.8927671903936,56.14138646815878,58.57622532403363,60.468360667806245,61.741729480790895,62.67286742521348,63.25971884392822,63.49565795539498,63.481390984107435,63.071022131741884,62.278090900256935,61.52293849489485,59.665406309053566,57.46866072073034,54.11168343892904,49.19104253906271,44.45573069936769,50.3181227133037,54.78065541715346,57.60726985972451,59.43670572283824,18.129133566428553,22.278867046136735,17.853298350107668,18.129133566428553,18.129133566428553,18.633228601204557,19.86771734266245,18.325089127062363,12.30448921378274,10.0,0.0,52.54898368189589,55.97120132880906,58.820336159750156,60.5962475245932,62.02654483281233,62.83437150652095,63.44979843948887,63.71131800497139,63.71573936183995,63.24684249056958,62.59599850991228,61.44735131373717,59.68311531852976,57.23689586208276,53.46925786993914,48.911693500336206,46.83308257174126,52.69667021376841,55.93038936338956,58.5028407005828,60.185615354813336,61.07701326509867,61.92406026352573,61.84555728074465,61.76577685894776,61.772204032244645,39.941411111261225,59.89597968687933,57.39041215438323,55.00820814310125,51.91218993411298,50.82735118460943,51.87625051783121,55.15855306356468,57.146951511544074,59.075193834664574,60.493684486327055,61.21130589877788,61.58122357379958,61.61444670906745,61.34978632472731,60.86348795182953,59.740361494388694,58.159076602275974,56.07687656953103,52.72947995339585,47.40212634571335,38.06790271584067,47.0205984927033,52.31658151553945,55.250772158635385,57.351036494490316,58.338072986868596,18.633228601204557,18.129133566428553,16.989700043360187,17.24275869600789
16.020599913279625,20.0,17.24275869600789,17.24275869600789,49.892539850248305,53.08350948586725,55.93530842620808,57.33566378928237,58.43184174274232,59.04783145011389,59.71201604019247,59.925093350677756,59.91984542029404,59.18978140819709,59.17688221390602,58.307227211799045,56.11402512458134,54.34078449236678,51.455227038386944,48.65394197287109,41.77623061631355,41.24764984062712,49.6764624294686,52.71027994262323,54.887790840651085,56.37542762236479,57.32860777322445,57.60461688794279,57.57472706888378,57.91943855173103,19.294189257142925,56.201704222419835,53.422410287816994,50.61335595921314,48.57844902792016,44.99302094133328,47.4149826548613,50.72312407984953,53.35933057716501,54.70216382364781,55.842735408010185,56.488204117900665,56.57120896498824,56.130380035027045,55.485085717002754,55.46409393588962,53.89860400230887,49.8552526820821,49.05779695178755,44.60912869987286,44.01159199023789,48.56656401248949,52.00850498091078,54.03197760361017,55.18862551553151,55.24318214760929,55.82773342605391,15.68201724066995,16.020599913279625,15.314789170422552,16.020599913279625,-inf,3.0102999566398125,6.020599913279624,12.552725051033061,18.129133566428553,11.139433523068368,10.0,48.492289458844894,49.308930224060255,49.40142791106066,50.39763001054312,50.665532646766465,51.26589172820293,51.3772430671353,51.04449552775635,51.07128531797474,50.704553278305184,50.820849096780876,50.78869890086377,49.0300854914155,48.73715763680238,48.66145505483358,51.08270659042522,51.15107703734898,52.17067875105733,51.62707753806278,52.921519168239314,53.547421234241675,54.152488705143085,55.05380636000395,54.908907193699804,54.94795818346394,55.15239151325449,19.86771734266245,53.70359477253957,51.54594370593057,49.29582394044783,47.72064868851765,41.3640344813399,39.150831016512,45.2200058318427,48.6560138049954,51.26910294600161,53.023417534368804,54.14058696714943,54.62555213992932,54.96248627500152,54.9456085902893,55.07321441715482,54.347987638023994,52.7406774691341,52.05041879261369,50.42185535464146,48.87583545566862,47.7232170672292,48.30113700166691,49.98695158311656,50.888905735599266,52.63456160045213,52.726421068166005,46.79246145413859,50.675357896963504,53.720886397784504,56.045068492678645,57.82593722409051,59.17446689388125,60.11270097231747,60.55407767591396,60.83143067267693,60.6315051890217,60.199707393505555,59.44057052473528,57.980737347840346,56.072619605389384,53.10355514392059,48.42914885331417,38.790958795000726,46.12465963953142,51.93219241966652,55.41849969612932,57.504042442554265,59.01114891385686,60.02274081774949,60.428282195537584,60.55653501248483,60.39177671706773,20.644579892269185,58.61417906342298,57.0948790175474,54.81299273332856,52.769142457350384,51.95041280556656,54.2215959977206,57.01731138614643,59.058093675647115,60.94857035496466,62.090955301850556,62.86422560219077,63.29825860395399,63.49008900794955,63.334619858471996,62.959403228533255,62.05588127992225,60.943075823103705,59.19161803725967,56.698039099679605,52.77003759518742,46.22441993637986,45.343434568060275,52.16632946646354,56.116309176918236,58.71096351165201,60.30820658104504,18.325089127062363,20.253058652647702,13.979400086720377,18.573324964312683,6.989700043360188,14.14973347970818,17.853298350107668,11.139433523068368,15.314789170422552,12.30448921378274,18.129133566428553,53.9307130492736,56.34920407280106,59.004004506024955,60.59622480963484,61.95595263005526,62.79751787413432,63.35693138321189,63.59851412500333,63.613229982237634,63.07176082520864,62.60087614069188,61.45969799579362,59.47595449308788,57.133267067322,53.76522210604112,49.49023873857818,48.540022331269896,53.33086388111296,56.98261526764305,59.45911516819273,60.96800557006581,61.752595129892526,62.888378746912316,63.24418279723442,62.98933817124146,62.609564939028324,34.79431337197737,60.97059037303139,58.82993868732723,56.898165713245426,54.02104836232367,49.73589623427257,50.79922532785248,53.70226179148217,57.08298498532514,59.208295243219744,59.96142014331137,61.14683694118423,61.4678084777821,61.59918937555763,61.24394985382472,61.23891150171627,60.236680308154604,58.441042306975135,57.013443046584904,54.28233633390393,49.9532800907741,43.070893650486155,47.76475989678169,52.25683957557911,55.07966454347445,56.511665178447466,57.89064328081989,19.49390006644913,12.30448921378274,23.521825181113627,9.030899869919436
11.139433523068368,16.020599913279625,14.14973347970818,10.0,50.35913796730249,53.591066218096884,55.37623933418619,57.28299390334412,58.65976426598179,59.55769022628174,59.98908550507569,60.32007982638266,60.340281300392945,60.56841226344109,59.603299538654355,58.846333934339256,58.346527317116205,56.83551319853662,54.80688049594046,50.375260953454635,44.76019646071315,40.578942197245304,46.21923705295806,51.198429119567365,54.34928006478944,56.23233779603709,57.5089237896153,58.47085037995663,58.774012961805965,58.228921716124695,17.16003343634799,56.93322356752952,56.82839752822757,55.05742657125304,51.22389561331292,49.76221551932937,46.92406234833631,47.65944091619006,51.06180694454097,54.04719143514996,55.535250107590706,56.40263738271255,57.07776204210074,57.23541865599623,57.15372323246878,55.92516507105674,54.583734153747784,54.08214517624006,50.024684501283325,46.19312510504743,43.038221998628465,44.66630398181393,47.70631127777807,50.784894432914015,53.378285041827226,55.800395263605736,56.41871536110406,20.043213737826427,21.613680022349747,10.0,6.989700043360188,12.30448921378274,14.14973347970818,11.139433523068368,9.030899869919436,16.020599913279625,20.969100130080562,20.0,37.902851640332415,40.55684064919413,46.91576535552783,48.353861416778194,49.70463106521676,50.11270097231747,50.452603732680394,50.953855727616585,51.05496559631323,50.76964314570808,51.05612359686785,50.795032284013345,50.618293072947,50.70067434587199,50.850764114720945,49.342206159204196,49.29592608772758,49.24878612335357,51.314197542711256,51.39328001151306,52.27385306272158,52.44984283906936,52.2284647997415,53.152185965371174,53.18071686699416,53.11586466535858,20.043213737826427,52.42233238219433,51.613590167389475,50.14675916142065,48.46646328577117,46.04009932412231,43.098430047160704,40.227169800510296,44.126956916035,46.96749435201623,49.92235301556633,52.145153548470766,53.61200698143417,54.55504182126205,54.969808198858594,55.208567476784424,55.08149797667067,54.99028269699358,53.718986947787414,52.58026351054089,50.82013003641762,48.27395123146503,47.91269480910269,47.19704089747535,47.55035933767772,47.44707516891029,48.28692113031896,51.54597412797664,54.28363224696692,56.57595993439023,57.945584482442236,59.02231951205391,59.513579214131305,59.70087337965329,59.75165175566438,59.34106904766203,58.74101861304926,57.55750644928266,55.907627231429075,53.83292821601557,50.58805486675907,46.29817196018516,45.07990724819692,49.7483395504854,53.19224771071586,55.467844192411604,57.08860071838024,58.06302102133456,58.62789480862092,58.83068346131341,58.62944919011257,58.00065835695685,56.78733196967375,26.283889300503116,52.49467414272289,49.763408069004655,49.30786076526747,51.96590654117307,55.48259171687406,58.11980292261776,59.85821515812128,61.34798131733463,62.169975253049415,62.85681728929031,63.200207589444986,63.32365734750777,63.07474215671785,62.537764407585506,61.72555354678873,60.41349253538417,58.65991800126275,55.850408966545785,51.85394815362514,43.94048720832656,44.86246236573056,52.009872191631665,55.90218579633159,58.242072158116436,59.672694330160674,60.668880938672416,20.644579892269185,13.010299956639813,16.532125137753436,19.294189257142925,15.051499783199061,15.68201724066995,17.16003343634799,22.380461031287954,12.041199826559248,3.0102999566398125,20.863598306747484,57.60200001320654,59.39136205736212,60.812367394965875,61.96115639450264,62.81152724982298,63.28702859184415,63.41557969336121,63.32146879759322,62.916263311647484,62.30699207239434,61.12187261397014,59.56430177349012,57.52025387323212,54.47282097756976,49.568069118634654,48.405326482763186,52.673454114614785,56.28995496671251,58.44415040473825,60.53024633754017,61.635674413206075,62.608164464658074,62.60256520233288,62.88868023151075,63.026049283805705,62.225421982804036,29.329808219231982,59.72745136260055,58.052506759873836,55.75161278229246,53.528035974590566,51.51581275975446,52.14510054533033,55.461723683169424,57.547434556478635,59.543163332264044,60.56766159727148,61.2597708674426,61.69825147464398,61.79816538173352,61.49414347277216,60.558826763687,59.564839479971056,58.636808567450124,55.76755863237645,52.58124637283167,47.96442498583457,45.807881684664544,48.945652673415445,53.04533610406517,55.46918806840057,57.62147935378516,58.557976931920585,16.127838567197355,18.129133566428553,19.54242509439325,14.62397997898956
6.989700043360188,15.68201724066995,3.0102999566398125,18.573324964312683,50.96061441704083,53.98169255642607,55.547422732505495,57.35171580075822,58.34997683913662,59.25485877674689,59.81572633560849,59.91812862967488,59.81766524938956,59.469805644418734,59.031562118509164,58.2260346365447,56.72353739074929,54.8011765955549,52.204219224378406,49.821128676392604,46.7673018025197,47.67638147621918,49.95538673987773,53.238891481292214,55.041091396524706,56.45007428134625,57.396775433037384,57.538479972721994,57.645347817660806,57.55931234103551,19.86771734266245,55.61355443181867,52.80601131536913,49.98891134666212,49.53841808621113,46.68730605958722,50.13481863084736,53.47815763009892,55.23147924422204,56.79908262192983,57.612736501115094,58.16997176177398,58.08608612679748,57.84395453416444,57.23751121635539,56.10568610976344,54.42667870337253,52.36295359617288,47.817912652753485,41.15610511674299,40.04922949296525,46.05832775740528,51.08974096063983,53.28259289242189,54.84977095177578,55.964321423490816,56.47120749253625,10.0,6.989700043360188,3.0102999566398125,18.325089127062363,15.563025007672874,15.563025007672874,17.16003343634799,15.314789170422552,16.901960800285135,18.129133566428553,17.16003343634799,47.23135374655964,48.717188433187616,49.71484593986971,50.56176607364723,50.96138020275553,50.86708550135893,50.888657991017624,50.243748222597674,49.42231347056604,50.40622116279551,47.432588362326996,46.891045416815224,49.56614986067625,49.45685185952475,49.60323292155419,49.60984206716474,51.22363349471102,52.23882558291062,53.57105467407888,54.20656988723068,54.9887408149311,55.595451607876065,55.336093898501375,55.80500732974156,55.39743345100011,53.87507283551403,3.0102999566398125,51.03023341966023,50.338779186416645,47.514715677497996,36.3558426631123,35.59308010907012,41.35069013823448,47.0118791905443,50.02412308205343,52.289800576480545,53.207796031426646,53.87112073854385,54.83496007089681,54.7975952596785,54.66768299338177,52.411977096980564,51.121356026819115,51.02821173199469,46.68618844816744,44.70542788031808,46.035340880196955,48.464917478736155,49.7483395504854,51.282602981021114,52.53902318306344,53.2308288836337,52.9193909800309,42.249213455840305,46.020599913279625,50.376057568272124,53.807501561864285,56.45069384574435,58.236059321493045,59.43680955403081,60.26085665689675,60.75415558310823,61.04889125581113,60.72014851654248,60.2276684871888,59.65236518472751,58.38136641375948,56.372424915544116,52.669463062870115,47.6178505378931,39.39119717648487,46.70839354337524,52.29886529245892,55.48281291761871,57.60316912906368,58.9524625079676,59.98662486986347,60.324982858396474,60.227417090318134,14.62397997898956,59.09017641169811,58.21332698490345,56.560186220025244,53.343652747446775,51.93419595674935,51.45743204400961,53.89415953376256,56.716254213193494,58.9587870237842,60.49593989928784,61.766413064559515,62.62700203628629,62.988681346005336,63.196491604970426,62.81089753655973,62.41279945214294,61.63734885270774,60.229695615340766,58.26837065603377,55.3773096841162,50.79922532785248,41.59958002678519,45.96827925009401,52.88807947483478,56.31086445286,58.58128576098786,24.082399653118497,10.0,16.020599913279625,20.969100130080562,12.552725051033061,18.129133566428553,12.30448921378274,21.335389083702175,11.139433523068368,6.989700043360188,13.010299956639813,52.308166386340844,55.12061051288085,57.50789091316993,59.789584444940814,61.111724184622204,62.15508815556581,62.79733542927409,63.03908493535954,63.03602073356045,62.67943382376299,62.112540676178725,61.08429708423466,59.29601291102641,56.8750844990259,53.08816167353995,48.12324990360251,46.49743643131735,51.796092337262,55.54273473489265,58.40283039682645,59.90735222907126,61.08086156479924,61.99927599605669,62.054731426175245,61.50378761755404,61.41215473402706,22.30448921378274,60.41021797271721,58.11188794656254,56.87679645065543,54.15942746388165,50.604636358416954,50.97416972955911,53.61608860799113,56.21286399906776,58.39015852973664,59.59912924188367,60.375113563695386,60.84684927324027,60.96059004891502,60.763072232857965,60.25458660875185,59.50748830710069,57.6466173242929,55.72686929726885,52.53957983278508,48.16903839375661,44.304781879320444,48.17234730425498,52.48279863255517,55.389781832192526,57.292919804570815,58.41620969655989,15.68201724066995,13.979400086720377,19.138138523837167,22.55272505103306
21.64352855784437,15.68201724066995,11.139433523068368,18.692317197309762,50.51229723493164,53.31407049219781,55.203276041686905,56.877518477896594,58.24277517491026,59.08562219924431,59.57819833442143,59.759324520933305,59.64182761287455,59.75642240982879,58.67696654730725,57.82719084421436,57.14110041714832,55.41521833410262,52.571263580225924,46.1397916824007,38.578147779710065,45.199985291188476,49.49789958914462,53.15393000601701,55.381336872506694,56.96408815486136,57.63701213612013,58.324456799359325,58.31031077233856,57.34249214385895,16.020599913279625,55.04978941192512,54.12596610651476,51.32131560165341,46.30732892817196,45.24318214760929,48.406141476488344,51.94439409213896,54.671402657599714,56.2764846574644,57.26936565089905,57.74289905401105,58.15531261717549,57.843497875539505,57.37956360906324,55.226802273373025,53.29117073664632,52.28815973635796,46.2827650987058,42.97015993577781,45.48512256341035,49.020954003719524,50.9377178149873,53.07739858969554,54.815945333359515,56.237711641279844,56.54777012948705,15.68201724066995,17.16003343634799,14.62397997898956,0.0,12.30448921378274,15.563025007672874,16.989700043360187,6.989700043360188,10.0,11.139433523068368,18.692317197309762,48.56275634663986,49.27421695050419,51.01884487167542,50.93036252945163,51.029616733348966,50.83387939480538,50.76265325036421,50.734690634150176,50.51229723493164,49.93158369523867,50.40254132121299,50.220528926993886,50.87781417809542,50.95633048907243,51.35628704522542,49.928626713890274,50.41992386925537,50.76833339698628,53.068901704819154,53.50825401122708,54.36704778923811,54.77318090272104,55.05075327540344,55.49715460491547,55.50699093264708,55.39216656917467,12.30448921378274,54.09611930846435,52.67101296559969,50.92278407443434,48.13727729958937,44.061482870796354,37.43196081448701,40.388982121145325,47.06768973168231,49.739448519147615,51.93419595674935,53.734288002319715,54.52738383938643,55.047874626035025,55.23112766942909,54.79644400254582,54.0946647085433,53.43447983807231,51.5275908459267,49.474386236029765,46.9831807354274,46.18644188296301,48.21179327170964,49.837931179621,50.98785583712113,51.179669354917664,51.79902072663158,45.86722297518069,50.34620436339225,53.82956696343989,56.21568839506914,57.99909584821464,59.178057883600516,60.096726608122076,60.642070742549485,60.85386562047883,60.83025422149881,60.28329232819567,59.447653650540325,58.21595401245416,56.335108729690965,53.32303100543224,48.01225290173022,38.50094594386701,47.33397909361422,52.66149347025585,56.00742081404431,58.14487989782294,59.550259451981226,60.35735837916587,60.94033469178907,61.03728824347334,60.79442467984515,13.979400086720377,59.06853084190626,57.60037026862497,55.511961787256595,52.74585003380028,52.155873377971496,54.09476620806971,56.71389472917937,59.01049445343407,60.59688349519662,61.761757934870744,62.67342830194798,63.3353271428686,63.45780580717059,63.419209784273185,62.99608614997006,62.19046170441374,61.103650984124656,59.48453067696803,57.18642002273769,53.465035820049216,47.43196081448701,45.81152891966289,52.10353304805686,55.973989750590306,58.40578415191367,60.0784375586058,13.010299956639813,17.853298350107668,21.335389083702175,18.633228601204557,22.85557309007774,15.68201724066995,20.644579892269185,14.62397997898956,17.16003343634799,12.041199826559248,9.542425094393248,53.47058618476368,56.22902750625117,58.35779957215741,60.24001023576426,61.52800020984104,62.63604116592553,63.19294525128245,63.44574992648825,63.42346277754514,63.06157720156099,62.22284562534693,61.20741365510392,59.80893785068032,57.56985836853364,54.04426588499824,48.032180513264635,47.57190981251573,53.09715314859149,55.97981331182889,58.76745372670241,60.40096159414809,61.50624443388296,62.31650254014525,62.13447892387019,62.45795114120284,61.588718860679265,33.72359582524324,59.54001650498959,58.01826820897012,56.44002106128298,52.12988844217086,49.53092520597549,49.67196842000647,53.441917838076236,56.24394523321402,58.61063420961788,59.83662364087664,60.57467165170348,61.1671398040803,61.392656057334136,61.01533997492346,60.23180414289185,59.08238312447135,58.20276354042478,55.43235883876959,52.281256293345976,47.23307871828162,42.45216456947668,46.013754382918265,51.12182565404092,54.375761760140904,56.331653536839035,57.592643298922894,16.127838567197355,10.0,15.68201724066995,9.030899869919436
20.170333392987803,17.853298350107668,6.989700043360188,6.989700043360188,47.555699806288,51.455320230294745,54.45868746564016,56.24765636792199,57.68671393415624,58.59590976974701,59.275802726371836,59.72297743114042,59.93738147579322,59.43089216160385,59.57274375961628,58.969123914716526,57.18306503132496,55.805475112322476,53.679761648734626,52.00130635768741,47.38542740928785,40.740846890282434,45.54392235497049,50.0525775168898,53.213456915747386,55.28723923260994,56.53260766037146,57.225195761694074,57.54229806078696,58.06948131195165,6.989700043360188,57.067561760260325,54.568759537444976,52.318619093638,50.93491727010932,43.626520879077546,42.2914407968993,47.53437503725226,51.46283113159587,53.08828964496193,54.95277851521528,56.36356484840623,56.94866574316562,56.97983035227867,56.80482368970803,56.751420099621306,55.93734532496328,53.07378355977725,52.60808108884581,49.71758130277843,46.53839375402497,47.04913723482905,50.048112911182784,52.83753383332527,54.55882877600307,54.79599780835226,55.76056719190408,11.139433523068368,18.129133566428553,12.041199826559248,16.989700043360187,18.325089127062363,6.989700043360188,13.979400086720377,12.552725051033061,17.16003343634799,18.129133566428553,16.020599913279625,47.23365355663575,49.1037357275441,49.14898233675936,50.53938493661466,51.111313987855134,51.9004581030555,51.81386195083218,51.40545751486337,51.04002014891893,50.770406983424614,50.187420957623814,50.09012981042959,49.17799490936301,49.023619338198614,49.22751400735833,51.363304779932754,51.67863552194633,52.33432725060677,51.00625532086342,52.01178556383326,52.160497228740496,52.80935583136947,53.800392994467,53.948017771627114,54.29178761924564,54.93499875095046,15.563025007672874,54.43331843107053,53.411732757591786,52.43345668375362,51.58256921578406,48.88095211261547,45.59882696306285,41.76901186391347,39.555915504057246,45.3692440868234,48.703570785517286,51.072812152421,52.73140224066812,53.93918993295752,54.75504119854624,55.324345899795816,55.501953209510084,54.896561952405996,54.857271034965265,53.834491121066534,52.61999948651827,51.017608172251734,47.67993950525149,45.977061528194135,46.31413326744255,48.59738566197147,49.928626713890274,52.29886529245892,54.84716846564546,56.66377560933491,58.131938870695514,59.021171643370224,59.85662195625599,60.09351022081611,60.05413904520789,59.81587586209935,58.98966937352523,58.13637689983252,56.5199478360708,54.12927352040221,50.5996080291494,45.53446086208255,44.364171040463674,49.09823369650912,52.854065173906804,55.24418193310385,57.01514450428719,58.19227970099119,58.88746571686464,59.140891713534984,59.07371046915755,58.660189981121434,57.69129825886246,21.13943352306837,54.2143609885114,51.66797051599375,51.04029358675686,53.43321923218732,55.96696037528118,58.36471598845921,60.29770411738913,61.492560723151534,62.71596520989337,63.225851887635486,63.59897113646337,63.65099379594318,63.46112285148686,62.94397880027929,62.02536539052396,60.70496313446756,58.91997153893786,55.99433268048139,51.77397965310998,42.880031600318624,46.15002614524588,52.649782934938244,56.351468368816995,58.76601721188678,60.45794186893998,61.471356698750306,11.139433523068368,22.50420002308894,13.979400086720377,19.54242509439325,21.84691430817599,19.49390006644913,20.681858617461618,23.384564936046047,18.129133566428553,20.170333392987803,19.294189257142925,56.9782978872771,59.11767856453119,61.02527346765073,62.17834659864729,62.94042747983738,63.512519386177985,63.74475589410431,63.64126436229708,63.29287410088278,62.44727266895793,61.67677620138803,60.20136203432098,57.338069364288415,54.32526758192167,49.87420452611655,48.58085826163788,53.183346842261365,56.700713578470996,59.3560247772713,60.833262862773914,61.759247475875476,62.81561475540124,63.39567701383035,63.32124240262303,63.231468664322776,62.63627784963133,36.8859777508117,60.351294308208,59.14475382567837,56.17760215819275,53.733901996274696,52.16379696784883,53.03103138711308,55.673334414738854,57.98806659633445,59.6495036801863,60.761552773410614,61.19113961357432,61.61504858309637,61.42368501830222,61.417983233614926,60.998866922255466,59.927430109037815,57.84652947530634,56.615950106668066,53.367098314551555,48.93456594885724,44.77193631102115,49.62885257004609,53.46026152506796,55.9936444625195,57.44023715337776,58.5545433979988,22.50420002308894,16.127838567197355,16.020599913279625,9.030899869919436
16.020599913279625,19.138138523837167,18.129133566428553,14.62397997898956,50.20601569978437,53.11368121039929,55.722394412709534,57.3188517675597,58.445349535714435,59.18221740839495,59.751522994882535,60.13398493176637,60.17242084547646,59.92143771207366,59.69603196410135,58.882160113239195,57.68408685826983,56.21816861021968,54.24693837139834,50.85426162571429,46.65290113306359,43.65225831528623,49.51245209264287,52.19754753049677,54.95982573414369,56.387337907373706,57.357840740384454,58.21586887189082,58.32617472757271,58.21500427317821,19.912260756924947,56.75369509347415,55.5306340238275,53.62718030694413,50.35609822977708,48.37114748515506,48.445641501941196,50.06072217510207,53.300422318020544,54.80904802449789,56.098685577693665,57.26998456502127,57.80255368543001,57.89615961909334,57.609386552396636,57.093462950938715,56.05287803337998,53.98113691730502,52.486229950065784,49.555915504057246,45.934300693750785,45.31708776810456,47.99864144501372,51.43567470918246,53.78733940276685,54.85245712926008,55.86673929905294,10.0,19.138138523837167,20.253058652647702,6.989700043360188,9.030899869919436,12.30448921378274,12.30448921378274,16.532125137753436,15.051499783199061,13.979400086720377,17.634279935629372,45.68201724066995,46.452748593294935,47.84652947530634,49.48295573027,49.95534286177595,50.783190400212945,51.055680868408416,51.19374676992733,51.02382245940545,49.608036249117696,50.4241798814325,49.311780827323346,45.87048357103245,45.5755532051209,45.81175677018202,49.017851453035995,49.82004240836346,51.186118905745715,51.702617153949575,53.159136946558846,53.52539457963533,54.058669281907214,54.68803543073356,54.66719371681599,54.49800721987194,54.8725153193481,13.010299956639813,53.557598421141805,51.07135318868306,49.287746703867576,48.164335404909224,41.93263773001352,36.00428325732131,41.62683865877892,46.01679817305896,48.423720600540385,50.76964314570808,52.60712810872381,53.14882198164818,53.811746679644685,54.006174157116995,54.52897604684444,54.29978248073312,52.326429438343354,52.38046103128795,50.89611952012707,49.40855022959768,46.83308257174126,46.79436982175699,48.05833757604704,49.85821515812128,50.847085120876045,51.173276508251064,49.06948870476861,52.773111791740305,55.40899815639567,57.44077738832481,58.61594741940225,59.64550005848443,60.228031132446304,60.4539535516911,60.3369590849628,59.77520582315609,59.18318197487213,57.82888086764571,55.87483097033254,52.99448459034834,48.42172229385616,40.62544381346464,43.638563192950684,50.41234731171431,54.177655521696835,56.47571710256293,57.942405049514605,58.84628861921548,59.3433783358656,59.484623590763015,59.308538119747496,58.79399263311502,15.051499783199061,56.0719007639667,53.65656428528389,51.062929121756575,50.237461631524766,52.70783613057843,55.72306884622095,58.07115413302023,59.79078773305783,61.16396854111365,61.97944589711163,62.690150882459676,62.83400064689877,62.84160371894945,62.58445949904829,61.86170902400776,60.94088375587934,59.31893472266193,57.18848653661632,54.04520706643397,47.782091524545116,36.76967814294758,48.26385827647448,53.796644103682915,56.88072603632739,58.84970292202315,60.2675750358467,17.24275869600789,16.989700043360187,10.0,3.0102999566398125,16.020599913279625,12.041199826559248,0.0,20.0,22.50420002308894,11.139433523068368,20.644579892269185,55.13976286239967,57.74641032143307,59.62585245223401,61.033445624170724,61.952643434724735,62.60422499575213,62.97732942917001,63.02596273846309,62.697540741467996,62.01729409989905,61.25502410610047,59.744126641481586,57.31467887193129,54.29820082769765,49.35371212601676,44.847552537095595,50.11697288114142,54.551814982077566,57.842070507770515,59.69066285756349,61.07066425173514,61.700318893380874,62.06850152684603,62.285322697339026,62.17407343704855,60.73415154630891,27.611758131557313,58.724249275638726,58.586292197528564,54.8311352216131,51.79635080400107,51.946613943480926,53.94315066722112,55.63768146962709,57.84968722130232,59.256549559213184,60.24035952463563,61.00851449472679,61.28842707672134,61.39930695142685,61.05352106875151,60.286692425453516,59.37899863016875,57.81295712526443,55.59236121732809,52.20134249570252,47.23135374655964,44.46925311242748,50.31892987710475,54.042177445149235,56.284400205135086,57.49267766722332,58.65592503245905,17.16003343634799,3.0102999566398125,19.54242509439325,12.30448921378274
9.030899869919436,17.24275869600789,12.552725051033061,13.010299956639813,50.724888593051396,53.344577723775174,55.57614258540187,57.136467602048,58.29453658984434,58.9706874658185,59.54502043465507,59.731139929163284,59.77017646151366,59.598486202893014,58.9626434936921,58.23883551133857,57.089865592371716,55.40055294625387,53.10489390293057,48.85553443271495,44.084095784684294,44.77887831360864,50.29586671630457,53.03699201745304,55.420345152494505,56.96405320566171,57.722410026150264,58.57684614726801,58.694693429078214,58.2302862056294,15.051499783199061,56.5576540304326,55.472453556412674,53.45922379138341,49.48437418608308,48.36222810718678,48.71035572425769,50.751708966718226,53.78327027028166,55.39038441569298,56.63732012602164,57.575364684594284,57.991047255768464,57.8699901295225,57.58240259730183,56.71170064703116,55.553665534524875,53.52572243129161,50.95312348560091,47.08607835994887,42.07688213335581,44.17006425118799,47.94383468784466,51.132613087609975,53.41018827556043,54.76454825454303,55.593343672895905,-inf,19.294189257142925,12.041199826559248,15.68201724066995,15.051499783199061,18.129133566428553,18.129133566428553,3.0102999566398125,9.030899869919436,10.0,21.613680022349747,47.87332930495141,48.032385477112875,48.544578664773006,49.71869350001505,50.33427776713536,50.90187487575421,51.34881228693811,51.55424102241839,51.76519551688189,50.4573751255501,51.6108337121959,51.06615801398575,47.50269197038817,46.82722547722145,45.97311170063528,47.79206749951978,47.87439219782232,49.20290330515779,50.589154687309524,52.31943385728117,52.960022758217285,53.9079385015567,54.670365621352694,54.868341213249074,55.00451921483333,55.54799173143028,14.62397997898956,54.53436072943498,52.050581304659225,50.28977705208778,49.56677371255107,42.17062605852551,35.39201599294128,39.38369597451806,45.23863476506689,47.84652947530634,50.67985371868674,52.26434919292073,53.07431851719747,53.73458207913722,53.93224116361297,54.40178349394479,53.87790118275218,51.97804153173409,51.96684545476856,50.39433949521653,48.21343183440085,45.14561033634031,46.85992392966588,48.53777277803502,49.99530708496493,50.86605386808871,51.097135047929505,49.51725975424593,52.9709488528822,55.76029052789434,57.6440704688565,59.01798757630448,59.953863910482774,60.55046749442898,60.82617721827616,60.74174394896267,60.217898644718424,59.62400118811661,58.35226865242694,56.202620549969645,53.25228227870849,48.4067056133341,37.81755374652469,44.94168513490308,51.3753450236695,55.17736779044113,57.39784298041493,58.876398020575564,59.83619973347854,60.48255304342598,60.62887199134282,60.45298720219179,60.06637159068586,15.68201724066995,57.6696280340645,55.47854667264997,53.15199681043377,51.455320230294745,52.81953278498541,55.619143279049666,58.10837151140488,59.8960819947541,61.2610054754498,62.243258363194855,62.9400766017626,63.15297192098186,63.153392159738424,62.816670655894015,62.294842279246474,61.29856103677666,59.77713547826496,57.70531693375339,54.375761760140904,48.23637222034628,39.17452991929664,48.89525796671191,54.37093869808639,57.620848473137414,59.43954288242955,60.87652245667461,21.613680022349747,11.139433523068368,3.0102999566398125,15.68201724066995,15.68201724066995,18.325089127062363,16.989700043360187,24.62397997898956,0.0,18.129133566428553,17.24275869600789,54.27234482983671,57.29852148476912,59.324418002387745,60.92036741657343,61.97777162126545,62.71292469208574,63.15527223018962,63.14596896408137,62.92137732146608,62.290410605800204,61.4340861110407,60.0042583404928,57.70575889253759,54.95356981627948,49.86507495397489,44.375761760140904,49.95705377933498,54.57568546931349,57.5165471403924,59.55134309615634,60.678858351084735,61.43711611656996,61.73210751437913,62.406291111886546,61.76665595484556,61.238111484660855,36.77241845946654,58.424500939421755,57.18702597006108,55.057602759200854,50.652696604655,49.591272882291875,52.01550056453396,54.99478131217045,57.30450373721037,58.85587356189656,60.063689034580435,60.80989930184184,61.06147703730105,61.048072513256066,60.62022116851629,59.93299086425634,58.86001445356331,57.19955757728581,54.8681288633463,51.412145321839716,45.139629873719954,42.99376533060346,49.078518816806785,52.6482018329922,55.358761655853456,56.690564117776574,57.67069741030353,22.04119982655925,6.989700043360188,13.979400086720377,19.138138523837167
11.139433523068368,18.06179973983887,18.129133566428553,6.989700043360188,50.663147416691515,53.52030005717307,55.03268944124329,56.66166846336666,57.881188559183684,58.65507864315924,59.1046911952114,59.37648261091438,59.17440911978033,59.16774944601108,58.32930867440179,57.32899338074094,56.67083879292725,54.85834952683221,52.20923586235532,47.05153556348856,42.137832993353044,45.49603988444122,48.88589436177581,52.65386282171238,54.745455035177116,56.27171199882048,57.25536769117099,57.76076163791779,57.84516016758825,57.29152635759219,22.278867046136735,55.294329211116576,53.84507531755244,51.04668029657817,47.73969190400217,44.720246977002816,47.82336437879265,51.660154563237754,53.87619372173825,56.11915459383398,57.12690940811842,57.480926268479884,57.74845299595852,57.6158282049788,57.07465421854958,55.13561169582378,53.39749481680876,52.25136046404097,45.47590121770153,36.326597132939135,43.58886204405869,47.47349650382109,50.75243944428966,52.7983114201034,54.55554389668761,56.225424699793585,56.619876927095405,14.62397997898956,16.127838567197355,3.0102999566398125,13.010299956639813,18.692317197309762,18.06179973983887,9.542425094393248,22.671717284030137,18.129133566428553,14.62397997898956,13.010299956639813,47.77484821118284,49.49062942731387,50.96259821998902,51.545122230123,51.86913976980872,51.651997960418534,51.803925659630245,51.710415710869896,51.46208682879298,51.615027623711086,50.62179464334618,50.278305315268696,51.49603954933024,51.30774273491521,51.32915759874048,48.94714721525949,49.68081157100815,50.53788875183741,52.812015953504655,53.365097648930984,54.49614143208614,55.14866383989254,55.193461977008404,55.93362504985301,55.98883481774865,55.33101930192346,6.989700043360188,53.8746101632035,53.39928207778514,51.66184328955532,47.4757492902158,45.238764756381315,39.581336756762354,40.3422726077055,46.85929742936632,49.96691131782092,51.90188777762244,53.33185208052762,54.572534554691785,55.01864084333648,55.2172633728741,54.14685950394645,53.233614337124166,53.118724813960874,49.944931228835124,47.66360788146932,44.58139068178272,45.88876495913499,48.31799411595581,49.69103592673178,51.27500020916101,51.70217696831624,51.83332491482757,46.538008254185016,50.67714192039755,53.96861620602315,56.41731834395658,58.1326399137173,59.35648313051384,60.18567777296642,60.715156468828795,60.963193184212116,60.985900845405794,60.47633061264732,59.632460376153844,58.594559429015916,56.908691577892554,54.29306455424999,49.32077848641406,41.328038180019995,44.81299273332856,51.13117407895322,54.84705466017408,57.092979517103245,58.73577497923242,59.49297282194691,60.27235412053598,60.489853025707106,60.09425398309608,15.563025007672874,58.41582818100247,57.253234672307876,55.33463190359511,52.40851152703342,52.615412039898246,54.41080563055901,56.84027148656692,59.0587032446974,60.58657535846219,61.862342645275056,62.741876482350385,63.401880237445994,63.593618621598665,63.53066613266491,63.047808220815426,62.31442318735485,61.24147382955574,59.46251775135586,57.00697661203647,53.206550891343376,46.03144372620182,42.878465002495176,51.57145366807009,55.854381681701796,58.358839004508226,60.118735404774455,15.314789170422552,21.367205671564065,14.14973347970818,6.020599913279624,15.051499783199061,19.86771734266245,16.127838567197355,12.30448921378274,15.314789170422552,11.139433523068368,9.542425094393248,53.89718793238239,56.63889298622661,58.56994580405403,60.45160577065534,61.81002757552462,62.711696723768895,63.35371635019661,63.464165489443396,63.37330051943029,63.08504867385645,62.253971657639966,61.14617655371134,59.5102504471949,56.9833199162059,53.18466123289406,47.16170347859854,49.03968544078663,54.115557353981806,56.809126779214395,59.267605881736685,61.122553475888765,61.94674155044262,62.448434376518094,62.91166310097249,62.7414722277933,61.862328502951854,34.077307280263355,59.88562969848101,59.20543323930303,56.01370001013106,52.62327666111713,50.2302599115097,49.81569461720615,53.42984925480234,56.14189329727963,58.53046890151799,59.9618320032566,60.74448157816987,61.19269749518952,61.33028312320022,61.09350372701278,60.39814120420512,59.27617214438147,57.997718722535524,55.68053804001554,52.25787259549158,47.15802853757312,43.40999022531442,46.236730377395716,51.595311007797385,54.508293199297924,56.8415928078477,57.839964283643,-inf,18.129133566428553,18.06179973983887,16.532125137753436
15.563025007672874,19.138138523837167,16.020599913279625,18.633228601204557,49.86054780769695,52.991170646641734,55.15026938687181,56.83897674112614,58.07873132003331,58.9959345037748,59.56215028157661,59.662436039282014,59.7034315634708,59.68524508080301,58.95849447647641,58.24782313709089,57.70299591196362,56.252558449114254,54.28233633390393,49.68389541847068,44.344730932130794,39.659069154951915,46.020708485542954,50.38576452162797,53.406027322567475,55.47859587515056,56.31127065064166,57.5868787789686,58.03513105981687,57.35525446625989,11.139433523068368,56.209570012206655,55.96479435361467,54.37401719156305,50.28672901489234,48.86067504919496,46.147496151590744,46.531449516009644,50.56210949954479,53.50428290676721,54.89824937938341,56.057552719785626,56.8299297331998,57.01174092203256,56.8688104941931,55.45685567226239,54.54486609821031,53.646354072437326,50.06607218491803,46.652056284346,44.915857879991535,45.624950915084156,47.718813201900986,50.81008670994038,53.35951091412575,55.50503522928577,56.11558690884291,20.644579892269185,6.989700043360188,13.979400086720377,20.863598306747484,-inf,18.129133566428553,0.0,18.692317197309762,13.010299956639813,17.634279935629372,21.5836249209525,42.281179241368456,44.984897494585844,48.8651892519729,49.9864723952671,50.863598306747484,51.01613054181223,51.466395813588115,51.82768335682721,51.85632800471737,51.076338783998295,51.97095771325084,51.711323654813555,50.740297579218314,50.69223957297052,50.81998621005731,50.45577220942151,50.253918962159474,50.20626419702282,51.802692776688744,52.17220655644518,52.65765627044365,53.457343491250185,53.545482758003196,54.323679136974405,54.52873112984221,54.684950245070695,11.139433523068368,54.249632632607415,53.08028417510631,52.16809606487036,50.88224711184667,48.02725847670746,45.056925074122,42.690457096576225,44.11636538756469,46.33720878999598,49.44724427913198,51.801775055207926,53.53354495551795,54.55039867777354,55.19965739060778,55.47633198298535,55.6161292932963,54.92577416156439,54.58796431966526,53.49559193156192,51.73550456678398,49.44413574349667,48.4308944349941,47.58192516865709,48.276277047674334,47.80187652643173,49.037843028582984,51.78150714721816,54.65295091299638,56.710404043766296,58.40239751235556,59.3307658925972,59.79062366794483,60.1920646472363,60.15472506423961,59.784895734684554,59.05404029365178,58.00829760332232,56.30924944091645,53.88074546017541,50.557795625299974,46.6671449178134,45.66614238239117,50.566800267107624,53.93276797494561,56.26646216522638,57.8109517619475,58.80770732157865,59.340462466412646,59.53133644105537,59.34309037350079,58.64760194956592,57.728561761539304,20.253058652647702,53.68712600961363,50.69260986284746,49.72781203735423,51.80727847744507,55.637301992926105,58.14870614339383,59.987866249491084,61.39252369189214,62.41148859413499,62.9704514135119,63.4463784591778,63.5373797788333,63.28626245278603,62.84874953401755,61.93893676114892,60.757549349950004,58.87081414998106,56.43819697601995,52.35409757198336,45.118833609788744,44.8630293483116,52.199458513682,56.028171747483185,58.41930436266377,59.8202732630544,60.925648600829575,15.68201724066995,17.634279935629372,23.54108439147401,15.314789170422552,15.314789170422552,15.68201724066995,11.139433523068368,20.253058652647702,15.314789170422552,20.0,10.0,57.10741690660966,59.31454819428999,60.78281687392477,62.03464246060576,62.74727833085332,63.37253946225068,63.57320495519752,63.4725134721434,63.107939635565664,62.48050058539894,61.336366136372156,59.76629635125764,57.79206749951978,54.72103786289474,50.23038347022865,47.85080578137339,52.40541760382154,56.22223351387201,58.62804967617347,60.41906033570589,61.78673410331045,62.312373439102984,62.68004071427534,62.66198758697935,63.0336066920262,62.4244725469702,37.062909572587635,59.981450812724916,58.37270807394972,56.511306390821254,51.56409815550318,50.785474376638255,51.82029266281666,55.40382037512617,57.90179569070148,59.49515397172937,60.49900724076213,61.343585040206044,61.801009182911606,61.785766942845235,61.53442278000885,60.57928046701257,59.55443842075575,58.340218344212,55.604757400597855,52.327649330976904,46.817205063182925,44.0146947094309,49.133528319219636,52.993438354972895,55.75959879075224,57.485670936728674,58.58113523784765,14.62397997898956,6.020599913279624,19.86771734266245,21.702617153949575
11.139433523068368,6.989700043360188,16.127838567197355,13.979400086720377,14.62397997898956,20.253058652647702,6.989700043360188,13.979400086720377,6.989700043360188,20.644579892269185,9.030899869919436,12.552725051033061,13.010299956639813,9.030899869919436,15.314789170422552,10.0,9.542425094393248,16.989700043360187,13.979400086720377,12.041199826559248,21.13943352306837,21.13943352306837,15.051499783199061,10.0,13.979400086720377,6.989700043360188,11.139433523068368,6.989700043360188,13.979400086720377,17.24275869600789,20.863598306747484,13.979400086720377,16.127838567197355,15.314789170422552,0.0,14.62397997898956,14.62397997898956,15.314789170422552,10.0,10.0,14.14973347970818,0.0,19.294189257142925,13.979400086720377,0.0,10.0,11.139433523068368,16.127838567197355,14.14973347970818,10.0,6.989700043360188,16.989700043360187,6.989700043360188,20.170333392987803,6.020599913279624,13.010299956639813,19.294189257142925,13.979400086720377,13.979400086720377,17.16003343634799,6.020599913279624,12.552725051033061,10.0,9.030899869919436,13.010299956639813,13.979400086720377,12.041199826559248,20.043213737826427,36.92406234833631,33.60404054729939,32.21674997070769,29.464522650130732,22.50420002308894,16.532125137753436,23.521825181113627,27.788744720027395,33.81115080709851,33.066394410242616,36.12465963953142,34.51018452155458,38.578147779710065,38.19675519994293,37.71219901949534,37.04579449696299,36.23766000133931,37.27297202803587,33.51989455435632,34.14471949629303,29.4101424370557,28.943160626844385,22.576785748691847,23.443922736851107,25.4282542695918,32.48708735600918,13.979400086720377,34.6686762035411,35.481436374348455,35.11749711344983,33.63235804483694,35.986810989071635,34.82015576450712,34.66125870418199,28.773713458697742,22.55272505103306,22.380461031287954,18.06179973983887,24.955443375464483,29.268567089496923,31.78401341533755,30.681858617461618,33.346547668832415,32.15373152783422,35.848963441374494,34.1929472175346,36.7833624673218,34.25697213362591,33.18063334962761,34.0226138245468,29.547247909790627,28.129133566428557,20.969100130080562,54.09495228437399,57.269886847602436,59.71275848738105,61.51807601901396,62.94657758491589,63.916808879732784,64.69710851808637,64.99234548468338,64.99973540022124,64.65530664892219,64.00512431747968,62.808662112906845,60.99592599520564,58.26080636468117,53.769636354108826,44.134506510073244,49.37016107464814,56.20802087090344,59.848422314052755,61.99562663172837,63.64258428105997,64.58708085757644,65.06191307090084,65.19736270542714,64.92518038163485,64.33689366019635,31.920095926536703,61.845906514515164,59.78945224523927,57.28206015585314,55.719974892938055,57.18725006614825,60.08723630094409,62.42108906127182,64.39715651631555,65.7736172179983,66.72390953988163,67.32977332794434,67.5906507902402,67.624656397372,67.33123163811649,66.7439262133041,65.78305626229599,64.30648358697897,62.1815434568513,58.84616966476589,52.84423965566088,40.93491727010932,53.99889949756306,59.32169753629733,62.40982827071263,64.35976321788176,65.63262340498102,65.89261442081468,65.97969932832098,21.64352855784437,21.13943352306837,6.989700043360188,20.253058652647702,16.532125137753436,20.969100130080562,6.989700043360188,12.041199826559248,13.010299956639813,3.0102999566398125,15.68201724066995,19.86771734266245,12.30448921378274,9.542425094393248,13.979400086720377,18.325089127062363,16.989700043360187,12.30448921378274,19.54242509439325,18.692317197309762,16.989700043360187,0.0,15.314789170422552,15.563025007672874,26.11723308007342,14.62397997898956,21.958996524092335,16.532125137753436,19.54242509439325,22.380461031287954,21.613680022349747,18.633228601204557,26.848453616444125,18.633228601204557,30.937717814987295,34.21932813278509,30.881360887005513,35.68201724066995,32.46498580795801,31.64352855784437,23.979400086720375,26.24282095835668,27.87460474518415,6.989700043360188,20.5307844348342,17.16003343634799,22.04119982655925,10.0,15.051499783199061,15.68201724066995,21.072099696478684,21.13943352306837,17.16003343634799,9.030899869919436,18.325089127062363,3.0102999566398125,20.969100130080562,9.030899869919436,21.335389083702175,9.030899869919436,6.989700043360188,15.314789170422552,16.020599913279625,23.54108439147401,6.989700043360188,0.0
15.314789170422552,16.901960800285135,3.0102999566398125,3.0102999566398125,50.59169458746156,53.64126811796932,56.036401166823254,57.839964283643,58.84981611991918,59.70083615858606,60.26779961956503,60.59479352769173,60.634264388912584,60.036005350433996,59.97800819855037,59.123416438096214,57.30618375263483,55.583689202426704,53.24876887664459,51.6701292651354,48.284858861449855,46.943770247304606,49.006347245581935,52.62510415525468,54.583734153747784,56.152365077911746,57.29475814639392,57.67804225252648,57.87835803437781,58.26837065603377,23.979400086720375,57.29006762020002,54.92923742399215,52.80680786235053,52.159572852336915,47.266457202409114,47.594638672127104,50.63487230339657,52.65405139431168,54.48474428212161,55.86735794495178,56.8992123534523,57.29503342575376,57.44555827793792,57.21798253713609,56.9744556408962,56.154407979209765,53.91531411097566,52.55349706149089,49.51167459700895,44.529052580575204,41.44262773761991,46.85222065334621,49.99452443919984,52.33364215748924,53.19033150039683,54.66774229588668,11.139433523068368,13.979400086720377,13.010299956639813,14.14973347970818,13.979400086720377,3.0102999566398125,20.863598306747484,18.129133566428553,15.563025007672874,11.139433523068368,17.16003343634799,42.29553863981137,44.09222800799023,44.63907912938484,46.38858499846704,47.92643787305141,49.4101424370557,49.79375350825853,49.82764058504354,49.92191086405163,50.986160408242576,49.256059918589486,49.07948521612273,50.41526900893086,49.281499555915225,48.653705129110875,47.68193961633071,48.266772113767885,49.19391926773859,49.16037879441752,50.3613764132638,51.7485320442887,52.82232273639265,53.668523695122644,54.13113597979135,54.404761453941816,54.255749744495816,18.129133566428553,53.34174184646574,53.11128450605299,51.95038508868177,48.69231719730976,47.17578975363936,41.42952307343432,32.90479813330673,40.32538179260007,47.62896031550491,50.08302024212001,52.035604682457326,53.34907914305646,54.3571221082786,54.86386551253037,54.550413909308865,54.476618308244724,54.31564779891298,52.98787599944235,51.63986823349979,49.81954444469974,48.93883768910936,45.892121262776385,45.76341350205793,46.84072994969725,49.739448519147615,50.48663167388821,52.347702951609165,55.07772241725364,56.68632816532436,58.31572894275183,59.253229229371684,59.96988171432788,60.15689124171004,60.085495011165165,59.787669435566954,59.12407535614898,57.70089487047702,56.034529261455475,53.8151578301283,49.77696175297456,42.23340158878378,43.610475381955816,50.183550889114265,53.85709919994709,56.236967966888315,57.76475989678169,58.85643871835764,59.48140957492413,59.52998163715907,59.627087767493556,59.177281137511784,57.92813170841386,13.010299956639813,54.614219857656366,52.48907098939499,50.986160408242576,52.67021459993781,55.22731060048578,57.637408723726196,59.5537213490429,61.01092734421474,62.080598375046954,62.63438165091206,63.0284718534524,63.135470737455265,62.96263391726357,62.52532650983856,61.390175110375566,60.08887051970561,58.420054252774,55.28923124704721,50.65658127117224,40.75729399740899,45.1129499469627,52.164535765839204,55.80482476677294,58.31204071017892,59.88320787627755,60.94155512845224,22.14843848047698,13.010299956639813,14.62397997898956,20.0,19.294189257142925,21.335389083702175,15.314789170422552,21.73186268412274,12.30448921378274,22.85557309007774,23.654879848908998,56.28569763275411,58.5302861471299,60.34827713177527,61.56133434974676,62.40086753037143,62.89470553258034,63.04162960017891,63.00660253712358,62.6684529800983,61.80809479757662,60.8582874126461,59.18308238281699,56.23352681537992,52.361592305796634,46.24498673276187,47.201675756030205,52.47150517744046,56.30412618510614,58.858726850232316,60.260398578751754,61.447762087382685,62.2825916437937,62.772148471716704,62.91383948361318,62.20565426098435,62.041321970164645,27.97959643737196,59.78317953273876,57.58773410582734,54.293904863575726,53.90024960343911,51.10404506501023,52.012796577269455,55.14709752799118,57.3973211011494,59.101039000776076,60.25653980717898,61.08539317068124,61.188230292075076,61.224288761555314,61.004136277505935,60.552471821668014,59.61167088054373,57.459752528150226,55.887701588683576,52.88647109256527,48.33325639758229,44.65263850356592,50.10036925266046,53.51813693783575,56.218407217316084,57.62454232828566,58.91026484865299,19.294189257142925,18.129133566428553,21.958996524092335,10.0
6.020599913279624,15.051499783199061,10.0,22.14843848047698,48.887690149758456,52.6079858002432,55.286545025819024,57.06896923854703,58.34650825137088,59.17111472493697,59.710577187473646,59.96903761092054,60.019767458895814,59.909867046145806,59.05507693774494,58.18997433623927,57.31680609965902,55.419297827550224,52.69923695230946,47.259197956484364,42.65030197723058,45.79166002379459,50.97607797666324,53.948227739709424,56.01065404707971,57.52540881390706,57.97038211594929,58.712938233451915,58.7439425417739,57.85388211656877,17.853298350107668,55.77809936120271,54.915927890789405,52.63931808798313,47.77666017239896,48.41240555110424,50.01110373201611,52.26035084122184,54.97572315432373,56.387607309373095,57.539199468404746,58.16315554684651,58.54681255878509,58.47874216357232,58.00225470153233,56.79711276687161,55.39038441569298,53.68699593987911,50.2120997926717,45.57759765131784,40.2840856511547,44.94293768665333,48.46497932158269,51.64412344104769,53.9263540919524,55.266610014264415,55.99910351021086,9.542425094393248,6.020599913279624,10.0,15.314789170422552,9.030899869919436,10.0,11.139433523068368,-inf,19.294189257142925,11.139433523068368,20.827853703164504,48.372158456848695,48.63893611903713,49.268567089496926,49.86063749997231,50.38322053381606,50.64746175271495,51.1541744899857,51.423675631070594,51.65000839239383,50.35509785089558,51.463389274998654,51.302211590311735,48.53339192631128,48.35011654103995,48.30716949436898,49.140891713534984,48.982698110948476,49.54242509439325,50.65250975426973,52.10355980457939,52.55508889977853,53.69549801664892,54.35210291881625,54.75248307945452,54.90561013790531,55.47617198943898,18.633228601204557,54.73710264098859,52.72864592561396,50.97618203875831,50.28981767813555,44.42479769064448,37.641013764762285,36.74309888941477,43.71751107340287,47.09693869727792,50.278305315268696,52.183569193815586,53.15403504634351,53.8938760667584,54.132008208636144,54.67501553492562,54.26226518098315,52.53943462669259,52.27385306272158,50.46300019652969,48.02506911304579,44.66363368260964,45.97804842404293,47.72233665134234,49.31376496418221,50.25248501827982,51.04230965930802,49.48383620565448,52.82977649277956,55.84930227950731,57.546762265719295,58.95621966287966,59.80372933058462,60.50874871284077,60.73024758083406,60.70460866653342,60.20404792796902,59.47828133096361,58.240502978728934,56.16438752219388,53.205886670635536,48.5395360401047,39.292656182530656,44.9533615931354,51.201427128224594,54.985159334030236,57.28244991834646,58.77447945435254,59.76348144598209,60.37601774100143,60.38578836446429,60.27702201437406,59.7961483397344,21.5836249209525,57.24083262362542,54.87134131536432,52.52340795297383,51.179636255600784,53.186058640550556,56.0655440343468,58.48725954970238,60.25479548323236,61.540153554410885,62.50162521121729,63.050778067807315,63.35026200088234,63.316297176299315,62.93602068916848,62.44415676993407,61.29200229523708,59.84750928674223,57.6261855343552,54.57707841422955,49.27626962444954,40.96805769822717,48.79634827399501,54.03274985811686,57.164340837119,59.172223643993945,60.48482589578461,20.644579892269185,25.118833609788744,23.117538610557542,12.30448921378274,14.14973347970818,19.294189257142925,19.49390006644913,18.129133566428553,10.0,20.644579892269185,10.0,55.402017959750445,57.79567633522879,59.744679387032534,61.09670997582512,62.21495872315276,62.80229064451518,63.238180677398844,63.182512102012,62.96714539103344,62.453532327368826,61.47340504895368,59.95221320992667,58.125564203838216,55.09753444381994,51.10030490848308,41.79580513395409,48.793597035268796,54.03204625401614,57.12623609508276,59.18152006116786,60.40950269144804,61.585675271933376,62.14327154074388,62.42696434818722,62.116930798502764,61.33313080402709,36.39586086673426,59.47453818570774,59.05882191190809,56.09878155166462,52.86898623150368,52.128053018510926,52.15827839474379,54.112222625399504,56.20640876144754,58.14621780345497,59.34502491173446,60.039604584407876,60.55196700196025,60.635408848568055,60.3487901595951,59.503229809164466,58.45259939633099,57.19560805659205,54.492530938833966,51.07552520008439,45.1936852704,41.121356026819115,48.01952234854282,52.06169892919334,55.07415959525366,56.97752274167755,58.084574309515304,9.030899869919436,10.0,20.644579892269185,12.552725051033061
16.989700043360187,15.314789170422552,6.989700043360188,16.989700043360187,50.18588166601496,52.9593636810846,55.06734971715797,56.55578271464301,57.905525564218685,58.532429981177515,59.051285505603275,59.24143806415435,59.295481729554176,59.352275546116616,58.3950632901726,57.60920580754528,56.74508420203857,54.974562910426286,52.383096123066395,46.28562613108777,38.26398782187618,44.05653656099307,49.415760254081114,52.90946784734306,55.45289793833328,56.965843990090654,57.72535866729549,58.617840434934436,58.73586213451486,57.83780702268117,13.979400086720377,55.90353564041729,55.1066563081061,52.53476123904776,47.49086706550194,47.25552292750614,48.13634354810813,51.13706095910036,54.056417097648776,55.812007391946906,56.86886408025396,57.478901229255335,57.98115215007427,57.74535213012513,57.17141872982934,55.51651239513238,53.62529596161941,52.25136046404097,47.89221001247678,43.422647268354126,44.94877815637538,49.244085211415154,50.93491727010932,53.441917838076236,55.07426760251108,56.43149551620223,56.855715692853515,6.989700043360188,13.979400086720377,13.010299956639813,11.139433523068368,16.127838567197355,9.542425094393248,13.979400086720377,12.30448921378274,13.979400086720377,16.020599913279625,20.0,46.75741690804245,47.93685638664206,50.185548774461246,50.41838595038754,50.69686592875564,51.04029358675686,51.543387492977885,51.46506327494962,51.73594138754633,50.370199036589895,51.61691356339049,51.24063838301461,49.79225037302447,49.925093350677756,50.414755880097495,50.241283977246844,50.3200596544578,51.238026576241495,52.84117026113108,53.42363454809173,53.9153670007252,54.362135503703655,54.867222720418376,54.85274128366071,54.7915045253866,54.89770103752804,19.54242509439325,53.4419768188999,51.070063463815444,48.67738469056448,46.99560243559649,40.98020386209668,41.203764797444336,44.67075083515206,49.06685138141586,50.80749110907479,53.00814966671371,54.23537490792594,54.64814327119907,54.99633479675134,55.0035313118875,54.970209233083374,54.17559705728294,52.671083402582994,51.487537679279434,49.196741839602815,46.66976368509276,45.77227466153906,48.69349080759093,50.07786171690014,51.56797421690228,51.715275392533975,52.433754264624106,45.580482290829885,50.22147824515181,53.934874581471746,56.171440331538925,58.07221708929876,59.18057610461149,60.08540984461334,60.60344596436657,60.91297210364736,60.76052127860998,60.37137137533877,59.515536406765854,58.20107494539123,56.08625503433463,53.21376773959882,48.54967608965709,38.45841907421757,45.46801682361427,52.18693019991356,55.46430373968909,57.716234868837574,59.15437827721367,60.138938459297,60.5980643364373,60.7012952079226,60.55381389776075,18.129133566428553,58.80566659966823,57.08234734032597,54.77562563149138,52.31984118178939,51.30079551408896,53.581728818005494,56.501073323388546,58.869687499456404,60.51230495434322,61.813690334764175,62.69118865052853,63.32676347727955,63.52638770122991,63.344475181761396,63.0879227834626,62.16758988922873,61.16914762655188,59.40925186794772,56.926363279001954,52.95997882285338,46.60979252046847,46.01679817305896,52.346210361170826,56.30514318484594,58.6484853675032,60.39132430507244,11.139433523068368,16.989700043360187,23.54108439147401,21.13943352306837,17.24275869600789,22.671717284030137,20.0,18.129133566428553,23.673559210260187,20.0,23.05351369446624,53.64922285008306,56.746930830878014,59.00154026258598,60.68159135109524,62.196109812243314,63.02876160611575,63.65198108922389,63.7565867669029,63.70710115041759,63.39686910166104,62.47167725460044,61.40393955046278,59.82836352809487,57.51205945382434,54.107603672445876,48.64469548179421,47.80936262669053,52.670332015857674,56.3199744580166,58.71421723376624,60.44157428683104,61.381956116344426,62.407301666280205,62.22789800910871,62.27570505383576,61.84864546397479,36.67359546183087,59.806758933591865,58.341535590424044,55.746793303875855,52.10757141724511,49.90889145226802,52.20873968249242,54.76746151874249,56.582213344477104,58.80898728511531,59.99906616647321,60.79660514990331,61.21202873558669,61.320485762338166,60.997721164015026,60.161111554951354,59.02221072234988,57.97959643737195,55.302624677953986,52.04892881542919,46.21643572194573,40.4563587107822,46.653933502797116,51.286738473085904,54.312994194693516,56.18346244774996,57.2775672423953,9.542425094393248,20.863598306747484,22.92256071356476,11.139433523068368
18.129133566428553,6.020599913279624,17.24275869600789,20.170333392987803,50.932850710581306,53.54392751300135,55.46409393588962,57.00763406905979,58.35240193398982,59.14470623150176,59.499225446987154,59.68061525204101,59.69528665167416,59.77621648406636,58.64023115682094,57.728964729647146,57.19544237975869,55.45460515342136,52.82599457384596,48.50333724766305,44.16973172603036,44.54600977097761,47.722189898007336,51.95138278510996,54.071154523374645,55.77778936695224,56.842644184485145,57.50746690023053,57.575250831511475,56.777310191352505,20.043213737826427,54.90761672955919,53.70803509020302,51.009905230699644,48.50603354908642,46.08921638952615,48.17710771070808,52.15650779742845,54.21106835928217,56.33114816128496,57.31205869398211,57.687934428682304,57.9197470677415,57.92574474994936,57.38331767048953,55.874527804581774,54.20162113179743,53.45793117249714,48.01293921864864,43.46059433052574,44.32167269442588,47.360138358459196,50.453425411605664,52.92887112304355,54.442400283250066,56.09001785323524,56.57965578558684,11.139433523068368,12.041199826559248,16.989700043360187,12.30448921378274,10.0,21.367205671564065,12.552725051033061,16.901960800285135,12.30448921378274,10.0,15.563025007672874,46.115640020881244,47.744074659216324,49.822214672789656,50.03533770042913,50.19950829648354,49.71739590887778,49.72100966318954,49.640945574952,49.27888537744145,49.71758130277843,48.4393630088351,48.37746220065368,50.632770509176275,50.795430074029056,51.092747382302946,49.22813656995963,49.821128676392604,50.62510535969001,52.68814242422131,52.93552586033037,53.89764820575608,54.45643116806342,54.52180651187894,55.12761751366788,55.08288601779825,54.26381116178733,14.62397997898956,52.55629444955477,52.154789363625355,50.06983464263954,45.0149744561414,42.38547887681328,37.8710609303657,42.812152326113164,47.71006563530642,50.80543515764974,52.619120403197364,53.62981701759849,54.790351652333776,55.25109622271934,55.289629540314884,54.20157161575475,53.36671825899764,53.1928099163503,50.18471643392513,47.42827213849982,45.311850301844956,46.51433091479493,48.598885038758,50.40135361010528,51.56431021705377,52.12853189947111,52.90337398349267,46.48018296651682,50.62815049453291,53.91007483485832,56.06125442970955,57.948643186358375,59.05029659668165,59.86675462448501,60.375910205546155,60.58074346538216,60.6667061463076,59.956843241235816,59.17875578692687,58.24632107087345,56.41633719097436,53.51960488630465,48.413219217583254,37.79957051246906,43.41968408179938,50.538847903946916,54.40318606811914,56.729120893595095,58.359352290917414,59.36238702764886,60.022097050786186,60.19648753879114,59.79004027511992,0.0,58.14011067313699,57.08758176003052,55.183888977094966,52.62261192708644,52.754726010694185,54.60948933219744,56.80003545693877,58.95653445326636,60.39560842295822,61.62444017984079,62.385323410648006,63.070578855344834,63.32086842079648,63.0969594528496,62.700703978637975,61.775076421949166,60.82114747187922,58.847376051707315,56.3557421540849,52.15484224865186,44.11097565508278,45.100085129402345,52.45754423577179,56.374106687128176,58.69261062961412,60.348249073818536,15.563025007672874,16.020599913279625,21.13943352306837,19.030899869919434,18.633228601204557,15.314789170422552,25.477747053878225,12.552725051033061,22.30448921378274,16.020599913279625,15.051499783199061,54.246366646501976,56.504396373740526,58.64659380353636,60.399072293852505,61.83478255019398,62.7325598345175,63.279781543179965,63.55933440208871,63.4715138107798,63.24063812241302,62.278918441629294,61.206453207187465,59.70212940364415,57.24054568868242,53.51960488630465,49.37021128181249,50.69701389079605,54.7848857530835,57.22449637296401,59.87516559444231,61.542882158515944,62.17690513969114,63.10322995444095,63.359286493657834,63.31588633776296,62.84369815540999,34.31524584187451,61.212659476683555,59.6658519088723,57.36115913200266,54.084095784684294,47.876729646874935,47.68208773607013,53.11571630997783,56.27458031959776,58.6584099778278,60.20449541545982,61.01095487256514,61.63630314856958,61.925677320877284,61.618720901988155,60.90880295630346,59.946624269007565,58.900055295101325,56.23275140490578,53.26796542253948,48.6542380094089,44.57094308003847,45.816311272008946,51.73200841808088,54.62878451106437,57.05495089506072,58.07927204214552,14.62397997898956,12.552725051033061,19.030899869919434,11.139433523068368
13.979400086720377,17.16003343634799,23.443922736851107,15.314789170422552,49.45429191555494,52.85937431555815,54.896561952405996,56.688190631369444,58.172810350608366,59.03212115141513,59.681694896555825,59.86661579635172,59.855827380865136,59.63236584542728,59.164650031778606,58.26012570973279,56.786731314693554,55.126003569060956,52.55139783733704,49.52637483145243,46.247872752921076,47.466030656007504,49.90094550948234,53.40731566264532,55.220071107382005,56.70412857299179,57.920062572811815,58.1896778433952,58.1340016167366,58.12059965256816,15.563025007672874,56.29133234652131,53.90604847138597,51.063201121056395,48.71111544521109,42.565253248481085,47.25887141314174,51.70103227682449,54.09283731131193,56.390120922492464,57.53179214763483,58.17034240548011,58.30222218485127,58.25785608915304,57.73518035329505,56.973165417323834,55.24915147539866,53.901381698039444,49.44724427913198,44.29445420870021,36.90550461510359,44.101527498220676,49.911906216346026,52.54357109897911,54.25307558758978,55.81316917664839,56.472303533488954,0.0,0.0,15.314789170422552,21.702617153949575,16.127838567197355,18.692317197309762,18.129133566428553,11.139433523068368,14.14973347970818,10.0,15.051499783199061,47.44613694833976,49.20191179502627,50.69594105177555,51.31907242774386,51.76487733653302,51.50452480839567,51.37699004259602,50.63198207402894,49.84482306402263,50.160299630760235,47.67155866082181,46.73665876245701,49.801170463604464,49.715587903472304,49.83175072037813,48.79239282004893,50.12014237418042,50.72323438293041,52.193670625985064,52.49650766622458,53.440954371218496,53.91993072259713,53.91367420918055,54.53203634456222,54.49300942456012,53.46925786993914,13.010299956639813,51.827597822290564,51.70722175489071,50.0108438129222,44.82029890469332,43.08372299806312,38.636796678758984,41.17933835039642,46.077230235205526,49.601567161862235,51.293192306155355,52.72484443758404,54.115405830946514,54.549195217644844,54.66289164135866,53.40094952469247,52.481744183444135,52.995421628891506,49.39768775453351,46.730946663821136,44.71423739985866,45.491013965831826,46.50899780484342,48.3340850274661,50.35069344421104,51.744000123801406,51.892431980657115,45.66896882378651,50.36217557872632,53.571589004817156,55.99728095137891,57.94184701418562,59.142823198921064,59.925999048975704,60.39903267708263,60.58301868341555,60.70874232668149,60.03616040284523,59.248502146732605,58.290051329317656,56.42901562590281,53.94707278961395,49.00694774452398,42.84024450322646,45.243312002886526,50.489775430859574,54.077731872806005,56.27744674722776,57.75442230980979,58.67595341361288,59.325655859291324,59.33618872301129,58.80868447066697,15.68201724066995,56.74651747472221,55.50674651788406,53.19832400139701,50.58475373298818,51.71913584017542,54.25482049859495,56.78905156769132,58.993569712349654,60.54103014474413,61.6707648566122,62.44421861507033,62.993270497920015,63.14369741339371,62.97655480086654,62.5673554062492,61.7238105746964,60.81336144203821,58.90821033814623,56.62262831631211,52.71155948604317,45.61256461130405,41.141103565318915,50.366288953621606,54.79985371503456,57.39344458057927,59.06222951345853,13.979400086720377,9.542425094393248,17.24275869600789,13.979400086720377,12.041199826559248,20.644579892269185,16.989700043360187,19.138138523837167,14.62397997898956,15.563025007672874,23.05351369446624,55.17578542097385,57.22647082773261,59.17911256635597,60.586992706708585,61.78782765626626,62.528930618664944,63.05809716668689,63.11011748981288,63.00576790131564,62.64776515863468,61.75405691066019,60.56786356590295,58.737076316188336,56.14923568054131,52.18233442120638,47.905525564218685,49.120838257658946,54.00299623239772,56.535414878538546,59.30327438518183,60.69640351488591,61.49493155316894,62.692057941003306,62.64834816808951,62.656838956281845,62.490684166187826,38.75871190727366,61.281009119363944,59.625932924079976,56.916304258607326,55.02964875047279,52.50997863717993,51.73981261097947,54.103469422546354,56.21517972406154,58.368366098919104,59.83664618798356,60.61819137226783,61.09410128124534,61.165164262977704,61.10309516824859,60.7550498972965,59.674852610652074,58.349189344351196,56.12267693004008,53.14290767123195,48.259451432038475,44.47359621271918,47.55425089974061,52.67127122895361,55.48822881947558,57.610290163836986,58.62172539888908,17.853298350107668,18.06179973983887,21.613680022349747,16.989700043360187
19.138138523837167,18.633228601204557,20.170333392987803,13.979400086720377,48.96090602340504,52.28318214862793,55.039826015295716,56.60821856716808,57.82357943816557,58.59847126248182,59.219178641842404,59.59333369121132,59.77391128489816,59.078309401941226,59.13774128510777,58.40219046539844,56.41698140731659,54.945163553737245,52.564892363931136,50.15778756389041,45.78501680706807,43.200839427156936,49.17111472493697,52.11830430204408,54.5789551551118,56.10882575606041,56.934604881929886,57.5117128700645,57.73600696849716,58.08916212963722,18.573324964312683,56.85915421660728,54.526893811938535,52.39314497696553,50.432089705599026,46.17461665030912,47.621456823911466,50.32135046879902,53.217744321410514,54.52779725704261,55.95496221825574,57.116537230886266,57.605385813590985,57.69469640771332,57.39794576742334,57.16792707718979,56.34074025487468,53.557043220158214,52.84198295905519,49.49492468536064,44.2800513453181,41.7507672117621,47.996850909091,51.445897734411226,53.77455605197174,54.378171284057835,55.58768551816584,12.30448921378274,14.14973347970818,15.563025007672874,12.30448921378274,9.030899869919436,0.0,17.24275869600789,13.979400086720377,6.989700043360188,15.051499783199061,13.010299956639813,48.38023776935735,49.07174799363358,48.4145958444375,50.02187667909688,51.012829830700184,52.173997092367905,52.26870449530785,52.3567234623641,52.28220648868423,52.42355049145863,51.48584147544633,50.792536224300775,50.61365762330599,49.60699043221426,48.44502027365493,49.50325902451625,49.917309817829675,50.72837874663087,49.95547449475137,52.05315360197719,52.7895470130375,53.96807630844525,55.11712282075944,55.3127960678765,55.82177037688409,55.95589904692537,17.634279935629372,55.393333358002906,54.49401252996221,53.561501968428054,51.780094933956974,49.90680649447501,46.33811715526896,40.73351702386901,37.079957464229295,44.60912869987286,47.94355577097677,50.32078578473196,52.00918864007299,53.14516068925609,53.751513015702784,54.106912092519096,54.121933363348624,53.4891206115364,52.71221074518209,51.50946689758272,50.19033163930999,48.35424207076886,44.30075055551939,43.41810288856514,45.917878286455945,48.86005397920503,49.60399419895466,52.46852962277646,55.23239060190306,56.922624750008936,58.67863299147311,59.52212027731346,60.23812359027267,60.4783888905147,60.32523672985686,59.970454561525486,59.10797767956762,57.75412367469767,55.87309028630713,52.81953278498541,47.708078438557536,35.826314394896364,46.53771910684735,52.539676634149615,55.534290851967505,57.716286303547236,59.15599258816137,60.05777471526027,60.6546057548227,60.745886322017746,60.68314275144722,60.20404378435088,59.13551607651222,14.14973347970818,55.79440597139797,53.15722706031898,51.29412731630935,52.348461699213644,54.90351836684478,57.5253550681534,59.586259891030025,60.979760257462125,62.19720974876532,62.69006906587279,63.07007128043018,63.11250423327792,62.86292062436939,62.47474400072308,61.34451563823425,60.11234126346572,58.164428189139066,55.005452027986045,50.45119477845246,40.89551882886454,47.11174300366761,52.903418495244104,56.34143611921708,58.676937099081535,60.21639904258428,61.2062985946958,26.24282095835668,15.314789170422552,20.644579892269185,21.13943352306837,11.139433523068368,21.84691430817599,20.681858617461618,23.654879848908998,12.30448921378274,19.138138523837167,9.542425094393248,56.12267693004008,58.654332736839294,60.481919540994525,61.737001223292516,62.45913711467142,62.94989048801672,63.17947438039549,63.08212994409308,62.729208911934805,61.664093903674406,60.88884557035734,59.43443564931543,56.555350758006064,52.899566540745184,47.80180448202641,45.46110621749425,51.143340415567465,55.20556891525101,58.09839727453972,59.665739340602606,60.87158269313373,61.58334141391224,61.478546420168286,61.57595768477512,61.22656177105172,61.17041158071615,35.700757053216044,59.13139643250869,57.37177529630138,54.84517643920799,51.58151325392703,51.56797421690228,53.50265467315489,55.74154010954378,57.68588528179443,58.90247713584073,59.77644053540359,60.61924216445889,60.74995531909306,60.68676300366813,60.32661463032448,59.90761397986808,59.0746833131383,56.74833594759691,55.3725477518074,52.08401042579736,46.97612887347364,41.12605001534575,48.5542223116103,52.85685553208233,55.16948979539108,56.54261273998394,57.78719803833682,3.0102999566398125,19.912260756924947,21.13943352306837,13.979400086720377
12.30448921378274,19.294189257142925,20.681858617461618,6.989700043360188,48.798124189827014,52.39489675978027,55.31893853189995,56.72387906733006,58.08646399890157,58.6853864336278,59.204974309136475,59.44919214739657,59.34933033211688,59.090299576992116,58.613031636584864,57.698055006497455,56.19913122419917,54.472278230615544,52.07119802003085,48.66930917752942,43.50344948249062,43.31629717629933,49.47065935430149,52.155873377971496,54.43951053179596,55.71052819725031,56.5639050939717,57.12744798339783,56.94026631774415,56.56218023915069,17.24275869600789,54.26582824596245,52.65159931163293,50.09459394629076,45.231349034654244,46.26237685146901,48.69777179572108,50.89286772806859,53.81973791178225,54.849955768525206,56.028171747483185,56.68412942758887,56.78514737142396,56.500295634578926,55.73205903477433,55.23439491586795,53.52182518111363,50.7023741141393,48.71111544521109,44.76686742945645,44.33753837516757,48.01335095674546,50.05802327020394,52.58735430804552,54.1622931374651,54.634300919028014,55.1474559712362,11.139433523068368,16.532125137753436,16.020599913279625,18.129133566428553,16.901960800285135,14.14973347970818,15.314789170422552,18.129133566428553,16.901960800285135,13.979400086720377,13.010299956639813,48.8482367427016,49.56922026642047,50.5154224746518,51.07118350992347,51.805444778144725,52.017602502423664,52.39772314759287,52.5935731747472,52.51355898115606,51.18320952504392,52.43930536804275,51.690863574870235,48.985167579698235,48.47628176194892,48.211531044298866,50.20763067773382,50.181052239269796,51.44029051728238,52.405143036425855,53.86969567747578,54.46428424513265,55.09605704611556,56.08153621536164,55.899429026445056,55.89262448468137,56.407993394327114,9.030899869919436,55.00462896795692,52.606270247784806,50.60282229438346,49.338111163524054,43.84281712885585,43.28053250252685,46.258267132857114,49.129019364922584,51.26910294600161,53.0810533408533,54.270996812989985,54.62397997898955,54.74421703806421,54.46667622215411,55.17429482913138,54.23036050829473,51.49095891067972,51.070063463815444,48.54020467641952,46.18780024506215,45.354586902650986,48.241128113980125,50.787177513591246,52.178338708750886,52.95692422564738,53.171541237990276,46.49733914639594,50.25129653457866,53.651302934673495,55.960161820015706,57.942405049514605,59.19678886692884,60.14494077069421,60.68753043580947,60.87001898065566,60.795639803185935,60.42150853891005,59.50131577546937,57.87416546917018,55.787732590786604,52.52049206692366,47.76119799052988,28.432327780980096,47.05247740178905,53.3126731710981,56.34295856390155,58.443454384137404,59.745531398616976,60.82751271477196,61.242044843121484,61.331970863154936,61.18813779586503,22.87801729930226,59.65232754559012,58.02828436111134,55.9015944101531,53.88076323105306,52.27886704613674,54.07220892927397,56.65285420133516,59.01384752109884,60.58406662995207,61.90813637635547,62.82816222007653,63.245314343048946,63.36062883617374,63.24104790460969,63.046053335098335,62.20663681763898,60.93318352812004,59.21324846323727,56.64744426887617,52.328386183428755,44.01072973025948,44.910253356283,52.84908758617678,56.78811451668597,59.222166671348795,60.76969771000048,12.552725051033061,9.542425094393248,21.613680022349747,21.702617153949575,15.314789170422552,12.30448921378274,16.127838567197355,23.010299956639813,14.62397997898956,15.051499783199061,20.863598306747484,53.66299656129481,56.400061363298654,59.06948870476861,60.72414979039376,62.07568666292048,62.95286642101438,63.48288114148765,63.65962454411719,63.50939430614556,63.04443131940325,62.381972012792,61.00255407351045,59.01920705044929,56.438088492761096,52.415913022553,47.12691782387082,48.495668154778826,53.89415953376256,57.593731797955535,59.62910800483306,61.312297421673776,62.18639733886874,62.765778303203675,63.117294975112,62.55601479181817,62.16626617199304,37.49504423876142,60.41524138046108,58.308714774206855,56.81003214976535,53.72014884596298,50.534664448243234,51.85672451980817,53.99585469412986,56.946692416803884,58.398775904353826,59.83817911670315,60.573941093364745,61.06477158384065,61.069971810894195,60.804911997138475,60.45539289636664,59.25982615320847,57.83114990700773,55.71126277084311,52.75138523943827,47.64639332067447,41.70965406310841,48.364823574581486,52.74086230970845,55.207716567102835,56.580734342948006,57.671358212589006,6.989700043360188,13.979400086720377,23.05351369446624,23.117538610557542
3.0102999566398125,16.532125137753436,15.563025007672874,3.0102999566398125,49.82144545339493,53.011277009309794,56.17136692377613,57.55528043568069,58.85262248423858,59.46177550752762,60.083148061630745,60.33200116682448,60.28809480007307,59.77476672974879,59.55711796961274,58.558055623096614,56.677339858967215,54.7015313127542,52.239214604371895,48.706438130432005,43.573439570965334,46.30682071392775,52.07626289921126,54.39913470304034,56.39196530810136,57.583008780268834,58.41354464149552,58.80482602361351,58.75258677740676,58.59722369830208,19.54242509439325,56.82226329694177,54.75184331417387,52.31380377589456,48.93883768910936,47.02990277589261,49.155581154115204,51.503879773252805,54.41264554492774,55.46928668512212,56.759340733734945,57.527588795197595,57.565242877414704,57.27154774477762,56.69645964091093,56.36387585813157,54.888284069658305,51.38447965113293,50.614713282650314,46.82145076373832,44.4216608578472,47.951080246115716,51.086631009751144,53.21152931118769,54.56202002841495,54.75255577409164,55.26217761339786,9.542425094393248,9.030899869919436,16.532125137753436,20.5307844348342,0.0,10.0,23.69215857410143,6.989700043360188,20.969100130080562,6.989700043360188,12.041199826559248,45.8849580100721,46.58097292565206,46.79645897695205,47.837464048052134,48.56813445749757,49.02851059315761,49.052182353937006,49.421519667747816,49.81265764028029,49.009621686093695,50.529131495297264,50.62536860379413,48.249909561738704,48.00895706993073,47.75421108222194,50.46233650481332,50.099987300480606,50.72095421640376,49.93863700912136,51.43820153619964,51.76901186391347,52.59309511641482,53.52462306633079,53.10008945423141,53.27191315467112,53.88846893599511,21.367205671564065,52.459492104036386,49.4004807093355,46.786731314693554,45.96652066132439,38.06179973983887,41.99864833732256,46.60191704349621,49.55461646719431,51.67252333430937,53.362235094827895,54.47976215462431,54.84063404888305,55.05608459773502,54.865792328885576,55.16892181651242,54.27878679240738,52.036474304099734,51.29412731630935,48.95560658453326,46.10841081435301,44.830592619456475,46.973165417323834,49.952577647260455,51.45165317350656,52.29395118450401,52.491714425328915,47.52424929361883,50.514843896204724,53.55438109856074,55.662748222807494,57.41328906134392,58.62944919011257,59.58805090938195,60.107158149804214,60.37535257159473,60.230136349275355,59.98130687972855,59.11984378736524,57.65932180127152,55.821418016897056,52.96437016058423,48.91453824238682,38.63322860120456,43.86481129682074,51.136893828267944,54.845304525535134,57.13943921487289,58.68207573546985,59.825407738691055,60.442025417306546,60.6156857702308,60.64672462758402,18.573324964312683,59.22414543387889,57.76156158421916,55.84278065279214,53.88030116459972,52.34307171844066,53.602392453553776,56.164229962656826,58.355415543920486,60.20951405996036,61.490687776262796,62.39445888031628,62.89040164258597,63.15189382261511,63.06630009057476,62.854785437989676,62.01214081159041,60.92398136736109,59.18171407126303,56.7599177153008,52.61331874487941,44.95766284392676,40.947156343281875,51.3372089071826,55.802188158331056,58.48500095999246,60.13107836549834,20.374264979406238,17.24275869600789,15.051499783199061,10.0,16.532125137753436,17.853298350107668,18.129133566428553,16.020599913279625,15.051499783199061,6.020599913279624,21.335389083702175,53.89033116720925,56.74642561245562,59.28889786097673,60.883618631348746,62.11492443607541,62.944461643795265,63.504397247853845,63.62336365877981,63.62640028715279,63.049370871746426,62.39180563782462,61.31898588211062,59.151675865229585,56.66683617333704,52.607795216765545,46.428600525844914,46.65927912802659,53.34654766883241,57.36928485887029,59.314426141745955,61.28855296923817,61.999999472615535,62.53713972584709,62.86685009284809,62.824872952844046,62.51169854491788,41.499884564914765,60.90902841797192,59.81423985296221,57.14349881031164,54.74859941738595,52.128292465591585,52.70271129902288,54.73342424487724,57.32494279319287,58.883390242946945,60.18055233674717,61.12917206000071,61.45067373196754,61.53895620371099,61.34256816576147,61.081091812634156,59.90563493007717,58.22466881039519,56.37542762236479,53.40422300414176,48.323556052450094,38.83661435153618,48.722262205886565,53.3017220597565,55.69481591930823,57.28711623093002,58.50801181451591,13.010299956639813,18.325089127062363,20.863598306747484,18.633228601204557
18.129133566428553,21.64352855784437,15.563025007672874,17.634279935629372,51.05595332203224,53.833359418417274,55.85827187081585,57.392439284848976,58.56501717312707,59.27814184323698,59.94139790544907,60.167476131885245,60.15400416213004,59.60748960351523,59.412554514217966,58.455724026827795,56.35710887759867,54.5015361463748,51.65600402517412,48.39610012621015,40.88136088700551,44.08850262912029,50.19182780205981,53.82343091527094,55.71598206525296,57.03570784669004,58.33138183593776,58.3429605663256,58.41915436910257,58.542094536868674,16.989700043360187,56.98485061045499,53.76724738015524,51.41299233701602,51.49668574990606,49.156583297095516,51.678428970078485,54.37999339121788,55.91055698330371,57.36320792970078,58.162552237138016,58.55379819886337,58.35792634552035,57.92128931913207,57.04865741012309,56.39486489268586,54.32560445011263,51.250679200015895,46.85607399946172,41.28657700431415,45.6925683332861,50.645366043880024,54.387005329007366,56.02347616157015,57.0835290350362,57.69663806837738,58.04306436560405,11.139433523068368,20.374264979406238,16.989700043360187,12.041199826559248,16.020599913279625,17.16003343634799,9.030899869919436,11.139433523068368,13.979400086720377,0.0,17.634279935629372,47.3904200747027,48.29387406677873,48.95776026154071,49.55956996746124,50.093531472934714,50.02170383073137,49.520995370589844,49.36116462860748,49.220504021671736,51.09942836998641,49.58415748731823,50.39576701286025,51.70379076423074,51.8341790573962,52.0904293195245,52.456952305261595,52.98820339410917,53.606634554139454,53.67432335220495,54.102878494014604,54.65159697646179,55.034447434378464,54.73505947223943,55.09688982299004,54.62003959027619,53.0696728889457,16.532125137753436,50.50105093217994,49.97438811150117,46.552249007683116,35.845573605256746,24.232458739368077,40.689276116820714,46.91585370487775,49.98346537396365,52.45742092356849,53.44920573113911,54.34206308417576,55.05174406697471,55.35325773006008,55.13964317277118,53.85867129375236,52.63288020229464,52.2580533487163,49.065720609521975,47.4100970088762,46.190933306267425,47.05906455700312,47.00444101027752,49.05039928076212,50.65243501186464,51.8205496933414,51.54073839962717,42.64935821782686,47.43274523511934,51.083654188790454,54.11176769122781,56.43887740011253,58.0453809117686,59.19425911889224,59.88186481084712,60.372702832095875,60.53276713220554,60.18785768425751,59.67185132635951,59.13123729451456,57.86105176895488,55.96610289182465,53.12198520372529,49.53281172881823,46.44842167737337,48.14686996621819,52.17336522280365,54.93001906891823,57.024107169990785,58.373308151120675,59.2298792706119,59.691124525949974,59.56231840526967,17.853298350107668,58.55756529330152,57.89705483400742,56.204691987100304,53.615918616783375,52.18346412045154,52.289877475652496,54.18864514207728,56.87483478302085,59.07416735673032,60.48779241213281,61.650103437267575,62.46037945052198,62.866192435306274,63.092050320630584,62.89393832910719,62.29887808235886,61.74481389373729,60.251423594914414,58.5079934446789,55.901839900984385,52.08401042579736,46.008640363098394,46.76117215671485,52.50383402917165,56.22794076739478,58.49334020772862,9.030899869919436,21.958996524092335,19.49390006644913,17.634279935629372,12.041199826559248,12.30448921378274,6.989700043360188,13.979400086720377,19.49390006644913,10.0,11.139433523068368,51.886135412308434,54.50042692391922,57.53644330687859,59.65232754559012,61.167684165026905,62.0558677540007,62.702699644787955,63.072435174747184,63.18359931958245,62.90291993756749,62.31221278362093,61.39159702082132,59.682218263965794,57.58658353855682,54.51516260235578,51.3433651094868,48.5764604034652,52.069876947564076,55.31530007505452,57.9068619090458,59.61839049649676,60.67786647063416,61.76306905100691,61.59341265256322,61.80292504418534,62.22405592298393,22.85557309007774,60.01372371401285,57.62662061723766,54.48755774112086,53.8220621680588,49.64037946693537,50.59555845132857,53.828829656474895,56.12364189104116,57.93189497720696,59.537041332681575,60.36980818667145,60.75093087297666,60.90477085319149,60.61850776656015,60.46729612257764,59.63460094619468,58.021344659952405,56.596281587764224,53.989290729854346,50.41317664177534,44.78407754317061,46.445272119519544,50.913151596972234,53.82683290433643,55.718776266157796,56.920118840028486,13.010299956639813,16.989700043360187,6.989700043360188,11.139433523068368
16.020599913279625,12.30448921378274,17.853298350107668,18.633228601204557,49.173164163811734,52.84658537686514,54.59323115739208,56.495470853180585,57.73278008312609,58.63221116208333,59.161379831071756,59.44120279915892,59.45210984924167,59.52351630801023,58.70640888136853,57.96307847185509,57.48554695907892,55.92870407889762,53.94271271054513,49.802806857849305,44.93513815566644,41.756567472816634,45.296869537729165,49.61824349752212,52.69662353175063,54.60915875371039,55.4250923509774,56.40712932731116,56.628456258218506,55.845234476075134,18.692317197309762,53.76133312219842,53.11571630997783,50.50557614282048,46.40382044709568,46.16675022956646,48.76818045679971,51.79074724447047,54.22737533946395,56.06309335052781,57.125907817125274,57.585493246211506,57.838471458957,57.81181439729255,57.377014077146306,55.375080540437594,53.70346519511229,52.90740045053763,47.79805652509992,45.04946355053582,46.50987094383445,48.949858218973574,51.05612359686785,53.19738814068195,54.90334985821542,56.50583363104489,56.900294207844965,25.71708831808688,15.563025007672874,9.542425094393248,12.041199826559248,19.030899869919434,10.0,12.30448921378274,6.020599913279624,19.138138523837167,17.853298350107668,21.64352855784437,47.808427569545884,49.18475941808875,50.91884929266303,51.208140428263974,50.95497128762696,50.89664947284086,51.13087283074313,50.93652780406903,50.72242542860606,50.65445260544023,50.41850427117596,50.329167827997914,51.72719661349497,51.940701076211,52.46345910779215,50.98785583712113,51.83514688260615,52.30369719280575,54.295908022233014,54.45323922862512,55.05021028003581,55.66829771049554,55.44818105302915,55.915498547952055,55.905576343393406,55.608113594705884,22.09515014542631,54.1316727567342,52.74585003380028,50.97500252231686,47.88853930162012,44.51018452155458,40.06936451364293,42.488801660242856,48.17433144111384,50.41412425367856,52.594314061181386,54.00118170006755,55.136995858935556,55.68085505399998,55.83721200498609,55.31720266605956,54.723468203205535,54.2180951006037,52.37724656488296,50.41412425367856,48.16407029618638,47.52033074291343,49.18135226166359,50.21172754203104,50.9143128451026,51.468719030857386,51.69445178907751,45.5057076016562,50.60096965543303,54.12798107470476,56.62271338304154,58.294768127470384,59.520219403049296,60.25162442463791,60.73419555598804,60.89977487821851,60.791541017942386,60.20255596990882,59.29771327632285,58.1235509661842,56.22766127630105,53.526474468057046,48.8820758450285,44.46925311242748,48.04309844141305,52.79712560820926,55.482235314197,57.362410847021685,58.66055653572217,59.44413574349668,59.908399137616975,59.93516027532956,59.56600588213177,18.633228601204557,57.506418254094584,55.95722128463562,53.749114048844646,51.214153836016145,52.628543454161935,55.01513868894247,57.24275869600789,59.47599369225948,60.79682205222543,61.904989393879674,62.75416401933805,63.32859420480385,63.492225327832614,63.37024749516638,62.92402288759038,62.19230502679611,61.13772941811999,59.49168411137899,57.011965606128726,53.54202590134115,48.04718559863012,45.241883381243255,51.35812990145166,55.58384528375029,57.941819110536876,59.70125952940336,19.49390006644913,20.0,20.969100130080562,14.14973347970818,18.692317197309762,22.576785748691847,22.04119982655925,19.294189257142925,18.692317197309762,20.043213737826427,19.49390006644913,54.17298937524484,56.731942215070916,58.636856121889245,60.33149017557288,61.70388757291873,62.58854136403273,63.22573203899594,63.353987202729996,63.23905628876878,62.82486615425781,61.97447350322534,60.69937690114961,59.1727490991693,56.58394933584914,52.91901400465467,47.64639332067447,49.757166490255294,54.45107360258192,57.348390182988,59.39888495510685,61.080397646057634,61.7630719448652,62.639022438381666,62.703326598212286,62.81018132566758,62.25502086352467,38.92150277901364,59.681503290929044,58.86907898662259,56.759340733734945,53.21061702800287,50.55477718386862,50.19220176222453,53.30285901477595,56.077433847832935,57.908830510120985,59.27931092939463,60.2413456004248,60.80426246881658,61.00724041006168,60.81359551422909,59.85538289393845,58.82465337817797,57.74576813953416,55.03268944124329,51.972309216341195,47.86694647914236,46.62190990859007,48.959140262193884,52.33567174881935,54.932084167843925,56.99471758798863,57.90124649541097,16.989700043360187,16.020599913279625,15.68201724066995,19.084850188786497
14.14973347970818,13.010299956639813,22.50420002308894,9.030899869919436,13.979400086720377,6.020599913279624,0.0,19.86771734266245,12.041199826559248,6.020599913279624,12.552725051033061,16.020599913279625,6.989700043360188,15.314789170422552,10.0,15.68201724066995,19.86771734266245,16.020599913279625,18.325089127062363,17.16003343634799,18.06179973983887,15.314789170422552,12.30448921378274,17.24275869600789,9.030899869919436,10.0,16.127838567197355,12.552725051033061,16.020599913279625,6.989700043360188,12.041199826559248,6.989700043360188,10.0,-inf,15.314789170422552,14.14973347970818,17.16003343634799,13.979400086720377,13.979400086720377,17.24275869600789,17.16003343634799,14.14973347970818,17.24275869600789,16.020599913279625,9.542425094393248,10.0,10.0,0.0,13.979400086720377,6.989700043360188,15.68201724066995,11.139433523068368,16.127838567197355,12.30448921378274,6.989700043360188,6.989700043360188,6.020599913279624,13.979400086720377,0.0,9.030899869919436,12.30448921378274,6.989700043360188,10.0,13.010299956639813,11.139433523068368,11.139433523068368,14.62397997898956,14.62397997898956,35.29558673021163,33.106933123433606,30.740846890282437,21.73186268412274,19.49390006644913,17.853298350107668,29.268567089496923,32.14048679411941,35.118833609788744,34.97620649781288,38.518085142282374,37.02861170572929,39.20801381825654,38.71105700985586,38.21382499747299,37.77136712504173,36.483600109809316,35.80810972660946,35.689054149828785,31.702617153949575,28.721562727482926,27.032913781186615,17.16003343634799,29.717395908877783,29.934362304976116,31.658376246901284,20.0,34.44825199509748,35.74494268285327,35.08664363052943,34.14471949629303,35.826314394896364,33.01029995663981,29.938769149412114,30.909630765957317,20.5307844348342,16.532125137753436,23.654879848908998,30.102999566398122,32.57678574869185,33.611609951950264,34.70263446965078,35.238764756381315,35.395778833453086,36.04334073102911,37.14999967412042,34.03635189790548,34.4216608578472,32.67171728403014,32.889196056617266,29.29418925714293,22.30448921378274,22.671717284030137,49.414816173444905,54.688935478586146,58.22466227430921,60.72057529855752,62.57362936857674,63.87775891997152,64.97480603481785,65.63233490707239,65.94207410853147,65.89123768770531,65.56333503461191,64.85539296852625,63.70553797015837,61.95956355948599,59.381638381814,55.15887084195267,49.157690659836845,51.38068905855355,56.934604881929886,60.04094277302305,62.38763727541348,63.77525164831256,64.5676992135504,64.95982573414369,64.91003603536052,64.58066621749943,15.68201724066995,62.42702892223277,60.47541594178375,57.80245283865352,55.04718183594959,55.59836031490662,58.91123593650085,61.57496055349965,63.990595653097245,65.57186234746194,66.70587215396563,67.5515454889611,68.02296423101807,68.23541128842942,68.19215655958608,67.76957327657163,67.0869490364155,65.97134738114815,64.42208760024415,62.175850046249394,58.67127933685481,52.58601369347105,46.501131644435716,55.23194796634424,60.019499410842684,62.82706607444585,64.54623237092633,65.18885563231903,65.55038555274065,23.443922736851107,23.443922736851107,17.16003343634799,20.170333392987803,14.14973347970818,16.127838567197355,12.552725051033061,18.633228601204557,6.020599913279624,23.979400086720375,15.68201724066995,20.0,17.634279935629372,15.051499783199061,19.294189257142925,18.573324964312683,18.573324964312683,11.139433523068368,22.30448921378274,6.989700043360188,20.969100130080562,6.020599913279624,23.010299956639813,21.702617153949575,18.692317197309762,13.979400086720377,23.180633349627616,25.31478917042255,30.44539760392411,24.857214264815802,31.18264726089479,35.848963441374494,18.129133566428553,36.87350569558027,36.49042634086176,30.433622780211294,27.958800173440753,34.831592097169796,29.4546858513182,31.274287778515987,24.60897842756548,28.773713458697742,19.86771734266245,21.958996524092335,26.989700043360187,19.86771734266245,22.55272505103306,22.87801729930226,10.0,19.54242509439325,9.542425094393248,19.084850188786497,11.139433523068368,18.325089127062363,20.043213737826427,3.0102999566398125,19.294189257142925,17.634279935629372,21.367205671564065,0.0,13.010299956639813,13.010299956639813,17.634279935629372,21.072099696478684,13.010299956639813,15.68201724066995
13.010299956639813,20.969100130080562,17.24275869600789,9.030899869919436,49.3438228718508,52.35614287332814,54.47475880603701,56.35440516277426,57.43174115131822,58.576243407518604,59.17663024327375,59.49897200545684,59.619409868618106,59.295297843906674,59.11725284092937,58.40648623549052,56.740128417436665,55.298934062049376,53.0767784729549,51.51093922785061,49.024652395293096,47.87609228552539,49.31712067056756,52.70208192557938,54.37745807745284,55.920401164108654,57.28285588375083,57.576389228048946,57.80461332861718,58.166455692299095,21.64352855784437,56.795914076825575,54.33113497569717,52.17299658976496,50.60837547409164,43.90246045109222,42.594266265870516,48.54384997256603,51.302694238053704,53.787502815054495,55.331222908678946,56.459613637377124,56.72859515075792,56.73865622338098,56.439666164182896,56.09773638755232,55.08886434566196,52.843968913975054,50.71281677317003,46.87279192372905,38.203985227039816,38.57332496431268,47.690374389232176,50.73340698164333,52.53231357426812,53.822080180691515,54.724653598608654,13.979400086720377,0.0,6.020599913279624,13.010299956639813,12.30448921378274,6.020599913279624,11.139433523068368,9.542425094393248,0.0,9.030899869919436,11.139433523068368,45.470358997400105,47.95240264893308,49.04488333073048,50.25162442463791,51.24432488590121,51.7004157794905,51.64189220875209,51.27639234988208,50.66717173286226,51.712992604911356,48.91882971772194,48.46609234225858,50.37701331321355,49.63485604311853,49.16269663312515,48.333065152846984,49.261159781429136,49.99452443919984,50.489271030554825,51.13224501449956,52.05680635298498,52.90393034759809,53.51351738992801,54.020222396628625,54.14388326931075,53.42990839975428,18.06179973983887,52.098285584578825,52.19322508419337,50.641733582115336,46.79736699192934,46.23600719895257,43.46900388113341,42.919235758838845,46.287566473061226,49.88795213011275,51.75711809491048,52.98460069461452,54.050678989190516,54.85586575561544,55.24164956204383,54.46035170629799,54.08596076462783,54.0146947094309,52.2419626966024,50.786960129038775,49.22060795592691,48.69636481314028,46.55138434811383,46.73665876245701,48.75298612838868,50.44402551835166,50.33584575515413,48.98006246231064,52.79055216570117,55.17160255298929,57.326462206281754,58.73029812061044,59.85190175169112,60.42084635923299,60.71319636851571,60.59404362028407,60.42969466775685,59.62820918623126,58.48807776780869,57.168452254426676,54.905118872813915,51.62600247779815,46.78345355161872,47.27817686121977,51.03680596407177,54.315969337759924,56.542968950675636,58.06264788842452,59.01711631365049,59.44619354697836,59.90607430376364,59.547382871572516,58.62928841782359,0.0,55.47481796190073,53.32497035220965,50.13351327352918,49.403969378890345,52.90740045053763,56.32219326761093,58.832229454470315,60.72807392922003,61.98974995073507,62.94212629975711,63.54491064620383,63.85751014303502,63.8046902753764,63.58198581754665,62.859338343220514,61.97397457223289,60.70481544301096,58.560046640665355,55.6161292932963,50.81365313006428,43.981484200086314,47.48071682544576,53.07431851719747,56.57340824882256,58.72092143996377,60.13469653340941,9.030899869919436,17.634279935629372,22.576785748691847,18.325089127062363,20.863598306747484,19.138138523837167,0.0,18.129133566428553,6.989700043360188,20.0,18.633228601204557,56.08153621536164,58.507962828111204,60.44685545981459,61.894145090813744,62.77484752194988,63.44810645518591,63.77032909310364,63.745654273705476,63.49000151112352,62.89730944515385,62.02973017734139,60.69810495519175,58.518091251357866,55.441040272595046,50.61490176624815,46.14074228746004,49.537113804275556,54.58071008203082,58.01420861909378,59.97786415141246,60.995535793049164,61.71885811949633,62.47421582944642,62.31021812069659,62.1648998414755,62.212381368132704,38.02157753186962,60.31121128869647,57.98275567938313,56.026198701653584,54.75451806948324,52.25539293477469,52.454435700136486,55.488866984303094,57.395043075628315,59.39343502513176,60.19226408578813,60.93417482292074,60.9377178149873,60.86108080510005,60.46378478354992,60.06690619250825,58.99729695851272,56.86182077942313,54.77070584074262,51.362797089241774,46.29022027382759,45.47257673431296,50.39255443806486,54.107586805953,56.4252387306301,58.13789746640104,59.1390387971282,17.853298350107668,14.14973347970818,19.49390006644913,19.294189257142925
11.139433523068368,6.020599913279624,17.853298350107668,10.0,51.25302306013447,54.0334361913045,56.19312510504743,57.66466386967369,58.53937798375124,59.30841080553921,59.69502110321904,59.839553783692445,59.761958619609146,59.35064684756035,58.804162597030974,57.72535866729549,56.43694432249217,54.52280298867909,51.784963690536884,47.265642161622445,44.92494983343012,47.338069364288415,52.3246752421467,54.60705448265752,56.61461512543458,57.920195779182166,58.37746220065368,59.04353031253813,59.016244876172514,58.56873832362836,13.979400086720377,56.88170565129282,55.88312052326564,53.97455065381518,51.1277252110537,50.47703108134304,50.578942197245304,52.00483873230267,54.11518695500651,55.37140058047441,56.457414861822095,57.01365036643317,57.329186171660744,57.19665995701689,56.55776916199484,55.6430735695058,54.186409690157944,51.16694063058728,48.108035824848656,42.225343933817136,39.52162574214463,46.97752274167755,50.4917148862561,52.865552638721915,54.50744721952533,55.4347451678528,56.27059489004458,13.010299956639813,13.010299956639813,13.979400086720377,13.010299956639813,16.989700043360187,12.30448921378274,17.853298350107668,9.542425094393248,11.139433523068368,16.989700043360187,6.989700043360188,43.87834572390811,44.87025189528695,46.72291861068456,48.49523828488597,49.715077817112565,50.792536224300775,51.44462117150379,51.815063073461175,52.249705033330116,50.84311688778334,52.1613686034658,51.55263142763477,48.51313396643395,48.097751251335296,47.51871619381406,49.313001941893255,49.64905169127996,50.16607187621433,50.88224711184667,52.3578087032756,52.89383795816275,53.38432586828344,53.90703774864615,53.706407500808275,53.55116139076884,53.99760225710366,21.958996524092335,51.94147881426219,48.05181306499021,44.486599514709305,41.92483819902663,34.91081413423187,42.47482260677054,47.134653415224065,49.70309675966085,51.73960894838437,53.216502030686,54.16563958269898,54.208168779157965,54.228720559623305,53.944744456661134,54.49368847508988,53.581728818005494,51.13986779583699,50.57502547172418,48.22756332951391,46.14158709509175,44.26738921636634,47.23529553280572,49.120519201091426,50.44480962032969,51.25207915750166,51.19552797667117,45.729296590793716,50.01049722993066,53.37455267759818,55.758399518642776,57.40403748122519,58.6042545568932,59.59720936922686,60.087644913289154,60.39326061505165,60.18136464912832,59.94372151021119,59.20992089714034,57.860838557246666,56.21666404617676,53.700409749909916,50.50217300517707,45.39389782072505,44.822588506285264,50.29099566823543,53.838584343719745,56.11920766225951,57.75742936757146,58.83982070204623,59.34418149840334,59.54273874019311,59.50110142910211,20.170333392987803,58.00555562170729,56.18585661141347,54.224338860191644,52.15386377139992,51.21142747520233,53.31564953139352,56.39464574773945,58.46481852834995,60.19316144594977,61.43266243320184,62.40250880350918,62.87343240161513,63.17569670907319,63.143413122759135,62.882834400098645,62.1519246774118,61.034907109794155,59.4971194836448,57.24240632958676,53.7206651453897,48.14946433790836,41.311372737786066,49.89311853860429,54.78927055582925,57.555242309071886,59.38959800687496,21.613680022349747,13.979400086720377,19.49390006644913,6.989700043360188,11.139433523068368,19.030899869919434,9.542425094393248,16.532125137753436,20.644579892269185,20.170333392987803,10.0,53.761168722230494,56.69534438289104,59.18341784168254,60.74121305906297,62.01095471716971,62.85411694687227,63.420523856610174,63.60607422838711,63.59033858433047,63.089688553236016,62.38706832438321,61.35808225122589,59.5464573351187,57.10372110343091,53.543581827353215,48.06105323204325,45.35597893299667,51.73527157774448,56.114907017379124,58.415953271763385,60.336717954705456,61.131451878226784,61.690019031266566,62.16755034177207,62.54804421275972,61.82644294113465,37.046651854545296,60.01213026038677,57.94527779649692,56.488525825821505,52.82613050822498,51.701971533084546,53.09889814925276,55.209287347089465,57.195384391373814,58.99943553328677,60.381160401948264,61.0132425568041,61.47467627290104,61.557358295000284,61.26879814449435,60.52024481916946,59.574061338871886,57.82017308020833,55.548645382859334,52.126908811316554,45.1205704403734,39.40516484932567,49.15188705173156,53.32793829964515,55.92656326828728,57.292846902731554,58.36694311049549,13.010299956639813,16.532125137753436,18.129133566428553,23.521825181113627
6.020599913279624,11.139433523068368,15.68201724066995,14.62397997898956,49.65676671351404,53.315204219489914,56.17706806016261,57.70352654060125,58.70807576367386,59.45481387274793,60.05008820672367,60.25432038161696,60.34165042224573,59.418501893113465,59.439187103430996,58.38814471681398,55.96774075792665,53.76527685559918,50.22815887526792,47.4149826548613,38.491121661845774,44.69718950821701,51.29654451292561,53.944604366750866,55.863554690643355,56.960285780634194,57.81177845757391,57.86189740563641,57.71624221669053,57.913038916259254,16.532125137753436,55.90945438089594,52.372319797685236,49.667657292823826,48.58513136266998,48.96178863486135,51.684179243297265,54.058942194590884,55.77356205262197,56.847601095258405,57.57162874600166,58.16951503227535,57.80065160897359,57.40268713794058,56.58126875000366,56.08745264856688,54.22999977271616,50.23375938139562,48.224623057586705,41.59115821827769,41.86956335465412,48.53923208047306,52.869524588066604,54.825105674644234,55.89335125784143,56.10089244261278,56.679056906402636,11.139433523068368,9.542425094393248,12.552725051033061,6.989700043360188,6.020599913279624,19.294189257142925,10.0,10.0,19.49390006644913,17.24275869600789,19.294189257142925,49.05714948389766,49.196741839602815,48.39610012621015,48.8455748436401,49.12099777715326,49.75422616994392,49.67945585433826,49.79229593022155,50.45577220942151,51.35072195922589,51.05046690081473,51.37091302699758,51.53052275067108,51.28221507666712,50.79079898844214,51.42689738876986,51.43651714821732,52.063562604805,51.61849951351239,52.676620868565394,53.74282650008561,54.49169732165201,55.125843475743174,55.57546900140815,55.811073182759266,55.47593814211437,12.30448921378274,53.87763443621556,52.829504847920546,51.07647436650063,46.422666189026735,42.67171728403014,19.138138523837167,42.491494200445175,47.46673112470323,51.096763955541384,52.88343141102804,54.1738698506293,54.9572467799798,55.460142795709174,55.67593285786086,54.987873265646485,54.346487302419234,53.25031019240407,51.476392298898375,49.40242474237714,47.14706878813469,46.39366942225053,46.39267294545039,48.419223116794505,49.7892881296663,52.29389996660619,52.09927666277578,46.601157206237794,50.951588863783954,53.6884636436882,56.25116871499577,57.89739313490506,59.23671365522743,60.05026422207489,60.4825724745552,60.619483170549756,60.5033721420192,59.90751637972055,59.15091550877996,57.92458929889879,56.02920127809486,53.26286692732548,48.827123311336315,44.26348573787507,47.948016292743525,51.93717172904509,55.065726742525136,57.17721250924895,58.60219383051435,59.31959003415277,59.917929473434185,60.067611766164134,59.68730379212548,14.14973347970818,58.03015084907858,56.51302248505107,54.445210088956784,52.00423651499989,51.38447965113293,53.22384708745404,56.05728357714749,58.19692623045174,60.12479522368022,61.34544922285273,62.233726180876346,62.718659913709416,62.999385461715505,62.947857669535196,62.49537830730311,61.87025512106604,60.81365313006428,59.102710634655026,56.719546095377254,53.02610121018344,47.48970602621781,43.142465352884216,50.14495337186388,54.72693567112762,57.597977359605785,59.41273847336447,14.62397997898956,21.13943352306837,11.139433523068368,18.129133566428553,13.979400086720377,19.138138523837167,16.989700043360187,22.04119982655925,18.06179973983887,21.613680022349747,13.979400086720377,52.88349848577936,55.88075529549069,58.61238607574077,60.42181988612214,61.64871616977511,62.4373335563888,62.976390666961876,63.18093609244019,63.230428456799075,62.655767028794585,62.178275589063674,61.05075672995956,59.10358091131777,56.654552806862604,53.17666442356501,49.202538038287045,47.96088428680669,52.285671655614436,56.26911863591665,58.473208927871184,60.122401866536215,61.304321974227136,61.68333929366598,61.92757241477766,62.05637629966691,62.17556057431363,40.18534070428183,60.741176443574176,57.93008369909743,55.956824655590026,53.932680177494476,49.981241454062335,51.1304041808782,53.513265976485215,55.955766801010625,58.411403906121144,59.55138162074962,60.72771766971065,61.009382035759,61.16892200024094,60.93233917285044,60.8455375837735,60.05455078330471,57.98508388980264,56.87640418800747,54.0078830570879,49.8046697783968,39.83175072037813,46.42395265030891,51.59284388700694,54.717169939771594,56.373866473913694,57.594842692720874,22.92256071356476,10.0,21.13943352306837,9.542425094393248
22.380461031287954,24.424797690644485,23.69215857410143,27.267272090265724,46.193542465143764,51.4221734126112,53.932890888395406,56.45474342262296,57.993329664678555,58.656161755190425,59.39547705462953,59.75063996095236,59.82152690660384,59.773229553121965,59.65207347287998,58.773955366658456,57.47300695085321,56.03198520676098,53.95113125716573,49.8790300705019,44.345689040341995,35.88159616383092,48.270136781624764,51.93486359709743,55.00066237559027,56.404148466703774,57.555776051138714,58.471875456053375,58.254481889743666,57.990957589845884,31.061908972634154,56.0371799879957,55.12039678856829,52.67746494644808,47.47225308678617,43.71585011499013,44.78176754287997,49.2404139298798,53.21142565229448,54.5983861675526,56.22915168766431,57.20524784169921,57.66374919054597,57.46753263360014,57.07546331824767,56.76990656871064,54.81621755946339,52.720923566158795,51.82451745648498,48.25257300857636,47.673191597998475,48.195570957813175,51.15876664268445,53.16494539222311,54.83708511680146,55.91509808994654,56.294197936892125,21.613680022349747,19.030899869919434,23.891660843645326,22.14843848047698,26.127838567197355,25.118833609788744,16.532125137753436,20.644579892269185,21.367205671564065,29.68015713993642,20.644579892269185,46.96609726096321,47.91339703965139,50.35369693322102,50.51171823995435,51.188762107056135,51.249897632121694,51.09271361384246,51.066293914689645,50.80662556394182,49.17111472493697,51.15337535883526,51.061296768118,49.35557645093014,48.723486022073665,49.720268625360035,51.51369850247461,50.89442323674263,51.26618375522951,51.270140407816456,52.361592305796634,52.488801660242856,52.92249423941084,53.614652917495505,53.59880995533849,53.01040852890314,54.376950837044326,25.71708831808688,53.39023893102403,50.4847676323753,50.05819467911864,49.30541529864435,43.459615418131406,40.471190387201815,42.80259588686136,46.76364335329397,48.40011945275069,51.22599199279638,52.924798083203825,54.08229786415646,54.69487701412185,54.84097596144123,55.689768930815674,55.42581456673278,54.07333108013016,54.17574649480002,52.58993861094254,50.847764004691946,48.3004947537222,47.1226236720505,47.31371160568575,48.40407234754438,49.20217274069266,50.084809373025834,48.69613027172129,52.805146327483605,56.10776172345528,57.56864224060549,59.096763527912415,59.96660497582575,60.69986487455495,61.03401727078734,60.8359756657756,60.342754238464266,59.85365839286723,58.709712779631374,56.89533497343736,53.925439561920996,50.932255078689735,48.03033540320621,47.353593330017105,51.237863286153726,55.55239592393597,57.47624629950466,58.64858614873376,59.43870280184476,60.29517292566026,60.28719651947756,60.12598086090358,59.40988374306177,23.384564936046047,56.61260714695142,53.77692280921642,50.27757204690553,49.63603685217082,53.0021492914654,56.2131132843788,58.90298594222203,60.757428971337,61.91452132338571,62.93575781836823,63.53447077987042,63.79652452058071,63.71567660046776,63.413239088452045,63.073173627928355,61.96956715686959,60.6742871310277,58.588889418917816,55.75171674087387,50.868792493989226,45.396405656694284,47.974406699866485,54.10313175894528,56.877402605067815,59.182862223853796,60.35585415858246,30.11993114659257,27.61927838420529,22.85557309007774,30.253058652647702,25.118833609788744,29.661417327390325,23.654879848908998,25.289167002776548,18.573324964312683,15.051499783199061,30.511525224473814,55.47194849049205,57.89335294654083,60.10364841495441,61.61502163529671,62.66846942518741,63.3275850789093,63.58583708482827,63.687034961208504,63.450567662154775,62.80192159153738,62.140287815302564,60.54112216595368,58.29193737623895,55.697623767095685,52.682268376646284,46.00373831161271,50.404638817350474,54.459931817876466,57.257238328038156,59.520350357296216,60.789502847454244,61.751733492914724,62.06261466106352,62.42984689229226,62.13519085111955,61.40341143845369,37.312663490754915,59.26739510721204,58.646641250950175,56.27171199882048,53.75103699026759,51.60567564179986,51.77530728536273,54.37561904903215,56.97408081814524,58.43709181380242,59.86664714502779,60.75638190146548,60.977056061929424,61.011120039003224,60.93339021249025,60.093680234853096,59.12370871247303,57.701691174232536,55.67228754361916,52.31235048868369,47.74808830310705,42.58972331109386,48.982698110948476,52.69711366791274,55.18446816452831,56.72361126904451,58.10837151140488,25.68201724066995,30.253058652647702,25.105450102066122,10.0
3.0102999566398125,20.863598306747484,13.979400086720377,20.969100130080562,49.912482330089915,52.954637365711605,55.53907288227742,56.95293383029273,58.235276975717376,58.99479606123172,59.47018836270517,59.75505333625941,59.69582235790892,59.63442614891056,58.98705988858759,58.19885972227815,57.15856326775129,55.33397066601778,53.10296000742311,48.36532982643699,43.473300153169504,44.55834228396568,50.49373100151531,53.40208064202531,55.73397314367645,57.374757167960254,58.0509083748035,58.926399122372814,59.045559681787736,58.61747622791395,18.633228601204557,56.93973038004042,56.23180004561175,54.14043631488752,50.324978828571105,48.47183840932438,47.618451793558194,49.43954288242955,52.72001824675886,54.45082425256551,55.914074529472714,56.86602310752967,57.435607168681614,57.26854301008722,56.82860485817041,55.79511505909262,54.27408201752873,52.38512781627677,49.43103573894752,45.25576006630465,43.65207100231824,47.6261855343552,50.0807188474043,52.73390225694306,54.7017519665518,55.81995143761074,56.33893452160266,12.041199826559248,16.532125137753436,20.253058652647702,13.979400086720377,12.552725051033061,3.0102999566398125,9.030899869919436,0.0,6.989700043360188,15.68201724066995,12.552725051033061,44.07594830510745,46.83632310526125,49.640992747289296,50.55263625784185,51.444278615166,52.07162930361459,52.33191625879435,52.502296517819204,52.44230100620327,50.63141881841965,52.05466919011157,51.04818168784857,47.8313144915058,47.929656994706974,48.43712293408832,49.49390006644913,49.76721286471325,50.764110406595215,51.73550456678398,52.70678836144707,53.159619532119315,53.55307817103565,54.00166564948891,53.610342996147224,53.26591855325732,53.71673603852749,9.542425094393248,51.70158998472771,47.6774936734558,44.58970051628748,43.223226858740105,39.26856708949692,44.32215432518464,47.534298415754236,50.10850957373923,51.668266298490444,53.16444244066127,54.29803940213836,54.38929797575352,54.57477678621947,54.373461954564284,54.748934101787,53.98122374060385,51.73025928773911,51.42339400468668,49.26928657105,47.24546195223294,44.876473475176184,47.44488567220512,49.06038585850116,50.53063069955324,50.59108817913594,51.16873286327248,44.36893809463851,49.26681928075623,53.280226420644084,55.686909100746135,57.511019619557615,58.68781933418772,59.62203068990837,60.211702724187155,60.41386762920365,60.293399401419265,60.0761337335278,59.29872909283554,57.91701874580548,56.19941255733454,53.67914738793752,50.40602340114073,46.22172560893429,47.01956345192804,51.51262565953748,54.84097596144123,56.95938496067911,58.35155774833594,59.29174119016005,59.76599844273474,59.91447598003803,59.75636269414517,11.139433523068368,57.90307687636235,55.939082575944994,53.380439171542484,50.39068926136758,49.96778646161468,53.230230293781574,56.430497802312765,58.78780227214815,60.63051745747089,61.9562986345663,62.80122212732281,63.29166736582501,63.52525957470049,63.426476660398734,63.21356881489662,62.453517516413584,61.381870814832496,59.76959489490355,57.55576080227566,53.9698002624495,48.66275521386487,44.077307280263355,50.8680457672683,55.12429560267358,57.96455683847191,59.64052571857573,6.020599913279624,16.020599913279625,24.099331233312945,16.532125137753436,19.294189257142925,15.563025007672874,12.041199826559248,16.532125137753436,6.989700043360188,12.30448921378274,16.127838567197355,54.381466362467485,57.25193473333684,59.55478007099983,61.2090183132768,62.37810063960329,63.252779267506234,63.725298029166,63.90768595635245,63.814769924229964,63.375241510204496,62.69463674683661,61.562452811965,59.762788901392476,57.48780899428613,54.12031921698219,48.56366323659248,48.04548308388056,53.14372900009328,56.656372674340616,58.90006088982321,60.56226594011707,61.52704700433188,62.20731611513259,62.574916200484495,62.891749716423284,62.410324439855806,36.45422269349092,59.53462492060601,58.33760175756045,57.00448429235025,54.31905490005554,52.8717670223575,53.00006025960969,55.09950800011998,57.27203612308805,59.20562618409665,60.32749674055072,60.899065237768795,61.3894308652225,61.588718860679265,61.22656177105172,60.66216312751385,59.4806705531206,58.08001542514094,55.90700315063306,52.68774483109303,47.37041488287037,42.097294280162046,48.1125989403922,52.84498410828046,55.530439554722705,57.07421127908141,58.331547646115624,17.634279935629372,21.702617153949575,22.30448921378274,15.314789170422552
18.325089127062363,15.563025007672874,19.912260756924947,21.335389083702175,50.552139106180356,53.60860269321762,55.61888127635122,57.36168537462616,58.50663998627929,59.32610221293015,59.938474030558694,60.19246766986333,60.04625703260993,59.66821516878656,59.360721864244184,58.356607721625835,56.792043318770354,54.98019547947611,52.257330290675334,49.414418604402954,45.1205704403734,44.91711790170768,48.595285664435764,52.47801477510172,54.53715751700767,56.113461894515794,57.194456471898235,57.477884474245926,57.527588795197595,57.80543403307787,15.314789170422552,56.404595726246285,53.991231509453534,51.762331054194576,51.3380706627468,47.64930446690282,49.27950061984073,52.49328014696991,53.886872102012404,55.85412221182084,56.86261685158244,57.39860196559593,57.463640429122194,57.40602669583125,56.89970010805632,56.17823042473468,54.85136296120582,52.80619339613133,49.351040211514494,44.11703863405971,31.958996524092342,41.892094895823064,49.37006065857815,51.932415080547585,53.85634868178379,55.09644659066069,56.04227133417658,13.979400086720377,15.563025007672874,15.68201724066995,11.139433523068368,13.010299956639813,13.010299956639813,14.62397997898956,15.68201724066995,15.68201724066995,13.979400086720377,15.314789170422552,45.56109438091557,45.85877902998278,46.82262437401948,46.93419141350055,47.54080642190165,48.15292109109617,48.82137313939908,49.35129234915682,49.81841249671224,51.9199005454469,50.8530842069353,51.150677205076704,53.21544580410052,52.97200051947655,52.89724926959398,51.048420497701954,50.76691405665478,50.42528261150111,51.116656959395186,51.04227549638254,51.83998277609948,52.85215139217265,53.53140768421906,54.497868469857735,54.956789063595295,54.763982767879575,12.552725051033061,54.17325519794504,54.47568865666287,53.131962866255705,49.96428482784417,49.00694774452398,44.42479769064448,30.398105541483503,39.19810020170196,47.6360766445369,50.81548923444145,52.685264899598145,54.19155778217971,55.36401866338781,56.01288433662401,55.845268390185005,55.55783450085776,56.048306194291555,54.11272805192656,52.885264414844364,51.3751235312213,50.0512901208094,48.26398782187618,46.33114816128496,46.164545076014974,47.88316882946297,49.0998903809696,52.0759128582437,54.82373285458582,56.71247842321986,58.16713793964362,59.23903251780298,59.77250194948711,60.034303717232376,59.96775145924864,59.579045357790186,59.1718032340748,57.67417848504169,56.11402512458134,54.246791363613355,50.98965434416372,46.62616190820862,46.46844659233717,50.620326586560566,53.726469288486136,55.93096575798307,57.57221364774587,58.59331074044616,59.23923432450085,59.30872653792662,59.44439240530361,58.8718560415629,57.594812468052496,24.16640507338281,53.8569383855446,51.86145158895968,50.28262094171542,51.91967724200926,54.94011197489713,57.42449388517848,59.43443564931543,60.87733515041116,61.95712893293945,62.58078613330487,62.9915610385055,63.273916329751536,63.08771374386506,62.60800009366687,61.66135451525236,60.38296207667422,59.02408152569642,56.083826713447486,52.144862023193014,44.85522684192404,44.80868923687168,51.40561462373471,55.36219965004566,57.8984078795116,59.419469993352685,60.51962835103151,17.16003343634799,22.380461031287954,20.969100130080562,20.5307844348342,20.253058652647702,15.563025007672874,16.020599913279625,21.13943352306837,21.367205671564065,13.979400086720377,16.989700043360187,56.34719037367886,58.53533343224777,60.38171729072068,61.562513424995075,62.41683172196714,62.883433646869776,63.167762939236916,63.0293172716889,62.73801489219923,61.927338359704684,60.90786927949267,59.255415570493625,56.81990653171396,53.32587912298116,48.06729280402855,48.10293019203876,52.202362644824944,56.007954408895024,58.14157663483925,60.152444592350356,61.00053325385665,62.06736310419182,62.41453087280845,62.08492952717887,62.287210842783985,61.502853662815156,25.477747053878225,59.86776211505866,57.69380280450321,54.409484185519894,52.40082255525336,49.42489232814704,52.90751162594048,54.7846981463298,56.97787984841038,58.95046657912062,59.94574924753372,60.6629498310786,60.833266447515435,60.92008632255036,60.57106713254143,60.28397581508042,59.12571159114761,57.30666825171987,55.30144607208382,52.37307425706586,47.75246259740236,43.759195437046486,48.428712348245504,52.65596023087592,55.26495646950914,57.22111303289687,58.19191092485742,16.989700043360187,11.139433523068368,13.010299956639813,21.84691430817599
10.0,19.49390006644913,12.30448921378274,15.314789170422552,45.25731356850706,50.51846838313736,54.24282027125348,56.405370867022924,57.752703055810926,58.69815863603328,59.390567573731616,59.821644558542005,59.961262399371066,59.60912933394739,59.39119717648487,58.490758966242105,56.82074644530787,55.115103757501416,52.37254614926159,49.1048032754076,42.564531449390365,40.2840856511547,49.51711414569797,52.516138895435915,54.936559828229186,56.54971218464907,57.08130139981396,57.800846177767184,57.78527475927096,57.61095269275672,23.891660843645326,55.75522676989739,53.25854182575375,50.404638817350474,46.16675022956646,44.0784960347914,48.17016370621363,51.59958002678519,54.448688606740106,55.65531423773478,56.85076804047125,57.64619917485898,57.86694647914236,57.58046224303048,57.08234734032597,56.726565370790034,55.40671018822315,52.060374963612134,50.8666230753694,47.491563540113795,45.162047347615164,48.259451432038475,51.2393326759676,53.47027367664761,55.034638181532145,55.34702418244544,56.06144803699377,14.62397997898956,20.0,13.010299956639813,15.051499783199061,15.68201724066995,9.542425094393248,17.634279935629372,14.62397997898956,13.010299956639813,19.49390006644913,17.853298350107668,49.086994323522234,49.82727906838392,49.65055813806871,50.45013776272974,50.65553574119107,50.729553746081784,50.489853025707106,50.30405399512848,50.287826554737414,49.09004788766717,50.5478535945179,50.312508776663364,48.47103565258572,48.63857961883973,48.99273187317604,51.50624443388296,51.49594722711277,52.08755676171837,51.103539826640024,52.42156156515358,52.58486426579624,53.148779915358126,54.18614467142346,54.07467387957454,54.42169223739293,54.90319538622799,13.010299956639813,54.22714562608046,52.2927217882129,50.75765878215734,49.779247056397686,44.701310647745174,38.77371345869774,39.742813588778304,44.61318408795269,47.951080246115716,50.549843822281304,52.60076160425687,53.358228355221215,54.13777392952695,54.51007690742932,55.14123876333072,54.87795685405776,53.32135358019922,53.301295624875245,52.060374963612134,50.50507357442103,48.16088772858218,46.810692951106816,47.57168192214272,49.24289626283592,50.2623082818177,50.946597594490434,49.99726308254446,53.35100689539595,55.788362593240734,57.61263867407695,58.823662733859685,59.86426400050234,60.51375210159509,60.72797476713711,60.744305953236655,60.163989733136575,59.63895443513096,58.42884954028037,56.67833844197798,54.23344193632787,50.972503664807334,47.16837723299524,47.458941785660535,51.42780405457417,54.59128513334108,56.67053965921064,58.194050707135325,59.24908040680464,59.8269084825738,59.887020632044745,59.7219774534355,59.28441942385667,20.374264979406238,56.73154586552707,54.362660381808475,52.16688325373533,51.64367728628462,53.48324337700387,56.19474215205155,58.6172135022482,60.375766820797054,61.80232571136729,62.62309861733523,63.21868408527787,63.47125604827135,63.51323503228634,63.28430573978308,62.76197240564521,61.78201427909226,60.519223746255115,58.48804701051804,55.66812108449681,51.607685618611285,45.87767071792699,47.78592558813119,53.217744321410514,56.49600612348662,58.803659240287374,60.291767281640944,22.85557309007774,24.377505628203878,12.30448921378274,6.989700043360188,20.969100130080562,20.681858617461618,12.041199826559248,18.129133566428553,19.138138523837167,22.09515014542631,20.644579892269185,55.45545850936598,57.9575839786162,59.974042975829676,61.47419380835424,62.54685811445353,63.23812298386255,63.563136971136736,63.70277096448322,63.57219768009094,62.90120570890914,62.22350417320588,60.971118261854954,58.85606572334518,56.22259626674982,52.48809153058783,46.87930074726357,48.06790271584067,53.37694814635362,57.0389810639393,58.89080295987788,60.71869125499092,61.602730996570955,61.835081418878374,62.393257612829736,62.62172387360187,61.97003900269115,27.17670503002262,60.53958438897888,58.228921716124695,56.17524534886292,54.27299432712826,52.72975792706731,52.766731553423966,54.73367248866885,56.9072488816831,58.45083770103987,59.66620835581186,60.50949418164652,60.75264030408383,60.9296263152966,60.64487939537741,60.29860833622763,59.29932111748548,57.46806170405155,55.895698463344374,52.69879371492984,47.74144553687519,40.70887144018541,48.07622960416576,52.5104415688596,55.163304072874084,56.72999699024907,58.054532802570066,22.671717284030137,21.13943352306837,21.958996524092335,20.644579892269185
19.030899869919434,6.989700043360188,13.979400086720377,12.30448921378274,50.15347179132089,52.99448459034834,54.93303266794467,56.76995225242155,58.05947835840185,58.90146493712595,59.447638854655544,59.684311103124614,59.69917018919475,60.004236646995786,59.11682175326037,58.31204071017892,57.8108654889883,56.31159558151505,54.10245635297295,48.81053530833348,43.16494539222311,43.39352049045587,48.40419777736486,52.2485406806744,55.04997948644495,56.90675312082146,57.83012648081354,58.71556590822329,59.078244964566395,58.37257541412119,6.989700043360188,56.991436873944835,56.58016169097724,54.88621213129428,50.66881020057817,48.39804745203147,44.92173485618879,46.602012013806814,51.02313623466469,53.9670485759754,55.387559082662044,56.4721958988583,57.25784264110121,57.44056600004435,57.31141348457765,55.804881818525025,54.547915223232636,54.05196047440556,49.8131563941686,46.15402895673309,44.37750562820388,45.883165349267934,47.986506454452694,51.26121662325087,53.47527111002761,55.60983249029174,56.188928407492554,3.0102999566398125,21.84691430817599,18.573324964312683,16.989700043360187,3.0102999566398125,9.542425094393248,13.979400086720377,6.020599913279624,13.010299956639813,21.367205671564065,9.030899869919436,42.635413891715785,46.182678046008064,49.52162574214463,50.4713852036118,51.033144366937066,51.186548535440934,51.471226710400266,51.645223760204374,51.37167311914382,50.24424090392274,50.959709223437144,50.31892987710475,49.49433921844037,49.736680754928244,49.72647091574639,48.6678929421315,48.72954174821646,49.38444667801203,51.81231716202818,52.15471003487809,53.04699438653345,53.57877699229873,53.516127361852625,54.11176769122781,54.13435564673517,54.186409690157944,3.0102999566398125,53.03638768856199,51.53516088899603,49.94268748358294,47.965743332104296,44.661258704181996,43.167249841905,43.64382122338207,47.34935775274194,49.33289836387289,51.46490830205793,53.0297993674825,54.26044184383799,54.63775071728131,54.87155350825497,54.75248307945452,54.4010583903666,53.51991386487284,52.29553863981137,50.54678155552018,48.3618481525502,45.95099223134872,47.36340717751443,48.81915073688455,49.92151288919687,50.121367291638556,50.75086876559068,49.63731176544522,53.032479103823924,55.6496062190253,57.367422064918415,58.54724949063656,59.37382467313653,59.89343455892178,60.02350975656496,59.92248123108597,59.60646742930689,58.82968281945967,57.50512251801199,55.742686171748865,53.28487653881568,49.63116985405663,45.279004451947664,47.69916166782944,51.81343289794601,54.997049487960474,56.918918314607694,58.30873400659109,59.157253021640564,59.70609512413211,59.82175768239998,59.5088744596599,58.93900403553743,19.030899869919434,56.16287471462272,54.121933363348624,51.866540878601704,50.627323632053944,53.27189270934614,56.207604899942055,58.31478157084925,60.11767036810142,61.26337948485311,62.1916522183034,62.753530540258865,63.11143513438883,63.04353065604737,62.770427725743254,62.11547948012378,61.19159845456413,59.71155658742234,57.78137497507295,54.7932908740256,50.25735849700072,45.83391498985617,50.130437816893306,54.56590714801461,57.22664354982367,58.92091261950847,60.23723547342549,20.644579892269185,6.020599913279624,15.68201724066995,19.86771734266245,-inf,19.54242509439325,12.30448921378274,13.010299956639813,20.043213737826427,19.54242509439325,15.314789170422552,56.39480512697895,58.55776506397479,60.08806199874055,61.63526911372922,62.532022670903075,63.25954866764736,63.599302961121026,63.61125637609439,63.36159426484781,62.95633283597248,62.01387564273805,60.77863699135936,59.12367682895138,56.79575059345508,53.60252508193671,50.08029252933316,51.71416341511943,54.70558954908466,57.51381505324958,59.336031854788544,60.65917907006509,61.770629907614925,62.06035334449857,62.38969189631121,62.12354096444295,61.751733492914724,32.70678836144707,60.32235865062192,58.69107869457319,55.29924173319111,53.99303288568355,53.351609142560235,53.722213675498686,55.85938754281659,57.905061263981814,59.53879963538397,60.54103014474413,61.316138530837534,61.81009914337683,61.87385617319709,61.75608344732338,60.87675314939351,59.91504732428154,58.886623990201684,56.44150934159387,53.738035990957094,48.957318568703414,44.27177644001561,46.607232185228014,51.59016457131181,54.766765991455884,56.74122303824272,58.002013911267184,13.010299956639813,21.958996524092335,22.278867046136735,19.030899869919434
13.010299956639813,3.0102999566398125,18.692317197309762,19.86771734266245,52.10339926297151,54.91249603375036,56.618855349282924,58.21357599832672,59.19187960214102,59.935477659243055,60.28794035781242,60.44097793811622,60.253390506506605,60.332568417399024,59.3628245930583,58.576412183080706,57.821700893253194,56.15159610841702,53.75811705984667,48.99437454286178,44.37195452478524,45.12110471007347,49.120519201091426,52.454435700136486,54.97927102445,56.69502834104343,57.36496099681483,58.32644927764762,58.48324620369303,57.78920717205771,20.374264979406238,56.39187559935753,56.25144669739872,54.66680818736138,51.44493256291127,51.32419798097615,50.95573806894607,51.70393744321885,54.067530177241274,55.51376796104808,56.50191890192761,57.14150303717734,57.6696280340645,57.5791808308123,57.25363520401104,55.60720612545779,54.35630987105664,52.909245593827535,49.05731135991984,44.51172157512539,43.69085920821508,47.29488769179561,49.5424733490676,52.426010527382516,54.34967888427813,56.04927703428446,56.63385217062122,9.030899869919436,19.294189257142925,11.139433523068368,6.020599913279624,0.0,10.0,12.552725051033061,17.16003343634799,20.043213737826427,20.043213737826427,6.989700043360188,42.45339902695324,44.68051791454238,47.85052082526423,49.19794348929485,49.915848851134506,50.43727639106276,51.174469670493735,51.485656394944606,51.387762157293494,50.20382002310025,51.37116640582768,50.983979598112306,49.55033170333894,49.73649617458208,49.91305836741952,49.66315415797497,49.91305836741952,50.678368011534744,52.29041573173397,52.946712000513436,53.60315027547821,53.96286546068402,54.202479320181006,54.1482800203687,53.99786173619631,54.03943698453202,13.979400086720377,52.25063629074781,49.10549704082478,46.0147329767001,43.16494539222311,36.37189422148762,43.2479671762173,46.50472659655893,50.291889102805484,51.94930399217724,53.47790416126085,54.74980707014499,55.260664651267824,55.325505566342315,55.32512329290388,55.382229898953604,54.713577305396306,53.12881561332789,52.04749253543465,49.79256926336876,47.4263873502086,45.45777038500121,48.020892578817325,49.392096450685905,50.5064651598526,50.912095647341296,51.44053988072116,44.42370005686783,50.01984527619967,53.89238756136076,56.34885174284898,58.0624782719579,59.29979569965656,60.13287729606061,60.61703106261625,60.90553244610951,60.642018297089976,60.231293577809296,59.41277327556971,57.91714502989215,56.060770373735195,53.08873751524561,48.74887510846112,42.51905770472128,46.502880911767704,52.23075201025121,55.38274550665726,57.39860987099356,58.790528495135554,59.56861595187836,60.07222723790381,60.066512731960444,59.789092094603745,22.576785748691847,57.794940376184144,55.68484510278071,53.0047374264922,49.53281172881823,49.542907617011274,53.39779274472026,56.44876602173059,58.9664194044746,60.50389424330199,61.6795029325328,62.55784911464053,63.095607599186316,63.21946637673466,63.10917516061459,62.69437519863593,62.011296367441034,60.646294268269905,58.95842271657986,56.384852634237994,52.21135051970818,44.304781879320444,43.55949322787795,51.629376079569184,55.668333034833296,57.99539727749148,59.656541102572575,0.0,16.989700043360187,18.129133566428553,22.14843848047698,18.129133566428553,12.552725051033061,10.0,17.634279935629372,10.0,20.5307844348342,22.380461031287954,53.92846381116516,56.902758410779704,58.7983933781958,60.51991733136671,61.581694294195195,62.40046273754054,62.78089308334817,62.87239245499451,62.624010124523224,62.06730104888322,61.18385438547128,59.83104640194768,58.15040857054938,55.48158388199858,51.32419798097615,46.95551718338894,50.39255443806486,54.90523116687707,57.39079231342575,59.259125705649296,60.72144712800763,61.58848689979888,61.903182488426026,62.42903272402107,62.468905983211336,61.79467049517066,35.182506513085,59.32829273839364,58.6378903021337,56.36460814790741,54.028131447896826,51.095448008783464,51.007150865730814,53.68420779474894,56.23549056918393,58.13165842179805,59.50445181688583,60.35735837916587,61.00542850012465,61.237863286153726,60.98719850448574,60.053028015373506,59.130781066610524,58.01579313353302,55.44851548920457,52.43516749536931,48.575737041474966,47.39683079379692,49.898145430342026,53.150146861260026,55.53475229251128,57.22111303289687,58.073652006082725,14.14973347970818,21.613680022349747,18.129133566428553,19.138138523837167
3.0102999566398125,10.0,20.681858617461618,18.692317197309762,49.371667037150324,53.142465352884216,55.809819659626775,57.64792378184302,58.744104924552786,59.52395247558994,60.12670642935896,60.218480995203606,60.24389192709112,59.781279965531844,59.09292805540845,58.173604029513896,56.28814840664677,54.1929472175346,51.42170386276096,48.53241780329114,46.009511259941746,48.94720255878517,51.141103565318915,54.077460138360784,55.5380659379453,56.72840143998389,57.56454290189896,57.59773573084029,57.60448118104808,57.45177885228999,21.13943352306837,55.51792662611539,52.39894817787287,49.490482923156634,49.65267569516474,47.04193429194155,50.31828415806568,53.541026741381394,54.9340785675807,56.64749125910277,57.49094445708585,57.915166157195,58.088271931792065,57.86473867553851,57.333016116877,56.41967616878924,54.89335403373608,52.978305176651084,49.23622177298423,43.83707676312093,19.294189257142925,40.45518562884492,48.36532982643699,51.656893760176175,53.30287931483937,54.800126951638504,55.52534379265096,6.989700043360188,9.030899869919436,10.0,13.979400086720377,19.030899869919434,20.043213737826427,15.68201724066995,12.30448921378274,0.0,18.06179973983887,17.24275869600789,45.94436751126765,47.511327744555985,48.5907822474697,49.08511826352619,49.58071499347411,50.03227812010036,50.09506135223509,50.284573777879345,49.87152134949676,51.10219223689404,48.83275223939279,49.00503677779401,50.982698294238475,50.61165870815172,49.89627770745151,47.34839818031571,47.920062572811815,48.70316101023196,50.18242667457909,50.76815145619761,52.21414237842339,53.31164007951355,53.8327665040765,54.72061314578335,54.984222151576716,54.22261450813602,20.969100130080562,52.92258287138996,53.080348277455165,51.626151807638706,47.80245283865352,46.70366473678122,42.11547681181248,36.178387477170034,43.05458854778667,48.368366098919104,50.329811930973676,51.96281221288885,53.427088260795834,54.14339818387412,54.47072715118013,53.497824533634706,53.03422868435703,53.38651683034242,50.688127233733155,49.024652395293096,47.04442237268508,46.94517453811156,46.21861469109227,47.634279935629365,49.24739187810378,51.118134357099564,51.311372737786066,50.37765035967824,53.40796959675008,55.61512813967003,57.550366971604596,58.968463090109026,59.94372151021119,60.46837236465608,60.703914416345526,60.65565524307183,60.523837857157176,59.63461511863911,58.52246314507453,57.169252402402435,54.7733545383263,50.97389209648177,42.2162285774879,43.23252100171687,50.13342904345347,54.16429132539085,56.77129513881907,58.50090301099877,59.62935396487384,60.27374074380318,60.71650076299033,60.647921924766834,59.980438819013884,22.944662261615928,57.80104794360565,56.36265175570219,54.23036050829473,52.146981760799676,53.2736097812026,55.63623453690032,58.04415465889977,60.04600780332984,61.48716457127266,62.35355957349279,63.12352139608124,63.56057232401183,63.63110089273634,63.42800944462543,62.71756364976501,61.81450831048198,60.69433129616151,58.60996436757196,55.62817270643394,50.4688519083771,38.73029812061044,45.97519677949027,52.99206478843644,56.737772667343044,58.920500573822814,60.436428084478244,21.367205671564065,17.16003343634799,16.127838567197355,20.043213737826427,11.139433523068368,20.170333392987803,20.170333392987803,12.552725051033061,15.68201724066995,20.043213737826427,10.0,55.00461524896815,57.555005916626214,59.67893215390488,61.31285598946427,62.265929461302306,63.004878750797424,63.38848576121903,63.43181834865174,63.20636408953695,62.66860098365855,61.70620740228016,60.272080821961254,58.008517436651815,54.93039588317651,49.152151020418415,39.761665001319756,49.25477112678382,54.33113497569717,57.37780848436633,59.9768775183471,61.10122171329369,61.923918045196615,62.519069862323704,63.05885094566537,62.66653552571296,62.50786070467197,41.39249217571607,60.82973763005288,58.65006795563347,56.414760935793986,53.64832304539174,50.78036095467728,49.82343609422021,53.43156413147134,55.94907210264732,58.003389675852695,59.32986903016893,60.209017423062,60.41402555375198,60.515360763289735,60.27330441304273,59.741951826169675,58.595255657113015,56.85692485919833,54.50843161666371,50.541609079065715,43.36779832983642,41.55032228790971,49.634336385409,53.877954530093504,56.41621824827639,58.083514373794635,59.03070986192715,12.30448921378274,16.989700043360187,21.958996524092335,23.69215857410143
13.010299956639813,14.14973347970818,0.0,14.62397997898956,19.294189257142925,6.989700043360188,6.989700043360188,20.644579892269185,17.16003343634799,14.62397997898956,19.49390006644913,20.374264979406238,19.030899869919434,16.127838567197355,15.051499783199061,13.010299956639813,6.989700043360188,12.30448921378274,3.0102999566398125,16.020599913279625,14.62397997898956,0.0,11.139433523068368,13.010299956639813,15.314789170422552,15.314789170422552,21.13943352306837,10.0,6.989700043360188,9.030899869919436,0.0,12.041199826559248,12.041199826559248,13.979400086720377,3.0102999566398125,9.030899869919436,13.010299956639813,11.139433523068368,6.989700043360188,16.989700043360187,17.24275869600789,0.0,10.0,10.0,9.542425094393248,17.24275869600789,14.62397997898956,20.0,14.62397997898956,13.010299956639813,12.552725051033061,16.532125137753436,3.0102999566398125,3.0102999566398125,11.139433523068368,17.853298350107668,0.0,12.30448921378274,14.62397997898956,6.020599913279624,9.542425094393248,12.552725051033061,15.563025007672874,10.0,10.0,16.532125137753436,15.314789170422552,12.041199826559248,36.39087871083738,32.97760511099134,30.402066275747114,23.384564936046047,26.03144372620182,23.117538610557542,30.224283711854866,32.003031829815846,35.37189226243645,35.39076098792777,38.58537197569639,36.528263025610045,40.347086513410694,39.3976877545335,39.1301868374796,37.996850909091,36.991436873944835,37.33758835587203,34.95544337546448,34.62397997898956,29.0848501887865,29.547247909790627,25.95496221825574,28.29946695941636,30.170333392987803,34.452927694259714,20.043213737826427,36.39486489268586,35.05828033854836,35.87149498254344,33.63987829748491,36.15002614524588,33.38456493604605,31.73186268412274,30.989896394011772,27.363965022766426,22.380461031287954,26.283889300503116,30.318122713303705,34.53624073591451,32.65996370495079,36.426623314420354,34.66125870418199,35.5942779975949,37.27947709544797,36.45422269349092,36.308345178280504,36.12783856719736,31.41136090120739,32.723058444020864,27.87460474518415,25.05149978319906,26.127838567197355,53.63801824724207,57.17424166550376,59.74740983896939,61.6773606450576,63.12584581091431,64.09892902758136,64.95495771550323,65.3713488875985,65.5016962757742,65.25471113808652,64.72554316435513,63.85845159212268,62.49353207757206,60.51032447552822,57.79628953917766,54.52706226511029,53.51216345339342,56.4054602974413,59.422487095593446,61.557713285388274,63.191887444401544,64.21784351904063,64.71418752955854,64.90018208377164,64.66608151957938,64.05787773812773,24.60897842756548,61.42944807589825,58.91765973585179,55.65857259755287,53.671713532558044,56.36387585813157,59.90907328410706,62.56285882047735,64.7090683782418,66.24707413570397,67.22622406997154,67.9486780111283,68.31034537784932,68.44355382248152,68.27884756332244,67.81785522975002,67.04452701243008,65.91705219791066,64.29720796547522,61.87933949967341,58.335149266212916,52.875374910614696,50.624842099628594,56.50270601673704,60.60874543372592,63.06376984417415,64.65663564810393,65.19514164973982,65.44609334148541,16.020599913279625,16.989700043360187,13.979400086720377,26.283889300503116,15.314789170422552,25.71708831808688,16.532125137753436,20.043213737826427,20.0,20.253058652647702,15.314789170422552,16.020599913279625,26.884198220027105,18.633228601204557,11.139433523068368,19.030899869919434,23.010299956639813,9.030899869919436,22.09515014542631,12.30448921378274,12.30448921378274,21.613680022349747,19.49390006644913,6.020599913279624,23.010299956639813,24.712917110589387,25.289167002776548,26.55138434811382,27.97959643737196,28.721562727482926,32.54306332331286,32.21153321954705,27.752462597402364,36.65111737075051,29.036325160842374,29.030899869919438,35.4257647626053,30.969100130080562,20.969100130080562,33.44392273685111,33.55834495884936,24.84299839346786,31.13943352306837,26.989700043360187,28.129133566428557,18.692317197309762,18.06179973983887,17.634279935629372,10.0,19.294189257142925,12.552725051033061,6.020599913279624,17.634279935629372,14.62397997898956,18.325089127062363,13.010299956639813,11.139433523068368,13.979400086720377,3.0102999566398125,10.0,13.010299956639813,14.14973347970818,13.979400086720377,16.020599913279625,11.139433523068368,16.127838567197355
12.30448921378274,15.314789170422552,17.16003343634799,13.979400086720377,48.13981075636471,52.108774178816724,54.311980572475626,56.54835668322306,58.09686281249088,59.18111103851718,59.75553577719885,60.11343722459156,60.08000687281138,60.121979620835056,59.29621719429464,58.26428576163627,57.36396502276642,55.233015422370016,52.02414747773865,44.536240735914504,35.20614521878236,47.05127866304469,51.4680376825898,54.855013849804315,56.81315423013069,58.22628945607663,58.91943129997453,59.29311105112851,59.33821737884823,58.764516729299025,19.54242509439325,56.41315435134449,54.665295395073834,51.4874143413363,46.64876919831211,42.09515014542631,48.02376865596947,52.71600006587407,55.14924774383595,57.06683651763288,58.02886558805601,58.44806344353331,58.91470552213952,58.77827288453324,58.23761055712559,56.218251605479225,54.51847815565648,53.40096937139528,47.2775265980976,42.157168552495236,45.018941677992935,48.75223369740308,51.8052728291341,53.86835925790714,55.556940624863785,57.08225381118643,57.393903614622175,13.979400086720377,6.989700043360188,6.989700043360188,0.0,12.552725051033061,15.68201724066995,17.24275869600789,16.127838567197355,12.30448921378274,14.62397997898956,16.020599913279625,46.7618129723426,48.71952193841888,50.72235187983142,51.057485555269935,51.216550305807196,50.994630941644104,50.72679934035223,50.366967485740645,50.040891146383004,50.137512321571094,48.943603761870435,48.78780227214815,50.95772410009063,50.994665481418,50.98536436637856,49.33467040547743,49.96266436688192,50.59374059065958,52.636289683478026,52.853704997065314,53.66947529534973,54.347109844998364,54.12670503673791,54.77887831360864,54.7585851911439,53.82049478295849,17.853298350107668,52.22497968666424,51.569154517101126,49.779247056397686,44.403579968152876,43.53531559077762,40.40800061256529,43.03908493535954,47.380905284810964,50.14793462087175,51.80727847744507,52.972131959896416,53.93471662142247,54.30710222448268,54.39018308786682,53.00301942491899,51.94952577750388,51.68078897764598,47.83967861527244,44.94877815637538,41.73186268412274,45.3382287980914,47.76621289695217,49.75289318163653,51.31878393559241,51.59837791071108,51.63906433457751,47.54241278102204,51.210014349896404,54.14881468265874,56.18485310521927,57.8625439578978,58.94814882394812,59.591010440596534,60.015545942874965,60.135184902566714,60.054057550748624,59.3777959342883,58.46874389203906,57.32554579851432,55.335852385453904,52.32093567714442,46.92397416582036,42.67500259393266,48.15431630801565,52.512609381607845,55.41300856840423,57.41451796703877,58.80709006148945,59.43443564931543,60.084983986800225,60.24149349248448,59.8040201188071,6.989700043360188,58.22880418022892,57.147336837021705,55.49596637633256,53.21898625688184,53.49442663991912,54.78775656846011,56.745571200299736,58.85037640605918,60.27971040033732,61.3382653319927,62.14433722837417,62.83131549278885,63.083313045375775,62.93906132313103,62.478093321971926,61.75878112933768,60.76629522464746,59.08144419927649,57.00794546133554,53.63754841157054,48.68597421562269,46.795369108323044,51.44353112571946,55.18534996069591,57.58259203856817,59.39200653164473,15.68201724066995,0.0,22.14843848047698,16.532125137753436,6.989700043360188,16.532125137753436,19.294189257142925,17.16003343634799,18.692317197309762,0.0,13.010299956639813,54.885789165252525,57.195964240383006,58.9563522089814,60.6250451873686,61.82816231910334,62.79926211615145,63.32373209843138,63.511275428680484,63.52436072058246,63.2776524389819,62.49778578532783,61.51054052102001,60.218675094680385,58.01291863071909,55.162404559154616,50.16832849421293,47.959078113015195,51.92759749135877,54.86034970396831,57.899316720260366,59.88670414464728,61.04397648360895,61.473562812294475,62.07206054437323,62.21843103751393,61.58921889004641,33.473300153169504,60.735442311604906,58.96530626548209,56.382545746997046,56.13652635390228,52.47278330214529,51.67553621196824,53.89238756136076,55.93136475558569,58.19714987557009,59.58774051911357,60.62125264939653,61.140158400282786,61.47308331771414,61.457497245442724,60.653903464475604,59.74532416793954,58.93452154507916,56.809226379214415,53.9298697214881,49.7892881296663,42.790506481990256,39.066582176716,48.788950364103556,53.22934257762832,56.19799528657993,57.54245102042699,17.634279935629372,14.62397997898956,18.129133566428553,22.92256071356476
17.853298350107668,13.979400086720377,16.989700043360187,13.010299956639813,50.943802771722986,53.24086875835596,55.29672844744857,56.69481453498687,58.0115733411268,58.794772256710374,59.66035141446061,60.03503614742536,60.17401081097968,59.73745590672736,59.783521914405846,59.131025101451115,57.29123464930876,55.689054149828785,53.3434315282645,51.46407135287053,45.37189226243645,29.185545305502735,46.73325083340811,51.55351222321339,54.31881391942893,56.2745188754391,57.68671393415624,58.12031847045176,58.41440814828671,58.94515437848598,14.14973347970818,57.797587802977716,55.655751188761194,53.63702213526772,52.76452612658373,47.79603705391958,47.65966424785714,50.42185535464146,52.81726321015441,54.69523059614168,56.22806497988538,57.11655410262105,57.33088878652878,57.25666660314179,56.76844443617351,56.8263687783336,55.5500370905466,52.63761487030136,50.87362533275025,47.16078503483406,42.06421065237989,46.466879343360944,51.74051081023513,54.14848052644112,55.69123327852366,56.22940003983862,57.09206338960154,17.16003343634799,20.681858617461618,12.30448921378274,6.020599913279624,13.979400086720377,14.14973347970818,19.294189257142925,15.563025007672874,10.0,9.030899869919436,11.139433523068368,44.17122788878019,46.43945912748067,47.134989432928165,49.03925200234529,50.50959459771651,51.4744443254818,51.817207109401544,51.46726329341988,51.52728532532361,52.14843848047698,50.51218144211127,50.46620010929238,51.31310635860366,50.915262726310914,50.28005651093024,51.20695648207146,52.041226969879546,52.954439407745966,52.48024789769349,53.51651389099593,54.16896682153191,54.973167444728574,55.45616332913136,55.60720612545779,55.65806511527449,55.02499496366886,20.863598306747484,53.33819942767131,53.14309722244847,51.20656176160533,47.387884834938475,44.40231936226789,36.47480773173676,40.83215862155997,45.35610545908793,50.38683731969489,52.209575321180864,53.75943300958664,54.769141916626715,55.47826374745344,55.778593010073706,55.51345071463142,54.92684974434311,54.7589336244102,53.03697043572633,51.66575150492315,49.76666297985018,48.922337773373705,46.814673735337315,47.30564266477138,48.00510876894368,50.396718430676955,50.889861189479134,50.10469569796392,53.52525957470049,55.87722186953562,57.70649539057963,59.18898581779109,60.045642527681444,60.522667461699406,60.67583370820722,60.48877433301086,60.1876580432457,59.107033603447235,57.679902457469055,55.920578932805626,52.83346465356047,47.32723376813052,40.10469569796392,48.02096107898403,53.01804520256447,55.52359112304788,57.77961567042668,59.079238267863715,59.942542260128214,60.35510585484106,60.51223547914497,60.10907713111778,59.066043717249805,12.552725051033061,55.69123327852366,53.45493316636687,49.95042570695854,49.893474616193096,52.93327190871115,56.185929774670704,58.61656856276816,60.38357042051715,61.790212373196184,62.53308195027764,63.02137336556318,63.19990410839211,63.086380346408355,62.735151725612155,61.883448159673755,60.64707262610411,59.14885554131236,56.34084111168822,52.675377899726655,46.055636060704984,44.91151500485698,51.16375261179705,55.426723391748645,58.00399487423098,59.70854805929502,60.80084001565561,14.14973347970818,14.14973347970818,10.0,17.634279935629372,11.139433523068368,18.692317197309762,19.86771734266245,16.989700043360187,12.041199826559248,21.367205671564065,10.0,55.11708271605785,57.6810878297797,59.930674748137946,61.22941935824403,62.136882538351294,62.54612116926802,62.921253201738956,62.88189287903097,62.62394366692328,61.84492688528423,60.93202030720602,59.56042063144777,56.78607595995555,53.996823726793714,50.42941535732346,50.32175376961363,53.378045628113256,56.179947223032926,58.34000831151053,60.13311316611932,61.09444222167947,61.4989159417772,61.97120598004485,61.54156070498428,61.66695878757034,60.70302797820811,34.42479769064449,58.27201856457612,56.54531728443001,54.216302469499524,52.773730956083085,50.218257976584454,53.655572418504285,55.31229764928653,57.07628078168804,58.676442339030984,59.91602153644624,60.594339053811694,60.741905033753916,60.749874926603155,60.38367776646772,60.31880074097727,59.45769827822657,57.628173057761344,56.616092101801414,54.724419472072235,51.78959690215932,48.93434392542665,48.721446136795294,51.32368569778079,53.60563121699302,55.1872577127348,56.201964562407944,18.633228601204557,17.16003343634799,14.62397997898956,15.68201724066995
12.30448921378274,13.979400086720377,19.294189257142925,12.041199826559248,28.020892578817328,23.891660843645326,23.873898263387293,28.790958795000726,25.477747053878225,16.989700043360187,34.149733479708175,23.010299956639813,27.85329835010767,26.665179805548807,34.4216608578472,26.63700925389648,26.9284691927723,29.0848501887865,32.90479813330673,26.90196080028514,31.13943352306837,31.658376246901284,34.881274962474585,29.138138523837167,23.117538610557542,27.520484478194387,35.79326203755255,28.2020145948564,23.69215857410143,27.97959643737196,19.86771734266245,26.283889300503116,26.19093330626743,21.73186268412274,25.68201724066995,3.0102999566398125,14.62397997898956,17.24275869600789,20.043213737826427,14.14973347970818,10.0,23.873898263387293,22.30448921378274,24.14973347970818,14.62397997898956,13.979400086720377,28.633228601204557,26.55138434811382,13.979400086720377,17.24275869600789,27.67897616018091,18.129133566428553,17.16003343634799,18.129133566428553,29.074113607745858,20.170333392987803,21.13943352306837,9.542425094393248,18.129133566428553,12.041199826559248,17.853298350107668,9.542425094393248,14.14973347970818,11.139433523068368,6.989700043360188,12.30448921378274,21.13943352306837,19.54242509439325,35.481436374348455,35.11749711344983,34.20450859106068,24.14973347970818,33.30007700872759,20.969100130080562,29.73589623427257,20.863598306747484,33.44981413927258,36.190933306267425,39.74695871909683,32.65996370495079,37.27947709544797,39.49633923799262,40.04321373782642,36.41870545476313,38.105013477665295,36.76144680356206,37.86751422145561,34.222614508136026,28.603380065709935,27.267272090265724,30.224283711854866,16.532125137753436,26.55138434811382,33.60404054729939,16.989700043360187,35.47528576459782,36.75411693714863,36.17105230502378,35.03518312724075,36.8859777508117,33.84890796530554,34.17803722639881,33.679147387937526,27.09269960975831,24.29752280002408,21.702617153949575,29.24795995797912,29.54242509439325,28.773713458697742,32.55754786643044,34.47778009294621,34.37750562820388,35.42202782434028,35.259513412480125,34.53624073591451,35.73799582215741,33.59835482339888,33.76211850282673,35.57507201905658,30.622058088197125,29.429995933660408,54.434585715565305,57.5966255759419,60.048563872999054,61.88220104733618,63.33086388111296,64.33332119713913,65.02969376276457,65.22861373153616,65.26303343205055,64.82603923036902,64.15646483593194,62.77513177624226,60.817148261079396,57.66535532845992,51.93219241966652,35.4082981411108,52.33567174881935,57.894015992629555,61.1609777953562,63.12857683597555,64.53745084608879,65.33498791290211,65.70167439757502,65.70247822925373,65.34723591506835,64.66543928132968,25.289167002776548,61.758772439175374,59.14644572419394,56.14485917334474,54.65932807742469,57.211921088437244,60.370952719256096,62.84137570746937,64.69568873669233,66.02549707867746,66.81093642652608,67.35226156634319,67.57881756886674,67.46478509930031,67.09261817877953,66.25967823216345,65.228437831673,63.4975081563597,61.01953520901453,56.924679575818296,48.76979497731716,47.52025387323212,56.38792657899292,60.49794630962531,63.07438270765996,64.8286229751998,65.90787572435312,66.11996116392774,66.04222704034507,23.54108439147401,22.30448921378274,18.06179973983887,17.634279935629372,12.552725051033061,14.62397997898956,14.62397997898956,12.30448921378274,10.0,17.16003343634799,24.60897842756548,23.873898263387293,22.278867046136735,22.30448921378274,19.49390006644913,21.73186268412274,25.2244423350632,23.05351369446624,24.424797690644485,27.17670503002262,24.377505628203878,22.92256071356476,22.278867046136735,25.622928644564745,19.86771734266245,24.668676203541096,6.989700043360188,32.57678574869185,20.969100130080562,27.16003343634799,30.61829307294699,34.11788004543869,32.22456336679247,40.705919315120404,25.865873046717546,30.0,34.80868923687168,33.68472838440362,30.629578340845104,34.222614508136026,31.03119253545714,26.857417386022636,27.067177823367587,30.681858617461618,22.278867046136735,24.653828514484182,27.363965022766426,24.60897842756548,25.289167002776548,21.367205671564065,23.820170425748685,27.17670503002262,13.010299956639813,6.989700043360188,16.127838567197355,19.54242509439325,3.0102999566398125,16.020599913279625,13.979400086720377,22.944662261615928,16.989700043360187,15.563025007672874,19.294189257142925,12.30448921378274,17.853298350107668,10.0
21.702617153949575,24.60897842756548,26.483600109809316,31.13943352306837,50.36796513454867,53.12029180025536,56.29166897293098,57.11862882632019,58.7439425417739,59.27676212186619,59.613285296409586,59.60088163518012,59.84376521726699,59.93465329457561,59.120178848248386,58.33140096820444,57.21594650415598,55.67969255624169,53.81818771625734,51.06901103609402,48.05806591702813,45.946687312953244,48.673142497485756,50.967188813839776,53.15054634881232,54.16881715054508,55.324103732534375,56.09689367415402,55.65432207758252,55.33752998817204,27.331972651065698,53.21142565229448,52.86820100853802,51.192063848059064,47.84260582566084,50.248672522524146,51.95127194126907,52.923646314075114,55.1988047332166,56.209621987232694,56.96364253149725,57.40820431453615,57.00697661203647,57.10199475409127,56.76748464410772,55.82810797293164,53.746640443849245,52.1916522183034,50.329449634804185,47.65295929698056,45.333271170544236,46.21923705295806,47.13591334758473,51.180827672111604,52.34276785840923,54.257852040806156,54.80152162856078,24.955443375464483,27.16003343634799,29.938769149412114,27.98650645445269,18.325089127062363,23.979400086720375,21.367205671564065,26.24282095835668,30.852905782300653,22.671717284030137,28.325089127062363,47.673191597998475,47.44332106989367,47.555242309071886,48.97808467561361,48.8694734028109,49.60113872036686,49.500141612219785,50.15510642335287,50.79991173383291,48.43612697431523,50.32667102629361,49.48711196278679,46.658154279909354,46.4804759698893,47.54539444397008,48.55622114260253,49.37648261091438,50.94799433170447,52.85935183288204,53.9551509976803,54.50792406475321,54.9118934279697,56.02955884741172,55.471652814891456,55.50933661476658,55.7593220650424,22.55272505103306,54.402681823938565,51.34065490394307,49.01376576975398,46.59611992382495,39.133899436317556,38.212514315459416,44.52154585714663,48.266772113767885,50.86338471404504,53.0960036187988,54.34640748281385,54.157243617687165,54.44594346123803,54.487882253752375,54.857923838352065,53.86636277209323,52.18916068173548,51.39642992629778,49.158955871611184,48.88359242270791,48.21651065962116,50.08778962094276,51.07850759626914,52.18015300754981,52.64331329632117,52.56746601795038,46.16160312847583,49.57707828719117,53.405432575141944,55.771906765410115,57.76307380734227,58.98428970723012,60.17566275686378,60.65596518575053,60.95492945929752,60.76740177974587,60.43417691247734,60.05472232932489,58.59892101744074,56.91182314575676,54.35253336242248,50.91754862561454,43.58886204405869,41.79321944913777,50.016688233278074,54.60672371877432,57.02724275218371,58.620705260977346,59.95268741154906,60.517932612311405,60.538989840465334,60.74263716205742,27.85329835010767,59.21561630384456,57.592726457779364,55.38107270273113,53.16349924946216,50.661394928707,53.31680308168973,56.23866170661067,58.43696733042876,60.42358901798373,61.83570470738619,62.71295957247774,63.31588633776296,63.57218432449561,63.463907290415136,63.49332126608178,62.43288378316623,61.37024783722629,59.938883667745344,57.673080280874714,53.70050237074868,46.22794076739478,34.44825199509748,51.12725622138573,55.49616239519085,58.11752574561112,60.16545737155057,25.118833609788744,22.55272505103306,28.836614351536177,28.14913181275074,30.511525224473814,26.522463410033232,28.020892578817328,25.390760987927766,27.267272090265724,26.483600109809316,29.253120914996494,53.485462870340605,56.62704957830521,59.23559518965908,60.672345694621214,62.23024528907111,63.0131870550906,63.65361609274898,63.776941010043366,63.80074055372588,63.27729306245775,62.55327753498055,60.95805501700084,59.08009179028083,55.760186774346664,50.94128589254172,38.92150277901364,48.97187076580153,55.011277575229805,58.33379821193613,60.370298737570835,61.97250225388267,62.82555049188795,63.541668535915164,63.55457841967538,63.58165266707255,63.06498154439845,31.209028176145274,61.021059744478734,59.756211104491335,56.53515449135333,54.42291586286071,51.108051207975095,50.951867926269905,52.96581832816307,56.152365077911746,58.324590937171685,59.55423149275055,60.319773203013014,60.669312788364216,60.920483362557846,60.244581642476895,59.607033220573975,58.260598938283835,56.83257827136068,53.95085148457995,49.700212658283654,45.80069222725036,48.418910618516335,51.90740583011892,55.467215263565606,57.14485675332785,58.15557162012296,58.991997946593166,19.54242509439325,28.129133566428557,30.480531731156088,6.989700043360188
13.979400086720377,16.020599913279625,12.041199826559248,24.712917110589387,47.39073687563794,52.060969447065666,55.28264769484376,57.12691782387082,58.63032440151224,59.47952996142476,60.096790316965965,60.31452497459771,60.35352879272844,60.10949639826096,59.38171850098553,58.36669008595621,57.152451724314005,55.00248828159228,52.50041659778003,47.793367025865486,44.876473475176184,49.032636700504085,53.46925786993914,55.60193667004198,57.32448445314638,58.476577823881215,58.83175775754773,59.471635517977674,59.375585111951565,58.53129120110856,18.692317197309762,56.16725410749069,54.41702988996147,51.650216300353605,44.915857879991535,46.39217462129763,49.799351524331115,52.82794256016391,55.63255573435253,57.04605172200985,58.088271931792065,58.78186754019595,58.8823174095245,58.78255162558382,58.20879638020824,57.09068034964599,55.57753753428234,53.196015180067484,50.76866087119938,46.250036010148634,41.89125206925528,45.83844632534202,49.35265363953307,52.31841537884141,54.155492413423765,54.815988317563,55.32353012462395,12.30448921378274,12.30448921378274,16.020599913279625,12.041199826559248,6.989700043360188,20.863598306747484,10.0,6.989700043360188,12.30448921378274,16.127838567197355,20.5307844348342,48.372158456848695,49.33780767685462,50.168077816775714,50.5260545839371,50.59283137490183,50.80067026687818,50.64925727001699,50.41570314751791,49.93616965207799,48.036277953448156,49.72003702510512,49.205928620848084,46.341950382078636,46.50210354660359,46.79109782081773,48.25361195952634,48.43332461229658,49.066043717249805,49.63485604311853,50.601536873745665,51.18016581440179,51.927708941078585,52.878017299302265,52.813061367418214,52.9208985543996,53.602619814016215,18.06179973983887,52.7507398288457,50.39180052691993,48.578750255235626,47.70829928310433,42.42392331375743,41.38870857319504,43.823953086704094,47.111067334998744,49.13416450054413,51.050125900585364,52.350155757069736,52.67077816740435,52.870937456612126,52.887409387942874,53.195016390564945,52.264271840392254,49.796667197576966,49.06685138141586,46.453141735605755,43.79414304412172,43.76522210604112,48.01431152719453,50.220528926993886,51.61203238595035,52.08624065677991,52.27495920795487,47.906017949628264,51.34623289662437,54.28078072761959,56.225082899153946,57.66693857744039,58.71960942047914,59.4952320239016,59.881494390833424,60.0104669026029,59.72133382748364,59.34975408179029,58.47861270349482,56.97640768290568,55.07321441715482,52.365498568536665,48.610921253156604,44.295908022233014,47.239233744613074,51.54840720146285,54.5549200972657,56.65533150329968,57.93807141710887,58.87359009596366,59.454808948916565,59.52432560641827,59.54444168272659,17.16003343634799,58.30617535158109,56.902758410779704,55.62200046402717,54.456742451222944,54.11944463714355,55.19126783724958,56.93228191036674,58.55176188095478,60.03337292182952,61.13818056980131,61.92965327843052,62.444379408303064,62.67070772547031,62.62753329438397,62.31039415722208,61.640677936794035,60.7175832618296,59.26256505446979,57.16274692898174,53.92661786290789,49.04807478339564,42.347702951609165,48.64570406853431,53.85767093626776,56.8299297331998,58.79707018544978,0.0,14.14973347970818,17.16003343634799,14.62397997898956,20.969100130080562,15.314789170422552,20.5307844348342,11.139433523068368,22.576785748691847,18.129133566428553,12.30448921378274,54.72440483874463,56.68282456540305,58.82279715846208,60.350453075333384,61.64748300120297,62.56256995601332,63.09101880404411,63.36017809577701,63.38402502264892,62.99707947383994,62.47041109888095,61.46283113159587,59.837904131082986,57.77075764798955,54.34097630513692,47.87460474518415,43.667777196075804,50.82095694556764,55.67750762768063,58.57115898373509,60.69853390883141,61.625467834870385,62.62513974815474,63.094755821750965,63.228791276502115,62.94264463844665,39.040118835973885,61.106072163906475,60.05587151290478,58.63889452885532,55.544479697314884,54.22039647757485,52.26715873412207,53.01040852890314,55.929502453072864,57.810038619540116,59.15999412423339,60.35814628679119,61.0800623746601,61.32847638685769,61.19166777164973,60.448207066335264,59.61159964249024,58.25126097792886,55.8747299174337,52.46953809695094,45.9124274258351,36.06381365110605,48.069664202305304,53.40882154498818,56.19265552699176,57.932034812828604,59.13926648374439,0.0,9.542425094393248,15.563025007672874,6.989700043360188
19.138138523837167,15.051499783199061,19.86771734266245,13.979400086720377,50.2530586526477,52.74086230970845,55.13292196394164,56.41938893928164,57.70608296706374,58.523195434272466,59.191999916696645,59.57137784645653,59.75030877693441,59.25953774730676,59.1745929437974,58.3965399212721,56.53988724278166,54.68561470466572,51.91143489954898,48.30716949436898,39.189734304929544,41.94514341882467,50.85219201044942,54.01159199023789,56.33795568199457,57.893839660465574,58.71023883231429,59.33240206262701,59.53804133388461,59.551718696364446,6.020599913279624,58.136210138649254,56.447742747090366,54.25483680286824,52.06720661519054,49.17663024327375,49.190466964594435,51.37116640582768,53.8497134656916,55.382229898953604,56.531864553246685,57.493010302548335,57.900774695283104,57.718614922924154,57.00712368343353,56.67278266002997,55.26195781401876,51.5563356391328,49.84185143553284,44.87604955956124,42.11467624439142,48.85824672496936,52.69410195735339,55.28716210400168,56.64680515131252,56.98574616428692,57.74385562646842,15.314789170422552,16.901960800285135,6.020599913279624,20.969100130080562,6.020599913279624,19.294189257142925,18.129133566428553,6.989700043360188,9.542425094393248,15.051499783199061,10.0,46.790006605798524,48.731170694330494,49.43059013859404,50.97691040361552,51.820721038573865,52.743149060996316,52.86961430767263,52.58706706832966,52.50754134100624,51.83691118528857,51.52594077927469,51.21221599641081,49.57942335445405,49.76670880624812,49.53411730320764,52.0146540424857,52.36741261440451,53.239406483892054,52.67077816740435,53.65626487767308,54.05878868331658,54.35031691929144,54.80295897110099,54.563447734382535,54.26381116178733,54.075234672883504,10.0,52.0275251876813,49.77211292898241,47.08403901974985,45.142023047108005,36.20864475265121,40.75181854618692,46.23166559760084,48.95842271657986,51.41854090467334,52.796327283244544,54.06308494921977,54.31757667500473,54.64584920786773,54.51947539634386,54.61728068929887,53.8668441517457,51.98596611360443,51.301567976540184,49.55326890731545,47.84189205380961,46.104578710045814,46.21529392069847,48.07244048014467,50.18571522342767,51.05036460355724,51.385426782551626,45.76997479926747,50.396599514847715,53.77970664915871,56.165070214142,57.88487962162516,59.194044754338435,60.105212886288854,60.5294659780203,60.703485993836956,60.30972334877529,59.85141192197869,58.906696748160535,57.38211164515193,55.10047431282842,51.67107522794848,46.399842480415884,42.31877187346478,48.8516325425637,53.40454030126061,56.24343986126047,58.007404415975934,59.23822519722347,59.94954705745496,60.38491404152877,60.27850490577518,59.84967235538265,12.041199826559248,57.690699613756784,55.800772175531534,53.06015203400538,50.04600780332984,50.5974890949144,54.01733027900966,57.07563363582043,59.127586128623655,60.87135172559469,61.93153828730117,62.68438722612583,62.97210786278391,63.12353620520871,62.96072566359835,62.41871332866733,61.61616227921701,60.34413862944475,58.40299350152215,55.872640964248596,51.81809300184825,46.34295856390155,46.71450554212495,52.32449724062003,55.99831783013472,58.43043940452395,59.85625835505044,23.54108439147401,22.278867046136735,16.989700043360187,20.043213737826427,17.16003343634799,21.13943352306837,15.563025007672874,21.73186268412274,17.853298350107668,23.117538610557542,17.24275869600789,54.36315339134059,56.98925704039511,59.419390567613405,60.843882216710824,61.906078776651924,62.5645819792317,62.91632766227117,62.97038128531791,62.80360257895182,62.15173416035408,61.448119926695234,60.234664667363774,57.99401208573372,55.76655725501573,52.786461569228905,49.76964069037476,50.64712501056336,54.38042107950021,57.146658306211464,58.50288974479649,59.6957664612157,60.3539531347881,61.19356530972249,61.079164803632786,60.63687931788854,60.37114809711703,29.894498176666918,58.596917750445556,56.35368120624588,54.580876460708865,54.33009353093142,52.98158523099872,53.82931521415937,55.195497462604635,56.67140895950802,58.10567185689255,58.99451140396063,59.77568603074318,60.171673652782296,60.361728064185,60.011632186206256,59.89515668804459,59.09875214635912,57.44838052198439,56.13387212666214,53.647760572774246,50.56237658980227,45.655172514446704,46.773605393190884,49.90463174880597,52.99797022240979,54.30710222448268,55.68727254426005,12.30448921378274,12.30448921378274,9.030899869919436,3.0102999566398125
11.139433523068368,12.552725051033061,18.129133566428553,18.129133566428553,51.68526946192689,54.26917713880815,55.780612941739854,57.13719810214545,58.14508626836115,59.032034316072824,59.364901170207304,59.4655296642404,59.4299959336604,59.13297688667989,58.298541736528264,57.46934521006639,56.53216374153581,54.83889557705321,52.50873578704241,49.05930733491729,44.53578227278419,43.902637270293795,45.66472847158815,50.46620010929238,52.753067466183545,54.41176499941076,55.57811462347402,56.104919478496775,56.33028888785323,56.261606575404606,10.0,55.00868788489435,53.16224134247178,51.20587091445299,51.65816872922176,49.21561630384456,50.32812095687821,52.74741905845191,53.88031893729546,55.78281543260899,56.27713972045861,56.72423918381769,56.816048067807344,56.651079809984246,55.955226755060934,54.43547728673423,52.531925698784434,51.700973566562986,45.464686296997485,39.4571471405986,43.02698818991789,46.80960664911411,50.77455118849328,52.83888937976056,54.27450403298435,55.64090568354014,56.201964562407944,12.30448921378274,6.989700043360188,13.979400086720377,12.041199826559248,12.552725051033061,16.020599913279625,19.294189257142925,18.325089127062363,17.24275869600789,22.09515014542631,21.335389083702175,44.001579233904486,45.73335840066068,47.781005797382434,48.75871190727366,49.74718888815214,49.977794308656044,50.379759908900226,50.71119482711683,50.64925727001699,52.09220023064993,50.022956825549336,49.89850109603181,52.21761013269343,51.62579340739485,51.47540296127373,49.79989728610864,50.806048438003664,51.56346190871582,53.15760490665735,53.73092308160291,54.99127361789955,55.58156353686574,55.76793840477649,56.31631449200054,56.295115342004536,55.18062302070003,13.010299956639813,53.2308288836337,52.94928933093567,50.714843354281236,44.9572467799798,41.96590654117307,35.4082981411108,43.99691023705374,48.775844089266194,51.84217138078186,53.099132181379844,54.40014395674283,55.564882425703814,55.907125745010255,55.943505554944394,54.52329347789818,53.56809558193979,53.88380098226059,50.436962222758794,48.424906660235436,46.73371152066327,47.64303187919987,48.67214026357367,50.15200428983543,51.71346096687177,52.088416043588246,52.91672927737663,45.829378921533475,49.88670414464728,53.23237657834767,55.73359038938,57.63997444376808,58.967295387509466,59.869839046828716,60.46660578346193,60.760437436111516,60.93542850428463,60.318627208259144,59.64181346394735,58.944755701373985,57.345254095607,54.919846695294126,50.15778756389041,42.112540676178725,43.08457694189304,50.18534070428183,54.44847030640556,56.939115288056,58.78825580473652,59.83732705547035,60.64549331218515,60.878612440172674,60.56686125185344,20.0,59.08562219924431,58.01425664317758,55.817198843629335,52.5672015070218,51.311982794393536,52.454435700136486,55.519035743682224,58.25873165475622,60.239438985189295,61.59387001844622,62.65906442219209,63.42885155522857,63.71799078759382,63.696649528820714,63.27931825077715,62.553439165466614,61.729708165745805,59.8273649313155,57.580333360678644,53.7684146766493,46.89566339836786,36.39586086673426,50.91149716189777,55.769698733932636,58.56828543190215,60.40661270430643,19.54242509439325,23.59835482339888,9.030899869919436,12.041199826559248,22.30448921378274,13.979400086720377,6.020599913279624,22.09515014542631,21.84691430817599,18.692317197309762,20.043213737826427,52.887878459622925,56.33811715526896,58.983197605686584,60.99947073945077,62.34340087615185,63.15374302794979,63.743906846258156,63.89174061128699,63.81497741309005,63.36803830910501,62.45358663377257,61.08403317025163,59.26711234483225,56.17245742568967,51.3186557107068,42.768293053433894,50.22362376506652,55.52435800303417,58.46497932158269,60.68091568776893,62.176144761488914,62.8649531648182,63.68065868568367,63.39841236931698,63.509318812002036,63.00089599293911,24.74216264076255,60.94106209934204,58.682069852765366,55.973495869334414,51.49637804733764,49.15827059432076,51.207745815394276,54.67656933223367,56.520770395575056,58.68818943873577,60.147304950017535,60.90673097927356,61.263483379015575,61.25552828932264,60.94568947435543,60.067911065814585,58.98029863773906,57.43278445243205,54.836985305704154,51.46853321920341,47.1218654396046,46.92406234833631,49.76134383358434,53.30845823437697,55.59275662251223,57.51994638090036,58.33647442054371,17.853298350107668,17.634279935629372,12.30448921378274,17.16003343634799
16.020599913279625,23.180633349627616,16.020599913279625,17.16003343634799,46.63936379167117,51.888385234836036,54.717038018015806,56.97721787123237,58.36388052316012,59.4860463905755,60.13700738180802,60.40896911765696,60.49041942609772,60.59584999566827,59.88324356670309,59.20968125563705,58.535327347378214,56.96738085514141,54.73243112778966,50.36489164182994,44.619484952037624,39.54483717155552,47.07399831133249,51.271210030804646,54.31505288928083,56.21218877948601,56.95331924149539,57.99468061651758,58.22275985524079,57.35012525805971,21.367205671564065,55.42901328530714,54.91005706689282,52.68055849588849,46.97734853261521,46.23766000133931,47.422615317920204,50.66150681077342,53.943413420029096,56.073874610402896,57.24275869600789,58.085215546293504,58.59045181303601,58.77975711900839,58.44216769524691,57.32356762791281,56.28818924116351,55.33163009355555,52.51847409977714,49.66667263098043,47.17878448652346,45.89949601325707,47.09142707622797,50.5362001294569,52.93638735631343,55.09482101832921,55.865152913263344,16.989700043360187,15.68201724066995,13.010299956639813,15.314789170422552,6.989700043360188,3.0102999566398125,16.127838567197355,14.14973347970818,12.041199826559248,17.24275869600789,17.24275869600789,46.14137590858977,47.06760441781998,48.88095211261547,49.920451444588835,50.22630417527953,50.25125554658057,50.366288953621606,50.21458064854096,50.205477240318174,48.524433942451275,49.89596634219624,49.188320969292285,47.39896559899424,48.12913356642856,48.524433942451275,49.13416450054413,49.21998431308271,49.70314326173349,51.24797567960533,52.144862023193014,52.42076573951983,53.348416280512,53.474822356915155,54.06875564676461,54.34329337337729,54.64265934034075,14.14973347970818,54.28358365720503,53.003193430691326,52.12932991708014,51.22628671502005,48.123049183619464,44.01486701774169,41.831274287014,40.24690862355431,42.86299250942829,47.0727202854802,50.227169800510296,52.11133895741589,53.17331935445897,53.888131875486664,54.351847820990585,54.42663168798215,53.58104341153481,53.36671825899764,52.27789041619716,50.56588539314188,47.7423220878466,46.98839696444287,46.90284702512629,47.61100538958142,47.99430156530388,49.245790525823736,53.06317781104432,55.56845029859581,57.37033531333878,58.654149200566366,59.41998126177849,59.931548399872355,60.10194763206194,59.930696812213576,59.47880530981277,58.523750671271216,57.44175590371075,55.64127299719284,53.09672743229267,49.76226139268033,47.09337814187734,48.032385477112875,51.57580661899408,54.353234734678225,56.441598030939815,57.75147876525178,58.666092476330306,59.17875578692687,59.40342134494454,59.1860167696984,58.72170846144107,57.91394470066603,20.863598306747484,55.21338179335334,53.40162426171224,53.203706482619275,53.96380701297968,56.35746053833793,58.25821930816132,59.8218527041636,61.092291485930886,61.99988164184678,62.45968684282101,62.95501346098915,63.0401741481539,62.870455338850874,62.45161388827536,61.54407234041884,60.522359410464155,58.844537960626646,56.51194636965173,52.921519168239314,47.21785891862811,44.07186882630821,51.0615688696684,55.072147469023335,57.51289114201779,59.14263802522533,60.32719064040634,6.989700043360188,12.552725051033061,12.30448921378274,21.13943352306837,18.692317197309762,19.49390006644913,18.129133566428553,16.989700043360187,14.14973347970818,21.613680022349747,21.367205671564065,56.51724681000513,58.64569220416946,60.00683909324377,61.46996376391347,62.239473932654754,62.96683175822194,63.22314001965131,63.25969629082852,62.98858532336264,62.340951851576165,61.29796197569745,59.87391839957935,58.15689959770724,55.288395997391966,50.74863961852098,45.71534147426671,50.72973731103281,55.00748157605823,57.84430413097188,59.93824937440604,61.138581554177264,62.35241768451222,62.702990991279385,63.10440519746954,63.330990947920654,62.700822905002525,38.74423830586502,61.5608674808515,59.216708718087354,57.623281365101505,54.13435564673517,51.998045260952864,51.914873438865605,53.934874581471746,56.56583037260841,58.79239282004893,59.95299034659162,60.94857035496466,61.44925859300052,61.58724554792698,61.56299829878364,60.637873103176716,59.59912924188367,58.51600755829601,55.92631917104661,52.41160324769676,47.11773496120913,43.19730494330224,48.53759033074769,53.041564923778694,55.9754162032528,57.83105687822798,58.92437448611253,25.563025007672874,19.138138523837167,25.622928644564745,17.853298350107668
11.139433523068368,10.0,13.979400086720377,22.55272505103306,48.17386855691992,51.4826940337197,54.876953862856446,56.22806497988538,57.8276563823965,58.596065782062176,59.360978471818015,59.83064001242763,59.96837708399856,59.678193254822375,59.67877783726739,58.88245223037764,57.178144120021244,55.777031510063786,53.598354823398886,51.67107522794848,47.70498543514734,44.92997719864907,49.26327009343644,52.537764407585506,54.72890957415805,56.351468368816995,57.55299224650472,57.97818544267079,58.19429424628629,58.28187973217858,17.634279935629372,56.94956002249818,54.7643742664888,52.418476928160295,50.38071483951018,45.82199769073717,46.95639254767527,50.13494493492967,53.198656703279816,54.58361323130022,56.11826294731269,57.21324130802647,57.57877130576973,57.54930572704826,57.09606578357466,57.220050564940834,56.13034827585657,53.4000166273395,52.26945141603803,49.1715352015079,44.19641886238553,42.92344693840592,48.108572910884874,51.677218968965846,53.62424037100381,53.83506584123928,55.08046002499262,17.634279935629372,14.14973347970818,6.989700043360188,15.314789170422552,15.563025007672874,9.542425094393248,15.314789170422552,13.010299956639813,18.325089127062363,13.010299956639813,21.958996524092335,47.21884776818228,48.464917478736155,48.44284527459442,50.13047996115232,51.37638905022756,52.1969190783383,52.4493239849554,52.38108857912793,52.13573534356979,52.25412672865954,51.3049137270644,50.71742127236835,49.38459680314046,48.39157393303836,46.7306700813015,49.56576590728329,50.17575868391074,51.35183554706386,50.48523371776526,52.476590866804074,53.17369580338144,54.1185194090788,55.1329352835498,55.07171521289885,55.2548665508464,55.133574576706074,13.979400086720377,53.841920696706396,52.527681047613235,50.75816942933529,48.5721787581877,43.79939722801916,36.73665876245702,41.18264726089479,45.359773113166675,49.29592608772758,51.25734936692226,52.876338001162225,53.74161560604974,54.267145351721254,54.46600846502691,54.930856389541574,54.17743976072011,53.178064406270245,52.416311398466874,50.99818709615231,49.25853332726936,47.042277560249985,44.56745495347945,46.815397122429125,48.341662839426206,49.836668734973415,50.74436083679121,49.95744851076331,53.44757634770257,55.946687312953244,57.7285031448814,59.211186610045004,60.13192104869794,60.59491092571447,60.77670897137709,60.66956219922692,60.15924473964993,59.3619645088657,57.99949513299431,55.85890299321608,52.81835275409394,47.64773716911041,41.45445036137805,46.85150337437864,52.657726924387084,55.60868663549585,57.6746829722408,59.04842083391415,59.813881752136666,60.410925234483756,60.4340708075165,60.076304429154504,59.28040281772947,10.0,56.01956834138109,53.35951091412575,50.092553767826246,50.42595198960531,52.95226127438309,56.52743222271837,59.011977755504,60.72326747330838,62.022629376755454,62.914385628865304,63.40099715662684,63.58600445378403,63.4348579484964,63.060313032687596,62.45245346397503,61.142238827335326,59.770304670446706,57.33397909361422,53.89609016051986,47.9049627696711,42.21283799492686,49.48143893743131,54.45573069936769,57.44050336450377,59.32608192512358,60.48530362625971,22.50420002308894,20.170333392987803,24.969296480732147,18.325089127062363,21.702617153949575,21.335389083702175,10.0,16.901960800285135,21.13943352306837,20.170333392987803,14.62397997898956,55.812986956461685,58.09464091990481,60.38725047493059,61.49443901967982,62.461983608532975,62.91394161355585,63.24242317223052,63.10268791785917,62.79376024433756,61.98173596596153,61.12472280164973,59.69464837624444,56.833514782606976,53.60451402179635,49.36674562507357,47.233982001537235,50.81448127323823,55.25223673596717,58.14189641527949,59.57905971269484,60.91733415390809,61.8285044026775,62.243737661880694,62.22588504461088,62.10095026783264,61.46973775680689,32.46744709723841,59.3628245930583,57.44056600004435,54.91279029921063,53.25977215078921,51.747109065803215,53.90003730284378,55.53893944524341,56.880325221054235,58.70488765855421,59.47144422680432,60.413358283407945,60.331663195091075,60.37289813124139,60.05802327020394,59.9002256615413,58.625159890966636,56.701613987137584,55.181479254866275,52.322971213904424,47.83574876850417,45.675086476987985,50.38620161949702,53.73009524255376,55.83044532353506,57.04463679568189,58.07942072892455,18.633228601204557,6.989700043360188,23.010299956639813,16.020599913279625
0.0,6.989700043360188,15.68201724066995,13.979400086720377,50.12419595290826,53.064035803800415,55.10004486705732,56.944595323174056,58.04228054819467,58.782057255344995,59.24352179375112,59.4543362351122,59.373418316665074,59.03086729771115,58.45802886056168,57.430407243520854,55.81955344307318,53.62868719475888,50.50279195585868,47.30596571041126,44.10743500456932,48.0330003106248,50.93652780406903,54.0830951471823,55.86465775223719,57.228575923872,58.22871929121476,58.45651722593683,58.536112225172786,58.62220257412778,18.633228601204557,57.16014200861132,54.92448870030101,52.47366793741293,51.143841045136526,45.70834706424214,46.26391699386438,50.793006606113984,52.76721384129057,55.09225379333919,56.21816861021968,56.939247100815145,57.06254230705462,57.04167682290362,56.48621484884668,55.61609354178343,53.92951828657306,51.86913976980872,46.771139860263425,39.472866446777985,35.80354661106591,44.57473134707358,50.357498373196606,52.76776496184997,54.52744508892992,55.731734132550315,56.31367659339483,12.552725051033061,12.552725051033061,15.051499783199061,9.542425094393248,11.139433523068368,16.020599913279625,15.051499783199061,0.0,17.634279935629372,16.532125137753436,13.979400086720377,45.2975107994238,47.58162201211584,48.726107324630675,49.81696317264485,50.71797348435851,51.061670903354724,51.033931699735284,51.04736281150048,51.12420655343343,52.53788545954456,50.756418388981345,50.799116938043056,52.712489826348026,52.394121057418566,51.770889894134754,49.35839661047016,49.36196953909299,49.3245854380943,50.47683651803772,50.473293942098906,51.949719830374164,52.6947558394589,53.53389144096357,54.2769703799481,54.758527116214935,54.05525642554484,13.979400086720377,53.15216494856274,53.45459992678727,51.971702471060006,47.95629791650579,46.78454641420398,42.1761552866633,38.788089323592054,44.31106328181145,49.38959800687496,51.47728869149067,53.035804863192666,54.48175878636437,55.17705136266773,55.52468662443605,54.901341293693534,54.252765670268765,54.66459814672949,51.899981440260426,50.20199635347019,47.97239833759866,47.233242965575435,45.64961804462294,46.24570841761993,48.077108749640885,50.016688233278074,50.31396344236501,49.5742050506115,53.019020514498465,55.43993587485464,57.33724360039933,58.93527079803011,59.8216490835529,60.39182433664159,60.75749098497858,60.70958334000161,60.645991120023275,59.787117573769855,58.73083913696868,57.58978469027086,55.431799353166994,52.176549962290466,46.00689804531001,43.3310454039859,49.27888537744145,53.231468664322776,55.92062337384293,57.77644277696485,59.01188506396528,59.61336125413767,60.09135046334552,59.97876327659089,59.191016378241684,9.030899869919436,56.65116432125153,55.13916438126855,52.6651391990912,50.615730996911914,53.10712425127371,56.07107448580748,58.46905900360398,60.527231759991416,61.88226580464689,62.90099639308607,63.515064229290445,64.01309880963352,64.03371755656292,63.793804021588656,63.20801596907468,62.2131745633698,61.123009560131095,58.780763578556126,56.09138534310983,51.30983116032684,39.75201962257852,45.71301125566269,53.08950518543554,56.753566698135415,59.06693213957193,60.46320709144452,17.16003343634799,20.5307844348342,19.49390006644913,16.989700043360187,-inf,16.127838567197355,12.30448921378274,15.314789170422552,16.020599913279625,6.989700043360188,10.0,55.52269017040088,58.01444873420249,60.23698874206649,61.600319162960595,62.79236313767906,63.382496564352344,63.81606882169379,63.8444804166771,63.61274611583092,63.05948006840143,62.11073797331543,60.697879367744335,58.47399894023287,55.50699093264708,50.15099771643009,42.97826142585328,49.351947838527785,55.02757495123731,57.68066557799251,59.924669153847546,61.359187601851595,62.019291504786864,62.70309120995443,62.451858369714245,62.43475844955016,62.360798022649234,34.497868469857735,60.65938802083886,59.109257455076225,55.86259772661052,53.53943145193708,49.13628443215937,51.5024050473599,54.98236096924789,56.99633967091246,59.074887528950406,60.06386022002691,60.912342058553925,61.138848856527744,61.18361629430977,60.80932981992017,60.29335880886305,58.963128758023814,57.349957377861145,54.828050053816085,51.445897734411226,44.92425112776086,39.49390006644913,48.66275521386487,52.88700728617498,55.622988136552046,57.372825148638086,58.45902600355788,20.0,6.989700043360188,10.0,12.30448921378274
14.62397997898956,13.010299956639813,18.129133566428553,16.127838567197355,49.09834059845049,52.168570550960574,54.38244806582983,56.337592345174784,57.713353552450066,58.929050857761865,59.4984358304026,59.874253702216755,59.90751637972055,59.86915878201589,59.24981860911053,58.50629696150218,57.348838010662675,55.66848610364357,53.28240933298808,49.33573328348382,41.64412344104769,38.74829577879722,45.983636601720264,51.571181463718304,53.92334597020173,55.81122130249868,57.25595592585279,57.503988431729695,57.70104234515148,57.70089487047702,23.891660843645326,56.037612606082874,53.86509666720214,50.98782124314692,49.48891990455766,44.619484952037624,47.352235198572515,51.690657603768344,53.930572506014435,55.98626384641655,57.24218506164001,57.655329562413236,57.851681904284874,57.76154704105602,57.34877403810775,56.18591932285227,54.60804662318573,53.596552791258034,49.050885646052905,45.38435481499883,46.76593024518753,49.36699685258227,52.92610452838321,54.59904894119978,55.90093597986104,57.11317845065442,57.57171990470201,0.0,12.30448921378274,15.051499783199061,13.979400086720377,17.24275869600789,9.542425094393248,6.020599913279624,6.020599913279624,15.051499783199061,12.30448921378274,11.139433523068368,45.57507201905658,47.88712666322263,49.726147134680296,50.07171464987095,50.709572275094175,50.359417836151074,49.88166398464038,49.065720609521975,48.20188318757885,49.534407377557514,46.535694536275145,47.07067466152118,50.653705457844495,51.1350549644909,51.552449171761864,51.19130466987279,52.034598965316576,52.60686600252579,53.84453776006935,53.775776003315734,54.475363231589434,54.74159423159422,54.50213685693654,54.95229255714166,54.63822839538465,53.384126635094624,20.170333392987803,51.29667339229647,51.42921057515615,49.3832454901273,43.81115080709851,43.67169488534681,41.69115780235715,44.41302286693167,48.36893516376434,50.93088832030589,52.36869656710997,53.49442663991912,54.53272461446164,54.94769409143178,55.087451294695484,53.86891169452432,52.873918670511515,53.13042120852374,49.96231391743093,48.1110560701793,46.6645245704817,47.27061153281322,48.2463340780055,49.53479411322143,51.080810773192276,52.046896204203605,52.23311592767302,47.07203851788098,50.85179938592216,53.73867870327068,55.910200617183,57.63506608724021,58.753310212336956,59.512403503243405,59.817832825124064,59.96841208132271,60.049525768396464,59.27795722191399,58.408992750717566,57.39227303242345,55.55677149249124,52.67127122895361,47.90573659337278,44.44232220713579,47.97475287537334,51.99864833732256,54.92767371197108,56.944200359603094,58.30622666774662,59.156704593451195,59.73508849142132,59.888910161319096,59.37209363160271,18.325089127062363,57.71899678547505,56.72759883186292,54.92248989075279,52.84658537686514,53.43150500906404,54.80324638253344,56.834649131520656,58.846554838796905,60.28978111470966,61.50378761755404,62.29387435743077,62.87806207169847,63.08585114082505,63.03551989787637,62.56441113787795,61.803466953374375,61.012798874661165,59.168669898532954,57.024107169990785,53.46425350833091,48.38017470794583,46.0372881465577,50.97385739109914,55.20799149461547,57.54013310423968,59.379815271243636,6.020599913279624,20.043213737826427,19.138138523837167,20.253058652647702,19.49390006644913,20.253058652647702,17.16003343634799,23.384564936046047,18.129133566428553,12.041199826559248,19.030899869919434,55.192043139016185,57.26502262830962,59.34862903647077,60.80274652484677,62.14837492472191,62.924698422947515,63.46741122814022,63.63741496897184,63.540519387565084,63.25151820153305,62.485289058480745,61.43483522775219,59.68208742802609,57.497502251339874,54.07603325351417,50.27210937634827,49.55639653023252,53.106104805582,56.245883665845156,58.7520137314137,60.42803034165034,61.436882154389025,62.42399538904337,62.33423591110171,62.9903853947173,61.904507625927266,38.40231594958109,60.572494834248296,58.57608668148062,57.20597512871536,56.36320364786938,53.30999878172427,53.251214176455655,55.17381984283709,57.15843794627286,58.81591197140619,60.16495567062182,60.97528355383296,61.37881781347534,61.60435515079705,61.47147120907338,61.017213041263346,59.99955699703492,58.92148607748882,56.90377736661745,54.71857685588182,50.8656269136646,46.913379243444325,44.619484952037624,50.59461174384676,53.895647432060436,56.17524534886292,57.61429391174212,12.041199826559248,19.49390006644913,15.68201724066995,11.139433523068368
0.0,13.010299956639813,19.86771734266245,13.010299956639813,18.325089127062363,19.084850188786497,16.901960800285135,19.54242509439325,13.010299956639813,14.62397997898956,16.020599913279625,10.0,13.979400086720377,6.989700043360188,12.30448921378274,16.127838567197355,17.24275869600789,11.139433523068368,0.0,11.139433523068368,16.989700043360187,11.139433523068368,13.979400086720377,17.16003343634799,15.68201724066995,11.139433523068368,11.139433523068368,14.14973347970818,16.127838567197355,12.30448921378274,14.14973347970818,6.989700043360188,18.692317197309762,15.563025007672874,12.552725051033061,17.853298350107668,16.127838567197355,12.30448921378274,13.010299956639813,10.0,14.62397997898956,3.0102999566398125,18.129133566428553,10.0,19.54242509439325,14.62397997898956,13.979400086720377,16.127838567197355,15.68201724066995,9.542425094393248,12.30448921378274,6.989700043360188,6.989700043360188,14.62397997898956,0.0,16.901960800285135,6.989700043360188,14.14973347970818,15.314789170422552,13.010299956639813,6.020599913279624,6.989700043360188,15.68201724066995,16.020599913279625,13.979400086720377,6.020599913279624,19.54242509439325,12.552725051033061,36.074550232146684,34.459154139511234,32.03304916138483,28.773713458697742,27.49736315569061,17.24275869600789,26.364878963533656,28.129133566428557,32.75311354541812,33.611609951950264,34.73924693416157,35.289167002776544,38.578147779710065,37.488080049586024,37.55112266395071,36.928469192772305,34.452927694259714,37.20076572768141,33.81115080709851,34.158077276355435,30.398105541483503,28.40106094456758,26.884198220027105,24.712917110589387,25.118833609788744,32.304489213782745,20.253058652647702,35.4257647626053,36.06918525948291,36.29511534200453,33.46548558548474,34.97067936398505,35.59308010907012,33.81115080709851,31.089031276673133,30.10723865391773,24.099331233312945,14.62397997898956,24.668676203541096,27.958800173440753,29.566485792052035,32.10853365314893,33.875677794171885,31.94514341882467,35.69607967546824,34.089180208467795,35.436956323092446,34.276483711869325,30.762762554042176,32.50420002308894,31.156105116742996,30.056094453602803,24.377505628203878,54.05313910693089,57.27544510158559,59.592346342294306,61.39002690223159,62.680694374049786,63.502251397186654,64.21198725394441,64.41263453921059,64.31392394481102,63.83501196445383,63.041112162006094,61.70244401959024,59.68451659544815,56.58135463071869,51.36546180350109,47.25552292750614,53.523388359893175,57.937973668610894,60.826941947973594,62.58841214383665,63.88894609798318,64.64877615979391,65.03562448314506,65.03498286763987,64.68601480795927,63.93403206147802,30.402066275747114,61.21423921244927,58.83153041543381,56.24575996194967,55.22183317618686,57.33852627294357,60.255127204407856,62.33307116399105,64.31667985418265,65.59119755868093,66.4456275433393,67.026788060833,67.25797492544507,67.19894509871709,66.85068284129957,66.16396209832452,65.1761454606929,63.72135836522408,61.57471879022413,58.20766134972168,52.790392270610546,49.4536024419756,55.40661014025297,59.66461818901934,62.44438435569275,64.22716531627515,65.36519303805254,65.68367193950947,65.79007230292402,21.613680022349747,18.325089127062363,10.0,19.912260756924947,12.30448921378274,24.712917110589387,19.86771734266245,10.0,19.138138523837167,20.374264979406238,9.542425094393248,20.969100130080562,9.030899869919436,9.030899869919436,13.979400086720377,17.634279935629372,20.170333392987803,13.979400086720377,17.634279935629372,16.020599913279625,14.14973347970818,11.139433523068368,13.979400086720377,15.051499783199061,17.634279935629372,23.117538610557542,22.576785748691847,24.653828514484182,22.55272505103306,28.524799936368566,27.234556720351858,32.70678836144707,25.76341350205793,35.98243191653623,30.86359830674748,38.1431420020746,37.09693869727792,38.79267956824613,37.623033632877686,31.4674801363064,24.60897842756548,29.84077033902831,12.041199826559248,23.010299956639813,20.374264979406238,-inf,16.989700043360187,18.325089127062363,20.170333392987803,18.573324964312683,17.853298350107668,17.24275869600789,12.041199826559248,12.041199826559248,21.13943352306837,14.14973347970818,18.06179973983887,6.989700043360188,17.24275869600789,9.030899869919436,11.139433523068368,20.0,12.30448921378274,14.62397997898956,13.010299956639813,20.5307844348342
10.0,18.692317197309762,13.010299956639813,13.979400086720377,51.17685501201614,53.68392888176213,56.159185036959116,57.32802929774613,58.52227395029429,59.215434208086066,59.780549141469415,60.03365735270171,60.19246766986333,59.789766782753695,59.79392656315996,59.099970527093774,57.64063246004688,56.37102294156786,54.508062493884275,53.47527111002761,50.66407930311186,48.42240931549416,48.54330337316284,51.01269224661556,53.07309871811097,54.76324317420228,56.11021924445161,56.75364923843178,57.107509895412456,57.67970239398261,12.30448921378274,56.81081966864178,55.238049755997906,53.77257062246584,52.82599457384596,50.11303949461117,50.0774777800074,51.0615688696684,52.78360272098752,53.76503960252927,55.25673107030016,56.41272781243083,57.02300400944556,57.1495476093051,56.94721872484376,57.120247434476276,56.37429684650065,54.17298937524484,53.6625294202576,51.3372089071826,47.934061923539744,43.66721723757252,44.59769315966737,48.909461025504086,51.42545884086276,52.42044239369551,53.795629354607215,11.139433523068368,16.989700043360187,9.542425094393248,13.010299956639813,13.010299956639813,3.0102999566398125,22.87801729930226,12.552725051033061,11.139433523068368,11.139433523068368,16.127838567197355,45.955072443882806,45.4282542695918,44.13165598345893,46.09743772302985,47.87835803437781,49.69956114442769,50.3803965526364,50.60565643654253,50.8541902760865,51.10030490848308,50.60459857314392,49.73589623427257,49.34195349347885,48.22508056398281,47.147487607250596,49.066043717249805,49.33952715430179,50.24095530552949,49.67590093253491,51.69445178907751,52.75767297125362,53.58863396219291,54.870704674479796,54.91748183993222,55.16457365750468,55.313575530986185,12.552725051033061,54.33126313625606,53.53285190168659,52.01948519328208,50.06213521810737,46.86001342233141,41.42545884086276,27.16003343634799,38.85587356189656,46.450684012079144,49.77266212427293,51.73666932452848,53.01587705821143,54.10272652796654,54.51003078627362,54.881020899122824,54.60983491007667,53.95223268655979,53.3891047249129,52.407314140791065,50.76265325036421,49.143696054299085,45.44130081987965,45.166807754068266,46.36096554156757,48.94902849959432,50.01915351793932,52.348461699213644,54.74980707014499,56.734089247750305,58.017781532698045,59.08361683180978,59.74053207959169,59.90622962726037,59.79778207707917,59.308212187921455,58.417254002134854,57.13252750078158,54.93241895623997,51.98912640781824,46.54446086717337,36.94429690957083,46.21778473651155,51.530980682044444,54.928679020044186,56.931894627610255,58.45560007637951,59.35922720117054,59.84818845342211,60.02483995839307,59.84774318394679,59.264026467829474,58.186223857961025,18.573324964312683,54.44677030697541,51.765369059974624,49.6955102588328,52.10826638678256,54.77684025113858,57.45213025197653,59.38171850098553,60.756958368377084,61.796347932232926,62.464377654625245,62.73026518315802,62.69227289998523,62.4579733349481,61.77814013432727,60.86674402230617,59.34850793798735,57.45993180653493,53.81542844163335,48.788089323592054,40.46300019652969,48.074606098661626,53.39320238717384,56.691494542790096,58.759648134621266,60.18970808600747,60.96060397357508,14.62397997898956,11.139433523068368,16.020599913279625,13.979400086720377,16.989700043360187,18.325089127062363,14.62397997898956,11.139433523068368,6.020599913279624,24.84299839346786,0.0,56.3959504931962,58.44144648549409,60.48327582290171,61.5073249929262,62.29020043730657,62.7329695488045,62.90863433800621,62.75214577880669,62.3763646820985,61.388058723130435,60.449315461491594,58.73238037319154,55.72523097849637,51.988357156651105,47.5624803616373,48.84466829285919,53.27205626925103,56.70193883103665,59.07349544660811,60.429285530866004,61.48295640767049,62.088630837493525,62.593955583528,62.38821116371427,62.16884731057522,62.025242797314284,37.82329268996837,60.0427192159554,56.90918711753519,54.49697419675048,53.06214799594009,51.187572865539536,53.89669219880501,56.05500057689497,58.14202965018052,59.54750336961948,60.581940097583654,61.2062985946958,61.21592997678387,61.056780795120844,60.51576958472539,60.248672522524146,59.04481839548734,56.7739248968535,55.05109261303588,51.75215998106806,48.64143080136019,48.293938393836555,52.66325791475637,55.34438616828737,57.1830982617685,58.06398423446009,58.82012531491764,20.644579892269185,24.60897842756548,9.030899869919436,17.853298350107668
16.020599913279625,20.170333392987803,6.989700043360188,19.912260756924947,49.82076661723761,53.57791963471642,56.45100851127499,58.040419267108206,59.04545147269664,59.55822875192082,60.09788171667033,60.19533760503741,60.00411950023942,59.342888283246786,58.99247994220991,57.82261158711093,55.6762384548658,53.451089557095386,50.432089705599026,46.656372674340616,43.567522621475575,47.07978731614335,51.93505830620046,54.22276233657077,55.98896606055655,57.03291378118661,57.68774952731523,57.9850217282949,57.86502980070112,57.692487913432736,22.50420002308894,55.96157080916172,54.28699981231808,52.411478624117,50.274393119239605,50.019283231006455,51.25562586641175,52.66629108343623,54.6924748409219,55.356092806644675,56.59882937730758,57.240373518616536,57.37193438115148,57.098802585760104,56.568357800788114,56.13491920684018,54.857214264815795,51.79321944913777,50.48255304342598,46.38569119860692,38.39729375206388,42.43658026638697,48.899736384039954,51.625196007920884,53.41895285148385,53.838817613008786,54.85292597405169,15.314789170422552,3.0102999566398125,9.542425094393248,3.0102999566398125,17.634279935629372,13.010299956639813,10.0,3.0102999566398125,19.294189257142925,11.139433523068368,19.86771734266245,48.68979286074608,48.453213340485476,47.37780848436633,47.741153313898714,48.46794674306915,49.17132496831116,49.587453985328764,49.7221209829062,50.05334977139648,50.29099566823543,51.079219001862796,51.479173603268684,50.23112474873015,49.88545580045853,49.58167151551241,51.84691430817598,51.628182183868994,51.60720570869102,49.91956670920119,51.55351222321339,51.98794500175598,52.97563557109357,54.01965445407694,54.307521043598584,54.730517276526065,55.3576234847312,18.129133566428553,55.19734826960749,53.89609016051986,52.64555751085918,52.16920311845206,48.64653449354013,44.60672371877432,36.991436873944835,34.49169732165201,43.56714060583394,48.323875487626,51.12688769397097,52.797809769969646,53.784069865117175,54.51462512153812,55.42816716094247,55.35590301557251,54.45246035080618,54.47164235504788,53.5765475104385,51.965547491147596,50.00091192266347,46.356646651603334,44.94502447046173,45.684012189485,48.26450596484443,49.375580097469864,52.485739927801404,55.13053709573542,57.16277196871056,58.62270951537886,59.668772973096154,60.414420340000376,60.73174500501829,60.75241022754569,60.53545923106569,59.76338972456658,58.736303694400256,57.17139373990492,54.597015110150046,50.73072842771833,44.249632632607415,42.25825991461893,49.50973024874478,53.74766670285203,56.44876602173059,58.223982467652256,59.34616603668636,60.06625610804932,60.46660578346193,60.32240300524712,59.913146981766104,59.21499194374012,23.54108439147401,55.94844291032295,53.23458366849468,50.847085120876045,52.33326150349857,54.62555213992932,57.37546456498816,59.63098546244828,61.0997149501135,62.29963261979429,63.07812978601733,63.45111898539325,63.486260831921925,63.32329367601007,62.831286075842726,62.13785953938939,60.780770975731656,59.17080985396466,56.35212227905222,52.418850186237485,44.093581899301654,42.2419626966024,51.111616595775885,55.32658849172432,58.043991132353874,59.694312894614725,60.76186253850018,17.16003343634799,17.634279935629372,13.979400086720377,16.532125137753436,16.989700043360187,21.072099696478684,15.563025007672874,16.901960800285135,15.68201724066995,16.020599913279625,18.692317197309762,56.16283268466698,58.42162860066619,60.46609478384056,61.518835278849764,62.491968893509465,62.92686828461204,63.19734030238337,63.03809685856757,62.719168467630084,61.900895465241,61.02999018162882,59.53288427102625,56.73379443917962,53.498697848203605,47.94355577097677,43.38017993470888,49.848422314052755,54.20617419424769,57.67936893435676,59.59175955037065,60.706148176560376,61.77312802312757,61.77127984473457,62.11083413636038,62.148960132152396,61.602118403601324,32.704459080179625,59.57608244709496,57.418525249147564,55.4906459872272,53.587892613392725,50.169080439720744,51.37031119302282,54.023318958339786,56.615334740769896,58.53022522729151,59.801397777457545,60.61553878026434,60.90550071573759,60.9484446836784,60.643160715514824,60.18136464912832,59.06012703726696,57.168794002327076,55.147880754554464,51.552540300654385,43.93347029066479,38.695250628572275,50.00173683058465,53.873791468349175,56.287341846258194,57.56283052975228,58.70339517227222,18.573324964312683,16.020599913279625,23.521825181113627,19.294189257142925
6.020599913279624,16.532125137753436,13.979400086720377,11.139433523068368,44.898179083014504,50.40254132121299,54.343900400671295,56.6437492456481,58.05534839182783,59.206726327096916,60.07526308145711,60.425585813189365,60.61302410450756,59.97339631871289,59.92561470252382,59.06990299572324,56.77771150682378,54.8328625296399,51.69233451301097,48.52723910791206,38.96526217489556,42.926547301979866,50.89286772806859,54.081653145322875,55.92722891831117,57.299945037802324,58.24584628389061,58.35647456907477,58.21807543824623,58.20654571280084,19.54242509439325,55.89418969115638,52.28628739594438,48.52772677787148,45.39903732681851,46.25333033150816,50.27023254588704,53.50986079212875,55.70319898085235,56.764969897262496,57.82835101581821,58.30627156889406,58.10131663913607,57.731608738062654,56.944595323174056,56.66039431477302,55.02592338969325,51.23570728140037,50.06744072853106,46.450782347729245,45.53701021549961,49.60689534546113,52.8950422564231,54.716158437221026,55.76341350205793,55.94282028811806,56.34603207375447,13.010299956639813,0.0,16.989700043360187,9.030899869919436,16.020599913279625,3.0102999566398125,6.989700043360188,9.030899869919436,12.30448921378274,17.24275869600789,20.863598306747484,49.56346147381247,50.50000598285762,50.38103310305898,51.04630486764605,51.01819221308658,50.872772869545926,49.751789709408776,48.61683729919097,48.26392304965835,47.266457202409114,47.62648559617997,48.087037491955506,45.72523097849637,47.09693869727792,48.598885038758,51.94095107863117,52.3983982070212,53.300422318020544,52.75679830102703,53.52236560284334,53.787648065259575,53.943553548360256,54.22276233657077,53.84321150039055,53.601426038776864,53.21061702800287,20.374264979406238,50.8312979791912,48.2540015020634,44.677856343292184,42.74919506403754,36.72651922840002,42.80578370368076,47.446058754142385,49.77147211335466,51.81386195083218,53.098451325623124,53.82683290433643,53.854811501692446,53.95894012741441,53.69929814574395,53.86971349362546,52.972131959896416,50.676547327343926,50.80788775961753,49.72485176897234,49.282729213273925,49.33132823726734,50.12077599531015,51.26355480481057,51.778538085223005,52.76748941031243,52.34947315652686,43.96443460112428,48.09323987000021,51.47521743537597,54.44714467591021,56.670904225681355,58.34853510703294,59.59816702966769,60.37458770001203,60.809012607734765,60.906198730373205,60.90570167084455,60.439706500377355,59.565473120010196,58.32617472757271,56.562630683997526,54.36495001693088,51.228349210760896,47.57821004205886,48.23063215636842,52.24740190060544,55.16859156208315,57.25326737015813,58.72937300101788,59.64712079235717,60.12974237756792,60.19071819740099,12.552725051033061,59.26454607729945,58.16460049744987,56.609109911978294,54.60718978789479,52.52719568036186,53.0511911030228,55.33432672953108,57.71716794671046,59.928383887171925,61.4355998178036,62.531154693399856,63.20234590604231,63.623425882901344,63.74400954769476,63.66696523268941,63.15662453732175,62.422953909201894,61.066983545213716,59.29610994677695,56.612294500741186,52.8681785715099,46.81693392004564,46.73389578188305,52.674580336143286,56.48196997967637,58.84900102920541,18.633228601204557,21.13943352306837,21.072099696478684,14.14973347970818,18.129133566428553,20.681858617461618,10.0,25.68201724066995,16.989700043360187,22.55272505103306,19.030899869919434,53.76094951259215,55.80069222725036,58.339180811121125,60.10681493131443,61.53560308428833,62.4353905950333,63.055938186777844,63.329948083377836,63.37298892159099,62.97231816034845,62.556680154816604,61.51225163484277,59.623281302039445,57.63419756865346,54.55978639797301,51.81846445135912,49.7396329740609,52.254152573291165,55.557327188411875,58.29474240167706,59.905364182742105,60.984256587091,61.841031738570635,61.66397547937245,62.30062738574448,61.90270051997867,13.010299956639813,61.443528010910946,59.423399753017804,58.51004426319044,55.61956006895145,52.703433800517196,52.98556170673881,53.715499386991475,55.559549261333665,57.30208757588545,58.82749880026914,59.790929006383266,60.34234485572447,60.518811395939125,60.503472699739056,60.69591885230757,59.92769506842019,58.40392182697784,57.37435175368092,55.2516405959496,51.74478483315079,46.464625431631276,46.3900810352324,50.43794392325779,53.690023696239365,55.654995353832646,57.241185117747726,6.989700043360188,11.139433523068368,14.14973347970818,15.563025007672874
6.989700043360188,13.979400086720377,22.576785748691847,22.30448921378274,50.6390728427685,53.132638488937936,55.61131210542506,57.02540819453204,58.17780150088943,58.90419341985006,59.4418349815453,59.79047782708542,59.88614689247239,59.62723446741908,59.35557645093014,58.587446709906104,57.217323197762546,55.41344561691648,53.12435485983882,49.79407228825493,44.8681288633463,44.68125695050418,50.772370520889744,53.60193769691767,56.017928180573875,57.537745045569736,58.26677211376789,58.98905003687063,59.17820481993697,58.895538003131975,16.127838567197355,57.58382699308433,56.15002614524588,54.314216662298556,51.32659850327717,49.85174896670031,50.02187667909688,51.48189137969447,54.377267869242225,55.48302181908859,56.74443172255046,57.65248210601265,58.105181441033096,57.893303566718195,57.67758263693147,56.98413751321257,55.740636938384746,53.207796031426646,51.40187388967817,47.33462095950156,41.67966813395621,44.98655095245119,49.07432859969259,52.54318422766606,54.45954299610093,55.09699726643974,56.061932017447226,6.989700043360188,19.294189257142925,14.62397997898956,12.552725051033061,13.010299956639813,6.020599913279624,6.989700043360188,15.051499783199061,16.020599913279625,-inf,15.68201724066995,46.59669047557446,47.793367025865486,48.8447816220561,49.963934509135484,50.71329586860343,51.40800197908937,51.61861918436017,51.462396970463104,51.68120184715002,50.254041849607496,50.92222218096967,49.96248914569132,46.63182477305838,46.26381433469527,45.59966441093215,49.0216068899544,49.7016549483847,50.62510535969001,51.328869775769384,52.58091078632607,53.45446270305736,53.84018109048047,54.669654367636156,54.456742451222944,54.500349884060945,54.765244137064826,12.30448921378274,53.14989453439758,50.265822884145955,48.14580516010318,46.49188770977882,35.44192110765032,35.269850685599955,43.08777773664721,47.221483600111625,49.526665423382084,51.717644710347486,52.903418495244104,53.38609864112355,53.57791963471642,53.43890875343595,53.73561119121171,52.95245933165397,50.448923834743596,49.89062517769405,47.42827213849982,44.58002937560279,42.97760511099134,46.78226930672895,48.887690149758456,50.80258407088938,51.67465028843088,52.29553863981137,44.75525915039281,49.759370424831104,53.123677947159734,55.75849178210194,57.45527596454196,58.61760161410622,59.48876845723957,59.95053991833825,60.19226408578813,59.79994276316112,59.481389999809046,58.556911434114724,56.927174044523774,54.82015576450712,51.51075521386177,46.29949582692885,38.85643871835764,47.12961002740541,52.52974325347922,55.4906459872272,57.51652405953137,58.77639097445689,59.609271889948666,60.06767590353996,60.09029995684904,59.884934064608366,13.979400086720377,57.920532282341064,56.06793963810219,53.69085920821508,51.58633841358625,51.219667020447005,53.987245041249366,56.79058862126213,58.94971994341808,60.63333358951749,61.81793584056774,62.613792203294636,63.0842289800524,63.24668414762951,63.168097990490644,62.78733714381778,62.007213938936225,60.79294871571698,59.09558703460047,56.466879343360944,52.43633244506138,44.78306706922567,42.10853365314893,51.371641451293556,55.628588630728444,58.24727699130033,59.92210983780388,11.139433523068368,12.30448921378274,14.14973347970818,20.0,15.314789170422552,18.129133566428553,20.043213737826427,13.979400086720377,10.0,10.0,17.853298350107668,54.7585851911439,57.45478435325581,59.57331875244925,61.22751123539145,62.16441703892377,63.00238859554479,63.389401238966094,63.45013793465548,63.32310980827373,62.6645396281861,61.89654511661252,60.57704511793457,58.07010446231065,55.17079718538031,50.38103310305898,43.02958318764627,48.97242102805365,54.05878868331658,57.793727936407194,59.73069635756586,61.30852360227092,61.90970621508953,62.35969839417132,62.884567070423614,62.36301912901794,62.11429191960451,20.863598306747484,60.11219313939612,58.37149503321996,57.04570017729513,53.99812119978673,52.65320275312761,53.74825302770424,55.6917954568673,57.918716258084004,59.063377359312376,60.245324606139015,60.920781997051265,61.166250091749205,61.12182565404092,60.79732811551981,60.20276736179838,59.13031948495962,57.46430235002766,55.28202997484084,52.121343134680174,47.635627536990704,46.398946935548494,51.024782991916986,54.090687443338396,56.0105343406227,57.104127203565255,58.04866964694633,20.681858617461618,12.30448921378274,22.50420002308894,17.24275869600789
11.139433523068368,17.16003343634799,12.30448921378274,21.335389083702175,50.39909606374096,53.67735995328096,55.82973063623914,57.41209921236142,58.41122233323485,59.16890129590798,59.4860463905755,59.68599211835507,59.51374922861993,59.06423400427759,58.31389802433634,57.20007066851192,56.06660771660947,53.82478122987804,50.921098175898706,43.9208111979816,36.906390117159674,45.6062387454993,50.89551882886454,53.474666258006216,55.68187638612141,56.912132641418786,57.402308018730594,58.15421002154711,58.10815667499799,57.25403569877824,12.30448921378274,55.056342180365085,54.171626778477666,52.195059374728565,48.1949129059582,49.47262126966335,51.32659850327717,53.12314903570763,55.334072401429,56.506814189058154,57.359635858362495,57.894015992629555,58.088777748406535,57.907255700654645,57.211921088437244,55.79117930440995,54.260165020380015,51.71346096687177,47.979181486515486,43.34795422556774,45.142023047108005,49.854668925779,51.917666994225264,54.28544587585464,55.901639045881865,56.8534039047088,57.31044549070627,14.62397997898956,13.979400086720377,17.634279935629372,17.853298350107668,6.989700043360188,15.68201724066995,11.139433523068368,6.989700043360188,12.552725051033061,12.30448921378274,16.989700043360187,50.19182780205981,50.96092770933596,51.69568639026761,52.250118950168975,52.02433822489233,52.27230913327773,52.11123212187609,51.798389280231866,51.64977077110886,49.85561187773345,51.361654568145426,51.08598845973567,49.33740299496935,50.11253170127497,50.83079585903549,51.97390841133298,52.38068695895677,53.08444886102227,53.905553748237935,54.545049106093266,55.08009600915982,55.26573164700329,55.713314254794184,55.52450406006046,55.512706314751654,56.03604416043724,17.24275869600789,55.00239220041248,52.762319579218335,51.160927932140375,50.17909395896689,45.27797400562339,41.59927952895985,41.783149348321594,45.733938349225205,47.978489813638355,50.685272240686004,52.61112922074942,53.174553148579456,53.729064822424505,53.95640858696118,54.61996464330199,54.23262262098614,52.19584526214255,52.06307650565613,50.27272121095869,48.05752254800673,45.4282542695918,46.773605393190884,48.501865831924746,50.23766721957749,50.96353759993295,51.580758838232285,46.383794214736824,49.96730515435153,53.2757347395433,55.62173863364649,57.295923915921506,58.557958772215926,59.537099310053506,60.161960983242615,60.392911508196214,60.07222723790381,59.87009859347574,58.92861179331681,57.412311990749856,55.33788575999993,52.15238241340079,46.94649064847641,34.9220145139254,46.52062524933568,53.038977077644645,55.897184370959536,57.97575662832962,59.371290595479,60.23616620295239,60.86340251383814,60.980082568455344,61.05090334204229,22.380461031287954,59.5612278872337,57.76603129851353,55.78120955998383,53.29946757240238,51.13612494358711,52.47071845215706,55.36300819448086,57.76948037103449,59.72108376001857,61.032459613678725,62.12035174930935,62.67956270721932,62.958539693990275,62.90890107839906,62.597133053907314,61.93986207401785,60.67359917334646,59.1068095552552,56.60759261998821,52.931967618169324,45.87082073437497,43.11435968289161,51.21920785563038,55.42661135510669,58.075729088014725,59.83771478659985,0.0,21.702617153949575,12.30448921378274,21.072099696478684,12.30448921378274,6.989700043360188,23.117538610557542,18.633228601204557,18.129133566428553,6.989700043360188,6.020599913279624,52.17131101157779,55.78192080540258,58.21184571529186,60.06662820777342,61.31756243982407,62.38167839142737,62.87560338397452,63.13717299652399,63.015345697722836,62.518838862057535,61.87462058918793,60.5976215585965,58.93979132218746,56.49366017736541,52.68451596266842,46.19281205865181,45.11736344119204,51.60444519702992,55.719462898671146,58.03993506693207,59.84725738335648,60.933575869724635,61.36860026202165,61.87588397819988,61.64189220875209,61.59039945383991,38.88628725385226,59.99489403949805,57.95859170708621,55.892121262776385,52.56777860100623,50.97288552776913,51.126083525593145,53.57486988071876,56.5312371560381,58.23185255491245,59.67138292019851,60.50683230943874,61.04274350508443,61.0954783812807,61.00392948620115,60.205439959884075,59.329808219231985,57.69761964242158,55.8012289946211,51.843535147917336,46.86135559106637,36.88864568054792,47.012656868909524,51.92082155078119,54.867562546172685,56.664973885179926,57.700651526315234,19.084850188786497,16.989700043360187,15.314789170422552,17.853298350107668
18.633228601204557,21.73186268412274,21.702617153949575,12.30448921378274,49.68450258491678,53.18947726467386,55.6851735317148,57.28227940155975,58.56468477244719,59.44869909877524,60.08458790155436,60.36071699103199,60.414874299824895,59.97552817489996,59.599153056314194,58.72446482678177,57.401494380371226,55.696652925069074,53.07419013342613,49.58353612776128,43.51989455435632,38.636796678758984,46.22628426129325,51.20590381442852,53.564561120950785,55.1375281119182,56.64363637103453,56.79457878250637,56.97168293059873,57.14132689550742,15.314789170422552,55.22058022291981,52.24698772471699,49.640992747289296,48.47924147343902,44.37401719156305,48.17922177315222,52.15460426096098,54.06105668659937,55.956659382796275,57.06295227586657,57.64209020916433,57.65489734629434,57.536642421601066,57.07469680650241,56.338722626583326,54.928860509202735,53.5581535511577,50.16130405079764,47.700046793901706,47.634279935629365,49.60090067904919,52.89055789774825,54.418898569569436,55.3356871319458,56.145471094955475,56.61973505565725,18.129133566428553,15.051499783199061,15.563025007672874,10.0,11.139433523068368,15.051499783199061,10.0,15.314789170422552,-inf,6.020599913279624,16.532125137753436,47.65295929698056,48.998205024270966,49.83991428006162,50.316548312275664,50.510482792620415,49.79097457744342,49.008803307388796,48.13187209879112,46.59773629247788,48.30177915464808,44.46164222025476,45.80810972660946,49.40362063801737,50.18754574114343,50.85793454778903,51.88492565093906,52.812015953504655,53.63049477024521,54.05260961594783,54.63810898078431,55.40340738766809,55.81418263691435,55.53267542385669,56.08707842959471,56.04098554896346,54.630683903080154,9.542425094393248,52.6651391990912,52.83855053281543,50.802367456159594,45.964321423490816,44.42479769064448,38.276277047674334,41.304945885234694,46.24343986126047,50.05013113795492,51.63235938370094,52.86905352972375,54.14185893345503,54.65871900938157,54.813680897197216,53.64290152747664,52.92699003043929,53.277450293346284,50.68883142393649,49.46786209267823,49.03187692258942,49.61867025499326,49.70407319863821,50.68371418032643,51.594980133951644,52.59230620510071,52.78124561498471,47.83596321550007,51.43530023937294,53.86457941957788,56.260373849465175,57.97475287537334,59.15991507819477,59.97170057119659,60.365702137426425,60.60868880929398,60.64843067613407,59.940693537280495,59.06563982883384,58.14729581557537,56.175674907202556,53.254992436016416,47.514715677497996,39.52162574214463,47.287189229028556,52.326556526481525,55.772722992813726,57.891469061190726,59.442694206930476,60.27602362922441,61.08611359535074,61.20428154882558,60.800796676172965,12.30448921378274,59.38319543342156,58.39229718329318,56.62237310612598,54.02840628629403,53.267658453640536,54.19428660933873,56.27215261408239,58.56707144913105,60.37602570648478,61.578367983736655,62.50763885912005,63.07905322649367,63.37979105044195,63.32113930814554,62.84943237227289,62.13406180779542,61.10756999282863,59.16480268630046,56.727783352607204,52.81253869191734,45.86587304671755,44.81872410310664,52.34732352809139,56.20648157929458,58.72233797595064,60.37179397768975,16.127838567197355,18.06179973983887,19.86771734266245,16.989700043360187,18.325089127062363,22.30448921378274,11.139433523068368,20.969100130080562,16.532125137753436,16.901960800285135,16.020599913279625,53.8203326073817,56.387387797893695,58.62537445656626,60.43343805374288,61.71794590135784,62.41479239433759,63.01680082004679,63.25234799949857,63.23008785852757,62.93672307257453,62.11741090737416,61.130477829206185,59.33349587583783,56.85069629391148,53.93429536653424,50.77371539532397,50.93981703914113,54.12274021161334,56.86640737289535,59.05213373437789,60.72973731103281,61.67239922982529,62.448491218062266,62.516540348052764,62.738088874716,62.38781521395868,24.232458739368077,60.84604872514398,58.28418196604082,56.718621661350625,53.20810726067628,49.87138714714046,48.81692719652417,53.10621100900753,56.01686337379288,58.29155765790115,59.68745313910481,60.72563461943717,61.17415815419542,61.53826140616262,61.35054057645164,61.15451407620245,60.264719768761026,58.87671302509587,57.33590440675244,55.117724346846124,51.486334984893496,46.71913012441587,43.117538610557546,49.42791557592494,53.469199258456214,55.903178697661275,57.30421289932376,20.5307844348342,12.30448921378274,6.020599913279624,16.532125137753436
9.030899869919436,6.989700043360188,6.989700043360188,15.314789170422552,49.041743682841634,52.250118950168975,54.807253789884875,56.80359086170485,58.10117542473031,59.34023497660008,60.194071080188834,60.49499059843746,60.81163251825793,60.422891695703676,60.389291838267994,59.697089156693636,58.42669138166882,57.14331436554667,55.210988384536,53.721937192757345,50.612299969846354,48.270136781624764,47.85785249373541,51.737513578599234,54.012023056037314,55.8618770498031,57.47668113597953,57.74149667387455,58.08178551597234,58.557674260262466,15.68201724066995,57.27828251978149,54.971730060837565,52.605769750638196,51.11010334527677,44.77931182055328,45.85979317067655,51.29087003094781,53.82573519908979,56.071890034089016,57.593905630175264,58.567156016140665,59.033765268022606,59.14906158203392,59.0607039718044,58.79239282004893,58.051670231699745,56.514146789257694,54.98427728555499,52.21205517674004,48.31703444104363,44.675341138495924,46.44596128050105,49.869597386006134,52.07154844120497,53.77382755941038,55.16180919026504,13.979400086720377,15.051499783199061,13.010299956639813,13.010299956639813,13.010299956639813,14.14973347970818,0.0,10.0,9.542425094393248,10.0,18.06179973983887,46.57782257811539,48.81664204489744,50.41649237923495,51.49594722711277,52.03264122630752,52.72540096079575,52.39249413476724,51.744959193753,50.82009408027409,51.01956611707508,47.54264221240148,45.46592012319944,46.54773166417917,45.06369717095504,44.061994236633126,45.17947671995249,48.31415414327542,50.08029252933316,51.05258050483448,52.17370749689604,53.08350948586725,54.17405256843686,54.41608739356879,55.1140738074652,55.21851728329017,54.508677681088315,14.62397997898956,53.27064536247719,53.344718463773624,52.14430542058934,48.52778773276623,47.6696280340645,44.0017520633539,31.13943352306837,34.95544337546448,45.1061202578917,47.977521286507105,49.84009451702538,51.32771829309619,52.02828753294429,52.80296032723492,51.94869402412219,51.295932283679335,51.50820888676027,48.94758994371892,46.8998331225326,45.00305100010565,45.77123987423199,45.55783450085776,47.09354775834396,48.93900403553743,50.820273858014964,50.955528960194016,50.49729568350755,53.69618413956875,55.782264914599374,57.66377150208514,58.84143716693356,59.735536230302074,60.169974250009155,60.233993950873035,60.04082230990825,59.700212658283654,58.577382515298666,57.05749139178977,55.43035679115535,52.09563266804433,46.01929683436231,36.54850090561394,47.872974949512695,52.8425246731943,55.75138175431288,57.80065160897359,59.18283077166225,60.00702987794189,60.354785685515495,60.67972373959955,60.40736009463729,59.57180444090891,13.010299956639813,56.939247100815145,55.328995440863025,53.22080712005082,52.00842293457874,54.07513271584969,56.529817938761354,58.74069361053031,60.41189308765781,61.70155182804831,62.51968256140698,63.006530816908466,63.314121111335176,63.21624110447992,62.83071580028494,61.99214440239117,60.80877828840143,59.32661444864035,56.646466756874226,52.703433800517196,45.227049927347494,43.33809874855226,51.34065490394307,55.45352894383071,58.176512945182424,59.91318685763218,61.08761494156223,14.14973347970818,22.576785748691847,19.54242509439325,16.532125137753436,18.633228601204557,19.294189257142925,9.030899869919436,22.04119982655925,6.989700043360188,16.127838567197355,13.010299956639813,56.48071035835521,58.55829168807009,60.30134012287374,61.576628353390255,62.360283552240936,62.85742913355562,63.07205840823065,63.01968143473979,62.632766506811066,61.80470534909192,60.932931289799114,59.301933228006675,56.759294938263736,53.24556118659735,49.082973202140835,49.860996250551295,53.339004776612036,56.332835885872186,58.761485327506726,60.3381042708894,61.43659826335109,62.328645322505835,62.48395087718435,62.57395351328468,62.53314011832023,62.389233449312876,37.197454925295766,60.736102213825404,58.79023586687268,57.52875509634628,55.307694159316,52.85019170655501,53.40707784401039,54.6166656953418,56.68223724948775,58.351024493890044,59.23820967035684,60.27889591364922,60.46233650481332,60.544115625869,60.35316446599447,59.963995816949414,59.093420383613086,57.27983459162614,55.96580603117794,53.722213675498686,50.324737032205604,48.958919491554774,50.868863604124044,53.65062842179854,55.97363855191075,57.65322769386021,58.583236069096316,11.139433523068368,17.853298350107668,18.633228601204557,13.979400086720377
14.14973347970818,10.0,20.043213737826427,13.010299956639813,51.574507236317324,54.01174717885469,56.16157159681621,57.432502079875825,58.17036226050029,58.69224677060653,59.063312700004076,59.15144882828571,58.995277746420875,58.05936293571813,57.995955364223605,57.02500328164861,54.75662473297551,52.693354542947915,50.37027879755775,49.496046609729746,48.40933728345832,49.33649232283099,52.08575708947575,54.082009449140955,55.628279662199915,56.61793761618136,57.50299296912377,57.72364253760262,57.69262828595459,58.196768356375046,23.873898263387293,56.93067093924228,54.47959185672302,52.724264650060846,52.11739757173328,48.77060201255311,49.561876466202264,51.53720375968656,53.50467049147798,54.60676882442361,55.83113721029375,56.809199215804576,57.0873779396688,57.05043934900917,56.526340344694,56.28832195069134,55.28209432477408,52.10377385082539,50.8914885158235,46.618978329705115,37.17087724927019,39.0853863217196,49.143431571194405,52.12448635508152,53.98856271384619,54.63542128384812,55.93849619311909,17.853298350107668,0.0,19.030899869919434,23.180633349627616,17.634279935629372,16.020599913279625,6.020599913279624,6.020599913279624,10.0,19.49390006644913,12.30448921378274,48.824619221790485,50.019499410842684,50.22910652725224,51.369392443499926,52.23332368307153,53.103533890449945,53.16827597595611,52.92668012525668,52.89557739291868,53.46654137348612,51.730026017124835,51.37107139049874,52.28656958108935,51.347283944280534,50.56237658980227,50.53454925025864,51.111616595775885,51.849241276006055,51.696656187904125,53.08148059630204,53.88344579942691,55.01051042055127,55.50699093264708,56.118507106822605,56.455892735741465,56.04209847764149,15.314789170422552,55.21364328815079,54.86947357074111,53.699909563244546,51.57205850555379,49.73723444890207,46.38858499846704,41.6699223083011,40.81815200632279,46.93111115462141,49.18166688041594,51.32301323437008,53.00615046263873,54.04700330116283,54.63649656222944,54.11788004543869,53.90546539888802,53.87967907442332,52.246677066877425,50.99224703360698,49.092671166361505,48.06973193751885,44.84371029328407,45.52388328377223,47.61514385682483,50.025504906552854,50.26753828467797,49.196689586421094,52.52865161941247,54.97443858019367,57.14197271337401,58.45560007637951,59.574755901562774,60.1599354711222,60.40934855464181,60.371574708018,60.05428058458163,59.253559313663935,58.02807920361629,56.55366091486719,53.93387407078137,49.35008195495001,37.30862992046494,43.49044286602036,50.69438681490964,54.634823791911764,56.97617243862729,58.616640227440215,59.62333813948946,60.21030442323838,60.493610836260075,60.40205044000331,59.68248459637881,17.24275869600789,56.972929997351315,54.94769409143178,52.012796577269455,49.23622177298423,51.460690917129774,54.88918582928967,57.770409336982176,59.78230291265362,61.38846252490055,62.296554818643976,62.96709056175604,63.30821494009694,63.37347428543815,63.130757040869554,62.299627504727596,61.36305728813489,60.04510530179327,57.6757511046644,54.369271592552344,48.748353715241336,34.153072922255674,47.06521494899444,53.358188269151654,56.737809485767066,58.93403307355382,60.287411961172346,11.139433523068368,18.633228601204557,17.16003343634799,15.314789170422552,3.0102999566398125,18.692317197309762,14.62397997898956,-inf,14.62397997898956,20.253058652647702,12.041199826559248,54.90958032714937,57.799786753300566,60.01278849688706,61.52957315242389,62.3460661345786,63.028253445010776,63.37917873643099,63.3543382827267,63.13471748055983,62.31384201372833,61.62345113099927,60.13656130284537,57.61898533824958,54.30246029378327,48.491736330988275,39.77266212427293,48.42059784214834,53.90546539888802,57.63404780651313,59.383205444808866,60.68397018576036,61.5044234520747,62.12991769626734,62.268330986765086,61.66376822907342,61.66583140899842,33.64363354615731,59.8421081564096,57.01049630729139,54.04869621372399,53.14130668652575,50.77389710317436,52.85079997948689,55.61106156089668,58.002013911267184,59.072893326827185,60.28642815924208,61.05589542706731,61.05445461553958,61.086194762470484,60.560067624162464,60.016264236298,58.999134774388466,56.339983754105916,54.44072914794361,50.2229637179785,41.6867422956708,41.737688231366505,51.076338783998295,54.27177644001561,56.613431288181445,57.70734220895042,58.70386345847962,20.0,11.139433523068368,23.26335860928751,18.692317197309762
14.62397997898956,15.314789170422552,6.989700043360188,16.989700043360187,48.38760964075601,52.348031758513244,55.573543899850826,57.110518276792305,58.4178041938841,59.205120337631804,59.813695890701695,59.91879684277337,60.07755457010134,59.28006964147247,59.23560036840415,58.18237773847622,55.772757477917914,53.605650150028254,50.3200596544578,47.25233538494038,37.1281800020785,40.85219201044942,49.83689419843416,52.80965148097093,54.98189210126816,56.18835391694912,57.304851101384465,57.45356679051092,57.45662565858631,57.78412472320534,16.989700043360187,56.2187495437319,53.701002489147676,51.24155214442987,50.0139185255679,46.07283416186099,47.67126169717719,50.57856208741888,53.195016390564945,54.42644362133075,55.904583990134356,56.86336806675492,57.00524598623515,57.02942082126099,56.60550547757731,56.641011208914385,55.63561766491944,52.66629108343623,51.61095359446023,48.988348380682744,44.40310728382506,45.18842826286565,49.53894934805404,52.305919595320276,54.0024433123815,54.238698262505864,55.50831053472806,12.552725051033061,9.030899869919436,9.542425094393248,0.0,16.127838567197355,11.139433523068368,16.532125137753436,14.14973347970818,6.020599913279624,6.020599913279624,16.532125137753436,47.359181165312975,48.622864567943864,47.89982389752443,49.64730921053629,50.50151527340931,51.475959491418955,51.55900556938466,51.63566845319367,51.25734936692226,51.392807327185245,50.28636310663134,49.92871501114901,49.54999452005193,48.73308973962765,47.71161060438499,50.08463901135791,50.55699345948317,51.47676324241098,50.61286571036731,52.53737701864096,53.27704188961838,54.156626607231146,55.33238074060297,55.40051537530617,55.88720899202846,55.92542033112271,15.051499783199061,55.245272345756675,54.28902233412578,53.036668280290925,51.953709852499955,49.20712773168609,46.16790486329716,43.78125245619373,44.084095784684294,48.25088418300215,50.315902239016594,51.87264016427019,52.857057988311965,53.95745629992169,54.447893316980085,54.76901156419218,54.49459885351249,53.702909819487274,53.06639441024262,51.78530919360874,50.451742759413634,49.33740299496935,46.7137651517521,46.99013431612882,48.65725643001256,50.681338917757024,51.45594145858101,52.65308487317996,55.10075611353949,56.879211651164134,58.35778055583379,59.31804049475842,60.068616476246525,60.31499353585331,60.34130918592042,59.93044968816334,59.21709879944788,57.92555569717585,56.12499883603407,53.5279396015554,49.234771690630964,39.19391926773859,45.33009022495485,51.62313434870306,55.129844039304515,57.36320792970078,59.01552580859375,60.12395537729563,60.85253820444783,61.17017275142422,61.143013306411234,60.74809494802463,60.00872055785865,23.443922736851107,57.19776128047365,55.05813128016199,52.9130223575985,53.140569192407234,54.866089775822324,57.32356762791281,59.476660024049366,60.923338872899066,62.19457205310337,62.928548075675515,63.30071479382739,63.38646505671847,63.23053372722454,62.656195831538845,61.800948940035205,60.36895856500985,58.70502810144657,55.512706314751654,50.828320275478404,43.70883016777606,47.91269480910269,53.59471204977264,57.03155478584476,59.256193930983876,60.831584878931615,61.76499014859674,13.979400086720377,23.26335860928751,16.127838567197355,25.68201724066995,19.294189257142925,17.634279935629372,11.139433523068368,19.030899869919434,14.62397997898956,14.14973347970818,22.14843848047698,55.58095086383011,58.07692617253049,60.09279608917302,61.29572926229563,62.254958848550466,62.79376709179276,63.14727577776328,63.101801382829656,62.891986255761765,62.118005635320976,61.40182357213582,60.15515670996766,57.744184171447884,55.37623933418619,51.51041783463082,49.568788621756845,50.87060543881668,54.51863159220612,56.98261526764305,59.02666343312217,60.18377986010499,61.08015381488087,61.43455120287416,61.67374350621031,61.79684184843075,61.502994997810816,32.43781916093795,59.56455143120705,56.42710781447978,54.307521043598584,51.65570740632901,48.4550732475041,50.82645368539793,53.89353942565818,56.75251187846068,58.19813640774793,60.037671873820116,60.89068907951302,61.142148685021866,61.340434824785206,61.07987271473103,61.177050419436426,60.29363077174514,58.56524077381634,57.324355787596055,54.696600454631074,51.031774752438125,41.96728722623287,41.842370290163714,49.84711793055624,53.4145035279018,55.467215263565606,57.00213778189738,15.563025007672874,19.294189257142925,19.294189257142925,15.314789170422552
20.043213737826427,6.020599913279624,16.532125137753436,14.62397997898956,49.796667197576966,53.08899342038647,55.496309403528755,57.14129334390316,58.38920208503068,59.42726154333996,60.14433167056573,60.34837332910787,60.46474873372779,59.93909507827357,59.89790089328312,59.03882393942957,57.226084234349884,55.61409098719865,53.212855926548634,51.12782570225093,46.21934077126528,42.47580506233837,47.04913723482905,51.50477051087126,53.93640123248743,55.44873843234801,56.978445933060236,57.08757326770642,57.30733838636552,57.8661870077596,18.129133566428553,56.473399297900556,53.46482069837435,51.04521252618328,50.717642165590235,45.84794676832955,48.16936939827785,51.7876118452551,53.607164525484464,55.112535115438845,56.52251177217842,57.18735796014032,57.10466015237017,57.017104240995366,56.5036289943457,56.268841782393565,54.9580234004414,52.374557644943934,50.366967485740645,45.97717119436383,40.51229723493164,44.10574796542328,50.24854948305018,52.37850249900828,53.91550803690841,54.66566622625014,55.40231841426515,14.62397997898956,19.084850188786497,16.901960800285135,10.0,14.62397997898956,9.030899869919436,6.989700043360188,9.030899869919436,9.030899869919436,21.613680022349747,17.16003343634799,44.50695493727005,46.59611992382495,46.620207942429026,48.26599528162504,48.91135870226182,49.61083969720243,49.430788188840054,49.47654244351499,49.11887036864897,50.95378599560064,48.658912710490455,48.56330050333622,49.91478602112525,48.92634351310466,48.13247300897605,48.66151416141621,49.19020531461701,50.31650793551264,50.07171464987095,51.45833235818536,52.57472175966978,53.48890667959523,54.083078185237525,54.51007690742932,54.55444838455284,53.74867439980343,15.68201724066995,51.711352940167785,51.05523809481177,48.53582627837066,41.150443952584126,34.772659954248525,37.64997599284881,46.137678481464164,49.44408638371786,52.33955070260251,53.70287279192028,54.661258704181996,55.34057851568514,55.57912434507671,55.481805134080275,54.536240735914504,53.668523695122644,52.6482018329922,49.862744735370875,47.6748981033693,45.81426233724123,46.267611108717105,46.78062904974345,49.05039928076212,50.2530586526477,52.33716796495883,52.26697835947406,46.80235768364048,50.73131564940993,53.64290152747664,56.00792174170653,57.69309369922397,59.10957200881362,59.9432815289714,60.391768780421316,60.598647069234374,60.612643194555204,60.040207035457875,59.270504278921436,58.321133969488756,56.54807783968603,54.088316276265104,50.00455769968617,44.833447660034615,45.96113054915637,50.93831269819062,54.6186603588651,56.94613095125093,58.469800352404164,59.41174400680924,60.098064297621875,60.275029090951726,59.90094550948234,14.62397997898956,58.161783061474154,56.928689417656045,54.81312177236025,52.12810623011421,51.76267836243394,54.19350948168373,57.07701296204746,59.28730150797058,61.02236410220172,62.243032944983995,63.12665134593938,63.64758431636414,63.89011838119494,63.759957450644514,63.31731904448293,62.53466432805908,61.460898781296684,59.520214552816164,56.9207278032576,52.513778090030115,44.59588479232008,44.39664210326249,52.484269529180345,56.7800183513977,59.27809568864201,60.937329347271586,18.692317197309762,20.644579892269185,20.170333392987803,11.139433523068368,21.613680022349747,20.644579892269185,18.633228601204557,24.60897842756548,19.294189257142925,13.979400086720377,9.542425094393248,55.09656747669129,57.434917340778206,59.71306007029975,61.25704048789298,62.45590883128927,63.233399817541795,63.64657914310357,63.75864714311806,63.485028795523554,63.00844295076638,62.2009579157643,60.8000164915192,58.657581820676576,55.786048317355196,52.12262200730183,50.73120555139062,53.670743771392054,56.83220000764213,59.057440856393484,60.929286212330844,62.06875776568148,62.89364390109227,63.76721636956408,63.899913456037005,63.6113925156608,63.46240473697279,32.065560440990296,62.04374241918863,59.51517223175433,56.87604755485268,54.77196525906544,50.6169368680342,51.60918499539781,53.700317127095815,56.321940036153364,58.437938206130184,59.874955518600004,60.73699658788979,61.16913767269708,61.21678331656852,61.12280835239897,60.903501234796465,60.2291642037406,58.405257514737066,57.273476519210426,55.27745869076188,52.65803307819348,49.917929473434185,50.37306950897091,52.648272640913056,54.947124153902394,56.67438943164573,57.87628350375191,17.24275869600789,18.573324964312683,21.64352855784437,23.521825181113627
16.020599913279625,18.129133566428553,14.14973347970818,22.50420002308894,48.47603502825368,52.280537088387284,55.100152232481264,56.950059686637324,58.15217679208969,59.015024569865425,59.5485828829655,59.73555007716047,59.77268500590295,59.46924622624799,58.868966289703586,57.88188882936862,56.795414524976934,54.876953862856446,52.39669785665982,47.60520490215653,45.86587304671755,48.466957827841235,52.83201691479037,54.92638881291279,56.84710745386093,58.26057300928756,58.70792372373549,59.486877363826906,59.564421803029965,59.051285505603275,16.532125137753436,57.46984295274074,56.52197008538782,54.52395248556671,50.41242630235316,48.538988897449606,47.3862995582079,48.547310172139426,52.56679268571428,54.68709091767438,56.14248452317402,57.19571574314456,57.77957946325853,57.90575769572423,57.70655430502771,56.61896886979628,55.552456390000046,53.879625748261674,50.90526096765652,46.05789719802564,35.959369062691735,42.163242786866675,47.967199986212705,51.538819081419966,53.88562971398075,55.2786309434049,56.24292411496573,19.030899869919434,6.020599913279624,18.129133566428553,15.68201724066995,6.989700043360188,21.072099696478684,14.14973347970818,13.979400086720377,14.62397997898956,12.552725051033061,11.139433523068368,47.2943209021323,48.5079934446789,49.73575777473859,51.00649644726378,51.68429711796581,52.09568627835941,52.3301896739497,52.40252129179445,52.44140995786811,51.60831541991271,52.49775402019517,52.30392714926002,50.55810117330907,50.633558801213994,50.9181111240336,52.30985071713554,52.301729289711325,52.039299372446266,51.2205852044681,51.824660114257,51.766757155122306,51.84356355517929,52.39512193774311,52.82570003476113,53.14913746583655,53.890756707963575,21.367205671564065,54.11097565508278,52.68339231505532,52.020739867253276,51.58883935494841,48.8350812769239,45.549129505683354,42.00686375969617,36.06381365110605,39.64919294286643,45.6637856085881,49.39004783284851,51.703849436420455,53.17248268445319,54.04919199246314,54.924167275526116,55.22772764496572,54.398913897525105,54.8006733732797,53.788374243425324,52.56053532456802,50.24571861263604,46.85069629391148,43.27358934386331,42.41172786770047,43.84317564991264,45.578078557646045,51.8077081387463,54.7437945818255,56.537063634934924,58.08089380466097,58.91680712197154,59.636447698429265,59.993311059462506,59.93616965207799,59.612050797095016,58.59485353898321,57.88137955315973,56.32224391213061,53.82049478295849,50.79141433895366,47.06487348895934,45.88338947233954,49.52084988723641,52.637070646074314,55.08095881195523,56.45210966112556,57.47337994859592,57.897759597808516,58.04943189663602,57.8010695608181,56.99223558282902,56.000761701525406,6.989700043360188,51.08581935182454,46.8080672560157,47.63884511529102,51.944421847284836,55.43349002278439,57.92909731883789,59.76374284138924,61.02313623466469,62.07220607846501,62.54191456405262,63.04671876786951,63.01441945687923,62.86238144849775,62.34757395133235,61.56775930721918,60.52897385657705,58.69828171436148,56.484780839904076,52.96366784486504,46.39187559935755,34.831592097169796,48.23089323301943,53.393162622625255,56.20177711918963,57.946365039863615,59.18546672316057,18.129133566428553,3.0102999566398125,17.24275869600789,11.139433523068368,10.0,16.532125137753436,9.030899869919436,18.325089127062363,17.16003343634799,9.030899869919436,11.139433523068368,57.29104016623393,59.21724962151477,60.61300524836521,61.77567087035499,62.35068912208074,62.865552638721915,62.97885639894364,62.82720424026958,62.43617878873739,61.486674240110666,60.47094490608184,58.83207601651524,56.35220275350768,52.59012997962583,45.94635598856799,42.080380493531806,51.24442271503,55.63492951201761,58.52050977000686,60.00941397977936,61.52108778490734,62.126501613706154,62.68534914692112,63.28323528935013,62.620417582626956,61.44838750900035,34.79431337197737,59.700217311602515,58.73950946706274,57.1739502968969,53.222689255530014,53.28047128787603,54.255994249848214,55.92391074928006,57.82734125431473,59.26462838596692,60.209265748610285,61.025012802129446,61.4563762655143,61.473241092742484,61.02674113403833,60.07884699959356,59.026206954884366,57.129946435532695,54.7169647264199,50.26753828467797,40.9314140475115,44.925508717041744,51.305042358316875,54.66786089846725,57.2531447519503,58.50682986334541,59.56015631867345,13.979400086720377,12.30448921378274,12.30448921378274,16.901960800285135
18.129133566428553,21.702617153949575,18.573324964312683,16.901960800285135,52.11579699746459,54.602752586000776,55.94067536735111,57.63105147867131,58.515549133880555,59.201316780273785,59.48261327496291,59.59356260962807,59.45494681408459,59.365217848948326,58.14786798490221,57.152158890094846,56.392573285194075,54.135763500796735,50.769534015066625,41.94486590549705,38.68115205327217,47.8193479811377,51.367078868404334,54.47313108823568,56.32049126836455,57.87534857904359,58.32269346009767,59.123049738785966,59.160499984814564,58.55534903857206,13.979400086720377,56.89592967062056,56.14248452317402,54.26141872679366,50.93064295916222,49.91669007379948,49.46137729796063,50.932850710581306,53.31164007951355,55.00019547939446,56.070731051234546,56.535877750545716,56.98731076659836,56.71007056891979,56.22956560006514,54.16182676129948,52.20155177659785,50.35193513818808,46.97865493028046,47.275575224348955,50.19319883193299,52.5672015070218,53.85395330406871,55.517158609530625,56.94129407878799,58.11624598396477,58.61707616205181,12.552725051033061,9.542425094393248,20.170333392987803,15.314789170422552,6.989700043360188,16.127838567197355,13.010299956639813,9.030899869919436,10.0,14.62397997898956,16.127838567197355,45.162047347615164,47.58987546867619,50.42185535464146,51.41167468646232,51.83309711510189,52.020739867253276,52.364591620715466,52.49584768693505,52.28836487527934,51.212872988071965,51.83796373420462,51.770745459100766,52.10652875437407,52.972131959896416,53.704686771549454,53.45822498330173,54.16109378326511,54.6905580443861,55.904249437930986,56.175894908435744,56.39535294850923,56.403790625902765,56.30758301299398,55.902676697270635,55.49254687449999,55.513731356875,15.563025007672874,53.50838954582554,50.919411622655765,49.05007500697232,47.19894509871709,44.65263850356592,45.070593848021154,46.70709595223797,49.465505105698554,51.08903127667314,52.69496599494367,53.94521722674913,54.64289791616398,55.114622252822855,55.228848253605236,55.31066141184856,54.84324045249881,54.038288902768926,53.040788731838674,51.59741597821957,50.208127473229524,48.88095211261547,49.97438811150117,50.38747292685552,50.605845313608654,51.05523809481177,51.386342146622674,43.174783139230186,49.21842481405858,53.32135358019922,56.20973633010053,58.14062381602223,59.49187451315151,60.543080988300986,61.21268575557474,61.52609358956373,61.440745594779955,61.13195053354923,60.36044919705528,59.239420599283726,57.46111641678662,55.00195294509041,51.0615688696684,45.486227810298686,47.201675756030205,52.75341304852634,55.9742860523872,58.12783048751123,59.66800890367115,60.49151710146725,61.121449956326245,61.22407253442628,61.156467845644784,23.521825181113627,59.28596564639154,57.425342511008175,54.731656923135475,50.93876755390045,47.78158488564691,51.656893760176175,55.744109646046525,58.65784211565564,60.46326954834989,61.81560632934889,62.879425170199006,63.56591984061925,63.86228673596864,63.80450942295561,63.37493204820201,62.74573464196471,61.535740308155894,59.98721293602391,57.75678153351876,54.29332312828332,48.72319466854587,43.4966598409663,50.67509766563843,54.88168425550383,57.407683678953,59.376633011589206,9.030899869919436,25.670263661590603,17.634279935629372,16.989700043360187,16.989700043360187,20.644579892269185,14.62397997898956,21.13943352306837,18.129133566428553,23.521825181113627,12.041199826559248,53.06570840229284,56.615552495594194,58.71354565956138,60.38580823339457,61.58097008783699,62.519167121917945,63.095315884224554,63.17316039956055,63.012648854467315,62.516472225374514,61.78881449530785,60.58055729295817,59.080751947285,56.781476593203436,53.8314186703661,48.97583109875456,47.628060580718824,51.22651592958951,54.443977120288345,56.89933651436704,58.5106562601785,59.8990389850496,60.06282016440797,60.51436940435447,60.91428117881735,59.541981126230766,37.518946880437475,58.026506007431955,56.128876512892354,53.48339916793429,51.68120184715002,50.48694226970416,50.75492214940131,54.09436019573036,56.689680029343606,58.598375308728905,59.66423345943693,60.56769589449361,61.04514424571855,61.213789325441546,61.26512262974807,60.50282676921414,59.751017111992596,58.826406378666036,56.56792709314341,53.906419476766885,50.189832803830484,42.524160905442734,35.491259267581114,45.91654401424626,51.07623709434372,54.16369196554061,55.7312467336352,-inf,21.13943352306837,22.87801729930226,15.563025007672874
13.979400086720377,15.563025007672874,17.24275869600789,10.0,47.130619173621994,51.45882900336615,54.26592582305156,56.2928928490617,58.137337319603006,58.95878150420607,59.66440236930418,59.9826500688898,60.308687959385594,60.61561792932601,59.89998124158867,59.47748299866781,59.10915615326,58.036277953448156,56.44837248309349,53.38651683034242,49.767029577494796,44.08850262912029,35.06234359612126,43.205824394735515,49.532763366673045,52.273544320739404,53.906613800270705,55.541461924314966,55.912928300469595,55.1572684722919,10.0,53.69252975010431,53.38631769764124,51.17844451215446,46.03588187510517,46.85652184115525,47.71219901949533,50.26537350058942,53.40094952469247,55.38727016726659,56.56031087304645,57.23168236542887,58.04998308314728,58.170289458315864,57.982893886952326,56.973383387401874,56.12963892719542,55.58738562210392,53.48789522228201,51.80934046413014,50.9847066565063,50.26851820942929,50.75875295259833,52.194404359898584,53.71365298317344,55.59898250130643,56.057832610436904,16.532125137753436,10.0,17.24275869600789,22.04119982655925,0.0,12.30448921378274,19.030899869919434,16.989700043360187,9.542425094393248,16.532125137753436,16.020599913279625,43.591712057167,45.04946355053582,48.90979596989689,49.662356240985815,50.216192445236835,50.096633166793794,50.549384619896294,50.366288953621606,50.03482073960254,48.08541802244968,48.629955286238584,47.522789854601186,47.430156109169346,48.631443462526676,50.28233607972786,49.42231347056604,50.817828242881035,52.48024789769349,54.99048915749492,55.54940785187226,56.41150748139473,56.63621784260563,56.81380551174804,56.81191471614984,56.46683035771598,56.23563523171417,20.0,54.495863808375674,52.532240850253615,50.41554528396205,47.934061923539744,42.3578087032756,41.19552797667117,44.102878494014604,48.86248129341082,50.69686592875564,52.68975581097807,54.02166773352306,54.936002365043024,55.31348609150523,55.38258202791533,55.25055178124519,54.530934885792604,53.83443723715082,52.72788125941824,51.152842523031325,49.58587771150353,48.86473804278622,50.392792488081035,50.824765884599465,52.04038544805531,50.896296178217106,52.090268291790665,50.402264217672766,53.24208351339125,55.83282676546601,57.5757593521745,58.91622747186425,59.685660636300355,60.31499757495471,60.60435296085569,60.56942945672877,60.27578724321931,59.48452089645292,58.321287386841696,56.53726607064283,54.11623072574072,50.120818233432104,44.51003078627362,47.35678725905905,52.13623993416087,55.675086476987985,58.00302514067853,59.59251330111692,60.626165760040365,61.382562656559614,61.62184905140287,61.57779724433743,61.17012631087,22.50420002308894,59.07693453054031,57.249914559250065,54.901509880272805,52.829504847920546,53.33503698884542,55.977500176258445,58.32203521883721,60.463597432367735,61.826114955927366,62.881313552052454,63.51904866948058,64.03227794112489,64.01599891337135,63.72713212548297,63.1524171435515,62.07814186767997,60.671516042387424,58.498056228271395,55.300472199838154,49.41839265799989,42.63043983313166,51.15307564673961,56.10499401803131,58.927294333586715,60.79391104335543,62.10492149388596,12.041199826559248,17.634279935629372,18.573324964312683,23.838153659804313,16.532125137753436,18.692317197309762,18.325089127062363,20.644579892269185,13.979400086720377,23.69215857410143,21.335389083702175,55.17059912128481,57.66674534792577,59.676158294307655,61.24915175493555,62.36675538585861,63.03498445792314,63.43021199782833,63.49520353575429,63.18399156927872,62.6103650073789,61.400002313695055,59.964705172997355,57.991157611285686,54.8808938618732,52.115743634828505,51.032630812115315,54.253939976929004,57.39265302861631,59.585686609127606,61.235462213121956,62.119661376912575,62.92477593667784,63.35652236580492,63.42181975505441,62.94762855990776,62.72029682667519,34.153072922255674,60.121029417880216,59.41998126177849,57.126101419948185,52.74040019352107,50.410846216538104,50.39255443806486,53.1044901936741,55.91270569665252,58.21419846942665,59.50846109203525,60.209629933731904,60.88754296547524,61.23105188869977,61.04227549638254,60.19803967399974,59.26324436409959,58.56516825593526,56.44154875930455,54.46874096081164,52.05282876426814,51.37638905022756,51.715187615194026,53.40723639121399,54.85376408558931,56.33028888785323,57.14032023460861,22.87801729930226,21.613680022349747,20.253058652647702,6.989700043360188
12.30448921378274,6.989700043360188,3.0102999566398125,22.671717284030137,50.012013326362506,53.04257807674017,55.822963641899676,57.190469133526335,58.55103439310695,59.08954982111883,59.4799509872298,59.75562307030955,59.56439779738738,59.62723446741908,58.853759224604175,58.05781461730589,57.33599262981802,56.05133665376123,54.5823584621936,52.78087934777014,51.858508389850684,52.01989436592776,53.85236161376873,54.985930979519935,56.164229962656826,57.185216177935075,57.728642358152136,58.14194304795979,58.28686314238881,57.651206854133605,24.424797690644485,56.243749279641115,55.98722677139308,54.360608224790155,50.9990152965462,50.43794392325779,49.280372064068835,49.0659360173448,52.11795763339609,53.696851614599346,55.41745192599485,56.409671378169406,57.07816206602288,57.4365084832032,57.31866656958609,57.03312877313334,56.190484372903356,55.51456097571641,53.218261837685034,51.24412922103229,47.499294641076695,39.532763366673045,32.85557309007774,42.249213455840305,47.174791050267416,50.34038570611685,51.97390841133298,-inf,18.633228601204557,6.989700043360188,9.542425094393248,15.68201724066995,15.314789170422552,12.552725051033061,16.532125137753436,6.989700043360188,12.552725051033061,14.14973347970818,45.58768551816584,44.307521043598584,45.683542872200306,46.85177236787433,48.4868165402395,48.91258616904139,49.91093108048887,50.35337666000665,50.973336777076355,50.258340721112795,51.346264750290885,50.70835496313727,47.56795801896275,46.711821026266385,45.004148777562676,46.658623002031554,45.02167558310291,44.93764667567145,46.691494542790096,48.93473245898178,50.64431781010513,51.9228861256812,52.858295015796905,53.830429993057436,54.288876744018246,54.859782371422014,20.0,54.612733676237866,53.29682569297099,51.784704545193776,51.290353801110975,47.12927359321766,42.72700056789586,34.158077276355435,38.695250628572275,43.60138813577575,48.64570406853431,51.171419826288684,52.90579920909319,53.696851614599346,54.12200060642963,54.92307704912036,54.50213685693654,53.4879535819921,53.33809874855226,51.619307227749054,49.537113804275556,45.61387637300133,42.751961417856236,44.539601320867064,47.060688423272055,48.32023253307391,49.80030656243833,52.246677066877425,54.49640361596253,56.77772062719897,57.8862152676296,59.00310857927362,59.402175555997346,59.7332047130303,59.60623443500607,59.230807388212305,58.4494228649541,57.37806266398987,55.27274071826476,52.181046731179464,47.42332282357148,37.0104963072914,42.97760511099134,50.036069956278084,54.05257545302235,56.32705245044238,57.98968137412551,58.95560658453326,59.55982470353297,60.14846767083456,59.88099449687348,59.51644428349124,58.878383292254966,11.139433523068368,56.03019806464783,54.18566428374319,52.772905384008276,53.55116139076884,55.58690574532615,57.88049525120841,59.64354872179754,61.01541216308792,62.026027334064054,62.87062576798918,63.144455430784106,63.17412449713663,62.93228156795888,62.279201105966834,61.79700264623483,60.1994211886662,58.45398219862951,55.424033714309154,50.98300999754269,38.04343918479866,45.061937441392494,52.784632123163284,56.7092182390715,58.94535923998886,60.4294114232454,61.345117871081996,6.989700043360188,18.633228601204557,3.0102999566398125,15.563025007672874,6.989700043360188,14.14973347970818,16.020599913279625,6.989700043360188,14.62397997898956,12.30448921378274,17.634279935629372,57.052220557053836,58.895375584207684,60.78511917029766,61.73769114218645,62.75766836818721,63.04726568157293,63.26332788079565,63.081384467490764,62.67149660987621,61.86710033653995,60.39414515791921,58.5215292972333,55.533015563923854,50.7560899903022,38.81099218389017,48.04391618062917,54.42674138976797,58.02924163463275,59.95756692319608,61.67779449934009,62.6259583043562,63.61765976727675,64.03395944748704,64.07577840330906,63.18391020124341,62.99687037190481,22.55272505103306,60.77984565208753,58.70827457710078,56.0164395515242,53.594958792363954,51.43005426890744,54.03924851431897,56.03880208366291,58.4090491306728,59.58605925097209,60.70762072218615,61.181145327988276,61.50617689001522,61.25539167771463,60.788220808004866,59.84268009397114,58.12010422423839,56.54662564085595,52.94906910605192,47.996850909091,42.77494609611012,49.591654587358505,53.681455069437646,56.79313402222614,58.54500975009824,59.58167151551241,60.24108677720129,22.50420002308894,15.563025007672874,20.0,15.314789170422552
12.041199826559248,17.16003343634799,6.020599913279624,17.853298350107668,52.229244665930835,54.48899468443689,56.06144803699377,57.55429666207641,58.579021341957045,59.16892233142163,59.485508617263456,59.44741691033465,59.11309452041735,58.66502955600027,57.527281821778324,55.93507589331765,53.83544296002416,50.332990789914206,43.667777196075804,40.90187487575421,47.76090709365988,52.56799499148165,54.92968409546169,57.074287944914545,58.262536692606986,59.09261764589742,59.84752727928212,59.84731136388346,59.633580408633435,59.34567629854512,21.64352855784437,57.34985344877171,55.135079207907054,52.6492402334799,51.14187156915632,47.60430023192519,49.317476426782925,52.30216383853246,53.974289778162465,55.682967889400956,56.63576554282281,57.00268339375694,56.978158545459166,56.690564117776574,55.74857378213412,54.251493146299055,52.15097994830667,49.30215253297909,41.660154563237754,34.39174739843469,45.13923088324495,49.13628443215937,52.465478177418206,54.45294327150875,55.81818861341043,56.92524382133254,57.23604242652105,13.010299956639813,10.0,9.030899869919436,9.542425094393248,20.969100130080562,18.573324964312683,12.30448921378274,16.127838567197355,20.681858617461618,6.989700043360188,19.294189257142925,46.409284208668325,48.1198364016079,49.7396329740609,50.3612165625228,51.12296596591353,51.296705611541604,51.43944880995398,51.5478902873875,51.03023341966023,52.827421672664094,51.1688987733376,51.24686772732207,53.26567286410245,53.15016788783684,52.81601443825656,51.39441424404119,51.73550456678398,52.16287329358789,52.96076959140754,53.24177470957476,53.980546472836295,54.424233227922336,54.47996340717134,55.25969452644997,55.16331729962705,54.26084890510719,17.24275869600789,52.75781106097712,52.99498582215989,51.15344195871441,46.54003174669913,44.90604521201231,40.45049012988961,41.410419409390485,46.855715692853515,50.309597982726416,52.116784087982744,53.54588587877241,54.93771633610371,55.59783377986087,55.64524037385864,54.79640082446602,54.098553827310816,54.41388743956548,51.40413757591074,49.862520609986014,47.601585089980894,47.473263390242565,46.7299324417899,48.2944529760012,49.64415212726103,51.30889952537365,51.35313967261942,45.81209852354842,50.3074540676715,53.47222648354173,55.9263080753915,57.75238244164085,59.04285364533739,59.82111962528159,60.44376673362901,60.53063069955324,60.83210483640833,60.07367497231406,59.44342490855084,58.65800774979267,56.98536362019553,54.52873112984221,50.26753828467797,45.09605704611556,46.07465746402825,50.91877899629413,54.52395248556671,56.96798322772555,58.48287669095277,59.452937488771795,60.28028452166107,60.38122802796555,59.826587583948516,21.958996524092335,58.091993363990994,57.06891806550951,54.703707939991915,50.55286569326153,50.03223501202289,52.76098591337507,55.890834986269354,58.66384822822163,60.49157915256675,61.867399814708754,62.75534780162666,63.49313474293063,63.77155569924411,63.70924613873744,63.339467784637726,62.62442783472382,61.78078668762629,59.98060895513592,57.857546661816954,54.51924528420122,49.050669490425854,42.43162115101051,49.225438153907064,54.33457797640696,57.27106745254539,59.16306526616384,16.532125137753436,21.13943352306837,22.92256071356476,20.969100130080562,0.0,3.0102999566398125,12.30448921378274,19.030899869919434,22.85557309007774,18.573324964312683,21.64352855784437,53.58218569556483,56.78566631301916,59.094752600724206,60.708539426276865,62.033824132482714,62.8441381295066,63.39975260085643,63.637189422863656,63.5027360993353,63.14856326751145,62.424184270324844,61.4672385106863,59.79605275389653,57.77056898299486,54.37446133005782,49.80916475835494,43.8284519629626,49.72406510839191,53.79198517620871,57.01072105578581,58.912033851922104,59.650176868116716,60.834657103975125,61.29179586449335,61.1214164103069,60.84294520670046,34.37750562820388,59.37528423280098,57.00991709410082,54.36712723039583,52.36784064081761,49.87889609997745,51.2852850379744,54.98019547947611,57.27049754540132,59.136279133620405,60.34312345254379,61.085572442448694,61.42545884086276,61.52141515797028,61.26025175650048,60.83399767292126,59.763279656310914,58.385619838512696,56.04087748244511,52.89383795816275,47.5285479473071,35.203525040833185,45.70040642457215,51.4680376825898,54.55869195562564,56.762362167633114,57.832745398183775,20.969100130080562,20.863598306747484,11.139433523068368,12.30448921378274
22.04119982655925,6.989700043360188,16.020599913279625,6.989700043360188,50.346805848749774,53.81396693914511,56.29324974797506,58.10547704078391,58.92998441688725,59.97153008572099,60.5175741100301,60.76409219515948,60.85670464313367,59.86487334985178,60.00774524592466,59.02968367509488,56.83983994764051,54.6776344720425,51.615416852934395,48.527543908053886,37.65295929698056,40.48014290938055,50.62363842179684,53.678253762566506,55.917878286455945,57.136459204780834,58.0478936482399,58.246262538297096,58.20554795940475,58.471480274650524,21.5836249209525,56.50588217872986,53.36075303197319,50.608564232944886,48.14207628143024,46.62427264452727,50.495009973998506,53.007019794884506,55.44357064199435,56.56329189073902,57.57885473066971,58.41104701427909,58.25052684726748,57.94934659256434,57.32558599589233,56.99959068649416,55.85235063365776,52.30492348655137,51.650216300353605,49.56254896432293,48.76477646530935,51.70393744321885,53.97707164421902,55.269657087905216,56.459613637377124,56.602068994996344,57.108524189402345,17.16003343634799,19.54242509439325,0.0,15.314789170422552,9.030899869919436,18.129133566428553,21.5836249209525,13.010299956639813,15.051499783199061,10.0,18.325089127062363,50.47948183246032,51.58401697466317,51.113700655372526,52.00248413515354,51.639153664028754,51.491975514012076,50.2566626204913,49.00847591272198,47.79148980741438,46.70431409360606,47.32554579851432,48.12057287410332,46.4069008670665,48.06302102133456,50.06936451364293,52.91797160829137,53.83441927569702,54.49940988773338,54.44535053153375,54.98069212031845,55.1908867059797,55.36247760417433,55.355181733846976,55.021265607034486,54.63123711303215,54.202479320181006,13.979400086720377,51.90401740018988,49.20358157642363,46.91903308506012,46.25240405617148,43.20000804264728,45.11682871101388,48.19866246662589,49.929818575440734,51.86065938539308,52.403944720974,53.118724813960874,53.230643123198284,53.143918515466424,52.823615033216356,52.54427221540668,51.969219448194586,49.43420313471449,50.03262296931694,49.7911568569024,49.60984206716474,50.21106568432121,51.080844634329594,51.70604907153802,52.790392270610546,52.90657766409132,53.02731264944306,44.98324340697171,47.99354336361152,50.71782623469309,53.961452749388094,56.033717491008616,57.9440578084424,59.13685133848135,59.8789854141196,60.33406061647625,60.29237635329523,60.253918962159474,59.70625776688294,58.87690426669374,57.43036800473568,55.448527875235015,52.52095387935011,48.472826213964424,45.54004321011903,49.239586170161466,53.541949051043304,56.11085733414873,57.98084796564326,59.32591454710301,60.22235308509756,60.77414784752352,60.906011899067316,13.979400086720377,60.08093199074759,58.96134183522961,57.67094243861017,55.44347143959091,53.260838150627414,52.387409202673695,54.16687095818229,56.52953790234129,58.981792287132855,60.54046647228623,61.84315447267884,62.565736786767104,63.05211383666655,63.342626999871506,63.11512495745919,62.81764912156146,61.846959724354925,60.61452479087193,58.74929797032265,55.89530735051248,51.948860387542695,45.80114905474904,47.594638672127104,53.46268846200469,57.18456845439327,59.376352259449604,22.671717284030137,20.170333392987803,15.563025007672874,24.84299839346786,14.14973347970818,16.532125137753436,6.989700043360188,19.030899869919434,17.16003343634799,20.0,14.62397997898956,51.61622514064392,54.1219165524157,57.24447914464339,59.53897349477556,60.92238022085466,62.09648231366592,62.82990099099508,63.305521572979,63.36600006322704,62.91262484126119,62.77226316387722,61.9867302911748,60.21746905956343,58.27046663757017,55.948310437164814,53.06530103379622,51.08987612539072,52.57630583877158,55.98817854421063,58.05534159588351,60.12402290863754,61.05781236174175,61.81687270946835,62.75346603538745,62.83476042283547,62.32684119041626,37.86751422145561,60.180414853464995,58.86364930761808,57.339127395314875,53.979834359489004,49.48065586929409,47.64034085149737,51.92458726731594,55.53497085249976,58.1236580056284,59.75995795187471,60.92215193917472,61.56132525537746,61.91038602262228,62.02838281669368,61.84575887439655,61.46039306456427,59.735642388421475,58.84003059287895,56.62403642876919,53.6972409276646,48.00008710838135,43.2292186958309,48.495975178653964,52.59775394196858,54.68444814150125,56.51069541395003,21.958996524092335,6.020599913279624,14.14973347970818,21.613680022349747
20.5307844348342,15.68201724066995,16.127838567197355,22.30448921378274,51.33724082710483,54.37703009726349,56.81697911174411,58.176559207644665,59.21982838837776,59.81722589852233,60.2487709515936,60.3803965526364,60.3235520353799,60.02531061404724,59.48943283204517,58.66684817254696,57.48687953337482,55.94783570849614,53.608299960638284,50.31024499444214,45.71440953685393,41.560643123398656,47.80936262669053,50.81268076044782,53.56517269295777,55.18151876929111,56.21721405071852,57.19786063426891,57.575364684594284,57.23331687483113,21.335389083702175,56.19682777504628,55.94079701490412,54.670454519877566,52.445863372491544,52.31479785017175,52.36058366738554,52.61904911837202,54.465449333576,55.15887084195267,56.30468556443432,57.21825448546845,57.715823369229184,57.65147535933388,57.30915449650073,56.645112915388545,55.631439610482055,53.7571664036555,51.83921508203647,48.569100603007854,45.3822173223912,45.4339747257542,47.832745398183775,51.3751235312213,53.75795253808893,55.17872553123938,56.185292167711125,16.532125137753436,17.24275869600789,16.989700043360187,13.010299956639813,9.542425094393248,11.139433523068368,18.633228601204557,10.0,21.613680022349747,18.129133566428553,14.62397997898956,46.20396345351284,45.637301992926105,44.85409076322577,46.828487672897154,48.06302102133456,49.326005845004815,50.10723865391773,50.58141210052719,51.04814757108323,49.92222037483843,51.173276508251064,50.75711159354416,47.996850909091,47.973645016607975,47.70734220895042,49.715587903472304,49.77339427664437,50.94209005417571,51.6170931339876,53.191477162549816,53.67886814976096,54.55958881072923,55.37563478471951,55.48838836947397,55.498881244243236,55.92382193400521,20.969100130080562,54.77656554546929,52.5988283461987,50.46733122163505,49.59084342398731,42.29963261979429,26.364878963533656,39.3049056530627,46.6698571832966,49.196689586421094,51.75233404582994,53.46425350833091,54.3155834882868,54.95635904365001,55.15090613367355,55.547422732505495,55.134160512774926,53.438121720733555,53.0896970817825,51.19166777164973,48.89525796671191,45.69327082887747,45.415917234937695,47.16178696385568,48.92150277901364,50.23877722692095,51.338485521114514,49.413623357117615,52.57678574869185,55.15569201123779,56.94423546893062,58.216425529969925,59.102710634655026,59.57075465564965,59.81555867857225,59.64725268594087,58.890752499668565,58.15739748463099,56.67191363468173,54.03635189790548,50.51110056021869,44.27940290264142,40.19863713967843,48.41290628697786,53.24292746514193,56.0919407628991,57.89936603176039,59.12711358780222,59.97082621585638,60.39114570841587,60.45465763857871,60.163144884419,59.79844176893234,24.712917110589387,57.27864011430246,55.09584211002955,52.59538931663781,51.68014010339934,52.74197118797757,55.5425650483669,57.82845842343946,59.564340183303806,60.896451631392374,61.76876043515614,62.39171800311063,62.58145010913077,62.62046984181056,62.25897249157323,61.580985176701276,60.557929305199075,59.017993021146474,56.660853426096274,53.380299584401065,47.471087059907404,43.12283165791478,50.52016391271504,54.92772956852504,57.65140823459009,59.47266049893183,60.69900349052961,16.127838567197355,0.0,13.010299956639813,13.979400086720377,6.020599913279624,9.030899869919436,13.979400086720377,24.712917110589387,-inf,10.0,0.0,54.43972928295168,57.053718603917844,59.123118829429075,60.59745503217168,61.6146413540731,62.32819817089022,62.554329231559436,62.599248485334094,62.322205455145834,61.65406080340861,60.789730967352895,59.31749167282666,57.12691782387082,54.420483961181574,51.05612359686785,48.519245712357446,51.8344352674127,55.54883903846501,58.04049427920739,59.72582795543211,61.03865270142923,61.45224384098703,61.525775738123144,62.0111214458598,61.81346150279051,61.369782143757845,34.360035356698965,58.951848898969786,58.27692288674446,55.39915007705217,52.49687427805301,50.61335595921314,50.73604722580332,54.473270630811314,56.675836885381905,58.67676040553381,59.88418479580703,60.669312788364216,61.12381429785343,61.33348862958919,61.15573902933673,60.49290140587015,59.64589587489903,58.310099288225544,56.28813819795759,53.758921298735,49.91669007379948,45.9625612310229,49.46063977640822,52.52741410233778,55.0231921581317,56.573236171121465,57.688156299932,15.314789170422552,3.0102999566398125,18.129133566428553,16.901960800285135
15.68201724066995,12.552725051033061,15.68201724066995,17.16003343634799,49.558704714525334,52.7399611375928,55.6161292932963,57.152752904627164,58.31031077233856,58.851038469228776,59.462409617765374,59.51813330302852,59.623020787542146,58.812545201369446,58.70834474437265,57.69663806837738,55.561697793976855,53.71040140462611,51.35387108382386,50.46748721401383,48.675205192254126,49.54551231316127,51.3963984384561,53.51227952163712,54.81587369207495,55.89033155695844,56.852265479348496,56.7617763568538,56.7700162088095,57.12943340270652,12.041199826559248,55.581287244039935,52.9331171828542,51.00966429349073,50.63802308875193,48.348020540487,49.68912360840227,52.10291760253723,53.76074856070328,54.837598394785154,56.11112317718857,56.71481091638536,56.891542973904514,56.80117858307149,56.362069684340085,56.36178865644822,55.2022143588196,52.506639194632434,51.38747819230092,48.029378370769884,41.00542850012465,38.316138553090994,47.52578501556027,51.17976865135478,53.01778508238616,53.8602249636406,55.181610968217605,15.563025007672874,3.0102999566398125,12.041199826559248,6.989700043360188,18.129133566428553,6.989700043360188,16.989700043360187,14.14973347970818,10.0,17.634279935629372,15.68201724066995,47.432274599741945,48.10192179172952,47.885218872224726,49.171903085115645,50.32425339908433,51.36774454369257,51.71351950856548,51.828538609552986,51.71799561048725,52.645533893586645,50.81840380564728,50.490473734582864,50.87330567865698,49.765012907393256,48.71251765791019,49.496046609729746,50.235034957240714,51.357367435094744,51.10158568506041,52.76399757672402,53.82918933404643,54.84826369084443,55.68567785636647,55.863453375020775,56.23837257829361,55.72678797687232,20.043213737826427,54.58390041661585,53.97261980280511,52.30768138211391,49.308930224060255,46.774061819799435,39.63457260116708,36.82145076373832,43.28175661438323,48.67738469056448,51.12393834832027,52.7565450741333,53.983150770981645,54.677856343292184,54.96881236754487,54.59060608254322,54.110014906753314,53.63062654320038,51.94392222751793,50.431028029140094,48.645407449689195,47.25298943058368,44.98324340697171,46.7299324417899,48.30774663415485,51.39957755812176,50.9968754557713,50.39275281398446,53.751146846922246,55.999539937732635,57.82017308020833,59.24240508037667,60.22504252670554,60.78964768687386,61.009991276463566,60.91561799885724,60.64110414592997,59.60159572312584,58.389755841849194,56.72058122793078,53.916759532372964,48.85417765110936,35.06234359612126,44.96292954006043,51.7658028873694,55.056545524282086,57.48913313248303,59.001862715401934,60.06936451364293,60.57759265675291,60.834728775230744,60.638139324010076,59.847009964022575,16.020599913279625,57.10903124757806,55.08750513363306,52.01779353725061,50.72176344478966,52.382092467096584,55.699915496908254,58.519606036809904,60.35881809510414,61.844770692084474,62.7763533994092,63.333731055794374,63.60316543056797,63.598100687314584,63.25832648303348,62.54409332059134,61.31752716843886,60.040654516429925,57.38261948611477,53.84921228301063,47.22444700009176,30.681858617461618,49.00869417857548,54.347365221269044,57.40578993234042,59.47587119367348,60.70067434587199,16.020599913279625,23.873898263387293,18.129133566428553,13.010299956639813,20.644579892269185,20.681858617461618,17.16003343634799,20.969100130080562,17.24275869600789,19.49390006644913,20.170333392987803,55.66495237147291,58.12648690451991,60.146654194211074,61.40070385600012,62.43303259577929,62.84048160636612,63.09640811768049,63.05850950643964,62.772079654966504,61.92473782808218,61.0085076087873,59.48264752170881,56.54650059441028,52.98001111407518,46.80054355014471,43.476226994672416,50.54540283070957,54.65830301138275,58.09061842354518,59.81100680983456,61.0357180734616,61.62215695958903,62.005539389149135,62.33361931919063,61.83796373420462,61.590887246196175,14.14973347970818,59.843112374745466,56.22223351387201,54.109728326626225,52.83527364861694,50.09833178608563,52.528554571992714,54.58743577420048,56.582022533870145,58.50465496772734,59.61916808571403,60.21077195264876,60.376658915667235,60.44351969746263,59.855602898204225,59.70675030491718,58.398455651573,56.055517587724594,54.239827296771765,50.3984621555221,44.70263446965078,43.221365640961025,50.917267349082096,54.309936519375476,56.32264904702855,57.75016664226345,58.598009465596014,19.49390006644913,11.139433523068368,18.129133566428553,20.5307844348342
17.16003343634799,10.0,9.030899869919436,12.30448921378274,47.974406699866485,52.54057194450085,55.12577676845229,57.1152463488373,58.561202101528956,59.466747593678626,60.132797265808655,60.27115066212444,60.26749744968129,60.15321606245444,59.17208176019599,58.181631869963006,57.10707874872372,54.931749353637755,51.677337032696585,44.222778761641806,31.414497734004673,46.193542465143764,51.310409316000985,54.322780365329734,56.199881405398216,57.5945706631326,57.992005875698986,58.67228176944221,58.49599359939627,57.546693502843354,11.139433523068368,55.092899102608584,53.610475381955816,50.71429074412152,41.821292140529984,42.564531449390365,47.673191597998475,51.33289756256615,54.284020945492486,56.056551424776046,57.12246361177944,57.692805592128835,58.1106669120065,57.89649094061032,57.38668007740066,55.88012734094859,54.44001051824836,53.009452999819125,49.97285882094448,46.87350569558028,46.02602520420256,48.138877549487056,49.326005845004815,51.97914303318419,53.73274377224491,54.97794608910147,55.483415018127495,13.010299956639813,10.0,10.0,19.294189257142925,14.14973347970818,18.325089127062363,11.139433523068368,20.170333392987803,10.0,15.051499783199061,16.532125137753436,49.36176832545681,50.18970808600747,51.15946502305206,51.61287126077227,51.39075843372679,51.3219883279573,51.2393326759676,50.69301714524998,50.537313158876074,48.45451535902862,49.95468463704601,50.0139185255679,48.86067504919496,49.58358392780661,50.68248959779257,50.88437331391388,51.2852850379744,51.71214357009491,53.0896970817825,53.516881061820214,53.9541027283628,54.29682851915175,54.44681710485713,54.85136296120582,54.867562546172685,55.246634976686096,6.020599913279624,54.44001051824836,52.993002349167845,51.88247696308272,50.81437326351849,47.75836091455957,44.561230031943836,43.18585010078826,44.53027693687722,46.573236171121465,49.46697837245742,51.62092220569852,52.88796780086574,53.785359810061315,54.3036534858047,54.66030834903364,54.51810988581845,53.8471353383967,53.39005986554004,51.88064658213135,50.24198232206868,48.08244742566313,48.486385793266244,48.5076872692888,49.75753389036288,48.82934163885178,50.21061059862848,49.18082784642187,52.70166229260694,55.392693544882334,57.396751706781544,58.7836551328595,59.70629958832011,60.4418292793796,60.7694066925189,60.775252403884835,60.46233650481332,59.90712152037371,58.86940015679859,57.23091828825343,55.133840921082765,52.007547677245185,47.51994638090036,46.04334073102911,50.275167687811155,54.21584185762897,56.62290241425275,58.226446260665156,59.37482785963696,60.05237585004625,60.37995489095883,60.27810978914367,59.97449732593736,13.979400086720377,57.73332904238969,55.460908609935665,53.31275418749689,51.14947748734959,53.09447043894973,55.9625942411953,58.39388162369985,60.38173320077924,61.72831984484582,62.764084906789094,63.50555211785817,63.8559090323355,63.94007703071054,63.72130490273854,63.130706350858794,62.29373862627983,60.885956658106224,59.10949203968424,56.09169510521468,51.647601876074,43.429159170840855,47.11317845065442,53.443136612345555,56.87009637720337,59.15267363108926,60.63066394135545,20.863598306747484,19.030899869919434,18.633228601204557,21.367205671564065,20.969100130080562,22.50420002308894,9.542425094393248,18.325089127062363,20.0,12.552725051033061,17.853298350107668,54.816389482948075,57.52475614189623,59.447910104534316,61.08633341945752,62.178809447484056,62.94074964480315,63.374580632352604,63.53295394155473,63.32587306513895,62.829504847920546,62.045423999745196,60.81223771987641,59.13432883224053,56.481696604539586,52.86079048956403,47.51356099725393,49.23295840655504,54.649602499004295,57.48989181336283,59.42937193096906,61.22295191229842,61.958822249561585,62.18918953928738,62.80515771002173,62.78553550847405,62.10725597130005,28.633228601204557,60.44439798444286,58.42989704566155,57.24742690043606,53.274815414022214,50.5065811051804,49.94075077145827,53.01029995663981,56.17219531080545,58.26881063727356,59.80324312553396,60.84433991909424,61.442029528986765,61.71766225602785,61.617176931058715,60.87478299399279,60.10568762790952,58.89508993619212,56.9559111191522,53.927989213689415,49.49199656117939,40.66586796470695,43.106933123433606,50.12284518034346,53.73921116428549,56.294758596377214,57.744271779244926,22.576785748691847,16.989700043360187,23.891660843645326,14.62397997898956
11.139433523068368,9.030899869919436,15.051499783199061,13.979400086720377,51.26098923288605,53.39501128908108,55.58772150430167,57.0009164021529,58.22772661960168,58.90650122758956,59.579260676378254,59.872415925908406,60.04227194768275,60.08890455939154,59.617294997421375,58.961170825676504,58.144933155674835,56.81372410688691,54.799105821674374,50.85219201044942,45.584805660749325,39.53179601065634,47.78223626766096,51.75772659601535,55.019693673477235,57.16237966303834,58.235224814321036,59.31680046505533,59.76843610879304,59.54382426231443,13.979400086720377,58.50769951671885,58.1446402294069,56.696236612217426,53.74161560604974,51.93594829380682,48.234024929261395,46.73223714939716,50.12077599531015,52.57450570410951,54.600027853594106,56.06971131982387,57.23376851517677,57.513476308619296,57.547701915924215,56.6068717205517,55.63287627010315,54.6831483096964,52.31576621655309,49.21733283144757,45.268559871258745,43.723595825243244,46.27335127122439,50.63952265968281,53.22047611079924,55.08031172592898,55.98895512380737,16.989700043360187,13.979400086720377,12.552725051033061,13.979400086720377,20.253058652647702,20.681858617461618,12.552725051033061,13.010299956639813,16.989700043360187,17.16003343634799,17.634279935629372,37.23291446477584,43.66329550519106,48.184502431393526,50.211562087059534,51.34470364581399,52.06148279911453,52.68676238610841,53.02876160611575,53.008497260454575,51.51054052102001,52.356824426447794,51.446644816672986,47.52209837016578,46.53839375402497,46.450684012079144,47.246362663851485,47.869926298617884,49.54556053354576,51.52239407036461,52.762319579218335,53.798238230487414,54.29820082769765,54.68803543073356,54.71071573613031,54.673194665056144,54.881020899122824,13.979400086720377,53.16525970737366,50.209989950367955,47.39864939776589,45.59822868712976,36.364878963533656,41.19420863442087,45.80662723988436,49.911064066453754,51.09379407436667,52.94170717217838,54.21659855133561,54.79316124441549,55.1008634613818,54.91039355755879,55.14389677891583,54.585623129819936,52.66149347025585,52.043506403364134,50.16841205014338,48.04118978424412,44.91711790170768,46.77059177392161,48.0624782719579,49.860054467068764,50.11253170127497,51.09929350220636,48.72062991433022,52.08978517276254,54.976952122261025,56.77410745982212,58.121329302188784,58.98727374990429,59.627087767493556,59.88931558995101,59.81670496103804,59.22048843131893,58.63585736930165,57.38287338432884,55.33052297046275,52.63335390144042,48.76032995097511,45.519498807854106,47.98125584444266,52.31002931997103,55.470962826862795,57.35887003211108,58.640819142827674,59.64327999082041,60.08246631409827,60.24446669751897,59.91943398334628,59.436972712318116,10.0,56.775348684526826,54.050678989190516,50.955633515828595,48.86468163834161,51.936726883379684,55.39513938053098,58.06182688315917,60.009201631077325,61.412766482454295,62.341552205639104,63.016397511580564,63.287963668861664,63.3347327092896,62.964475498147,62.50460258077695,61.40800197908937,59.90601661076426,57.852230281531796,54.82650664765549,49.72100966318954,43.23746975715011,49.508757748081464,54.28525159469647,57.27046497701983,59.10104434248407,60.41554528396205,14.14973347970818,13.979400086720377,20.170333392987803,15.314789170422552,15.563025007672874,19.138138523837167,12.30448921378274,21.702617153949575,9.030899869919436,14.62397997898956,6.989700043360188,55.93445574473417,58.47772487327415,60.108276599612736,61.43752162116193,62.40853646906998,63.02157695941016,63.23905628876878,63.289495211900196,62.915260206245385,62.19167581550045,61.203297364253004,59.85578248526121,57.88217173479282,55.036517955311766,51.54743413563366,48.527543908053886,52.18020558461946,55.35314378205005,57.6504982190295,59.76938880930695,61.087543943636305,61.41086507429086,62.12052499156546,62.077229404297405,61.6278000679171,61.65038261955549,36.12465963953142,59.07953889866881,57.74460029274501,55.19036095278609,52.97511020956883,53.367498337101765,54.19924372469865,55.983143816352424,58.083818203474564,59.39726865635176,60.27038353833673,61.07377208677402,61.351358330096765,61.514409498046085,61.226106609371094,60.49471158077325,59.435820584756236,58.25029293886507,56.07328469595185,53.40495671855194,49.91013307917241,47.52586178740409,49.82529018865603,52.871206522324584,55.076305735824874,56.48146226929671,57.530166515646414,19.030899869919434,23.05351369446624,23.59835482339888,19.49390006644913
19.294189257142925,6.020599913279624,19.86771734266245,-inf,53.756069234023094,56.03503789360936,57.24519989195497,58.34306233242975,59.209603108809496,59.58774051911357,59.690546266875856,59.576848498204825,59.00053449323869,58.54233147099496,57.35640411157331,55.9952719766024,54.42355891239622,52.21831377489635,49.31508721866617,48.7692184317458,49.52927987614527,51.68385507146134,52.747718954513836,54.39908738851784,55.610691683031106,56.54809707084958,57.387884834938475,57.56928835096889,57.50256075928219,57.30731416643248,11.139433523068368,56.25873994844792,54.75171244148272,53.49302787709901,53.3343921327146,51.39910555875683,51.9198726331451,52.94565419156153,54.02976304599093,55.355637294136685,56.1467895984585,56.41031658397931,56.52611807040664,56.15107987443194,55.7118806492378,54.190333387394844,52.57740955231639,50.87447762866003,45.62078639008206,37.986506454452694,40.63333358951749,45.98801446032945,49.44250657451528,52.18191399297281,53.99500661314611,55.76472655476121,56.34860006109627,15.314789170422552,18.129133566428553,13.979400086720377,16.901960800285135,12.30448921378274,19.54242509439325,14.14973347970818,11.139433523068368,16.532125137753436,18.692317197309762,15.314789170422552,43.425016362777285,44.48226940521222,46.96854187544452,48.09943340274762,49.44309907031343,50.13721778051063,50.912482858684236,51.591007680319684,51.720451117931816,52.991170646641734,51.775826683177016,51.60975462287602,53.01919388035856,52.380084459053165,51.835431496038176,48.641846442463475,49.12184844884729,49.205511461198455,51.448480847786385,52.1529115278355,53.79577433327807,54.55441794971513,54.890608537915995,55.675497932737166,55.77589447670782,54.931121507421004,15.051499783199061,53.33991061569507,53.12881561332789,50.76458387712152,45.75741909831947,42.3578087032756,29.138138523837167,42.629254693318316,48.44862216137521,51.51290155874926,53.50947367036865,54.68815348042404,55.753818480604,56.09645625210409,56.1418510637786,55.07537452205705,54.20445910792858,54.02971153121239,50.855046394264974,48.241323450293876,45.16112110677156,45.47577813405802,46.896462166154365,48.92473053450895,50.62465404695673,51.96190007050505,52.09099286957921,47.344877933046774,51.11440631985133,54.01912086462118,56.247202954866,57.95814694541599,59.13615726543984,59.76755650740007,60.30558435719179,60.315962812467696,60.50512769996614,59.789712082213654,58.918952269013545,57.94751471269027,56.07117107188803,53.334251057671445,47.902570078867186,40.863598306747484,46.17943434828973,51.48062535455438,54.803634357798316,57.21082335035917,58.614776561524515,59.62778336511606,60.247930131430735,60.443598123164826,60.01394882880219,11.139433523068368,58.49405285175169,57.43247854800073,55.397395853055755,52.48769968520569,51.486427511671906,53.062534205221176,55.51490253741675,58.17785435655007,59.85990645395155,61.19480238803334,62.12646967502397,62.83581846072152,63.0528105964883,63.048817766214086,62.594048790564436,61.93419595674935,60.94038015833068,59.11834899459051,56.911212932557056,53.31589240955137,46.476274364773396,38.36893516376434,49.909867046145806,54.72845638688301,57.458247856983505,59.292211489646434,13.979400086720377,13.010299956639813,19.294189257142925,21.702617153949575,6.989700043360188,10.0,6.989700043360188,13.010299956639813,20.969100130080562,19.030899869919434,19.138138523837167,52.54095904857678,55.6925683332861,57.99078515017594,59.86438946176947,61.22372196150781,62.14744531551804,62.6951387818354,62.93331832539333,62.833505364236615,62.45961042737687,61.690657603768344,60.54426888454771,58.65002647191961,56.100263547060806,51.96872267321967,44.258275636245145,46.11383384708976,53.161255727448086,56.30807081418582,58.781229346594884,60.20090178400116,60.82305946177746,62.1732309386769,62.29387435743077,62.04826493371335,61.591474331005784,31.73186268412274,59.85302949814216,57.956033705243,54.00891842687186,51.01884487167542,43.43566132386124,50.29099566823543,54.308648432814586,57.34307670336684,59.058589968426,60.520969057433256,61.30900876188303,61.57494242172081,61.61627004110609,61.29536831195571,60.68625872321654,59.38873820983296,57.85093400552286,54.95906329962835,50.76538501736258,42.19820207147237,40.10384771498377,49.29071351080371,53.58614328904606,56.287770669164374,58.16788630132522,58.97152406478174,24.345689040341988,23.26335860928751,18.129133566428553,19.030899869919434
9.030899869919436,13.010299956639813,18.633228601204557,16.532125137753436,11.139433523068368,11.139433523068368,6.989700043360188,6.989700043360188,18.633228601204557,12.30448921378274,13.010299956639813,16.989700043360187,19.138138523837167,6.989700043360188,16.127838567197355,9.030899869919436,3.0102999566398125,9.542425094393248,13.010299956639813,16.989700043360187,19.54242509439325,0.0,13.979400086720377,3.0102999566398125,6.989700043360188,13.010299956639813,18.692317197309762,15.314789170422552,13.010299956639813,18.325089127062363,15.563025007672874,14.62397997898956,0.0,16.532125137753436,13.010299956639813,16.532125137753436,9.030899869919436,6.989700043360188,3.0102999566398125,15.314789170422552,16.020599913279625,13.010299956639813,13.979400086720377,6.020599913279624,6.020599913279624,19.138138523837167,10.0,9.030899869919436,17.853298350107668,0.0,10.0,10.0,0.0,-inf,10.0,18.129133566428553,15.563025007672874,16.532125137753436,11.139433523068368,15.68201724066995,12.30448921378274,16.532125137753436,18.633228601204557,11.139433523068368,12.041199826559248,12.552725051033061,14.14973347970818,21.73186268412274,37.059491949102956,35.39076098792777,32.11921084308509,28.87617300335736,26.020599913279625,16.989700043360187,25.276299008713387,28.488047010518038,33.611609951950264,34.35366506612661,36.65111737075051,36.17105230502378,39.537113804275556,39.39119717648487,37.60422483423212,38.203985227039816,35.96157080916172,37.00790221374347,34.17803722639881,34.17803722639881,31.442627737619908,32.68577971882843,31.13943352306837,30.965624383741357,30.043213737826427,36.2096843564429,22.04119982655925,37.53429841575423,37.203247174174415,37.26727209026572,35.491259267581114,36.319508262592166,36.68199484198662,33.62670929725667,33.25720858019412,29.24795995797912,21.613680022349747,19.49390006644913,26.063813651106052,29.772662124272927,32.90479813330673,33.14077991779213,34.51172157512539,34.34568904034199,35.93507589331765,35.55336327995266,35.93728998707911,35.58228421803326,34.11788004543869,34.379090355394986,29.37016107464814,30.622058088197125,28.603380065709935,55.03763453709425,57.717358945807725,59.86424159632324,61.59461915191329,62.90107878456081,63.77299146360423,64.415978993369,64.65271288880206,64.60580496510508,64.23732011570254,63.462271673331585,62.184766850521065,60.137638547339336,56.97745305889118,51.16235711734778,35.34660575828445,51.90345707443753,57.590102406388326,60.82234076732099,62.812636414291944,64.32310619154313,65.25122843392029,65.75841681819068,65.92545917373057,65.71701962216976,65.20262464482008,30.511525224473814,63.20349463459056,61.36744024764974,59.17187155345602,57.16230453663272,57.06653785311041,59.13318368208745,61.43839488709148,63.467757166847186,64.99605988419715,66.07259063945362,66.7656933790959,67.1065630072484,67.16427158520476,66.94972570697814,66.42390317807467,65.48259171687407,64.13764495495587,62.086039176946564,58.94985268803588,53.138081860390926,37.8915749191144,52.92311462528275,58.75905868167617,62.04092295500166,64.09175404629985,65.34667296245802,65.70928496904008,65.81708733818365,17.24275869600789,6.020599913279624,20.0,12.041199826559248,3.0102999566398125,19.49390006644913,11.139433523068368,19.294189257142925,11.139433523068368,14.14973347970818,18.692317197309762,10.0,19.86771734266245,10.0,20.681858617461618,16.901960800285135,16.532125137753436,-inf,13.979400086720377,20.374264979406238,21.072099696478684,20.5307844348342,11.139433523068368,21.335389083702175,19.54242509439325,20.0,22.30448921378274,0.0,21.367205671564065,21.367205671564065,27.16003343634799,30.73351702386901,32.67875419318897,37.756104480063605,35.789828427027906,32.34010817587179,38.64807629026147,31.3640344813399,33.29804522164069,33.41632335778054,34.0226138245468,25.563025007672874,21.613680022349747,21.072099696478684,25.71708831808688,22.380461031287954,16.989700043360187,14.62397997898956,13.979400086720377,21.73186268412274,15.68201724066995,19.294189257142925,18.06179973983887,14.14973347970818,9.542425094393248,12.30448921378274,13.979400086720377,12.041199826559248,15.314789170422552,19.138138523837167,15.051499783199061,18.692317197309762,19.86771734266245,18.06179973983887,23.384564936046047,10.0
22.87801729930226,15.68201724066995,6.989700043360188,13.979400086720377,48.90678053999642,53.57038666819455,56.54222761447542,58.13774410005558,59.35948893017202,60.28876940450289,60.91016963808582,61.18196252330931,61.16544653816021,60.42878192485182,60.184512486162525,59.10911349915678,56.87836514704452,54.84603027670871,51.400835972363325,47.33197265106569,31.392492175716068,42.611438677006674,50.58577849133225,53.71573936183995,55.5609133406474,56.680222991722914,57.64816263444062,57.372920577176245,57.067792106104946,57.2366086669145,20.681858617461618,54.44232220713579,50.08029252933316,45.602056229700594,45.53118092150306,47.352235198572515,51.76163635438134,54.34214298366669,55.99163380446902,57.055840665702114,57.886434302634385,58.31962507678063,57.92960802594771,57.51687025956761,56.676817144538994,56.01800422821209,54.33753837516757,51.40184244128251,48.65234302677487,45.35800290824898,45.80114905474904,49.46697837245742,53.16006010689005,54.73301534181481,55.49341732574197,55.82718857292601,56.246904088559155,12.30448921378274,6.989700043360188,3.0102999566398125,13.979400086720377,12.552725051033061,18.633228601204557,16.020599913279625,13.979400086720377,10.0,0.0,11.139433523068368,50.310366298408454,50.978886778399115,50.810375014301556,51.05169427999331,50.88100634642659,50.46514673981031,49.51167459700895,48.819093737247854,47.89651208793409,49.44413574349667,48.03689223618551,48.88628725385226,50.09833178608563,50.181177205910004,50.66463833899871,51.664093903674406,52.094962483262385,52.90946784734306,52.5197141665549,53.22359900659757,54.070525159152226,54.474371309510346,55.0135097723502,55.434086572603796,55.549129505683354,55.09205211452696,16.127838567197355,53.93557655663294,53.55116139076884,51.78104606684809,49.010985307996926,46.40680153277665,41.42264291170022,41.39910555875683,45.95077157007697,49.51842444691433,51.57305630327966,53.12300092895728,54.29445420870021,54.758759411271384,54.961682741749776,54.26917713880815,53.51125414481439,52.99945076932008,51.24145425061654,49.6267706894345,48.55331344786106,48.60852864376956,48.419223116794505,50.40800061256529,51.900766504047276,53.315042276567056,53.36099340085085,47.250618046339866,51.40272291029186,54.234244715429405,56.59654784466404,58.36077143385893,59.62420481844728,60.57703371014177,61.06949654250566,61.22507167579083,61.22877795593868,60.75862896046488,59.86834859082489,58.89248463145404,57.04154808266046,54.40318606811914,49.8176426035241,42.760479932968636,45.22509437992878,51.04330026726461,54.98124387687484,57.3257467816839,58.83653487208019,59.91281466864294,60.61534655510897,60.778303007761714,60.43274231120195,16.989700043360187,58.85481086860763,57.65046091924191,55.741065389146016,53.10310879919341,52.370936281656626,54.09298962378649,56.50148155427276,58.78304019203986,60.65250975426973,61.880350832821705,62.695617412327145,63.178244072865795,63.45906125591347,63.34436057311606,62.916656057501406,62.11147516891762,61.09037281971638,59.134662777497965,56.70881054391828,52.812152326113164,45.388877800147,43.71529632099295,51.69418718601164,56.099037471885424,58.58201421926456,60.19741722650263,6.989700043360188,16.127838567197355,19.138138523837167,17.634279935629372,16.532125137753436,16.901960800285135,20.253058652647702,11.139433523068368,12.041199826559248,22.944662261615928,3.0102999566398125,53.53531559077762,55.90701429571944,58.31754629405333,60.10239303858867,61.25495579290337,62.04338432118046,62.623034519786884,62.72423913763197,62.687672324892574,62.300361455208744,61.76995098053926,60.593490575300976,58.80305856782874,56.40131475278981,53.41735162006117,51.11833578148847,50.75711159354416,53.50660789635348,56.53907793197787,58.94126571462287,60.198923396190445,61.28543040337618,62.1539960109389,62.417954312951984,62.50055334667987,63.04259963061845,35.62649672211917,61.10382276736865,59.4655296642404,57.074287944914545,55.04737202462507,48.90761836945088,46.8212701801578,50.677587811771325,54.502506483679845,57.197454925295766,59.095153790867975,60.30520788955538,60.793780816000655,61.28184653543633,61.25330619092484,61.387184742301464,60.70097370115554,59.224456967871845,58.259451432038475,55.978815854686836,52.579520223060285,46.90240393531119,42.19898739044965,49.4299959336604,53.357807433035916,55.5393397440465,57.09053608084875,16.532125137753436,11.139433523068368,17.24275869600789,13.979400086720377
6.989700043360188,19.54242509439325,22.671717284030137,13.010299956639813,48.76292911606499,52.41807875084884,54.6521921653919,56.94472696971601,58.35502864997235,59.483782403946115,60.25319385542902,60.4501142705692,60.62979623399446,60.338779186416645,59.9235377596953,59.09888041306016,57.75179944613947,55.97618409912955,53.51651389099593,50.211562087059534,45.24370154542359,44.2561572457693,48.5302861471299,52.619120403197364,54.94991752269813,56.52313076007672,57.817912652753485,58.081359949321694,58.1551465815204,58.17933405393749,18.573324964312683,56.56998453317592,54.06802381072369,51.34973540005915,49.001813529231704,41.84691430817598,45.7422810328016,51.0985179311824,53.27230159755924,55.79190036353437,57.02224542399078,57.63545536678352,57.83132880290652,57.76783241915381,57.41047544878196,56.487677635348355,55.019488596712804,53.50040515602717,49.74387327625764,45.24954049453683,41.29689892199301,45.35446033231017,50.74176225435349,52.73429564696245,54.28316252316165,55.70379464958702,56.301480870683534,15.68201724066995,17.24275869600789,9.030899869919436,9.030899869919436,10.0,11.139433523068368,18.129133566428553,10.0,14.14973347970818,13.010299956639813,3.0102999566398125,45.990311070714995,48.56517429913826,49.81854834604945,50.90346243505668,51.37306627599863,51.81800727821846,51.66062865797312,50.9711842434465,50.34331607351681,51.527346431163686,48.799555851227495,48.14913181275074,50.68382548889111,50.12609476629849,50.27015092616088,48.499841820942706,49.85102990633706,50.43951418263276,52.04892881542919,52.160497228740496,53.00512877484139,53.70870074646184,53.543562621788176,54.270736906210495,54.13603161173857,52.65030197723058,9.542425094393248,50.51322346636849,50.86463052341308,48.58982091384046,42.80122896302308,42.978917641546545,42.8476901334902,46.29949582692885,49.597328492721864,51.888300887521524,53.12695576121943,53.91275700485664,55.03103982389309,55.24553192746919,55.18346770134974,53.79205772700067,52.73707150462059,52.68701971461014,48.84602804807755,45.54077081375389,42.50346800440827,44.08663874063811,45.900165824556105,48.19359650304459,49.972203245819216,51.61182264192439,51.90905708142735,47.645123748551576,51.39438274158168,53.882664294927984,56.286463648170496,58.01352250276564,59.239979375699676,60.05153904714524,60.46960425644764,60.68480117186369,60.73287507157548,60.069488461682006,59.32427593066524,58.45312032422253,56.67924350109515,54.13668506282474,49.041743682841634,41.7507672117621,44.80998073363057,50.620326586560566,54.57707841422955,56.9380606419347,58.535582904559305,59.55422668035404,60.211537268270135,60.50559933688109,60.20646712588727,19.294189257142925,58.81709257588936,57.9577229895493,56.33017767533666,54.17803722639881,54.08623196773271,55.00853711461258,56.938895591233376,58.98448724400754,60.59897245742437,61.68292662732163,62.58206126068828,63.18753064643431,63.3314265773247,63.261582145463144,62.741416784234055,61.90451883044014,60.95179118587381,58.922710685658856,56.287811507232924,51.6540459663102,41.72748838982743,43.257208580194124,52.37616617096925,56.52346923177147,59.04228516340078,60.64110789284384,22.04119982655925,20.374264979406238,23.59835482339888,0.0,12.552725051033061,21.958996524092335,16.989700043360187,18.573324964312683,22.576785748691847,13.979400086720377,14.62397997898956,54.624608911662435,56.52056718948163,58.54709171476098,60.0951420808945,61.2159824948433,62.11258606792548,62.52049206692366,62.63467998424126,62.41731962421064,61.929246655215124,60.972173847044985,59.55724300691944,57.450287039309025,54.7973794222112,50.887773073553774,49.85991990989794,52.32886888105023,55.659469397972984,58.05884689091122,60.03533770042913,61.15311227932749,62.052003025717795,62.394076012380026,62.816180205012806,63.016646873385234,62.762423036173914,41.21264305229581,61.12209398965441,58.89907051177266,56.4627430090906,55.525428973842914,51.22209322834945,49.54242509439325,52.77125376889807,55.0703100832946,57.272394232281044,58.75020148234598,59.73069635756586,60.33687469089561,60.499793091982596,60.51699196264017,60.26190760003925,59.45575914495353,58.0977041417174,56.767713185268285,54.407989209437126,51.12209398965441,48.242885824595454,47.2611567011036,51.36416137341801,54.38143469092215,56.384143721399155,57.76121253486192,15.68201724066995,19.138138523837167,6.989700043360188,6.989700043360188
9.542425094393248,20.374264979406238,18.692317197309762,6.989700043360188,48.19260893893713,52.14101735973232,55.19927699491588,56.73946599186859,57.96183569936198,58.79684102021074,59.37100949775218,59.58279515977501,59.66836048605387,59.32020969514078,58.752337887930665,57.62794060199593,56.526891149336365,54.57665452176559,51.95858157323586,46.95945493397065,42.2284647997415,45.25316966044274,51.32096317961625,53.675497259573966,55.7351327992319,57.18910878790986,57.657355933297055,58.3998871867172,58.4154966730599,57.82235345706433,17.24275869600789,56.06081340311769,55.05406407778907,53.02079718657047,49.128435510932775,49.07411360774586,49.473209671486835,51.093118818040004,53.704205585485134,55.062682029382216,56.2312105119081,56.91968633602454,57.21132685866103,57.158638458902544,56.483600109809316,55.71289471190606,54.29558499461421,51.754248297903224,49.87474096257006,46.74392621330411,44.89972534035017,47.69613612524787,50.024684501283325,52.51165957438108,54.20681717703851,55.11381962637359,55.73921232520589,18.325089127062363,12.041199826559248,-inf,0.0,6.020599913279624,9.030899869919436,16.020599913279625,6.989700043360188,23.010299956639813,10.0,13.010299956639813,46.97734853261521,46.176816697183405,45.7603020559133,46.56222816103602,47.698055006497455,48.15843290663267,49.1860167696984,50.018721113066356,50.95448326538122,49.86256543598831,51.9729434503319,51.946946823339985,49.91673434416324,50.13157556836241,50.29099566823543,51.61730262363385,51.35196279606602,51.712729129110066,52.15301734298724,53.16400231025945,53.699816929762136,54.338146207332954,55.017286829443464,55.20526763523919,55.25355831983467,55.72267350134817,20.969100130080562,54.840178123595386,52.606675369900124,50.67442842776381,49.73764967306139,42.78959270684218,30.923696996291206,37.062909572587635,45.35610545908793,48.85010476120017,51.36520809162107,53.25854182575375,54.38360365798236,55.102795268950615,55.349825317847916,55.93202967014099,55.53992193099424,54.09150011697257,54.07263402053051,52.69405524772128,51.02395969134299,48.253547032373056,47.092699609758306,47.82336437879265,48.871951770412984,49.465505105698554,50.2209829746114,50.047726335209234,53.18301296541443,55.79546955952897,57.53198380941698,58.82993868732723,59.639695321279476,60.2390731809708,60.49018278834324,60.43076060303918,59.8257965353719,59.14605981787119,57.87407335727407,55.72523097849637,52.98634783124435,48.96311221581429,44.67474911384599,47.69525020171051,51.67577242772633,55.2143623176694,57.289897402250396,58.548869395934624,59.530867146121444,60.07803234462482,60.13984690462023,59.928900429549195,59.463073122371846,20.969100130080562,56.76087002512083,54.29682851915175,51.840551350890365,51.121657935862814,53.48324337700387,56.335593449132936,58.876898642061064,60.578885182892165,61.913951171121056,62.84611182369772,63.39749481680876,63.7067164197841,63.79311501725182,63.45000645701717,62.9814737498235,61.94805623863331,60.57650891927765,58.64514047540623,55.75261761102106,51.25936466966094,41.330916102547086,45.14454774470421,52.59280825615421,56.002495579655196,58.44144648549409,59.9552682679855,20.0,9.542425094393248,10.0,18.06179973983887,20.969100130080562,16.532125137753436,17.16003343634799,16.020599913279625,16.532125137753436,24.487063199050798,19.138138523837167,56.666714540698486,58.89764329875176,60.57660399478996,61.710254604213276,62.63601039609633,63.22463465026338,63.50087454803621,63.494096417100714,63.24247875023882,62.438393887995076,61.51902201193886,60.018375158167615,57.81371159213457,54.28270894851714,49.08795883890261,42.506639194632434,50.47948183246032,55.14501266053568,58.254215735566454,60.08029252933316,61.340434824785206,62.3551354934132,62.82134532324291,63.071443951805755,63.095569272791174,61.61662922809272,33.28175661438323,60.37447216082267,59.2394050766903,57.87230868300435,53.6727576486236,53.15235409617727,54.14185893345503,54.94226970400896,57.21277927682082,58.91468879445419,59.96928692278136,60.81033176986747,61.184585111554306,61.34440091774664,61.12535629514552,60.349078711113584,59.36093822065219,57.863289860150786,55.59765426468533,52.21761013269343,47.179117107184894,40.3981055414835,48.1198364016079,53.032651933273335,55.4743131708915,57.24683750931796,58.40219046539844,17.24275869600789,12.30448921378274,-inf,15.563025007672874
9.542425094393248,21.13943352306837,15.314789170422552,6.989700043360188,49.95617646991256,53.55968457653611,56.20165215254942,57.958139995653475,59.20372243486383,60.007068901052214,60.51816388840148,60.765563433021725,60.676484147047525,60.323918854664036,59.85687331707027,58.803544832890736,57.2946609848067,55.30174075353911,52.17497104453355,46.96854187544452,32.67875419318897,42.77952847038809,50.44680843984301,53.56293621448165,55.777031510063786,57.19326314117677,57.78596897325425,58.36077143385893,58.184950991403426,57.638665592323875,6.989700043360188,55.308858280199786,53.74161560604974,51.22389561331292,46.23766000133931,48.274791253229836,50.986575676516715,53.208812631079844,55.61170578905488,56.7664423439291,57.710470323190904,58.43717272608194,58.74563566376166,58.51070521621213,57.98961237880703,57.1568585857204,55.89826775750555,53.62550327963078,52.181624924950974,49.9915229898292,48.504317914603504,49.617294997421375,50.799116938043056,53.014206849138915,54.625731779232325,55.44018407858776,55.98896606055655,0.0,11.139433523068368,3.0102999566398125,6.020599913279624,11.139433523068368,19.294189257142925,13.979400086720377,12.041199826559248,19.138138523837167,12.552725051033061,15.314789170422552,50.0525775168898,50.45874300066133,50.37593808536431,50.80456920262958,50.41724201654211,50.13216539624441,49.47144422680432,48.47455433164086,47.424187396205284,44.75613084841581,47.4126193189077,47.82049590239568,46.538008254185016,48.32163894783587,49.99391561719091,51.557154996839635,52.27315836239388,53.3300771943114,54.017536922722904,54.83889557705321,55.097507586528906,55.6062387454993,56.12096916594008,55.81175677018202,55.88697386938116,56.36387585813157,17.16003343634799,55.077506571830355,52.54386122984946,50.88309771759016,49.82348132545462,43.747116951402646,37.76119799052988,41.155772311285226,45.80799570713377,48.72418519080333,51.24986506374021,53.051664324253366,53.63771755826781,53.994141053637705,54.119511918768964,54.68146385803906,54.06582756237323,52.27063592342826,52.360129703664,51.25318578123526,50.14394516273535,49.715587903472304,50.83262473164077,51.9004581030555,52.7479496297012,53.26911124809331,53.08002775624886,46.84531192109364,50.490473734582864,53.724480170290974,55.90053417674163,57.51674716938315,58.71321859452088,59.6717576491688,60.07427698525323,60.200462220143464,59.95993449410423,59.663618759744764,58.666659260820126,57.03533827349822,55.06425201471798,51.686653939730256,47.14430356853795,42.10933535357622,48.06159615952903,53.059529449605066,55.96044805793436,57.8984078795116,59.170578558260296,60.107086118542966,60.59913514237763,60.719055616223216,60.72374174102218,20.374264979406238,59.17779548491981,57.29263629054374,55.33238074060297,52.9279860044877,50.8489071481379,52.412924037827004,55.55921119313481,57.86556229623493,59.774460252835624,61.051915853158285,62.0351399069945,62.62681228550089,62.883201113164134,62.848298756868815,62.4508803613709,61.772204032244645,60.63953390450876,58.970467281408794,56.677115846201644,53.020190599773784,48.43706069329351,46.93383949446634,52.02433822489233,55.75018021066738,58.27654831178187,59.8691722093259,18.129133566428553,12.30448921378274,17.853298350107668,18.633228601204557,23.59835482339888,24.424797690644485,22.92256071356476,23.117538610557542,18.325089127062363,11.139433523068368,18.325089127062363,52.350888801132854,55.8540206759083,58.36073342714529,60.21414660105239,61.48766718035,62.461133552512386,63.067048160724035,63.23364527657421,63.25534134852827,62.70084622351567,62.23565765125295,61.23733091783186,59.46763136085571,57.35042902478103,54.61277871951148,50.614826373790635,49.0831341185008,52.25112770722256,56.204036312371386,58.269354081977944,60.142600519709255,61.0997149501135,61.43298717274113,62.218386738674965,61.72239699827534,61.94113718219975,31.658376246901284,59.739743643248566,58.333390263886315,56.587142891563325,53.557962135029726,51.99233930536902,52.29528263787672,54.373461954564284,57.55457885249228,59.10744432844859,60.52338744624086,61.56350735800623,62.02284472319591,62.21545940821342,62.102609847068415,61.62832248363149,60.97865798103921,59.65192760960812,58.21595401245416,55.4652415621667,52.171706127665765,45.391388535767746,45.44526913157487,50.34468022755043,53.855222661296345,55.99310910647239,57.45477654945337,10.0,19.294189257142925,18.573324964312683,18.129133566428553
19.49390006644913,13.979400086720377,14.62397997898956,11.139433523068368,48.54214921512205,52.315333026704934,55.27583504917361,57.064514927026096,58.37604218998286,59.227301278012916,59.90783579022828,60.33366247873248,60.45046272458027,59.991418554250934,59.90034120073065,59.04023259504427,57.490201440943835,55.59294832115882,53.27726651642141,50.57517764351333,46.30804032821645,45.19473590872356,50.74384856330725,53.606464192471535,55.63035883426256,56.98953500832138,57.920027517824764,58.377178235661106,58.37232903511686,58.546703318953355,22.04119982655925,56.74964881573607,54.147009933563126,51.56064312339865,48.61731501177587,45.10357311542046,48.2463340780055,51.43417663617376,54.31641945215568,55.683249523140844,56.97990870243511,57.8560314093178,58.02361120579209,57.88205150223931,57.463640429122194,57.14802363678932,55.97608537726552,52.94664589500175,51.495885677877446,47.4074943414471,42.19820207147237,45.493098589194986,49.96235772515885,52.91424354890523,54.423292293655834,54.75613084841581,55.68259234933557,6.989700043360188,6.020599913279624,15.314789170422552,6.989700043360188,16.020599913279625,16.127838567197355,13.979400086720377,20.170333392987803,0.0,6.989700043360188,20.043213737826427,49.06981153228854,50.68085628376812,51.05554463518662,52.03035608149556,52.465478177418206,52.68512448376133,52.09849989092136,51.30391670565874,50.57856208741888,49.88211025248905,48.63209809857713,47.34551819027732,44.45495226828909,43.700317127095815,44.38542348786111,48.80230331884836,49.85022082109535,51.20590381442852,51.259169681230205,52.516917436406985,53.138503542365314,53.41800404487081,54.035271599625155,53.693531766884135,53.36133390065583,53.26602091963649,19.084850188786497,51.021488852758324,47.5100951133749,44.92215433604093,44.11703863405971,42.35982703481839,45.89949601325707,49.11418639844171,50.93568759999676,52.62474821020941,53.51117674805841,54.2527330461063,54.17441798099151,54.04823457573998,53.528806881892436,53.23746975715011,51.98316114430253,48.59738566197147,47.87524232486332,46.13090932034561,46.559927313856164,47.7340608801514,50.19053947051712,51.847737402720156,52.93983163234013,53.52091789343142,53.253514378055456,41.76814480674777,47.82336437879265,51.906817945067864,54.88490080245796,56.994431275159776,58.65379394703459,59.772227350395255,60.533374056243346,60.93063594864014,60.98091422826117,60.848085544200174,60.33658532735701,59.43718035945538,58.11363839168046,56.033024660222765,53.29310401405253,48.82370828568111,41.09004507541385,46.337107848792265,51.70167803732379,54.980181683086414,57.01191375698441,58.475541518806516,59.388888186689314,59.84546214868467,59.98020759770248,13.979400086720377,58.77739821430666,57.55467799612347,55.902844037181616,53.82962090781572,51.637724172273366,52.36096193424185,54.855652794828586,57.34193153343705,59.44301020109662,60.909563842528826,61.915764778221714,62.58632015614627,62.94455644238192,63.10890558289513,62.807931882953376,62.25713659397145,61.37719878890507,59.88579021355246,57.742110270905876,54.50178260178514,49.31508721866617,36.44340098826322,47.69155690714399,53.81304648148658,57.32233684766774,59.27769566160415,19.86771734266245,6.020599913279624,20.0,17.24275869600789,16.532125137753436,13.010299956639813,18.129133566428553,16.020599913279625,15.68201724066995,20.969100130080562,20.374264979406238,52.302879471232025,55.12749748884587,57.85304915760017,59.781741234910406,61.06198039087324,61.9662103295495,62.4592332604896,62.66189582669565,62.64376695740616,62.0707424302299,61.599543968143955,60.528497060744954,58.276277047674334,55.794874897194056,52.49917100780094,49.18491660694893,50.11223546107438,53.93557655663294,57.18578908362908,59.05084241578817,60.358734124748025,61.12157742883661,62.06487480080221,62.47769075424502,62.01993800873473,61.950961563463224,38.08683509128969,60.04252999269237,58.9108006481101,57.50160357010575,54.18044285347904,51.881885693588295,50.95950030580969,53.89904642948754,55.597785909872925,57.676307319608625,58.955739149347096,59.97760223528416,60.38671813299544,60.64848678476829,60.59003055201997,60.45282677518925,59.63204442556524,57.93719160141453,56.79271595161034,54.43719734540967,51.063541096226956,47.85785249373541,50.06726968416176,53.31407049219781,55.50614764357486,56.71773401952179,57.985270368987656,16.127838567197355,11.139433523068368,21.613680022349747,12.30448921378274
15.68201724066995,11.139433523068368,13.010299956639813,16.532125137753436,51.70217696831624,54.295908022233014,56.02694683002505,57.41858033335083,58.507472933671814,59.28766994921014,59.824743087014866,59.83503603028065,59.826881365297304,59.42677095425572,58.65422616833483,57.699626381510384,56.155544848209296,54.25659730420213,51.1709223659508,48.495668154778826,46.586313746095136,49.077659614624,50.804424860004445,54.10529235247357,55.690846738694674,56.991523697243665,57.94644866269577,58.21912921825043,58.2627505055007,58.32688979847684,13.010299956639813,56.79371561875105,55.068431363393515,53.050868422617356,52.205683009149624,48.2706541915429,47.501225267834,50.57365568563195,52.055535003065465,54.32560445011263,55.57012474155194,56.26456369083436,56.494020425719356,56.55616664003358,56.12769026898867,55.31736862440603,53.945987556636574,52.4794627547055,48.80041462158636,44.20368379857524,32.922560713564756,38.06858029518818,46.40958203442495,50.02239518292123,52.54427221540668,54.403579968152876,55.3249066563517,3.0102999566398125,14.62397997898956,14.62397997898956,15.68201724066995,16.901960800285135,12.552725051033061,12.041199826559248,20.374264979406238,11.139433523068368,6.989700043360188,12.552725051033061,43.73445342297978,44.061994236633126,46.51607487481262,47.28597243383432,48.47622007983925,49.518909643355315,50.04600780332984,50.67182485523405,50.87284391453761,52.27310689868947,51.05046690081473,51.07352449150477,52.70317744277722,52.444379408303064,51.7197496860329,49.032311097673535,49.06189534168935,48.66523625532843,50.539231505485745,50.16983225505786,51.46506327494962,52.50039217788053,53.10534006424143,54.08545221315446,54.60827207806321,54.1386448263703,18.692317197309762,53.564274416923546,54.198318825911464,53.07213547676818,50.160718167340235,49.70407319863821,46.30651575683241,38.66050924009275,34.3023635341151,44.813279481525754,48.55113139852784,50.955807769626055,52.796327283244544,54.16529007469726,54.77684025113858,54.66301037647918,54.38542348786111,55.02782058442233,53.045637657068944,51.81286076148712,49.65690771440101,48.244772943943566,46.272224337917535,44.616185639540156,44.35238988596065,46.95455407884371,48.840983483140135,52.13491193830335,54.675341138495924,56.84107151821446,58.25156628777182,59.362643536856474,59.845246130588265,60.098268099850486,60.0293673640974,59.66783544587753,59.28031568179206,57.75107788084082,55.84613876171783,53.794360584748674,49.47595449308788,40.8278537031645,43.98113691730502,51.07932062172105,54.508062493884275,56.77505666356831,58.49702503628639,59.57013137540518,60.2840856511547,60.435842813439166,60.52513108527898,60.170254050001915,58.985463821609486,16.127838567197355,55.695915875969135,53.94160886380134,52.18412078727354,52.23527090674808,54.84954347420982,57.27903018383838,59.25296617548857,60.84112783245831,61.90975937259993,62.534121586555294,62.92909016204028,63.18915427812783,62.945389699060826,62.41662260422507,61.46569860599547,60.10233789549635,58.529683003079676,55.52684030469258,50.84679924330728,39.91447598003803,43.863205738940465,52.05274755104436,55.936404485023026,58.39757640488025,59.851052378775606,60.83494378190117,12.552725051033061,22.278867046136735,18.633228601204557,20.043213737826427,10.0,23.180633349627616,13.979400086720377,16.532125137753436,20.969100130080562,15.68201724066995,21.13943352306837,56.3263745158962,58.52546474641639,60.199388004276216,61.47486491433408,62.397970681566974,62.818098551622484,63.07847182390316,62.94363261914816,62.534640099974006,61.87428776038651,60.579291868905266,59.005855866499616,56.27468272459709,52.22825681177077,44.366873013575905,46.1215844626928,52.70525117598772,56.61481397843616,58.525903831191584,60.42338022701052,61.40378552442715,62.15300411623427,62.30024126972026,62.29968377012989,61.80684590879713,61.35067104552771,21.702617153949575,59.21499194374012,56.816789303450335,52.611986122527895,52.82678746441669,49.301795519224356,52.83527364861694,55.81956481485185,57.96203012299381,59.5868330972675,60.497241460264384,61.193964512165486,61.37570887959872,61.33385600908991,60.85654419510589,60.38908139185905,59.01822169834634,57.471398031020364,54.60857266636141,50.99680641109251,44.44825199509748,43.2888903983956,49.62321972729584,53.779342849881495,56.07202952043125,58.0418033726751,59.045510988030394,20.5307844348342,14.14973347970818,23.117538610557542,23.443922736851107
18.325089127062363,11.139433523068368,12.552725051033061,18.633228601204557,49.92540263474787,53.303528866773284,55.10229898375239,57.134989432928165,58.41687883142944,59.38459680314046,59.90722800283396,60.13047996115232,60.0507836404248,60.199400448452174,59.186681971006834,58.2382686871778,57.567463791838016,55.62131014988019,52.669369111591735,45.80069222725036,35.68201724066995,45.77778936695224,50.46311730806938,54.060766857454546,56.043167917053424,57.68857782408131,58.492283313366826,59.224166203507025,59.27626962444954,58.55699619919258,12.041199826559248,56.475120655014166,55.50699093264708,52.94565419156153,47.259197956484364,43.627274502752,45.06694403035668,50.30721129360462,53.40454030126061,55.8012289946211,57.00499498823546,57.73822269142698,58.167879679220995,58.08219077877804,57.634579438737596,55.81419402276489,54.14185893345503,53.22372304879718,48.84370487526471,47.03067723380233,48.506523605909535,50.53128403691646,52.257330290675334,54.08384140717498,55.758399518642776,57.0917834232031,57.40786511965076,6.020599913279624,15.68201724066995,0.0,9.542425094393248,0.0,12.041199826559248,10.0,18.633228601204557,3.0102999566398125,13.010299956639813,16.020599913279625,47.82329268996837,49.62885257004609,51.70886297979714,52.03495235193291,51.92570240840321,51.770889894134754,51.586669946444886,51.11759717971937,50.72459455729878,49.756201917069525,50.0291301054079,50.027706281011945,51.255463236711904,51.920095926536696,52.55663194353217,51.06483275920988,51.78568345758811,52.423674769114385,54.28110485821543,54.29979861708131,54.95695551149849,54.95884147536132,54.94610920190486,55.28876866708516,55.02248175648621,54.73749657013478,16.127838567197355,53.1895814487584,52.38028530164176,50.77673076169543,47.32626929439974,45.83300815513483,44.76498319418576,45.31031618926746,48.46646328577117,50.04871418319911,51.91009229168265,53.38362851213206,54.14560572113419,54.50449268862664,54.623410866174034,54.10034503205366,53.44506236468704,52.90096967119101,51.02725195760477,48.85299011939668,47.330366829335794,47.6120591918201,49.65794158105112,50.90853872851466,51.649236075676946,51.871398411728784,52.13172309046819,46.32922719766198,50.961310591451856,54.563311059445965,56.79224330157788,58.44969593939146,59.59099135330913,60.456999861643965,60.90128909621184,61.021334378661926,61.024014582903845,60.46011825780659,59.65333898400371,58.398210736452185,56.46191919258955,53.57084474044386,48.7520600409689,41.08192805135042,45.906746805752014,52.22427712372857,55.2764149908542,57.400483044506636,58.94515437848598,59.74566954690861,60.322757825941736,60.352023244916026,60.01661468574898,20.681858617461618,58.14146337362005,56.4316930561244,54.3395534921319,51.80125875164053,52.509686233850275,55.14729666677964,57.37141733408087,59.634931624514785,60.96106694310193,62.122635326909986,63.00192085254284,63.626756400524215,63.72956534273676,63.58066067919182,63.111369367729814,62.364054920725216,61.258487152772354,59.51909400379088,57.186444926348386,53.306937421469996,46.268944322793274,42.55393125707304,51.384290200060036,55.67176989612556,57.853939065193316,59.6862208729054,12.552725051033061,18.573324964312683,20.170333392987803,15.68201724066995,12.041199826559248,16.989700043360187,15.314789170422552,18.129133566428553,12.30448921378274,19.86771734266245,15.314789170422552,54.99634854192226,57.185963431231826,58.930451121206545,60.57188954603609,61.68333929366598,62.51803634459697,63.017600821166376,63.10371454163523,62.94168290565879,62.50217446979132,61.65097062566561,60.484173300948754,59.03202888880629,56.670988352059496,53.26157599726778,49.04482921809529,49.72966118095299,53.57095925095734,56.34820740843555,58.622864567943864,60.20852486871316,61.174651930306894,61.72612562633909,62.17978495023874,62.03165658513817,61.7393703600539,32.04119982655924,59.804333603049784,58.736303694400256,56.509531410641294,53.9232579820656,51.44440318423328,51.43130388437864,53.17965190024577,56.240850196640736,58.38699264770577,59.582331392908316,60.596667729894534,61.169277024588204,61.41590543524069,61.42384459813533,60.60211536011476,59.718790803723124,58.852220877961905,56.690573423013475,53.68020832929667,49.33613812097788,43.325596414674045,43.79087862643168,49.81999714129878,53.65596544941934,56.3537113735108,57.81741017572784,13.979400086720377,19.138138523837167,15.314789170422552,13.979400086720377
15.563025007672874,6.989700043360188,16.989700043360187,13.979400086720377,51.113700655372526,53.42890282601041,55.885473263131395,57.15309589010182,58.31307834221597,58.954562495196285,59.64622569435634,59.80440174880403,59.828860481643034,59.16492901701944,59.208076358713264,58.35519355980416,56.13022123685212,54.40987751476157,51.61394957607659,49.752663314709096,45.30558259451653,45.50680762286439,50.83516952744969,53.76009083495778,55.747683634247885,57.161210882911945,58.26981336911993,58.624206137802766,58.739114680814346,59.097084334419314,22.50420002308894,57.99937122095667,55.83303082831076,53.89180265177317,52.7367708723862,47.64303187919987,47.147487607250596,49.33011226540218,52.30461694557548,53.83258681708175,55.44966723894269,56.53907793197787,56.85971808953644,56.75477713195556,56.27309517569475,56.39862847508783,55.256821686263855,52.13873546757259,51.30259771279629,47.5581389778315,42.77952847038809,46.22265844991523,50.77149794716969,53.26376830173808,54.68886171118963,55.11210686068689,55.8405970545784,10.0,16.989700043360187,12.552725051033061,9.030899869919436,10.0,18.692317197309762,11.139433523068368,0.0,18.129133566428553,10.0,9.030899869919436,45.35446033231017,47.65489734629434,48.3511959042455,49.839553783692445,50.89145314564689,51.09929350220636,51.228741956063004,50.65508757984995,50.63952265968281,50.79806903039572,50.16753463268573,50.04600780332984,49.42761830059639,48.93212306662215,48.6712557474193,51.25292542454744,51.476392298898375,52.10813274743124,51.26991348422068,52.469734845098095,52.655913109209564,53.44506236468704,53.86791369331404,53.92353953782653,53.718986947787414,53.21656415366263,6.989700043360188,51.41578318084381,49.832924330659296,46.69177363142873,44.16074390922394,37.773543130842086,42.76484782109384,47.789611777193095,50.22906532929159,52.7460577313784,53.991699246250676,54.99913791123751,55.55318191711159,55.79749308856862,55.700441488710425,55.42280038855836,54.575988321432945,53.04029275879558,51.41615933722295,49.30979578356865,46.62767272763343,45.201952174943216,45.44886228470487,48.71584609971812,50.844332767865446,52.26352402824536,52.54306332331286,43.64832304539174,49.242172395610396,52.66664364002389,55.51309683551716,57.50188148547146,58.91707462669881,59.94292951188328,60.58212241259262,60.861497522137114,60.870786691682014,60.51921603913162,59.816646068521564,58.694253484237706,57.049368559943474,54.504415720858184,50.912095647341296,44.547381780865685,44.23213095757849,49.91226075692495,54.134959068646246,56.41396763503618,58.184502431393526,59.21360242037922,59.81956708065043,60.0108438129222,59.6743798470184,21.335389083702175,57.837621248119305,55.985552457896965,53.19971702046452,49.76886210168162,48.767372971406644,53.01203678722446,56.50930827437438,58.947645281603094,60.99852529705872,62.19069773530631,63.07574118325354,63.528907089791375,63.77851327356077,63.68392516280129,63.36260553152924,62.55102855849765,61.60626073102955,59.71739590887778,57.48170965102122,53.65399993905954,47.1226236720505,34.42479769064449,49.93898937429586,54.881274962474585,57.90598278109314,59.54666945464483,12.30448921378274,13.979400086720377,6.989700043360188,14.14973347970818,15.051499783199061,18.325089127062363,11.139433523068368,13.979400086720377,14.14973347970818,20.969100130080562,13.010299956639813,54.640750261793755,57.44859934517659,59.9530913202436,61.383560736261416,62.464160964035045,63.13868274480694,63.549516118714536,63.58535776531532,63.38475817286969,62.76945233363498,62.00912027899949,60.65010240244517,58.36557027539687,55.23439491586795,51.09328764196485,45.94933699846281,48.74551392016531,54.064192423880144,57.06386602541032,59.28488027623757,60.49246328441637,61.38207300828783,62.254958848550466,62.56845178041475,62.18527627977945,61.92958922387496,39.220504021671736,59.60973278899702,57.772506037397015,55.15398242781948,54.15362368356105,51.97963861770562,53.89536406215896,55.604147991101556,57.41086173884086,59.081315416562816,60.13090138125057,60.96228504818271,61.11303520954256,61.072323623797836,60.80718818790001,60.747733015087135,59.649240025707684,57.780390431484264,56.308517917151946,53.355561825452675,49.25296617548857,43.51351738992801,48.756457198482494,52.86099276244404,55.34321884301835,56.85741738602264,58.0225636745196,17.24275869600789,13.979400086720377,16.532125137753436,10.0
12.30448921378274,9.030899869919436,16.020599913279625,16.020599913279625,51.60567564179986,54.41185935211329,56.90841723698922,58.379733252424344,59.288319762435755,60.00515635617553,60.413358283407945,60.537175005213214,60.49516110040807,59.78025220906136,59.309205185188134,58.178680142707734,56.16837712499644,53.69453355252908,50.33118033269987,45.4979996418455,34.061994236633126,45.748411950633844,52.0581314067537,54.76593990810123,56.57129504486177,57.994239535591745,58.589682704636246,58.96766996782928,59.052571290816395,59.00264961837492,16.989700043360187,57.34541415490006,55.744595603602264,53.993777467195955,52.06210414410293,51.821292140529984,52.531562034054005,53.99024389964257,55.783744273537735,56.75741690804246,57.70449182366822,58.37937374834992,58.65765281176352,58.5059294048872,57.987397046567835,57.569007114742476,56.38613038199886,53.495533674405074,52.12414017957467,48.22756332951391,43.08457694189304,45.81426233724123,50.3984621555221,53.2777974063211,55.1753369781195,55.82868675457783,56.8529109224854,18.633228601204557,11.139433523068368,17.16003343634799,19.912260756924947,15.314789170422552,0.0,18.129133566428553,6.989700043360188,16.901960800285135,12.30448921378274,3.0102999566398125,48.6026611739679,48.99475774307042,47.95880017344075,49.08753019184534,49.67267091559786,50.04321373782642,49.76537964434474,49.263475922643885,49.31971194166093,48.50848328041025,48.35823692462078,48.35373452470009,46.436303060797535,46.676116982004785,47.58503130371339,50.845405320614844,51.59404753564872,52.40362012029688,51.980216728180395,53.195245300115076,53.66581702536497,54.147227211588785,54.889171740735286,54.79989685879913,54.896730724610606,55.055149037575134,14.62397997898956,54.274926007435596,52.59546099087022,51.13943352306837,49.911418675786265,46.29756080862766,40.33785516842231,18.129133566428553,38.96140251442019,45.26597709103452,48.6542380094089,51.160362775679296,52.20589208099075,53.191477162549816,53.50838954582554,54.41754817580613,54.38194140793337,52.99834040645858,53.365397807535395,52.16231899472034,50.785474376638255,48.77371345869774,47.00842115642654,45.77778936695224,48.40914935989713,50.26749744968129,50.292416955035236,49.67814648482728,52.528772925637604,54.93325581433696,56.74501987743071,57.995955364223605,59.097998502975166,59.61789257662802,59.826194337809156,59.830093584356945,59.23708641308262,58.50955460349881,57.33089681614949,55.230242095678676,52.75214577880669,48.93184537940178,46.52449415658162,48.85587356189656,52.58206126068828,55.29693366815967,57.43862387810378,58.785798124494626,59.84750928674223,60.350268783517194,60.603532893070486,60.43607850253799,60.048654059743356,21.335389083702175,57.92798474887412,55.95175342668466,53.51651389099593,51.093895353760786,50.48845610629151,53.53456508354122,56.514650693228404,58.50183517212842,60.356290276156216,61.44935813433374,62.180110945435786,62.57015830344261,62.743892573199176,62.52732916176359,61.98210743781222,61.09522527064649,59.86070925245893,57.80543403307787,54.88282724898554,50.396718430676955,44.59874769298969,47.5100951133749,52.7544265981214,56.2319655143731,58.48917873535166,59.90311321953854,17.634279935629372,16.020599913279625,9.030899869919436,16.989700043360187,23.521825181113627,6.989700043360188,20.253058652647702,24.60897842756548,6.020599913279624,18.129133566428553,24.62397997898956,53.06425027550687,56.46729080096642,58.9868624687937,60.49344027341476,61.71226068821419,62.41029202852673,62.74328068578277,62.93551923277582,62.80087577109249,62.177620668170974,61.5820352328775,60.38351873448352,58.089182359285935,55.75087344949354,52.228620784183065,48.43513078608807,48.69636481314028,52.003825864409805,56.4033234004778,58.41457707518745,60.0264114900004,60.90149377515282,61.32623370939034,61.01015647955152,61.06369407637132,61.01181160524603,37.49736315569061,58.69725595503233,56.7574627233213,54.250726188970035,51.133583312670936,48.779296945519505,51.37812853695169,54.40318606811914,57.1851912672774,59.25718343297139,60.616590214378576,61.0860594830948,61.30046717593775,61.544635356312014,61.33618734577942,60.98615002602695,60.164085918361465,58.483178462044194,57.04461106548124,54.371430768815294,50.19602262029342,39.894498176666914,43.37599011739989,50.3803965526364,53.64094887423449,55.37623933418619,56.85478395730111,20.969100130080562,10.0,18.633228601204557,20.969100130080562
20.253058652647702,22.576785748691847,18.692317197309762,13.979400086720377,45.93341458192256,50.600175425316,53.592623666497666,55.44421540238881,57.01731138614643,58.00583058517242,58.617840434934436,59.02884191229421,59.15075708442909,59.19754123489777,58.48620117434134,57.81218815273667,56.97732240065313,55.450843442209276,53.32684826891548,49.07008053689199,42.86389097228518,35.89949601325708,45.52278757969826,49.76666297985018,52.86905352972375,54.64467191274393,55.42959801022849,56.50216185381772,56.71821484803261,55.83701946467944,19.030899869919434,54.14281266376789,53.11066920930027,50.529938823435565,44.18715496865595,42.96774846740312,44.55834228396568,48.37796698146687,52.04130839882257,54.168168516657325,55.42748267503902,56.30514318484594,56.904521496343264,56.96574791796473,56.61506963320299,55.15834119838739,53.82881167181435,52.370860804468606,48.98044692737439,45.45616332913136,43.737393183514456,46.36818756847542,48.415659302759735,51.331938904475685,53.54177613290087,55.10616046395295,55.78341174838012,16.532125137753436,12.30448921378274,11.139433523068368,16.989700043360187,6.020599913279624,16.020599913279625,6.020599913279624,15.051499783199061,21.13943352306837,9.542425094393248,20.253058652647702,48.700350080517005,49.69984037661967,51.614877910874526,52.639152526685905,53.255177157896874,53.51651389099593,53.71173189011216,53.9126158793045,53.905624426423834,52.50090496693734,53.31753148193503,52.39231889135539,49.10928411305619,48.162214081859254,47.61303749356564,48.35373452470009,48.78912255172237,50.34042586149618,52.74531920596871,54.0555978318944,55.152179347272934,55.9167219408939,56.43552355370463,56.60289513824215,56.607478801716624,56.99505593336197,16.989700043360187,55.726032786179005,53.801117044870935,52.149312277805365,50.9393972754777,46.53482657416997,44.17803722639881,44.39900852983485,47.35031711319773,48.60367956881816,50.97396150641502,52.677746269290324,53.307728310644606,53.72149478375664,53.70346519511229,53.96635166983693,53.38251250932742,51.255463236711904,50.69260986284746,48.716896656855155,47.25274417501015,45.04076488182426,48.54063011866421,50.45987605660968,51.65650823072157,51.69115780235715,51.44925859300052,51.238026576241495,54.355401896711264,56.87462072930203,58.57406078984578,59.73811559957126,60.420858184755495,60.88068014352932,60.934164315681784,60.735823600673896,60.07663299934908,59.28091022169105,57.78054247116917,55.25196459524095,51.75850882932166,45.17829057311647,35.30071568837378,48.43332461229658,53.604002667109604,56.707670647571206,58.55994378369893,59.839783603585374,60.73671803211104,61.276829325289384,61.29315038719249,61.12747397288714,60.68085628376812,19.138138523837167,58.480344683041366,56.6267190840442,54.72630675802176,53.528806881892436,54.69481808098638,56.9808313868209,58.94799389406019,60.670503875283245,61.856044757486245,62.688633518425476,63.28605051811893,63.56929855292506,63.51241493066763,63.14191976487216,62.51838898416998,61.433408673428616,59.667722929009656,57.37641817635563,53.61895856593488,46.67125941485989,41.67346877585636,51.79071848962589,56.26981581845435,58.97640284846446,60.61964885447941,61.83272691506136,15.563025007672874,21.613680022349747,17.634279935629372,6.020599913279624,13.979400086720377,19.86771734266245,18.325089127062363,12.30448921378274,0.0,6.020599913279624,23.673559210260187,55.59462532347354,58.08470931460002,59.854668925779,61.34451563823425,62.25658644822139,62.93814295368314,63.24756627049961,63.06561621171519,62.73888873020452,62.05855858280665,60.913591500220925,59.308191816370126,57.11484972632117,54.09014557641911,50.97066330886012,49.702399168814125,53.881740517357024,56.8025662604164,59.1090655127899,60.514928759200586,61.83499033726774,62.627236841405946,62.4420188606765,62.58762238130778,62.23424288143885,61.68182697483193,34.42479769064449,59.95690026297882,58.68341090322328,55.75087344949354,52.88886111222446,50.98892811366654,53.71706821326747,55.31306442342638,56.661218806546465,58.52588553687891,59.58915380917212,60.338739015809,60.883774538964204,61.108444889802556,60.934164315681784,60.181693696544734,59.394598450574954,58.50338015647411,56.3802676170918,54.0350829485568,50.690017170456,47.808715300879754,49.50973024874478,51.866653906216634,54.38075369682566,56.04632069020026,57.358702489615546,17.16003343634799,23.521825181113627,12.041199826559248,13.010299956639813
12.30448921378274,6.989700043360188,9.030899869919436,6.020599913279624,13.010299956639813,11.139433523068368,15.68201724066995,9.030899869919436,15.051499783199061,19.030899869919434,0.0,18.325089127062363,0.0,6.989700043360188,13.979400086720377,-inf,15.563025007672874,13.010299956639813,16.989700043360187,11.139433523068368,19.084850188786497,6.989700043360188,14.62397997898956,6.989700043360188,-inf,6.989700043360188,3.0102999566398125,16.989700043360187,14.62397997898956,6.989700043360188,16.532125137753436,16.901960800285135,13.979400086720377,0.0,16.020599913279625,9.542425094393248,10.0,6.989700043360188,12.30448921378274,9.030899869919436,6.020599913279624,9.542425094393248,0.0,15.051499783199061,17.24275869600789,3.0102999566398125,14.14973347970818,0.0,15.314789170422552,13.010299956639813,14.14973347970818,9.030899869919436,14.14973347970818,6.989700043360188,13.010299956639813,13.979400086720377,11.139433523068368,6.989700043360188,0.0,9.542425094393248,3.0102999566398125,6.989700043360188,0.0,9.030899869919436,6.020599913279624,15.68201724066995,18.06179973983887,19.030899869919434,34.16973172603036,32.73464272621346,29.138138523837167,22.944662261615928,21.84691430817599,13.979400086720377,26.24282095835668,28.898617212581886,32.263420871636306,32.84205067701794,35.689054149828785,34.87703863163726,38.07399712759485,37.6774936734558,36.60865478003869,35.42202782434028,34.360035356698965,35.63955464995813,33.07282047033346,32.04119982655924,28.965262174895553,27.331972651065698,24.29752280002408,25.622928644564745,26.11723308007342,32.065560440990296,14.62397997898956,33.64175632770619,33.67169488534681,33.84711742938282,32.58397804095509,34.73778834646725,30.87781417809542,30.52693941924968,27.24275869600789,24.16640507338281,6.989700043360188,19.030899869919434,27.867514221455608,28.790958795000726,31.550322287909704,33.51989455435632,33.31629717629932,32.387985627139166,34.97620649781288,33.44392273685111,34.15140352195873,33.02114376956201,32.003031829815846,31.156105116742996,28.506462351830667,23.54108439147401,24.60897842756548,52.93594558484912,55.72198737629316,58.07971132929521,59.94535345127414,61.35649361112805,62.14124283049166,62.99531050232892,63.30209972425875,63.32302090240043,62.96951335518908,62.28420122245686,61.16310808199071,59.45733414156193,56.928337052481545,52.986129477599476,46.511325785504816,47.85422379711513,53.769636354108826,57.36048927642721,59.35509281107656,61.15614837957935,62.082047950273385,62.52064519964391,62.55252478840476,62.17390495044877,61.49206792069784,23.54108439147401,58.40888625324956,55.63529733144405,52.27570505383576,51.57305630327966,55.13703578017203,58.59520764496534,60.91120845119562,62.97591136045532,64.28638154170281,65.23268349768972,65.83143661563713,66.1115910214186,66.10096598546694,65.78960858349761,65.22020035005545,64.262582558776,62.876147639733816,60.77385349398362,57.62547280442118,52.1539960109389,35.8849580100721,50.58213380702655,56.75947811725123,60.093272189982414,62.13036446161938,63.37189215907148,63.78210696038592,63.71784687890023,18.633228601204557,22.30448921378274,6.020599913279624,16.020599913279625,9.542425094393248,9.030899869919436,0.0,9.542425094393248,11.139433523068368,10.0,13.979400086720377,3.0102999566398125,10.0,14.14973347970818,11.139433523068368,9.030899869919436,20.644579892269185,17.16003343634799,14.14973347970818,0.0,13.979400086720377,10.0,6.020599913279624,12.041199826559248,20.043213737826427,0.0,9.542425094393248,23.979400086720375,23.54108439147401,26.020599913279625,25.276299008713387,34.8925516836926,31.798389280231866,31.18264726089479,24.60897842756548,17.634279935629372,32.67171728403014,36.5991620006985,33.52182518111362,30.253058652647702,30.530784434834196,26.9284691927723,19.084850188786497,20.0,14.62397997898956,20.969100130080562,-inf,22.14843848047698,15.68201724066995,20.170333392987803,-inf,11.139433523068368,15.563025007672874,19.54242509439325,16.532125137753436,13.979400086720377,13.010299956639813,18.129133566428553,18.633228601204557,14.62397997898956,15.314789170422552,0.0,14.14973347970818,18.06179973983887,6.989700043360188,16.532125137753436
12.30448921378274,14.62397997898956,16.532125137753436,12.30448921378274,51.746905745096434,54.76688192040598,56.96699668986259,58.64179300512143,59.58166195133478,60.367985085187414,60.80788775961753,60.90206188511373,60.925862662338815,60.75326473611007,59.92173841275883,58.92998441688725,57.93860201342669,56.19161183838646,53.52114955936983,48.30177915464808,39.445320209919814,42.32792884145159,49.753812527699736,53.0209921429065,55.67621494816731,57.21991876784905,57.98154617550327,58.76387020777692,58.911961320214026,58.378572641007565,11.139433523068368,56.76844443617351,55.97012500221921,54.29411491550493,50.30700897151476,50.177176488793826,49.49282639682136,50.563292203144535,53.38952262478515,54.86386551253037,56.028117554900305,56.83238013733133,57.248212630855626,57.13612330077951,56.78297078307566,55.665612219782304,54.55096220900583,52.37025693973722,50.21553126767309,47.91781848301057,47.469842952740734,49.23787841731059,50.254533364630454,52.68577971882843,54.37758487829866,55.77915547178896,56.302264458670734,15.314789170422552,6.989700043360188,15.68201724066995,12.30448921378274,0.0,16.989700043360187,3.0102999566398125,13.979400086720377,22.87801729930226,16.989700043360187,16.127838567197355,45.04130905935453,46.32993501996027,48.560881507078506,48.93173429954196,49.2453771777549,49.13161921590438,49.394194033293175,49.84455299998372,50.26851820942929,49.08753019184534,51.3335046032572,51.442160394166365,50.73340698164333,51.27428777851599,51.35326688341679,51.71214357009491,51.57227017877411,51.4109843289726,51.869902192786924,52.27171714809997,52.792493279340285,53.28389798025231,53.710475331180675,54.05452231099864,54.483058425363865,55.07371403692172,15.68201724066995,54.612733676237866,52.975963889776736,51.590435588485974,50.03257986466232,45.96212107141384,40.65691728093271,38.203985227039816,44.83515978390542,48.39760780961321,51.402817235670824,53.47111349122309,54.446021472278254,55.19761073156091,55.65115509819377,56.15590268982932,55.84192092132209,54.37219257480142,54.044231656375096,52.18540756629541,49.648156991197524,45.705079147210334,44.91431735682969,46.535212356521455,49.22481520433897,49.68207340965591,50.94153065315007,48.59282437515536,52.249705033330116,54.92193061849526,57.05210069097886,58.38335186372668,59.405493546012835,60.079064499418834,60.453014591575595,60.502126580319704,60.06142875407409,59.6305930132197,58.54078205222329,56.745194470578404,54.42512692668877,50.8036669825053,44.52476461326989,32.65996370495079,47.542030368453084,52.842050677017944,55.66343198218278,57.56755503800204,58.67267678225815,59.48190381734162,59.8398917499152,59.786319302469735,59.55092893519427,10.0,57.46722138557712,55.45475357519629,53.462610194881734,51.83545995635554,53.60943509901744,55.940133441397364,58.34458853790505,60.212575399840205,61.537895678590466,62.539369282367005,63.24071843453307,63.68266425151251,63.76518743096402,63.575844128689894,63.05279124355816,62.20613511435572,60.800709995910154,58.96222987333409,56.17445946144894,51.19638533425346,39.742813588778304,46.809697184658965,53.52876833977717,57.29488769179561,59.437595623947885,60.972045384928265,16.127838567197355,-inf,13.979400086720377,14.62397997898956,16.532125137753436,-inf,16.532125137753436,12.30448921378274,10.0,11.139433523068368,18.129133566428553,54.39378489742794,57.66059467287067,59.749650933775335,61.470815054955644,62.4732551300456,63.280863046732335,63.695618559605464,63.69296213014507,63.417559220404925,62.72740153644496,61.71369512891203,60.16984060783058,57.73357056248471,54.01913807820759,47.05179244873676,40.68705219691942,51.695127923678264,56.50052895584449,59.075516238394776,60.92480628917884,62.22050475975244,62.95051577924682,63.18923763179416,63.47864697808143,63.16655444591795,62.71939137660365,23.05351369446624,59.49210396060682,57.95692361591331,54.73797799057195,51.30057018665745,49.91956670920119,51.39642992629778,55.68639319320888,58.138344198368024,59.79724970093817,60.92347580591841,61.71413122205902,62.01656257978711,62.07477637693021,61.8357303200689,61.00510117342411,59.912141102715296,58.53057855045955,56.04836013554067,52.73031382104014,47.83059886133313,45.72511476220182,50.16753463268573,53.68342679324223,56.00542742078443,57.710771975082494,58.736443125037425,6.989700043360188,16.532125137753436,10.0,15.051499783199061
17.24275869600789,16.020599913279625,11.139433523068368,20.5307844348342,48.427652081817854,52.38610570005447,55.54422526729156,57.2560539572208,58.47323979042639,59.32986903016893,60.04494197195042,60.24735581922131,60.46620010929238,60.17068833070412,59.807494440331496,59.06234269484132,57.56754743422826,55.93096575798307,53.58349895088257,50.539883550351334,44.717169939771594,43.90581878550435,49.88772930186559,52.91626331164747,55.26449129659002,56.88571086767393,57.88243340590378,58.43677437414783,58.63907871092255,58.51997243779938,20.5307844348342,57.22144242753806,55.62987180322829,53.57877699229873,50.52201282670431,47.89221001247678,48.00751435663986,50.361696097095994,53.47363196099689,54.95544337546448,56.65728232218552,57.52977535298367,57.982251184427696,58.13197893334538,57.85546216380048,57.60839236261341,56.60394895496093,54.42194326559684,53.10059991348885,50.11016121367881,45.59870731446943,42.98787599944235,47.30305743422815,51.305814065834966,53.57105467407888,54.6425102237956,55.81864360429038,18.325089127062363,17.24275869600789,16.901960800285135,0.0,18.129133566428553,6.989700043360188,16.989700043360187,17.24275869600789,9.030899869919436,15.68201724066995,13.010299956639813,44.78176754287997,47.79921008715502,49.19355324444419,50.908996713132034,52.04296378961124,52.85872227069257,53.049943272557414,52.864138016988484,52.54840408484857,51.84952496729405,51.06394903130426,50.03546693102132,47.33100922928061,45.791545571624525,45.637301992926105,49.03578293663054,50.3074540676715,51.505722476689975,51.4888016912823,53.1914146796792,53.651977342804564,54.280634860958735,54.95828686511949,54.84880408982192,54.84826369084443,54.87177983591154,19.138138523837167,53.60188084898986,51.72337253202904,49.826058727435466,48.69964706372319,43.62670929725667,40.10723865391773,43.11011748981288,45.740891697985866,49.27288219198812,51.696274172262505,53.02781010697318,53.629835845489175,54.22105378991983,54.48590389535951,54.991507552345176,54.48152666704008,53.158549378706674,52.814560869706455,51.712846231439585,49.73072408211802,47.80439732797957,45.74123907335984,46.8417186270059,48.75483771100341,50.410846216538104,50.81840380564728,49.76922851374829,52.90179352067709,55.185205200474606,56.851046047195624,58.091285728420594,58.9931097422255,59.51761890112607,59.62897555904113,59.575775988812396,59.012713765145065,58.19849808007148,57.02930032424567,54.97550217938243,52.49895116071559,49.542618109873786,48.37903944592942,50.076837809750224,52.87210328765826,54.945344355336694,56.749061287450544,57.86751422145561,58.742567844295024,59.23402056479525,59.14898233675936,58.913484231757266,58.27999576477439,17.634279935629372,55.55018228652531,53.04990023752529,50.665532646766465,50.45279938462093,52.123154759767445,55.27615724855703,57.62331889905422,59.230169652745595,60.6957486526164,61.639400799270376,62.13341878606889,62.326304888359665,62.373308112863555,62.05609498389184,61.66650905482817,60.745579073124254,59.59526004471012,57.589300506726566,55.212034845748626,51.533056032210744,47.78049903180232,47.645123748551576,51.64367728628462,54.75906427967832,57.09612511336402,58.47427047379503,20.043213737826427,24.29752280002408,15.051499783199061,18.129133566428553,16.989700043360187,17.853298350107668,19.030899869919434,21.73186268412274,16.989700043360187,20.681858617461618,9.542425094393248,54.576109456367604,56.6290225778537,58.68764308284057,59.96569895233155,60.99755203554065,61.62265614298022,62.17257525654587,62.14672744690794,62.08171451013822,61.40394898045077,60.79407382205769,59.63706625568971,57.44330542102368,55.04911050643724,51.4544814311254,45.80879378060804,46.35131745247176,51.89403277642206,55.905877349558494,58.028810887659496,59.266618751835374,60.549135864996664,61.22603783978925,61.41201982405916,61.18907918313566,61.28431581093246,37.986506454452694,59.329407859307636,58.70193145234065,55.51298700510113,51.72211656479226,48.9436591505696,49.19559212435094,52.36751333029696,55.16266914135375,56.94292745481163,58.623413171036354,59.45457259844603,60.032545380630594,60.158298468522375,59.92964202399729,59.56001214128888,58.69430041381078,56.940055464899835,55.39038441569298,52.171706127665765,47.71572783695789,43.11435968289161,48.855704000615965,52.68093332188385,54.86573567001636,56.57825230554997,57.645123748551576,18.129133566428553,10.0,23.010299956639813,13.979400086720377
6.989700043360188,11.139433523068368,9.030899869919436,17.24275869600789,50.13721778051063,52.651882314917444,55.1057851929053,56.257989586686634,57.53338651615404,58.041728383183596,58.645454910065816,58.801055726072974,58.88746571686464,58.29124227336546,58.16062240931099,57.23788038707217,55.09596301288682,53.309674501376804,50.52324499887814,49.303835202629756,44.576548542184604,41.640255242878396,47.281670358377,51.06982584113746,53.38362851213206,54.900329636764994,56.27079988565809,56.480886141403495,56.75581306871443,57.33308032196955,20.681858617461618,56.39486489268586,54.234244715429405,52.45386802880696,51.821292140529984,47.38225448142505,47.00945885580283,48.58085826163788,50.32175376961363,51.703849436420455,53.083103783773886,53.94985464824586,54.073178076631095,53.96467863869038,53.22808294799657,53.43371169991216,51.88197016558756,47.17212671793928,45.9440360098501,39.42156928467491,35.71126277084311,45.78925589458768,51.394666255491245,53.533429454226244,54.67005446218455,54.74440640165994,55.56790807438398,20.969100130080562,21.84691430817599,19.138138523837167,19.084850188786497,13.010299956639813,17.16003343634799,18.129133566428553,17.16003343634799,15.563025007672874,10.0,19.294189257142925,41.86956335465412,45.02167558310291,45.03845136631562,47.87233703685299,49.940970895882096,51.52609358956373,52.12414017957467,52.69328446625221,53.007019794884506,53.85169972811511,53.33029909476089,53.06598710609152,52.91022342422967,52.108774178816724,51.03560858510008,51.55691224030103,51.15946502305206,51.69233451301097,50.23548749088589,51.73690223859615,52.36587640756995,53.23676902621819,54.438901095470754,54.539189025401946,54.57392851042854,54.131203080537524,21.335389083702175,52.33919590962412,51.387983006118546,48.94869656745253,44.03274985811686,37.63502865467597,34.807253789884875,45.455792385618764,49.13564856132247,52.039923899107634,53.95223268655979,54.994258776547305,55.703210661416776,56.14961512155496,56.2009960186871,56.23482919338869,55.611801222136485,55.03845136631561,53.869998542080914,52.58512770317593,50.83835737807259,49.17720765433768,45.58384528375029,45.34660575828444,46.8756463075446,49.36242223569203,49.73681918503984,50.93116871606861,54.29986316187451,56.778851405311414,58.573427504854806,60.09707911867049,60.904686223511405,61.40239275533125,61.59963110934779,61.381087226267816,60.97303479234486,60.02468881961151,58.594559429015916,56.67592091626559,53.626878866628964,49.250283147631315,46.78918801456555,50.22036380699923,54.311900116134,56.89876889263492,58.82174342927602,60.1678271248684,60.93370197199913,61.480619177917355,61.481786406276306,61.12163110035323,60.27132610224966,26.273658565927324,56.83465813310485,54.23201622810726,49.43420313471449,47.86786902271548,52.222611335228095,56.70269051946057,59.376031377636195,61.37899801911371,62.720761086829135,63.76868274576077,64.25313267521044,64.45494136926357,64.40521190921582,64.0119265010168,63.45805261670637,62.214810071162844,60.94827711630637,58.361518831641106,55.22183317618686,49.71243368235365,44.255994249848214,50.401036832277754,55.34032455344253,58.15716514450307,60.02147479605024,61.185441326398205,20.5307844348342,15.051499783199061,25.276299008713387,20.043213737826427,3.0102999566398125,20.374264979406238,15.68201724066995,16.989700043360187,12.552725051033061,14.62397997898956,19.86771734266245,57.107780396973,59.425779696100136,61.602634909270016,62.586382403734774,63.585306406515436,63.89398945578033,64.07825151758479,64.00971549343376,63.67547676550019,62.928428586314695,61.914859466573056,60.38351873448352,57.86650642779479,54.60947430644846,50.6275491556159,48.91587630003322,52.089838855308614,55.9315309937685,58.256519700620075,60.04921661096627,61.0954783812807,61.47911799463347,62.23488153185183,61.67586986298369,62.1076168609592,61.56321950446713,39.37417581477138,58.90586432812399,58.07362493656892,55.48721001589901,54.022407422264614,51.550717359391314,53.934418236764216,56.149741594526176,58.04660681849636,59.31421254153981,60.39181243179708,60.89145314564689,60.99998133076532,60.918757907161584,60.52205903947039,60.30739337542708,59.2364392435833,57.0220471354945,55.42322399446682,52.54328094872524,47.76119799052988,44.063698354692676,48.99957223499185,53.141201337890365,55.38906615567578,56.816988150027385,57.84782706644361,23.010299956639813,12.30448921378274,18.325089127062363,10.0
13.010299956639813,18.633228601204557,10.0,20.170333392987803,51.9973598452274,55.01345500823648,57.16197062577251,58.80120454036614,59.90622962726037,60.700885005444896,61.1709223659508,61.389875535502334,61.29655095698499,60.733142868924986,60.49996727620201,59.51672583236796,57.44644189225796,55.302009793058595,52.62681228550089,50.485699753140246,46.247872752921076,46.93419141350055,50.863918676105904,54.234981830850714,56.01647215470563,57.39750297528551,58.432358935422286,58.54964576553595,58.60852864376956,58.7655267265372,0.0,57.01315796563285,53.962080677809084,51.010662374919605,49.963233786932534,44.92997719864907,48.91882971772194,53.02003893983571,55.13069701612966,56.859288478707235,58.01149096291846,58.76867064254962,58.85289397166825,58.858235427265164,58.459162241344686,57.89801328478234,56.868730113862085,54.62954735885602,52.56007770218247,49.023619338198614,44.6521921653919,45.147734739975085,50.206347026276035,52.415788522585416,53.932680177494476,54.58258525453489,55.46820177800267,9.030899869919436,12.30448921378274,13.010299956639813,16.020599913279625,16.127838567197355,15.051499783199061,15.563025007672874,0.0,12.552725051033061,15.68201724066995,19.294189257142925,49.767075400024595,50.676101329125046,50.554738962300235,50.97604328874411,50.84408246743902,50.56851513651226,49.89916789070325,49.03925200234529,47.92622784742922,49.571761304048465,46.50074282266017,47.15510306677597,49.39928394863652,49.21343065066323,48.74760048117548,48.79239282004893,49.72781203735423,50.256867301627686,50.603993964061644,51.91520876040193,53.31575073227667,54.5884324062221,55.25445210446061,56.04528441456295,56.55109608999769,56.279083856850264,9.030899869919436,55.39941314954773,55.47194849049205,54.269420889394404,51.33299341673748,49.975261750098994,45.66790912381592,33.64363354615731,36.38089721984506,46.34215203716743,49.50598492585955,51.528385098922186,53.13658455862458,54.16524014268653,54.59104370522141,53.60199454410137,53.11011748981288,52.85584310934058,50.36133645113013,48.49210509072009,46.26596966780973,46.74686653361548,46.674903099483316,48.620955843366936,50.563635508386724,52.37666871319917,52.71493102185657,48.30877247110405,52.00555033601549,54.15604286800026,56.4006085222471,57.84928817474503,58.996640407177864,59.61033616020782,59.86523175071181,59.85016687671951,59.62843627375554,58.72131205363493,57.57933249695465,56.11325996406292,53.58964123340081,49.33740299496935,39.866821797795055,44.06489083959762,50.59733770290173,54.35584794291807,56.76057702895523,58.35118320741414,59.52736276469251,60.02533220253267,60.56957420644625,60.48184180426961,59.779068845965604,18.06179973983887,57.63635357104182,56.02949383699837,53.733185036869656,50.88136088700551,51.66755638665237,54.5649053328028,57.281304891466036,59.45162205922203,61.04979851517358,62.04663867222014,62.81019724274845,63.2695203982525,63.436246040418865,63.255495271607785,62.60679213337636,61.765337244260095,60.53355842143312,58.37641459325104,55.472933930468386,50.536660727951585,39.41561120236071,46.01907961652551,53.227153478796865,56.759294938263736,59.094816793637754,60.60445498610815,19.54242509439325,21.702617153949575,6.989700043360188,9.542425094393248,24.62397997898956,6.989700043360188,20.969100130080562,12.30448921378274,20.827853703164504,23.59835482339888,20.253058652647702,53.91996594504001,57.22322072701886,59.76670880624812,61.42991366466384,62.45102855861096,63.176340482680224,63.58104341153481,63.665268018987774,63.46837275232907,62.827419407799425,62.07856438902215,60.74768548629927,58.39015852973664,55.345147298371074,50.4730602640858,45.64571384835559,50.06521662611203,54.52684786903042,57.58361487863736,59.93508974242101,61.08581935182454,62.382092467096584,62.998595161856315,63.10045954317401,62.33097687864703,62.340969584742155,28.382192219076256,60.104157247959726,57.942544547143925,54.72588255589326,51.79488595571469,47.7522439872954,52.04624556764227,55.91061266286866,58.14972368985788,60.077494844590056,61.20345208362602,61.93599278839996,62.2414158092988,62.33743418668969,62.12128451065827,61.669372346503934,60.771632480382564,58.808873017992596,57.29317900119999,54.15564254431849,49.26779608411234,41.246672176986095,48.0624782719579,52.65949289950623,55.7898284270279,57.79325874685415,59.02822813721369,17.16003343634799,13.979400086720377,3.0102999566398125,10.0
15.051499783199061,19.294189257142925,13.979400086720377,13.979400086720377,48.91230722978062,51.509773674219986,52.965072362747364,55.05931005673402,56.26136005820744,57.40969488034019,57.88129466798513,58.14910520963821,58.21176049414917,58.19257601626568,57.171127171763516,56.31802826728442,55.52528294791949,53.828613835632815,50.808140154738616,45.92953571547866,44.17122788878019,48.10319905924841,50.7018568637838,53.79620924025432,55.74115802159112,57.35587722858134,58.16111986964887,58.85377618862493,59.084984228224755,58.816362578137344,14.62397997898956,57.30564266477138,56.57715402868895,54.850197440100075,51.35081742080124,48.162214081859254,40.05395031886706,40.9173728299166,47.41387992479269,52.13751442825988,53.907320357906585,55.12952412979904,55.89606719461347,56.28545247928266,56.23253426516128,54.99160387463093,53.800845540115304,52.91539781406064,48.813618286025786,43.263358609287515,31.900514177592058,40.43165720207454,44.9572467799798,48.99979094877029,52.10706348455223,54.634300919028014,55.50327434295647,6.989700043360188,17.853298350107668,18.129133566428553,16.127838567197355,16.020599913279625,16.901960800285135,0.0,3.0102999566398125,-inf,11.139433523068368,6.989700043360188,41.3640344813399,46.232906498076645,50.36133645113013,51.569275555396565,52.590991034363526,52.964896822850456,53.45569756056392,53.549780784957505,53.64612899010631,53.5813290107102,53.408405498123315,53.17862845085274,53.032651933273335,52.58773726478349,52.39552222529592,50.23766721957749,49.531650888667684,48.58446960810254,50.697272812237486,50.21706008805968,51.2670272785754,51.96413862355386,52.13623993416087,53.48213320483249,53.907532302783935,54.019413486311755,12.552725051033061,53.89033116720925,53.80516949787189,53.1007487861379,50.91121549314842,50.172713008774615,47.64101376476229,44.59904894119978,45.34698614555115,47.338069364288415,50.23914716633211,52.629254693318316,54.3918421870289,55.3576234847312,56.25085982478932,56.00498068806468,56.1418510637786,55.90105874562201,54.708586679622044,53.47650006593219,51.55414992920584,48.233829264392476,46.32760888479439,43.164316693669306,44.13634997198556,46.34134536062571,48.535156967569286,52.68577971882843,55.254037618520506,57.04234621065595,58.44726248925716,59.344226955992376,59.82358535550607,60.07567708974656,59.866821797795055,59.49098101712856,58.685327651052745,57.32538500528158,55.437949734160775,52.8939717855732,49.09711106722524,43.80934463330702,46.09146011529596,51.214580701398944,54.1965841096058,56.50883285887713,57.97065238554574,58.89308987384908,59.334877940191355,59.326249296693604,59.2836512278642,58.67187492764229,57.45051357794347,11.139433523068368,53.66544355918661,52.442127761122066,51.917666994225264,53.537123972810996,56.386190267202295,58.42681615993015,60.01083081655915,61.27883561086208,62.092170721381095,62.534031930761614,62.882049440625316,62.938966404518666,62.67462021780129,62.16426664683796,61.021265721744264,59.722139502492396,57.92034300252241,55.03379338052681,50.62675977190742,44.66630398181393,47.68556709646784,52.904976119201265,56.030013893058985,58.08646399890157,59.260181484144596,60.44026770551496,16.020599913279625,20.170333392987803,16.020599913279625,17.16003343634799,18.325089127062363,20.644579892269185,16.989700043360187,22.85557309007774,15.68201724066995,25.2244423350632,23.180633349627616,56.91132790681668,58.71068884903665,59.8651779924683,60.9816903004182,61.761960561456405,62.30001623262765,62.61112922074942,62.509927468018375,62.12849199474121,61.487879923726034,60.515279765796265,59.11016906510628,57.431843139171164,54.44552217740483,51.08974096063983,48.30697709739533,51.25302306013447,54.25150946306864,56.5315074305634,58.69603058778253,60.01367176278894,61.04411990990467,60.87250288797773,61.63764970668488,61.47479997312625,60.7934805547183,40.6822297934645,58.4458775453922,57.23365355663575,55.12879091495617,51.44813859576314,51.59317492363974,51.362162392407,53.85634868178379,56.22393300863426,57.93243331965038,59.00813757896907,59.78763295100143,60.17602560019537,60.47219554609542,60.278390855180376,59.238784127454736,58.38038911300913,57.13793687381735,54.596352026024995,51.21231455149622,45.386742533031736,35.491259267581114,45.22509437992878,50.303770535558,53.75882991545229,56.064297368020476,57.283489114015964,16.127838567197355,13.979400086720377,13.010299956639813,16.532125137753436
12.041199826559248,6.989700043360188,10.0,14.62397997898956,53.11927544114219,55.05239542320829,57.04033773779676,58.25117652673598,59.05577869172049,59.59546979399838,59.98025995077561,60.09315316967309,60.1782270338296,59.522425697376136,59.237562668231966,58.406887375152856,56.387337907373706,54.42832392146397,51.57471879022413,48.95847791660552,40.49373100151531,32.619761913978124,48.46516484483867,51.886276060367074,54.623171217412086,56.3202176705472,57.15549603027685,58.055280431906084,58.533343225349206,58.64143080136019,19.030899869919434,58.035096921436214,56.89373687612368,55.757984308818756,54.54396619726631,52.57011024154878,51.248725016492656,51.02395969134299,51.3134273235669,51.644866930481484,53.02590648306554,53.857009859347535,54.568911207824684,54.55698894135841,54.30545877472948,53.948017771627114,52.959495504513,49.77942982873191,49.32240319398065,46.8304703823885,46.06982940624488,49.00498216638722,51.40272291029186,53.57624253505115,55.0628850766804,55.560623660519965,56.50914334019959,10.0,12.552725051033061,12.30448921378274,17.24275869600789,13.979400086720377,11.139433523068368,12.30448921378274,19.084850188786497,10.0,17.16003343634799,20.374264979406238,40.23869501388332,35.87149498254344,38.74423830586502,43.317308928154574,46.24746058172765,47.8915749191144,49.280372064068835,50.24690862355431,51.03889203582333,50.82013003641762,52.0811067227439,52.412500431918545,50.783190400212945,51.17536432710338,51.20580511375423,53.358448821990265,53.2794917360996,53.792148413786265,52.47128392535877,53.29682569297099,53.2006315959498,53.46466423955405,54.13482498213359,53.86534635090479,53.83114905342069,53.79142286647321,16.532125137753436,52.646502096461,50.433622780211294,48.51166586670228,47.192732666698156,40.71329586860343,21.13943352306837,40.16531940957265,45.846138761717825,48.695250628572275,51.381447441794876,53.251419601137194,54.55834228396568,55.332546119968164,55.779442413990196,56.625434638986675,56.62918302165862,55.60916411173562,56.03906156275556,55.0317079262493,53.95183060978988,52.08978517276254,49.040985496620635,46.8656477457419,46.2260771535978,46.96574791796473,47.055387247672805,52.222377032469254,55.24895695276142,57.371433244139425,58.86816605747589,59.96699446406257,60.689928250695985,61.06417337926501,60.98138196692409,60.707801526704266,59.671031582421215,58.71272210944129,56.913379243444325,53.63314828351931,49.56254896432293,44.063698354692676,47.57669275006877,52.632524894025174,55.75635768801821,57.91339703965139,59.38305527157599,60.33427776713536,60.814135632679154,60.943987984371894,60.68827178735157,60.059098749194064,58.87424863001507,20.644579892269185,54.01803627110751,49.22938142749251,44.15807727635543,50.610941891836234,55.11467575597904,58.35267483109484,60.58633251920747,61.998149434672925,63.156154217381854,63.80222822743377,64.1665415162491,64.0995880847106,63.8351897553094,63.2441519327637,62.41524566101908,60.92399540989443,58.903768604890054,56.05341684824821,51.232144261730525,43.69846425586201,48.21762373995988,54.09190639676993,57.30092345990705,59.42877260588575,60.779664192957945,61.683527928078654,11.139433523068368,18.633228601204557,24.84299839346786,18.129133566428553,18.06179973983887,20.374264979406238,17.853298350107668,18.692317197309762,18.129133566428553,23.979400086720375,13.010299956639813,57.772527797145656,60.083148061630745,61.812732020395885,62.77073751033867,63.49599388464651,63.88215268855045,63.97748877047959,63.81123206726005,63.39579027624143,62.452821344535245,61.50162139549941,59.95312205088911,57.23824952641037,54.52954236451703,51.008734839025855,51.087442516014406,53.82524924095863,56.4861758344614,58.73550769212607,60.245041391888456,61.08130850532837,61.74357864729184,61.97491449947247,61.901977467003576,61.71312433681808,60.73310985370583,36.991436873944835,58.55228923345324,56.13656863921561,53.941468672708424,52.02488317060094,52.35174807456458,54.971647120327354,57.2133733079146,59.25676086074575,60.40357040816513,61.44197032677671,61.97148733192221,62.17303082129358,62.22754957815457,61.75606025911934,61.512696168781105,60.56031193644837,58.64925006074082,57.32127471769846,54.45611986259089,50.58232370985785,43.2962158001926,46.87350569558028,51.207976010592375,54.12200060642963,55.6783652844605,57.03384247008373,19.030899869919434,20.969100130080562,10.0,17.16003343634799
10.0,15.563025007672874,12.30448921378274,10.0,50.6351724766962,54.37436616134682,56.883201364195564,58.61635356165632,59.76683711758987,60.61526363182694,61.24152277651756,61.53476439976227,61.6450631904572,60.98906991106624,60.91729196150596,60.12689623831112,58.135042631038864,56.321544965593276,54.04862782600782,51.916298376624,47.12961002740541,43.244059338035434,48.32508912706237,52.2663598752293,54.42813592808028,55.9983069169106,57.206983211559816,57.32433166238099,57.28829216207387,57.561140327250655,12.30448921378274,55.62417780518998,52.00251152152714,49.05045332403983,48.717188433187616,49.19940591856307,52.192622219595044,54.83993589381705,56.62086989741682,57.80383567603934,58.68894717346103,59.2279186832006,59.23355946458922,59.0243914356456,58.5228781241133,58.26160356768331,57.20844534209804,54.60804662318573,53.400096030661004,50.38620161949702,47.33076834043662,47.2161278899508,50.65669327731428,52.490711088182486,53.92508776831611,54.20107642427482,55.15016325332784,16.901960800285135,15.563025007672874,-inf,11.139433523068368,19.138138523837167,20.0,11.139433523068368,9.542425094393248,9.542425094393248,19.138138523837167,16.127838567197355,49.6049456080869,50.08723630094409,49.73589623427257,50.18121886065767,50.292416955035236,50.29517698323769,49.27780849347374,48.051268913028586,46.96085416309825,47.94606537815884,43.90316768470841,44.00019635065158,44.11097565508278,43.913762391696494,44.857923838352065,49.671031582421215,51.02725195760477,52.6157687509218,52.53573023001415,54.08036342045526,54.80868923687168,55.68859709704782,56.05094852792534,56.26246927541666,56.333482504728885,55.73811169427276,13.979400086720377,54.08587601018428,53.16484061545091,51.1304041808782,47.645123748551576,43.14730733844783,33.91816923613249,41.44418518602069,46.32102828062753,49.96660497582575,51.99790818646144,53.186058640550556,54.0819415840007,54.331631576797236,54.31611402247477,53.53312143576328,52.98634783124435,51.81277493451701,50.54371712799133,49.537258743835565,49.52017090047426,50.17033339298781,50.62600784448157,52.153625730082254,53.36239528754922,54.102878494014604,54.118956814184294,45.986810989071635,49.45370094490304,52.21896519382077,54.92839979114362,56.983798316115546,58.57031401878156,59.48865120407578,60.10905595493576,60.47235915459681,60.41102400489408,59.984938638751004,59.24602301682502,58.11870466865589,56.20549323291659,53.556449650953155,48.413219217583254,40.5922251252969,46.637480263583946,52.08102603660602,55.694687182765634,57.97573586337715,59.488358057315764,60.46854391483437,61.146376681731915,61.36569964492828,61.18159199225851,16.532125137753436,59.68447923393071,58.461991305696586,56.56399131873286,53.489373426608424,50.795430074029056,51.60135254085642,54.82072829694734,57.66342937922127,59.8762917852596,61.33122296841874,62.351103635429894,62.92518784357718,63.26419843721989,63.2754119763063,62.88053502962954,62.16653780424686,61.07557605354447,59.2131859972175,56.64250746351875,52.61740924436793,44.87025189528695,43.721937192757345,52.06291446051501,56.3351794213125,59.06216483705832,60.7068236166143,17.634279935629372,0.0,19.294189257142925,18.633228601204557,12.552725051033061,19.294189257142925,20.681858617461618,21.84691430817599,6.989700043360188,16.901960800285135,19.030899869919434,52.20518642318523,55.703806328549476,58.71272210944129,60.538709799098065,61.84768631863381,62.711203578175336,63.16591341002894,63.41879868451373,63.39825349964282,62.790335163794346,62.2636400765018,61.107162769130696,58.78044728783066,56.253916870389496,52.62261192708644,50.09166088828402,51.009905230699644,54.782605059962705,57.75538362973643,59.929920089270865,61.12546354415692,62.06938346435506,62.608402672445045,62.98252505655764,63.15739499608338,62.8373914764013,35.37189226243645,60.615165629543185,58.345643849667745,55.99940901408104,54.254885715320846,48.04200788288911,49.22922583981335,52.80764976747544,56.114790150313915,58.27932456525992,59.839783603585374,60.91558634208703,61.17171164316873,61.474741215958595,61.29690214376097,61.226748406295386,60.47679760433066,58.560034539972214,57.44350885193544,54.96942095825834,51.671784564865256,47.16937741220798,48.717188433187616,52.89129445351329,55.21266260146476,56.827027098830534,57.93019561462035,23.521825181113627,20.253058652647702,13.979400086720377,16.989700043360187
17.853298350107668,21.73186268412274,16.020599913279625,0.0,49.17799490936301,52.08210172854287,54.09557811889455,55.69613817379219,56.75048407068711,57.68837076469946,58.1119013626179,58.427870393125936,58.466642563778635,58.50426275796542,57.837213945308534,57.290229726330665,56.912804613207335,55.82708640535419,54.34097630513692,51.3545705792974,49.988040449818776,49.30872653792662,51.71108936487026,53.03602073356045,54.94382817038903,56.31388971392636,57.03216552623754,57.93849031432575,58.031360561125936,57.58660625007032,3.0102999566398125,56.085527750249355,55.675874086740684,53.70568598767051,49.220036286740346,47.26800535862888,45.519498807854106,47.70748946485682,51.5957020080272,54.18760207437298,55.98593552773338,56.97923832762872,57.61426382214202,57.860163317773434,57.851019486186026,56.744808518439484,55.84315390425903,55.00605550621999,51.88301185184196,48.391070731378704,42.33630580164463,29.283958522567136,41.246672176986095,47.55035933767772,50.95605171319712,53.536354540576916,54.75027258152983,10.0,10.0,12.041199826559248,20.681858617461618,12.30448921378274,-inf,18.325089127062363,18.325089127062363,6.020599913279624,10.0,16.989700043360187,45.0948478922394,47.05059352089079,50.02377755722005,51.1115829737148,52.14525955281105,52.565469764817536,52.966871237724014,53.37059726320525,53.491181597632945,52.193565796734376,52.990821663314975,52.347702951609165,49.572480195790504,48.14387453334589,46.96120389995245,47.327555211782496,46.130380035027045,46.210307999287096,48.600323953630365,50.401472395833835,51.58905021187544,52.98733028681218,53.66060426904154,54.23940189803162,54.53790607803249,55.09785671835818,0.0,54.368429858091474,52.48446561109603,50.946807133711545,49.69886298539152,45.578078557646045,40.96562438374136,40.989896394011765,45.37995294766961,48.214611216855225,50.54402366806568,52.43067827858351,53.368538223328144,54.04371819465281,54.15147031029284,54.619574898185625,54.06366427888368,52.00097761858999,51.492560723151534,49.102080509581654,45.09215967772565,39.16190659980538,43.92714535676295,47.76185243725518,49.923767597988025,50.747469772186065,51.59759635679177,49.58071499347411,52.56621546069706,55.094767270009946,56.805394660566336,57.94662287175811,58.74121012100238,59.269106711835875,59.46814680866913,59.366996852582275,58.738325000639605,58.057868953613095,56.58698088707615,54.12400061201234,50.78329918823649,44.6181355362262,30.187004986662433,46.151606643165564,51.73221243740688,55.37008915636932,57.339127395314875,58.67812076045208,59.65814832485017,60.23735060992951,60.47383914190475,60.36774567147346,60.12146020231401,13.010299956639813,58.055525082647534,56.433124951911026,54.80416597131985,53.42600310415772,54.02862957968563,55.629919320855535,57.4678127377502,59.119907610478855,60.43447556437571,61.309911464328756,61.9545240315944,62.221744351872914,62.2447116410983,61.813830488394046,61.29524906284017,60.18336354023322,58.418160530893346,56.01826495286255,52.25934422444557,43.813858660133775,38.7046243158892,50.9381377410011,55.30263748713028,58.05273116685054,59.76240818414734,61.009881137580244,19.912260756924947,22.30448921378274,9.542425094393248,20.253058652647702,20.644579892269185,17.853298350107668,19.912260756924947,13.010299956639813,16.127838567197355,16.989700043360187,19.084850188786497,54.636317367653085,57.143440124190654,59.067594299813074,60.575675968800965,61.65216421140453,62.24862607714332,62.621396150243704,62.64053595210645,62.344972893088126,61.72754966036681,60.60565265891742,58.98567776153445,56.718926746333295,53.40668145067678,48.12913356642856,46.3116971174276,52.49115160620549,55.97156370528677,58.726107324630675,60.391768780421316,61.605003442005916,62.482001688829826,62.69319102889898,63.12492592285657,62.678878409478074,61.813098207266954,37.32554579851432,59.85222078537086,57.94740324258888,57.03412619652954,53.034660571070866,52.20508187153601,53.429159170840855,55.0584429418626,57.268062385423875,58.43901462864138,59.68409158922014,60.55985383963752,60.97625488074128,61.0341815624811,60.69878164723582,59.54273874019311,58.27969244707133,56.62767272763343,53.62981701759849,48.812248343902326,42.28220648868423,47.027061914734425,51.821292140529984,54.76498319418576,56.811552747523784,58.2026452944476,59.05964709874365,18.325089127062363,6.989700043360188,20.644579892269185,16.532125137753436
12.552725051033061,18.692317197309762,20.644579892269185,12.041199826559248,51.823975314210536,54.58335625991947,56.710404043766296,57.9068759736467,59.04869116669725,59.36472020055854,59.75018457641623,59.70343621334199,59.33983052084145,58.66373007776848,57.78956842844582,56.43786165537202,53.729948054645504,50.58110818822266,45.599544785408604,44.08256929608717,45.752109450836144,49.928626713890274,52.832740844501636,55.081322755480066,56.17262517091375,57.03208811319464,57.85815119249375,57.585493246211506,57.279477095447966,57.421215689471396,6.020599913279624,55.348836888110824,52.00962612546434,49.20645001406788,49.13564856132247,46.09658428263033,48.75905868167617,51.67320289122358,53.53202394241457,54.70683860484857,55.72835603037555,55.97001515797544,55.744769146695,55.37281244062649,54.4562910833622,53.82364699382343,51.97996897597136,49.018994755907684,44.92620722043192,37.56864224060549,40.15778756389041,46.63559591825922,51.364542027408675,53.207796031426646,54.22793316424398,54.64265934034075,55.18157145463164,-inf,14.62397997898956,14.14973347970818,18.129133566428553,6.020599913279624,15.314789170422552,16.989700043360187,-inf,6.989700043360188,11.139433523068368,18.325089127062363,47.725930559862945,48.42240931549416,48.45556908821468,48.55379819886337,48.85587356189656,48.64967680772843,48.20201459485641,47.94027715528888,47.657132482892564,50.00772356983819,48.622864567943864,49.50384329028349,51.07769441858545,51.107580088798876,51.4837125733224,52.17781268332446,52.5758738744966,53.25534134852827,52.954021466851,53.45397258290997,54.131203080537524,54.58438405422531,54.99391496882073,55.33052297046275,55.39449983344228,54.55773409227347,20.681858617461618,53.344557617688785,53.071878576324316,51.25367390795991,47.62776062769659,44.664078846510506,36.26750853683393,39.88960070390338,45.56109438091557,49.82415973744759,52.134008669112845,53.591712057167,54.82394738632734,55.36685934736161,55.52935766136109,54.81203198889475,54.20961881120924,54.01307467705807,51.63930254236448,50.41992386925537,48.36305122821399,48.02541127388007,47.29852957445686,48.86473804278622,50.5216277011958,51.717761680210984,52.163269178040856,46.371894221487615,50.47356655055716,53.54937802557592,56.017743487908334,58.125423775677696,59.3951525908778,60.335898011672995,60.89150973779119,61.097367807881625,61.29283759446548,60.67361404925987,59.85038714536957,58.95807494028379,57.167251755982676,54.51573072404376,49.84527313343793,40.83215862155997,43.871227599275855,50.72249897613516,54.936322915118296,57.253013955379295,58.91366270657318,59.98909421281304,60.58374771646962,60.835377346311134,60.33493317457708,6.989700043360188,58.705174391296815,57.50274599733842,55.16166364323269,52.031770836722345,51.05036460355724,53.35919030990713,56.23563523171417,58.69720905738595,60.62909743451689,62.06355180319277,62.80953322354553,63.370287470082275,63.618312990733884,63.50912329542754,63.232093907283364,62.35114660101406,61.508070790206375,59.604997929542726,57.33577607909407,53.65914581950257,47.05812414630624,36.78062904974345,49.806758933591865,54.81673330950105,57.82078283530754,59.50976428232397,18.633228601204557,12.30448921378274,11.139433523068368,21.335389083702175,6.989700043360188,22.87801729930226,22.14843848047698,0.0,22.04119982655925,12.041199826559248,20.170333392987803,53.45908671367799,56.275051362602504,58.834666686016526,60.48181459608714,61.81689271702615,62.52161491483779,63.08892518048996,63.39455615283691,63.24304272387165,62.8925440805418,62.1718509945584,61.084638795180865,59.118689490862195,56.695177069483684,53.05594248432126,47.38939031203479,44.96292954006043,51.537112308412006,55.68825720610345,58.54078205222329,60.01478424899006,61.041240232286924,62.017946359062144,62.298765529946664,61.92880935351771,61.95896609570994,11.139433523068368,59.419335961575015,58.057081010612976,55.435776352234676,52.05144793287957,48.43014641446969,49.987866249491084,54.7467072379103,57.14307122184188,59.40425333291678,60.687170834734005,61.52070836842903,61.9017700574987,62.07660483506832,61.77021967500845,61.5109330941766,60.42467220623992,58.831234852892926,56.8112903014037,53.737227874792666,47.91269480910269,31.072099696478684,46.73251363213849,52.70168560661361,55.54519444476611,57.53038892576265,58.58960458444476,13.979400086720377,19.294189257142925,20.644579892269185,16.020599913279625
19.49390006644913,6.020599913279624,17.16003343634799,17.16003343634799,51.649146953371066,54.66786089846725,56.77104851734309,58.463927873406895,59.85252631678404,60.700585644047365,61.13755228649957,61.34746227864038,61.32289474193173,61.19082268789554,60.32960663352174,59.36261336008898,58.17074610638285,56.15710229661008,53.256839301354724,48.698006248508456,39.795483747040954,45.917878286455945,50.37753092058381,54.300298814139666,56.40077763015822,57.78814490419893,59.016244876172514,59.20153078619494,59.37317247762494,59.212462367001805,13.010299956639813,57.504806238011994,55.84089128206533,53.42600310415772,50.99684093356912,46.676023618471014,47.90179569070148,51.77270936411577,54.300185871452335,56.53075448111779,57.82842978166685,58.45955854515306,58.816887276423515,58.861685509630334,58.540125661128,57.58973930035663,56.40200097949488,55.427059484334066,51.9243642047341,47.993129743253526,43.37738717233867,43.44392273685111,49.066582176716,51.68739018431464,53.75352639232759,55.4646616168977,56.2619763249655,16.127838567197355,6.989700043360188,6.989700043360188,12.30448921378274,-inf,-inf,6.020599913279624,19.86771734266245,6.989700043360188,12.30448921378274,17.24275869600789,44.327288399232216,46.74024801128532,49.71966643900576,50.3181227133037,50.96270260557289,50.8914885158235,50.54467499389207,50.12406933582598,49.034589805015266,48.52211526444574,45.396405656694284,43.30657234711394,46.434230644892736,46.46335096390472,47.667176386579854,47.951985091542895,49.78089173056142,51.42545884086276,52.99066897429085,53.54573231336769,54.65092729140043,54.914751559569126,54.74998164276168,55.28434597195507,55.09431038243717,54.061994236633126,20.5307844348342,52.14191917254419,52.61224791990689,50.785583107465385,46.501131644435716,45.324103732534375,39.801397777457545,30.751818546186914,41.796092337262,46.93797274319623,49.37006065857815,51.12621756399718,52.485862438551045,53.41119819135193,53.86700459977348,53.08873751524561,52.601978399451106,53.32747406074453,50.90504941424044,49.917929473434185,48.673083548951766,48.93340019919761,49.1860167696984,49.86973164367881,50.18055233674717,50.62826323631087,51.257576947940144,48.98648405576936,52.426010527382516,55.077601005523036,57.05925261470885,58.48780094435071,59.418218869201965,59.95698798727539,60.29984879655649,60.30772110347121,60.19102991273667,59.1625649708851,58.0891284133466,56.77718249228886,54.35385631086191,50.69379457833577,45.791545571624525,47.528778112296294,52.12147636815062,54.94502447046173,57.25252343315149,58.94210245908984,59.99381558826925,60.5438014286687,60.836179863731566,60.75119390617678,60.04102021183244,20.043213737826427,57.62655310723353,56.21721405071852,53.435759766503324,50.41365047357256,51.90995241282388,54.87744832408783,57.48773929161739,59.705328297683245,61.131264449341664,62.20543472326508,62.874463137426005,63.375489063930665,63.43839326313123,63.198438370544054,62.60236006887591,61.61134318896658,60.40849872787392,58.09789257712295,55.26278523614855,50.61953588884936,44.86430478854434,49.03838499566579,54.50084291554048,57.32949943865327,59.1718032340748,60.54021720603403,6.989700043360188,15.68201724066995,19.54242509439325,19.294189257142925,19.54242509439325,18.129133566428553,13.979400086720377,20.969100130080562,17.24275869600789,15.68201724066995,19.030899869919434,54.96755342064511,57.51040330397018,59.56377840593032,60.99676843605127,62.18153294472713,62.808061558920265,63.21077254436767,63.36701830561985,63.192285193355815,62.81805996601814,61.800948940035205,60.72036559194623,59.11418639844171,56.54465333520146,53.28954204579589,50.14999090967503,50.88579020388005,54.36623740641528,56.62213678702529,58.95126837822177,60.56156000507258,61.32540480937288,62.20681449032115,62.16139764627917,62.17513685787285,62.338592695033455,36.13313161455459,60.13058532001064,57.929083326017015,56.73325083340811,53.29572782429504,50.35881809510414,51.162390348617706,54.024505388513646,56.88437620592165,59.29771327632285,60.5710062068275,61.32491827699769,61.91930597463093,62.23561612329222,62.07604480007524,61.72999977339664,60.87094306062489,59.78801146346359,57.818307415350354,55.25972039925768,51.37319290446399,45.78008509573256,41.44543074272788,49.410590140248615,53.81115080709851,56.622599960365356,58.118068357899304,9.542425094393248,16.989700043360187,0.0,22.671717284030137
3.0102999566398125,18.692317197309762,14.62397997898956,15.68201724066995,12.041199826559248,20.0,14.14973347970818,20.0,12.30448921378274,17.24275869600789,9.030899869919436,14.14973347970818,6.989700043360188,9.542425094393248,10.0,13.979400086720377,14.14973347970818,18.129133566428553,21.613680022349747,-inf,14.14973347970818,13.979400086720377,10.0,16.532125137753436,18.325089127062363,11.139433523068368,6.989700043360188,15.68201724066995,17.634279935629372,15.68201724066995,14.62397997898956,6.989700043360188,17.24275869600789,6.020599913279624,16.989700043360187,13.010299956639813,17.634279935629372,14.62397997898956,14.62397997898956,20.681858617461618,17.24275869600789,16.127838567197355,13.979400086720377,12.552725051033061,0.0,3.0102999566398125,9.030899869919436,10.0,15.314789170422552,19.030899869919434,16.020599913279625,6.020599913279624,9.030899869919436,6.989700043360188,14.62397997898956,13.979400086720377,6.020599913279624,6.989700043360188,18.129133566428553,13.979400086720377,-inf,13.979400086720377,15.314789170422552,17.16003343634799,14.14973347970818,0.0,9.030899869919436,19.54242509439325,36.12041744645269,33.64363354615731,28.597385661971472,25.118833609788744,20.5307844348342,19.294189257142925,29.464522650130732,30.530784434834196,34.52859335795852,34.959603948817055,37.52048447819438,36.93023067923694,39.19966701483387,38.795546009389746,38.574531170352664,36.81693392004564,34.497868469857735,36.63700925389649,32.951270852521915,31.690863574870228,21.84691430817599,24.16640507338281,20.863598306747484,30.402066275747114,28.773713458697742,34.13802516769351,17.634279935629372,35.84783378996508,36.40382044709568,35.224442335063195,32.17220655644519,35.48512256341036,34.015728456764464,31.80125875164054,30.178677189635053,23.05351369446624,19.86771734266245,22.944662261615928,29.585638832219672,30.86359830674748,32.3578087032756,33.68472838440362,34.881274962474585,33.91816923613249,37.334380270910614,35.56784782307025,35.49616239519085,35.39076098792777,32.03304916138483,31.13943352306837,29.329808219231982,25.289167002776548,28.836614351536177,50.77051609213238,54.69156078194359,57.708763020101365,60.05319962155226,61.83196933046615,63.004913537613376,64.07529074823185,64.69833940510398,65.01764794109337,64.94697818226032,64.60770691573411,63.91956791481025,62.77299712198918,61.00665833890651,58.43739055934211,54.449390212076594,49.93810840774909,52.4868424001548,57.06140614958467,60.03503614742536,62.28871615317861,63.66060426904154,64.52912145977976,64.95667532052568,65.06895180964142,64.8076514562118,22.278867046136735,63.13972618860607,61.40518098944494,59.16190659980538,56.67009092000014,55.563760833205976,57.48077888369408,60.37922266814534,62.756802905015704,64.64604141942185,65.88076314434791,66.79924507239436,67.33395181221235,67.58744876329052,67.54497637003061,67.18279170128015,66.47072299342392,65.41783114818409,63.802570211753235,61.43790525603529,57.635814670779055,50.98384109699789,49.16985305091,56.28388930050312,60.55430703519895,63.112268799572234,64.72441947207224,65.25571604231244,65.49303729102323,21.958996524092335,23.873898263387293,13.979400086720377,20.374264979406238,16.020599913279625,16.532125137753436,6.020599913279624,22.944662261615928,18.633228601204557,18.573324964312683,9.542425094393248,21.13943352306837,20.969100130080562,9.542425094393248,19.030899869919434,20.969100130080562,21.13943352306837,6.989700043360188,19.138138523837167,15.314789170422552,9.542425094393248,10.0,17.853298350107668,19.86771734266245,20.043213737826427,16.020599913279625,17.634279935629372,16.020599913279625,18.129133566428553,26.857417386022636,30.433622780211294,29.532763366673045,29.29418925714293,37.92741785834749,21.335389083702175,38.75871190727366,23.384564936046047,37.58381941774675,24.60897842756548,32.762319579218335,26.364878963533656,33.54108439147401,33.98634324538392,31.392492175716068,27.723217067229196,22.55272505103306,25.514499979728754,17.16003343634799,21.13943352306837,20.863598306747484,23.443922736851107,21.13943352306837,20.681858617461618,11.139433523068368,6.989700043360188,23.873898263387293,20.374264979406238,11.139433523068368,16.532125137753436,10.0,19.54242509439325,19.49390006644913,3.0102999566398125,20.863598306747484,20.681858617461618,12.30448921378274
16.989700043360187,12.041199826559248,12.552725051033061,16.020599913279625,48.53418324041204,51.68005161303561,53.549090317433425,55.65878501438894,57.05153556348856,58.1792812162825,58.72748724151048,59.09227509930791,59.1435585250948,59.276957053332275,58.53889162042733,57.82329268996837,57.026829398377515,55.57691226777743,53.29316505090259,48.97165064137771,43.698093586735425,42.611438677006674,46.809697184658965,51.296963356898075,53.96635166983693,55.70526595158348,57.10192704013191,57.707121315728536,57.94563327139133,57.539276003484254,22.944662261615928,56.0424765923765,55.3008822779277,53.15115602213243,49.711505534113996,46.25651932411642,44.96818985699854,48.91520732274182,51.68974532859168,54.75060713702007,56.1807007250336,56.85049898476035,57.15010849751152,57.38730627598944,57.07347010624525,55.735700917435565,54.291076252116,53.36795831748887,48.379480971977614,42.52488944484988,26.5991620006985,42.50053869521799,47.259197956484364,50.95772410009063,53.45226653349836,55.61828575688301,56.35196132566761,19.294189257142925,16.020599913279625,10.0,16.989700043360187,0.0,15.68201724066995,13.010299956639813,6.989700043360188,0.0,0.0,13.979400086720377,44.66051625699342,47.42135724543473,50.702928242594396,52.1192108430851,53.18115530682061,53.84240479304814,54.38156137571772,54.73250415884077,54.7585851911439,54.74204605007492,54.35978072440075,53.596419980360174,52.811083959386444,51.95788990035873,50.75933639746901,47.754283920481704,47.54745747364748,48.21919466199144,51.78358140331879,52.704109580214116,54.3465351934783,55.32719990677953,55.663773821505146,56.43271024445681,56.566625139244735,56.18435126515527,22.09515014542631,55.006562911654335,54.276937937106126,52.49154314027331,49.29418925714293,46.472753613043984,42.165617350479266,40.83359264660818,47.07450941638602,50.10723865391773,52.51131856726664,54.086215018034814,55.14797367036721,55.8386501243163,55.86255268781351,55.49710561222477,54.90351836684478,54.37022430264513,52.477032819341716,50.09459394629076,47.02930032424567,43.99812119978673,45.573868820595074,47.59849077610011,49.38539738285958,50.40602340114073,50.87113851388648,49.75643159678416,53.03152841889143,55.74976421424979,57.39433886071066,58.66585629429325,59.42089940832578,59.8981143082083,60.11716734331322,59.91687157942308,59.63833614676097,58.68894717346103,57.353601317769225,55.6833551310849,52.92018917282694,48.766334555244335,39.941411111261225,45.59308010907013,50.96499845387549,54.31804269155502,56.575615974329835,58.06826862181805,59.11326497799587,59.579983111861466,59.81579883394396,59.58912039208113,58.782689579328206,20.5307844348342,56.245883665845156,54.68125695050418,52.642344382205046,50.850764114720945,53.46372536824548,56.14695833801258,58.149032050238475,60.00299559856244,61.118419705560065,62.10223248233797,62.67606509439527,63.02213137937297,62.98153495552887,62.57031690391862,61.97491449947247,60.85128535106926,59.43538536691976,57.06797125553792,53.63997221828636,47.49094445708585,38.432327780980096,49.48143893743131,54.636302434437965,57.483942679067674,59.15425163920956,60.47749021618774,15.051499783199061,18.325089127062363,20.0,20.644579892269185,12.041199826559248,19.084850188786497,24.377505628203878,21.613680022349747,20.253058652647702,13.010299956639813,18.129133566428553,55.30919082886094,57.910699854973025,59.39591629001072,60.903349561115405,61.897333607528715,62.48380625048778,62.778907841786385,62.681858535069026,62.29387435743077,61.79494628275154,60.42881733655845,58.9300788729999,56.77041819882583,53.39260588071251,49.44975908412048,49.662356240985815,53.3119439554908,56.1038864418019,58.2669274635234,59.946677028485865,60.82534412001385,61.88160129244646,61.97689842861773,62.2333029079789,61.586097282882626,61.057805553524425,28.129133566428557,59.14924648205148,57.305376134027654,55.8112668767868,54.22294300893562,51.660154563237754,52.50685865289081,54.94094735205251,56.31859599634449,58.12389214521545,59.30428380445151,59.7889416430891,60.255372907462636,60.33823283431458,60.16832849421293,59.32158076173926,58.271326732293076,57.35139614045619,54.917327869789986,52.60495929961442,49.52196513508728,48.28795189764026,48.47109740837239,51.73165864836526,54.16896682153191,56.21688198083643,57.02896463635882,18.129133566428553,19.54242509439325,11.139433523068368,16.989700043360187
17.16003343634799,9.542425094393248,13.979400086720377,19.54242509439325,50.501824806649694,53.735372311927854,56.261606575404606,57.547885238603236,58.620198085706924,59.210452228961685,59.66845423654917,59.78513759160266,59.77696175297456,59.23070369776387,58.84771015596678,57.84797676355306,56.36115627719455,54.72188717253254,52.000539261081556,47.7232170672292,39.94844849553398,40.2209829746114,48.91587630003322,51.65259168471885,54.06924914098367,55.79775596381615,56.54235278401181,57.29790662440523,57.451638284453836,57.027647456334456,11.139433523068368,55.60310821279402,54.565391090250785,52.88807947483478,49.354921509045475,48.720221745564494,48.61683729919097,49.160326101885694,52.22680061700779,53.19990410839211,54.388428493591505,55.34093403787705,55.871090446203844,55.73837818840629,55.29720300562718,54.592265797087684,53.25864436615346,50.63626043102041,49.43420313471449,47.7592340584268,47.16212088883665,48.93900403553743,50.26353462894769,52.408012656218375,53.83675364203774,54.887100225920385,55.499468879767335,10.0,6.989700043360188,12.552725051033061,18.129133566428553,9.030899869919436,15.68201724066995,6.020599913279624,14.62397997898956,18.573324964312683,10.0,14.62397997898956,46.505503492394105,46.18016700795462,45.96959772450969,46.48603928135281,47.06768973168231,47.11950564728687,47.85329835010767,48.77152415493926,49.955518371523254,49.67435644154115,52.039923899107634,52.551108209530696,51.668325452572496,52.04798038190855,52.56412237664895,53.31904859018096,53.143413122759135,52.91131211267434,52.388737370178696,52.96880090917909,52.9521072235943,53.602619814016215,54.00802112065484,54.4914657329239,54.93834322971856,55.673334414738854,19.084850188786497,55.54195897093285,54.02751299790316,52.68758110569516,52.28220648868423,48.71035572425769,43.32620219565641,38.34611420722687,40.57856208741888,45.264426685299355,49.79953345254416,52.51562790206522,54.28892527459639,55.30370051708467,56.10236306312879,56.8529109224854,57.08693629606713,56.00147060328155,56.21001697710433,55.25590249381028,53.833359418417274,51.68291188851266,48.98341165727509,47.57046630481726,47.5487559156674,47.842534453754425,48.96686017274078,52.505688080677686,55.29597161225425,57.377014077146306,58.80770732157865,59.78988985644983,60.507601290611845,60.88091061550776,60.8839481567673,60.68697063154188,59.75847521129551,59.07098427033098,57.60402125392227,54.92419522645092,51.55691224030103,45.98188422187391,40.85219201044942,48.65725643001256,52.989687273791844,55.983636601720264,57.78649679087289,58.91212869925109,59.6024286773583,59.967116992464646,59.74461029768583,59.36639388214444,58.630681579973924,19.912260756924947,55.27433973117991,52.22539596663091,50.21023822031586,51.893892379347726,54.95257025412779,57.56645995748468,59.778081701911134,61.203534378919215,62.39445888031628,63.05648179226673,63.45791158440342,63.53223768655045,63.412154424534855,62.905550074021136,62.08889394555073,60.98242813327743,59.0703118675252,56.68547116266112,52.67333678307484,44.585623129819936,39.189734304929544,50.933095947029976,55.45684330996001,57.90646104877187,59.588657300206734,60.72945461778203,12.041199826559248,12.30448921378274,19.084850188786497,10.0,14.14973347970818,12.30448921378274,16.532125137753436,6.989700043360188,14.62397997898956,16.989700043360187,20.374264979406238,55.74901300866802,58.38412058786585,60.25892585738358,61.54560904935821,62.42060406961693,63.074896197207345,63.263819510577044,63.19610880480773,62.90163766924696,61.997598382172214,61.048509195160186,59.43407945166325,56.82513303070267,52.82957276072822,45.81209852354842,42.55754786643045,51.98992298862627,56.16098296381074,58.80906155713287,60.483710986934966,61.798555761376335,62.65710277478222,62.72400951902757,62.66872314152774,62.388050783352824,62.1741682078885,36.78518379040114,59.11958848553105,58.558848508457984,54.40610008272345,50.400720031342516,50.52593915734357,54.46594634286485,56.84854334578203,58.94078908610656,60.486818034043324,61.423225020089866,62.07003064399669,62.1839054114983,62.13893982539758,61.816266722617996,61.06172191929895,59.868151615431074,58.12635987765689,55.81954207126473,52.12996822560625,45.60731359881973,41.48170613077387,49.87313145438823,53.93220604058523,56.268780256991604,57.668120063229324,58.55827352968153,10.0,13.010299956639813,13.979400086720377,18.129133566428553
16.127838567197355,17.634279935629372,6.989700043360188,22.576785748691847,49.26023297896978,53.47815763009892,56.562985256651615,58.34906866721046,59.33061896172167,60.168817273602244,60.805388256175625,61.08704692565357,61.12605001534575,60.51508305130841,60.48925162937314,59.59175955037065,57.751121615483925,56.15276530952403,54.13985039529606,51.91808587258751,48.58928007014538,46.654402680653035,50.240790960342714,52.96456766641861,55.02853011337143,56.670988352059496,57.61526418958862,58.168045228797666,58.418910618516335,58.644072414126754,0.0,57.42721989922763,55.31306442342638,53.27420242220971,51.186118905745715,47.38820182085683,47.11950564728687,50.47633061264732,53.545482758003196,55.36611463661123,56.98111859761112,58.36175315869687,58.9071883038539,59.17111472493697,59.15257333694808,59.3244535195922,58.78030351170384,56.90327234882291,56.59423657106247,54.51003078627362,52.06925671371523,48.899736384039954,46.22172560893429,49.287900209113005,52.02144887049667,53.078146888551416,54.61858538808528,12.041199826559248,16.532125137753436,17.634279935629372,16.989700043360187,10.0,0.0,13.010299956639813,16.127838567197355,18.06179973983887,16.532125137753436,16.020599913279625,46.35292695651132,48.49941236398631,48.7655267265372,50.72503560346274,51.48306443939612,52.40334543923451,52.36134016815431,51.642606327813816,50.73604722580332,50.33604673832371,47.17087724927019,44.061994236633126,42.734642726213465,35.296869537729165,35.88159616383092,46.63248495990033,48.76200514668308,50.8790203841354,50.88100634642659,52.33387053387,52.823456350808414,53.493261035523304,54.39441648595605,54.236259201287815,54.20703148348274,54.484976229540855,17.634279935629372,53.58256639015253,52.16503702147969,51.17410512791919,50.33335279080696,47.209609738000964,44.12040330191658,41.38902399933593,40.181177205910004,45.13550520346337,47.01438454464351,48.99475774307042,50.12942623196626,51.06343910647023,51.75549500835408,52.2547986391016,52.17497104453355,51.09298375417481,51.376578846276296,50.01534687668608,49.11775306187111,47.60007594399437,45.95804747882425,46.777893910688604,48.28795189764026,50.641621189487005,50.06902256967731,52.21761013269343,54.87456552896858,56.57753606953449,58.126727576808605,59.027885906361696,59.761596181661574,60.058820264252155,59.98124145406234,59.55183907417261,58.70170892371328,57.56369821602081,55.79326203755255,53.01101648342311,49.193134894330655,45.024953999125515,48.16247930391275,52.38512781627677,55.34434810828139,57.39472658866937,58.734659237113185,59.784507822823585,60.38242523191958,60.66066762501116,60.65188935333484,60.23299385601678,59.51720636501185,12.30448921378274,56.71648546617246,54.70974677775657,53.04016336520766,53.28624207490207,54.82251697450371,57.1481408844323,59.17699769556033,60.56942945672877,61.747692833787795,62.461352858251644,62.91817345350271,62.99925484356009,62.93522761036208,62.51458139467161,61.63898393650038,60.42898652183823,58.99287426247521,56.3247450164839,52.657609167176105,47.0286117057293,46.45520514905874,51.30938143047351,55.41312095650818,57.84356209606016,59.57060124111935,60.735636626563306,21.702617153949575,19.294189257142925,25.31478917042255,14.62397997898956,11.139433523068368,14.14973347970818,21.13943352306837,20.374264979406238,21.958996524092335,22.92256071356476,16.989700043360187,54.89453617420657,57.46374167061929,59.48897852790812,60.893185945625355,61.83861789282008,62.47569945902593,62.87554962661825,62.9295436925201,62.75915720572876,61.90565313776055,61.43857887430193,60.13632561998947,57.58162201211584,54.78612663981683,50.857613736674224,45.77261953585815,48.68626807679102,53.412069302581614,56.76789600953795,58.93362227087812,60.14211718691169,61.34115881131537,61.86945040273487,61.966616268118095,62.48103289876438,62.12492302943904,28.432327780980096,60.07220588127695,57.296717107939514,54.59599030109895,52.68732381045587,48.968843076544374,51.5478902873875,54.873264818547824,57.36594877744768,59.02631564453104,60.62314933236848,61.369465316937976,61.70943433219812,61.883594524095315,61.71189468360417,61.54872036065049,60.63577276106099,58.52583675166834,57.23679739730742,53.945252244708406,49.07690767324928,36.17105230502378,48.70339517227222,53.536046729509906,56.240612819444195,57.80485091691104,59.04482921809529,9.542425094393248,15.051499783199061,18.573324964312683,16.989700043360187
16.532125137753436,12.30448921378274,21.367205671564065,20.170333392987803,49.85561187773345,53.094811192361036,55.461723683169424,57.046180328820384,58.31138085222284,59.08417456704271,59.64516075855699,59.729254436908825,59.63865710132921,59.59413962126214,58.489191035088474,57.440800875276416,56.35709882973056,54.296376369606904,51.25887718216834,44.81299273332856,42.54306332331286,48.17836305939381,52.225916260484375,54.546451910385144,56.47868834174979,57.88935136068357,58.43973002202403,59.11019571749118,59.104888667901385,58.50505326951528,16.020599913279625,56.7599177153008,56.07696230930895,54.13812565889074,50.5974890949144,50.03916990710833,49.121157290788545,50.56188055196388,53.14467649427002,54.685895223752084,56.00295346964475,56.673296517934624,57.44375921536164,57.338045315132824,57.00580851526891,55.72017269274043,54.39275837012832,53.13820836928237,48.957815469986954,43.509647879430986,26.483600109809316,43.718986947787414,47.96255085770202,51.42164125227837,53.71677294808662,55.15933422709206,56.10540928630545,13.979400086720377,12.30448921378274,21.13943352306837,19.138138523837167,17.24275869600789,16.127838567197355,17.16003343634799,16.989700043360187,6.989700043360188,16.532125137753436,15.68201724066995,45.631130844720374,45.96465138017129,48.60655374823497,50.15045239174416,51.72982189505869,52.49413616229429,53.43906614286266,54.00719267340931,54.403579968152876,53.66895287397952,54.46389581285007,53.797042690244474,51.55032228790971,50.61165870815172,49.20384242178358,49.66892295867137,48.895538003131975,49.16037879441752,50.5931344679714,52.25825991461893,53.567522621475575,54.42832392146397,55.16822164730479,55.61989347207592,55.71761223425036,56.021576965949606,18.129133566428553,55.04689653731886,52.894105608859896,51.09257853737479,49.765012907393256,43.55987591676388,38.274985081334584,41.584831126992476,46.69363376415619,49.6507464071812,51.80297952488594,53.63997221828636,54.60897842756548,55.042642006202485,55.32015067377535,55.657746433301014,55.292506445324044,53.468319991278044,53.15894809413262,51.35081742080124,48.459533777224486,43.56503891894005,42.697463731307664,46.41870545476313,48.676442339030984,49.47982370466303,50.94153065315007,49.636461864848435,52.9840108773284,55.78626604932112,57.512313597670726,58.808621619739334,59.55804123717789,60.1679608290198,60.25953136995604,60.0303162692603,59.371892886491935,58.63576223802749,57.07018868420371,54.48107786783165,51.021900756822156,43.428961983852744,32.347702951609165,47.64878209714862,52.83818906693142,55.97506511991117,57.78719080955913,59.09078684890883,59.76398129365209,60.27835419542453,60.24923025775708,59.88570103924519,59.350964567367235,17.24275869600789,56.66070351753132,54.21052483545053,52.12254208879497,52.06029389138134,54.27007082408241,56.773039357569274,58.76643263850002,60.37156274753568,61.441908007788996,62.21731300508615,62.723534007559074,62.779152897623675,62.54196293899177,62.03405523744379,61.464533244774096,60.17537913407083,58.30716949436898,55.88779114570925,51.94805623863331,45.298664831919154,44.807253789884875,51.89916818884634,55.54524289796288,57.90449137311359,59.43764011421712,60.50557614282048,6.989700043360188,11.139433523068368,18.129133566428553,13.979400086720377,23.010299956639813,17.24275869600789,11.139433523068368,-inf,21.73186268412274,20.253058652647702,23.521825181113627,55.142780610506286,57.258308068163004,58.953059449737026,60.21166549715541,61.088385701486835,61.542696448547616,61.87448802484042,61.78476213438415,61.4803535742148,60.92192715779615,59.93106747192478,58.560427795241964,56.95516698826566,54.75406754673558,52.305408798850614,49.76304116552002,51.85445823151282,54.521239184490426,56.39519358937302,58.325600031694336,59.44439240530361,60.09189475543152,60.72976300950681,60.93937628622949,60.48800977343588,60.51211968467803,41.39249217571607,57.86515760558383,56.73371152066327,56.034529261455475,52.7219679310154,52.04176980066301,52.12853189947111,53.874485589159306,56.014091479005785,57.39221761353395,58.99273187317604,59.78792025865823,60.30729221980151,60.65685754776416,60.53456461016648,59.85823759341079,58.95396023429127,58.26718636743445,55.90989991052155,53.38336946561072,48.80659276038634,42.18141468157678,43.148148872107214,49.720268625360035,53.33588321723421,55.61122859218824,57.09202945524173,23.010299956639813,20.681858617461618,6.989700043360188,19.030899869919434
14.62397997898956,20.827853703164504,22.944662261615928,16.532125137753436,49.70170146589802,53.14322358533013,55.675497932737166,57.11214835441734,58.330450630415164,59.029900877722554,59.46867201160813,59.70390117532159,59.713394106933755,59.30420224393047,59.00965987333393,58.21730948735435,56.73541563872281,55.127977568232616,52.59698975944044,48.92717757737095,41.33858125203335,32.65996370495079,46.99672992130208,50.53374277879662,53.497766306418946,55.158592787134815,56.16699167836678,57.011369303592915,57.10388185594147,56.755162199251295,20.827853703164504,55.153783595367074,54.22775269936142,52.10128491146471,48.62751357265439,48.882749944935796,50.0116668366936,51.4752792782225,54.03559743217013,54.78903988707415,55.910200617183,56.74160011260944,57.052220557053836,56.84329105900556,56.2547913865179,55.65560947973165,54.50042692391922,51.49603954933024,50.75784116304216,49.078518816806785,49.019212493762616,51.26955686604104,52.701405830272996,54.58335625991947,55.849968584057905,56.533331343793414,57.049162938228015,13.010299956639813,18.692317197309762,12.30448921378274,14.14973347970818,6.020599913279624,11.139433523068368,3.0102999566398125,14.14973347970818,9.030899869919436,15.68201724066995,17.634279935629372,47.27817686121977,47.344877933046774,47.23365355663575,47.54241278102204,47.700268047235824,47.924617313469504,48.116085149545114,48.88179493918325,49.62511393507597,49.17174542452816,52.01509097769514,52.58282807431564,51.40712257979267,52.0113756264631,52.491494200445175,53.968563960803706,53.627236824674014,54.013264286538536,53.41652111943532,53.95928918963004,53.95041430383037,54.09770866292051,54.47401478216736,54.3918895805502,54.348386576210494,54.999179120013444,16.989700043360187,54.15777717766959,51.68241073924385,49.976746532502894,49.49375367258341,43.07110778380075,37.84474643762516,41.88787912637469,46.68618844816744,49.526423264791,52.18159864508579,53.967031154684804,54.71247692495605,55.65806511527449,56.0506574107837,56.707281346138615,56.59060072240938,55.31054634070393,55.43353973839921,54.34840253297573,52.849808676182015,50.4837964604609,48.279182567453496,47.58737837086936,48.44259663390165,49.1557394025919,50.003516361369236,48.2593217512484,52.65124553159181,55.606286522407224,57.55939614056349,59.154082782793004,60.21706008805968,60.97258004008584,61.36416137341801,61.35893352316137,60.909310228598706,60.53763933758703,59.38363591263239,57.39730528564718,54.844479014036,51.153042344118845,45.40892316015469,43.74106508804012,50.76002913646383,55.04216600071971,57.48777801546035,59.082029039382256,60.14141100403454,60.903229629338334,61.00456706110188,60.787268087276765,60.388338791921925,6.989700043360188,57.62544279217344,54.80515718489956,50.78184845714645,47.2468538823736,50.92215193917472,55.66708473392467,58.60546417907587,60.65626390474843,62.22241087698216,63.234536238164054,63.915541532328874,64.1428611812905,64.16285105743717,63.86269361952648,63.360160065188055,62.28926224414781,60.80806083213827,58.7113433355841,55.69552975270437,50.13494493492967,33.84711742938282,47.84089257609628,54.23213095757849,57.59466134155528,59.61461436488782,60.89874391962781,15.314789170422552,20.681858617461618,22.576785748691847,19.030899869919434,18.129133566428553,20.374264979406238,13.010299956639813,21.64352855784437,16.020599913279625,15.68201724066995,17.16003343634799,55.74523189437531,58.49151506011876,60.516004832446704,61.820366917641884,62.81520595079469,63.43255923787271,63.63871351076873,63.63801824724207,63.25523873011108,62.39542716034275,61.468350496657756,60.01505691612978,57.25948366176975,53.712156820423615,48.33943544341934,44.74580452342379,51.393563597417284,55.65145062306299,58.75689088724612,60.23045760377271,61.41362278551086,62.278314506174965,62.48769968520569,62.423272096603846,62.42483038101446,61.37605056002063,18.633228601204557,58.06410631664376,58.12395235049759,54.33457797640696,50.885542281503135,49.41496525245307,52.74310287591526,54.54271517772536,56.70973706846531,58.71972606048502,59.75230010016401,60.64835960415677,60.758577903851574,60.74176225435349,60.376535467033996,60.003932926659175,58.79775188054451,57.175614997127155,55.19523487290276,52.35457742050641,47.86616571225525,44.461953130146355,49.130186837479606,52.53129532722966,54.7517269830876,55.94884030555407,57.04479975007942,14.62397997898956,18.129133566428553,19.49390006644913,11.139433523068368
15.051499783199061,15.68201724066995,19.138138523837167,16.532125137753436,47.894749457600625,52.38186661253486,54.94891711949256,56.95363455249567,58.447020311207005,59.44966542141746,59.98393617562759,60.181985236716,60.20106764559374,60.234039217208554,59.23991729298143,58.31045816426679,57.72290160538844,55.97705056142486,53.45761775239514,48.77331024881724,46.43156465619707,47.52048447819439,51.3316193047479,53.85422150904383,55.9006792766008,57.200004466598564,57.605076751997345,58.416659966883415,58.33927629998251,57.46195791723053,15.051499783199061,54.98361563161586,54.33228828459711,51.4685022498215,44.28539730637989,43.49180358996378,46.57753606953449,50.95831624938334,54.0872827198296,56.30729843699435,57.479180601154724,58.300507599611905,58.83970157030419,58.97700200536599,58.752430499634556,57.61886510854731,56.592485652204644,55.97748921059679,53.11425367855133,50.06252051369365,46.63531319592994,43.582585424005956,44.905343458036754,48.3236838293399,51.70804244487251,53.987903927521394,54.89386070476797,16.532125137753436,22.30448921378274,17.634279935629372,11.139433523068368,20.374264979406238,15.314789170422552,6.020599913279624,6.989700043360188,15.314789170422552,15.051499783199061,6.989700043360188,47.5373622217501,48.72319466854587,51.01984084572383,51.674177721972505,51.753407291061094,51.66160631494488,51.44826305416504,50.995321684934716,50.296799710249374,47.1032895804263,47.87460474518415,46.253227421781745,43.31407049219781,45.24915147539866,47.230696434214664,46.97447307372525,48.677855789663965,50.26079530994727,52.627476376981846,53.42084984307664,54.26395759459277,54.526526255064326,54.707881658495324,54.874918915584914,54.771675769939215,54.975170695887456,17.24275869600789,53.86900079062376,52.17557636418946,50.52374546898251,49.27421695050419,46.13725571785924,43.00617219806582,42.43781916093795,45.17618106739483,46.83236212469861,49.37517892017347,51.165081237373464,52.202362644824944,52.86961430767263,52.95804522668239,53.15121908690162,52.75451872726546,51.70361474290555,50.770952499553914,49.01981121658156,47.433215819500525,46.371293357490664,48.89710587347912,49.96621107579201,51.13843118937487,50.57745958075127,51.81045696494836,49.4411237698898,52.486254449727696,55.29127371938461,56.89006790654418,58.30430831376853,59.07558071626883,59.659599952977956,59.885411210100365,59.89067416821179,59.4293422143187,58.73289205898769,57.57912774641114,55.73745118180039,53.14339206345329,49.414816173444905,44.52154585714663,46.55983141876537,51.1067386774199,54.84585952263742,56.981745173413316,58.44009700420006,59.523937937376346,60.22478273002493,60.45747284520429,60.45547110795516,60.17711394833711,0.0,58.40976947679198,56.81850631465217,55.0607187492535,53.39381869112333,53.602790326552245,55.24982575309298,57.34474987027312,59.26336786352631,60.545490928995626,61.5176075384649,62.33584168405666,62.79803095921609,62.92839318142826,62.73285612894435,62.28801100458061,61.45254846965493,60.25047670110873,58.37443228306863,55.701984030591504,51.434676051262336,44.24816324279354,46.78226930672895,52.77989485154336,56.39087871083738,58.54214921512205,60.12371900932913,12.552725051033061,15.051499783199061,16.989700043360187,12.30448921378274,6.989700043360188,21.73186268412274,22.85557309007774,17.634279935629372,16.127838567197355,16.020599913279625,12.552725051033061,54.041920600414024,56.867872631083856,59.0300854914155,60.68172869836567,61.94419980115101,62.79236313767906,63.40853427879297,63.499068468639564,63.43019228431199,63.071461080688906,62.140022496031364,60.83733322278068,59.27313890817926,56.73810402192281,52.745019144143946,45.317981338753725,48.93117885762238,54.013350469929506,57.13680347942152,59.726956542089454,61.00801179244967,62.361957879378664,63.21339267604422,63.502456917503494,63.09222931922279,62.64226875054498,33.81115080709851,60.6325903080472,60.08826627087889,57.43459590626546,53.38785078396747,51.99077434450214,52.32208078396316,54.83573034190131,57.315315537966384,59.43954288242955,60.74149498798712,61.496799594331115,62.06934031561638,62.22668878186491,62.02851076586872,61.10754643547345,60.154779546163226,58.93941987373435,56.38810615784021,52.820190739895935,47.058979073535724,41.81986424480151,48.332363850090616,53.227318732304965,55.934245317058014,58.1291135220216,59.09951634616596,20.969100130080562,12.552725051033061,15.68201724066995,16.020599913279625
6.989700043360188,10.0,20.969100130080562,15.314789170422552,51.46329625607937,53.050696316597445,55.048920393880756,56.59299958201454,58.10780754316872,58.98032609916464,59.68912360840227,59.938474030558694,60.010224276356574,59.9488396154331,59.13493839551017,58.18316967101268,56.955044413300946,54.87767434475913,51.52034421983025,45.396907050156784,37.0104963072914,47.75246259740236,51.37268636844819,54.97715921744686,56.91458130080201,58.296697127790374,59.525638578196734,59.68494622979868,59.90596335500767,59.86475238288559,6.989700043360188,58.316221750470696,57.035982857493146,54.62441425175819,52.25438516805497,47.57046630481726,44.81227577999321,48.15743731311919,51.26965412844876,54.21118364347181,55.96140571688984,56.59560636315525,56.976094021036076,57.02538235015675,56.58359647071811,55.50024003074702,53.845774042821915,52.45280653115509,47.23036774073138,39.134959596171235,36.44438589467838,45.522544052358136,50.10384771498377,52.80034023175973,54.63190984099011,56.50433809651895,57.05667038366507,16.020599913279625,16.127838567197355,6.989700043360188,19.49390006644913,6.989700043360188,-inf,10.0,13.010299956639813,14.14973347970818,10.0,13.010299956639813,41.860800860914516,45.28980940272136,48.50646235183067,49.78787465553729,51.061296768118,51.230705149993426,51.4685022498215,51.692305099129996,51.34103762374289,52.13361010826748,51.00460152194369,50.760466598903264,51.867812269699236,51.683471928092516,51.4404463711095,49.16853841725876,49.394094171376636,50.04914361225022,52.10610092282219,52.29551304029697,53.41800404487081,53.93224116361297,53.918169236132485,54.75339894297022,54.91711790170768,54.31627477761599,13.979400086720377,53.09072038578849,53.016722763266586,51.62041385148267,47.9171871237717,45.94226757480914,41.03153502548682,37.19993826367604,44.74580452342379,48.87223331362523,51.14664350474794,52.89965564187141,54.13743892269473,54.986550952451196,55.30170231796146,54.85427539623821,54.23712694379625,54.604302361484244,52.02597285692431,50.19569050517801,48.01163512375762,46.22856179432485,46.49587961100438,46.752099053186186,48.35677891176452,49.75597222520748,50.95605171319712,50.44539760392411,53.45493316636687,56.12640833769404,57.754094538465296,59.25153715349815,59.91612337328321,60.32527299599692,60.52590068113066,60.36683977014688,60.121223698503066,58.83786879885023,57.41174455854601,55.78071620845516,52.46798839373632,47.5828345113316,38.36893516376434,47.120601424610754,52.330900703783136,55.11029969592835,57.30996141285043,58.530389708894035,59.49341694796385,59.767432799165235,59.90511561295036,59.50649584193995,58.53248478124365,6.020599913279624,55.430207533250496,54.07644098273855,52.26156363355848,51.84217138078186,54.661258704181996,56.94651696661595,58.86297787889976,60.42343144081984,61.30746955886444,62.11484704449149,62.46831313925426,62.7430128135945,62.594529133571235,61.99452930361801,61.35527314088072,60.002730853527744,58.59120276402729,55.82111109941999,52.550504756224086,46.85347560655245,44.42291586286071,50.31024499444214,54.22425676371205,56.67176410741084,58.263767592394025,59.22584821360179,18.129133566428553,22.50420002308894,17.853298350107668,22.944662261615928,16.901960800285135,15.68201724066995,18.129133566428553,13.010299956639813,20.681858617461618,16.127838567197355,16.020599913279625,55.69286105359215,57.514053698374795,58.904992630100985,59.82358535550607,60.73068805330987,61.1636396598778,61.53361742710827,61.49278862537567,61.094060771691986,60.75629068133465,59.70964399912329,58.64169800377872,56.8770460538948,54.90219820755993,52.280023297629945,50.77215239389499,51.176291924517415,53.37455267759818,55.24183142250905,56.98828401252362,58.65208832545284,59.552152040859276,60.38367776646772,60.69506038584463,60.14199949773943,60.192459360496045,24.232458739368077,58.046041582276445,57.02813821715403,55.204324362665986,54.691811430162,51.646680510704115,52.87806207169847,54.811558708280344,56.526813847635744,58.28887937910398,59.607109287728115,60.280577660726244,60.799843098116575,61.034332157740806,60.839499420275786,60.39636167342053,59.41529817709585,58.5846139995176,56.48427345803988,54.2720038048708,50.523860953893745,45.44526913157487,40.5307844348342,48.100778654920944,52.6561015928074,55.598647488936585,57.07818759821376,19.86771734266245,15.563025007672874,19.030899869919434,19.030899869919434
19.54242509439325,18.325089127062363,20.969100130080562,16.901960800285135,53.21376773959882,55.33123563378423,56.68025097392365,57.99864144501372,58.96129218798853,59.6815593714997,60.10371202234044,60.18717553957552,59.953894635661925,60.0933019445501,59.19411272473279,58.22589741983438,57.61173555119626,56.03378243822846,53.77366363174222,49.64679104087253,44.555909005998025,41.22281427209923,44.4827335520735,49.86377556319226,52.648768264036775,54.49401252996221,55.846579532708205,56.70232861164529,56.961885805821346,56.737809485767066,0.0,55.621500592328815,55.0032980242281,53.632358044836934,52.115743634828505,51.23175182400235,51.37699004259602,52.21270753502751,53.918961993456456,55.43176205156398,56.35212227905222,56.82470900706532,57.07172316416625,57.078647151983944,56.70366473678122,55.14818604190328,53.72149478375664,53.2779403271297,48.584168777234886,45.56423121371285,46.43107077494116,47.87609228552539,50.59767832750917,52.762802357260284,54.53607263838617,56.40680153277665,57.15017546439686,12.30448921378274,18.325089127062363,17.24275869600789,10.0,6.020599913279624,12.041199826559248,10.0,18.06179973983887,13.010299956639813,12.30448921378274,6.989700043360188,44.83230586902103,44.47111497297647,47.17104386586375,47.343837313689534,48.27995704454503,48.446138420597194,48.77785858901626,49.374878012879634,48.988348380682744,49.70318976330822,49.500141612219785,49.30979578356865,51.22389561331292,51.7933344011585,52.105057906809726,50.56638097379653,51.32157189062808,51.894173168957835,54.09033185079848,54.17433493538336,54.86246236573056,55.237269621303824,55.31434207956111,55.69183059059764,55.488866984303094,55.09950800011998,23.05351369446624,53.811602233201405,52.972613874070746,51.32643850973081,48.576520678192914,45.238764756381315,38.52540985769799,33.84711742938282,44.49771429797611,48.18786550273234,50.765275779667945,52.72781173763295,54.17122788878019,54.9572467799798,55.318377004166415,54.85860491989358,54.46493673316791,54.7279446669873,53.02439164069858,51.748880457754865,50.1651939857895,48.895538003131975,49.655074345703255,49.43266921586124,49.751789709408776,49.45635967978295,49.933877278979146,48.84030286857411,52.72168945827555,55.689054149828785,57.67786434258238,59.11380294084978,60.005425290922936,60.60879450763643,60.853094912180275,60.75457173588474,60.610409862186486,59.56514671092946,58.3287790621582,56.904176023398215,54.21157888031938,50.50000598285762,45.20614521878236,48.469800352404164,52.70581021547261,56.03271068488099,57.99722285037245,59.56710959567658,60.41000853791289,60.92589073519679,61.20749258658299,60.92484840864154,60.23928691302025,22.30448921378274,57.42556249804613,55.26763024731515,51.96665216562121,48.291235836707884,52.124033658482475,55.649795424723536,58.367556633791615,60.527231759991416,61.815100245766665,62.85121670990816,63.49709663732102,63.96597180890374,63.97319914825036,63.64809244042948,63.06395215696399,62.02144887049667,60.76148717326263,58.53129729163575,55.44745015841465,50.30296054911111,42.61048643344225,49.35164531726552,54.82830723485827,57.93067122342067,59.62411957900558,60.94270181655475,13.979400086720377,6.989700043360188,11.139433523068368,18.692317197309762,11.139433523068368,6.989700043360188,20.644579892269185,6.989700043360188,17.853298350107668,18.573324964312683,17.634279935629372,55.17591730711908,57.980737347840346,59.897522945288834,61.35405232755594,62.43209251047197,63.10600922027842,63.4086472063915,63.4342139594683,63.02356258182216,62.4836297503667,61.37896324316927,59.76935217084372,57.91084740056638,54.69718950821701,50.88579020388005,48.18390867778106,51.65790190620573,55.803889011088614,58.104610339076984,59.634860766994336,60.953018869519596,61.55009434570583,61.565249222329484,61.76623667143241,61.21744289896688,60.73451461282498,27.363965022766426,58.40818455758546,55.42160410173699,54.028062735579795,48.16300969943363,47.68527108918714,52.68582651755062,54.96881236754487,57.18564793996697,58.990436570795985,60.02038563568384,60.69730610101718,60.91853295004208,60.926101275847614,60.617242051066704,59.72863962644737,58.569299843785814,57.39062599793928,54.75525915039281,52.069796052520005,48.07298198602203,46.755767236029406,48.12010422423839,51.69101069110536,53.89947111718028,55.982924782683966,56.832091926242356,20.170333392987803,20.863598306747484,16.989700043360187,6.020599913279624
12.041199826559248,17.853298350107668,19.138138523837167,19.294189257142925,48.48804701051804,53.17862845085274,55.5094831778414,57.69525020171051,59.13805907899799,59.95826417537518,60.51821014214159,60.62323210522064,60.55075443005806,60.3895102152693,59.40117866747719,58.41785420785974,57.501850606864615,55.663820969645,52.99568309194047,47.28451182944576,44.3207092726408,48.349100424677864,52.07462015482776,54.51417972989262,56.264686860292194,57.52405729018723,57.99799418260793,58.626858245135985,58.49687770315613,57.63701213612013,21.13943352306837,55.30001081569875,54.45246035080618,51.81480571800442,45.17591730711907,45.74598375421016,47.23233952857966,50.5893063648403,53.56916490593619,55.70040642457215,56.63665125236666,57.35877429433365,57.95362725239435,57.921793937023665,57.63132123284719,56.25512057049782,55.00095072757884,54.215019214904046,50.749480250975985,46.68199484198662,39.476787399369364,35.11749711344983,41.28043673826458,47.08497383621435,50.134439696559454,52.7406774691341,53.6256728960974,12.041199826559248,10.0,6.989700043360188,20.0,15.68201724066995,13.979400086720377,15.314789170422552,3.0102999566398125,17.24275869600789,12.552725051033061,13.010299956639813,46.45235541539194,47.13943921487289,49.49199656117939,50.150116773284424,50.55783381997674,50.50557614282048,50.69490495567011,51.2770720704077,51.410262474242444,50.677996505318234,51.576531686825,51.071896116168844,49.60946195733832,49.05957699092427,49.02943387864306,48.05555226521253,47.295697263019704,47.00530656978592,49.157848831467305,49.97373276720177,51.44543074272788,52.29425847920695,52.92614880777431,54.113991360962586,54.54472883723706,55.0238614687417,6.989700043360188,54.62236230519555,53.713135849401475,52.853952621852585,51.59461915191329,48.70637963210805,45.75949502067735,43.12029180025536,43.58867197666904,45.068431363393515,48.86857182745566,51.33724082710483,53.068130383727805,53.99500661314611,54.60672371877432,54.96558818074994,54.861526682613054,53.944744456661134,53.45798993624825,51.85451490313579,49.78915136195123,46.098610929805474,45.77778936695224,45.73903855991725,47.85820808516618,48.74162792722622,50.37808827492338,52.02433822489233,54.76593990810123,56.82074644530787,58.30691937664115,59.221002883413654,59.829447717077244,60.113018337740854,59.975004044987266,59.56232320870812,58.71129074655939,57.54141843829458,55.64422222886195,52.52496229206927,47.79661414151369,40.08259414991275,45.12217305233624,51.51124590050682,54.84699775632002,57.2406932575923,58.755670665705,59.660036755788624,60.30665286174247,60.580800455345084,60.48816502484929,60.095057103316705,59.436972712318116,15.051499783199061,56.771633078838235,54.933743907101054,53.40721657313007,52.86602407692206,55.058890069588074,57.27542883596604,58.903902761471976,60.42065714649362,61.38581189025697,62.056038177533644,62.46538955503486,62.67688114340615,62.45678951022637,61.995121895233176,61.16150963403907,59.8434050404255,58.00002516124894,55.41106004567873,50.99684093356912,44.12863573812828,46.36939007287472,52.77251547596918,56.35187078676732,58.610113894842854,60.10646321015471,61.22498978760555,21.84691430817599,13.979400086720377,19.294189257142925,22.671717284030137,13.979400086720377,20.043213737826427,12.552725051033061,13.979400086720377,19.294189257142925,6.989700043360188,16.020599913279625,54.73522004172676,57.28259607026373,59.22877460402034,60.733788449438244,61.78688088562714,62.49962288075166,62.842188366952676,62.792493279340285,62.50338991513275,61.98226152051589,60.84908216541612,59.49265556126841,57.55547106370419,54.84954347420982,50.989792660014494,48.2527678308126,52.34421100424933,55.956427990318105,58.35655065674669,60.41563210962788,61.510693874132826,62.2593571312654,62.93716034826109,62.92460318989913,63.00689809884531,62.201719194053254,37.27378569451489,59.73808330924702,58.39031581955196,55.94822211948109,53.563509780305694,49.81134246904371,50.332990789914206,54.0189831534736,56.89962029741503,59.041180471434146,60.34395808173262,61.21785631745596,61.82637449409316,61.96503648415777,61.80232571136729,60.778491784255415,59.96778646161468,58.749738166327404,56.29393287266555,52.74806496270044,47.06828688179734,43.13972618860607,48.250689276246234,52.894685462122894,55.77120537707512,57.836134765473034,59.06801415400257,19.294189257142925,22.87801729930226,6.020599913279624,24.712917110589387
13.979400086720377,20.253058652647702,13.979400086720377,17.24275869600789,49.41720082370631,51.91070770514442,54.624249532716405,56.211451111960365,57.34109048209352,58.15738420838709,58.813618286025786,59.27342127846374,59.44619354697836,59.15634069422045,58.79433086936271,58.06804501627296,56.57603636625986,54.76961984208253,52.01970342349048,47.834819375807136,35.71708831808687,40.45557669136548,49.97058573727401,53.435779454763974,55.99124030594617,57.603817664068934,58.34944974149341,59.234310670170984,59.47952996142476,59.3162108185404,24.099331233312945,58.16326824376552,57.06328534703231,55.299446835177044,52.701405830272996,49.99569835496335,47.59365621655928,47.770060998037465,50.91751346704423,52.68657522852991,54.392505649267065,55.56183053359993,56.274938726531744,56.338974881386584,55.959743438349825,55.48562609965268,54.20925634858201,51.26014453585027,49.078465121650055,44.55773409227347,41.33443097549098,47.271588445067856,51.10404506501023,53.75220865134228,55.555394026501055,56.38554146684431,57.308089137302915,13.979400086720377,16.989700043360187,12.30448921378274,16.127838567197355,14.62397997898956,0.0,0.0,12.552725051033061,16.901960800285135,11.139433523068368,6.989700043360188,44.137187650610784,44.13634997198556,43.88846893599511,46.72042412547821,48.151857767748425,49.37006065857815,50.02330241568373,50.512065646203524,51.202118682570735,50.5893063648403,51.943727915418485,52.204062361029585,50.51700352924215,50.64457989226918,51.12688769397097,53.06152569762637,52.94565419156153,53.14495017632996,51.71343169572899,52.5267102588598,52.11488974346696,52.616933802794634,53.290010356977135,53.030772043602255,53.175640269824164,53.74179909654637,11.139433523068368,53.23699574565695,51.45820818801547,49.85592614956013,49.19940591856307,44.35366506612661,37.61927838420529,26.39486489268586,42.08441356438567,46.43156465619707,49.76116029849989,52.04730280256104,53.58903309759757,54.59128513334108,55.05193405596769,56.04792858678736,56.07937304754407,54.99391496882073,55.253778544718415,54.14384981688214,52.98180381323208,50.56874373461313,46.852758534839595,44.35366506612661,43.971227665975775,45.93119851103941,47.114782212498085,52.983224329654334,55.570449918194285,57.4753376613398,58.879164779164,59.79810966073154,60.58504979912527,60.87330212681267,60.96938501791647,60.67487831569647,59.77942982873191,59.00315228730588,57.408085993747726,55.02592338969325,51.66977447595255,46.535212356521455,43.527419150207535,49.13474758490321,52.81110669333007,55.83254332894076,57.566916274591065,58.68898241371929,59.37984031915605,59.705518855079625,59.53943225697774,59.15482675711524,58.4067056133341,17.24275869600789,55.1474559712362,52.7565450741333,51.47159809536439,53.51587609946029,55.77843229334582,58.1257380609842,60.160990194489166,61.4678084777821,62.613601874457416,63.246406519449316,63.57126841426317,63.58136708918124,63.47639474048037,62.91632766227117,62.20493026717374,60.968728358091994,59.20971251397435,56.53212513775344,52.47649264902109,44.62397997898957,39.34195349347884,50.651837026311775,55.07479409942873,57.687838280953876,59.45339065311589,60.55127851686946,19.294189257142925,21.613680022349747,19.912260756924947,26.532125137753436,14.14973347970818,18.129133566428553,24.60897842756548,13.979400086720377,17.634279935629372,13.010299956639813,20.0,56.580390760826674,58.78708456052068,60.44300205230613,61.57326792787454,62.342967901987585,62.768192032184935,62.871710975609304,62.768008351166344,62.391174628410795,61.451124613446595,60.312993719370255,58.57661108871602,55.91933439909192,52.0465166780555,45.2172633728741,46.11053830101913,51.76163635438134,55.693563501839805,57.95999518742857,59.756822024424345,60.77001416937827,61.93939527414894,61.527853576456366,61.83798364483372,62.01643154824802,60.88102052860548,35.65020928345294,59.13801670782286,56.29949582692884,54.00926349528823,51.42780405457417,52.0738928400275,53.83258681708175,55.84172858967223,57.44355579617726,58.616777581422966,59.68884835181257,60.52768177240737,60.47879342778024,60.596531451548834,60.164249010178715,59.547537108473506,58.4723940770799,56.74458795895953,54.860973684181296,51.4944698046594,46.96260256579463,41.72135696649566,48.106357002755374,51.89672752047735,54.344810782555406,55.85426887061487,56.969929454919836,19.294189257142925,19.138138523837167,23.443922736851107,12.30448921378274
11.139433523068368,10.0,3.0102999566398125,19.294189257142925,17.634279935629372,6.989700043360188,13.010299956639813,0.0,14.62397997898956,6.020599913279624,17.24275869600789,18.633228601204557,18.692317197309762,6.989700043360188,12.041199826559248,14.14973347970818,13.979400086720377,15.68201724066995,6.989700043360188,6.020599913279624,11.139433523068368,17.853298350107668,13.010299956639813,6.989700043360188,11.139433523068368,13.010299956639813,17.16003343634799,18.129133566428553,13.979400086720377,16.989700043360187,11.139433523068368,17.24275869600789,14.62397997898956,17.24275869600789,9.030899869919436,0.0,0.0,16.127838567197355,9.542425094393248,19.084850188786497,13.010299956639813,16.020599913279625,6.989700043360188,6.989700043360188,10.0,18.692317197309762,16.532125137753436,16.989700043360187,15.051499783199061,17.24275869600789,0.0,14.62397997898956,9.030899869919436,10.0,13.010299956639813,13.979400086720377,13.979400086720377,15.314789170422552,6.989700043360188,11.139433523068368,14.14973347970818,18.129133566428553,9.542425094393248,18.129133566428553,15.051499783199061,17.634279935629372,6.989700043360188,20.043213737826427,36.0400993241223,34.65382851448418,31.13943352306837,27.867514221455608,27.867514221455608,14.14973347970818,27.234556720351858,28.506462351830667,32.92477593667784,33.94801777162711,35.76341350205793,36.14264287358705,39.548693710664786,39.42603248842157,38.581159321900664,37.079957464229295,36.014080605346834,37.94348603896083,34.51018452155458,34.39806211393331,27.307822756663892,29.37016107464814,23.521825181113627,16.127838567197355,20.5307844348342,30.965624383741357,20.969100130080562,34.84299839346786,34.50864692379766,35.428254269591804,33.76211850282673,36.79246145413859,34.76686742945645,34.166405073382805,34.1929472175346,29.253120914996494,30.6333335895175,22.671717284030137,21.73186268412274,23.54108439147401,29.29418925714293,29.253120914996494,30.374264979406238,30.30599721965951,34.583356259919476,35.16403148447403,36.2096843564429,35.514499979728754,32.47727832909723,34.71291711058939,28.965262174895553,31.728946977521765,24.62397997898956,57.14371678038968,59.5258904683569,61.45047781715036,62.861887145138155,63.89553231526787,64.43738025702828,64.92985577258573,64.91334794762382,64.61016844177743,63.93108195369108,62.84968474735771,61.19420863442087,58.788950364103556,55.43299283533229,52.43804212442936,54.318347985631775,58.02779196684054,60.79339011050476,62.80482305094552,64.11640241883428,65.01689148718577,65.48125198274009,65.5849557004732,65.3351239516092,64.73439085545822,63.726594498779946,30.224283711854866,60.05816039787692,57.14009370374613,54.45531036391449,55.59275662251223,59.04958855088471,61.99422200205541,63.92641563994162,65.71608338644518,66.81806357145506,67.5932238656907,68.02721812030049,68.18089181540277,68.05994544946599,67.66396783868747,66.94338837722047,65.87209834589882,64.33064472665657,62.1057425814649,58.83759069473422,53.6601555675006,51.22717076170689,56.1410063074986,60.12959063055125,62.85121670990816,64.5820636144431,65.63705057135034,65.91490785945759,65.80717467852989,17.634279935629372,21.13943352306837,15.563025007672874,16.020599913279625,13.979400086720377,20.0,16.901960800285135,21.613680022349747,13.010299956639813,15.68201724066995,6.989700043360188,21.84691430817599,12.30448921378274,3.0102999566398125,14.14973347970818,20.170333392987803,13.979400086720377,16.989700043360187,14.62397997898956,12.552725051033061,19.86771734266245,16.127838567197355,23.443922736851107,22.04119982655925,20.253058652647702,12.552725051033061,19.49390006644913,22.671717284030137,18.325089127062363,23.521825181113627,30.0,25.76341350205793,34.166405073382805,32.27886704613673,13.979400086720377,37.06717782336759,27.39572344450092,26.127838567197355,28.94869656745253,27.67897616018091,31.80125875164054,34.81155870828035,22.671717284030137,23.891660843645326,23.384564936046047,17.24275869600789,20.043213737826427,25.477747053878225,10.0,18.325089127062363,21.702617153949575,20.644579892269185,21.335389083702175,6.989700043360188,13.010299956639813,17.634279935629372,15.314789170422552,20.681858617461618,15.314789170422552,15.68201724066995,20.253058652647702,16.020599913279625,18.129133566428553,13.010299956639813,12.30448921378274,17.24275869600789
17.853298350107668,14.14973347970818,15.68201724066995,12.30448921378274,54.14685950394645,56.38933308126816,57.911184628815036,59.20566790076282,60.143730888139416,60.759660904755386,60.82178010306962,60.68008395780688,60.407621057789214,60.01041491240549,58.683316807928236,57.284901371982826,55.84146836270542,53.00032144355157,48.51313396643395,39.78089173056142,42.94906910605192,49.50077501772212,52.33868901222762,54.972973978450916,56.10737860789138,57.08196470838351,57.70583991343628,57.69675616421269,57.463640429122194,57.131359065178025,21.73186268412274,54.971647120327354,52.72774221473472,50.52347599224664,50.608564232944886,49.16696033140703,51.343683846033784,53.576395025421874,54.86596230105825,55.923499963407195,56.71958306864574,56.7571694971846,56.80785894327285,56.43114979971645,55.69017899794602,53.57181798358174,51.44552414508184,50.02757681928051,42.8978955560691,39.42603248842157,45.58384528375029,48.816014645407094,52.046896204203605,53.590173282382835,54.723760923511584,55.65192342102974,56.1074531052313,12.552725051033061,12.041199826559248,15.563025007672874,16.989700043360187,3.0102999566398125,3.0102999566398125,3.0102999566398125,19.294189257142925,12.041199826559248,9.542425094393248,9.542425094393248,46.89353263242253,47.91192222432986,49.193134894330655,49.5580797024006,49.54936825305679,49.06862771404509,48.68156391036818,48.21546279393206,47.31749883527264,49.65794158105112,46.53019451099613,46.96688317998114,50.32014034159506,50.358378232359385,51.17314391443144,51.10000151133113,52.32459895667147,53.18549556020933,54.365188451184665,54.945344355336694,55.54504908193225,56.06494224011011,55.841185489620166,56.43399373437927,56.11622421043779,54.94690171896589,6.989700043360188,52.56679268571428,52.21239441527884,50.0881300905209,43.470761960697345,40.95831624938334,36.8859777508117,43.45922379138341,48.062885340349226,50.62600784448157,52.24698772471699,53.42116592779912,54.608452433538666,54.85289756065661,54.81810834357363,53.21034745311113,52.34340087615185,52.36166794423495,49.36614261975212,48.545792880149335,48.67638343527035,50.313034128818344,51.08490605530144,52.0172749945975,52.98488465214869,53.29334815630595,52.90597715396644,40.44539760392411,45.38938006340474,50.22597436789837,53.73867870327068,56.25806154480438,58.158963796532355,59.24254985571743,60.09504010760162,60.51282598290684,60.828004447393255,60.45295589982737,59.83118185667087,59.23474579190255,57.863779954743684,55.85700935080215,52.564531449390365,48.694253484237706,47.84203481756495,51.113330975832824,54.56830449452221,56.91804419395826,58.734298884152494,59.70135257240269,60.5544714019024,60.91639527604293,60.701805135359805,23.820170425748685,59.417920929367824,58.56625589702822,56.83171362015969,53.45479595316608,51.112524293047905,50.466746200307625,53.061783211191724,56.4485987721671,58.72063574503467,60.5684389344713,61.790097338508694,62.69567344366733,63.16213859730668,63.366752265323065,63.137698094208965,62.70170425772883,62.06677489215859,60.70744729037136,59.06179831926255,56.66825808685917,53.33320292814719,49.61601419360097,49.34038663779915,53.282674471902205,56.19370939795253,58.4154966730599,16.532125137753436,23.117538610557542,20.374264979406238,6.989700043360188,15.68201724066995,9.030899869919436,18.325089127062363,16.127838567197355,20.170333392987803,6.020599913279624,22.55272505103306,50.63667303206499,53.96635166983693,57.16919406326173,59.55322558595405,61.35702745902875,62.58739021167425,63.345247203298165,63.87075917356886,64.06074810313773,63.97472804030846,63.592291331093314,62.90241687047455,61.80082845177537,60.19275848770258,57.79219024919317,54.42832392146397,50.308627284382354,50.46791616416713,53.51587609946029,57.24066046493454,59.41839762329194,61.23003449186933,61.87252729234573,62.37282529995923,62.451749712996076,62.04108310834883,35.549734583332395,60.19528778153105,57.82185866492016,56.17821995437038,52.290595135604285,43.35738647005051,48.54330337316284,54.41363594527808,57.74111678464407,60.02038563568384,61.61287126077227,62.55831902012697,63.10457518821522,63.434424694218265,63.31455033790691,62.7764817301147,61.98064062695801,60.90406555546152,58.996219067787486,56.26521029152066,52.37405485835902,45.56784782307026,34.73778834646725,48.584168777234886,53.63630780112138,56.44029707231178,57.95746581582452,6.020599913279624,19.54242509439325,14.14973347970818,10.0
